%  columns="iteration, evaluation, void, void, void, xmean" (startseed=211661, 2023/08/27 5:21:32.61)
0 1 0 0 0 2.500000e-01 2.500000e-01 7.500000e-01 2.500000e-01 7.500000e-01 2.500000e-01 7.500000e-01 5.000000e-01 2.500000e-01 2.500000e-01 5.000000e-01 5.000000e-01 5.000000e-01 7.500000e-01 5.000000e-01 5.000000e-01 7.500000e-01 2.500000e-01 7.500000e-01 7.500000e-01 5.000000e-01 5.000000e-01 2.500000e-01 2.500000e-01 5.000000e-01 7.500000e-01 7.500000e-01 2.500000e-01 5.000000e-01 5.000000e-01 2.500000e-01 5.000000e-01 2.500000e-01 7.500000e-01 
1 15 0 0 0 1.439541e-01 1.754504e-01 7.453022e-01 2.087996e-01 8.547601e-01 5.419766e-01 9.428030e-01 5.166639e-01 3.664634e-01 3.570977e-01 1.918555e-01 4.167854e-01 6.836438e-01 9.578901e-01 3.273303e-01 2.728033e-01 7.154022e-01 2.184907e-01 7.937031e-01 7.617751e-01 4.503649e-01 2.460470e-01 1.933872e-01 1.876226e-01 7.527146e-01 7.641089e-01 7.108675e-01 1.443061e-01 4.945814e-01 6.520325e-01 2.532731e-01 3.407584e-01 1.630229e-01 7.378012e-01 
2 29 0 0 0 1.486351e-01 -3.521667e-02 7.912049e-01 2.384488e-01 8.398538e-01 9.327121e-01 8.311120e-01 2.118819e-01 5.080057e-01 2.490087e-01 2.042711e-01 3.043610e-01 7.065508e-01 1.080032e+00 2.864766e-01 2.090432e-01 6.530794e-01 1.499764e-01 9.195591e-01 7.625873e-01 3.886244e-01 3.999959e-01 3.116454e-01 2.333941e-01 8.920788e-01 7.207337e-01 8.225496e-01 2.057670e-01 3.893246e-01 7.096240e-01 3.324755e-01 3.195602e-01 2.556880e-01 6.389381e-01 
3 43 0 0 0 2.011572e-01 -1.144664e-01 9.543243e-01 4.811279e-01 8.986949e-01 1.044098e+00 8.771845e-01 1.179640e-01 4.449205e-01 4.214296e-01 2.548530e-01 2.139750e-01 7.827025e-01 1.222425e+00 2.782325e-01 3.358826e-01 5.476355e-01 2.285751e-01 7.693112e-01 6.914202e-01 5.165958e-01 6.069582e-01 6.014123e-01 1.655634e-01 7.978928e-01 8.579336e-01 6.930247e-01 1.394700e-01 5.075921e-01 6.247305e-01 1.996483e-01 5.045436e-01 4.142916e-01 4.611887e-01 
4 57 0 0 0 2.917393e-01 1.942945e-01 1.062479e+00 3.197916e-01 1.006412e+00 9.989110e-01 8.389696e-01 6.125383e-02 3.607674e-01 3.160663e-01 3.383782e-01 3.914482e-02 8.091941e-01 1.107320e+00 3.362808e-01 6.077250e-01 5.671011e-01 1.803981e-01 6.417922e-01 8.277194e-01 5.581068e-01 6.873807e-01 7.593955e-01 7.462284e-02 1.019545e+00 8.417883e-01 7.797810e-01 2.622324e-01 5.929466e-01 7.366015e-01 1.794032e-01 5.188292e-01 4.625073e-01 5.332342e-01 
5 71 0 0 0 3.513939e-01 2.301869e-01 9.637439e-01 3.650380e-01 7.597169e-01 9.167234e-01 1.017246e+00 9.783334e-02 4.088848e-01 3.637286e-01 2.555422e-01 -2.577251e-02 6.283323e-01 9.940886e-01 2.550950e-01 5.717283e-01 6.265646e-01 1.421212e-01 7.000105e-01 9.803753e-01 6.204365e-01 6.454818e-01 7.091430e-01 1.251273e-01 9.699919e-01 6.725893e-01 8.307376e-01 2.419352e-01 6.877061e-01 7.199864e-01 1.806199e-01 4.461912e-01 3.312489e-01 4.103001e-01 
6 85 0 0 0 3.974375e-01 2.752079e-02 9.505046e-01 5.485632e-01 7.502068e-01 8.432265e-01 1.084579e+00 1.441350e-01 6.623328e-01 4.153516e-01 1.928346e-01 -1.639539e-01 4.972240e-01 8.035203e-01 2.885827e-01 4.853218e-01 6.607572e-01 2.770645e-01 7.122945e-01 9.287792e-01 6.674651e-01 5.948123e-01 5.997759e-01 1.696566e-01 9.745910e-01 5.779878e-01 8.246725e-01 3.369435e-01 6.760798e-01 8.473543e-01 1.454957e-01 5.172174e-01 2.266991e-01 4.487534e-01 
7 99 0 0 0 4.313538e-01 1.581837e-01 8.542766e-01 5.824648e-01 7.352454e-01 8.245515e-01 9.538970e-01 4.144211e-02 5.148952e-01 4.204075e-01 1.378552e-01 -1.751721e-01 3.686060e-01 8.486203e-01 1.515524e-01 5.072333e-01 6.707689e-01 8.419828e-02 7.857082e-01 8.979039e-01 7.146091e-01 6.406863e-01 6.432166e-01 2.187547e-01 1.083713e+00 5.119179e-01 9.127328e-01 2.543121e-01 5.645683e-01 8.611481e-01 2.849616e-01 4.278037e-01 1.746595e-01 6.723337e-01 
8 113 0 0 0 5.002455e-01 1.411497e-01 6.979671e-01 6.179664e-01 6.596595e-01 6.607350e-01 9.291616e-01 1.224719e-01 5.712441e-01 4.469339e-01 1.119339e-01 -6.256444e-02 2.226771e-01 8.279879e-01 2.412946e-01 6.046936e-01 6.741586e-01 2.666419e-01 8.271742e-01 8.720388e-01 7.053427e-01 6.547035e-01 5.831695e-01 2.110215e-01 1.012510e+00 5.450064e-01 8.401671e-01 2.261995e-01 6.057613e-01 9.500420e-01 3.432456e-01 3.827095e-01 1.986818e-01 7.490285e-01 
9 127 0 0 0 4.665461e-01 1.600279e-01 4.374857e-01 6.069949e-01 7.035604e-01 7.344163e-01 1.026756e+00 1.118070e-01 4.908544e-01 5.163145e-01 2.239661e-01 3.207736e-02 3.086942e-01 8.182731e-01 2.948735e-01 5.258143e-01 7.587606e-01 1.650163e-01 7.136568e-01 9.528014e-01 6.180179e-01 7.335473e-01 7.193438e-01 2.087788e-01 1.008664e+00 6.736145e-01 9.788519e-01 2.900744e-01 6.103222e-01 8.465075e-01 4.527114e-01 3.007537e-01 1.711362e-01 6.714298e-01 
10 141 0 0 0 5.755411e-01 3.137272e-01 2.747993e-01 5.380632e-01 6.945982e-01 6.869306e-01 9.013294e-01 1.671284e-01 4.052384e-01 4.776770e-01 1.336933e-01 1.064603e-01 2.439160e-01 7.833482e-01 3.027934e-01 6.614441e-01 6.816994e-01 1.151802e-01 8.142189e-01 9.505170e-01 6.353924e-01 6.917326e-01 6.836827e-01 2.030526e-01 8.488190e-01 5.959044e-01 8.764011e-01 5.924055e-01 6.059037e-01 7.933200e-01 4.446249e-01 2.624565e-01 2.037498e-01 5.540574e-01 
11 155 0 0 0 5.777223e-01 5.191358e-01 1.176306e-01 5.993094e-01 7.363171e-01 5.941310e-01 7.470521e-01 4.193054e-02 5.551557e-01 5.606845e-01 2.762974e-01 1.640219e-01 2.288054e-01 7.093051e-01 3.312279e-01 7.292729e-01 5.599969e-01 3.788568e-01 9.085907e-01 9.128759e-01 6.329818e-01 7.825608e-01 8.576075e-01 7.124742e-02 9.186099e-01 8.103853e-01 8.079073e-01 5.867879e-01 4.350267e-01 7.387283e-01 4.955118e-01 2.433692e-01 1.387652e-01 7.504906e-01 
12 169 0 0 0 6.190081e-01 6.159445e-01 8.189353e-02 7.057356e-01 6.015145e-01 5.368425e-01 7.337212e-01 1.089077e-01 4.244189e-01 5.450441e-01 1.443286e-01 2.866415e-01 -3.429030e-02 5.441883e-01 3.997083e-01 7.225006e-01 5.277613e-01 4.515163e-01 8.825309e-01 9.251881e-01 5.800327e-01 6.958502e-01 7.825232e-01 1.599251e-01 9.887811e-01 5.922015e-01 8.755919e-01 6.237153e-01 5.856770e-01 6.694807e-01 4.974543e-01 2.346024e-01 2.133323e-01 6.139587e-01 
13 183 0 0 0 7.465857e-01 6.717338e-01 1.863235e-01 6.873119e-01 5.463609e-01 6.033715e-01 6.303848e-01 1.235375e-01 3.116965e-01 6.223285e-01 6.121343e-03 4.527889e-01 4.794827e-02 5.477567e-01 5.274993e-01 6.459159e-01 5.465747e-01 6.029663e-01 8.674858e-01 8.476916e-01 4.189542e-01 6.247635e-01 6.902925e-01 2.626994e-01 1.006683e+00 5.807350e-01 7.391856e-01 5.336175e-01 4.681368e-01 6.275798e-01 3.920009e-01 2.458885e-01 1.859562e-01 5.551824e-01 
14 197 0 0 0 6.222556e-01 5.856471e-01 3.157294e-01 8.280309e-01 4.978371e-01 8.263558e-01 4.265603e-01 6.372864e-02 4.997169e-01 5.701374e-01 7.695559e-02 3.312240e-01 8.823045e-02 5.607177e-01 3.966085e-01 6.497291e-01 6.054970e-01 4.661831e-01 7.238567e-01 8.625571e-01 4.161438e-01 6.517802e-01 7.673870e-01 3.462650e-01 8.881140e-01 6.240699e-01 6.999378e-01 5.134858e-01 4.868857e-01 7.036967e-01 4.072676e-01 3.962950e-01 1.813753e-01 5.817589e-01 
15 211 0 0 0 5.393801e-01 4.969201e-01 2.924750e-01 5.675652e-01 4.150816e-01 7.367753e-01 5.266943e-01 1.841082e-01 4.681294e-01 6.484388e-01 2.720010e-01 2.937604e-01 2.686926e-01 7.253092e-01 5.849555e-01 6.517661e-01 3.950573e-01 4.745239e-01 6.816199e-01 8.684265e-01 5.181007e-01 4.824250e-01 8.001804e-01 1.435672e-01 7.045957e-01 5.560524e-01 6.340541e-01 5.509405e-01 4.634988e-01 7.386284e-01 2.969403e-01 2.490731e-01 3.245565e-01 3.906803e-01 
16 225 0 0 0 5.908295e-01 4.617459e-01 1.451484e-01 5.997280e-01 4.042115e-01 7.301753e-01 5.949839e-01 2.499754e-01 4.695362e-01 5.439592e-01 1.235602e-01 2.849268e-01 2.309096e-01 7.806864e-01 5.173404e-01 6.880011e-01 3.374046e-01 4.693585e-01 6.324562e-01 8.253420e-01 5.449478e-01 4.834868e-01 5.745976e-01 1.105267e-01 7.054516e-01 6.233251e-01 6.434574e-01 4.755935e-01 3.944098e-01 5.826477e-01 4.412828e-01 2.453767e-01 2.599064e-01 3.982452e-01 
17 239 0 0 0 5.956590e-01 5.132964e-01 2.220393e-01 5.539860e-01 4.594454e-01 6.639130e-01 5.592842e-01 2.771796e-01 4.522904e-01 4.857226e-01 1.603882e-01 2.687740e-01 2.857157e-01 6.817216e-01 4.905602e-01 7.248157e-01 3.700569e-01 5.535752e-01 7.065037e-01 6.453679e-01 7.121970e-01 5.479888e-01 4.001105e-01 8.165050e-02 6.141510e-01 5.280690e-01 5.900529e-01 3.845580e-01 5.150811e-01 6.168086e-01 5.005094e-01 1.911018e-01 3.961859e-01 4.007831e-01 
18 253 0 0 0 5.866911e-01 5.187547e-01 3.354299e-01 3.981645e-01 5.566787e-01 5.984356e-01 5.846804e-01 2.333417e-01 5.773512e-01 4.687058e-01 3.457204e-01 2.453295e-01 1.993665e-01 7.270759e-01 4.001943e-01 6.676673e-01 3.972227e-01 4.788705e-01 6.462783e-01 6.104023e-01 7.704642e-01 6.748650e-01 3.846688e-01 1.440298e-01 6.640359e-01 5.789656e-01 6.732697e-01 2.339089e-01 5.736777e-01 8.002398e-01 4.978266e-01 2.195507e-01 3.413080e-01 5.376876e-01 
19 267 0 0 0 6.279896e-01 5.153543e-01 3.024314e-01 3.498038e-01 4.861698e-01 7.348495e-01 5.379953e-01 9.379087e-02 5.930673e-01 4.373407e-01 2.999317e-01 1.962192e-01 3.873346e-01 8.177122e-01 5.055934e-01 6.110378e-01 3.137637e-01 6.573139e-01 5.670593e-01 6.771557e-01 8.382584e-01 6.871302e-01 2.683972e-01 1.726210e-01 7.150938e-01 5.518390e-01 6.035730e-01 3.383982e-01 6.634021e-01 7.231330e-01 4.729703e-01 2.543985e-01 3.632137e-01 4.736488e-01 
20 281 0 0 0 7.291963e-01 7.166397e-01 3.079406e-01 3.920758e-01 6.617072e-01 6.926221e-01 3.186907e-01 1.222222e-01 6.699000e-01 4.158608e-01 3.611372e-01 2.668389e-01 3.176108e-01 7.617020e-01 4.446535e-01 6.664253e-01 3.419658e-01 6.406649e-01 5.025639e-01 7.360332e-01 8.769997e-01 7.632164e-01 7.658998e-02 2.368595e-01 6.402206e-01 3.856371e-01 7.691696e-01 5.137664e-01 6.710217e-01 7.268583e-01 3.924123e-01 3.196247e-01 2.899633e-01 4.950113e-01 
21 295 0 0 0 6.916977e-01 6.998270e-01 2.704083e-01 4.541179e-01 6.940496e-01 8.494272e-01 4.248750e-01 4.708064e-02 7.431563e-01 4.254428e-01 3.172480e-01 2.901881e-01 4.352865e-01 7.334945e-01 4.833643e-01 6.803724e-01 3.422558e-01 6.287969e-01 5.874278e-01 7.324926e-01 8.869034e-01 8.128364e-01 1.563235e-01 4.361627e-01 6.035125e-01 2.544369e-01 7.160057e-01 4.495376e-01 7.926184e-01 6.494713e-01 3.292214e-01 3.249660e-01 2.904448e-01 5.547338e-01 
22 309 0 0 0 7.462621e-01 6.823990e-01 2.650175e-01 3.843462e-01 7.806277e-01 9.121615e-01 5.815151e-01 1.173547e-01 5.710618e-01 3.954298e-01 3.742176e-01 4.417702e-01 4.761071e-01 6.538905e-01 4.444627e-01 6.725640e-01 5.809851e-01 4.664511e-01 4.880133e-01 7.807446e-01 7.804892e-01 7.571639e-01 1.499281e-01 3.886193e-01 4.502944e-01 2.681934e-01 6.030085e-01 4.080136e-01 7.159942e-01 6.876222e-01 2.123576e-01 3.697893e-01 2.758713e-01 4.709162e-01 
23 323 0 0 0 6.985660e-01 7.164990e-01 2.732932e-01 3.446548e-01 7.274189e-01 9.067346e-01 7.273036e-01 2.758379e-01 5.726983e-01 4.295161e-01 3.567494e-01 4.774319e-01 4.112616e-01 6.545696e-01 5.023937e-01 5.857606e-01 7.297659e-01 4.629501e-01 4.188263e-01 7.238090e-01 8.123704e-01 8.290244e-01 2.294576e-01 3.743629e-01 4.740054e-01 4.589126e-01 6.044188e-01 3.488610e-01 7.411295e-01 6.703643e-01 2.516623e-01 4.625797e-01 1.978975e-01 4.074624e-01 
24 337 0 0 0 6.758630e-01 7.298828e-01 2.655347e-01 4.097213e-01 6.440041e-01 7.847668e-01 7.458144e-01 1.524023e-01 5.325682e-01 3.473993e-01 3.918985e-01 4.680426e-01 4.952228e-01 7.457077e-01 4.867267e-01 7.472943e-01 7.016314e-01 3.590507e-01 3.310410e-01 6.156055e-01 7.395064e-01 8.318581e-01 3.256761e-01 3.617898e-01 4.647129e-01 3.497016e-01 6.261082e-01 3.657194e-01 7.135727e-01 6.974745e-01 3.690507e-01 4.826523e-01 1.796654e-01 4.899662e-01 
25 351 0 0 0 6.925697e-01 7.050563e-01 3.746492e-01 4.940955e-01 5.620410e-01 8.542119e-01 7.774118e-01 2.620975e-01 6.432338e-01 3.151465e-01 4.325579e-01 4.557201e-01 5.446669e-01 7.700821e-01 4.530334e-01 7.606529e-01 5.456496e-01 2.568094e-01 3.534662e-01 6.340648e-01 7.408808e-01 6.883078e-01 4.334092e-01 3.706758e-01 5.079575e-01 5.267630e-01 6.156596e-01 4.249050e-01 6.548309e-01 7.243749e-01 4.188702e-01 4.637394e-01 1.002380e-01 6.343240e-01 
26 365 0 0 0 6.844859e-01 6.331357e-01 2.970358e-01 5.468403e-01 4.863815e-01 8.271514e-01 8.744289e-01 4.222174e-01 6.304708e-01 2.643327e-01 4.693926e-01 4.816105e-01 6.717443e-01 7.043157e-01 4.958194e-01 7.966972e-01 6.025773e-01 9.707335e-02 4.188473e-01 4.695888e-01 6.926160e-01 6.099994e-01 4.487485e-01 3.243019e-01 5.280132e-01 5.308287e-01 4.409873e-01 3.135235e-01 6.748608e-01 7.063382e-01 5.229511e-01 5.076658e-01 2.443507e-01 5.480259e-01 
27 379 0 0 0 5.788209e-01 6.997529e-01 3.562001e-01 7.471739e-01 4.454770e-01 9.250993e-01 9.099109e-01 2.716775e-01 6.156480e-01 2.931987e-01 4.819448e-01 5.521338e-01 8.359936e-01 7.750055e-01 5.638323e-01 7.103205e-01 7.157573e-01 2.162257e-01 5.379272e-01 5.871283e-01 5.796094e-01 6.847771e-01 4.523786e-01 4.306978e-01 6.695912e-01 6.208112e-01 6.299055e-01 2.789642e-01 6.397281e-01 6.284076e-01 5.245096e-01 4.888206e-01 2.925399e-01 4.382121e-01 
28 393 0 0 0 5.372332e-01 6.212406e-01 2.417298e-01 8.300941e-01 4.779985e-01 9.259071e-01 8.265342e-01 2.906091e-01 5.395261e-01 2.415499e-01 5.062170e-01 5.014572e-01 7.766871e-01 7.022173e-01 5.750101e-01 7.476817e-01 8.043804e-01 2.071086e-01 6.001106e-01 5.927010e-01 4.556686e-01 7.892793e-01 5.704699e-01 3.280347e-01 7.403853e-01 3.777730e-01 6.695300e-01 4.092087e-01 6.326645e-01 7.246552e-01 5.307248e-01 4.274234e-01 2.600331e-01 4.555151e-01 
29 407 0 0 0 5.484108e-01 7.207231e-01 2.179028e-01 8.692066e-01 6.913566e-01 9.462614e-01 7.875654e-01 3.190765e-01 4.142160e-01 3.120569e-01 4.293674e-01 5.124612e-01 7.257661e-01 7.991721e-01 5.220948e-01 8.879282e-01 7.698224e-01 1.619855e-01 7.262873e-01 5.860819e-01 4.432656e-01 6.543351e-01 6.388666e-01 3.094112e-01 5.615458e-01 3.020516e-01 8.445922e-01 3.150000e-01 7.539173e-01 6.058701e-01 5.005538e-01 6.131173e-01 1.589145e-01 4.383580e-01 
30 421 0 0 0 5.703555e-01 6.505748e-01 2.606953e-01 8.557167e-01 6.951994e-01 1.030580e+00 8.604653e-01 3.224746e-01 5.764253e-01 3.720286e-01 3.005866e-01 4.546661e-01 8.160704e-01 8.374681e-01 4.945913e-01 8.060322e-01 7.076128e-01 9.210584e-02 7.672636e-01 6.067943e-01 4.252175e-01 5.442923e-01 5.824838e-01 4.249655e-01 6.489961e-01 2.153303e-01 8.163722e-01 3.081639e-01 8.193208e-01 4.172907e-01 4.814792e-01 6.272043e-01 1.241085e-01 4.759302e-01 
31 435 0 0 0 5.862057e-01 5.843788e-01 2.667629e-01 7.688921e-01 6.175518e-01 8.519862e-01 7.738220e-01 2.653593e-01 6.379837e-01 3.790774e-01 3.020562e-01 3.248245e-01 7.610525e-01 9.162307e-01 2.791861e-01 7.643890e-01 6.285850e-01 3.311903e-01 8.247669e-01 7.091198e-01 3.547276e-01 5.172248e-01 5.232278e-01 3.257599e-01 8.002117e-01 2.680084e-01 7.208038e-01 3.234960e-01 7.480208e-01 4.284824e-01 4.035113e-01 6.109027e-01 1.583908e-01 4.398430e-01 
32 449 0 0 0 5.875715e-01 6.806216e-01 3.117523e-01 7.470964e-01 6.237849e-01 8.564204e-01 6.963171e-01 3.570910e-01 6.677049e-01 3.541068e-01 2.102692e-01 3.282876e-01 8.051953e-01 8.418341e-01 2.989436e-01 6.380035e-01 4.884608e-01 4.084564e-01 8.729163e-01 6.148133e-01 3.069087e-01 5.676873e-01 6.125346e-01 4.380230e-01 8.586822e-01 3.045031e-01 6.989714e-01 2.777889e-01 7.703647e-01 3.777366e-01 3.681371e-01 6.721831e-01 3.306969e-01 5.824666e-01 
33 463 0 0 0 7.182338e-01 6.909017e-01 2.483147e-01 7.094847e-01 5.613934e-01 8.888432e-01 6.502281e-01 2.094350e-01 5.930383e-01 5.191313e-01 1.551576e-01 2.963314e-01 6.623120e-01 7.568980e-01 1.897073e-01 6.862257e-01 5.776418e-01 4.312733e-01 9.018696e-01 5.491885e-01 2.813145e-01 5.961409e-01 6.127633e-01 3.363525e-01 8.446130e-01 5.263933e-01 5.932323e-01 2.451754e-01 8.972686e-01 5.151620e-01 3.786456e-01 6.283213e-01 4.611241e-01 4.659710e-01 
34 477 0 0 0 7.183864e-01 6.373226e-01 3.091557e-01 6.822395e-01 6.515884e-01 8.864057e-01 6.820975e-01 1.715247e-01 6.673522e-01 5.200061e-01 9.120424e-02 4.113804e-01 6.005590e-01 8.642720e-01 1.588625e-01 5.597010e-01 5.668962e-01 2.801438e-01 7.822084e-01 5.905813e-01 3.269266e-01 6.780709e-01 4.334722e-01 3.223652e-01 7.970956e-01 5.170581e-01 5.974649e-01 2.295465e-01 9.118468e-01 5.742546e-01 3.104890e-01 6.576962e-01 4.579823e-01 3.800489e-01 
35 491 0 0 0 7.105673e-01 6.960140e-01 3.335813e-01 6.876286e-01 5.702223e-01 8.067726e-01 8.113034e-01 3.308621e-01 7.495508e-01 5.006686e-01 2.298832e-01 4.644451e-01 6.324074e-01 8.010068e-01 1.979306e-01 6.181856e-01 5.154507e-01 2.271859e-01 8.133815e-01 6.214813e-01 2.829465e-01 5.501318e-01 4.517893e-01 4.741051e-01 8.938406e-01 5.561899e-01 5.398065e-01 3.270034e-01 8.692431e-01 5.781900e-01 3.783226e-01 6.271447e-01 4.074051e-01 4.210997e-01 
36 505 0 0 0 6.824618e-01 8.419918e-01 2.769067e-01 7.389592e-01 4.489895e-01 7.346526e-01 7.604165e-01 2.868249e-01 8.578750e-01 5.248913e-01 1.982728e-01 4.861078e-01 6.342921e-01 6.970441e-01 2.049026e-01 6.061772e-01 4.912276e-01 3.043352e-01 8.245987e-01 7.301613e-01 4.060316e-01 5.527465e-01 4.201894e-01 5.675170e-01 7.697580e-01 3.535996e-01 5.528851e-01 3.529835e-01 8.162382e-01 5.014211e-01 2.060298e-01 6.471799e-01 3.835218e-01 4.426379e-01 
37 519 0 0 0 6.632970e-01 8.241011e-01 2.835894e-01 8.220660e-01 4.565528e-01 5.477787e-01 7.108336e-01 2.867886e-01 8.824485e-01 6.279391e-01 1.579963e-01 5.325999e-01 6.861409e-01 5.729447e-01 2.902298e-01 6.429007e-01 5.486417e-01 3.071170e-01 7.578432e-01 6.447612e-01 3.993418e-01 6.518603e-01 5.427882e-01 5.791439e-01 7.821820e-01 4.143167e-01 5.515349e-01 4.738217e-01 7.902013e-01 5.421430e-01 1.713711e-01 5.518629e-01 4.447847e-01 3.773752e-01 
38 533 0 0 0 6.143016e-01 7.773431e-01 2.491599e-01 6.429983e-01 3.448796e-01 4.206947e-01 6.948581e-01 1.792019e-01 9.272591e-01 5.768412e-01 2.292285e-01 4.065517e-01 7.079113e-01 5.909344e-01 4.158115e-01 4.795315e-01 4.575986e-01 2.876092e-01 7.544302e-01 7.075355e-01 5.395800e-01 6.902206e-01 5.149869e-01 7.165682e-01 8.532928e-01 4.498626e-01 6.019579e-01 4.573686e-01 7.386890e-01 4.286889e-01 4.841009e-01 7.382425e-01 4.302110e-01 4.160710e-01 
39 547 0 0 0 6.372650e-01 7.680026e-01 3.583546e-01 7.791063e-01 3.846896e-01 4.963963e-01 7.130003e-01 1.994409e-01 7.989846e-01 5.207970e-01 3.686851e-01 3.728315e-01 6.896643e-01 4.814932e-01 3.478384e-01 5.634632e-01 3.860463e-01 3.550502e-01 6.992215e-01 7.433408e-01 5.746281e-01 7.307257e-01 5.053760e-01 8.307854e-01 8.474639e-01 6.079657e-01 7.717038e-01 4.253640e-01 7.206242e-01 3.272414e-01 4.814170e-01 6.761954e-01 3.946127e-01 4.382081e-01 
40 561 0 0 0 6.124149e-01 7.300167e-01 3.570868e-01 8.344032e-01 4.698931e-01 5.658044e-01 6.640417e-01 1.556114e-01 7.184718e-01 6.331735e-01 4.423311e-01 5.464324e-01 5.773057e-01 6.156105e-01 2.528704e-01 6.154340e-01 3.781803e-01 3.041772e-01 5.639742e-01 6.530252e-01 4.968473e-01 5.920148e-01 4.557653e-01 8.183457e-01 6.489481e-01 6.226162e-01 7.615816e-01 3.621535e-01 8.969078e-01 2.711248e-01 3.703316e-01 5.499300e-01 4.555186e-01 3.835810e-01 
41 575 0 0 0 7.010370e-01 5.980033e-01 2.789380e-01 9.054056e-01 3.881555e-01 5.479443e-01 7.156687e-01 2.168294e-01 6.561155e-01 6.941198e-01 4.755292e-01 6.326433e-01 5.387650e-01 7.008395e-01 3.465316e-01 5.932432e-01 4.032583e-01 5.420761e-01 4.269170e-01 6.715847e-01 4.822711e-01 4.967778e-01 4.792057e-01 8.106172e-01 5.318672e-01 6.566899e-01 5.432612e-01 4.590920e-01 8.701198e-01 3.501735e-01 2.106223e-01 5.576851e-01 4.434313e-01 4.131146e-01 
42 589 0 0 0 8.304051e-01 6.863873e-01 3.540805e-01 9.806161e-01 3.611829e-01 6.854693e-01 6.584049e-01 2.820380e-01 8.088960e-01 6.826964e-01 3.930271e-01 5.399955e-01 5.162171e-01 8.556758e-01 4.242077e-01 6.098357e-01 3.449695e-01 5.709632e-01 4.023946e-01 7.349737e-01 4.394953e-01 5.817808e-01 5.661613e-01 8.322822e-01 5.346881e-01 5.602748e-01 5.942450e-01 6.256245e-01 8.198170e-01 3.047675e-01 3.442239e-01 5.284082e-01 5.519423e-01 4.510300e-01 
43 603 0 0 0 7.155889e-01 8.344884e-01 4.770907e-01 9.220483e-01 3.025270e-01 4.953277e-01 6.759153e-01 2.897839e-01 6.224756e-01 6.976855e-01 3.365529e-01 5.738572e-01 4.156503e-01 7.614078e-01 5.510683e-01 6.741289e-01 3.727479e-01 4.141456e-01 2.050193e-01 7.293761e-01 4.827102e-01 6.815113e-01 5.625003e-01 8.507087e-01 5.291130e-01 5.926208e-01 5.907586e-01 6.926091e-01 7.977864e-01 4.415999e-01 2.609627e-01 4.828088e-01 6.631543e-01 5.580559e-01 
44 617 0 0 0 7.060738e-01 8.059305e-01 4.201376e-01 9.007980e-01 3.329864e-01 5.839087e-01 5.070177e-01 2.755217e-01 6.386351e-01 6.706118e-01 2.699281e-01 4.916144e-01 4.198093e-01 8.099128e-01 6.749538e-01 5.740665e-01 3.363300e-01 3.007884e-01 3.179092e-01 6.475141e-01 5.180209e-01 5.525057e-01 5.080460e-01 8.934319e-01 5.035155e-01 5.387193e-01 5.156572e-01 7.601822e-01 6.999768e-01 4.326310e-01 1.567599e-01 4.013693e-01 7.460066e-01 5.544098e-01 
45 631 0 0 0 7.833771e-01 8.186869e-01 5.268252e-01 7.562872e-01 2.977994e-01 6.746028e-01 5.210485e-01 1.668089e-01 6.113487e-01 7.554078e-01 4.155904e-01 4.741000e-01 4.163607e-01 8.076903e-01 5.686019e-01 5.996288e-01 3.043064e-01 2.766094e-01 3.192428e-01 6.363854e-01 5.780976e-01 6.572457e-01 4.956846e-01 8.879230e-01 5.338341e-01 5.117199e-01 5.591714e-01 7.826250e-01 7.703884e-01 3.851232e-01 2.308755e-01 4.002274e-01 7.789682e-01 4.133429e-01 
46 645 0 0 0 8.152647e-01 8.572269e-01 5.679669e-01 6.837154e-01 2.338579e-01 8.099575e-01 5.422418e-01 2.145877e-01 6.654580e-01 8.078898e-01 3.450883e-01 5.353202e-01 4.709313e-01 7.454480e-01 6.354833e-01 6.317930e-01 2.642340e-01 2.352222e-01 2.803969e-01 6.727062e-01 4.438679e-01 5.840617e-01 5.395012e-01 8.711688e-01 5.212897e-01 5.337403e-01 5.454922e-01 8.099752e-01 8.343248e-01 3.570111e-01 2.349067e-01 3.803363e-01 7.378410e-01 5.106150e-01 
47 659 0 0 0 9.124083e-01 8.580696e-01 6.329808e-01 7.071176e-01 2.093637e-01 8.101734e-01 5.097989e-01 2.016892e-01 6.938671e-01 7.801320e-01 2.914286e-01 5.358860e-01 4.183751e-01 8.327194e-01 5.736026e-01 6.869932e-01 1.939591e-01 1.852223e-01 2.199262e-01 5.372016e-01 3.938105e-01 5.854590e-01 5.585287e-01 8.217610e-01 4.452975e-01 5.946069e-01 6.107843e-01 8.200400e-01 8.791462e-01 3.774281e-01 1.989668e-01 3.345585e-01 5.996218e-01 4.271527e-01 
48 673 0 0 0 8.754066e-01 7.831796e-01 6.426902e-01 6.558321e-01 3.018662e-01 8.481565e-01 4.604655e-01 1.194804e-01 6.837935e-01 6.976889e-01 3.013539e-01 4.778521e-01 4.989667e-01 8.389425e-01 4.344395e-01 6.907329e-01 2.925205e-01 1.054064e-01 2.283975e-01 6.460903e-01 3.788879e-01 6.373957e-01 6.269155e-01 8.715889e-01 5.795081e-01 6.154309e-01 5.932535e-01 7.344447e-01 8.839560e-01 3.799835e-01 3.297217e-01 3.204741e-01 4.495602e-01 3.794458e-01 
49 687 0 0 0 8.206304e-01 6.441669e-01 6.649355e-01 5.943774e-01 3.788163e-01 6.380104e-01 4.670206e-01 1.149204e-01 7.392070e-01 7.201494e-01 3.937681e-01 4.534838e-01 5.944155e-01 8.800223e-01 2.438418e-01 6.651092e-01 4.353765e-01 8.657785e-02 1.883022e-01 5.588883e-01 2.093774e-01 7.020297e-01 5.059041e-01 8.386278e-01 6.405977e-01 6.544514e-01 5.508158e-01 5.985123e-01 8.933793e-01 2.868075e-01 4.038121e-01 4.307311e-01 4.962527e-01 4.469768e-01 
50 701 0 0 0 9.022566e-01 7.355297e-01 6.880587e-01 6.705377e-01 4.280705e-01 5.123596e-01 5.250449e-01 2.240218e-01 7.814074e-01 6.318123e-01 3.911612e-01 3.294883e-01 6.050988e-01 7.639142e-01 2.563334e-01 7.316377e-01 5.471826e-01 1.385678e-01 1.736351e-01 5.496256e-01 1.205473e-01 7.007096e-01 5.185164e-01 8.151004e-01 6.358974e-01 7.009164e-01 5.520031e-01 5.471961e-01 8.129600e-01 2.428137e-01 4.199663e-01 4.017808e-01 3.647776e-01 5.053104e-01 
51 715 0 0 0 7.994753e-01 5.937202e-01 9.034431e-01 5.982827e-01 3.853215e-01 5.233407e-01 4.530745e-01 2.893005e-01 8.320610e-01 6.189369e-01 5.140242e-01 4.260053e-01 5.774385e-01 6.505996e-01 2.376361e-01 7.466958e-01 5.332701e-01 1.239835e-01 1.417995e-01 5.796772e-01 2.085740e-01 5.888281e-01 4.855590e-01 7.985614e-01 7.563569e-01 7.033024e-01 5.284027e-01 4.859474e-01 8.571746e-01 3.680103e-01 3.788128e-01 3.789424e-01 3.418672e-01 4.614792e-01 
52 729 0 0 0 8.061620e-01 6.970481e-01 8.790150e-01 4.930286e-01 4.163215e-01 5.576434e-01 4.478321e-01 3.204964e-01 6.974221e-01 6.005888e-01 5.345662e-01 3.671322e-01 6.546472e-01 6.151252e-01 2.451337e-01 6.835434e-01 6.673403e-01 1.506574e-01 1.920803e-01 5.545516e-01 2.185735e-01 5.772665e-01 6.006030e-01 7.727568e-01 7.929619e-01 6.359771e-01 4.284017e-01 4.696078e-01 9.231486e-01 3.578525e-01 3.711333e-01 4.664257e-01 2.811080e-01 5.139279e-01 
53 743 0 0 0 7.566214e-01 7.633191e-01 8.309126e-01 4.719539e-01 3.911775e-01 4.939621e-01 3.934317e-01 2.761953e-01 6.679303e-01 4.935510e-01 6.876154e-01 3.187954e-01 6.638908e-01 6.582793e-01 2.920422e-01 6.886157e-01 6.701423e-01 1.875521e-01 1.953308e-01 6.417339e-01 1.140477e-01 5.960684e-01 5.932934e-01 7.842324e-01 6.982894e-01 6.984183e-01 3.268503e-01 4.738288e-01 8.953744e-01 3.602434e-01 3.122895e-01 5.374941e-01 3.177771e-01 6.118103e-01 
54 757 0 0 0 7.172468e-01 6.481823e-01 8.499528e-01 4.292056e-01 4.294597e-01 6.382442e-01 4.207091e-01 2.183217e-01 4.522619e-01 2.667157e-01 5.372112e-01 4.030583e-01 7.660356e-01 6.349775e-01 4.125496e-01 6.705689e-01 7.494628e-01 2.123300e-01 2.893583e-01 5.143160e-01 1.687294e-01 5.068211e-01 6.096120e-01 7.624975e-01 4.773847e-01 5.702100e-01 3.119948e-01 3.717303e-01 7.976488e-01 4.888552e-01 3.334361e-01 4.881538e-01 2.867334e-01 4.403055e-01 
55 771 0 0 0 7.550895e-01 5.835376e-01 7.591108e-01 5.307574e-01 4.490938e-01 7.212723e-01 3.657561e-01 2.781951e-01 2.225652e-01 2.539135e-01 3.699340e-01 3.208235e-01 6.808751e-01 5.018660e-01 4.226763e-01 6.314822e-01 7.063903e-01 2.346624e-01 2.185357e-01 5.052406e-01 1.762664e-01 6.074100e-01 6.752660e-01 6.138657e-01 5.733941e-01 4.191117e-01 2.696070e-01 4.110020e-01 9.333463e-01 5.321264e-01 4.527832e-01 5.964425e-01 2.563139e-01 4.429216e-01 
56 785 0 0 0 6.527566e-01 5.789927e-01 7.214075e-01 5.779613e-01 4.674339e-01 6.719269e-01 3.254384e-01 2.793918e-01 1.991898e-01 2.533648e-01 4.253559e-01 2.566676e-01 8.559201e-01 5.543803e-01 5.300757e-01 7.703339e-01 6.387925e-01 2.182151e-01 3.176923e-01 4.121421e-01 3.498233e-01 7.469212e-01 6.922763e-01 6.614021e-01 6.528602e-01 4.276228e-01 3.613544e-01 5.217485e-01 9.347580e-01 4.716642e-01 4.830352e-01 4.895294e-01 1.947898e-01 4.853558e-01 
57 799 0 0 0 7.932178e-01 6.600312e-01 7.085210e-01 4.563539e-01 4.278948e-01 6.412878e-01 3.748569e-01 2.773293e-02 2.324190e-01 2.249577e-01 4.437120e-01 1.357634e-01 8.824660e-01 7.232054e-01 4.241349e-01 8.733991e-01 7.096668e-01 3.504681e-01 1.548482e-01 5.090070e-01 3.072741e-01 8.027149e-01 7.487412e-01 6.262837e-01 6.892665e-01 5.619490e-01 3.568250e-01 5.234950e-01 8.349436e-01 5.696453e-01 3.103127e-01 4.058900e-01 1.456883e-01 6.119284e-01 
58 813 0 0 0 8.355082e-01 7.101858e-01 6.540214e-01 6.093440e-01 3.309945e-01 6.748295e-01 3.009444e-01 6.077629e-02 2.201865e-01 2.529899e-01 2.402082e-01 -1.350020e-02 8.529915e-01 7.728237e-01 4.079755e-01 7.832314e-01 6.505106e-01 3.639971e-01 3.263514e-01 3.793796e-01 3.031128e-01 8.283388e-01 6.570305e-01 7.187296e-01 7.801299e-01 4.635792e-01 5.166411e-01 7.168936e-01 8.529263e-01 5.394950e-01 5.030989e-01 3.463049e-01 2.368063e-01 5.219497e-01 
59 827 0 0 0 8.061803e-01 5.379864e-01 6.884266e-01 4.840213e-01 3.246391e-01 7.498692e-01 4.833605e-01 1.095114e-01 1.946013e-01 2.169221e-01 1.538263e-01 2.491593e-02 9.102073e-01 8.648138e-01 2.263299e-01 7.600793e-01 7.132742e-01 3.204510e-01 2.897471e-01 3.818889e-01 2.841162e-01 7.822015e-01 6.750708e-01 7.319489e-01 6.611752e-01 6.646484e-01 5.376774e-01 7.290331e-01 8.771295e-01 5.693772e-01 4.528883e-01 2.454340e-01 2.281292e-01 5.111168e-01 
60 841 0 0 0 6.706541e-01 5.896459e-01 7.055395e-01 4.924092e-01 2.397902e-01 6.557083e-01 4.935403e-01 1.405973e-01 1.998791e-01 1.582454e-01 2.054351e-01 9.819179e-02 9.545714e-01 9.142078e-01 2.262507e-01 7.930394e-01 7.188441e-01 8.795509e-02 2.653941e-01 3.430869e-01 1.195724e-01 7.993927e-01 6.620841e-01 7.339674e-01 7.898074e-01 7.010037e-01 5.927159e-01 6.899044e-01 7.639105e-01 7.262964e-01 7.143748e-01 4.437217e-01 2.820510e-01 6.909960e-01 
61 855 0 0 0 6.339758e-01 6.263759e-01 6.896034e-01 5.041213e-01 2.678096e-01 6.664975e-01 3.161486e-01 1.625892e-01 1.870770e-01 1.844444e-01 2.767986e-01 1.162786e-01 8.295973e-01 8.630111e-01 1.256827e-01 8.154543e-01 5.820022e-01 1.350168e-01 3.615672e-01 3.507447e-01 2.333746e-01 8.469054e-01 7.130905e-01 7.897672e-01 8.001988e-01 7.760445e-01 5.885484e-01 6.636348e-01 7.989862e-01 8.740091e-01 6.456411e-01 5.188873e-01 4.259672e-01 6.603210e-01 
62 869 0 0 0 5.481530e-01 7.264448e-01 6.339951e-01 5.410739e-01 3.758147e-01 7.060121e-01 1.967893e-01 2.002455e-01 1.297992e-01 2.384009e-01 2.011260e-01 2.506700e-01 9.280728e-01 8.619658e-01 2.441232e-01 8.815704e-01 5.172501e-01 2.862570e-01 2.605492e-01 2.951498e-01 2.447147e-01 8.233252e-01 7.921048e-01 8.598524e-01 6.497545e-01 9.408542e-01 6.739707e-01 7.435774e-01 9.119105e-01 9.442121e-01 6.476135e-01 2.722843e-01 3.477118e-01 7.112934e-01 
63 883 0 0 0 5.870543e-01 7.137917e-01 5.963146e-01 5.378888e-01 2.535855e-01 7.862644e-01 1.001463e-01 1.460114e-01 9.294724e-02 2.997336e-01 1.921386e-01 4.307960e-01 8.780613e-01 8.752214e-01 1.306714e-01 8.461327e-01 6.731482e-01 1.452389e-01 3.238408e-01 3.337363e-01 3.637083e-01 7.610800e-01 6.868148e-01 8.599547e-01 5.909964e-01 9.036997e-01 7.008751e-01 8.096798e-01 7.728115e-01 8.459427e-01 6.088795e-01 3.056490e-01 2.965532e-01 8.133092e-01 
64 897 0 0 0 7.168717e-01 5.775514e-01 5.852607e-01 5.713843e-01 3.001251e-01 8.668247e-01 9.258560e-02 1.899879e-01 3.523915e-02 3.405609e-01 2.799399e-01 5.432801e-01 8.744594e-01 9.055088e-01 2.597153e-01 7.907509e-01 6.182320e-01 1.789764e-01 2.825192e-01 4.835620e-01 5.252003e-01 6.868401e-01 7.535941e-01 8.886138e-01 4.865819e-01 8.680688e-01 6.742030e-01 8.204770e-01 8.608389e-01 8.281121e-01 5.329723e-01 3.923777e-01 2.036858e-01 6.756299e-01 
65 911 0 0 0 5.935127e-01 5.173834e-01 6.872289e-01 5.641829e-01 3.003334e-01 9.317376e-01 1.497626e-01 3.328169e-01 9.771217e-02 2.662429e-01 2.838015e-01 6.107054e-01 7.163789e-01 8.390034e-01 2.694852e-01 8.903155e-01 5.485133e-01 1.679172e-01 3.171182e-01 3.919091e-01 6.103288e-01 6.999053e-01 8.171786e-01 9.243982e-01 4.171828e-01 8.316847e-01 5.987512e-01 8.153070e-01 8.133408e-01 7.910061e-01 5.444141e-01 4.207964e-01 2.348154e-01 6.699088e-01 
66 925 0 0 0 4.948518e-01 4.926206e-01 7.978203e-01 6.578970e-01 3.415206e-01 9.158871e-01 1.527487e-01 2.668243e-01 1.315933e-01 3.584880e-01 3.229521e-01 5.404368e-01 8.800960e-01 8.544250e-01 7.152062e-02 9.188377e-01 5.563530e-01 1.936994e-01 2.380061e-01 4.105238e-01 6.833973e-01 7.125283e-01 8.734492e-01 9.378142e-01 3.016760e-01 7.706732e-01 6.250541e-01 8.308845e-01 8.009110e-01 7.712584e-01 5.511929e-01 4.334928e-01 2.445259e-01 7.452935e-01 
67 939 0 0 0 3.378419e-01 5.280680e-01 7.047048e-01 5.418449e-01 3.693685e-01 9.028162e-01 2.448280e-01 2.966704e-01 6.121862e-02 3.136991e-01 2.775123e-01 5.514878e-01 9.475231e-01 8.228818e-01 2.031351e-01 7.934482e-01 5.367536e-01 8.130403e-02 1.182517e-01 5.266441e-01 6.945020e-01 6.584459e-01 8.116448e-01 9.341745e-01 1.719354e-01 8.646940e-01 6.517773e-01 9.254288e-01 7.713431e-01 7.870341e-01 4.822099e-01 4.004576e-01 3.406662e-01 6.963374e-01 
68 953 0 0 0 2.611661e-01 5.237303e-01 6.488820e-01 6.088955e-01 2.437725e-01 9.430852e-01 2.022879e-01 3.462070e-01 4.781080e-02 4.016244e-01 1.829429e-01 5.564560e-01 9.259226e-01 9.083425e-01 2.586268e-01 6.994681e-01 3.662433e-01 1.414952e-01 1.616599e-01 5.150479e-01 6.589076e-01 7.729267e-01 8.194963e-01 8.751707e-01 2.065765e-01 8.455516e-01 7.546967e-01 9.740203e-01 6.386253e-01 7.434159e-01 5.018103e-01 4.186491e-01 5.077693e-01 6.598864e-01 
69 967 0 0 0 3.108246e-01 4.145510e-01 7.178791e-01 6.454928e-01 2.677375e-01 9.318178e-01 2.030620e-01 3.876968e-01 1.998715e-02 4.686661e-01 2.953872e-01 5.604936e-01 7.416109e-01 9.170253e-01 2.586505e-01 6.955214e-01 3.515030e-01 1.485921e-01 1.444306e-01 5.691727e-01 5.936231e-01 6.575752e-01 8.438199e-01 7.880862e-01 3.127488e-01 8.619876e-01 6.751448e-01 8.876447e-01 7.405175e-01 6.792147e-01 4.924013e-01 4.836237e-01 5.184697e-01 6.286321e-01 
70 981 0 0 0 3.360836e-01 6.099979e-01 7.342205e-01 6.389555e-01 2.677261e-01 9.181963e-01 1.891040e-01 3.322634e-01 6.706282e-02 5.269531e-01 3.108940e-01 5.305371e-01 8.325570e-01 9.035998e-01 2.641746e-01 6.808382e-01 2.669827e-01 1.837182e-01 2.432203e-01 7.207351e-01 6.874422e-01 6.466842e-01 7.266975e-01 8.143006e-01 3.485313e-01 8.363087e-01 6.959100e-01 9.171236e-01 7.709236e-01 6.367899e-01 6.120590e-01 4.827292e-01 5.888724e-01 6.804431e-01 
71 995 0 0 0 3.300207e-01 5.220695e-01 7.548107e-01 7.019647e-01 2.394282e-01 8.611087e-01 1.745920e-01 4.068399e-01 1.721504e-01 4.781444e-01 2.819655e-01 4.573234e-01 8.293125e-01 9.263476e-01 2.558991e-01 7.114734e-01 3.092653e-01 1.750435e-01 1.731318e-01 7.092148e-01 7.922941e-01 7.696467e-01 6.767395e-01 8.634687e-01 4.147714e-01 8.563292e-01 7.513180e-01 8.724115e-01 7.103101e-01 6.162774e-01 5.978256e-01 4.911471e-01 6.477258e-01 6.767312e-01 
72 1009 0 0 0 3.849991e-01 4.629624e-01 8.482913e-01 8.551333e-01 2.915153e-01 8.148720e-01 3.290681e-01 4.922956e-01 1.132305e-01 4.788217e-01 2.516708e-01 4.239056e-01 9.067616e-01 8.828559e-01 3.353469e-01 6.835995e-01 3.239862e-01 1.794206e-01 1.473119e-01 7.663092e-01 8.380731e-01 9.103558e-01 6.353919e-01 8.750413e-01 5.352332e-01 7.529845e-01 8.324971e-01 8.736157e-01 6.542727e-01 4.978049e-01 5.761998e-01 5.253987e-01 6.160761e-01 6.126602e-01 
73 1023 0 0 0 3.736142e-01 5.334086e-01 7.480616e-01 7.774283e-01 2.101287e-01 7.979014e-01 4.348993e-01 5.264856e-01 8.237649e-02 5.006570e-01 2.090435e-01 3.529497e-01 8.316782e-01 8.589699e-01 3.792198e-01 7.164255e-01 3.573743e-01 3.014096e-01 1.120337e-01 7.365376e-01 7.505377e-01 8.745992e-01 7.131563e-01 8.496843e-01 4.909552e-01 8.447817e-01 7.286183e-01 8.689390e-01 6.334073e-01 5.232930e-01 5.665277e-01 5.371153e-01 5.539462e-01 5.939273e-01 
74 1037 0 0 0 3.538300e-01 5.111105e-01 6.822668e-01 7.198372e-01 2.165229e-01 6.145563e-01 4.211834e-01 5.617721e-01 2.024294e-01 5.051585e-01 1.919814e-01 4.144898e-01 8.012528e-01 7.511607e-01 3.103129e-01 7.432943e-01 4.631097e-01 2.290460e-01 1.213146e-01 7.319131e-01 7.887947e-01 8.018722e-01 7.480960e-01 7.609560e-01 4.400956e-01 8.877246e-01 6.983816e-01 8.746049e-01 6.043691e-01 5.600658e-01 5.582118e-01 6.039378e-01 5.388516e-01 5.279822e-01 
75 1051 0 0 0 2.990898e-01 4.813547e-01 6.535978e-01 5.718151e-01 1.192762e-01 6.151363e-01 3.392544e-01 6.176226e-01 2.083260e-01 5.350453e-01 2.263145e-01 3.909655e-01 7.539467e-01 6.472431e-01 4.077307e-01 7.281699e-01 4.194928e-01 2.786112e-01 1.325327e-01 6.796067e-01 8.243832e-01 7.447318e-01 7.305122e-01 7.354124e-01 4.688954e-01 8.208810e-01 8.732496e-01 8.410685e-01 5.718466e-01 6.185073e-01 6.021928e-01 5.040803e-01 5.083913e-01 5.683823e-01 
76 1065 0 0 0 3.268125e-01 5.840302e-01 7.370637e-01 5.200685e-01 1.658650e-01 6.520638e-01 3.448826e-01 6.183595e-01 3.493737e-01 4.892990e-01 2.011687e-01 3.509738e-01 7.798059e-01 6.647214e-01 4.507222e-01 8.436141e-01 3.871605e-01 2.438733e-01 1.310087e-01 6.498059e-01 7.855728e-01 7.218588e-01 6.513118e-01 6.820368e-01 5.195942e-01 8.423680e-01 9.233476e-01 9.051763e-01 5.543362e-01 6.395952e-01 5.500027e-01 5.866843e-01 5.823612e-01 5.963451e-01 
77 1079 0 0 0 3.555319e-01 6.501238e-01 7.595546e-01 4.822868e-01 1.338579e-01 7.481737e-01 4.003010e-01 6.485723e-01 4.401460e-01 6.221818e-01 2.165604e-01 3.822030e-01 7.389743e-01 6.200536e-01 3.466684e-01 8.308945e-01 3.279702e-01 2.971030e-01 1.372570e-01 6.654976e-01 8.631375e-01 8.577070e-01 6.327559e-01 7.453527e-01 5.484446e-01 8.752355e-01 9.306266e-01 8.519456e-01 6.959210e-01 6.518468e-01 5.698894e-01 5.295638e-01 5.417047e-01 5.519876e-01 
78 1093 0 0 0 3.346316e-01 5.831889e-01 7.144453e-01 4.458265e-01 1.152413e-01 8.300536e-01 3.976556e-01 6.123903e-01 3.476086e-01 5.545586e-01 2.588146e-01 4.038469e-01 8.241130e-01 5.776431e-01 3.971463e-01 8.754106e-01 4.176501e-01 3.283557e-01 2.244826e-01 5.441058e-01 8.424476e-01 8.637778e-01 5.325650e-01 7.304821e-01 5.683951e-01 7.141709e-01 9.853709e-01 7.805514e-01 5.806184e-01 7.903841e-01 6.170267e-01 6.182637e-01 5.855902e-01 5.736010e-01 
79 1107 0 0 0 3.913692e-01 6.340906e-01 6.873961e-01 3.405561e-01 7.203555e-02 7.625785e-01 3.884604e-01 7.175226e-01 2.445624e-01 4.802959e-01 3.541655e-01 4.083890e-01 7.348501e-01 4.957285e-01 5.264207e-01 8.522521e-01 4.775331e-01 3.344761e-01 2.260815e-01 5.371352e-01 7.799410e-01 8.749736e-01 5.229573e-01 6.694157e-01 4.438265e-01 6.161114e-01 8.848874e-01 8.439200e-01 6.493711e-01 8.044852e-01 5.392034e-01 5.028501e-01 5.874801e-01 5.827850e-01 
80 1121 0 0 0 3.778655e-01 6.204528e-01 7.397949e-01 2.897776e-01 8.737724e-02 7.831623e-01 4.538698e-01 7.677734e-01 1.621724e-01 5.867979e-01 3.838286e-01 5.459824e-01 6.368668e-01 5.391597e-01 5.950953e-01 9.135213e-01 4.988508e-01 3.207315e-01 1.986336e-01 5.414105e-01 7.050442e-01 8.736680e-01 5.169208e-01 7.593522e-01 4.068530e-01 6.063335e-01 8.481607e-01 8.731066e-01 7.117979e-01 7.134924e-01 5.117247e-01 5.654768e-01 6.966192e-01 3.984242e-01 
81 1135 0 0 0 2.606237e-01 6.138678e-01 7.158475e-01 2.684290e-01 1.437597e-01 8.592260e-01 2.937093e-01 7.323052e-01 1.818483e-01 5.583165e-01 3.486350e-01 5.772399e-01 6.368295e-01 5.262567e-01 4.790665e-01 9.768873e-01 4.379282e-01 4.159956e-01 9.467875e-02 4.962441e-01 7.134038e-01 9.799393e-01 4.508599e-01 7.599824e-01 4.608018e-01 6.286282e-01 8.407690e-01 8.971680e-01 7.564441e-01 8.548246e-01 3.431560e-01 4.284402e-01 7.991525e-01 3.739281e-01 
82 1149 0 0 0 2.072718e-01 6.412674e-01 6.886707e-01 1.027750e-01 8.662311e-02 7.917523e-01 3.562613e-01 7.350993e-01 6.351108e-02 5.282666e-01 3.686795e-01 4.552726e-01 5.812382e-01 5.481327e-01 4.402586e-01 8.492885e-01 4.269239e-01 3.987600e-01 7.266941e-02 4.707467e-01 7.116866e-01 9.267977e-01 3.632417e-01 6.446765e-01 4.895133e-01 7.572147e-01 8.337971e-01 8.748363e-01 7.533703e-01 8.234504e-01 2.406067e-01 4.572319e-01 7.973492e-01 3.295853e-01 
83 1163 0 0 0 2.194387e-01 5.525595e-01 6.961442e-01 1.476491e-01 1.972768e-01 8.052418e-01 5.179027e-01 7.408356e-01 9.406820e-02 5.341560e-01 3.873609e-01 4.426706e-01 6.366072e-01 6.171509e-01 4.880802e-01 8.895837e-01 3.159972e-01 3.554975e-01 1.572639e-01 3.648801e-01 6.228131e-01 9.484388e-01 3.312333e-01 6.484887e-01 5.351910e-01 7.607100e-01 8.080769e-01 7.353467e-01 6.957554e-01 7.180523e-01 2.827829e-01 5.001785e-01 7.009187e-01 3.758840e-01 
