%  columns="iteration, evaluation, sigma, axis ratio, bestever, best, median, worst fitness function value, further objective values of best" (startseed=212119, 2023/08/14 14:39:23.20)
1 15 2.856503e-01 1.040244e+00  1.754176488785878746e+03  1.754176488785878746e+03  5.000005000000000000e+10  1.000000000000000000e+18
2 29 2.768147e-01 1.048766e+00  4.617530867161427182e+02  4.617530867161427182e+02  5.000005000000000000e+10  1.000000000000000000e+15
3 43 2.700929e-01 1.057157e+00  4.617530867161427182e+02  4.763829317041756440e+03  1.000000000000000000e+05  1.000000000000000000e+11
4 57 2.645625e-01 1.064441e+00  4.617530867161427182e+02  1.000000000000000000e+05  1.000000000000000000e+05  1.000000000000000000e+13
5 71 2.581630e-01 1.072351e+00  4.617530867161427182e+02  1.000000000000000000e+05  1.000000000000000000e+05  1.000000000000000000e+05
6 85 2.518020e-01 1.075543e+00  3.985778447745307176e+02  3.985778447745307176e+02  1.000000000000000000e+05  1.000000000000000000e+11
7 99 2.448973e-01 1.079030e+00  3.985778447745307176e+02  1.604056933987830234e+03  1.000000000000000000e+05  1.000000000000000000e+13
8 113 2.411703e-01 1.090189e+00  3.638415379704938459e+02  3.638415379704938459e+02  1.000000000000000000e+05  1.000000000000000000e+15
9 127 2.356872e-01 1.097943e+00  3.638415379704938459e+02  1.000000000000000000e+05  1.000000000000000000e+05  1.000000000000000000e+18
10 141 2.291601e-01 1.106562e+00  3.638415379704938459e+02  1.000000000000000000e+05  1.000000000000000000e+05  1.000000000000000000e+13
11 155 2.234638e-01 1.114934e+00  3.638415379704938459e+02  1.000000000000000000e+05  1.000000000000000000e+05  1.000000000000000000e+15
12 169 2.187534e-01 1.126277e+00  3.638415379704938459e+02  1.000000000000000000e+05  1.000000000000000000e+05  1.000000000000000000e+05
13 183 2.141253e-01 1.134813e+00  3.638415379704938459e+02  1.000000000000000000e+05  1.000000000000000000e+05  1.000000000000000000e+18
14 197 2.111552e-01 1.142978e+00  3.638415379704938459e+02  1.000000000000000000e+05  1.000000000000000000e+05  1.000000000000000000e+13
15 211 2.049352e-01 1.148275e+00  3.638415379704938459e+02  1.000000000000000000e+05  1.000000000000000000e+05  1.000000000000000000e+13
16 225 2.000653e-01 1.153769e+00  3.638415379704938459e+02  1.000000000000000000e+05  1.000000000000000000e+05  1.000000000000000000e+11
17 239 1.961871e-01 1.158844e+00  3.638415379704938459e+02  1.000000000000000000e+05  1.000000000000000000e+05  1.000000000000000000e+05
18 253 1.931710e-01 1.164765e+00  3.638415379704938459e+02  1.000000000000000000e+05  1.000000000000000000e+05  1.000000000000000000e+05
19 267 1.920403e-01 1.169204e+00  3.638415379704938459e+02  1.000000000000000000e+05  1.000000000000000000e+05  1.000000000000000000e+05
20 281 1.904940e-01 1.172375e+00  3.638415379704938459e+02  1.000000000000000000e+05  1.000000000000000000e+05  1.000000000000000000e+05
21 295 1.877508e-01 1.174686e+00  3.638415379704938459e+02  1.000000000000000000e+05  1.000000000000000000e+05  1.000000000000000000e+13
22 309 1.839335e-01 1.178297e+00  3.638415379704938459e+02  1.000000000000000000e+05  1.000000000000000000e+05  1.000000000000000000e+13
23 323 1.782033e-01 1.179951e+00  3.638415379704938459e+02  1.949617648704499061e+03  1.000000000000000000e+05  1.000000000000000000e+17
24 337 1.738508e-01 1.181800e+00  3.638415379704938459e+02  4.330821942825223232e+03  1.000000000000000000e+05  1.000000000000000000e+05
25 351 1.687806e-01 1.181631e+00  3.638415379704938459e+02  1.000000000000000000e+05  1.000000000000000000e+05  1.000000000000000000e+05
26 365 1.607286e-01 1.181970e+00  3.638415379704938459e+02  1.000000000000000000e+05  1.000000000000000000e+05  1.000000000000000000e+13
27 379 1.528192e-01 1.183222e+00  3.638415379704938459e+02  1.000000000000000000e+05  1.000000000000000000e+05  1.000000000000000000e+13
28 393 1.475694e-01 1.185050e+00  3.638415379704938459e+02  1.000000000000000000e+05  1.000000000000000000e+05  1.000000000000000000e+13
29 407 2.039315e-01 1.188100e+00  3.638415379704938459e+02  1.000000000000000000e+05  1.000000000000000000e+05  1.000000000000000000e+13
30 421 2.016189e-01 1.192253e+00  3.638415379704938459e+02  1.000000000000000000e+05  1.000000000000000000e+05  1.000000000000000000e+13
31 435 2.004633e-01 1.194284e+00  3.638415379704938459e+02  1.000000000000000000e+05  1.000000000000000000e+05  1.000000000000000000e+11
32 449 1.935286e-01 1.198576e+00  3.638415379704938459e+02  1.000000000000000000e+05  1.000000000000000000e+05  1.000000000000000000e+15
33 463 1.864102e-01 1.199483e+00  3.638415379704938459e+02  1.000000000000000000e+05  1.000000000000000000e+05  1.000000000000000000e+05
34 477 1.799329e-01 1.207235e+00  3.638415379704938459e+02  1.000000000000000000e+05  1.000000000000000000e+05  1.000000000000000000e+13
35 491 1.738789e-01 1.211702e+00  3.638415379704938459e+02  1.000000000000000000e+05  1.000000000000000000e+05  1.000000000000000000e+13
36 505 1.664775e-01 1.213651e+00  3.638415379704938459e+02  1.000000000000000000e+05  1.000000000000000000e+05  1.000000000000000000e+13
37 519 1.614812e-01 1.219575e+00  3.638415379704938459e+02  1.000000000000000000e+05  1.000000000000000000e+05  1.000000000000000000e+05
38 533 1.574940e-01 1.225095e+00  3.638415379704938459e+02  1.000000000000000000e+05  1.000000000000000000e+05  1.000000000000000000e+05
39 547 1.547182e-01 1.230883e+00  3.638415379704938459e+02  1.000000000000000000e+05  1.000000000000000000e+05  1.000000000000000000e+13
40 561 2.121105e-01 1.236626e+00  3.638415379704938459e+02  1.000000000000000000e+05  1.000000000000000000e+05  1.000000000000000000e+05
41 575 2.061051e-01 1.245503e+00  3.638415379704938459e+02  1.000000000000000000e+05  1.000000000000000000e+05  1.000000000000000000e+13
42 589 2.017502e-01 1.248555e+00  3.638415379704938459e+02  1.000000000000000000e+05  1.000000000000000000e+05  1.000000000000000000e+05
43 603 1.978002e-01 1.249871e+00  3.638415379704938459e+02  1.000000000000000000e+05  1.000000000000000000e+05  1.000000000000000000e+05
44 617 1.942386e-01 1.254864e+00  3.638415379704938459e+02  1.000000000000000000e+05  1.000000000000000000e+05  1.000000000000000000e+05
45 631 1.905981e-01 1.257286e+00  3.638415379704938459e+02  1.000000000000000000e+05  1.000000000000000000e+05  1.000000000000000000e+11
46 645 1.865583e-01 1.258470e+00  3.638415379704938459e+02  1.000000000000000000e+05  1.000000000000000000e+05  1.000000000000000000e+05
47 659 1.846502e-01 1.259820e+00  3.638415379704938459e+02  1.000000000000000000e+05  1.000000000000000000e+05  1.000000000000000000e+05
48 673 2.507942e-01 1.260452e+00  3.638415379704938459e+02  1.000000000000000000e+05  1.000000000000000000e+05  1.000000000000000000e+05
49 687 2.442463e-01 1.260442e+00  3.638415379704938459e+02  1.000000000000000000e+05  1.000000000000000000e+05  1.000000000000000000e+05
50 701 2.374703e-01 1.259247e+00  3.638415379704938459e+02  1.000000000000000000e+05  1.000000000000000000e+05  1.000000000000000000e+05
51 715 2.315399e-01 1.259236e+00  3.638415379704938459e+02  1.000000000000000000e+05  1.000000000000000000e+05  1.000000000000000000e+05
52 729 2.254101e-01 1.263559e+00  3.638415379704938459e+02  1.000000000000000000e+05  1.000000000000000000e+05  1.000000000000000000e+05
53 743 2.170240e-01 1.266317e+00  3.638415379704938459e+02  1.000000000000000000e+05  1.000000000000000000e+05  1.000000000000000000e+05
54 757 2.082634e-01 1.266962e+00  3.638415379704938459e+02  1.000000000000000000e+05  1.000000000000000000e+05  1.000000000000000000e+05
55 771 1.968285e-01 1.267610e+00  3.638415379704938459e+02  1.000000000000000000e+05  1.000000000000000000e+05  1.000000000000000000e+05
56 785 1.879545e-01 1.267167e+00  3.638415379704938459e+02  1.000000000000000000e+05  1.000000000000000000e+05  1.000000000000000000e+05
57 799 1.821172e-01 1.265084e+00  3.638415379704938459e+02  1.000000000000000000e+05  1.000000000000000000e+05  1.000000000000000000e+05
58 813 1.765200e-01 1.266631e+00  3.638415379704938459e+02  1.000000000000000000e+05  1.000000000000000000e+05  1.000000000000000000e+13
59 827 1.741955e-01 1.265358e+00  3.203778983705969949e+02  3.203778983705969949e+02  1.000000000000000000e+05  1.000000000000000000e+05
60 841 1.739844e-01 1.267969e+00  3.203778983705969949e+02  1.000000000000000000e+05  1.000000000000000000e+05  1.000000000000000000e+05
61 855 1.733913e-01 1.270780e+00  3.203778983705969949e+02  1.000000000000000000e+05  1.000000000000000000e+05  1.000000000000000000e+05
62 869 1.714929e-01 1.272327e+00  3.203778983705969949e+02  1.000000000000000000e+05  1.000000000000000000e+05  1.000000000000000000e+05
63 883 1.658848e-01 1.273964e+00  3.203778983705969949e+02  1.000000000000000000e+05  1.000000000000000000e+05  1.000000000000000000e+05
64 897 1.615105e-01 1.273772e+00  3.203778983705969949e+02  1.000000000000000000e+05  1.000000000000000000e+05  1.000000000000000000e+13
65 911 1.577881e-01 1.271318e+00  3.203778983705969949e+02  1.000000000000000000e+05  1.000000000000000000e+05  1.000000000000000000e+13
66 925 1.536877e-01 1.276762e+00  3.203778983705969949e+02  1.000000000000000000e+05  1.000000000000000000e+05  1.000000000000000000e+13
67 939 1.502395e-01 1.283581e+00  3.203778983705969949e+02  1.000000000000000000e+05  1.000000000000000000e+05  1.000000000000000000e+13
68 953 1.471106e-01 1.289894e+00  3.203778983705969949e+02  1.000000000000000000e+05  1.000000000000000000e+05  1.000000000000000000e+17
69 967 1.426810e-01 1.291384e+00  3.203778983705969949e+02  1.668102563994326601e+03  1.000000000000000000e+05  1.000000000000000000e+17
70 981 1.404169e-01 1.291593e+00  3.203778983705969949e+02  1.000000000000000000e+05  1.000000000000000000e+05  1.000000000000000000e+13
71 995 1.346145e-01 1.302562e+00  3.203778983705969949e+02  1.000000000000000000e+05  1.000000000000000000e+05  1.000000000000000000e+11
72 1009 1.825735e-01 1.306213e+00  3.203778983705969949e+02  1.000000000000000000e+05  1.000000000000000000e+05  1.000000000000000000e+05
73 1023 1.768481e-01 1.303964e+00  3.203778983705969949e+02  1.000000000000000000e+05  1.000000000000000000e+05  1.000000000000000000e+05
74 1037 1.705385e-01 1.306682e+00  3.203778983705969949e+02  1.972345576022855539e+03  1.000000000000000000e+05  1.000000000000000000e+05
75 1051 1.655513e-01 1.307520e+00  3.203778983705969949e+02  1.000000000000000000e+05  1.000000000000000000e+05  1.000000000000000000e+05
76 1065 1.638809e-01 1.305116e+00  3.203778983705969949e+02  9.837229088949522975e+02  1.000000000000000000e+05  1.000000000000000000e+13
77 1079 1.600501e-01 1.301891e+00  3.203778983705969949e+02  5.564521098156360495e+02  1.000000000000000000e+05  1.000000000000000000e+05
78 1093 1.595954e-01 1.306392e+00  3.203778983705969949e+02  1.000000000000000000e+05  1.000000000000000000e+05  1.000000000000000000e+05
79 1107 1.570058e-01 1.309356e+00  3.203778983705969949e+02  1.478141422616578211e+03  1.000000000000000000e+05  1.000000000000000000e+13
80 1121 1.553373e-01 1.313073e+00  3.203778983705969949e+02  1.729389492671053631e+03  1.000000000000000000e+05  1.000000000000000000e+18
81 1135 1.517658e-01 1.314149e+00  3.203778983705969949e+02  1.000000000000000000e+05  1.000000000000000000e+05  1.000000000000000000e+18
82 1149 1.504241e-01 1.319665e+00  3.203778983705969949e+02  1.000000000000000000e+05  1.000000000000000000e+05  1.000000000000000000e+15
83 1163 2.065988e-01 1.320915e+00  3.203778983705969949e+02  1.000000000000000000e+05  1.000000000000000000e+05  1.000000000000000000e+15
84 1177 2.019408e-01 1.323662e+00  3.203778983705969949e+02  1.000000000000000000e+05  1.000000000000000000e+05  1.000000000000000000e+15
85 1191 1.946708e-01 1.326184e+00  3.203778983705969949e+02  1.000000000000000000e+05  1.000000000000000000e+05  1.000000000000000000e+05
86 1205 1.885326e-01 1.334762e+00  3.203778983705969949e+02  1.000000000000000000e+05  1.000000000000000000e+05  1.000000000000000000e+15
87 1219 1.807640e-01 1.337609e+00  3.203778983705969949e+02  1.000000000000000000e+05  1.000000000000000000e+05  1.000000000000000000e+11
88 1233 1.714042e-01 1.340531e+00  3.203778983705969949e+02  1.000000000000000000e+05  1.000000000000000000e+05  1.000000000000000000e+11
89 1247 1.660606e-01 1.340430e+00  3.203778983705969949e+02  1.000000000000000000e+05  1.000000000000000000e+05  1.000000000000000000e+15
90 1261 1.602614e-01 1.344425e+00  3.203778983705969949e+02  1.000000000000000000e+05  1.000000000000000000e+05  1.000000000000000000e+18
91 1275 1.572196e-01 1.345412e+00  3.203778983705969949e+02  1.000000000000000000e+05  1.000000000000000000e+05  1.000000000000000000e+13
92 1289 1.510406e-01 1.347894e+00  3.203778983705969949e+02  1.000000000000000000e+05  1.000000000000000000e+05  1.000000000000000000e+05
93 1303 2.028891e-01 1.350968e+00  3.203778983705969949e+02  1.000000000000000000e+05  1.000000000000000000e+05  1.000000000000000000e+15
94 1317 1.983078e-01 1.351570e+00  3.203778983705969949e+02  1.000000000000000000e+05  1.000000000000000000e+05  1.000000000000000000e+11
95 1331 1.937038e-01 1.354918e+00  3.203778983705969949e+02  1.000000000000000000e+05  1.000000000000000000e+05  1.000000000000000000e+13
96 1345 1.875817e-01 1.355709e+00  3.203778983705969949e+02  1.000000000000000000e+05  1.000000000000000000e+05  1.000000000000000000e+05
97 1359 1.853216e-01 1.355736e+00  3.203778983705969949e+02  1.000000000000000000e+05  1.000000000000000000e+05  1.000000000000000000e+05
98 1373 1.835007e-01 1.363613e+00  3.203778983705969949e+02  8.978478964325092875e+02  1.000000000000000000e+05  1.000000000000000000e+15
99 1387 1.808979e-01 1.364961e+00  3.203778983705969949e+02  1.000000000000000000e+05  1.000000000000000000e+05  1.000000000000000000e+05
100 1401 1.757693e-01 1.366550e+00  3.203778983705969949e+02  1.000000000000000000e+05  1.000000000000000000e+05  1.000000000000000000e+05
101 1415 1.740555e-01 1.366927e+00  3.203778983705969949e+02  1.000000000000000000e+05  1.000000000000000000e+05  1.000000000000000000e+15
102 1429 1.716218e-01 1.366748e+00  3.203778983705969949e+02  1.000000000000000000e+05  1.000000000000000000e+05  1.000000000000000000e+15
103 1443 1.667797e-01 1.367428e+00  3.203778983705969949e+02  7.966540382711702932e+02  1.000000000000000000e+05  1.000000000000000000e+05
104 1457 1.633521e-01 1.375423e+00  3.203778983705969949e+02  1.000000000000000000e+05  1.000000000000000000e+05  1.000000000000000000e+15
105 1471 2.216787e-01 1.377384e+00  3.203778983705969949e+02  1.000000000000000000e+05  1.000000000000000000e+05  1.000000000000000000e+18
106 1485 2.168168e-01 1.379311e+00  3.203778983705969949e+02  1.000000000000000000e+05  1.000000000000000000e+05  1.000000000000000000e+13
107 1499 2.093559e-01 1.380892e+00  3.203778983705969949e+02  1.000000000000000000e+05  1.000000000000000000e+05  1.000000000000000000e+05
108 1513 2.052391e-01 1.379243e+00  3.203778983705969949e+02  6.333719506233065886e+02  1.000000000000000000e+05  1.000000000000000000e+05
109 1527 2.007126e-01 1.380072e+00  3.203778983705969949e+02  4.209594498776617002e+03  1.000000000000000000e+05  1.000000000000000000e+13
110 1541 1.937344e-01 1.378765e+00  3.203778983705969949e+02  1.000000000000000000e+05  1.000000000000000000e+05  1.000000000000000000e+13
111 1555 1.907854e-01 1.380980e+00  3.203778983705969949e+02  1.000000000000000000e+05  1.000000000000000000e+05  1.000000000000000000e+05
112 1569 1.867310e-01 1.386386e+00  3.203778983705969949e+02  1.000000000000000000e+05  1.000000000000000000e+05  1.000000000000000000e+05
113 1583 1.803443e-01 1.390702e+00  3.203778983705969949e+02  1.000000000000000000e+05  1.000000000000000000e+05  1.000000000000000000e+13
114 1597 1.749163e-01 1.394989e+00  3.203778983705969949e+02  1.000000000000000000e+05  1.000000000000000000e+05  1.000000000000000000e+13
115 1611 1.700010e-01 1.397528e+00  3.203778983705969949e+02  1.000000000000000000e+05  1.000000000000000000e+05  1.000000000000000000e+05
116 1625 2.305404e-01 1.397052e+00  3.203778983705969949e+02  1.000000000000000000e+05  1.000000000000000000e+05  1.000000000000000000e+05
117 1639 2.266253e-01 1.397088e+00  3.203778983705969949e+02  1.000000000000000000e+05  1.000000000000000000e+05  1.000000000000000000e+05
118 1653 2.227674e-01 1.395701e+00  3.203778983705969949e+02  1.000000000000000000e+05  1.000000000000000000e+05  1.000000000000000000e+05
119 1667 2.175795e-01 1.396862e+00  3.203778983705969949e+02  1.000000000000000000e+05  1.000000000000000000e+05  1.000000000000000000e+05
120 1681 2.134519e-01 1.397483e+00  3.203778983705969949e+02  1.000000000000000000e+05  1.000000000000000000e+05  1.000000000000000000e+05
121 1695 2.054169e-01 1.396797e+00  3.203778983705969949e+02  1.000000000000000000e+05  1.000000000000000000e+05  1.000000000000000000e+15
122 1709 1.997289e-01 1.395616e+00  3.203778983705969949e+02  1.000000000000000000e+05  1.000000000000000000e+05  1.000000000000000000e+15
123 1723 1.947904e-01 1.399827e+00  3.203778983705969949e+02  1.000000000000000000e+05  1.000000000000000000e+05  1.000000000000000000e+05
124 1737 1.883704e-01 1.403048e+00  3.203778983705969949e+02  1.000000000000000000e+05  1.000000000000000000e+05  1.000000000000000000e+05
125 1751 2.593124e-01 1.401757e+00  3.203778983705969949e+02  1.000000000000000000e+05  1.000000000000000000e+05  1.000000000000000000e+11
126 1765 2.475501e-01 1.403374e+00  3.203778983705969949e+02  1.000000000000000000e+05  1.000000000000000000e+05  1.000000000000000000e+15
127 1779 2.391022e-01 1.405727e+00  3.203778983705969949e+02  1.000000000000000000e+05  1.000000000000000000e+05  1.000000000000000000e+11
128 1793 2.315850e-01 1.406644e+00  3.203778983705969949e+02  1.000000000000000000e+05  1.000000000000000000e+05  1.000000000000000000e+05
129 1807 2.222434e-01 1.407337e+00  3.203778983705969949e+02  1.000000000000000000e+05  1.000000000000000000e+05  1.000000000000000000e+13
130 1821 2.136383e-01 1.409901e+00  3.203778983705969949e+02  1.000000000000000000e+05  1.000000000000000000e+05  1.000000000000000000e+16
131 1835 2.033841e-01 1.411120e+00  3.203778983705969949e+02  1.000000000000000000e+05  1.000000000000000000e+05  1.000000000000000000e+16
132 1849 1.927916e-01 1.411108e+00  3.203778983705969949e+02  1.000000000000000000e+05  1.000000000000000000e+05  1.000000000000000000e+13
133 1863 1.844282e-01 1.413048e+00  3.203778983705969949e+02  1.000000000000000000e+05  1.000000000000000000e+05  1.000000000000000000e+13
134 1877 1.780335e-01 1.412649e+00  3.203778983705969949e+02  1.000000000000000000e+05  1.000000000000000000e+05  1.000000000000000000e+15
135 1891 1.719520e-01 1.412759e+00  3.203778983705969949e+02  1.000000000000000000e+05  1.000000000000000000e+05  1.000000000000000000e+11
136 1905 1.652703e-01 1.414255e+00  3.203778983705969949e+02  1.000000000000000000e+05  5.000005000000000000e+10  1.000000000000000000e+15
137 1919 1.627262e-01 1.413765e+00  3.203778983705969949e+02  1.000000000000000000e+05  1.000000000000000000e+05  1.000000000000000000e+11
138 1933 1.591803e-01 1.410308e+00  3.203778983705969949e+02  1.000000000000000000e+05  1.000000000000000000e+05  1.000000000000000000e+05
139 1947 1.573269e-01 1.409555e+00  3.203778983705969949e+02  1.000000000000000000e+05  1.000000000000000000e+05  1.000000000000000000e+05
140 1961 1.561532e-01 1.408327e+00  3.203778983705969949e+02  1.000000000000000000e+05  1.000000000000000000e+05  1.000000000000000000e+05
141 1975 1.548940e-01 1.410015e+00  3.203778983705969949e+02  1.000000000000000000e+05  1.000000000000000000e+05  1.000000000000000000e+13
142 1989 1.539467e-01 1.409651e+00  3.203778983705969949e+02  1.000000000000000000e+05  1.000000000000000000e+05  1.000000000000000000e+11
143 2003 1.528396e-01 1.412523e+00  3.203778983705969949e+02  1.000000000000000000e+05  1.000000000000000000e+05  1.000000000000000000e+05
144 2017 1.495774e-01 1.413306e+00  3.203778983705969949e+02  1.000000000000000000e+05  1.000000000000000000e+05  1.000000000000000000e+05
145 2031 1.459571e-01 1.414938e+00  3.203778983705969949e+02  1.000000000000000000e+05  1.000000000000000000e+05  1.000000000000000000e+05
146 2045 1.451402e-01 1.417363e+00  3.203778983705969949e+02  1.000000000000000000e+05  1.000000000000000000e+05  1.000000000000000000e+05
147 2059 1.469862e-01 1.421471e+00  3.203778983705969949e+02  1.000000000000000000e+05  1.000000000000000000e+05  1.000000000000000000e+05
148 2073 1.475754e-01 1.423252e+00  3.203778983705969949e+02  3.567994540822513159e+02  1.000000000000000000e+05  1.000000000000000000e+13
149 2087 1.493398e-01 1.424516e+00  3.203778983705969949e+02  1.000000000000000000e+05  1.000000000000000000e+05  1.000000000000000000e+13
150 2101 1.474310e-01 1.427089e+00  3.203778983705969949e+02  1.000000000000000000e+05  1.000000000000000000e+05  1.000000000000000000e+13
151 2115 1.447386e-01 1.430217e+00  3.203778983705969949e+02  1.000000000000000000e+05  1.000000000000000000e+05  1.000000000000000000e+18
152 2129 1.408121e-01 1.432914e+00  3.203778983705969949e+02  1.000000000000000000e+05  1.000000000000000000e+05  1.000000000000000000e+13
153 2143 1.364037e-01 1.436605e+00  3.203778983705969949e+02  1.000000000000000000e+05  1.000000000000000000e+05  1.000000000000000000e+11
154 2157 1.321686e-01 1.441247e+00  3.203778983705969949e+02  1.000000000000000000e+05  1.000000000000000000e+05  1.000000000000000000e+13
155 2171 1.267787e-01 1.442041e+00  3.203778983705969949e+02  1.000000000000000000e+05  1.000000000000000000e+05  1.000000000000000000e+11
156 2185 1.227481e-01 1.440952e+00  3.203778983705969949e+02  1.000000000000000000e+05  1.000000000000000000e+05  1.000000000000000000e+05
157 2199 1.185681e-01 1.442381e+00  3.203778983705969949e+02  1.000000000000000000e+05  1.000000000000000000e+05  1.000000000000000000e+05
158 2213 1.608097e-01 1.443233e+00  3.203778983705969949e+02  1.000000000000000000e+05  1.000000000000000000e+05  1.000000000000000000e+05
159 2227 1.593784e-01 1.444935e+00  3.203778983705969949e+02  1.000000000000000000e+05  1.000000000000000000e+05  1.000000000000000000e+05
160 2241 1.601948e-01 1.447164e+00  3.203778983705969949e+02  1.000000000000000000e+05  1.000000000000000000e+05  1.000000000000000000e+13
161 2255 1.608087e-01 1.451816e+00  3.203778983705969949e+02  1.000000000000000000e+05  1.000000000000000000e+05  1.000000000000000000e+11
162 2269 1.613269e-01 1.454512e+00  3.203778983705969949e+02  1.000000000000000000e+05  1.000000000000000000e+05  1.000000000000000000e+11
163 2283 1.587905e-01 1.457097e+00  3.203778983705969949e+02  1.000000000000000000e+05  1.000000000000000000e+05  1.000000000000000000e+05
164 2297 1.553354e-01 1.456534e+00  3.203778983705969949e+02  1.000000000000000000e+05  1.000000000000000000e+05  1.000000000000000000e+15
165 2311 1.533532e-01 1.457549e+00  3.203778983705969949e+02  1.000000000000000000e+05  1.000000000000000000e+05  1.000000000000000000e+05
166 2325 1.508364e-01 1.465267e+00  3.203778983705969949e+02  1.000000000000000000e+05  1.000000000000000000e+05  1.000000000000000000e+05
167 2339 1.462153e-01 1.466814e+00  3.203778983705969949e+02  1.000000000000000000e+05  1.000000000000000000e+05  1.000000000000000000e+05
168 2353 2.023458e-01 1.466594e+00  3.203778983705969949e+02  1.000000000000000000e+05  1.000000000000000000e+05  1.000000000000000000e+13
169 2367 1.983702e-01 1.464455e+00  3.203778983705969949e+02  1.000000000000000000e+05  1.000000000000000000e+05  1.000000000000000000e+05
170 2381 1.946329e-01 1.463561e+00  3.203778983705969949e+02  1.000000000000000000e+05  1.000000000000000000e+05  1.000000000000000000e+13
171 2395 1.919002e-01 1.466685e+00  3.203778983705969949e+02  1.000000000000000000e+05  1.000000000000000000e+05  1.000000000000000000e+05
172 2409 1.889770e-01 1.472758e+00  3.203778983705969949e+02  1.000000000000000000e+05  1.000000000000000000e+05  1.000000000000000000e+05
173 2423 1.836677e-01 1.477349e+00  3.203778983705969949e+02  1.000000000000000000e+05  1.000000000000000000e+05  1.000000000000000000e+05
174 2437 1.781744e-01 1.481781e+00  3.203778983705969949e+02  1.000000000000000000e+05  1.000000000000000000e+05  1.000000000000000000e+05
175 2451 1.743590e-01 1.484843e+00  3.203778983705969949e+02  1.000000000000000000e+05  1.000000000000000000e+05  1.000000000000000000e+05
176 2465 1.704019e-01 1.486500e+00  3.203778983705969949e+02  4.928812119033199792e+02  1.000000000000000000e+05  1.000000000000000000e+05
177 2479 1.645412e-01 1.489817e+00  3.203778983705969949e+02  1.000000000000000000e+05  1.000000000000000000e+05  1.000000000000000000e+05
178 2493 1.597207e-01 1.493141e+00  3.203778983705969949e+02  1.000000000000000000e+05  1.000000000000000000e+05  1.000000000000000000e+05
179 2507 1.576965e-01 1.493400e+00  3.203778983705969949e+02  1.000000000000000000e+05  1.000000000000000000e+05  1.000000000000000000e+05
180 2521 2.180363e-01 1.494452e+00  3.203778983705969949e+02  1.000000000000000000e+05  1.000000000000000000e+05  1.000000000000000000e+05
181 2535 2.187336e-01 1.496765e+00  3.203778983705969949e+02  1.000000000000000000e+05  1.000000000000000000e+05  1.000000000000000000e+05
182 2549 2.188833e-01 1.498845e+00  3.203778983705969949e+02  1.000000000000000000e+05  1.000000000000000000e+05  1.000000000000000000e+11
183 2563 2.175322e-01 1.502745e+00  3.203778983705969949e+02  1.000000000000000000e+05  1.000000000000000000e+05  1.000000000000000000e+11
184 2577 2.121130e-01 1.504968e+00  3.203778983705969949e+02  1.000000000000000000e+05  1.000000000000000000e+05  1.000000000000000000e+11
185 2591 2.067930e-01 1.505467e+00  3.203778983705969949e+02  1.000000000000000000e+05  1.000000000000000000e+05  1.000000000000000000e+05
186 2605 2.033290e-01 1.509861e+00  3.203778983705969949e+02  1.000000000000000000e+05  1.000000000000000000e+05  1.000000000000000000e+11
187 2619 1.986265e-01 1.509886e+00  3.203778983705969949e+02  1.000000000000000000e+05  1.000000000000000000e+05  1.000000000000000000e+05
188 2633 1.984164e-01 1.510256e+00  3.203778983705969949e+02  1.000000000000000000e+05  1.000000000000000000e+05  1.000000000000000000e+15
189 2647 2.751166e-01 1.512723e+00  3.203778983705969949e+02  1.000000000000000000e+05  1.000000000000000000e+05  1.000000000000000000e+05
190 2661 2.677218e-01 1.512860e+00  3.203778983705969949e+02  1.000000000000000000e+05  1.000000000000000000e+05  1.000000000000000000e+15
191 2675 2.580076e-01 1.512105e+00  3.203778983705969949e+02  1.000000000000000000e+05  1.000000000000000000e+05  1.000000000000000000e+13
192 2689 2.497196e-01 1.513839e+00  3.203778983705969949e+02  1.000000000000000000e+05  1.000000000000000000e+05  1.000000000000000000e+18
193 2703 2.423106e-01 1.513194e+00  3.203778983705969949e+02  1.000000000000000000e+05  1.000000000000000000e+05  1.000000000000000000e+15
194 2717 2.380096e-01 1.513039e+00  3.203778983705969949e+02  1.000000000000000000e+05  1.000000000000000000e+05  1.000000000000000000e+05
195 2731 2.374057e-01 1.517305e+00  3.203778983705969949e+02  1.000000000000000000e+05  1.000000000000000000e+05  1.000000000000000000e+15
196 2745 2.304664e-01 1.518110e+00  3.203778983705969949e+02  1.000000000000000000e+05  1.000000000000000000e+05  1.000000000000000000e+17
197 2759 2.223892e-01 1.516016e+00  3.203778983705969949e+02  1.000000000000000000e+05  1.000000000000000000e+05  1.000000000000000000e+05
198 2773 2.177048e-01 1.518588e+00  3.203778983705969949e+02  1.000000000000000000e+05  1.000000000000000000e+05  1.000000000000000000e+05
199 2787 2.164036e-01 1.520163e+00  3.203778983705969949e+02  4.813243376923666688e+02  1.000000000000000000e+05  1.000000000000000000e+11
200 2801 2.097847e-01 1.520527e+00  3.203778983705969949e+02  1.000000000000000000e+05  1.000000000000000000e+05  1.000000000000000000e+05
201 2815 2.009704e-01 1.516673e+00  3.203778983705969949e+02  1.000000000000000000e+05  1.000000000000000000e+05  1.000000000000000000e+15
202 2829 1.939239e-01 1.514532e+00  3.203778983705969949e+02  1.000000000000000000e+05  1.000000000000000000e+05  1.000000000000000000e+05
203 2843 1.875071e-01 1.512727e+00  3.203778983705969949e+02  1.000000000000000000e+05  1.000000000000000000e+05  1.000000000000000000e+05
204 2857 1.809672e-01 1.511124e+00  3.203778983705969949e+02  1.000000000000000000e+05  1.000000000000000000e+05  1.000000000000000000e+18
205 2871 1.722017e-01 1.511553e+00  3.203778983705969949e+02  1.000000000000000000e+05  1.000000000000000000e+05  1.000000000000000000e+18
206 2885 2.305173e-01 1.513114e+00  3.203778983705969949e+02  1.000000000000000000e+05  1.000000000000000000e+05  1.000000000000000000e+15
207 2899 2.221394e-01 1.516400e+00  3.203778983705969949e+02  1.000000000000000000e+05  1.000000000000000000e+05  1.000000000000000000e+18
208 2913 2.125196e-01 1.519949e+00  3.203778983705969949e+02  1.000000000000000000e+05  1.000000000000000000e+05  1.000000000000000000e+05
209 2927 2.064270e-01 1.519947e+00  3.203778983705969949e+02  1.000000000000000000e+05  1.000000000000000000e+05  1.000000000000000000e+11
210 2941 1.977916e-01 1.519859e+00  3.203778983705969949e+02  1.000000000000000000e+05  1.000000000000000000e+05  1.000000000000000000e+05
211 2955 1.898492e-01 1.521310e+00  3.203778983705969949e+02  1.000000000000000000e+05  1.000000000000000000e+05  1.000000000000000000e+15
212 2969 1.823014e-01 1.520815e+00  3.203778983705969949e+02  1.000000000000000000e+05  1.000000000000000000e+05  1.000000000000000000e+05
213 2983 2.450639e-01 1.521129e+00  3.203778983705969949e+02  1.000000000000000000e+05  1.000000000000000000e+05  1.000000000000000000e+05
214 2997 2.379726e-01 1.522407e+00  3.203778983705969949e+02  1.000000000000000000e+05  1.000000000000000000e+05  1.000000000000000000e+05
215 3011 2.331705e-01 1.521130e+00  3.203778983705969949e+02  1.000000000000000000e+05  1.000000000000000000e+05  1.000000000000000000e+05
216 3025 2.261149e-01 1.521127e+00  3.203778983705969949e+02  1.000000000000000000e+05  1.000000000000000000e+05  1.000000000000000000e+05
217 3039 2.201294e-01 1.521870e+00  3.203778983705969949e+02  1.000000000000000000e+05  1.000000000000000000e+05  1.000000000000000000e+05
218 3053 2.106580e-01 1.520411e+00  3.203778983705969949e+02  1.000000000000000000e+05  1.000000000000000000e+05  1.000000000000000000e+05
219 3067 2.034027e-01 1.522302e+00  3.203778983705969949e+02  1.000000000000000000e+05  1.000000000000000000e+05  1.000000000000000000e+15
220 3081 1.957237e-01 1.524741e+00  3.203778983705969949e+02  1.000000000000000000e+05  1.000000000000000000e+05  1.000000000000000000e+05
221 3095 1.884627e-01 1.522823e+00  3.203778983705969949e+02  1.000000000000000000e+05  1.000000000000000000e+05  1.000000000000000000e+13
222 3109 1.848411e-01 1.527335e+00  2.942231541609388614e+02  2.942231541609388614e+02  1.000000000000000000e+05  1.000000000000000000e+15
223 3123 1.826196e-01 1.522164e+00  2.942231541609388614e+02  1.000000000000000000e+05  1.000000000000000000e+05  1.000000000000000000e+05
224 3137 1.772077e-01 1.526042e+00  2.942231541609388614e+02  1.000000000000000000e+05  1.000000000000000000e+05  1.000000000000000000e+05
225 3151 1.720150e-01 1.529788e+00  2.942231541609388614e+02  1.000000000000000000e+05  1.000000000000000000e+05  1.000000000000000000e+05
226 3165 1.669041e-01 1.535246e+00  2.942231541609388614e+02  1.000000000000000000e+05  1.000000000000000000e+05  1.000000000000000000e+15
227 3179 1.640858e-01 1.535497e+00  2.942231541609388614e+02  4.622528536193082687e+02  1.000000000000000000e+05  1.000000000000000000e+15
228 3193 1.621142e-01 1.537466e+00  2.942231541609388614e+02  1.000000000000000000e+05  1.000000000000000000e+05  1.000000000000000000e+15
229 3207 2.248700e-01 1.534382e+00  2.942231541609388614e+02  1.000000000000000000e+05  1.000000000000000000e+05  1.000000000000000000e+05
230 3221 2.220600e-01 1.534400e+00  2.942231541609388614e+02  1.000000000000000000e+05  1.000000000000000000e+05  1.000000000000000000e+15
231 3235 2.204107e-01 1.533578e+00  2.942231541609388614e+02  1.000000000000000000e+05  1.000000000000000000e+05  1.000000000000000000e+05
232 3249 2.183157e-01 1.534790e+00  2.942231541609388614e+02  1.000000000000000000e+05  1.000000000000000000e+05  1.000000000000000000e+15
233 3263 2.173706e-01 1.550528e+00  2.942231541609388614e+02  1.000000000000000000e+05  1.000000000000000000e+05  1.000000000000000000e+11
234 3277 2.189034e-01 1.561739e+00  2.942231541609388614e+02  1.000000000000000000e+05  1.000000000000000000e+05  1.000000000000000000e+05
235 3291 2.180474e-01 1.566378e+00  2.942231541609388614e+02  1.000000000000000000e+05  1.000000000000000000e+05  1.000000000000000000e+11
236 3305 2.092227e-01 1.572414e+00  2.942231541609388614e+02  1.000000000000000000e+05  1.000000000000000000e+05  1.000000000000000000e+11
237 3319 1.971631e-01 1.575815e+00  2.942231541609388614e+02  1.000000000000000000e+05  1.000000000000000000e+05  1.000000000000000000e+05
238 3333 1.883582e-01 1.574790e+00  2.664731765244925441e+02  2.664731765244925441e+02  1.000000000000000000e+05  1.000000000000000000e+11
239 3347 2.523542e-01 1.574526e+00  2.664731765244925441e+02  5.201902782926465534e+02  1.000000000000000000e+05  1.000000000000000000e+11
240 3361 2.427392e-01 1.574276e+00  2.664731765244925441e+02  1.000000000000000000e+05  1.000000000000000000e+05  1.000000000000000000e+11
241 3375 2.322914e-01 1.575704e+00  2.664731765244925441e+02  1.000000000000000000e+05  1.000000000000000000e+05  1.000000000000000000e+05
242 3389 2.208450e-01 1.577315e+00  2.664731765244925441e+02  1.000000000000000000e+05  1.000000000000000000e+05  1.000000000000000000e+11
243 3403 2.957738e-01 1.580687e+00  2.664731765244925441e+02  1.000000000000000000e+05  1.000000000000000000e+05  1.000000000000000000e+05
244 3417 2.830587e-01 1.581094e+00  2.664731765244925441e+02  1.908273997857709446e+03  1.000000000000000000e+05  1.000000000000000000e+13
245 3431 2.743628e-01 1.577151e+00  2.664731765244925441e+02  2.139722581542115222e+03  1.000000000000000000e+05  1.000000000000000000e+05
246 3445 2.666001e-01 1.577262e+00  2.664731765244925441e+02  3.408148703211480210e+02  1.000000000000000000e+05  1.000000000000000000e+18
247 3459 2.581317e-01 1.579252e+00  2.664731765244925441e+02  1.000000000000000000e+05  1.000000000000000000e+05  1.000000000000000000e+18
248 3473 2.512805e-01 1.582527e+00  2.664731765244925441e+02  1.000000000000000000e+05  1.000000000000000000e+05  1.000000000000000000e+13
249 3487 2.451567e-01 1.583207e+00  2.664731765244925441e+02  1.000000000000000000e+05  1.000000000000000000e+05  1.000000000000000000e+18
250 3501 2.382531e-01 1.590510e+00  2.664731765244925441e+02  1.000000000000000000e+05  1.000000000000000000e+05  1.000000000000000000e+11
251 3515 2.312483e-01 1.591635e+00  2.664731765244925441e+02  1.000000000000000000e+05  1.000000000000000000e+05  1.000000000000000000e+05
252 3529 2.256777e-01 1.590180e+00  2.664731765244925441e+02  1.000000000000000000e+05  1.000000000000000000e+05  1.000000000000000000e+13
253 3543 2.211857e-01 1.594945e+00  2.664731765244925441e+02  1.000000000000000000e+05  1.000000000000000000e+05  1.000000000000000000e+05
254 3557 2.185235e-01 1.593583e+00  2.664731765244925441e+02  1.000000000000000000e+05  1.000000000000000000e+05  1.000000000000000000e+11
255 3571 2.143483e-01 1.595122e+00  2.664731765244925441e+02  1.000000000000000000e+05  1.000000000000000000e+05  1.000000000000000000e+13
256 3585 2.086218e-01 1.596704e+00  2.664731765244925441e+02  1.000000000000000000e+05  1.000000000000000000e+05  1.000000000000000000e+05
257 3599 1.982219e-01 1.595571e+00  2.664731765244925441e+02  1.000000000000000000e+05  1.000000000000000000e+05  1.000000000000000000e+16
258 3613 1.892056e-01 1.597248e+00  2.664731765244925441e+02  1.000000000000000000e+05  1.000000000000000000e+05  1.000000000000000000e+16
259 3627 1.802294e-01 1.599478e+00  2.664731765244925441e+02  1.000000000000000000e+05  1.000000000000000000e+05  1.000000000000000000e+15
260 3641 1.723898e-01 1.601765e+00  2.664731765244925441e+02  1.000000000000000000e+05  1.000000000000000000e+05  1.000000000000000000e+05
261 3655 1.652601e-01 1.601523e+00  2.664731765244925441e+02  1.000000000000000000e+05  1.000000000000000000e+05  1.000000000000000000e+05
262 3669 1.590646e-01 1.599590e+00  2.664731765244925441e+02  1.000000000000000000e+05  1.000000000000000000e+05  1.000000000000000000e+18
263 3683 1.543076e-01 1.601507e+00  2.664731765244925441e+02  1.000000000000000000e+05  1.000000000000000000e+05  1.000000000000000000e+18
264 3697 2.119761e-01 1.600938e+00  2.664731765244925441e+02  1.000000000000000000e+05  1.000000000000000000e+05  1.000000000000000000e+15
265 3711 2.089744e-01 1.602035e+00  2.664731765244925441e+02  1.000000000000000000e+05  1.000000000000000000e+05  1.000000000000000000e+15
266 3725 2.050385e-01 1.604180e+00  2.664731765244925441e+02  1.000000000000000000e+05  1.000000000000000000e+05  1.000000000000000000e+18
267 3739 2.839239e-01 1.604544e+00  2.664731765244925441e+02  1.000000000000000000e+05  1.000000000000000000e+05  1.000000000000000000e+15
268 3753 2.765893e-01 1.602568e+00  2.664731765244925441e+02  1.000000000000000000e+05  1.000000000000000000e+05  1.000000000000000000e+13
269 3767 2.719157e-01 1.603934e+00  2.664731765244925441e+02  1.000000000000000000e+05  1.000000000000000000e+05  1.000000000000000000e+05
270 3781 2.660229e-01 1.613399e+00  2.664731765244925441e+02  1.000000000000000000e+05  1.000000000000000000e+05  1.000000000000000000e+05
271 3795 2.585269e-01 1.613020e+00  2.664731765244925441e+02  1.000000000000000000e+05  1.000000000000000000e+05  1.000000000000000000e+05
272 3809 2.526112e-01 1.614919e+00  2.664731765244925441e+02  1.000000000000000000e+05  1.000000000000000000e+05  1.000000000000000000e+05
273 3823 2.476460e-01 1.614446e+00  2.664731765244925441e+02  1.000000000000000000e+05  1.000000000000000000e+05  1.000000000000000000e+15
274 3837 2.438800e-01 1.614007e+00  2.664731765244925441e+02  1.000000000000000000e+05  1.000000000000000000e+05  1.000000000000000000e+11
275 3851 2.368985e-01 1.611343e+00  2.664731765244925441e+02  3.527393574992373715e+02  1.000000000000000000e+05  1.000000000000000000e+11
276 3865 2.291415e-01 1.610863e+00  2.664731765244925441e+02  3.930380231017886672e+02  1.000000000000000000e+05  1.000000000000000000e+15
277 3879 2.249518e-01 1.606357e+00  2.664731765244925441e+02  3.192736869077589290e+02  1.000000000000000000e+05  1.000000000000000000e+15
278 3893 2.169160e-01 1.608319e+00  2.664731765244925441e+02  5.661386778918512164e+02  1.000000000000000000e+05  1.000000000000000000e+13
279 3907 2.078434e-01 1.605744e+00  2.664731765244925441e+02  7.231481318017463309e+02  1.000000000000000000e+05  1.000000000000000000e+11
280 3921 2.008932e-01 1.606519e+00  2.664731765244925441e+02  1.158147888787965485e+03  1.000000000000000000e+05  1.000000000000000000e+11
281 3935 1.966086e-01 1.605371e+00  2.664731765244925441e+02  3.375832631565426709e+02  1.000000000000000000e+05  1.000000000000000000e+11
282 3949 1.915193e-01 1.606084e+00  2.664731765244925441e+02  2.149197566334697513e+03  1.000000000000000000e+05  1.000000000000000000e+05
283 3963 1.862587e-01 1.607555e+00  2.664731765244925441e+02  1.662169373985217590e+03  1.000000000000000000e+05  1.000000000000000000e+05
284 3977 1.792712e-01 1.609159e+00  2.664731765244925441e+02  1.288334988722795288e+03  1.000000000000000000e+05  1.000000000000000000e+11
285 3991 1.730044e-01 1.608575e+00  2.664731765244925441e+02  1.496646909713974537e+03  1.000000000000000000e+05  1.000000000000000000e+11
286 4005 1.690551e-01 1.608335e+00  2.664731765244925441e+02  6.144428339011890330e+02  1.000000000000000000e+05  1.000000000000000000e+05
287 4019 2.272380e-01 1.610246e+00  2.664731765244925441e+02  2.464085745689121723e+03  1.000000000000000000e+05  1.000000000000000000e+15
288 4033 2.197824e-01 1.609931e+00  2.664731765244925441e+02  1.000000000000000000e+05  1.000000000000000000e+05  1.000000000000000000e+11
289 4047 2.145630e-01 1.615019e+00  2.664731765244925441e+02  1.326589979381605417e+03  1.000000000000000000e+05  1.000000000000000000e+05
290 4061 2.087356e-01 1.622181e+00  2.664731765244925441e+02  1.000000000000000000e+05  1.000000000000000000e+05  1.000000000000000000e+05
291 4075 2.039474e-01 1.623102e+00  2.664731765244925441e+02  4.633426862741492187e+03  1.000000000000000000e+05  1.000000000000000000e+05
292 4089 2.003418e-01 1.623491e+00  2.664731765244925441e+02  7.964661355673546268e+02  1.000000000000000000e+05  1.000000000000000000e+05
293 4103 1.994983e-01 1.628976e+00  2.664731765244925441e+02  1.000000000000000000e+05  1.000000000000000000e+05  1.000000000000000000e+05
294 4117 1.926745e-01 1.627063e+00  2.664731765244925441e+02  1.000000000000000000e+05  1.000000000000000000e+05  1.000000000000000000e+13
295 4131 1.858225e-01 1.626399e+00  2.664731765244925441e+02  1.000000000000000000e+05  1.000000000000000000e+05  1.000000000000000000e+05
296 4145 1.784068e-01 1.624705e+00  2.664731765244925441e+02  1.075095448840477047e+03  1.000000000000000000e+05  1.000000000000000000e+05
297 4159 1.719743e-01 1.621602e+00  2.664731765244925441e+02  2.270322533211825430e+03  1.000000000000000000e+05  1.000000000000000000e+15
298 4173 1.652223e-01 1.622240e+00  2.664731765244925441e+02  1.000000000000000000e+05  1.000000000000000000e+05  1.000000000000000000e+13
299 4187 1.588963e-01 1.619057e+00  2.664731765244925441e+02  1.000000000000000000e+05  1.000000000000000000e+05  1.000000000000000000e+05
300 4201 1.536364e-01 1.616475e+00  2.664731765244925441e+02  1.000000000000000000e+05  1.000000000000000000e+05  1.000000000000000000e+18
301 4215 1.481064e-01 1.623350e+00  2.664731765244925441e+02  1.799847137485969824e+03  1.000000000000000000e+05  1.000000000000000000e+05
302 4229 1.987136e-01 1.625669e+00  2.664731765244925441e+02  1.000000000000000000e+05  1.000000000000000000e+05  1.000000000000000000e+05
303 4243 1.916960e-01 1.636872e+00  2.664731765244925441e+02  1.000000000000000000e+05  1.000000000000000000e+05  1.000000000000000000e+13
304 4257 1.850618e-01 1.638905e+00  2.664731765244925441e+02  1.000000000000000000e+05  1.000000000000000000e+05  1.000000000000000000e+05
305 4271 1.778292e-01 1.639754e+00  2.664731765244925441e+02  1.000000000000000000e+05  1.000000000000000000e+05  1.000000000000000000e+11
306 4285 1.719354e-01 1.645034e+00  2.664731765244925441e+02  1.000000000000000000e+05  1.000000000000000000e+05  1.000000000000000000e+05
307 4299 1.685226e-01 1.636554e+00  2.664731765244925441e+02  1.758825340234051964e+03  1.000000000000000000e+05  1.000000000000000000e+05
308 4313 2.322927e-01 1.636916e+00  2.664731765244925441e+02  1.902547187130628572e+03  1.000000000000000000e+05  1.000000000000000000e+13
309 4327 2.259386e-01 1.635985e+00  2.664731765244925441e+02  1.021079384631187736e+03  1.000000000000000000e+05  1.000000000000000000e+11
310 4341 2.158351e-01 1.636643e+00  2.664731765244925441e+02  1.423306548848340071e+03  1.000000000000000000e+05  1.000000000000000000e+11
311 4355 2.051730e-01 1.630436e+00  2.664731765244925441e+02  8.305095531402128017e+02  1.000000000000000000e+05  1.000000000000000000e+15
312 4369 1.961842e-01 1.633023e+00  2.664731765244925441e+02  1.000000000000000000e+05  1.000000000000000000e+05  1.000000000000000000e+13
313 4383 1.883961e-01 1.633956e+00  2.664731765244925441e+02  3.117314643836256778e+02  1.000000000000000000e+05  1.000000000000000000e+05
314 4397 1.833690e-01 1.633477e+00  2.664731765244925441e+02  1.000000000000000000e+05  1.000000000000000000e+05  1.000000000000000000e+13
315 4411 1.763220e-01 1.644827e+00  2.664731765244925441e+02  1.000000000000000000e+05  1.000000000000000000e+05  1.000000000000000000e+11
316 4425 1.689878e-01 1.648960e+00  2.664731765244925441e+02  1.000000000000000000e+05  1.000000000000000000e+05  1.000000000000000000e+05
317 4439 1.644093e-01 1.651462e+00  2.664731765244925441e+02  1.000000000000000000e+05  1.000000000000000000e+05  1.000000000000000000e+05
318 4453 1.610934e-01 1.649806e+00  2.664731765244925441e+02  1.000000000000000000e+05  1.000000000000000000e+05  1.000000000000000000e+05
319 4467 2.157672e-01 1.651487e+00  2.664731765244925441e+02  1.000000000000000000e+05  1.000000000000000000e+05  1.000000000000000000e+05
320 4481 2.072202e-01 1.653391e+00  2.664731765244925441e+02  1.000000000000000000e+05  1.000000000000000000e+05  1.000000000000000000e+05
321 4495 1.980192e-01 1.657147e+00  2.664731765244925441e+02  1.000000000000000000e+05  1.000000000000000000e+05  1.000000000000000000e+05
322 4509 1.897217e-01 1.660082e+00  2.664731765244925441e+02  1.000000000000000000e+05  1.000000000000000000e+05  1.000000000000000000e+05
323 4523 2.536882e-01 1.661336e+00  2.664731765244925441e+02  1.000000000000000000e+05  1.000000000000000000e+05  1.000000000000000000e+05
324 4537 2.467391e-01 1.662052e+00  2.664731765244925441e+02  1.000000000000000000e+05  1.000000000000000000e+05  1.000000000000000000e+13
325 4551 2.442355e-01 1.661247e+00  2.664731765244925441e+02  1.000000000000000000e+05  1.000000000000000000e+05  1.000000000000000000e+05
326 4565 2.399982e-01 1.661501e+00  2.664731765244925441e+02  1.000000000000000000e+05  1.000000000000000000e+05  1.000000000000000000e+13
327 4579 2.335810e-01 1.657574e+00  2.664731765244925441e+02  1.000000000000000000e+05  1.000000000000000000e+05  1.000000000000000000e+05
328 4593 2.325818e-01 1.657222e+00  2.664731765244925441e+02  1.000000000000000000e+05  1.000000000000000000e+05  1.000000000000000000e+05
329 4607 2.276316e-01 1.657545e+00  2.664731765244925441e+02  1.000000000000000000e+05  1.000000000000000000e+05  1.000000000000000000e+05
330 4621 2.208688e-01 1.659674e+00  2.664731765244925441e+02  1.000000000000000000e+05  1.000000000000000000e+05  1.000000000000000000e+05
331 4635 2.134744e-01 1.662706e+00  2.664731765244925441e+02  1.000000000000000000e+05  1.000000000000000000e+05  1.000000000000000000e+05
332 4649 2.113467e-01 1.664796e+00  2.664731765244925441e+02  1.000000000000000000e+05  1.000000000000000000e+05  1.000000000000000000e+11
333 4663 2.073771e-01 1.669387e+00  2.664731765244925441e+02  1.000000000000000000e+05  1.000000000000000000e+05  1.000000000000000000e+05
334 4677 2.794103e-01 1.672910e+00  2.664731765244925441e+02  1.000000000000000000e+05  1.000000000000000000e+05  1.000000000000000000e+05
335 4691 2.725454e-01 1.670533e+00  2.664731765244925441e+02  1.000000000000000000e+05  1.000000000000000000e+05  1.000000000000000000e+05
336 4705 2.632323e-01 1.673523e+00  2.664731765244925441e+02  1.000000000000000000e+05  1.000000000000000000e+05  1.000000000000000000e+05
337 4719 2.505118e-01 1.680660e+00  2.664731765244925441e+02  1.000000000000000000e+05  1.000000000000000000e+05  1.000000000000000000e+05
338 4733 2.375251e-01 1.678519e+00  2.664731765244925441e+02  1.000000000000000000e+05  1.000000000000000000e+05  1.000000000000000000e+05
339 4747 2.281119e-01 1.678940e+00  2.664731765244925441e+02  1.000000000000000000e+05  1.000000000000000000e+05  1.000000000000000000e+05
340 4761 2.199620e-01 1.678270e+00  2.664731765244925441e+02  1.000000000000000000e+05  1.000000000000000000e+05  1.000000000000000000e+05
341 4775 2.133486e-01 1.682399e+00  2.664731765244925441e+02  1.000000000000000000e+05  1.000000000000000000e+05  1.000000000000000000e+05
342 4789 2.097371e-01 1.681506e+00  2.664731765244925441e+02  1.000000000000000000e+05  1.000000000000000000e+05  1.000000000000000000e+15
343 4803 2.052132e-01 1.683027e+00  2.664731765244925441e+02  1.000000000000000000e+05  1.000000000000000000e+05  1.000000000000000000e+05
344 4817 2.034424e-01 1.684143e+00  2.664731765244925441e+02  1.000000000000000000e+05  1.000000000000000000e+05  1.000000000000000000e+05
345 4831 2.053607e-01 1.682029e+00  2.664731765244925441e+02  1.000000000000000000e+05  1.000000000000000000e+05  1.000000000000000000e+05
346 4845 2.020189e-01 1.689602e+00  2.664731765244925441e+02  1.000000000000000000e+05  1.000000000000000000e+05  1.000000000000000000e+05
347 4859 1.961638e-01 1.691308e+00  2.664731765244925441e+02  1.000000000000000000e+05  1.000000000000000000e+05  1.000000000000000000e+05
348 4873 1.924882e-01 1.689881e+00  2.664731765244925441e+02  1.000000000000000000e+05  1.000000000000000000e+05  1.000000000000000000e+05
349 4887 1.901589e-01 1.691638e+00  2.664731765244925441e+02  1.000000000000000000e+05  1.000000000000000000e+05  1.000000000000000000e+05
350 4901 1.870300e-01 1.689816e+00  2.664731765244925441e+02  1.000000000000000000e+05  1.000000000000000000e+05  1.000000000000000000e+13
351 4915 1.809817e-01 1.689421e+00  2.664731765244925441e+02  1.000000000000000000e+05  1.000000000000000000e+05  1.000000000000000000e+05
352 4929 1.749935e-01 1.687723e+00  2.664731765244925441e+02  1.000000000000000000e+05  1.000000000000000000e+05  1.000000000000000000e+15
353 4943 1.681794e-01 1.686672e+00  2.664731765244925441e+02  1.000000000000000000e+05  1.000000000000000000e+05  1.000000000000000000e+05
354 4957 2.258069e-01 1.687319e+00  2.664731765244925441e+02  1.000000000000000000e+05  1.000000000000000000e+05  1.000000000000000000e+05
355 4971 2.147872e-01 1.682474e+00  2.664731765244925441e+02  1.000000000000000000e+05  1.000000000000000000e+05  1.000000000000000000e+05
356 4985 2.067451e-01 1.676717e+00  2.664731765244925441e+02  1.000000000000000000e+05  1.000000000000000000e+05  1.000000000000000000e+05
357 4999 1.958145e-01 1.678036e+00  2.664731765244925441e+02  1.000000000000000000e+05  1.000000000000000000e+05  1.000000000000000000e+05
358 5013 1.881599e-01 1.674279e+00  2.664731765244925441e+02  1.000000000000000000e+05  1.000000000000000000e+05  1.000000000000000000e+15
359 5027 1.823903e-01 1.676507e+00  2.664731765244925441e+02  1.000000000000000000e+05  1.000000000000000000e+05  1.000000000000000000e+13
360 5041 1.774687e-01 1.680833e+00  2.664731765244925441e+02  1.000000000000000000e+05  1.000000000000000000e+05  1.000000000000000000e+13
361 5055 1.726231e-01 1.684395e+00  2.664731765244925441e+02  1.000000000000000000e+05  1.000000000000000000e+05  1.000000000000000000e+05
362 5069 1.678811e-01 1.692613e+00  2.664731765244925441e+02  1.000000000000000000e+05  1.000000000000000000e+05  1.000000000000000000e+05
363 5083 1.609913e-01 1.694440e+00  2.664731765244925441e+02  1.000000000000000000e+05  1.000000000000000000e+05  1.000000000000000000e+13
364 5097 2.160228e-01 1.695859e+00  2.664731765244925441e+02  1.000000000000000000e+05  1.000000000000000000e+05  1.000000000000000000e+13
365 5111 2.058939e-01 1.690396e+00  2.664731765244925441e+02  1.000000000000000000e+05  1.000000000000000000e+05  1.000000000000000000e+13
366 5125 1.990113e-01 1.692286e+00  2.664731765244925441e+02  1.000000000000000000e+05  1.000000000000000000e+05  1.000000000000000000e+15
367 5139 2.722940e-01 1.694486e+00  2.664731765244925441e+02  1.000000000000000000e+05  1.000000000000000000e+05  1.000000000000000000e+13
368 5153 2.670907e-01 1.695904e+00  2.664731765244925441e+02  1.000000000000000000e+05  1.000000000000000000e+05  1.000000000000000000e+18
369 5167 2.571787e-01 1.697786e+00  2.664731765244925441e+02  1.000000000000000000e+05  1.000000000000000000e+05  1.000000000000000000e+05
370 5181 2.447852e-01 1.695051e+00  2.664731765244925441e+02  1.000000000000000000e+05  1.000000000000000000e+05  1.000000000000000000e+05
371 5195 2.361631e-01 1.697992e+00  2.664731765244925441e+02  1.000000000000000000e+05  1.000000000000000000e+05  1.000000000000000000e+11
372 5209 2.317335e-01 1.699064e+00  2.664731765244925441e+02  1.000000000000000000e+05  1.000000000000000000e+05  1.000000000000000000e+11
373 5223 2.212446e-01 1.698552e+00  2.664731765244925441e+02  1.000000000000000000e+05  1.000000000000000000e+05  1.000000000000000000e+11
374 5237 2.100073e-01 1.693256e+00  2.664731765244925441e+02  1.000000000000000000e+05  1.000000000000000000e+05  1.000000000000000000e+05
375 5251 2.850658e-01 1.693487e+00  2.664731765244925441e+02  1.000000000000000000e+05  1.000000000000000000e+05  1.000000000000000000e+05
376 5265 2.796670e-01 1.695165e+00  2.664731765244925441e+02  1.000000000000000000e+05  1.000000000000000000e+05  1.000000000000000000e+13
377 5279 2.708778e-01 1.697690e+00  2.664731765244925441e+02  1.000000000000000000e+05  1.000000000000000000e+05  1.000000000000000000e+11
378 5293 2.606977e-01 1.698171e+00  2.664731765244925441e+02  1.000000000000000000e+05  1.000000000000000000e+05  1.000000000000000000e+11
379 5307 2.519609e-01 1.697268e+00  2.664731765244925441e+02  1.000000000000000000e+05  1.000000000000000000e+05  1.000000000000000000e+11
380 5321 2.406752e-01 1.698317e+00  2.664731765244925441e+02  1.000000000000000000e+05  1.000000000000000000e+05  1.000000000000000000e+05
381 5335 2.306619e-01 1.701298e+00  2.664731765244925441e+02  1.000000000000000000e+05  1.000000000000000000e+05  1.000000000000000000e+11
382 5349 2.162372e-01 1.704778e+00  2.664731765244925441e+02  1.000000000000000000e+05  1.000000000000000000e+05  1.000000000000000000e+11
383 5363 2.101784e-01 1.710225e+00  2.664731765244925441e+02  1.000000000000000000e+05  1.000000000000000000e+05  1.000000000000000000e+11
384 5377 2.034754e-01 1.711254e+00  2.664731765244925441e+02  1.000000000000000000e+05  1.000000000000000000e+05  1.000000000000000000e+05
385 5391 1.957199e-01 1.717682e+00  2.664731765244925441e+02  1.000000000000000000e+05  1.000000000000000000e+05  1.000000000000000000e+11
386 5405 1.904529e-01 1.725898e+00  2.664731765244925441e+02  1.000000000000000000e+05  1.000000000000000000e+05  1.000000000000000000e+05
387 5419 1.869483e-01 1.735693e+00  2.664731765244925441e+02  1.000000000000000000e+05  1.000000000000000000e+05  1.000000000000000000e+05
388 5433 1.817154e-01 1.745620e+00  2.664731765244925441e+02  1.000000000000000000e+05  1.000000000000000000e+05  1.000000000000000000e+11
389 5447 1.753814e-01 1.753056e+00  2.664731765244925441e+02  1.000000000000000000e+05  1.000000000000000000e+05  1.000000000000000000e+11
390 5461 1.693336e-01 1.754918e+00  2.664731765244925441e+02  1.000000000000000000e+05  1.000000000000000000e+05  1.000000000000000000e+05
391 5475 2.282073e-01 1.759934e+00  2.664731765244925441e+02  1.000000000000000000e+05  1.000000000000000000e+05  1.000000000000000000e+05
392 5489 2.199838e-01 1.757591e+00  2.664731765244925441e+02  1.000000000000000000e+05  1.000000000000000000e+05  1.000000000000000000e+11
393 5503 2.115329e-01 1.751588e+00  2.664731765244925441e+02  1.000000000000000000e+05  1.000000000000000000e+05  1.000000000000000000e+05
394 5517 2.082534e-01 1.751132e+00  2.664731765244925441e+02  1.000000000000000000e+05  1.000000000000000000e+05  1.000000000000000000e+11
395 5531 2.042741e-01 1.750959e+00  2.664731765244925441e+02  1.000000000000000000e+05  1.000000000000000000e+05  1.000000000000000000e+05
396 5545 3.895415e-01 1.756770e+00  2.664731765244925441e+02  1.000000000000000000e+05  1.000000000000000000e+05  1.000000000000000000e+05
