%  columns="iteration, evaluation, sigma, max axis length, min axis length, all principle axes lengths (sorted square roots of eigenvalues of C)" (startseed=214933, 2023/08/23 14:52:29.34)
1 15 3.936166e-01 1.021469e+00 9.972581e-01 9.972581e-01 9.972581e-01 9.972581e-01 9.972581e-01 9.972581e-01 9.972581e-01 9.972581e-01 9.972581e-01 9.972581e-01 9.972581e-01 9.972581e-01 9.972581e-01 9.972581e-01 9.972581e-01 9.972581e-01 9.972581e-01 9.972581e-01 9.972581e-01 9.972581e-01 9.972581e-01 9.972581e-01 9.972581e-01 9.972581e-01 9.972581e-01 9.972581e-01 9.972581e-01 9.972581e-01 9.982861e-01 9.985695e-01 1.002190e+00 1.004423e+00 1.011436e+00 1.012880e+00 1.021469e+00 
2 29 3.783226e-01 1.031067e+00 9.945238e-01 9.945238e-01 9.945238e-01 9.945238e-01 9.945238e-01 9.945238e-01 9.945238e-01 9.945238e-01 9.945238e-01 9.945238e-01 9.945238e-01 9.945238e-01 9.945238e-01 9.945238e-01 9.945238e-01 9.945238e-01 9.945238e-01 9.945238e-01 9.945238e-01 9.945238e-01 9.945238e-01 9.952005e-01 9.952408e-01 9.957246e-01 9.964796e-01 9.968680e-01 9.980882e-01 1.000275e+00 1.000954e+00 1.002163e+00 1.005604e+00 1.008819e+00 1.012249e+00 1.014162e+00 1.031067e+00 
3 43 3.676342e-01 1.040980e+00 9.917970e-01 9.917970e-01 9.917970e-01 9.917970e-01 9.917970e-01 9.917970e-01 9.917970e-01 9.917970e-01 9.917970e-01 9.917970e-01 9.917970e-01 9.917970e-01 9.917970e-01 9.917970e-01 9.919083e-01 9.921586e-01 9.923482e-01 9.924699e-01 9.927421e-01 9.935121e-01 9.936332e-01 9.939105e-01 9.949286e-01 9.957100e-01 9.962984e-01 9.983184e-01 9.985779e-01 1.000472e+00 1.001659e+00 1.003951e+00 1.006876e+00 1.010217e+00 1.011413e+00 1.022085e+00 1.040980e+00 
4 57 3.617515e-01 1.050097e+00 9.890776e-01 9.890776e-01 9.890776e-01 9.890776e-01 9.890776e-01 9.890776e-01 9.890776e-01 9.891237e-01 9.892032e-01 9.892994e-01 9.893405e-01 9.894479e-01 9.896083e-01 9.901101e-01 9.902983e-01 9.905294e-01 9.907394e-01 9.908638e-01 9.915030e-01 9.920467e-01 9.925490e-01 9.933111e-01 9.937791e-01 9.953529e-01 9.963663e-01 9.979648e-01 9.991864e-01 1.000184e+00 1.002679e+00 1.006458e+00 1.008352e+00 1.009170e+00 1.016422e+00 1.028963e+00 1.050097e+00 
5 71 3.569385e-01 1.062528e+00 9.863742e-01 9.863742e-01 9.864079e-01 9.864697e-01 9.865401e-01 9.865969e-01 9.867375e-01 9.868428e-01 9.869331e-01 9.874097e-01 9.874735e-01 9.876249e-01 9.878029e-01 9.883623e-01 9.886057e-01 9.890025e-01 9.891937e-01 9.899930e-01 9.906259e-01 9.909776e-01 9.920080e-01 9.930647e-01 9.938534e-01 9.954842e-01 9.966547e-01 9.977472e-01 9.983470e-01 1.003053e+00 1.004134e+00 1.005731e+00 1.007913e+00 1.014044e+00 1.014795e+00 1.028053e+00 1.062528e+00 
6 85 3.485893e-01 1.070534e+00 9.837644e-01 9.837644e-01 9.838061e-01 9.838259e-01 9.840012e-01 9.841311e-01 9.842709e-01 9.844498e-01 9.848363e-01 9.852207e-01 9.855216e-01 9.860974e-01 9.862611e-01 9.868565e-01 9.873338e-01 9.876604e-01 9.881848e-01 9.886743e-01 9.894411e-01 9.903096e-01 9.914678e-01 9.926758e-01 9.932628e-01 9.961008e-01 9.967246e-01 9.985440e-01 1.000610e+00 1.002393e+00 1.004535e+00 1.006033e+00 1.010972e+00 1.015277e+00 1.026852e+00 1.028270e+00 1.070534e+00 
7 99 3.356495e-01 1.071932e+00 9.811462e-01 9.811462e-01 9.812028e-01 9.814140e-01 9.815773e-01 9.817488e-01 9.821862e-01 9.823654e-01 9.828119e-01 9.829216e-01 9.832527e-01 9.844523e-01 9.850817e-01 9.852493e-01 9.855148e-01 9.865905e-01 9.874863e-01 9.880706e-01 9.894400e-01 9.903762e-01 9.905958e-01 9.927308e-01 9.941564e-01 9.954048e-01 9.972367e-01 9.984394e-01 1.001032e+00 1.003341e+00 1.005008e+00 1.006110e+00 1.010338e+00 1.014202e+00 1.026631e+00 1.032330e+00 1.071932e+00 
8 113 3.154062e-01 1.071634e+00 9.787790e-01 9.787790e-01 9.788675e-01 9.789226e-01 9.794331e-01 9.796874e-01 9.798521e-01 9.802339e-01 9.804834e-01 9.807226e-01 9.818378e-01 9.823841e-01 9.832630e-01 9.838791e-01 9.846980e-01 9.860208e-01 9.869313e-01 9.871670e-01 9.882964e-01 9.890905e-01 9.917471e-01 9.925892e-01 9.931361e-01 9.945674e-01 9.957547e-01 1.000109e+00 1.001383e+00 1.003670e+00 1.004636e+00 1.010360e+00 1.012382e+00 1.013770e+00 1.025918e+00 1.038985e+00 1.071634e+00 
9 127 3.003226e-01 1.071626e+00 9.763900e-01 9.763900e-01 9.766054e-01 9.767670e-01 9.770868e-01 9.775104e-01 9.778398e-01 9.782608e-01 9.786347e-01 9.801201e-01 9.806680e-01 9.814492e-01 9.818582e-01 9.825213e-01 9.836614e-01 9.838299e-01 9.847682e-01 9.854858e-01 9.869188e-01 9.882832e-01 9.907706e-01 9.909699e-01 9.917008e-01 9.932274e-01 9.945110e-01 9.989361e-01 1.002280e+00 1.004569e+00 1.005289e+00 1.010800e+00 1.012908e+00 1.018493e+00 1.024076e+00 1.036805e+00 1.071626e+00 
10 141 2.905332e-01 1.071079e+00 9.741717e-01 9.741717e-01 9.743668e-01 9.745547e-01 9.749117e-01 9.754783e-01 9.757403e-01 9.763655e-01 9.768443e-01 9.781366e-01 9.795034e-01 9.804243e-01 9.806535e-01 9.809227e-01 9.815063e-01 9.828595e-01 9.844216e-01 9.852324e-01 9.865691e-01 9.868956e-01 9.889890e-01 9.908660e-01 9.922572e-01 9.925667e-01 9.947466e-01 9.986999e-01 1.000394e+00 1.003603e+00 1.007384e+00 1.010136e+00 1.015582e+00 1.022540e+00 1.026442e+00 1.043597e+00 1.071079e+00 
11 155 2.853448e-01 1.071515e+00 9.716781e-01 9.716781e-01 9.723007e-01 9.728616e-01 9.734794e-01 9.740769e-01 9.747484e-01 9.752178e-01 9.763489e-01 9.767290e-01 9.777838e-01 9.789595e-01 9.794768e-01 9.798472e-01 9.803688e-01 9.829627e-01 9.831230e-01 9.836795e-01 9.847879e-01 9.864034e-01 9.877163e-01 9.885855e-01 9.916117e-01 9.919203e-01 9.972255e-01 9.995385e-01 1.002055e+00 1.003624e+00 1.007513e+00 1.009453e+00 1.016384e+00 1.022051e+00 1.028639e+00 1.045907e+00 1.071515e+00 
12 169 2.836095e-01 1.072683e+00 9.697870e-01 9.697870e-01 9.702204e-01 9.705537e-01 9.718356e-01 9.719888e-01 9.726257e-01 9.740860e-01 9.746303e-01 9.752458e-01 9.761143e-01 9.765980e-01 9.772873e-01 9.782264e-01 9.794974e-01 9.806522e-01 9.813635e-01 9.821333e-01 9.833330e-01 9.860190e-01 9.867234e-01 9.900206e-01 9.920166e-01 9.929834e-01 9.985128e-01 9.994246e-01 1.001099e+00 1.003748e+00 1.007438e+00 1.013020e+00 1.017313e+00 1.025733e+00 1.033757e+00 1.050592e+00 1.072683e+00 
13 183 2.769832e-01 1.072299e+00 9.674648e-01 9.674648e-01 9.682465e-01 9.692101e-01 9.696245e-01 9.702730e-01 9.714501e-01 9.718372e-01 9.731263e-01 9.735963e-01 9.745457e-01 9.756048e-01 9.761608e-01 9.774582e-01 9.780539e-01 9.800900e-01 9.812880e-01 9.817277e-01 9.836353e-01 9.845737e-01 9.862967e-01 9.893229e-01 9.921688e-01 9.945009e-01 9.972658e-01 9.992748e-01 1.000347e+00 1.004314e+00 1.011068e+00 1.013338e+00 1.019596e+00 1.025542e+00 1.037672e+00 1.058078e+00 1.072299e+00 
14 197 2.720456e-01 1.077817e+00 9.652249e-01 9.652249e-01 9.663104e-01 9.672734e-01 9.682797e-01 9.685173e-01 9.695264e-01 9.709414e-01 9.715536e-01 9.717467e-01 9.732078e-01 9.741151e-01 9.752258e-01 9.760949e-01 9.783818e-01 9.787734e-01 9.805789e-01 9.816304e-01 9.820688e-01 9.840875e-01 9.855087e-01 9.876204e-01 9.895797e-01 9.925328e-01 9.955565e-01 9.971212e-01 9.996652e-01 1.006270e+00 1.010790e+00 1.012589e+00 1.019705e+00 1.024981e+00 1.038044e+00 1.063287e+00 1.077817e+00 
15 211 2.644525e-01 1.084275e+00 9.630583e-01 9.630583e-01 9.650645e-01 9.653974e-01 9.664838e-01 9.666855e-01 9.683669e-01 9.690919e-01 9.699506e-01 9.708614e-01 9.716654e-01 9.724215e-01 9.735010e-01 9.738830e-01 9.766663e-01 9.778813e-01 9.786216e-01 9.815770e-01 9.822166e-01 9.844167e-01 9.854878e-01 9.875191e-01 9.908711e-01 9.913879e-01 9.947399e-01 9.968347e-01 1.000401e+00 1.006794e+00 1.010164e+00 1.011880e+00 1.018141e+00 1.024521e+00 1.040039e+00 1.066092e+00 1.084275e+00 
16 225 2.564668e-01 1.088330e+00 9.610176e-01 9.610176e-01 9.629486e-01 9.632170e-01 9.641824e-01 9.656234e-01 9.659419e-01 9.677678e-01 9.685071e-01 9.691588e-01 9.696622e-01 9.708570e-01 9.726300e-01 9.738010e-01 9.744601e-01 9.762057e-01 9.766080e-01 9.799536e-01 9.820397e-01 9.833872e-01 9.844969e-01 9.873046e-01 9.890272e-01 9.901391e-01 9.942562e-01 9.981468e-01 9.992893e-01 1.007365e+00 1.010792e+00 1.012177e+00 1.017274e+00 1.023519e+00 1.042766e+00 1.066129e+00 1.088330e+00 
17 239 2.467511e-01 1.091759e+00 9.591199e-01 9.591199e-01 9.607604e-01 9.613531e-01 9.627167e-01 9.639564e-01 9.654673e-01 9.656773e-01 9.669141e-01 9.675643e-01 9.684219e-01 9.696854e-01 9.714084e-01 9.718375e-01 9.747797e-01 9.773447e-01 9.785058e-01 9.799081e-01 9.810136e-01 9.826814e-01 9.849331e-01 9.860047e-01 9.899478e-01 9.920006e-01 9.936807e-01 9.968894e-01 1.000243e+00 1.006815e+00 1.010509e+00 1.011232e+00 1.018031e+00 1.026168e+00 1.041749e+00 1.065784e+00 1.091759e+00 
18 253 2.381993e-01 1.091535e+00 9.583794e-01 9.583794e-01 9.595177e-01 9.598929e-01 9.606606e-01 9.626173e-01 9.636641e-01 9.643692e-01 9.658166e-01 9.664821e-01 9.675505e-01 9.689008e-01 9.698964e-01 9.721820e-01 9.738380e-01 9.758965e-01 9.764713e-01 9.783024e-01 9.792687e-01 9.809422e-01 9.835302e-01 9.862407e-01 9.907158e-01 9.922226e-01 9.953172e-01 9.965629e-01 1.000242e+00 1.006077e+00 1.009091e+00 1.010190e+00 1.016576e+00 1.024796e+00 1.041384e+00 1.067606e+00 1.091535e+00 
19 267 2.327194e-01 1.092804e+00 9.561147e-01 9.561147e-01 9.573950e-01 9.582236e-01 9.595417e-01 9.610432e-01 9.614145e-01 9.626976e-01 9.635528e-01 9.646368e-01 9.667058e-01 9.674521e-01 9.688642e-01 9.727865e-01 9.735426e-01 9.745685e-01 9.759224e-01 9.765415e-01 9.774711e-01 9.795291e-01 9.814435e-01 9.855718e-01 9.901780e-01 9.913243e-01 9.949726e-01 9.974729e-01 1.000325e+00 1.004007e+00 1.007945e+00 1.013753e+00 1.016315e+00 1.023329e+00 1.040109e+00 1.072685e+00 1.092804e+00 
20 281 2.293186e-01 1.095739e+00 9.540164e-01 9.540164e-01 9.553426e-01 9.565422e-01 9.585342e-01 9.592576e-01 9.609122e-01 9.613538e-01 9.623095e-01 9.628720e-01 9.641947e-01 9.654225e-01 9.677095e-01 9.712592e-01 9.721997e-01 9.736021e-01 9.740937e-01 9.762642e-01 9.773565e-01 9.786769e-01 9.803340e-01 9.837227e-01 9.881490e-01 9.913318e-01 9.942856e-01 9.960881e-01 9.995577e-01 1.003324e+00 1.011941e+00 1.016424e+00 1.017431e+00 1.022313e+00 1.039221e+00 1.076459e+00 1.095739e+00 
21 295 2.221514e-01 1.106255e+00 9.523460e-01 9.523460e-01 9.538386e-01 9.551299e-01 9.567389e-01 9.580378e-01 9.592774e-01 9.600120e-01 9.607658e-01 9.610209e-01 9.633265e-01 9.652886e-01 9.662180e-01 9.696596e-01 9.713702e-01 9.718038e-01 9.728583e-01 9.737500e-01 9.759342e-01 9.781285e-01 9.790858e-01 9.833122e-01 9.859678e-01 9.915547e-01 9.926087e-01 9.949830e-01 9.992580e-01 1.004090e+00 1.010470e+00 1.016474e+00 1.019025e+00 1.022347e+00 1.039361e+00 1.078868e+00 1.106255e+00 
22 309 2.115881e-01 1.103789e+00 9.512652e-01 9.512652e-01 9.516503e-01 9.533984e-01 9.560006e-01 9.561751e-01 9.569991e-01 9.580990e-01 9.587172e-01 9.598694e-01 9.622980e-01 9.637301e-01 9.662704e-01 9.676551e-01 9.697216e-01 9.708275e-01 9.716838e-01 9.738804e-01 9.764324e-01 9.776881e-01 9.795235e-01 9.822385e-01 9.844038e-01 9.899493e-01 9.935216e-01 9.937332e-01 9.991926e-01 1.002377e+00 1.008915e+00 1.014521e+00 1.017312e+00 1.024902e+00 1.040901e+00 1.080651e+00 1.103789e+00 
23 323 2.036429e-01 1.104678e+00 9.493486e-01 9.493486e-01 9.495201e-01 9.516220e-01 9.545285e-01 9.547722e-01 9.556622e-01 9.562264e-01 9.572637e-01 9.603618e-01 9.611192e-01 9.634799e-01 9.654679e-01 9.663572e-01 9.680480e-01 9.696619e-01 9.710312e-01 9.722494e-01 9.748744e-01 9.774224e-01 9.799791e-01 9.848989e-01 9.860421e-01 9.893466e-01 9.923357e-01 9.951992e-01 9.989349e-01 1.003333e+00 1.008680e+00 1.012855e+00 1.019677e+00 1.023904e+00 1.039209e+00 1.081458e+00 1.104678e+00 
24 337 1.972113e-01 1.103787e+00 9.471637e-01 9.471637e-01 9.476336e-01 9.500899e-01 9.525190e-01 9.528809e-01 9.538574e-01 9.548812e-01 9.552253e-01 9.589558e-01 9.613918e-01 9.622447e-01 9.642355e-01 9.652933e-01 9.678311e-01 9.686169e-01 9.707077e-01 9.731571e-01 9.758508e-01 9.769174e-01 9.798923e-01 9.842906e-01 9.853691e-01 9.886835e-01 9.918769e-01 9.949011e-01 9.997314e-01 1.003689e+00 1.010138e+00 1.011677e+00 1.019904e+00 1.026276e+00 1.037291e+00 1.082776e+00 1.103787e+00 
25 351 1.887313e-01 1.101443e+00 9.447806e-01 9.447806e-01 9.456238e-01 9.490767e-01 9.502636e-01 9.519810e-01 9.530378e-01 9.536354e-01 9.542025e-01 9.575988e-01 9.601320e-01 9.617359e-01 9.623748e-01 9.630364e-01 9.661875e-01 9.691994e-01 9.698961e-01 9.730603e-01 9.742365e-01 9.774007e-01 9.781250e-01 9.824873e-01 9.851850e-01 9.867577e-01 9.924864e-01 9.961438e-01 9.983163e-01 1.003593e+00 1.009485e+00 1.009955e+00 1.022278e+00 1.025028e+00 1.036446e+00 1.085684e+00 1.101443e+00 
26 365 1.814140e-01 1.099907e+00 9.426075e-01 9.426075e-01 9.449508e-01 9.474712e-01 9.496003e-01 9.499102e-01 9.513561e-01 9.518118e-01 9.527409e-01 9.558943e-01 9.579996e-01 9.602143e-01 9.617010e-01 9.629274e-01 9.642285e-01 9.670028e-01 9.701288e-01 9.723193e-01 9.735149e-01 9.749814e-01 9.794508e-01 9.806776e-01 9.846829e-01 9.864064e-01 9.914513e-01 9.959759e-01 9.982635e-01 1.005168e+00 1.010110e+00 1.013002e+00 1.022570e+00 1.027857e+00 1.036718e+00 1.085266e+00 1.099907e+00 
27 379 1.743989e-01 1.100753e+00 9.402011e-01 9.402011e-01 9.434175e-01 9.465620e-01 9.475647e-01 9.484796e-01 9.499552e-01 9.505239e-01 9.517207e-01 9.552227e-01 9.563376e-01 9.582880e-01 9.607497e-01 9.615043e-01 9.653114e-01 9.657111e-01 9.693775e-01 9.704194e-01 9.723555e-01 9.739150e-01 9.787976e-01 9.797339e-01 9.838398e-01 9.866507e-01 9.898679e-01 9.961953e-01 1.002166e+00 1.004508e+00 1.009812e+00 1.011256e+00 1.020592e+00 1.027469e+00 1.038547e+00 1.086052e+00 1.100753e+00 
28 393 1.689176e-01 1.100411e+00 9.390894e-01 9.390894e-01 9.413292e-01 9.441437e-01 9.454861e-01 9.470272e-01 9.484636e-01 9.493126e-01 9.517400e-01 9.544238e-01 9.557652e-01 9.567477e-01 9.589698e-01 9.608173e-01 9.642055e-01 9.643907e-01 9.676781e-01 9.699781e-01 9.712162e-01 9.740348e-01 9.774451e-01 9.784758e-01 9.836678e-01 9.854173e-01 9.920927e-01 9.953460e-01 1.001633e+00 1.003736e+00 1.009876e+00 1.012621e+00 1.023171e+00 1.029233e+00 1.040924e+00 1.084110e+00 1.100411e+00 
29 407 1.622323e-01 1.100913e+00 9.378241e-01 9.378241e-01 9.394314e-01 9.426386e-01 9.436494e-01 9.455145e-01 9.471400e-01 9.501365e-01 9.514125e-01 9.536116e-01 9.546915e-01 9.552538e-01 9.570214e-01 9.601342e-01 9.622838e-01 9.647221e-01 9.669736e-01 9.694123e-01 9.718532e-01 9.747499e-01 9.762926e-01 9.813271e-01 9.828563e-01 9.853081e-01 9.945002e-01 9.960762e-01 9.995930e-01 1.005581e+00 1.008284e+00 1.016332e+00 1.023461e+00 1.031511e+00 1.045901e+00 1.084374e+00 1.100913e+00 
30 421 1.553687e-01 1.100640e+00 9.366362e-01 9.366362e-01 9.378018e-01 9.405697e-01 9.428315e-01 9.434683e-01 9.449472e-01 9.479401e-01 9.502613e-01 9.523556e-01 9.535567e-01 9.547265e-01 9.550398e-01 9.587837e-01 9.608929e-01 9.638142e-01 9.671588e-01 9.682965e-01 9.705269e-01 9.725869e-01 9.741380e-01 9.807898e-01 9.823442e-01 9.855267e-01 9.940839e-01 9.956506e-01 1.000178e+00 1.004119e+00 1.008424e+00 1.015267e+00 1.023303e+00 1.031728e+00 1.046263e+00 1.084192e+00 1.100640e+00 
31 435 1.484267e-01 1.099203e+00 9.346346e-01 9.346346e-01 9.360875e-01 9.384525e-01 9.410469e-01 9.426768e-01 9.436636e-01 9.482824e-01 9.497492e-01 9.514342e-01 9.521453e-01 9.535404e-01 9.570576e-01 9.571062e-01 9.598816e-01 9.624365e-01 9.656867e-01 9.677437e-01 9.703126e-01 9.728226e-01 9.787654e-01 9.792502e-01 9.838662e-01 9.873796e-01 9.926080e-01 9.954582e-01 1.001124e+00 1.004208e+00 1.006911e+00 1.014626e+00 1.022018e+00 1.032996e+00 1.044485e+00 1.082645e+00 1.099203e+00 
32 449 1.967276e-01 1.097493e+00 9.330023e-01 9.330023e-01 9.341920e-01 9.375340e-01 9.400010e-01 9.421852e-01 9.430820e-01 9.479221e-01 9.490697e-01 9.496902e-01 9.507810e-01 9.536014e-01 9.554388e-01 9.563871e-01 9.596813e-01 9.637056e-01 9.655599e-01 9.676042e-01 9.699715e-01 9.741530e-01 9.776312e-01 9.782146e-01 9.831786e-01 9.872596e-01 9.913676e-01 9.954398e-01 1.000442e+00 1.002892e+00 1.005884e+00 1.014375e+00 1.022794e+00 1.032047e+00 1.043132e+00 1.083122e+00 1.097493e+00 
33 463 1.861415e-01 1.096609e+00 9.315563e-01 9.315563e-01 9.333363e-01 9.354042e-01 9.381955e-01 9.398890e-01 9.409354e-01 9.471113e-01 9.477933e-01 9.482372e-01 9.501628e-01 9.520386e-01 9.535412e-01 9.560543e-01 9.579945e-01 9.624001e-01 9.646661e-01 9.682108e-01 9.706845e-01 9.737712e-01 9.755449e-01 9.787472e-01 9.841117e-01 9.860935e-01 9.902804e-01 9.939123e-01 9.999912e-01 1.001417e+00 1.005180e+00 1.013054e+00 1.021573e+00 1.030271e+00 1.044545e+00 1.081910e+00 1.096609e+00 
34 477 1.811922e-01 1.099241e+00 9.298551e-01 9.298551e-01 9.314019e-01 9.340882e-01 9.373303e-01 9.379672e-01 9.395622e-01 9.451076e-01 9.460225e-01 9.475614e-01 9.492862e-01 9.510619e-01 9.521259e-01 9.552219e-01 9.578814e-01 9.624765e-01 9.653510e-01 9.665112e-01 9.702069e-01 9.730920e-01 9.767630e-01 9.799374e-01 9.842727e-01 9.849519e-01 9.889407e-01 9.920322e-01 9.999342e-01 1.002805e+00 1.010311e+00 1.013301e+00 1.019714e+00 1.029682e+00 1.045413e+00 1.084284e+00 1.099241e+00 
35 491 2.471075e-01 1.098135e+00 9.283324e-01 9.283324e-01 9.295060e-01 9.321397e-01 9.354120e-01 9.358227e-01 9.390182e-01 9.436948e-01 9.445421e-01 9.472332e-01 9.474113e-01 9.510188e-01 9.522353e-01 9.544750e-01 9.571283e-01 9.607200e-01 9.633348e-01 9.652908e-01 9.680712e-01 9.716304e-01 9.749688e-01 9.793958e-01 9.824845e-01 9.852080e-01 9.876692e-01 9.909297e-01 9.975863e-01 1.003978e+00 1.010914e+00 1.013232e+00 1.020747e+00 1.033302e+00 1.047687e+00 1.084486e+00 1.098135e+00 
36 505 2.425644e-01 1.097929e+00 9.275876e-01 9.275876e-01 9.288815e-01 9.307659e-01 9.335032e-01 9.351928e-01 9.382296e-01 9.423201e-01 9.434434e-01 9.457630e-01 9.464036e-01 9.489038e-01 9.519736e-01 9.531406e-01 9.564102e-01 9.593398e-01 9.639531e-01 9.650374e-01 9.659709e-01 9.713533e-01 9.741984e-01 9.786050e-01 9.812862e-01 9.851852e-01 9.870899e-01 9.897059e-01 9.963460e-01 1.004047e+00 1.009849e+00 1.012869e+00 1.020787e+00 1.033141e+00 1.046287e+00 1.086654e+00 1.097929e+00 
37 519 2.339112e-01 1.099362e+00 9.259344e-01 9.259344e-01 9.272741e-01 9.289355e-01 9.318874e-01 9.332646e-01 9.381767e-01 9.404471e-01 9.418735e-01 9.438410e-01 9.458292e-01 9.478272e-01 9.498433e-01 9.517765e-01 9.551884e-01 9.578731e-01 9.630915e-01 9.645429e-01 9.652635e-01 9.719768e-01 9.724525e-01 9.790761e-01 9.830541e-01 9.845376e-01 9.867229e-01 9.933063e-01 9.954843e-01 1.003138e+00 1.009666e+00 1.016419e+00 1.019592e+00 1.033092e+00 1.045422e+00 1.087240e+00 1.099362e+00 
38 533 2.252424e-01 1.098532e+00 9.239345e-01 9.239345e-01 9.248650e-01 9.270817e-01 9.300656e-01 9.309774e-01 9.369777e-01 9.389971e-01 9.410255e-01 9.422685e-01 9.438323e-01 9.468834e-01 9.486026e-01 9.512238e-01 9.543262e-01 9.559990e-01 9.621090e-01 9.627063e-01 9.658198e-01 9.700642e-01 9.721479e-01 9.806846e-01 9.818828e-01 9.840620e-01 9.884018e-01 9.936758e-01 9.947993e-01 1.002989e+00 1.008468e+00 1.016700e+00 1.019952e+00 1.031692e+00 1.045226e+00 1.087663e+00 1.098532e+00 
39 547 2.146164e-01 1.102983e+00 9.220108e-01 9.220108e-01 9.226052e-01 9.262869e-01 9.289401e-01 9.302280e-01 9.356473e-01 9.389158e-01 9.399936e-01 9.417977e-01 9.447052e-01 9.457137e-01 9.485398e-01 9.509259e-01 9.535433e-01 9.542466e-01 9.604491e-01 9.634610e-01 9.641168e-01 9.691841e-01 9.713685e-01 9.786202e-01 9.825850e-01 9.846666e-01 9.866903e-01 9.920382e-01 9.944438e-01 1.002395e+00 1.009543e+00 1.015056e+00 1.021949e+00 1.032097e+00 1.045074e+00 1.087980e+00 1.102983e+00 
40 561 2.096729e-01 1.102648e+00 9.205247e-01 9.205247e-01 9.244456e-01 9.251842e-01 9.266340e-01 9.295493e-01 9.357117e-01 9.370842e-01 9.389792e-01 9.408617e-01 9.434883e-01 9.446666e-01 9.475314e-01 9.510749e-01 9.535547e-01 9.551571e-01 9.593086e-01 9.628060e-01 9.651862e-01 9.678396e-01 9.721813e-01 9.772981e-01 9.812465e-01 9.829593e-01 9.864793e-01 9.933449e-01 9.948607e-01 1.000276e+00 1.007753e+00 1.015653e+00 1.026106e+00 1.030313e+00 1.044745e+00 1.086996e+00 1.102648e+00 
41 575 2.022037e-01 1.103238e+00 9.190553e-01 9.190553e-01 9.228256e-01 9.238681e-01 9.251186e-01 9.282832e-01 9.342427e-01 9.361705e-01 9.385570e-01 9.404081e-01 9.430057e-01 9.444127e-01 9.475036e-01 9.505139e-01 9.523099e-01 9.542512e-01 9.590498e-01 9.609015e-01 9.630858e-01 9.660045e-01 9.713932e-01 9.760274e-01 9.800689e-01 9.821374e-01 9.875264e-01 9.909428e-01 9.952402e-01 9.988687e-01 1.005776e+00 1.019812e+00 1.028210e+00 1.032409e+00 1.043679e+00 1.085802e+00 1.103238e+00 
42 589 1.948418e-01 1.101242e+00 9.179693e-01 9.179693e-01 9.214566e-01 9.217819e-01 9.227774e-01 9.263121e-01 9.319209e-01 9.346154e-01 9.386061e-01 9.404964e-01 9.418954e-01 9.432262e-01 9.482208e-01 9.503583e-01 9.508197e-01 9.524719e-01 9.572415e-01 9.603347e-01 9.614874e-01 9.661046e-01 9.694056e-01 9.767436e-01 9.792671e-01 9.813305e-01 9.889077e-01 9.921011e-01 9.964155e-01 9.989332e-01 1.005285e+00 1.020061e+00 1.027607e+00 1.032758e+00 1.043111e+00 1.084052e+00 1.101242e+00 
43 603 1.878573e-01 1.099886e+00 9.173394e-01 9.173394e-01 9.194049e-01 9.212080e-01 9.224068e-01 9.254047e-01 9.313415e-01 9.333328e-01 9.391533e-01 9.399127e-01 9.408304e-01 9.435351e-01 9.475387e-01 9.485979e-01 9.494369e-01 9.509747e-01 9.566802e-01 9.583356e-01 9.618379e-01 9.642119e-01 9.673853e-01 9.760479e-01 9.769819e-01 9.809255e-01 9.895469e-01 9.933479e-01 9.965935e-01 9.987562e-01 1.006081e+00 1.019012e+00 1.028276e+00 1.032837e+00 1.041889e+00 1.084194e+00 1.099886e+00 
44 617 1.784082e-01 1.101343e+00 9.153729e-01 9.153729e-01 9.181754e-01 9.189306e-01 9.204215e-01 9.273717e-01 9.298099e-01 9.312296e-01 9.374218e-01 9.393532e-01 9.396939e-01 9.440529e-01 9.456839e-01 9.486117e-01 9.487963e-01 9.499404e-01 9.544380e-01 9.582597e-01 9.624021e-01 9.626517e-01 9.666767e-01 9.744049e-01 9.746631e-01 9.816362e-01 9.894763e-01 9.924848e-01 9.955819e-01 9.981028e-01 1.006162e+00 1.016927e+00 1.027656e+00 1.031342e+00 1.040377e+00 1.083559e+00 1.101343e+00 
45 631 1.693295e-01 1.099285e+00 9.146455e-01 9.146455e-01 9.167593e-01 9.192313e-01 9.213619e-01 9.273475e-01 9.279887e-01 9.307768e-01 9.360646e-01 9.373780e-01 9.381414e-01 9.434915e-01 9.449685e-01 9.471121e-01 9.477225e-01 9.488106e-01 9.554862e-01 9.584756e-01 9.620034e-01 9.641353e-01 9.656691e-01 9.725563e-01 9.747386e-01 9.805198e-01 9.886243e-01 9.904294e-01 9.949793e-01 1.001210e+00 1.009250e+00 1.015072e+00 1.027704e+00 1.032707e+00 1.038824e+00 1.084470e+00 1.099285e+00 
46 645 2.243988e-01 1.097324e+00 9.129921e-01 9.129921e-01 9.150385e-01 9.176682e-01 9.194868e-01 9.253719e-01 9.265442e-01 9.286605e-01 9.342629e-01 9.355887e-01 9.362080e-01 9.411921e-01 9.447514e-01 9.455576e-01 9.473882e-01 9.483466e-01 9.569368e-01 9.597854e-01 9.618702e-01 9.638244e-01 9.644757e-01 9.712848e-01 9.743364e-01 9.790134e-01 9.881227e-01 9.895217e-01 9.933346e-01 9.999154e-01 1.007285e+00 1.014186e+00 1.027320e+00 1.030895e+00 1.037944e+00 1.084510e+00 1.097324e+00 
47 659 2.153781e-01 1.096265e+00 9.106956e-01 9.106956e-01 9.131450e-01 9.163974e-01 9.213661e-01 9.241154e-01 9.271371e-01 9.281518e-01 9.326398e-01 9.346201e-01 9.367527e-01 9.396803e-01 9.425366e-01 9.453105e-01 9.461279e-01 9.481042e-01 9.546543e-01 9.576800e-01 9.607661e-01 9.616021e-01 9.671565e-01 9.694791e-01 9.734299e-01 9.773022e-01 9.867258e-01 9.912083e-01 9.936229e-01 9.983479e-01 1.007371e+00 1.013760e+00 1.025858e+00 1.030584e+00 1.037280e+00 1.084640e+00 1.096265e+00 
48 673 2.075437e-01 1.096123e+00 9.088601e-01 9.088601e-01 9.114898e-01 9.165844e-01 9.209805e-01 9.222841e-01 9.249075e-01 9.270658e-01 9.317231e-01 9.348680e-01 9.371773e-01 9.394319e-01 9.435402e-01 9.444731e-01 9.471097e-01 9.498939e-01 9.529737e-01 9.556112e-01 9.595053e-01 9.601977e-01 9.663597e-01 9.680906e-01 9.717308e-01 9.772175e-01 9.848203e-01 9.902632e-01 9.940301e-01 1.000821e+00 1.007083e+00 1.012595e+00 1.024914e+00 1.030035e+00 1.041001e+00 1.083375e+00 1.096123e+00 
49 687 2.012966e-01 1.097729e+00 9.075223e-01 9.075223e-01 9.098726e-01 9.153580e-01 9.190518e-01 9.209058e-01 9.240899e-01 9.269447e-01 9.299014e-01 9.333091e-01 9.363378e-01 9.384773e-01 9.425775e-01 9.430630e-01 9.454051e-01 9.509085e-01 9.522664e-01 9.536676e-01 9.582957e-01 9.593762e-01 9.646043e-01 9.670458e-01 9.700044e-01 9.749128e-01 9.828531e-01 9.898458e-01 9.942199e-01 1.004358e+00 1.005779e+00 1.012791e+00 1.023892e+00 1.030422e+00 1.046482e+00 1.082007e+00 1.097729e+00 
50 701 1.948611e-01 1.099670e+00 9.065741e-01 9.065741e-01 9.078347e-01 9.133858e-01 9.172023e-01 9.191770e-01 9.240325e-01 9.247918e-01 9.285729e-01 9.331459e-01 9.350402e-01 9.367862e-01 9.406676e-01 9.419013e-01 9.443626e-01 9.497360e-01 9.512957e-01 9.541928e-01 9.562496e-01 9.575040e-01 9.637457e-01 9.659677e-01 9.710565e-01 9.758887e-01 9.822126e-01 9.899012e-01 9.959896e-01 1.003200e+00 1.005587e+00 1.012640e+00 1.026303e+00 1.029119e+00 1.053184e+00 1.083378e+00 1.099670e+00 
51 715 1.913373e-01 1.100944e+00 9.054394e-01 9.054394e-01 9.072662e-01 9.126870e-01 9.158478e-01 9.174964e-01 9.220825e-01 9.231001e-01 9.267191e-01 9.318721e-01 9.344701e-01 9.368106e-01 9.400440e-01 9.404893e-01 9.434310e-01 9.489288e-01 9.513174e-01 9.542293e-01 9.556215e-01 9.577171e-01 9.617890e-01 9.643718e-01 9.711851e-01 9.745541e-01 9.813057e-01 9.878372e-01 1.002374e+00 1.002681e+00 1.009482e+00 1.011836e+00 1.026783e+00 1.030141e+00 1.052724e+00 1.083538e+00 1.100944e+00 
52 729 1.858977e-01 1.098970e+00 9.033425e-01 9.033425e-01 9.060164e-01 9.117207e-01 9.148488e-01 9.185478e-01 9.197862e-01 9.221238e-01 9.247718e-01 9.312117e-01 9.326598e-01 9.353905e-01 9.381094e-01 9.404554e-01 9.419447e-01 9.465877e-01 9.497669e-01 9.521849e-01 9.550869e-01 9.568269e-01 9.627573e-01 9.646341e-01 9.698422e-01 9.729629e-01 9.792716e-01 9.913648e-01 1.002135e+00 1.002539e+00 1.008453e+00 1.010539e+00 1.026115e+00 1.031431e+00 1.051398e+00 1.083949e+00 1.098970e+00 
53 743 1.797528e-01 1.097831e+00 9.012692e-01 9.012692e-01 9.055004e-01 9.129623e-01 9.136763e-01 9.169130e-01 9.187761e-01 9.217975e-01 9.241282e-01 9.300386e-01 9.318094e-01 9.340912e-01 9.374264e-01 9.387257e-01 9.415300e-01 9.451723e-01 9.480185e-01 9.511974e-01 9.557894e-01 9.575810e-01 9.616384e-01 9.652620e-01 9.681144e-01 9.734009e-01 9.775572e-01 9.896707e-01 1.001160e+00 1.004841e+00 1.006916e+00 1.009955e+00 1.024295e+00 1.032983e+00 1.049384e+00 1.084212e+00 1.097831e+00 
54 757 1.736715e-01 1.097628e+00 9.003383e-01 9.003383e-01 9.043357e-01 9.123023e-01 9.148486e-01 9.153722e-01 9.178810e-01 9.199936e-01 9.233773e-01 9.285547e-01 9.301691e-01 9.325906e-01 9.358632e-01 9.375581e-01 9.432577e-01 9.451690e-01 9.464129e-01 9.502163e-01 9.539115e-01 9.586211e-01 9.600473e-01 9.640340e-01 9.683587e-01 9.727906e-01 9.775272e-01 9.881647e-01 1.000567e+00 1.004816e+00 1.005674e+00 1.012930e+00 1.023909e+00 1.031287e+00 1.049511e+00 1.085792e+00 1.097628e+00 
55 771 1.680966e-01 1.095850e+00 9.000250e-01 9.000250e-01 9.023159e-01 9.115208e-01 9.131689e-01 9.136346e-01 9.173841e-01 9.195858e-01 9.211748e-01 9.264978e-01 9.283972e-01 9.305571e-01 9.339770e-01 9.359719e-01 9.433245e-01 9.443054e-01 9.456067e-01 9.485919e-01 9.533862e-01 9.583208e-01 9.598485e-01 9.622518e-01 9.666500e-01 9.717552e-01 9.771544e-01 9.877625e-01 9.994186e-01 1.002909e+00 1.007248e+00 1.014166e+00 1.022285e+00 1.030636e+00 1.047278e+00 1.088216e+00 1.095850e+00 
56 785 1.615088e-01 1.094217e+00 8.981428e-01 8.981428e-01 9.004997e-01 9.106104e-01 9.110930e-01 9.120768e-01 9.161335e-01 9.185343e-01 9.197889e-01 9.250188e-01 9.297442e-01 9.310583e-01 9.352417e-01 9.361646e-01 9.412919e-01 9.426229e-01 9.449276e-01 9.496143e-01 9.519234e-01 9.567972e-01 9.607431e-01 9.613993e-01 9.657504e-01 9.703193e-01 9.791863e-01 9.873329e-01 9.986580e-01 1.003880e+00 1.006026e+00 1.014248e+00 1.021560e+00 1.031190e+00 1.045293e+00 1.089979e+00 1.094217e+00 
57 799 1.567594e-01 1.093172e+00 8.967498e-01 8.967498e-01 8.983597e-01 9.089229e-01 9.096954e-01 9.108034e-01 9.161750e-01 9.171999e-01 9.193139e-01 9.235416e-01 9.277815e-01 9.297487e-01 9.338756e-01 9.345586e-01 9.404485e-01 9.414688e-01 9.447014e-01 9.503327e-01 9.504933e-01 9.563947e-01 9.596418e-01 9.631317e-01 9.651338e-01 9.722353e-01 9.801058e-01 9.857448e-01 9.974222e-01 1.004942e+00 1.006013e+00 1.013979e+00 1.022626e+00 1.031244e+00 1.045870e+00 1.089630e+00 1.093172e+00 
58 813 1.529650e-01 1.092039e+00 8.959464e-01 8.959464e-01 8.974063e-01 9.067551e-01 9.078103e-01 9.114441e-01 9.144599e-01 9.155582e-01 9.182652e-01 9.220994e-01 9.277959e-01 9.285590e-01 9.320112e-01 9.350568e-01 9.383892e-01 9.412610e-01 9.437938e-01 9.484443e-01 9.511641e-01 9.550140e-01 9.597523e-01 9.614474e-01 9.648600e-01 9.712766e-01 9.783588e-01 9.856431e-01 9.952253e-01 1.003865e+00 1.008083e+00 1.014039e+00 1.026765e+00 1.035096e+00 1.044567e+00 1.088782e+00 1.092039e+00 
59 827 1.475432e-01 1.091581e+00 8.939325e-01 8.939325e-01 8.958843e-01 9.053211e-01 9.059031e-01 9.113445e-01 9.139334e-01 9.148676e-01 9.179485e-01 9.213525e-01 9.257855e-01 9.276745e-01 9.306477e-01 9.340932e-01 9.383054e-01 9.400186e-01 9.442917e-01 9.470172e-01 9.506226e-01 9.532444e-01 9.583531e-01 9.603361e-01 9.639422e-01 9.694876e-01 9.784323e-01 9.836401e-01 9.947163e-01 1.002349e+00 1.008705e+00 1.015339e+00 1.029362e+00 1.034108e+00 1.043813e+00 1.089987e+00 1.091581e+00 
60 841 1.986029e-01 1.093025e+00 8.925880e-01 8.925880e-01 8.957752e-01 9.033836e-01 9.043233e-01 9.103737e-01 9.127029e-01 9.146990e-01 9.172443e-01 9.194853e-01 9.244481e-01 9.277350e-01 9.302809e-01 9.328135e-01 9.385777e-01 9.386187e-01 9.430727e-01 9.472318e-01 9.505098e-01 9.510789e-01 9.559674e-01 9.590119e-01 9.622140e-01 9.688149e-01 9.774817e-01 9.818918e-01 9.956199e-01 1.001825e+00 1.008175e+00 1.015767e+00 1.028652e+00 1.034507e+00 1.044419e+00 1.089251e+00 1.093025e+00 
61 855 1.913296e-01 1.093220e+00 8.915159e-01 8.915159e-01 8.942945e-01 9.017825e-01 9.044534e-01 9.091151e-01 9.127616e-01 9.138411e-01 9.162748e-01 9.174672e-01 9.233762e-01 9.264901e-01 9.301670e-01 9.334380e-01 9.372117e-01 9.391612e-01 9.422362e-01 9.465099e-01 9.494404e-01 9.499442e-01 9.544475e-01 9.595674e-01 9.640568e-01 9.675035e-01 9.768259e-01 9.801138e-01 9.949247e-01 1.000175e+00 1.006660e+00 1.019364e+00 1.026999e+00 1.032938e+00 1.043063e+00 1.088887e+00 1.093220e+00 
62 869 1.853679e-01 1.092493e+00 8.903370e-01 8.903370e-01 8.930390e-01 9.005479e-01 9.032665e-01 9.074368e-01 9.114020e-01 9.121820e-01 9.142435e-01 9.169730e-01 9.219562e-01 9.275604e-01 9.311727e-01 9.326800e-01 9.361434e-01 9.400172e-01 9.406332e-01 9.451236e-01 9.479661e-01 9.512089e-01 9.547191e-01 9.587678e-01 9.623624e-01 9.655088e-01 9.766776e-01 9.816399e-01 9.941648e-01 9.983969e-01 1.006786e+00 1.020275e+00 1.029497e+00 1.032399e+00 1.041891e+00 1.087168e+00 1.092493e+00 
63 883 2.505381e-01 1.091417e+00 8.894608e-01 8.894608e-01 8.915072e-01 8.997842e-01 9.018141e-01 9.055038e-01 9.098340e-01 9.110682e-01 9.147867e-01 9.156486e-01 9.207566e-01 9.266488e-01 9.298869e-01 9.328496e-01 9.350775e-01 9.389970e-01 9.406945e-01 9.450474e-01 9.482329e-01 9.517053e-01 9.547234e-01 9.585037e-01 9.610424e-01 9.645620e-01 9.762954e-01 9.807310e-01 9.928241e-01 9.996742e-01 1.004872e+00 1.022216e+00 1.027518e+00 1.030945e+00 1.040676e+00 1.086674e+00 1.091417e+00 
64 897 2.461357e-01 1.095196e+00 8.884443e-01 8.884443e-01 8.906489e-01 8.984272e-01 8.998535e-01 9.050323e-01 9.082135e-01 9.097151e-01 9.132695e-01 9.144240e-01 9.190147e-01 9.253111e-01 9.289545e-01 9.317261e-01 9.363591e-01 9.394219e-01 9.418832e-01 9.461237e-01 9.482348e-01 9.509181e-01 9.530634e-01 9.578039e-01 9.621847e-01 9.636553e-01 9.767191e-01 9.795581e-01 9.934750e-01 9.999288e-01 1.003317e+00 1.025074e+00 1.027963e+00 1.030932e+00 1.040093e+00 1.086488e+00 1.095196e+00 
65 911 2.445624e-01 1.094253e+00 8.870192e-01 8.870192e-01 8.890377e-01 8.967212e-01 8.994852e-01 9.035265e-01 9.074452e-01 9.091513e-01 9.110080e-01 9.141711e-01 9.170892e-01 9.240544e-01 9.308980e-01 9.316077e-01 9.347619e-01 9.380980e-01 9.425357e-01 9.460653e-01 9.485568e-01 9.525166e-01 9.539871e-01 9.579341e-01 9.616711e-01 9.644764e-01 9.748250e-01 9.792128e-01 9.915585e-01 1.001985e+00 1.004081e+00 1.024920e+00 1.029419e+00 1.033206e+00 1.050438e+00 1.090335e+00 1.094253e+00 
66 925 2.386642e-01 1.094103e+00 8.860479e-01 8.860479e-01 8.875347e-01 8.948636e-01 8.986293e-01 9.023572e-01 9.053080e-01 9.081073e-01 9.109122e-01 9.127018e-01 9.172303e-01 9.229529e-01 9.296903e-01 9.307081e-01 9.332288e-01 9.371492e-01 9.418687e-01 9.454963e-01 9.477685e-01 9.502550e-01 9.519034e-01 9.558508e-01 9.611477e-01 9.642323e-01 9.763141e-01 9.772615e-01 9.904708e-01 1.000127e+00 1.005379e+00 1.025382e+00 1.028797e+00 1.039612e+00 1.050061e+00 1.091805e+00 1.094103e+00 
67 939 2.333981e-01 1.093904e+00 8.848123e-01 8.848123e-01 8.871445e-01 8.929936e-01 8.965033e-01 9.008449e-01 9.036956e-01 9.088039e-01 9.094982e-01 9.116867e-01 9.161138e-01 9.208507e-01 9.284384e-01 9.309216e-01 9.318427e-01 9.374405e-01 9.401526e-01 9.456227e-01 9.471004e-01 9.488826e-01 9.502910e-01 9.544473e-01 9.632315e-01 9.638983e-01 9.750167e-01 9.778688e-01 9.883663e-01 9.980413e-01 1.004731e+00 1.023855e+00 1.028683e+00 1.041390e+00 1.055503e+00 1.093514e+00 1.093904e+00 
68 953 2.317669e-01 1.099509e+00 8.828084e-01 8.828084e-01 8.853895e-01 8.915516e-01 8.954771e-01 9.000978e-01 9.018072e-01 9.079569e-01 9.085963e-01 9.103017e-01 9.147527e-01 9.209114e-01 9.277388e-01 9.298860e-01 9.334753e-01 9.362976e-01 9.400546e-01 9.439944e-01 9.457194e-01 9.474870e-01 9.489227e-01 9.563294e-01 9.618960e-01 9.634394e-01 9.748996e-01 9.766810e-01 9.876424e-01 9.967456e-01 1.005830e+00 1.021909e+00 1.027008e+00 1.040983e+00 1.062635e+00 1.091269e+00 1.099509e+00 
69 967 2.275435e-01 1.103566e+00 8.814190e-01 8.814190e-01 8.838438e-01 8.905146e-01 8.941190e-01 8.991352e-01 8.999998e-01 9.062238e-01 9.079620e-01 9.097685e-01 9.127960e-01 9.202620e-01 9.257424e-01 9.288083e-01 9.333203e-01 9.354998e-01 9.383486e-01 9.425761e-01 9.438139e-01 9.463840e-01 9.476313e-01 9.583552e-01 9.599902e-01 9.618508e-01 9.747000e-01 9.761762e-01 9.893680e-01 9.952732e-01 1.007290e+00 1.019668e+00 1.030961e+00 1.039200e+00 1.069858e+00 1.090904e+00 1.103566e+00 
70 981 2.221069e-01 1.105908e+00 8.809948e-01 8.809948e-01 8.821586e-01 8.891456e-01 8.925800e-01 8.968903e-01 8.990642e-01 9.052371e-01 9.065668e-01 9.081086e-01 9.119050e-01 9.193273e-01 9.249343e-01 9.283538e-01 9.325147e-01 9.334849e-01 9.385171e-01 9.404400e-01 9.424394e-01 9.448915e-01 9.498159e-01 9.573757e-01 9.593429e-01 9.649100e-01 9.744694e-01 9.754366e-01 9.916910e-01 9.937759e-01 1.006035e+00 1.020292e+00 1.028866e+00 1.037036e+00 1.075801e+00 1.089452e+00 1.105908e+00 
71 995 2.178966e-01 1.113503e+00 8.795890e-01 8.795890e-01 8.803794e-01 8.883022e-01 8.916795e-01 8.960246e-01 8.985095e-01 9.047303e-01 9.053070e-01 9.066479e-01 9.098559e-01 9.180136e-01 9.229184e-01 9.269985e-01 9.313173e-01 9.326970e-01 9.380191e-01 9.397252e-01 9.416200e-01 9.450484e-01 9.487722e-01 9.552108e-01 9.595053e-01 9.629931e-01 9.729736e-01 9.788616e-01 9.909613e-01 9.916155e-01 1.004500e+00 1.020074e+00 1.028048e+00 1.035886e+00 1.080499e+00 1.087272e+00 1.113503e+00 
72 1009 2.135047e-01 1.117986e+00 8.777663e-01 8.777663e-01 8.786700e-01 8.887994e-01 8.926341e-01 8.946572e-01 8.972856e-01 9.035992e-01 9.059711e-01 9.086287e-01 9.094918e-01 9.177399e-01 9.223338e-01 9.264074e-01 9.308138e-01 9.311584e-01 9.359804e-01 9.385159e-01 9.406870e-01 9.434472e-01 9.474752e-01 9.533484e-01 9.580070e-01 9.632821e-01 9.724092e-01 9.798654e-01 9.890084e-01 9.906161e-01 1.003187e+00 1.020202e+00 1.034622e+00 1.035655e+00 1.081689e+00 1.086285e+00 1.117986e+00 
73 1023 2.062649e-01 1.120161e+00 8.759080e-01 8.759080e-01 8.771775e-01 8.872428e-01 8.908761e-01 8.946532e-01 8.963963e-01 9.019070e-01 9.045351e-01 9.071979e-01 9.082480e-01 9.162124e-01 9.215321e-01 9.265367e-01 9.286408e-01 9.333375e-01 9.362288e-01 9.372768e-01 9.397119e-01 9.426524e-01 9.470060e-01 9.524123e-01 9.564251e-01 9.628644e-01 9.728618e-01 9.781815e-01 9.874646e-01 9.891453e-01 1.002407e+00 1.022618e+00 1.032918e+00 1.039962e+00 1.081134e+00 1.085684e+00 1.120161e+00 
74 1037 1.984472e-01 1.119766e+00 8.744864e-01 8.744864e-01 8.758446e-01 8.862363e-01 8.896182e-01 8.933600e-01 8.959971e-01 9.003754e-01 9.030068e-01 9.047844e-01 9.074484e-01 9.150671e-01 9.203287e-01 9.247312e-01 9.305387e-01 9.317479e-01 9.345734e-01 9.356441e-01 9.378539e-01 9.415402e-01 9.463211e-01 9.524219e-01 9.553352e-01 9.641227e-01 9.733012e-01 9.775150e-01 9.853685e-01 9.889975e-01 9.999581e-01 1.020796e+00 1.034749e+00 1.042223e+00 1.081048e+00 1.084774e+00 1.119766e+00 
75 1051 1.935633e-01 1.121049e+00 8.731439e-01 8.731439e-01 8.744353e-01 8.847629e-01 8.896648e-01 8.927005e-01 8.955324e-01 8.993345e-01 9.019278e-01 9.064719e-01 9.081832e-01 9.153604e-01 9.192714e-01 9.255894e-01 9.301784e-01 9.315391e-01 9.335738e-01 9.351890e-01 9.383880e-01 9.419987e-01 9.501192e-01 9.529541e-01 9.547607e-01 9.641994e-01 9.716346e-01 9.796718e-01 9.863248e-01 9.899092e-01 1.000184e+00 1.019035e+00 1.033169e+00 1.043012e+00 1.079694e+00 1.085169e+00 1.121049e+00 
76 1065 1.905814e-01 1.119311e+00 8.720637e-01 8.720637e-01 8.735028e-01 8.839991e-01 8.880678e-01 8.907087e-01 8.970742e-01 8.992870e-01 8.998741e-01 9.063033e-01 9.077895e-01 9.133365e-01 9.182539e-01 9.233358e-01 9.283540e-01 9.301902e-01 9.318032e-01 9.360803e-01 9.404712e-01 9.418073e-01 9.487876e-01 9.512369e-01 9.559823e-01 9.632108e-01 9.721653e-01 9.781930e-01 9.868438e-01 9.935422e-01 9.981803e-01 1.017323e+00 1.033452e+00 1.046550e+00 1.079837e+00 1.085924e+00 1.119311e+00 
77 1079 1.854612e-01 1.119167e+00 8.706020e-01 8.706020e-01 8.735067e-01 8.820414e-01 8.863521e-01 8.895484e-01 8.948292e-01 8.976769e-01 8.992961e-01 9.062101e-01 9.083782e-01 9.131050e-01 9.175644e-01 9.215795e-01 9.283358e-01 9.285096e-01 9.304122e-01 9.342297e-01 9.392017e-01 9.419509e-01 9.481471e-01 9.504251e-01 9.567616e-01 9.640912e-01 9.712510e-01 9.785586e-01 9.865985e-01 9.952774e-01 9.960277e-01 1.015759e+00 1.032615e+00 1.045478e+00 1.078042e+00 1.088905e+00 1.119167e+00 
78 1093 1.799655e-01 1.119614e+00 8.688781e-01 8.688781e-01 8.724223e-01 8.803203e-01 8.864437e-01 8.881511e-01 8.932414e-01 8.962364e-01 8.979291e-01 9.052210e-01 9.085230e-01 9.136397e-01 9.168914e-01 9.233175e-01 9.269824e-01 9.283912e-01 9.319584e-01 9.333733e-01 9.380936e-01 9.421283e-01 9.468391e-01 9.489362e-01 9.564284e-01 9.643260e-01 9.709491e-01 9.778109e-01 9.856752e-01 9.942678e-01 9.981076e-01 1.014605e+00 1.031439e+00 1.043047e+00 1.077762e+00 1.087739e+00 1.119614e+00 
79 1107 1.775352e-01 1.118427e+00 8.672082e-01 8.672082e-01 8.711926e-01 8.800518e-01 8.843377e-01 8.871245e-01 8.923087e-01 8.939957e-01 8.964505e-01 9.031703e-01 9.082332e-01 9.122349e-01 9.165315e-01 9.221204e-01 9.259625e-01 9.264295e-01 9.314654e-01 9.354126e-01 9.365935e-01 9.419612e-01 9.464388e-01 9.496450e-01 9.577150e-01 9.685014e-01 9.710041e-01 9.824686e-01 9.842833e-01 9.930763e-01 9.991826e-01 1.014619e+00 1.029483e+00 1.043440e+00 1.078091e+00 1.087440e+00 1.118427e+00 
80 1121 1.746184e-01 1.118178e+00 8.663567e-01 8.663567e-01 8.703901e-01 8.795452e-01 8.832474e-01 8.861650e-01 8.907677e-01 8.929415e-01 8.960529e-01 9.028329e-01 9.064819e-01 9.108347e-01 9.149148e-01 9.199120e-01 9.241533e-01 9.295748e-01 9.323922e-01 9.341277e-01 9.363269e-01 9.400320e-01 9.475279e-01 9.486342e-01 9.585282e-01 9.675797e-01 9.727172e-01 9.827527e-01 9.839309e-01 9.906493e-01 9.987585e-01 1.017857e+00 1.029872e+00 1.043357e+00 1.076220e+00 1.086701e+00 1.118178e+00 
81 1135 1.711728e-01 1.117216e+00 8.654024e-01 8.654024e-01 8.683671e-01 8.777194e-01 8.813420e-01 8.843477e-01 8.902305e-01 8.915349e-01 8.974108e-01 9.012229e-01 9.050457e-01 9.102696e-01 9.131047e-01 9.183647e-01 9.228547e-01 9.274550e-01 9.325862e-01 9.337771e-01 9.356215e-01 9.386795e-01 9.455672e-01 9.480470e-01 9.591578e-01 9.658847e-01 9.740951e-01 9.812082e-01 9.867611e-01 9.900169e-01 1.000099e+00 1.020939e+00 1.030604e+00 1.043834e+00 1.078293e+00 1.084428e+00 1.117216e+00 
82 1149 2.403197e-01 1.118057e+00 8.632542e-01 8.632542e-01 8.678234e-01 8.758588e-01 8.800118e-01 8.841260e-01 8.886501e-01 8.908572e-01 8.967058e-01 8.996345e-01 9.041385e-01 9.093588e-01 9.131629e-01 9.174328e-01 9.214337e-01 9.254046e-01 9.314562e-01 9.339238e-01 9.373516e-01 9.424412e-01 9.446718e-01 9.510109e-01 9.581969e-01 9.645448e-01 9.721334e-01 9.795111e-01 9.866211e-01 9.994941e-01 1.003920e+00 1.023730e+00 1.028981e+00 1.041248e+00 1.080617e+00 1.083289e+00 1.118057e+00 
83 1163 2.387199e-01 1.120730e+00 8.613943e-01 8.613943e-01 8.675623e-01 8.738931e-01 8.792322e-01 8.826364e-01 8.871344e-01 8.915886e-01 8.957076e-01 8.991067e-01 9.025288e-01 9.073922e-01 9.114111e-01 9.180841e-01 9.193278e-01 9.240669e-01 9.325487e-01 9.325673e-01 9.360443e-01 9.424097e-01 9.432850e-01 9.495631e-01 9.566597e-01 9.639349e-01 9.721859e-01 9.780462e-01 9.879000e-01 9.984791e-01 1.009857e+00 1.022777e+00 1.033081e+00 1.041115e+00 1.080596e+00 1.086829e+00 1.120730e+00 
84 1177 2.380463e-01 1.124729e+00 8.598571e-01 8.598571e-01 8.659568e-01 8.722021e-01 8.797814e-01 8.814603e-01 8.857976e-01 8.902839e-01 8.950464e-01 8.982038e-01 9.006611e-01 9.071446e-01 9.114304e-01 9.165470e-01 9.182167e-01 9.240003e-01 9.303056e-01 9.319972e-01 9.367627e-01 9.409466e-01 9.423316e-01 9.484302e-01 9.550490e-01 9.635409e-01 9.705630e-01 9.778255e-01 9.880848e-01 9.963133e-01 1.010590e+00 1.022610e+00 1.036028e+00 1.042265e+00 1.078626e+00 1.090844e+00 1.124729e+00 
85 1191 2.334716e-01 1.128473e+00 8.579606e-01 8.579606e-01 8.646594e-01 8.709463e-01 8.786192e-01 8.800914e-01 8.840184e-01 8.885764e-01 8.938608e-01 8.967065e-01 8.991332e-01 9.062734e-01 9.104202e-01 9.162491e-01 9.175746e-01 9.250497e-01 9.309660e-01 9.319179e-01 9.354648e-01 9.407660e-01 9.411639e-01 9.473477e-01 9.533429e-01 9.645477e-01 9.694338e-01 9.763790e-01 9.869900e-01 9.954585e-01 1.010246e+00 1.023654e+00 1.035050e+00 1.041297e+00 1.077770e+00 1.091629e+00 1.128473e+00 
86 1205 2.298953e-01 1.136926e+00 8.561418e-01 8.561418e-01 8.635851e-01 8.705579e-01 8.768251e-01 8.790913e-01 8.828226e-01 8.866225e-01 8.926463e-01 8.949451e-01 8.978859e-01 9.054696e-01 9.086569e-01 9.155457e-01 9.189330e-01 9.240859e-01 9.296773e-01 9.308854e-01 9.359173e-01 9.391488e-01 9.419093e-01 9.464387e-01 9.513167e-01 9.632631e-01 9.671412e-01 9.758110e-01 9.887241e-01 9.937941e-01 1.008284e+00 1.022441e+00 1.036001e+00 1.040178e+00 1.076687e+00 1.093235e+00 1.136926e+00 
87 1219 2.298445e-01 1.146238e+00 8.542780e-01 8.542780e-01 8.630011e-01 8.700942e-01 8.752604e-01 8.787675e-01 8.827690e-01 8.865736e-01 8.916877e-01 8.958492e-01 8.967838e-01 9.055599e-01 9.088451e-01 9.150921e-01 9.175021e-01 9.221130e-01 9.289024e-01 9.302442e-01 9.366686e-01 9.411989e-01 9.438844e-01 9.466441e-01 9.504533e-01 9.621880e-01 9.671098e-01 9.739322e-01 9.877217e-01 9.937930e-01 1.007392e+00 1.025863e+00 1.034005e+00 1.038986e+00 1.076570e+00 1.094883e+00 1.146238e+00 
88 1233 2.256000e-01 1.150373e+00 8.536583e-01 8.536583e-01 8.612045e-01 8.686105e-01 8.742115e-01 8.802145e-01 8.806885e-01 8.851585e-01 8.896273e-01 8.943698e-01 8.988377e-01 9.034616e-01 9.074340e-01 9.129325e-01 9.160979e-01 9.211484e-01 9.284805e-01 9.293133e-01 9.361784e-01 9.412218e-01 9.462135e-01 9.481982e-01 9.494401e-01 9.603166e-01 9.668761e-01 9.726419e-01 9.889624e-01 9.936505e-01 1.006175e+00 1.025386e+00 1.034513e+00 1.037847e+00 1.074898e+00 1.093316e+00 1.150373e+00 
89 1247 2.176071e-01 1.152130e+00 8.520261e-01 8.520261e-01 8.594096e-01 8.667156e-01 8.725873e-01 8.785542e-01 8.805070e-01 8.844036e-01 8.880421e-01 8.924786e-01 8.978013e-01 9.024569e-01 9.065354e-01 9.114830e-01 9.176988e-01 9.194300e-01 9.270285e-01 9.286270e-01 9.345807e-01 9.398770e-01 9.449767e-01 9.468758e-01 9.488140e-01 9.603750e-01 9.662664e-01 9.712486e-01 9.881275e-01 9.915470e-01 1.006680e+00 1.025871e+00 1.032320e+00 1.037961e+00 1.074228e+00 1.092642e+00 1.152130e+00 
90 1261 2.102828e-01 1.152806e+00 8.518530e-01 8.518530e-01 8.578695e-01 8.649976e-01 8.712496e-01 8.765394e-01 8.788827e-01 8.843981e-01 8.868192e-01 8.921275e-01 8.961310e-01 9.018143e-01 9.056881e-01 9.131773e-01 9.176154e-01 9.180434e-01 9.259036e-01 9.324474e-01 9.352560e-01 9.402415e-01 9.430908e-01 9.457732e-01 9.490065e-01 9.611887e-01 9.651781e-01 9.709949e-01 9.895025e-01 9.905390e-01 1.005558e+00 1.026798e+00 1.030353e+00 1.037242e+00 1.072934e+00 1.092177e+00 1.152806e+00 
91 1275 2.049925e-01 1.152822e+00 8.514592e-01 8.514592e-01 8.567825e-01 8.636873e-01 8.696914e-01 8.751802e-01 8.803259e-01 8.826783e-01 8.860730e-01 8.908890e-01 8.955946e-01 9.003328e-01 9.061959e-01 9.127009e-01 9.167928e-01 9.187535e-01 9.262817e-01 9.319726e-01 9.360074e-01 9.404084e-01 9.425161e-01 9.450389e-01 9.510514e-01 9.594313e-01 9.652130e-01 9.695671e-01 9.894266e-01 9.904545e-01 1.005677e+00 1.026468e+00 1.030325e+00 1.035668e+00 1.071686e+00 1.091579e+00 1.152822e+00 
92 1289 2.000580e-01 1.151654e+00 8.499102e-01 8.499102e-01 8.549473e-01 8.623257e-01 8.679345e-01 8.743348e-01 8.791123e-01 8.814380e-01 8.838020e-01 8.898163e-01 8.955421e-01 8.988534e-01 9.065358e-01 9.116353e-01 9.161053e-01 9.167382e-01 9.255836e-01 9.305369e-01 9.346249e-01 9.399045e-01 9.415858e-01 9.461600e-01 9.560848e-01 9.627685e-01 9.647701e-01 9.689177e-01 9.886923e-01 9.912878e-01 1.004855e+00 1.025718e+00 1.033130e+00 1.033642e+00 1.071469e+00 1.096601e+00 1.151654e+00 
93 1303 1.934560e-01 1.151690e+00 8.495099e-01 8.495099e-01 8.547852e-01 8.613465e-01 8.667536e-01 8.738345e-01 8.775624e-01 8.800961e-01 8.826683e-01 8.878126e-01 8.954959e-01 8.985781e-01 9.070241e-01 9.107064e-01 9.149663e-01 9.161589e-01 9.238694e-01 9.312159e-01 9.336354e-01 9.396841e-01 9.409675e-01 9.459619e-01 9.563213e-01 9.609368e-01 9.632281e-01 9.673232e-01 9.884801e-01 9.921422e-01 1.004618e+00 1.024658e+00 1.031465e+00 1.032769e+00 1.070113e+00 1.099120e+00 1.151690e+00 
94 1317 1.863226e-01 1.150240e+00 8.477215e-01 8.477215e-01 8.536697e-01 8.603652e-01 8.647346e-01 8.715807e-01 8.765329e-01 8.796930e-01 8.805455e-01 8.863860e-01 8.938434e-01 8.969772e-01 9.075142e-01 9.094873e-01 9.138325e-01 9.149179e-01 9.220553e-01 9.297084e-01 9.341126e-01 9.387769e-01 9.397608e-01 9.485532e-01 9.550855e-01 9.603928e-01 9.614636e-01 9.659881e-01 9.868652e-01 9.923664e-01 1.002427e+00 1.022573e+00 1.030106e+00 1.032116e+00 1.068756e+00 1.098951e+00 1.150240e+00 
95 1331 1.825213e-01 1.149480e+00 8.460626e-01 8.460626e-01 8.519310e-01 8.588707e-01 8.635400e-01 8.705886e-01 8.750777e-01 8.788350e-01 8.801855e-01 8.879804e-01 8.916708e-01 8.962126e-01 9.059964e-01 9.083924e-01 9.129767e-01 9.138818e-01 9.236557e-01 9.284404e-01 9.369658e-01 9.381245e-01 9.394993e-01 9.524900e-01 9.536894e-01 9.593096e-01 9.607143e-01 9.666495e-01 9.862765e-01 9.912420e-01 1.002815e+00 1.021090e+00 1.027849e+00 1.031050e+00 1.070162e+00 1.099168e+00 1.149480e+00 
96 1345 1.762896e-01 1.150469e+00 8.446606e-01 8.446606e-01 8.505135e-01 8.578391e-01 8.629616e-01 8.696623e-01 8.737520e-01 8.767956e-01 8.804054e-01 8.878462e-01 8.910323e-01 8.973168e-01 9.038838e-01 9.076819e-01 9.112412e-01 9.142137e-01 9.227795e-01 9.295351e-01 9.352446e-01 9.366668e-01 9.388789e-01 9.508081e-01 9.558168e-01 9.575709e-01 9.600251e-01 9.652802e-01 9.861854e-01 9.892353e-01 1.001384e+00 1.019522e+00 1.026211e+00 1.029223e+00 1.070348e+00 1.099193e+00 1.150469e+00 
97 1359 1.721973e-01 1.150374e+00 8.435510e-01 8.435510e-01 8.485758e-01 8.587429e-01 8.624824e-01 8.679645e-01 8.717030e-01 8.774525e-01 8.798029e-01 8.867396e-01 8.911970e-01 8.977906e-01 9.031394e-01 9.073028e-01 9.105043e-01 9.146620e-01 9.212726e-01 9.279974e-01 9.332934e-01 9.356176e-01 9.375428e-01 9.503865e-01 9.556946e-01 9.590342e-01 9.605045e-01 9.642671e-01 9.855601e-01 9.884657e-01 1.000494e+00 1.019247e+00 1.027251e+00 1.032879e+00 1.073559e+00 1.097790e+00 1.150374e+00 
98 1373 1.690291e-01 1.150517e+00 8.413669e-01 8.413669e-01 8.466212e-01 8.576229e-01 8.638280e-01 8.677262e-01 8.708719e-01 8.757117e-01 8.784811e-01 8.846343e-01 8.908803e-01 8.967238e-01 9.051403e-01 9.056721e-01 9.100171e-01 9.149217e-01 9.208290e-01 9.278855e-01 9.318024e-01 9.359744e-01 9.363884e-01 9.508604e-01 9.551174e-01 9.577816e-01 9.621858e-01 9.629701e-01 9.851000e-01 9.874946e-01 9.985491e-01 1.017864e+00 1.026725e+00 1.033590e+00 1.073472e+00 1.100331e+00 1.150517e+00 
99 1387 1.651857e-01 1.149009e+00 8.405931e-01 8.405931e-01 8.474931e-01 8.559122e-01 8.619931e-01 8.664507e-01 8.695589e-01 8.741263e-01 8.787798e-01 8.839173e-01 8.905314e-01 8.952594e-01 9.038792e-01 9.054150e-01 9.084225e-01 9.164600e-01 9.204132e-01 9.265357e-01 9.314401e-01 9.348531e-01 9.366482e-01 9.489548e-01 9.548374e-01 9.573285e-01 9.611308e-01 9.641573e-01 9.830101e-01 9.892102e-01 1.002155e+00 1.017047e+00 1.024988e+00 1.033567e+00 1.071268e+00 1.101767e+00 1.149009e+00 
100 1401 1.584862e-01 1.148953e+00 8.403232e-01 8.403232e-01 8.458152e-01 8.546786e-01 8.607608e-01 8.646769e-01 8.693451e-01 8.725971e-01 8.773527e-01 8.823961e-01 8.897564e-01 8.939423e-01 9.030827e-01 9.035809e-01 9.083312e-01 9.173064e-01 9.223200e-01 9.258494e-01 9.296743e-01 9.343129e-01 9.383454e-01 9.532946e-01 9.546519e-01 9.571731e-01 9.600081e-01 9.630855e-01 9.814054e-01 9.910096e-01 1.002288e+00 1.017000e+00 1.023962e+00 1.033179e+00 1.069584e+00 1.107370e+00 1.148953e+00 
101 1415 2.148931e-01 1.147867e+00 8.399970e-01 8.399970e-01 8.449678e-01 8.553627e-01 8.588473e-01 8.630313e-01 8.679726e-01 8.709612e-01 8.763511e-01 8.807359e-01 8.884224e-01 8.932264e-01 9.020873e-01 9.043895e-01 9.092641e-01 9.167908e-01 9.238949e-01 9.246637e-01 9.277752e-01 9.344046e-01 9.373635e-01 9.527687e-01 9.546173e-01 9.563211e-01 9.593975e-01 9.616666e-01 9.795190e-01 9.890849e-01 1.003944e+00 1.015063e+00 1.031433e+00 1.032352e+00 1.069364e+00 1.105824e+00 1.147867e+00 
102 1429 2.054694e-01 1.145360e+00 8.383785e-01 8.383785e-01 8.446986e-01 8.534688e-01 8.569983e-01 8.628210e-01 8.659866e-01 8.693771e-01 8.750377e-01 8.816206e-01 8.873557e-01 8.913810e-01 9.015750e-01 9.029990e-01 9.075670e-01 9.165017e-01 9.223806e-01 9.228316e-01 9.273747e-01 9.359276e-01 9.376488e-01 9.508975e-01 9.527142e-01 9.543074e-01 9.580665e-01 9.623541e-01 9.771966e-01 9.878582e-01 1.003587e+00 1.015423e+00 1.029945e+00 1.031867e+00 1.067956e+00 1.108726e+00 1.145360e+00 
103 1443 1.994830e-01 1.144082e+00 8.372692e-01 8.372692e-01 8.430557e-01 8.537004e-01 8.581508e-01 8.618479e-01 8.652168e-01 8.681294e-01 8.733762e-01 8.809021e-01 8.872646e-01 8.916118e-01 8.995957e-01 9.008498e-01 9.061540e-01 9.169628e-01 9.215570e-01 9.228850e-01 9.268261e-01 9.340788e-01 9.381812e-01 9.502300e-01 9.521319e-01 9.543896e-01 9.573279e-01 9.643130e-01 9.771531e-01 9.870666e-01 1.006048e+00 1.016715e+00 1.028946e+00 1.032115e+00 1.066989e+00 1.106644e+00 1.144082e+00 
104 1457 1.927396e-01 1.142665e+00 8.354470e-01 8.354470e-01 8.412642e-01 8.547036e-01 8.578387e-01 8.627892e-01 8.651821e-01 8.707966e-01 8.719774e-01 8.803190e-01 8.856197e-01 8.909676e-01 8.987751e-01 8.997622e-01 9.076223e-01 9.154599e-01 9.207642e-01 9.216083e-01 9.268242e-01 9.321083e-01 9.379574e-01 9.499128e-01 9.510789e-01 9.527146e-01 9.557981e-01 9.652717e-01 9.756210e-01 9.870503e-01 1.006803e+00 1.016954e+00 1.027822e+00 1.032879e+00 1.066258e+00 1.105377e+00 1.142665e+00 
