%  columns="iteration, evaluation, fitness, void, void, xrecentbest" (startseed=214803, 2023/08/25 18:57:17.05)
1 15  4.704389651539002557e+02 0 0 5.468322e-01 8.931818e-01 2.716767e-01 7.839630e-01 6.867462e-01 1.771487e-01 -1.531159e-01 2.050403e-01 1.228794e+00 5.963414e-01 5.430854e-01 9.359333e-01 9.749924e-01 4.500472e-01 1.130783e+00 -3.610104e-01 5.489020e-01 6.947565e-01 1.186595e+00 7.499705e-01 5.250803e-01 2.091485e-01 1.135875e+00 1.419176e+00 6.881282e-01 1.070435e+00 1.069508e+00 7.797668e-01 8.767724e-01 -1.453652e-01 8.792980e-01 5.335896e-01 2.489202e-01 5.142893e-02 
2 29  3.492227190153386118e+02 0 0 2.163687e-02 1.156857e+00 3.854717e-01 6.024983e-01 5.455732e-01 -2.054318e-01 4.748670e-01 2.299361e-01 5.515754e-01 1.043418e-01 6.529318e-01 7.989840e-01 1.017944e+00 9.369497e-01 9.778069e-01 -2.863935e-01 3.373954e-01 1.165853e+00 1.065438e+00 1.461991e+00 3.343363e-01 -1.683038e-01 1.132762e+00 1.063074e+00 6.154773e-01 1.155474e+00 9.420220e-01 4.331013e-01 3.233620e-01 -4.417511e-01 6.272723e-01 5.652029e-01 3.723134e-01 3.734054e-01 
3 43  5.830670139326106209e+02 0 0 6.208434e-01 6.076940e-01 6.215754e-01 7.587584e-01 2.610246e-01 -1.319247e-01 1.878605e-01 2.395174e-01 7.999684e-01 7.508472e-01 6.745399e-01 9.373398e-01 8.825834e-01 5.482919e-01 1.015716e+00 -4.539608e-01 2.975516e-01 6.047641e-01 7.052359e-01 1.009220e+00 7.078927e-01 4.176834e-01 1.448511e+00 9.038709e-01 2.118415e-01 1.179550e+00 4.785243e-01 1.175912e+00 7.265200e-01 2.067018e-01 6.036198e-01 2.390767e-01 4.101162e-01 7.660568e-01 
4 57  1.000000000000000000e+05 0 0 7.833477e-01 1.031764e+00 5.121607e-01 6.469312e-01 -5.365872e-02 -4.923838e-02 4.853836e-01 1.111649e-01 8.067568e-01 -2.426572e-01 5.800143e-01 6.352385e-01 5.290384e-01 8.622838e-01 6.510355e-01 -5.513135e-01 5.660198e-01 1.125628e-02 8.458783e-01 1.323298e+00 4.634178e-01 4.019245e-01 1.037783e+00 7.127978e-01 4.146513e-01 5.199169e-01 8.568037e-01 1.019898e+00 4.080980e-02 -2.096612e-03 7.549313e-01 9.117790e-02 6.579223e-01 5.512744e-01 
5 71  6.391127117186607620e+02 0 0 9.857443e-02 1.492231e+00 -6.466175e-01 4.218197e-01 5.344428e-01 -1.083411e-02 6.856542e-02 5.589567e-03 4.255105e-01 2.955031e-01 5.715004e-01 5.851707e-01 1.264380e+00 3.565637e-01 5.831730e-01 -2.064112e-01 4.320450e-01 6.481471e-01 1.021014e+00 5.496647e-01 4.913442e-01 2.779798e-01 8.797319e-01 6.359159e-01 -1.877360e-02 8.338040e-01 1.039681e+00 9.768418e-01 1.173434e+00 -3.532246e-01 6.205374e-01 8.909024e-02 7.229391e-01 5.650592e-01 
6 85  1.000000000000000000e+05 0 0 7.129189e-01 1.119262e+00 3.310405e-01 7.639141e-01 -7.364709e-02 5.340761e-01 2.643309e-01 -2.038823e-02 4.483122e-01 4.173389e-01 3.680024e-01 1.146978e+00 5.386270e-01 1.005384e-01 7.943199e-01 1.211109e-01 1.516359e-01 1.384520e-01 6.818371e-01 1.077730e+00 -1.059110e-02 5.159379e-01 8.764434e-01 1.098443e+00 6.397056e-01 1.046415e+00 5.583214e-01 3.995688e-01 8.450275e-01 7.052366e-02 6.866780e-01 3.919408e-01 9.657399e-01 8.952261e-01 
7 99  1.000000000000000000e+05 0 0 6.414887e-01 9.005558e-01 3.670913e-01 3.462751e-01 5.904191e-03 -2.262833e-01 5.729079e-02 -3.038269e-01 5.454167e-01 5.338385e-01 4.631432e-01 8.645803e-01 7.106784e-01 5.788183e-01 6.367514e-01 2.590211e-01 -2.148269e-01 -1.874465e-02 4.056599e-01 1.194170e+00 -6.986904e-02 9.493998e-01 7.673433e-01 1.320648e+00 7.232462e-01 1.049130e+00 4.834319e-01 5.629206e-01 8.766719e-01 4.164426e-01 9.280980e-01 1.342945e-01 9.026165e-01 1.159338e+00 
8 113  1.000000000000000000e+05 0 0 1.058875e-01 5.850113e-01 2.844607e-02 5.317357e-01 -2.575198e-02 5.882680e-01 4.893305e-01 -4.240332e-02 2.647419e-01 8.262012e-01 7.668922e-01 8.437733e-01 8.301976e-01 4.445278e-01 9.086390e-01 6.228540e-01 -3.003890e-01 2.880901e-01 7.869912e-01 7.846916e-01 1.678510e-02 4.446832e-01 1.068966e+00 8.740388e-01 5.768156e-01 9.501058e-01 7.522452e-01 6.110607e-01 1.315454e+00 -1.437689e-01 1.093719e-01 3.132727e-01 6.792387e-01 6.898919e-01 
9 127  1.000000000000000000e+05 0 0 1.087603e+00 1.089614e+00 1.311650e-01 5.792914e-01 -2.637041e-01 5.829190e-01 7.651465e-03 1.702817e-01 -2.872683e-02 4.052928e-01 4.654779e-01 8.564431e-01 5.764349e-01 5.061318e-01 5.869580e-01 2.427926e-01 2.123505e-01 4.472787e-01 6.564976e-01 6.161397e-01 6.601747e-03 3.918418e-01 1.089422e+00 1.232247e+00 5.343753e-01 1.199001e+00 9.379481e-01 3.141917e-01 4.336508e-01 1.514165e-01 6.152675e-01 1.781368e-02 9.180937e-01 9.722524e-01 
10 141  1.000000000000000000e+05 0 0 6.894465e-01 8.767417e-01 -4.043100e-01 1.052249e+00 -2.276798e-02 4.052028e-01 6.608133e-01 -8.982159e-02 4.788983e-01 7.782054e-01 1.986720e-01 5.920420e-01 6.213274e-01 6.713354e-01 3.013109e-01 4.438837e-01 2.404884e-01 3.868479e-01 8.969412e-01 8.401500e-01 -1.309462e-01 4.037235e-01 9.072974e-01 1.048059e+00 3.912396e-01 8.548891e-01 9.499126e-01 4.375484e-01 5.629734e-01 -5.788659e-02 6.936681e-01 3.290333e-02 9.316346e-01 1.263445e+00 
11 155  1.000000000000000000e+05 0 0 1.008376e+00 1.204921e+00 2.079711e-01 5.340326e-01 -1.809663e-01 2.891348e-01 3.612676e-01 -3.032765e-01 3.592657e-01 4.420042e-01 4.252415e-02 8.943048e-01 1.196433e-01 3.448154e-01 4.815320e-01 2.469118e-01 3.446705e-01 4.875079e-01 6.943108e-01 9.065763e-01 1.933378e-03 7.817569e-01 7.366505e-01 1.167441e+00 7.085715e-01 7.779158e-01 3.346259e-01 9.025568e-01 7.358757e-01 5.033868e-01 1.003581e-01 2.590528e-01 9.883938e-01 1.110639e+00 
12 169  1.000000000000000000e+05 0 0 6.447988e-01 9.533747e-01 -3.105922e-01 1.753629e-01 2.766589e-01 -1.929541e-01 -1.774671e-01 4.463698e-02 1.899881e-01 7.963913e-01 7.258942e-01 6.059178e-01 4.916072e-01 6.104863e-01 4.122641e-01 7.910132e-02 4.530921e-01 6.740865e-01 1.456405e+00 1.244605e+00 -2.404372e-01 2.637475e-01 1.011839e+00 7.778495e-01 7.071811e-01 6.996226e-01 4.444901e-01 4.333090e-01 8.245624e-01 6.024333e-01 6.041898e-01 6.983834e-01 8.628534e-01 7.801329e-01 
13 183  1.000000000000000000e+05 0 0 2.377793e-01 1.085350e+00 -4.692683e-03 8.348360e-01 1.436614e-01 -1.046594e-02 6.703319e-01 -8.666334e-02 7.019811e-02 6.276201e-01 9.201461e-01 8.854963e-02 5.125938e-01 1.710650e-01 2.290188e-01 5.082763e-01 1.432229e-02 2.909637e-01 1.128778e+00 1.093692e+00 5.257158e-02 -6.576592e-02 5.849692e-01 1.010653e+00 5.131718e-01 7.658884e-01 1.361775e-01 6.417820e-01 8.182862e-01 6.962482e-01 3.888268e-01 -1.516594e-01 1.068359e+00 5.337534e-01 
14 197  1.000000000000000000e+05 0 0 4.703233e-01 9.054479e-01 1.779608e-01 1.821920e-01 -1.198783e-01 2.526316e-01 1.206976e-01 1.192955e-01 2.428391e-01 1.132305e-01 8.358440e-01 8.475820e-01 5.221014e-01 3.530546e-01 3.411615e-01 5.510053e-01 1.391562e-01 6.191363e-02 1.040264e+00 1.214627e+00 4.386632e-02 1.991192e-01 1.071511e+00 7.011790e-01 4.047428e-01 7.943630e-01 2.963250e-01 7.622404e-02 9.687616e-01 4.942026e-01 4.628928e-01 4.235871e-01 7.366210e-01 1.179765e+00 
15 211  1.000000000000000000e+05 0 0 -2.803135e-02 7.022170e-01 2.016966e-01 3.273558e-01 -1.935097e-01 3.671431e-01 2.013492e-01 6.857710e-04 3.127653e-01 4.124941e-01 7.414051e-01 7.969476e-01 6.091944e-01 4.127249e-01 1.385388e-01 6.498512e-01 1.473274e-01 -2.039999e-01 1.431707e+00 9.438713e-01 3.650517e-02 2.389360e-01 7.832733e-01 1.080303e+00 3.844352e-01 7.721623e-01 6.549953e-01 2.111078e-01 1.013318e+00 1.250495e-01 3.403976e-01 5.499701e-01 7.092751e-01 6.468198e-01 
16 225  1.000000000000000000e+05 0 0 4.881603e-01 6.032627e-01 -2.989896e-01 2.969500e-01 1.945940e-01 2.825607e-01 6.452385e-01 -8.903485e-02 9.992996e-02 8.176718e-01 7.141586e-01 4.987333e-01 9.454841e-01 -7.685446e-03 -1.827368e-02 5.569512e-01 3.665614e-02 3.071344e-01 8.630454e-01 9.483711e-01 5.690577e-02 9.191885e-02 7.271812e-01 9.819265e-01 1.014636e-01 6.342759e-01 3.184800e-01 9.036433e-02 7.802339e-01 3.195713e-01 -1.395573e-01 1.837714e-01 6.615408e-01 8.186724e-01 
17 239  7.116201850491404457e+02 0 0 3.069698e-01 9.256079e-01 4.914944e-01 3.959119e-01 7.036613e-01 2.131017e-01 5.144929e-01 2.266867e-01 2.450149e-01 6.365222e-01 7.343365e-01 5.031127e-01 8.044262e-01 3.120560e-01 9.003085e-02 5.629974e-01 4.110040e-01 4.947279e-01 8.026968e-01 4.416357e-01 2.662702e-01 -1.500687e-01 1.154252e+00 1.019984e+00 1.336261e-01 4.785211e-01 7.519296e-01 -6.575363e-04 1.163243e+00 1.718868e-01 3.691600e-01 1.963292e-01 7.284231e-01 4.919618e-01 
18 253  1.000000000000000000e+05 0 0 8.218796e-01 3.296361e-01 3.576091e-01 2.044022e-01 1.121531e-01 2.684792e-01 7.357963e-01 -5.446553e-02 1.202917e-01 6.562288e-02 8.293374e-01 5.143013e-01 7.618395e-01 1.274473e-01 3.009375e-01 1.122944e+00 4.983880e-01 7.301919e-01 7.710987e-01 4.382039e-01 3.454822e-01 1.511160e-01 5.466538e-01 3.516605e-01 4.400054e-01 6.722363e-01 6.131499e-01 2.060860e-01 9.055789e-01 2.144524e-01 8.140876e-02 5.623688e-01 9.709848e-01 6.881908e-01 
19 267  1.000000000000000000e+05 0 0 6.228965e-01 3.669404e-01 1.561022e-02 6.999107e-01 2.087569e-01 6.614013e-01 7.413293e-01 -5.608025e-02 2.558178e-01 5.479568e-01 6.313366e-01 6.665198e-01 9.760122e-01 3.235639e-01 1.783723e-01 1.222273e+00 8.390199e-01 4.162340e-01 9.838106e-01 6.600415e-01 2.241841e-01 1.638806e-01 1.050605e+00 8.301555e-01 3.113818e-01 3.560074e-01 7.943307e-01 4.144204e-01 8.193927e-01 5.329277e-02 1.834410e-01 3.274728e-01 7.241492e-01 9.376210e-01 
20 281  1.000000000000000000e+05 0 0 2.386907e-01 1.007163e+00 4.178285e-02 4.791395e-01 5.229493e-02 7.130685e-01 6.332487e-01 1.190911e-01 3.112846e-02 6.822359e-01 6.583946e-01 6.085042e-01 1.014031e+00 3.410368e-01 4.055822e-01 1.251082e+00 5.880693e-01 4.282930e-01 6.335870e-01 7.901386e-01 2.946048e-01 1.984208e-01 6.139626e-01 6.527663e-01 5.729164e-01 6.322103e-01 5.800017e-01 4.170873e-01 6.813391e-01 3.771834e-01 2.977158e-01 2.692750e-01 7.643602e-01 6.774783e-01 
21 295  1.000000000000000000e+05 0 0 4.477292e-01 7.904139e-01 -7.386196e-02 6.412100e-02 4.862971e-02 3.142710e-01 4.876414e-01 2.220775e-01 3.521717e-01 6.063015e-01 4.298168e-01 7.563014e-01 7.410323e-01 2.759055e-01 1.532145e-01 9.783954e-01 5.439513e-01 3.222698e-01 6.244924e-01 8.472018e-01 1.524714e-01 1.346834e-01 1.071192e+00 9.146499e-01 2.631032e-01 2.982329e-01 2.651122e-01 5.127671e-01 1.086252e+00 3.917006e-01 2.958783e-01 1.895735e-01 1.044511e+00 4.982527e-01 
22 309  1.000000000000000000e+05 0 0 2.407523e-01 7.634257e-01 1.471185e-01 2.972091e-01 3.062201e-01 1.974894e-01 8.426048e-01 3.299077e-02 4.002757e-01 8.218776e-01 4.434508e-01 3.407671e-01 7.464598e-01 3.457201e-01 1.704417e-01 9.773368e-01 5.824123e-01 5.831350e-01 6.901474e-01 8.842628e-01 3.411357e-01 -2.418064e-02 8.669634e-01 7.624800e-01 2.180382e-01 3.960158e-01 5.540233e-01 4.667452e-01 1.011994e+00 5.864829e-01 5.391278e-01 3.123853e-01 1.068913e+00 5.525768e-01 
23 323  1.000000000000000000e+05 0 0 4.232202e-01 7.578318e-01 1.439960e-01 4.199877e-01 2.106666e-01 3.476550e-01 6.673356e-01 3.059057e-02 4.147601e-01 7.244669e-01 1.087854e-01 3.007952e-01 1.075544e+00 5.357062e-01 4.750694e-01 7.465121e-01 7.784779e-01 6.477362e-01 8.160073e-01 7.373221e-01 -1.528357e-01 8.670420e-02 1.167467e+00 4.498708e-01 2.420769e-01 2.068894e-01 7.439914e-01 5.141430e-01 1.007114e+00 8.093101e-01 1.079471e-01 5.260601e-01 8.117629e-01 7.526190e-01 
24 337  1.000000000000000000e+05 0 0 3.041567e-02 9.139513e-01 2.495873e-01 3.736421e-01 5.438659e-01 7.197714e-01 6.787404e-01 7.433274e-02 -9.868982e-02 7.662364e-01 4.382087e-01 7.022065e-01 8.448700e-01 7.301969e-01 6.614646e-02 5.684747e-01 5.258569e-01 4.721927e-01 1.083330e+00 7.551878e-01 1.710936e-01 5.942735e-02 1.002239e+00 8.138572e-01 1.927532e-01 4.917752e-01 7.317153e-01 7.081035e-01 8.895534e-01 2.777910e-01 3.578430e-01 2.142024e-01 8.963480e-01 6.421421e-01 
25 351  1.000000000000000000e+05 0 0 1.154079e-01 9.356424e-01 6.987414e-01 3.280388e-01 3.823265e-01 5.011606e-01 6.527190e-01 7.371265e-02 -2.239749e-01 6.471218e-01 4.889602e-01 5.734686e-01 5.735002e-01 5.828286e-01 1.765112e-01 5.372080e-01 3.989518e-01 8.453929e-01 5.428821e-01 8.596045e-01 1.298986e-01 1.164181e-01 5.844022e-01 5.127856e-01 5.192777e-01 1.488404e-01 4.759037e-01 5.962892e-01 7.501253e-01 3.577202e-01 6.645244e-01 2.591922e-01 7.222972e-01 4.638821e-01 
26 365  1.000000000000000000e+05 0 0 3.413646e-01 8.051250e-01 2.663870e-01 4.840803e-01 4.294103e-01 4.943811e-01 6.830000e-01 2.147957e-01 4.015599e-01 5.692972e-01 4.350498e-01 3.850719e-01 5.311551e-01 5.798782e-01 3.809345e-01 7.023478e-01 2.577561e-01 6.182814e-01 4.733685e-01 5.799409e-01 1.681552e-01 4.315939e-01 9.277488e-01 8.945664e-01 4.244002e-01 9.306768e-02 6.153348e-01 6.470355e-01 7.869352e-01 4.591844e-01 5.902914e-01 5.295369e-02 7.068858e-01 5.528009e-01 
27 379  1.000000000000000000e+05 0 0 4.233651e-01 6.144050e-01 -8.133947e-02 3.330986e-01 4.894587e-01 7.711637e-01 6.098964e-01 -6.626530e-02 2.727709e-01 9.036432e-01 3.148816e-01 2.966744e-01 4.463362e-01 5.595883e-01 4.684526e-01 9.082251e-01 6.750977e-01 6.522058e-01 6.377882e-01 6.729105e-01 3.047534e-01 3.292411e-01 6.159223e-01 5.672049e-01 2.664269e-01 4.184056e-01 5.160957e-01 7.829457e-01 8.441954e-01 4.054470e-01 5.655063e-01 1.596643e-01 8.877685e-01 5.340657e-01 
28 393  1.000000000000000000e+05 0 0 7.751518e-02 7.201743e-01 1.573646e-01 1.847640e-01 1.766077e-01 8.314887e-01 4.685493e-01 2.030399e-01 4.594522e-01 3.107475e-01 1.979391e-01 3.572416e-01 6.557240e-01 5.602920e-01 1.169220e-01 7.867785e-01 5.233574e-01 1.788462e-01 2.832352e-01 6.425671e-01 1.916983e-01 3.730209e-01 8.372147e-01 7.462972e-01 4.982844e-01 3.844450e-01 7.132683e-01 1.012612e+00 8.272563e-01 6.857277e-01 7.361906e-01 -2.598363e-02 7.297307e-01 6.798493e-01 
29 407  1.000000000000000000e+05 0 0 -5.607183e-02 5.796761e-01 3.163850e-01 3.062976e-01 5.032231e-01 6.172643e-01 6.157026e-01 3.367823e-01 6.708966e-01 6.380678e-01 3.038276e-01 4.718637e-01 5.871618e-01 3.480033e-01 2.191904e-01 8.059701e-01 8.803567e-01 4.513372e-01 3.956540e-01 6.519373e-01 1.590396e-01 3.171050e-01 8.075770e-01 8.197063e-01 3.425534e-01 3.030250e-01 4.136802e-01 7.327576e-01 9.680775e-01 5.433053e-01 6.384835e-01 5.073473e-01 4.781636e-01 4.148857e-01 
30 421  1.000000000000000000e+05 0 0 4.791866e-01 4.662410e-01 2.011203e-01 7.817611e-01 4.955884e-01 7.113772e-01 5.156186e-01 2.990452e-01 3.138827e-01 6.873338e-01 6.856609e-02 3.482855e-01 3.284293e-01 5.064712e-01 4.773459e-01 9.739561e-01 7.850851e-01 4.013749e-01 2.394014e-01 5.946245e-01 1.657772e-01 2.848022e-01 8.712849e-01 5.752755e-01 4.812372e-01 4.897148e-01 2.251457e-01 9.241767e-01 5.015147e-01 4.982586e-01 6.469201e-01 2.300584e-03 5.575565e-01 5.115683e-01 
31 435  1.000000000000000000e+05 0 0 2.416781e-01 6.446314e-01 4.607592e-01 3.182166e-01 5.292280e-01 4.030512e-01 5.272805e-01 9.250273e-02 3.491924e-01 7.458562e-01 -1.420648e-01 3.883416e-01 6.158370e-01 4.149361e-01 3.834156e-01 8.194280e-01 5.168681e-01 4.800308e-01 6.367374e-01 4.740739e-01 3.160475e-01 2.071384e-01 7.100533e-01 8.428283e-01 5.247678e-01 4.242215e-01 5.186774e-01 8.527667e-01 4.372594e-01 6.078755e-01 4.639464e-01 3.724154e-01 5.247772e-01 7.423406e-01 
32 449  1.000000000000000000e+05 0 0 5.546470e-01 4.317784e-01 6.700239e-02 4.235666e-01 3.991718e-01 5.204351e-01 5.065328e-01 1.261104e-01 -4.825668e-02 6.936804e-01 2.890288e-02 2.880913e-01 5.369544e-01 2.554556e-01 4.548570e-01 7.347986e-01 4.547101e-01 5.280799e-01 7.115684e-01 5.215832e-01 -7.207125e-02 7.474725e-01 6.103712e-01 8.856728e-01 5.976242e-01 6.473536e-01 2.472373e-01 1.012340e+00 5.296118e-01 8.124663e-01 6.066548e-01 3.146449e-01 7.451399e-01 6.929520e-01 
33 463  1.000000000000000000e+05 0 0 6.963884e-01 3.168889e-01 6.544931e-01 4.812614e-01 3.071753e-01 6.666190e-01 4.872081e-01 5.613372e-02 3.174450e-01 5.566632e-01 -1.760986e-01 2.922861e-01 3.885006e-01 7.097748e-01 4.499997e-01 4.027107e-01 1.179082e+00 2.947705e-01 2.987008e-01 4.543263e-01 5.118791e-01 3.151531e-01 7.400035e-01 9.107818e-01 3.636171e-01 6.554563e-01 1.226240e-01 1.110926e+00 8.175758e-01 4.823552e-01 4.279918e-01 1.427589e-01 5.430348e-01 4.960203e-01 
34 477  1.000000000000000000e+05 0 0 7.781958e-01 6.529399e-01 3.950733e-01 3.336135e-01 -1.777854e-01 5.067979e-01 8.695151e-01 -1.199893e-01 1.222581e-02 7.239362e-01 -1.016662e-01 5.476975e-01 6.570695e-01 4.190185e-01 3.899434e-01 8.457029e-01 9.411651e-01 4.291385e-01 2.334574e-01 5.308688e-01 6.035540e-02 2.388409e-01 8.500627e-01 6.566506e-01 2.810683e-01 3.836953e-01 3.621298e-01 1.273835e+00 8.991539e-01 7.381212e-02 2.122497e-01 1.653328e-01 1.085031e+00 9.344446e-01 
35 491  1.000000000000000000e+05 0 0 4.090836e-01 4.306431e-02 2.705272e-01 4.381033e-01 1.298263e-01 5.879753e-01 2.401883e-01 -3.645384e-02 4.126001e-01 7.123502e-01 4.757961e-02 2.230775e-01 7.680074e-01 1.650772e-01 6.716695e-01 4.296576e-01 7.863073e-01 1.943222e-01 8.018045e-01 7.740047e-01 3.799561e-02 -1.100925e-01 7.686335e-01 7.285583e-01 2.975368e-01 3.799126e-01 5.750361e-01 8.723494e-01 9.843502e-01 4.933197e-01 1.507610e-01 2.867060e-01 6.825913e-01 6.986618e-01 
36 505  1.000000000000000000e+05 0 0 5.996580e-01 2.863999e-01 2.993263e-01 5.756314e-01 2.040255e-01 8.028866e-01 6.821758e-01 2.540477e-02 5.818271e-01 9.264098e-01 -4.812307e-02 4.566593e-01 5.499911e-01 2.823837e-01 4.248125e-01 8.083067e-01 1.084428e+00 1.822147e-01 2.758915e-01 6.178079e-01 3.853983e-01 5.596588e-02 7.054237e-01 8.588715e-01 6.105268e-01 2.658970e-01 5.215203e-01 1.082312e+00 7.547131e-01 -5.476689e-02 2.296378e-01 6.682904e-01 8.776490e-01 3.554422e-01 
37 519  1.000000000000000000e+05 0 0 8.674903e-01 4.956445e-01 1.537049e-01 4.461238e-01 4.524768e-01 6.918680e-01 4.584049e-01 1.516107e-01 1.096743e-01 1.013841e+00 3.574641e-01 3.225382e-01 5.777242e-01 2.430312e-01 4.195113e-01 2.837315e-01 5.012274e-01 1.568036e-01 2.455778e-01 6.784284e-01 1.036263e-02 1.231821e-01 8.155155e-01 5.597622e-01 5.993639e-01 1.213004e-01 8.839713e-01 8.269941e-01 4.362077e-01 1.846581e-01 5.650422e-01 2.068759e-01 7.680952e-01 2.355635e-01 
38 533  1.000000000000000000e+05 0 0 1.270552e+00 2.802374e-01 4.034556e-01 4.533386e-01 3.718517e-01 4.389029e-01 9.367687e-02 3.747194e-01 8.318118e-02 1.112944e+00 5.282737e-01 1.873886e-01 3.471198e-01 6.606373e-01 4.745225e-01 1.990168e-01 4.259849e-01 1.926906e-01 5.303241e-01 6.334295e-01 3.622999e-01 1.898274e-01 7.966914e-01 7.839097e-01 4.925523e-01 1.825459e-01 9.014219e-01 4.448054e-01 7.251774e-01 3.972393e-01 5.470240e-01 2.789626e-01 5.612923e-01 4.391306e-02 
39 547  1.000000000000000000e+05 0 0 7.700933e-01 6.729026e-01 2.478423e-01 7.728167e-02 1.744975e-01 4.362038e-01 2.514920e-01 4.478407e-01 2.288166e-01 1.066992e+00 5.058408e-01 3.231922e-01 8.993232e-01 2.383997e-01 3.610456e-01 5.542757e-01 6.871960e-01 2.556666e-01 3.767795e-01 5.350648e-01 1.828109e-01 2.901282e-01 8.233134e-01 5.273539e-01 9.054714e-01 9.818767e-02 8.780222e-01 1.011977e+00 5.601578e-01 4.762341e-01 6.887932e-01 4.051140e-01 7.830783e-01 6.776449e-01 
40 561  1.000000000000000000e+05 0 0 6.291451e-01 3.638422e-01 3.307352e-01 4.889562e-01 2.262592e-01 4.300626e-01 2.672207e-01 3.449179e-01 3.456566e-01 8.624742e-01 4.710565e-01 2.114415e-01 4.226683e-01 4.442701e-01 -6.843845e-02 8.966255e-01 8.682946e-01 6.096430e-01 2.976349e-01 5.484912e-01 4.641362e-01 2.271429e-01 1.112345e+00 5.590922e-01 5.435081e-01 -4.458786e-02 6.129009e-01 7.223910e-01 5.559392e-01 6.544125e-01 7.027463e-01 2.621559e-01 7.128908e-01 3.378466e-01 
41 575  1.000000000000000000e+05 0 0 7.582709e-01 3.224774e-01 3.120722e-01 -1.667146e-01 -2.372514e-03 6.906808e-01 5.404540e-01 4.349037e-01 4.118027e-01 9.484814e-01 2.986421e-01 3.571601e-01 5.170776e-01 2.255796e-01 6.511401e-01 8.294618e-01 1.138888e+00 2.384188e-01 2.626236e-01 4.115950e-01 4.635371e-01 2.287554e-01 9.972772e-01 7.180348e-01 5.641614e-01 -2.220880e-01 8.764419e-01 9.398522e-01 3.857435e-01 4.481582e-01 6.071909e-01 4.707832e-01 5.943134e-01 4.566648e-01 
42 589  1.000000000000000000e+05 0 0 8.293342e-01 3.381843e-01 1.237296e-01 4.655278e-01 4.374628e-01 6.304993e-01 2.260351e-01 3.013519e-01 6.040922e-01 9.302365e-01 3.994300e-01 2.820613e-01 6.030023e-01 3.048245e-01 5.006352e-01 5.257279e-01 9.331239e-01 2.535758e-01 3.632619e-01 1.977116e-01 6.192028e-01 2.719993e-01 7.973479e-01 5.538384e-01 6.380127e-01 3.707626e-01 4.267184e-01 9.680529e-01 7.574769e-01 9.653112e-01 7.109989e-01 1.084703e-01 8.552924e-01 6.458747e-01 
43 603  1.000000000000000000e+05 0 0 6.393610e-01 4.791277e-01 1.500150e-01 2.463035e-01 1.464833e-01 6.618737e-01 2.464903e-01 8.970900e-02 2.958072e-01 7.113021e-01 1.713083e-01 8.214325e-01 2.537915e-01 2.536273e-01 7.627645e-01 4.270452e-01 6.505583e-01 2.389150e-01 7.974190e-02 -4.404794e-02 4.729951e-01 4.502234e-01 8.762803e-01 6.500462e-01 2.562403e-01 5.383853e-01 6.534230e-01 9.980391e-01 1.056883e+00 5.524005e-01 1.049057e+00 9.703933e-02 6.903140e-01 6.671842e-01 
44 617  1.000000000000000000e+05 0 0 8.662070e-01 2.584269e-01 4.183966e-01 3.721076e-01 4.317948e-01 8.071409e-01 -1.867465e-01 2.367869e-01 4.083513e-01 6.708853e-01 2.753628e-01 2.022714e-01 4.252643e-01 3.118893e-01 5.501452e-01 5.641523e-01 9.992646e-01 1.285373e-01 3.166462e-01 -1.457794e-01 3.346629e-01 4.978522e-02 1.025854e+00 6.218994e-01 2.604439e-01 2.595355e-01 5.178772e-01 9.244675e-01 1.075695e+00 9.139360e-01 1.204454e+00 2.379293e-01 9.392101e-01 5.128478e-01 
45 631  1.000000000000000000e+05 0 0 1.000534e+00 2.533639e-01 1.803835e-01 3.540329e-01 2.982599e-01 9.611488e-01 3.385537e-01 4.370541e-01 3.307854e-02 8.203872e-01 3.276390e-01 4.137064e-01 2.786959e-01 3.205237e-01 1.381062e-01 4.124974e-01 6.940443e-01 3.368908e-01 2.719122e-01 4.989960e-01 7.936289e-02 4.586187e-02 2.973630e-01 7.806915e-01 5.400375e-01 6.370090e-01 6.304721e-01 5.252514e-01 8.647200e-01 7.225344e-01 1.062140e+00 1.980314e-01 6.674752e-01 1.018571e+00 
46 645  1.000000000000000000e+05 0 0 1.098296e+00 3.542505e-01 3.776754e-01 2.769815e-01 1.048576e-01 8.420043e-01 6.858600e-01 1.862474e-01 4.277648e-01 7.335854e-01 2.050899e-01 2.360470e-01 6.258057e-01 2.557304e-01 3.284641e-01 7.471004e-01 1.179005e+00 2.772043e-01 3.203442e-01 1.518148e-01 3.466654e-01 -2.405528e-01 8.332377e-01 8.061634e-01 7.709791e-01 4.696498e-01 5.112098e-01 6.871477e-01 7.911816e-01 6.611463e-01 6.524771e-01 3.413226e-01 6.373846e-01 3.707265e-01 
47 659  1.000000000000000000e+05 0 0 4.605422e-01 7.693629e-01 1.847347e-01 3.223652e-01 1.537671e-01 1.026923e+00 5.875807e-01 2.927074e-01 5.775108e-01 5.572567e-01 5.089739e-01 2.517738e-01 6.273211e-01 2.942403e-01 4.414009e-01 8.401197e-02 1.136878e+00 5.004773e-01 3.954110e-01 4.179172e-01 4.566700e-01 3.538739e-01 6.337070e-01 6.632690e-01 1.040777e+00 4.732449e-01 6.808409e-01 2.604829e-01 7.772947e-01 6.190806e-01 1.056244e+00 2.036042e-01 6.009557e-01 4.134239e-01 
48 673  1.000000000000000000e+05 0 0 4.195567e-01 4.585977e-01 3.162909e-01 5.745449e-01 1.675797e-02 7.601533e-01 5.848157e-01 4.416416e-01 5.454317e-01 1.039558e+00 2.316928e-01 5.967144e-01 6.454346e-01 3.424789e-01 5.187892e-01 3.338161e-01 5.158172e-01 2.044352e-01 1.546427e-01 6.168584e-01 5.425168e-03 5.286927e-02 6.713192e-01 9.745279e-01 5.547377e-01 5.583823e-01 8.659180e-01 2.704554e-01 6.661371e-01 6.821798e-01 9.631312e-01 3.911901e-01 7.645612e-01 6.408545e-01 
49 687  1.000000000000000000e+05 0 0 7.132557e-01 5.597444e-01 3.855638e-01 3.478240e-01 5.416991e-01 7.445549e-01 3.194673e-01 2.043253e-01 4.429384e-01 9.601073e-01 2.232806e-01 4.288652e-01 5.131045e-01 2.247854e-01 5.774870e-02 2.397598e-01 6.197530e-01 4.200316e-01 5.482085e-02 3.313641e-01 2.466018e-01 -1.144713e-01 6.221925e-01 6.461153e-01 8.364392e-01 2.787613e-01 6.763263e-01 4.216611e-01 8.408126e-01 4.402129e-01 8.951427e-01 2.771557e-01 9.263933e-01 1.656931e-01 
50 701  1.000000000000000000e+05 0 0 4.153878e-01 2.558734e-01 1.154118e-01 2.263294e-01 4.656455e-01 7.717452e-01 4.168192e-01 1.583962e-01 2.798388e-01 1.122260e+00 1.830648e-01 5.364417e-01 5.464647e-01 1.200170e-01 4.508721e-01 4.990861e-01 4.554022e-01 4.654930e-01 5.006465e-01 6.481031e-01 4.367565e-01 -1.685547e-02 6.348859e-01 1.042672e+00 8.047727e-01 6.357880e-01 7.148835e-01 9.180334e-01 7.177501e-01 5.359880e-01 8.821145e-01 2.673585e-01 7.254428e-01 6.550749e-01 
51 715  1.000000000000000000e+05 0 0 6.976034e-01 4.241330e-01 1.206037e-01 4.992196e-01 3.320466e-01 8.748845e-01 4.159670e-02 2.208470e-01 -4.102922e-02 9.649853e-01 3.364875e-01 7.559156e-01 8.819383e-01 -1.318933e-01 6.031929e-01 3.575267e-01 7.718599e-01 2.942522e-01 1.736639e-01 4.251119e-01 2.234637e-01 4.208590e-01 5.280936e-01 3.857484e-01 5.462364e-01 4.127885e-01 7.335285e-01 4.364663e-01 6.718807e-01 4.368600e-01 1.064191e+00 1.472618e-01 7.919665e-01 5.416243e-01 
52 729  1.000000000000000000e+05 0 0 8.134091e-01 6.473860e-01 2.197948e-01 5.491244e-01 5.322309e-01 1.028166e+00 5.073122e-01 2.309731e-01 3.180374e-01 9.714780e-01 4.440477e-01 4.620777e-01 4.246607e-01 1.411073e-01 6.258799e-01 3.049730e-01 9.152713e-01 4.268142e-01 2.461159e-01 3.247202e-01 4.606129e-01 1.385549e-01 5.677425e-01 7.668641e-01 4.452695e-01 6.042109e-01 8.704362e-01 5.140694e-01 5.788596e-01 3.194745e-01 8.081453e-01 3.511636e-01 5.724646e-01 5.680037e-01 
53 743  1.000000000000000000e+05 0 0 7.455941e-01 4.275719e-01 3.899169e-02 4.734099e-01 3.845281e-02 7.401325e-01 8.703485e-02 3.685439e-01 3.541031e-01 8.250323e-01 5.844570e-01 9.644043e-01 5.618193e-01 -1.223101e-02 4.187584e-01 4.201171e-01 6.468452e-01 5.056535e-01 3.881876e-01 3.706017e-01 3.058281e-01 1.824537e-01 7.185404e-01 6.695753e-01 7.712564e-01 4.255119e-01 6.858641e-01 5.367230e-01 7.325926e-01 5.557142e-01 9.643539e-01 2.963211e-01 7.707037e-01 4.889981e-01 
54 757  1.000000000000000000e+05 0 0 8.590549e-01 3.243469e-01 4.387642e-01 5.598563e-01 2.803372e-01 8.672049e-01 2.150855e-01 3.724886e-01 1.261509e-01 6.678293e-01 5.042621e-01 6.486246e-01 6.162062e-01 1.997944e-01 2.984991e-01 1.895434e-01 6.612909e-01 4.667941e-01 2.165803e-01 1.769623e-01 2.584370e-01 3.158037e-01 3.323290e-01 1.045782e+00 7.840763e-01 5.105783e-01 1.117474e+00 3.751392e-01 8.301531e-01 6.082555e-01 7.618222e-01 2.187756e-01 8.802825e-01 3.432600e-01 
55 771  1.000000000000000000e+05 0 0 9.905066e-01 5.447677e-01 3.272741e-01 1.667475e-01 -1.455847e-01 8.913077e-01 3.400486e-01 4.921125e-01 4.665645e-01 7.535942e-01 5.235676e-01 7.472274e-01 8.648520e-01 3.056529e-01 5.859854e-01 5.417501e-01 6.439297e-01 4.676980e-01 4.249377e-01 2.459296e-01 4.731553e-01 8.369489e-02 6.384428e-01 8.454665e-01 8.659799e-01 5.264347e-01 6.786399e-01 3.515358e-01 6.437986e-01 7.623442e-01 8.533439e-01 4.686915e-01 8.607874e-01 3.508309e-01 
56 785  1.000000000000000000e+05 0 0 7.019996e-01 7.576950e-01 6.652042e-01 2.379847e-02 1.583798e-01 6.283910e-01 2.112562e-01 4.473290e-01 4.493682e-01 7.824412e-01 1.077510e-01 8.433470e-01 7.142456e-01 4.324598e-01 3.016526e-01 2.395265e-01 5.830640e-01 5.164897e-01 3.044995e-01 2.937524e-01 4.133750e-01 3.039950e-01 4.892816e-01 1.052732e+00 7.333063e-01 7.815207e-01 9.689452e-01 4.672482e-01 5.879850e-01 5.236201e-01 9.274292e-01 2.690282e-01 8.417397e-01 7.170028e-01 
57 799  1.000000000000000000e+05 0 0 7.590582e-01 9.322929e-01 1.377590e-01 1.551852e-01 4.713909e-01 6.495544e-01 4.879018e-01 1.942658e-01 8.621321e-01 8.664248e-01 4.851142e-01 6.174178e-01 7.755374e-01 1.944228e-01 5.560256e-01 1.591519e-01 6.290259e-01 7.377946e-01 5.515721e-01 4.618495e-01 2.443001e-01 4.139263e-01 4.992701e-01 6.943445e-01 4.535634e-01 4.016081e-01 8.279644e-01 3.667621e-01 6.377356e-01 1.849051e-01 6.520968e-01 9.993739e-02 1.101313e+00 6.580025e-01 
58 813  1.000000000000000000e+05 0 0 8.289600e-01 9.714838e-01 2.794477e-01 -3.270194e-02 3.651712e-01 5.080470e-01 3.342880e-01 1.247394e-01 4.823710e-01 8.651884e-01 3.198145e-01 6.875971e-01 4.838538e-01 2.938378e-01 8.067641e-01 2.866317e-03 7.399654e-01 4.671483e-01 3.243359e-01 1.598648e-01 1.388853e-01 1.023628e-01 3.450949e-01 9.187097e-01 7.018363e-01 4.984877e-01 7.834227e-01 5.145786e-01 7.716839e-01 6.920623e-01 8.587136e-01 1.372518e-01 8.247340e-01 5.412900e-01 
59 827  1.000000000000000000e+05 0 0 5.185462e-01 9.593518e-01 4.694930e-01 1.140477e-01 2.287674e-01 7.283124e-01 5.442572e-01 2.840360e-01 3.798371e-01 1.012961e+00 3.745315e-01 6.262047e-01 5.574378e-01 2.752931e-01 8.814983e-01 -2.477065e-02 6.095593e-01 4.790187e-01 4.041392e-01 1.956886e-01 2.652483e-01 4.402353e-01 4.966949e-01 6.701627e-01 7.715852e-01 2.036565e-01 5.316267e-01 3.710568e-01 8.869831e-01 2.666887e-01 6.652882e-01 4.148883e-01 4.945231e-01 5.780660e-01 
60 841  1.000000000000000000e+05 0 0 3.136236e-01 9.446167e-01 1.615382e-01 -1.145611e-01 1.100426e-01 8.561365e-01 5.142732e-01 3.816795e-01 6.920670e-01 9.660086e-01 3.024338e-01 6.575864e-01 7.024936e-01 6.738237e-01 5.172443e-01 1.988668e-01 6.543903e-01 1.358675e-01 2.789455e-01 1.183756e-01 5.439759e-02 2.143120e-01 4.893924e-01 3.846797e-01 5.907600e-01 4.175132e-01 5.695590e-01 5.829218e-01 7.381160e-01 2.598604e-02 6.252199e-01 2.079966e-01 5.074825e-01 8.743158e-01 
61 855  1.000000000000000000e+05 0 0 3.344202e-01 9.509965e-01 7.762660e-01 4.015685e-01 2.883623e-01 7.548627e-01 4.804451e-01 6.150583e-01 4.805220e-01 5.596392e-01 2.214693e-01 1.151274e+00 4.228377e-01 8.649147e-01 4.134593e-01 3.271969e-01 2.466956e-01 5.315481e-01 2.309530e-01 -1.001354e-01 3.591042e-01 1.392175e-01 1.324747e-01 8.359581e-01 5.919963e-01 4.979747e-01 7.108209e-01 3.606444e-01 8.179535e-01 8.694001e-02 3.208058e-01 1.691002e-01 3.481586e-01 4.154126e-01 
62 869  1.000000000000000000e+05 0 0 3.506516e-01 9.772133e-01 6.130391e-01 4.418423e-01 -1.840276e-01 7.741912e-01 5.735441e-01 2.824813e-01 7.733847e-01 8.404669e-01 1.490892e-01 7.338096e-01 3.980087e-01 4.706749e-01 6.727969e-01 1.040326e-01 5.057317e-01 8.320897e-03 2.102145e-01 1.125057e-01 -5.489274e-02 -2.116193e-01 3.008370e-01 5.156883e-01 9.867508e-01 1.572044e-02 7.691256e-01 4.872908e-01 9.255693e-01 -5.457452e-01 4.265785e-01 1.999837e-01 3.742251e-01 5.295405e-01 
63 883  1.000000000000000000e+05 0 0 1.277504e-01 8.236474e-01 5.310254e-01 3.040259e-01 -1.470248e-02 9.766420e-01 6.358947e-01 1.151569e-02 2.776810e-01 4.480600e-01 3.534736e-03 8.819167e-01 7.387545e-01 1.474770e-01 7.936135e-01 1.132243e-01 5.575019e-01 4.482667e-01 2.233097e-01 2.773913e-01 6.280932e-01 1.486324e-02 6.610518e-01 7.150712e-01 9.043823e-01 3.097164e-01 4.072139e-01 1.060674e+00 3.416019e-01 2.593453e-01 6.210433e-01 1.654294e-01 7.217370e-01 5.466046e-01 
64 897  1.000000000000000000e+05 0 0 8.681309e-02 6.846910e-01 6.308400e-01 5.668093e-01 -2.867383e-01 4.549814e-01 4.265242e-01 6.310096e-02 3.187636e-01 9.843905e-01 3.058277e-01 9.043888e-01 8.313846e-01 1.083982e+00 9.436534e-01 3.554269e-01 5.208895e-01 2.962005e-01 3.994254e-01 1.241330e-01 5.244379e-01 -1.798446e-01 4.369985e-01 4.360575e-01 1.028810e+00 3.790240e-01 4.236481e-01 8.290089e-01 6.305249e-01 4.618749e-01 7.430070e-01 5.870662e-01 5.301109e-01 4.488346e-01 
65 911  1.000000000000000000e+05 0 0 -2.980894e-01 7.117180e-01 3.002378e-01 5.142896e-02 -3.302999e-02 5.253010e-01 9.293347e-01 2.851268e-01 7.752889e-01 1.249042e+00 2.469492e-01 7.604787e-01 8.238730e-01 6.365010e-01 4.870252e-01 -1.872471e-01 5.283518e-01 2.494150e-01 4.168152e-01 4.372499e-02 4.984563e-01 1.631557e-01 3.246514e-01 3.828733e-01 7.702263e-01 -7.945807e-03 -2.401371e-01 6.900586e-01 6.641754e-01 5.116392e-01 4.807561e-01 3.435921e-01 8.064857e-01 3.537191e-01 
66 925  1.000000000000000000e+05 0 0 2.028303e-01 5.822063e-01 4.285971e-01 4.723956e-01 -2.211252e-01 5.553324e-01 7.230661e-01 1.400800e-01 2.505623e-01 1.239686e+00 2.624833e-01 1.036812e+00 6.223495e-01 4.384488e-01 6.618175e-01 1.436465e-01 3.425809e-01 5.534946e-01 6.236929e-01 1.268973e-01 9.400774e-01 1.931615e-01 6.574693e-01 3.884064e-01 5.417186e-01 3.406478e-02 1.605649e-01 6.651941e-01 4.837573e-01 3.016252e-01 9.678468e-01 9.073800e-02 8.294662e-01 8.624754e-01 
67 939  1.000000000000000000e+05 0 0 1.349565e-01 6.453648e-01 5.754928e-01 4.404942e-01 9.328702e-04 9.210141e-01 5.706228e-01 -1.881553e-01 -7.281085e-02 6.053052e-01 1.697264e-01 1.088481e+00 5.085376e-01 3.725729e-01 9.674002e-01 4.332409e-02 -4.265701e-02 5.758164e-01 3.713660e-01 7.527704e-02 5.369084e-01 4.661553e-01 8.133308e-01 1.566842e-01 4.453753e-01 1.238696e-01 4.980521e-01 7.325524e-01 9.476795e-01 4.742070e-01 6.188924e-01 5.390673e-01 8.815220e-01 5.284481e-01 
68 953  1.000000000000000000e+05 0 0 2.506340e-01 7.521684e-01 2.508544e-01 -6.272193e-03 3.969820e-01 1.051026e+00 6.516597e-01 1.855330e-01 5.746963e-01 6.864463e-01 1.024246e-01 6.719524e-01 2.485989e-01 8.804745e-01 5.115982e-01 -5.700355e-03 3.413208e-01 4.179613e-01 3.476800e-01 2.017129e-01 5.676502e-01 3.026835e-01 6.792594e-01 4.878963e-01 7.179567e-01 -1.551686e-01 5.293760e-01 7.451800e-01 6.913451e-01 5.333349e-01 5.660170e-01 2.358711e-01 6.736389e-01 4.171297e-01 
69 967  1.000000000000000000e+05 0 0 1.612568e-01 5.108623e-01 6.237852e-01 2.984371e-01 2.075095e-01 5.010587e-01 5.343884e-01 1.827074e-01 2.482191e-01 1.007334e+00 2.023777e-01 1.044786e+00 1.763581e-01 4.384038e-01 5.083741e-01 1.012885e-01 4.851694e-01 2.566179e-01 3.261643e-01 -3.083910e-02 6.168503e-01 6.532608e-01 8.995197e-01 6.615018e-01 8.950607e-01 2.937790e-01 4.233771e-01 7.796331e-01 1.005253e+00 2.745336e-01 6.607700e-01 1.843660e-01 8.678734e-01 3.804289e-01 
70 981  1.000000000000000000e+05 0 0 1.569954e-01 7.338777e-01 2.946861e-02 4.728529e-03 3.560563e-01 6.434652e-01 9.250076e-01 4.486677e-01 3.713135e-01 8.761956e-01 5.791822e-01 7.609013e-01 5.335069e-01 8.080550e-01 3.732235e-01 2.388291e-01 2.562997e-01 2.565052e-01 6.219885e-01 2.529636e-01 4.323260e-01 6.457358e-01 5.276072e-01 7.702000e-02 7.227038e-01 1.097556e-01 1.268663e-01 5.926146e-01 1.116151e+00 1.154882e-01 5.039276e-01 2.911655e-01 4.397485e-01 1.564927e-01 
71 995  1.000000000000000000e+05 0 0 4.788143e-01 5.854123e-01 2.441890e-01 3.736917e-01 1.470761e-01 8.199078e-01 7.523313e-01 2.759110e-01 4.896778e-01 5.793770e-01 3.724749e-01 9.816586e-01 3.201153e-01 8.766721e-01 5.495149e-01 4.112473e-01 -3.055812e-02 5.908026e-01 4.475254e-01 4.024681e-01 3.439986e-01 4.532288e-01 5.857008e-01 1.692253e-02 7.942284e-01 2.318137e-01 1.897130e-01 1.036763e+00 7.977531e-01 3.630654e-01 1.845775e-01 4.875877e-01 6.751311e-01 2.192578e-01 
72 1009  1.000000000000000000e+05 0 0 2.599860e-01 7.426967e-01 3.728424e-01 2.523504e-01 2.129193e-01 7.145726e-01 7.339817e-01 6.031219e-01 6.315163e-01 3.064526e-01 7.430234e-01 8.339455e-01 3.334931e-01 1.130922e+00 5.513086e-01 1.604779e-01 -1.326635e-01 1.445636e-01 5.605509e-01 3.281904e-01 4.708484e-01 7.079715e-01 2.369488e-01 4.942181e-01 4.390205e-01 2.648899e-01 2.496823e-01 6.150551e-01 1.009128e+00 4.169742e-01 2.584231e-01 4.973483e-01 6.885870e-01 3.470794e-01 
73 1023  1.000000000000000000e+05 0 0 1.410928e-01 6.321202e-01 1.003867e-01 6.623221e-01 1.719594e-01 8.442730e-01 8.299534e-01 4.763254e-01 4.037635e-01 3.409479e-01 5.942011e-01 9.304627e-01 1.497729e-01 6.367158e-01 8.764325e-02 2.915093e-02 1.609033e-01 3.314184e-01 3.363337e-01 -5.436103e-02 4.706916e-01 2.352906e-01 8.016067e-01 4.075545e-01 5.620659e-01 3.619182e-01 2.106518e-02 9.792645e-01 9.961478e-01 1.910364e-01 7.001417e-01 6.584685e-01 5.182481e-01 2.752189e-01 
74 1037  1.000000000000000000e+05 0 0 1.405894e-01 5.419710e-01 2.371151e-01 6.782713e-01 9.432753e-02 9.709228e-01 8.007847e-01 6.567644e-01 4.667748e-01 4.488042e-02 5.715017e-01 1.109492e+00 3.084825e-01 7.316668e-01 3.662077e-01 2.725305e-01 2.390721e-01 2.596739e-01 5.867125e-01 4.161720e-01 4.633696e-01 4.426596e-01 8.055660e-01 1.446410e-01 6.847208e-01 3.169208e-01 3.083388e-01 1.039600e+00 1.140557e+00 5.086561e-02 4.251409e-01 5.108182e-01 6.067128e-01 5.887866e-02 
75 1051  1.000000000000000000e+05 0 0 3.989660e-01 7.269594e-01 1.756855e-01 8.160552e-01 4.589336e-01 8.561414e-01 6.687860e-01 4.339459e-01 6.107379e-01 5.849564e-01 4.514849e-01 7.452508e-01 3.265794e-01 6.443176e-01 5.604371e-01 -7.894228e-02 1.946007e-01 -1.170460e-02 6.099493e-01 -7.752046e-02 4.250330e-01 3.125910e-01 7.242308e-01 6.382280e-01 4.534069e-01 2.067546e-01 4.285509e-01 9.568726e-01 9.029722e-01 2.998327e-01 4.265740e-01 4.103259e-01 5.812357e-01 4.891004e-01 
76 1065  1.000000000000000000e+05 0 0 -1.607686e-01 8.759348e-01 3.184245e-01 4.979785e-01 1.327080e-01 9.766527e-01 5.900784e-01 3.261985e-01 4.625297e-01 3.295693e-01 3.244177e-01 9.382945e-01 5.562833e-01 9.195513e-01 1.287919e-01 -1.835005e-01 3.443241e-02 1.380648e-01 8.435312e-01 3.528009e-01 5.051482e-01 6.743947e-01 6.977067e-01 7.212424e-01 6.647503e-01 3.010737e-01 3.571499e-01 7.351078e-01 8.184079e-01 2.173356e-01 5.863219e-01 2.283084e-02 7.245399e-01 7.196026e-02 
77 1079  1.000000000000000000e+05 0 0 3.684352e-01 7.928975e-01 5.429762e-01 5.509983e-01 -8.965392e-02 8.215862e-01 7.228516e-01 4.255324e-01 5.221826e-01 3.995150e-01 1.546483e-01 9.300290e-01 4.691459e-01 6.341051e-01 5.415036e-01 2.654458e-01 3.574536e-01 3.775233e-02 9.209934e-01 3.364280e-01 1.669533e-01 1.664585e-01 4.201486e-01 6.246314e-01 6.015548e-01 3.477222e-01 3.319027e-01 7.950177e-01 7.247948e-01 1.922286e-01 8.047437e-01 4.160006e-01 5.835206e-01 3.294556e-01 
78 1093  1.000000000000000000e+05 0 0 3.772348e-02 7.169300e-01 1.093372e-01 6.749105e-01 3.852687e-01 8.402135e-01 4.435255e-01 -5.387881e-02 2.471470e-01 2.641451e-01 1.442299e-01 6.817960e-01 2.489988e-01 9.203028e-01 5.567394e-01 9.330736e-02 3.093114e-01 1.539501e-01 7.684990e-01 6.231285e-01 3.941230e-01 5.504857e-01 1.061534e+00 8.908181e-01 6.139496e-01 3.295513e-01 3.664648e-01 9.307964e-01 1.152473e+00 2.519456e-01 8.950786e-01 5.799177e-01 5.381468e-01 1.103300e-01 
79 1107  1.000000000000000000e+05 0 0 -2.796544e-02 7.569793e-01 2.702033e-01 5.945796e-01 2.370584e-01 5.984442e-01 8.304805e-01 4.449909e-01 7.665944e-01 2.980071e-01 2.288211e-01 8.255832e-01 1.995023e-01 6.523761e-01 3.833765e-01 5.382226e-01 3.887533e-01 1.866419e-03 7.484568e-01 3.129631e-01 5.898372e-01 3.309877e-01 8.496712e-01 7.759984e-01 4.214595e-01 7.086336e-01 7.367735e-01 7.729883e-01 6.743119e-01 3.221589e-01 7.367164e-01 6.493893e-01 5.694097e-01 9.437290e-02 
80 1121  1.000000000000000000e+05 0 0 4.381140e-04 9.125154e-01 3.996090e-01 2.989763e-01 1.583428e-01 5.887109e-01 6.978553e-01 4.392588e-01 3.285607e-01 3.384622e-01 4.038667e-01 8.369745e-01 4.407094e-01 5.802948e-01 1.413680e-01 5.761297e-02 3.529236e-01 2.592645e-01 6.934954e-01 6.244053e-01 7.930408e-01 4.123527e-01 6.545657e-01 8.385969e-01 5.393630e-01 3.285142e-02 7.268276e-01 8.565329e-01 9.624794e-01 4.173645e-01 6.176342e-01 4.373477e-01 5.798614e-01 3.099303e-01 
81 1135  1.000000000000000000e+05 0 0 5.533421e-01 7.736542e-01 4.248191e-01 2.182280e-01 1.151585e-01 7.556311e-01 3.889800e-01 1.585324e-01 2.805614e-01 2.170117e-01 6.939707e-01 8.085900e-01 4.639619e-01 6.340233e-01 3.093313e-02 5.900494e-02 4.857396e-01 1.581900e-02 6.527455e-01 4.898397e-01 7.732204e-01 3.729848e-01 7.686751e-01 8.349492e-01 4.209002e-01 2.851006e-01 9.052445e-01 1.047339e+00 8.803062e-01 4.052814e-01 9.275445e-01 4.640095e-01 6.030025e-01 8.713766e-02 
82 1149  1.000000000000000000e+05 0 0 1.674548e-01 9.133983e-01 4.041585e-01 4.965317e-01 -6.671647e-02 8.460101e-01 6.802740e-01 4.641343e-01 6.581491e-01 3.957918e-01 4.846015e-01 7.964669e-01 5.194226e-01 7.057118e-01 4.818157e-01 3.047795e-01 2.465533e-01 5.491021e-02 8.090776e-01 6.432914e-01 5.687409e-01 3.087563e-01 6.196072e-01 5.644835e-01 4.296709e-01 2.067153e-01 7.695997e-01 7.119085e-01 9.120433e-01 5.532022e-01 7.887059e-01 3.447329e-01 5.322128e-01 6.297250e-01 
83 1163  1.000000000000000000e+05 0 0 -1.479729e-01 8.281475e-01 3.045290e-01 4.193491e-01 2.115826e-01 1.027584e+00 3.507608e-01 -2.129033e-02 1.608314e-01 2.978636e-02 3.389225e-01 6.321005e-01 7.038980e-01 4.412332e-01 2.898617e-01 1.414668e-01 3.210100e-01 3.358862e-01 8.957281e-01 5.558671e-01 7.063153e-01 4.715183e-01 5.579785e-01 6.945854e-01 2.645155e-01 3.794352e-01 6.831103e-01 8.096279e-01 9.940336e-01 3.125680e-01 4.493255e-01 2.933729e-01 2.809214e-01 3.167774e-01 
84 1177  1.000000000000000000e+05 0 0 7.548800e-02 9.077914e-01 3.709968e-01 4.119822e-01 4.728820e-01 7.166227e-01 7.453530e-01 1.874618e-01 3.797997e-01 2.505816e-01 6.944046e-01 6.502519e-01 6.089066e-01 5.278279e-01 2.429391e-01 1.651412e-01 2.875774e-01 1.410405e-01 6.685448e-01 1.241655e-01 8.054356e-01 2.158690e-01 7.514656e-01 7.777115e-01 8.853350e-02 4.345131e-01 7.205634e-01 8.036282e-01 9.513584e-01 4.051131e-01 6.737949e-01 3.854688e-01 3.118952e-01 5.190060e-01 
85 1191  1.000000000000000000e+05 0 0 -1.137788e-01 1.158237e+00 1.931354e-01 2.443674e-01 4.754649e-01 7.203161e-01 5.902330e-01 1.638921e-01 3.918622e-01 6.039369e-01 4.922018e-01 5.400760e-01 6.747828e-01 4.648379e-01 1.067651e-01 1.861880e-01 5.432453e-01 4.601031e-01 8.695472e-01 -2.363370e-01 9.484328e-01 4.023617e-01 7.110231e-01 8.332581e-01 5.225921e-02 3.850253e-01 1.035726e+00 9.973034e-01 5.834737e-01 5.252801e-01 5.802833e-01 1.502679e-01 1.821597e-01 6.298055e-01 
86 1205  1.000000000000000000e+05 0 0 1.984154e-01 8.450971e-01 7.004273e-01 2.337775e-01 3.244508e-01 5.035706e-01 4.450698e-01 2.270709e-01 2.809402e-01 3.240534e-01 6.259086e-01 4.425120e-01 2.040173e-01 2.173655e-01 9.433912e-02 5.050011e-01 3.107218e-01 1.843605e-01 6.313427e-01 7.663238e-01 9.222016e-01 2.760032e-02 8.620468e-01 7.792099e-01 4.485273e-01 3.135432e-03 6.183079e-01 2.212077e-01 9.363560e-01 3.290834e-01 7.075253e-01 9.070168e-02 3.393565e-01 3.388906e-01 
87 1219  1.000000000000000000e+05 0 0 5.920730e-02 8.643645e-01 6.635438e-01 4.836369e-01 2.984003e-01 9.130165e-01 8.057899e-01 3.322657e-01 3.486072e-01 -7.769545e-02 4.606552e-01 8.493077e-01 3.915977e-01 3.733934e-01 2.585113e-01 3.409700e-01 1.404217e-01 1.182941e-01 3.771756e-01 1.959226e-01 9.393372e-01 3.485636e-01 7.258399e-01 7.179092e-01 4.045695e-01 5.747048e-01 -7.356484e-02 -7.054620e-02 7.868260e-01 3.578084e-01 1.010590e+00 2.142987e-01 3.504772e-01 5.268081e-01 
88 1233  1.000000000000000000e+05 0 0 1.138905e-01 1.108267e+00 4.848882e-01 1.047521e+00 1.768648e-01 8.945963e-01 9.073024e-01 3.212585e-01 2.674054e-01 3.434541e-01 8.896032e-01 6.306074e-01 -1.413181e-01 2.799738e-01 -3.306430e-02 5.160296e-01 2.524789e-01 2.252221e-01 4.844655e-01 5.983847e-01 5.292289e-01 5.439383e-01 6.597429e-01 3.129076e-01 7.865141e-01 5.784672e-01 7.841882e-01 5.906779e-01 2.784809e-01 1.086315e-01 1.130277e+00 6.013094e-01 4.860686e-01 4.184458e-01 
89 1247  1.000000000000000000e+05 0 0 8.032859e-01 3.409040e-01 7.653968e-01 6.163927e-01 1.186978e-02 7.247341e-01 1.110178e+00 -4.931973e-02 -1.506191e-01 5.719433e-01 7.622872e-01 5.704132e-01 4.799615e-01 2.332279e-01 4.344965e-01 2.207890e-01 1.519026e-01 -2.064847e-01 6.521550e-01 8.498040e-02 4.178563e-01 9.610355e-02 1.149740e-01 4.029802e-01 6.256132e-01 9.719209e-01 5.470074e-01 3.434817e-01 5.669650e-01 5.730858e-01 7.429576e-01 3.583812e-01 7.492961e-01 8.421862e-01 
90 1261  1.000000000000000000e+05 0 0 1.631460e-01 5.395050e-01 2.317913e-01 2.694192e-01 2.954383e-01 4.888512e-01 7.282100e-01 3.645464e-01 4.446123e-01 3.374241e-01 8.519329e-01 4.815372e-01 3.779023e-01 5.181748e-01 2.245388e-01 2.973146e-01 3.396947e-01 -1.528139e-01 1.107230e+00 1.087596e+00 6.307155e-01 1.948915e-01 5.604149e-01 4.756991e-01 7.317587e-02 5.398596e-01 1.871705e-01 4.942928e-01 5.312864e-01 4.797745e-01 7.224927e-01 -8.443972e-02 7.320543e-01 8.064525e-01 
91 1275  1.000000000000000000e+05 0 0 2.341543e-01 5.704051e-01 2.215053e-01 1.406960e-01 9.569117e-02 5.098353e-01 1.041574e+00 2.099192e-01 2.340487e-01 4.934543e-01 5.777321e-01 5.798517e-01 2.854668e-01 6.923752e-01 1.976038e-01 2.406249e-01 2.763053e-01 4.126389e-01 9.528253e-01 4.257656e-01 6.402570e-01 1.362975e-01 8.849660e-01 3.434013e-01 4.522873e-01 4.654245e-01 6.136392e-01 5.987895e-01 6.147464e-01 4.106020e-01 5.460705e-01 -2.726076e-01 1.042455e+00 6.107009e-01 
92 1289  1.000000000000000000e+05 0 0 4.532509e-01 3.520290e-01 4.278302e-01 8.560136e-01 5.318905e-01 6.618530e-01 1.091744e+00 2.050307e-01 4.503445e-01 6.296107e-02 7.591752e-01 2.654584e-01 3.997734e-01 1.768994e-01 3.100403e-01 5.365897e-01 5.794582e-01 -1.894141e-01 7.576804e-01 5.942742e-01 5.842455e-02 1.950986e-01 5.585675e-01 1.479006e-01 1.073528e+00 5.825555e-01 5.177864e-01 4.220253e-01 5.065483e-01 8.890035e-01 4.514376e-01 4.054873e-01 1.077575e+00 4.662968e-01 
93 1303  1.000000000000000000e+05 0 0 -1.209918e-01 2.451417e-01 1.120387e-01 8.183945e-01 3.184888e-01 7.175185e-01 1.083563e+00 4.284348e-01 9.332477e-01 2.475104e-01 6.996369e-01 -9.069625e-02 7.496265e-01 1.941103e-01 2.734759e-01 4.782981e-01 3.137586e-01 3.885769e-01 1.004418e+00 8.294094e-01 1.123954e+00 2.166220e-01 7.465721e-01 5.548564e-01 8.336682e-01 6.599575e-01 7.466016e-01 5.400725e-01 6.766784e-01 5.436169e-01 3.595865e-01 4.013271e-01 1.032425e+00 3.811308e-01 
94 1317  1.000000000000000000e+05 0 0 1.896020e-01 4.227552e-01 5.495183e-01 8.742903e-01 -8.003569e-02 5.567582e-01 6.930182e-01 5.653739e-01 5.545099e-01 5.499056e-01 6.594895e-01 -5.769369e-02 1.707601e-01 3.682689e-01 2.716246e-01 2.986228e-01 6.350947e-01 1.898285e-01 8.157628e-01 7.214989e-01 2.170645e-01 3.331891e-01 7.592743e-01 -2.024429e-01 9.889726e-01 8.903837e-01 5.997886e-01 6.866040e-01 4.817803e-01 9.376368e-01 5.974759e-01 -1.653526e-01 9.478915e-01 7.626915e-01 
95 1331  1.000000000000000000e+05 0 0 2.869667e-01 2.234931e-01 2.711836e-01 2.945797e-01 3.112585e-01 4.099649e-01 8.853967e-01 1.722247e-01 6.147806e-02 8.485400e-01 7.222721e-01 2.430220e-01 7.165286e-01 2.992609e-01 4.723288e-01 5.170623e-01 2.276374e-01 5.170530e-01 4.274622e-01 9.511512e-01 1.005231e+00 4.877454e-01 4.840543e-01 -1.094499e-01 8.238110e-01 3.426018e-01 9.870363e-01 5.802386e-01 8.755318e-01 3.528429e-01 4.589388e-01 2.521308e-01 9.719869e-01 9.936716e-01 
96 1345  1.000000000000000000e+05 0 0 4.267245e-01 4.503527e-01 6.002486e-01 6.005370e-01 1.196558e-01 7.278952e-01 5.524270e-01 4.976878e-01 5.511791e-01 8.050649e-01 6.923774e-01 5.043213e-01 2.969500e-01 2.763472e-01 5.807826e-02 2.432886e-01 2.194245e-01 1.002017e-01 5.322584e-01 8.408901e-01 7.525820e-01 5.411597e-01 7.443150e-01 3.462909e-01 1.001657e+00 8.928202e-01 8.037944e-01 9.409371e-01 7.032153e-01 7.578736e-01 6.851434e-01 5.292694e-01 8.937413e-01 1.087630e+00 
97 1359  1.000000000000000000e+05 0 0 4.819159e-01 1.416661e-02 5.317264e-01 4.362021e-01 3.602765e-01 5.286521e-01 5.143348e-01 2.879537e-01 2.521981e-01 4.265627e-01 4.039832e-01 7.649412e-02 3.144572e-01 8.391178e-02 4.454172e-02 5.237966e-01 4.770839e-01 2.769606e-01 1.133456e+00 7.389905e-01 4.620115e-01 1.952105e-01 5.694271e-01 3.376395e-01 8.142950e-01 8.693948e-01 9.251819e-01 7.692577e-01 5.802750e-01 9.613330e-01 3.698703e-01 9.849442e-02 9.076103e-01 8.312328e-01 
98 1373  1.000000000000000000e+05 0 0 3.336462e-01 1.658418e-01 4.971147e-01 5.531543e-01 2.907058e-01 6.877046e-01 8.926607e-01 2.599093e-01 5.941784e-01 6.887446e-01 6.748733e-01 5.185056e-01 4.195084e-01 2.537090e-01 -2.548444e-01 3.345395e-01 4.053007e-01 1.941352e-01 7.106433e-01 2.286611e-01 7.527623e-01 4.275098e-01 1.445297e-01 5.755725e-01 1.007137e+00 6.054050e-01 8.632586e-01 6.654863e-01 5.908398e-01 7.070773e-01 7.538929e-01 1.747264e-02 9.228038e-01 5.258014e-01 
99 1387  1.000000000000000000e+05 0 0 2.655790e-01 2.029357e-01 6.943339e-01 4.920363e-01 5.999113e-01 8.008884e-01 3.470164e-01 3.758672e-01 2.530474e-01 9.482552e-01 4.002542e-01 6.183782e-01 4.845961e-01 6.097063e-02 1.723739e-01 1.733923e-01 1.602168e-01 -5.976813e-02 7.702564e-01 7.616987e-01 6.132283e-01 4.132774e-01 3.609832e-02 5.935933e-01 9.258401e-01 6.190482e-01 1.448144e+00 5.440742e-01 7.010320e-01 8.934685e-01 8.699585e-01 -2.543822e-01 7.992356e-01 1.394151e+00 
100 1401  1.000000000000000000e+05 0 0 3.254619e-02 5.831657e-01 5.819801e-01 4.549275e-01 1.497927e-01 6.189657e-01 7.754833e-01 1.874804e-01 4.727816e-01 4.818908e-01 7.599333e-01 4.458160e-01 1.979536e-01 3.437403e-01 2.719064e-02 -7.993972e-02 3.039087e-01 2.684203e-01 6.211405e-01 6.228843e-01 8.194099e-01 5.624326e-01 4.289408e-01 2.145288e-01 8.273340e-01 7.855735e-01 7.444546e-01 5.091144e-01 4.103576e-01 3.405364e-01 5.145869e-01 2.365592e-01 6.765153e-01 8.728794e-01 
