%  columns="iteration, evaluation, sigma, max axis length, min axis length, all principle axes lengths (sorted square roots of eigenvalues of C)" (startseed=218186, 2023/08/22 18:53:57.87)
1 15 3.950347e-01 1.027081e+00 9.972581e-01 9.972581e-01 9.972581e-01 9.972581e-01 9.972581e-01 9.972581e-01 9.972581e-01 9.972581e-01 9.972581e-01 9.972581e-01 9.972581e-01 9.972581e-01 9.972581e-01 9.972581e-01 9.972581e-01 9.972581e-01 9.972581e-01 9.972581e-01 9.972581e-01 9.972581e-01 9.972581e-01 9.972581e-01 9.972581e-01 9.972581e-01 9.972581e-01 9.972581e-01 9.972581e-01 9.972581e-01 9.979233e-01 9.989215e-01 1.003075e+00 1.004905e+00 1.006940e+00 1.015297e+00 1.027081e+00 
2 29 3.858128e-01 1.044483e+00 9.945238e-01 9.945238e-01 9.945238e-01 9.945238e-01 9.945238e-01 9.945238e-01 9.945238e-01 9.945238e-01 9.945238e-01 9.945238e-01 9.945238e-01 9.945238e-01 9.945238e-01 9.945238e-01 9.945238e-01 9.945238e-01 9.945238e-01 9.945238e-01 9.945238e-01 9.945238e-01 9.945238e-01 9.950566e-01 9.952762e-01 9.953300e-01 9.959593e-01 9.975630e-01 9.992501e-01 1.000317e+00 1.001730e+00 1.004090e+00 1.005726e+00 1.007240e+00 1.013003e+00 1.016367e+00 1.044483e+00 
3 43 3.712108e-01 1.049729e+00 9.917970e-01 9.917970e-01 9.917970e-01 9.917970e-01 9.917970e-01 9.917970e-01 9.917970e-01 9.917970e-01 9.917970e-01 9.917970e-01 9.917970e-01 9.917970e-01 9.917970e-01 9.917970e-01 9.920274e-01 9.921194e-01 9.924178e-01 9.924877e-01 9.927528e-01 9.931711e-01 9.940035e-01 9.947201e-01 9.951246e-01 9.968812e-01 9.979603e-01 9.987345e-01 1.000888e+00 1.001940e+00 1.002853e+00 1.006124e+00 1.008972e+00 1.013430e+00 1.017210e+00 1.022912e+00 1.049729e+00 
4 57 3.532345e-01 1.051151e+00 9.890776e-01 9.890776e-01 9.890776e-01 9.890776e-01 9.890776e-01 9.890776e-01 9.890776e-01 9.891560e-01 9.892279e-01 9.893238e-01 9.894186e-01 9.896071e-01 9.897385e-01 9.900888e-01 9.902699e-01 9.911474e-01 9.914604e-01 9.919219e-01 9.920966e-01 9.928158e-01 9.935589e-01 9.953885e-01 9.969127e-01 9.970234e-01 9.977135e-01 9.981200e-01 1.000783e+00 1.002825e+00 1.004724e+00 1.006922e+00 1.012877e+00 1.015871e+00 1.021136e+00 1.026049e+00 1.051151e+00 
5 71 3.396721e-01 1.051677e+00 9.863761e-01 9.863761e-01 9.864041e-01 9.864686e-01 9.865006e-01 9.865349e-01 9.866115e-01 9.869200e-01 9.870503e-01 9.871959e-01 9.875026e-01 9.877325e-01 9.878382e-01 9.886198e-01 9.892189e-01 9.898132e-01 9.902353e-01 9.908685e-01 9.914057e-01 9.924099e-01 9.930136e-01 9.940747e-01 9.956428e-01 9.961479e-01 9.982524e-01 9.994948e-01 1.000985e+00 1.002272e+00 1.005717e+00 1.007845e+00 1.012750e+00 1.016357e+00 1.024071e+00 1.026158e+00 1.051677e+00 
6 85 3.331649e-01 1.052042e+00 9.837512e-01 9.837512e-01 9.838909e-01 9.839937e-01 9.840808e-01 9.844425e-01 9.844916e-01 9.845792e-01 9.850388e-01 9.853501e-01 9.860018e-01 9.861320e-01 9.864029e-01 9.868468e-01 9.871631e-01 9.884127e-01 9.889178e-01 9.899155e-01 9.901311e-01 9.906180e-01 9.929573e-01 9.935425e-01 9.947439e-01 9.951071e-01 9.971543e-01 9.984615e-01 1.000703e+00 1.003461e+00 1.005187e+00 1.011551e+00 1.012607e+00 1.018244e+00 1.024161e+00 1.036091e+00 1.052042e+00 
7 99 3.244851e-01 1.054337e+00 9.813571e-01 9.813571e-01 9.815577e-01 9.817756e-01 9.820152e-01 9.822705e-01 9.827023e-01 9.828472e-01 9.830904e-01 9.834117e-01 9.837652e-01 9.840964e-01 9.842792e-01 9.848887e-01 9.857159e-01 9.868059e-01 9.874788e-01 9.878640e-01 9.890258e-01 9.908612e-01 9.912994e-01 9.923814e-01 9.930890e-01 9.949087e-01 9.968598e-01 9.991235e-01 1.002479e+00 1.003625e+00 1.009994e+00 1.010478e+00 1.014641e+00 1.019542e+00 1.024422e+00 1.043734e+00 1.054337e+00 
8 113 3.124992e-01 1.054611e+00 9.788945e-01 9.788945e-01 9.791075e-01 9.792459e-01 9.796369e-01 9.798511e-01 9.801870e-01 9.807683e-01 9.810305e-01 9.814426e-01 9.816246e-01 9.820270e-01 9.821321e-01 9.831244e-01 9.844326e-01 9.847187e-01 9.865583e-01 9.875920e-01 9.884155e-01 9.897952e-01 9.905077e-01 9.913436e-01 9.929184e-01 9.947265e-01 9.966673e-01 1.000890e+00 1.002438e+00 1.006863e+00 1.009141e+00 1.013085e+00 1.015360e+00 1.018888e+00 1.025156e+00 1.049526e+00 1.054611e+00 
9 127 2.992528e-01 1.056352e+00 9.763477e-01 9.763477e-01 9.768313e-01 9.770641e-01 9.773950e-01 9.776715e-01 9.783015e-01 9.783888e-01 9.786570e-01 9.794128e-01 9.796619e-01 9.801500e-01 9.807176e-01 9.818170e-01 9.828645e-01 9.837917e-01 9.858833e-01 9.867186e-01 9.881958e-01 9.886329e-01 9.890701e-01 9.903124e-01 9.908587e-01 9.939187e-01 9.977527e-01 9.987526e-01 1.002796e+00 1.004909e+00 1.008078e+00 1.012612e+00 1.013787e+00 1.018081e+00 1.025623e+00 1.049174e+00 1.056352e+00 
10 141 2.851569e-01 1.055312e+00 9.740420e-01 9.740420e-01 9.742957e-01 9.746340e-01 9.753497e-01 9.756941e-01 9.764819e-01 9.769871e-01 9.773603e-01 9.774738e-01 9.784556e-01 9.789643e-01 9.802930e-01 9.809824e-01 9.818180e-01 9.823729e-01 9.840112e-01 9.850914e-01 9.864539e-01 9.878047e-01 9.880823e-01 9.892777e-01 9.923715e-01 9.931281e-01 9.972082e-01 1.001242e+00 1.003799e+00 1.005661e+00 1.007788e+00 1.011953e+00 1.017286e+00 1.018527e+00 1.025967e+00 1.048257e+00 1.055312e+00 
11 155 2.731631e-01 1.055701e+00 9.719528e-01 9.719528e-01 9.722976e-01 9.724538e-01 9.729756e-01 9.743874e-01 9.745961e-01 9.748603e-01 9.759842e-01 9.763643e-01 9.768553e-01 9.782537e-01 9.784858e-01 9.788974e-01 9.809166e-01 9.823020e-01 9.832579e-01 9.845602e-01 9.852411e-01 9.869237e-01 9.892565e-01 9.906307e-01 9.941153e-01 9.951713e-01 9.957397e-01 1.000368e+00 1.002144e+00 1.007344e+00 1.009003e+00 1.010095e+00 1.016434e+00 1.019586e+00 1.029765e+00 1.048828e+00 1.055701e+00 
12 169 2.619345e-01 1.053255e+00 9.698923e-01 9.698923e-01 9.701470e-01 9.707557e-01 9.714598e-01 9.722096e-01 9.726014e-01 9.733436e-01 9.739164e-01 9.748503e-01 9.761575e-01 9.765006e-01 9.775638e-01 9.790945e-01 9.800614e-01 9.810120e-01 9.823440e-01 9.846455e-01 9.864813e-01 9.886190e-01 9.887980e-01 9.898129e-01 9.937212e-01 9.943696e-01 9.985442e-01 9.993379e-01 1.002096e+00 1.005860e+00 1.008631e+00 1.009354e+00 1.015578e+00 1.019243e+00 1.031526e+00 1.048169e+00 1.053255e+00 
13 183 2.510955e-01 1.051041e+00 9.676079e-01 9.676079e-01 9.681010e-01 9.698331e-01 9.702645e-01 9.705740e-01 9.709543e-01 9.715127e-01 9.721804e-01 9.732388e-01 9.737695e-01 9.758885e-01 9.776342e-01 9.779491e-01 9.786075e-01 9.807939e-01 9.828311e-01 9.852621e-01 9.860950e-01 9.870284e-01 9.884522e-01 9.912466e-01 9.914753e-01 9.934168e-01 9.967220e-01 1.001010e+00 1.001694e+00 1.005033e+00 1.007489e+00 1.010012e+00 1.014269e+00 1.020425e+00 1.035491e+00 1.047953e+00 1.051041e+00 
14 197 2.452918e-01 1.053851e+00 9.653584e-01 9.653584e-01 9.658020e-01 9.676729e-01 9.682415e-01 9.683350e-01 9.694356e-01 9.701183e-01 9.703733e-01 9.713198e-01 9.737497e-01 9.741704e-01 9.763640e-01 9.765166e-01 9.774899e-01 9.796176e-01 9.813475e-01 9.845247e-01 9.850497e-01 9.869494e-01 9.873828e-01 9.900065e-01 9.909991e-01 9.933000e-01 9.953467e-01 9.984951e-01 1.003418e+00 1.004198e+00 1.007897e+00 1.010551e+00 1.017164e+00 1.019926e+00 1.040385e+00 1.048152e+00 1.053851e+00 
15 211 2.374261e-01 1.062932e+00 9.635757e-01 9.635757e-01 9.643424e-01 9.653400e-01 9.661021e-01 9.666641e-01 9.677167e-01 9.680710e-01 9.691469e-01 9.700486e-01 9.714971e-01 9.729257e-01 9.749292e-01 9.760807e-01 9.771629e-01 9.794315e-01 9.805685e-01 9.826467e-01 9.834073e-01 9.850768e-01 9.857234e-01 9.883913e-01 9.911721e-01 9.928065e-01 9.940016e-01 9.969912e-01 1.002230e+00 1.004131e+00 1.006811e+00 1.009034e+00 1.015174e+00 1.018294e+00 1.043213e+00 1.047538e+00 1.062932e+00 
16 225 2.263621e-01 1.068824e+00 9.613141e-01 9.613141e-01 9.628980e-01 9.638856e-01 9.644018e-01 9.650329e-01 9.659969e-01 9.666054e-01 9.679404e-01 9.700020e-01 9.703187e-01 9.728988e-01 9.734574e-01 9.748643e-01 9.758651e-01 9.782591e-01 9.790406e-01 9.815239e-01 9.819132e-01 9.831706e-01 9.864470e-01 9.883492e-01 9.910857e-01 9.923419e-01 9.934011e-01 9.969673e-01 1.001374e+00 1.005479e+00 1.007150e+00 1.013776e+00 1.014628e+00 1.019767e+00 1.042439e+00 1.045937e+00 1.068824e+00 
17 239 2.140869e-01 1.068319e+00 9.588986e-01 9.588986e-01 9.605461e-01 9.615975e-01 9.626779e-01 9.635461e-01 9.642260e-01 9.655690e-01 9.663768e-01 9.676100e-01 9.687765e-01 9.710836e-01 9.719786e-01 9.739636e-01 9.745196e-01 9.758773e-01 9.777369e-01 9.799048e-01 9.805953e-01 9.820419e-01 9.856994e-01 9.876356e-01 9.892463e-01 9.909225e-01 9.933476e-01 9.954534e-01 1.002035e+00 1.004678e+00 1.008080e+00 1.013660e+00 1.015670e+00 1.022986e+00 1.041302e+00 1.046664e+00 1.068319e+00 
18 253 2.049608e-01 1.070815e+00 9.571216e-01 9.571216e-01 9.586548e-01 9.596136e-01 9.613174e-01 9.624835e-01 9.633514e-01 9.640494e-01 9.646262e-01 9.656893e-01 9.673049e-01 9.696406e-01 9.702921e-01 9.726742e-01 9.741844e-01 9.752373e-01 9.772261e-01 9.785713e-01 9.800618e-01 9.817956e-01 9.835396e-01 9.867701e-01 9.879654e-01 9.893661e-01 9.925283e-01 9.936495e-01 1.001604e+00 1.003844e+00 1.006955e+00 1.013480e+00 1.020818e+00 1.024473e+00 1.040520e+00 1.052518e+00 1.070815e+00 
19 267 1.982346e-01 1.073696e+00 9.557385e-01 9.557385e-01 9.564755e-01 9.576689e-01 9.595371e-01 9.609744e-01 9.615806e-01 9.619140e-01 9.635739e-01 9.643458e-01 9.663259e-01 9.671550e-01 9.705563e-01 9.716837e-01 9.726182e-01 9.736979e-01 9.748400e-01 9.781047e-01 9.794444e-01 9.803424e-01 9.815914e-01 9.862055e-01 9.874316e-01 9.893631e-01 9.931821e-01 9.957692e-01 1.001148e+00 1.003662e+00 1.006006e+00 1.013393e+00 1.023576e+00 1.025729e+00 1.041325e+00 1.052622e+00 1.073696e+00 
20 281 1.920095e-01 1.074917e+00 9.537933e-01 9.537933e-01 9.555068e-01 9.570221e-01 9.575474e-01 9.592060e-01 9.601008e-01 9.611105e-01 9.617830e-01 9.633113e-01 9.656558e-01 9.662776e-01 9.683240e-01 9.695852e-01 9.717150e-01 9.732373e-01 9.767372e-01 9.779329e-01 9.789860e-01 9.805606e-01 9.818905e-01 9.844664e-01 9.866239e-01 9.886016e-01 9.915878e-01 9.946893e-01 1.000369e+00 1.002376e+00 1.004859e+00 1.011940e+00 1.021381e+00 1.029129e+00 1.041170e+00 1.054850e+00 1.074917e+00 
21 295 1.877917e-01 1.074863e+00 9.520601e-01 9.520601e-01 9.539165e-01 9.552118e-01 9.569155e-01 9.574483e-01 9.590594e-01 9.604896e-01 9.617179e-01 9.623033e-01 9.645416e-01 9.650575e-01 9.682667e-01 9.698387e-01 9.708514e-01 9.710317e-01 9.750398e-01 9.762477e-01 9.775841e-01 9.798905e-01 9.822453e-01 9.841421e-01 9.863059e-01 9.898850e-01 9.906173e-01 9.938319e-01 9.991419e-01 1.000349e+00 1.006253e+00 1.010174e+00 1.019838e+00 1.028205e+00 1.039380e+00 1.055651e+00 1.074863e+00 
22 309 1.849459e-01 1.075106e+00 9.500506e-01 9.500506e-01 9.530723e-01 9.534922e-01 9.549377e-01 9.561711e-01 9.577662e-01 9.583897e-01 9.595490e-01 9.611057e-01 9.631331e-01 9.633282e-01 9.660187e-01 9.683716e-01 9.687622e-01 9.716189e-01 9.730078e-01 9.742080e-01 9.768203e-01 9.800511e-01 9.822816e-01 9.842114e-01 9.858744e-01 9.886812e-01 9.889780e-01 9.928038e-01 9.991974e-01 1.002556e+00 1.006921e+00 1.008043e+00 1.019402e+00 1.032058e+00 1.043368e+00 1.068288e+00 1.075106e+00 
23 323 1.820229e-01 1.079062e+00 9.493044e-01 9.493044e-01 9.510084e-01 9.523649e-01 9.528149e-01 9.540912e-01 9.560084e-01 9.567247e-01 9.579359e-01 9.606337e-01 9.610737e-01 9.627282e-01 9.655336e-01 9.661850e-01 9.675779e-01 9.699102e-01 9.718220e-01 9.731516e-01 9.760023e-01 9.788339e-01 9.819820e-01 9.834467e-01 9.853143e-01 9.875402e-01 9.892661e-01 9.919434e-01 1.000461e+00 1.001713e+00 1.005090e+00 1.009211e+00 1.017604e+00 1.030774e+00 1.041122e+00 1.073748e+00 1.079062e+00 
24 337 1.825361e-01 1.088197e+00 9.477732e-01 9.477732e-01 9.490055e-01 9.501860e-01 9.516717e-01 9.527587e-01 9.544273e-01 9.558991e-01 9.566865e-01 9.588563e-01 9.598637e-01 9.603570e-01 9.636641e-01 9.652955e-01 9.663015e-01 9.683416e-01 9.702458e-01 9.729480e-01 9.749757e-01 9.771520e-01 9.796510e-01 9.836244e-01 9.842423e-01 9.876527e-01 9.899776e-01 9.962108e-01 9.986669e-01 9.996587e-01 1.003324e+00 1.010610e+00 1.017001e+00 1.029658e+00 1.039091e+00 1.076047e+00 1.088197e+00 
25 351 1.860045e-01 1.111088e+00 9.464544e-01 9.464544e-01 9.476208e-01 9.489707e-01 9.500520e-01 9.516354e-01 9.531199e-01 9.542771e-01 9.551991e-01 9.573656e-01 9.586158e-01 9.596511e-01 9.621454e-01 9.634486e-01 9.643512e-01 9.665803e-01 9.712391e-01 9.715269e-01 9.753631e-01 9.773482e-01 9.809219e-01 9.821498e-01 9.860460e-01 9.875745e-01 9.881736e-01 9.959895e-01 9.979875e-01 1.001151e+00 1.004442e+00 1.013180e+00 1.017875e+00 1.028049e+00 1.040778e+00 1.076382e+00 1.111088e+00 
26 365 1.830803e-01 1.124229e+00 9.439635e-01 9.439635e-01 9.457172e-01 9.467225e-01 9.478587e-01 9.501032e-01 9.520401e-01 9.524344e-01 9.540010e-01 9.556771e-01 9.567702e-01 9.580886e-01 9.614765e-01 9.620453e-01 9.639517e-01 9.651856e-01 9.692347e-01 9.706729e-01 9.741121e-01 9.775597e-01 9.808407e-01 9.821801e-01 9.852721e-01 9.860991e-01 9.891352e-01 9.961136e-01 9.967177e-01 9.991926e-01 1.002434e+00 1.011389e+00 1.018123e+00 1.027142e+00 1.039144e+00 1.074019e+00 1.124229e+00 
27 379 1.810846e-01 1.139590e+00 9.433978e-01 9.433978e-01 9.440387e-01 9.450213e-01 9.456486e-01 9.493889e-01 9.504637e-01 9.509821e-01 9.524907e-01 9.538372e-01 9.556181e-01 9.571739e-01 9.600648e-01 9.608320e-01 9.625075e-01 9.662276e-01 9.679207e-01 9.701248e-01 9.737886e-01 9.772310e-01 9.799305e-01 9.808258e-01 9.832981e-01 9.843408e-01 9.877238e-01 9.944050e-01 9.950357e-01 9.974965e-01 1.003791e+00 1.009082e+00 1.017646e+00 1.025983e+00 1.039009e+00 1.072057e+00 1.139590e+00 
28 393 1.775160e-01 1.147807e+00 9.413122e-01 9.413122e-01 9.418322e-01 9.432101e-01 9.460801e-01 9.479418e-01 9.480610e-01 9.495455e-01 9.514094e-01 9.521025e-01 9.535817e-01 9.580906e-01 9.586021e-01 9.602163e-01 9.614918e-01 9.655942e-01 9.680298e-01 9.713840e-01 9.733241e-01 9.758206e-01 9.781535e-01 9.814951e-01 9.821028e-01 9.867976e-01 9.900164e-01 9.929787e-01 9.958498e-01 9.972270e-01 1.003493e+00 1.012000e+00 1.016909e+00 1.025355e+00 1.039397e+00 1.073804e+00 1.147807e+00 
29 407 1.750483e-01 1.152450e+00 9.394188e-01 9.394188e-01 9.404361e-01 9.415647e-01 9.440219e-01 9.456269e-01 9.462497e-01 9.480867e-01 9.496656e-01 9.514517e-01 9.514929e-01 9.563465e-01 9.575445e-01 9.590238e-01 9.601277e-01 9.635401e-01 9.665484e-01 9.693702e-01 9.733277e-01 9.749789e-01 9.766730e-01 9.801184e-01 9.816072e-01 9.864198e-01 9.893552e-01 9.922603e-01 9.954224e-01 9.980349e-01 1.006076e+00 1.012928e+00 1.017189e+00 1.023997e+00 1.039805e+00 1.072387e+00 1.152450e+00 
30 421 1.720004e-01 1.162394e+00 9.376001e-01 9.376001e-01 9.380594e-01 9.394566e-01 9.420188e-01 9.436654e-01 9.442399e-01 9.466982e-01 9.491846e-01 9.492726e-01 9.516000e-01 9.541112e-01 9.571198e-01 9.580283e-01 9.588559e-01 9.634871e-01 9.658405e-01 9.683861e-01 9.724619e-01 9.737947e-01 9.766738e-01 9.786874e-01 9.811911e-01 9.859531e-01 9.882981e-01 9.908462e-01 9.955600e-01 9.993560e-01 1.009093e+00 1.012631e+00 1.018107e+00 1.022307e+00 1.039933e+00 1.071973e+00 1.162394e+00 
31 435 1.672718e-01 1.168887e+00 9.356778e-01 9.356778e-01 9.358085e-01 9.371655e-01 9.404487e-01 9.424455e-01 9.440998e-01 9.461372e-01 9.467792e-01 9.483538e-01 9.495157e-01 9.522369e-01 9.552403e-01 9.561658e-01 9.571995e-01 9.629499e-01 9.659986e-01 9.692633e-01 9.716425e-01 9.743451e-01 9.756881e-01 9.772147e-01 9.821516e-01 9.852662e-01 9.860140e-01 9.898452e-01 9.933080e-01 1.000463e+00 1.010182e+00 1.012750e+00 1.018427e+00 1.022633e+00 1.038613e+00 1.070765e+00 1.168887e+00 
32 449 1.615849e-01 1.175253e+00 9.337310e-01 9.337310e-01 9.343985e-01 9.348365e-01 9.386090e-01 9.408378e-01 9.427846e-01 9.450616e-01 9.462435e-01 9.473769e-01 9.503529e-01 9.512447e-01 9.540804e-01 9.548821e-01 9.574947e-01 9.635240e-01 9.643901e-01 9.672874e-01 9.701893e-01 9.722769e-01 9.737322e-01 9.754094e-01 9.801526e-01 9.837822e-01 9.857715e-01 9.878019e-01 9.949333e-01 1.000513e+00 1.008773e+00 1.014118e+00 1.018720e+00 1.020682e+00 1.036574e+00 1.068721e+00 1.175253e+00 
33 463 1.565766e-01 1.179779e+00 9.321515e-01 9.321515e-01 9.330830e-01 9.347792e-01 9.366819e-01 9.395208e-01 9.408537e-01 9.433236e-01 9.442854e-01 9.463868e-01 9.493110e-01 9.501183e-01 9.530146e-01 9.534202e-01 9.581745e-01 9.615070e-01 9.629703e-01 9.673181e-01 9.682058e-01 9.712270e-01 9.737582e-01 9.757946e-01 9.798481e-01 9.830940e-01 9.850539e-01 9.886955e-01 9.942562e-01 1.002452e+00 1.007621e+00 1.012813e+00 1.018527e+00 1.022740e+00 1.038441e+00 1.066950e+00 1.179779e+00 
34 477 1.515039e-01 1.184406e+00 9.303523e-01 9.303523e-01 9.311194e-01 9.331490e-01 9.353854e-01 9.381084e-01 9.394318e-01 9.418370e-01 9.430977e-01 9.457506e-01 9.473842e-01 9.476580e-01 9.510302e-01 9.526971e-01 9.591916e-01 9.603012e-01 9.609095e-01 9.656927e-01 9.664360e-01 9.702655e-01 9.731574e-01 9.748084e-01 9.790917e-01 9.815272e-01 9.851577e-01 9.873331e-01 9.938261e-01 1.002669e+00 1.007525e+00 1.010419e+00 1.018470e+00 1.024132e+00 1.039425e+00 1.066432e+00 1.184406e+00 
35 491 1.483143e-01 1.190652e+00 9.290121e-01 9.290121e-01 9.291687e-01 9.322958e-01 9.339794e-01 9.362008e-01 9.389372e-01 9.415954e-01 9.423027e-01 9.451204e-01 9.459343e-01 9.478349e-01 9.499377e-01 9.548727e-01 9.579147e-01 9.591685e-01 9.624150e-01 9.655466e-01 9.678505e-01 9.691386e-01 9.743791e-01 9.769524e-01 9.787826e-01 9.823511e-01 9.833808e-01 9.849845e-01 9.931308e-01 1.001099e+00 1.006742e+00 1.009396e+00 1.017889e+00 1.024818e+00 1.040274e+00 1.066919e+00 1.190652e+00 
36 505 1.450497e-01 1.197686e+00 9.271285e-01 9.271285e-01 9.281900e-01 9.314039e-01 9.318879e-01 9.355719e-01 9.375722e-01 9.399954e-01 9.420957e-01 9.433659e-01 9.455508e-01 9.470573e-01 9.492160e-01 9.552226e-01 9.561560e-01 9.584650e-01 9.621933e-01 9.642607e-01 9.663702e-01 9.684509e-01 9.730002e-01 9.749685e-01 9.779451e-01 9.813645e-01 9.837944e-01 9.884441e-01 9.915844e-01 9.997308e-01 1.005171e+00 1.007331e+00 1.017363e+00 1.024950e+00 1.038797e+00 1.064861e+00 1.197686e+00 
37 519 1.927604e-01 1.201224e+00 9.261796e-01 9.261796e-01 9.263403e-01 9.291880e-01 9.297453e-01 9.336371e-01 9.361156e-01 9.389558e-01 9.401329e-01 9.418250e-01 9.448453e-01 9.450916e-01 9.480556e-01 9.527660e-01 9.556959e-01 9.572083e-01 9.611183e-01 9.627301e-01 9.649350e-01 9.681457e-01 9.711144e-01 9.736312e-01 9.764104e-01 9.793426e-01 9.824454e-01 9.878252e-01 9.907262e-01 9.991249e-01 1.003587e+00 1.004948e+00 1.017764e+00 1.023746e+00 1.037719e+00 1.063518e+00 1.201224e+00 
38 533 1.811082e-01 1.201381e+00 9.242255e-01 9.242255e-01 9.247245e-01 9.272115e-01 9.283959e-01 9.321527e-01 9.349183e-01 9.377536e-01 9.389442e-01 9.411485e-01 9.429514e-01 9.455532e-01 9.475408e-01 9.506220e-01 9.559187e-01 9.563148e-01 9.594091e-01 9.612943e-01 9.642897e-01 9.669177e-01 9.689227e-01 9.724927e-01 9.752920e-01 9.788265e-01 9.816836e-01 9.863740e-01 9.912978e-01 9.994319e-01 1.002129e+00 1.004451e+00 1.020378e+00 1.026512e+00 1.041490e+00 1.061146e+00 1.201381e+00 
39 547 1.725227e-01 1.200732e+00 9.225091e-01 9.225091e-01 9.248934e-01 9.256213e-01 9.293155e-01 9.314542e-01 9.332610e-01 9.360488e-01 9.376682e-01 9.403635e-01 9.418066e-01 9.447440e-01 9.466132e-01 9.503761e-01 9.544985e-01 9.566232e-01 9.570270e-01 9.619679e-01 9.644301e-01 9.666250e-01 9.692283e-01 9.721436e-01 9.751366e-01 9.791478e-01 9.808012e-01 9.867514e-01 9.893128e-01 9.984670e-01 1.002520e+00 1.005257e+00 1.019105e+00 1.025292e+00 1.039535e+00 1.059078e+00 1.200732e+00 
40 561 1.666510e-01 1.199150e+00 9.214581e-01 9.214581e-01 9.231228e-01 9.238715e-01 9.271048e-01 9.313794e-01 9.317556e-01 9.350917e-01 9.365934e-01 9.393131e-01 9.403543e-01 9.433536e-01 9.486666e-01 9.506144e-01 9.524489e-01 9.563374e-01 9.568701e-01 9.625157e-01 9.632265e-01 9.657280e-01 9.671248e-01 9.719005e-01 9.742260e-01 9.785897e-01 9.847304e-01 9.867061e-01 9.925779e-01 9.967857e-01 1.003447e+00 1.007655e+00 1.023615e+00 1.027052e+00 1.039496e+00 1.057556e+00 1.199150e+00 
41 575 1.576910e-01 1.199731e+00 9.200262e-01 9.200262e-01 9.215755e-01 9.222497e-01 9.256870e-01 9.293028e-01 9.307165e-01 9.332815e-01 9.346403e-01 9.376583e-01 9.397159e-01 9.430338e-01 9.492952e-01 9.499164e-01 9.501628e-01 9.551949e-01 9.557460e-01 9.622913e-01 9.637256e-01 9.652201e-01 9.661422e-01 9.699588e-01 9.742492e-01 9.764817e-01 9.836516e-01 9.871562e-01 9.935925e-01 9.945802e-01 1.008156e+00 1.010903e+00 1.021816e+00 1.026055e+00 1.038249e+00 1.058418e+00 1.199731e+00 
42 589 1.510311e-01 1.201889e+00 9.184640e-01 9.184640e-01 9.203591e-01 9.214484e-01 9.240510e-01 9.281560e-01 9.286000e-01 9.328490e-01 9.336148e-01 9.365788e-01 9.385243e-01 9.412681e-01 9.473335e-01 9.484438e-01 9.488867e-01 9.542470e-01 9.569441e-01 9.601287e-01 9.629530e-01 9.637508e-01 9.670037e-01 9.683169e-01 9.741945e-01 9.771923e-01 9.849511e-01 9.864418e-01 9.923529e-01 9.978591e-01 1.010425e+00 1.013163e+00 1.021061e+00 1.029460e+00 1.037690e+00 1.061412e+00 1.201889e+00 
43 603 1.453509e-01 1.199507e+00 9.171289e-01 9.171289e-01 9.185466e-01 9.195907e-01 9.224328e-01 9.263030e-01 9.266031e-01 9.305788e-01 9.319113e-01 9.347690e-01 9.383017e-01 9.394855e-01 9.468656e-01 9.473326e-01 9.488153e-01 9.523905e-01 9.548011e-01 9.585971e-01 9.625274e-01 9.630584e-01 9.653873e-01 9.663221e-01 9.723777e-01 9.781099e-01 9.846652e-01 9.887336e-01 9.922045e-01 9.977101e-01 1.009396e+00 1.012560e+00 1.020864e+00 1.028519e+00 1.036303e+00 1.059914e+00 1.199507e+00 
44 617 1.936828e-01 1.199776e+00 9.157490e-01 9.157490e-01 9.177816e-01 9.188590e-01 9.214238e-01 9.251814e-01 9.263178e-01 9.294768e-01 9.301811e-01 9.329594e-01 9.366991e-01 9.382944e-01 9.449872e-01 9.464622e-01 9.484056e-01 9.516999e-01 9.543037e-01 9.575010e-01 9.611990e-01 9.622433e-01 9.641930e-01 9.654440e-01 9.716900e-01 9.767741e-01 9.850987e-01 9.892878e-01 9.909765e-01 9.972219e-01 1.007069e+00 1.013591e+00 1.019371e+00 1.027075e+00 1.036001e+00 1.058848e+00 1.199776e+00 
45 631 1.906393e-01 1.197504e+00 9.151977e-01 9.151977e-01 9.154368e-01 9.171213e-01 9.212331e-01 9.233258e-01 9.242298e-01 9.274046e-01 9.296228e-01 9.307497e-01 9.352825e-01 9.379194e-01 9.429334e-01 9.455144e-01 9.493158e-01 9.542410e-01 9.552250e-01 9.558114e-01 9.591153e-01 9.613174e-01 9.640411e-01 9.675438e-01 9.714059e-01 9.794832e-01 9.835235e-01 9.885979e-01 9.907540e-01 9.977165e-01 1.007458e+00 1.015192e+00 1.021932e+00 1.025708e+00 1.034982e+00 1.057317e+00 1.197504e+00 
46 645 1.881221e-01 1.199414e+00 9.132520e-01 9.132520e-01 9.136922e-01 9.156074e-01 9.195756e-01 9.210558e-01 9.245668e-01 9.274448e-01 9.277997e-01 9.292754e-01 9.346933e-01 9.357490e-01 9.431632e-01 9.444275e-01 9.501495e-01 9.525635e-01 9.539333e-01 9.556499e-01 9.567981e-01 9.594274e-01 9.629245e-01 9.694644e-01 9.709163e-01 9.796568e-01 9.820675e-01 9.865538e-01 9.904306e-01 9.969819e-01 1.006136e+00 1.014574e+00 1.024370e+00 1.026067e+00 1.037712e+00 1.056237e+00 1.199414e+00 
47 659 1.840172e-01 1.201311e+00 9.115691e-01 9.115691e-01 9.116608e-01 9.137418e-01 9.182601e-01 9.188894e-01 9.230182e-01 9.257170e-01 9.269315e-01 9.296484e-01 9.331343e-01 9.344155e-01 9.413567e-01 9.426512e-01 9.489086e-01 9.507207e-01 9.532020e-01 9.551200e-01 9.558801e-01 9.607897e-01 9.637438e-01 9.685023e-01 9.693158e-01 9.781755e-01 9.824664e-01 9.852164e-01 9.906710e-01 9.999957e-01 1.005705e+00 1.013263e+00 1.023754e+00 1.026239e+00 1.039710e+00 1.055378e+00 1.201311e+00 
48 673 1.817478e-01 1.201037e+00 9.094538e-01 9.094538e-01 9.108050e-01 9.122822e-01 9.158213e-01 9.189839e-01 9.214202e-01 9.242995e-01 9.268598e-01 9.297112e-01 9.318598e-01 9.337212e-01 9.416904e-01 9.446469e-01 9.480592e-01 9.490361e-01 9.520799e-01 9.548262e-01 9.563144e-01 9.584575e-01 9.639316e-01 9.676134e-01 9.728333e-01 9.767770e-01 9.811126e-01 9.844808e-01 9.909791e-01 1.000182e+00 1.008987e+00 1.018381e+00 1.022060e+00 1.025440e+00 1.044642e+00 1.056131e+00 1.201037e+00 
49 687 1.771006e-01 1.203382e+00 9.085612e-01 9.085612e-01 9.093156e-01 9.120441e-01 9.151482e-01 9.172395e-01 9.203779e-01 9.228183e-01 9.251515e-01 9.297371e-01 9.314366e-01 9.321913e-01 9.403230e-01 9.443222e-01 9.465122e-01 9.483149e-01 9.533338e-01 9.544146e-01 9.559050e-01 9.580897e-01 9.640900e-01 9.661881e-01 9.717970e-01 9.766490e-01 9.800572e-01 9.875415e-01 9.940003e-01 1.001376e+00 1.007250e+00 1.017457e+00 1.022713e+00 1.027990e+00 1.047070e+00 1.054080e+00 1.203382e+00 
50 701 1.713530e-01 1.202453e+00 9.067633e-01 9.067633e-01 9.073368e-01 9.098307e-01 9.143926e-01 9.167626e-01 9.201975e-01 9.212908e-01 9.236580e-01 9.291625e-01 9.301994e-01 9.339297e-01 9.393677e-01 9.424427e-01 9.448919e-01 9.484932e-01 9.528624e-01 9.529822e-01 9.557660e-01 9.600462e-01 9.630483e-01 9.692301e-01 9.729114e-01 9.764020e-01 9.795798e-01 9.869382e-01 9.924613e-01 1.002210e+00 1.008285e+00 1.015235e+00 1.022264e+00 1.026579e+00 1.047137e+00 1.055031e+00 1.202453e+00 
51 715 2.312444e-01 1.206494e+00 9.049450e-01 9.049450e-01 9.063058e-01 9.094751e-01 9.129001e-01 9.146907e-01 9.178283e-01 9.208566e-01 9.218619e-01 9.276271e-01 9.288139e-01 9.326381e-01 9.372581e-01 9.411651e-01 9.473280e-01 9.493806e-01 9.517436e-01 9.532566e-01 9.572172e-01 9.608327e-01 9.625556e-01 9.675691e-01 9.743693e-01 9.770715e-01 9.783119e-01 9.863625e-01 9.916066e-01 1.001127e+00 1.006184e+00 1.013586e+00 1.021071e+00 1.028708e+00 1.046940e+00 1.053880e+00 1.206494e+00 
52 729 2.241597e-01 1.207164e+00 9.035795e-01 9.035795e-01 9.045756e-01 9.083152e-01 9.111313e-01 9.130986e-01 9.161711e-01 9.200583e-01 9.211037e-01 9.261220e-01 9.274796e-01 9.311169e-01 9.365207e-01 9.406146e-01 9.464946e-01 9.480032e-01 9.504629e-01 9.514102e-01 9.564492e-01 9.602933e-01 9.639279e-01 9.661427e-01 9.748003e-01 9.758729e-01 9.801830e-01 9.865320e-01 9.930871e-01 1.001931e+00 1.004131e+00 1.012518e+00 1.021744e+00 1.028220e+00 1.044294e+00 1.056671e+00 1.207164e+00 
53 743 2.209759e-01 1.208461e+00 9.029121e-01 9.029121e-01 9.042585e-01 9.074012e-01 9.096989e-01 9.118717e-01 9.148751e-01 9.186019e-01 9.203051e-01 9.243562e-01 9.259566e-01 9.344230e-01 9.376800e-01 9.396542e-01 9.446871e-01 9.474147e-01 9.490460e-01 9.510725e-01 9.549010e-01 9.586406e-01 9.642242e-01 9.660955e-01 9.736737e-01 9.747167e-01 9.851598e-01 9.874852e-01 9.935404e-01 1.000951e+00 1.002520e+00 1.012385e+00 1.021490e+00 1.030667e+00 1.043157e+00 1.055466e+00 1.208461e+00 
54 757 2.166104e-01 1.213564e+00 9.016909e-01 9.016909e-01 9.027159e-01 9.051054e-01 9.075415e-01 9.101709e-01 9.135968e-01 9.182495e-01 9.197040e-01 9.226235e-01 9.251522e-01 9.338597e-01 9.375702e-01 9.388006e-01 9.439496e-01 9.458998e-01 9.466077e-01 9.518707e-01 9.572105e-01 9.602803e-01 9.626990e-01 9.656581e-01 9.719625e-01 9.734288e-01 9.835280e-01 9.897803e-01 9.919129e-01 9.992584e-01 1.002950e+00 1.011214e+00 1.024449e+00 1.032392e+00 1.041782e+00 1.054177e+00 1.213564e+00 
55 771 2.080158e-01 1.215439e+00 8.996965e-01 8.996965e-01 9.010331e-01 9.033865e-01 9.070254e-01 9.088334e-01 9.115752e-01 9.173752e-01 9.187950e-01 9.209695e-01 9.235881e-01 9.328238e-01 9.370900e-01 9.379111e-01 9.442089e-01 9.443034e-01 9.466650e-01 9.531608e-01 9.567285e-01 9.584596e-01 9.616846e-01 9.633934e-01 9.717029e-01 9.777714e-01 9.817627e-01 9.897174e-01 9.917954e-01 9.982854e-01 1.003251e+00 1.009954e+00 1.025320e+00 1.032434e+00 1.040326e+00 1.053105e+00 1.215439e+00 
56 785 1.982272e-01 1.215938e+00 8.976076e-01 8.976076e-01 9.007675e-01 9.014541e-01 9.065352e-01 9.097636e-01 9.114292e-01 9.159380e-01 9.182883e-01 9.194333e-01 9.226690e-01 9.310803e-01 9.352856e-01 9.361350e-01 9.428100e-01 9.438158e-01 9.483211e-01 9.516555e-01 9.561692e-01 9.567381e-01 9.594863e-01 9.632355e-01 9.715674e-01 9.773234e-01 9.803885e-01 9.893733e-01 9.935758e-01 9.968380e-01 1.002303e+00 1.010337e+00 1.024712e+00 1.030977e+00 1.040605e+00 1.051930e+00 1.215938e+00 
57 799 1.886452e-01 1.214687e+00 8.985500e-01 8.985500e-01 8.987692e-01 9.007486e-01 9.062373e-01 9.082897e-01 9.103778e-01 9.144942e-01 9.176123e-01 9.195947e-01 9.215252e-01 9.307206e-01 9.335353e-01 9.347170e-01 9.417446e-01 9.425689e-01 9.458336e-01 9.501144e-01 9.538990e-01 9.558045e-01 9.600813e-01 9.630242e-01 9.724864e-01 9.774661e-01 9.811149e-01 9.875627e-01 9.950167e-01 9.953934e-01 1.005404e+00 1.010109e+00 1.025897e+00 1.030080e+00 1.041497e+00 1.054095e+00 1.214687e+00 
58 813 1.797106e-01 1.213462e+00 8.964816e-01 8.964816e-01 8.977791e-01 8.998074e-01 9.053148e-01 9.071847e-01 9.109032e-01 9.165754e-01 9.174143e-01 9.191248e-01 9.219965e-01 9.301576e-01 9.319711e-01 9.330212e-01 9.394495e-01 9.404150e-01 9.464594e-01 9.496321e-01 9.523441e-01 9.540381e-01 9.589908e-01 9.621276e-01 9.725549e-01 9.763492e-01 9.796731e-01 9.877619e-01 9.944889e-01 9.954770e-01 1.003591e+00 1.012426e+00 1.023682e+00 1.029301e+00 1.041000e+00 1.054525e+00 1.213462e+00 
59 827 1.726942e-01 1.211069e+00 8.954871e-01 8.954871e-01 8.965355e-01 8.993009e-01 9.057295e-01 9.059546e-01 9.095752e-01 9.149178e-01 9.162588e-01 9.173674e-01 9.224458e-01 9.290731e-01 9.310443e-01 9.316413e-01 9.375313e-01 9.392846e-01 9.450738e-01 9.490334e-01 9.505786e-01 9.517717e-01 9.603854e-01 9.619329e-01 9.716651e-01 9.738732e-01 9.796043e-01 9.866533e-01 9.924851e-01 9.953717e-01 1.002684e+00 1.014427e+00 1.022138e+00 1.027732e+00 1.039578e+00 1.054268e+00 1.211069e+00 
60 841 1.658472e-01 1.210696e+00 8.937986e-01 8.937986e-01 8.947927e-01 8.980244e-01 9.037349e-01 9.042367e-01 9.085277e-01 9.142066e-01 9.157417e-01 9.172076e-01 9.214207e-01 9.272379e-01 9.297633e-01 9.306751e-01 9.360882e-01 9.379873e-01 9.445176e-01 9.471482e-01 9.494891e-01 9.518368e-01 9.585182e-01 9.602883e-01 9.707178e-01 9.736328e-01 9.783541e-01 9.851453e-01 9.916308e-01 9.945433e-01 1.005906e+00 1.013865e+00 1.021368e+00 1.026876e+00 1.037946e+00 1.055240e+00 1.210696e+00 
61 855 1.591396e-01 1.213497e+00 8.928132e-01 8.928132e-01 8.954272e-01 9.000146e-01 9.025574e-01 9.044934e-01 9.076445e-01 9.128759e-01 9.147407e-01 9.160566e-01 9.205756e-01 9.262181e-01 9.284239e-01 9.286907e-01 9.340992e-01 9.361282e-01 9.433058e-01 9.471662e-01 9.484147e-01 9.516939e-01 9.588673e-01 9.597062e-01 9.707734e-01 9.714444e-01 9.783822e-01 9.856805e-01 9.902135e-01 9.935903e-01 1.005147e+00 1.012496e+00 1.020553e+00 1.024615e+00 1.036657e+00 1.054074e+00 1.213497e+00 
62 869 1.557692e-01 1.213079e+00 8.927297e-01 8.927297e-01 8.943322e-01 9.002088e-01 9.011188e-01 9.035192e-01 9.057691e-01 9.107292e-01 9.132420e-01 9.160303e-01 9.196280e-01 9.247806e-01 9.265353e-01 9.304773e-01 9.327572e-01 9.361303e-01 9.416432e-01 9.467848e-01 9.491414e-01 9.499372e-01 9.594105e-01 9.606405e-01 9.701113e-01 9.716015e-01 9.767963e-01 9.857826e-01 9.889388e-01 9.918095e-01 1.004265e+00 1.014419e+00 1.019611e+00 1.025548e+00 1.036493e+00 1.054568e+00 1.213079e+00 
63 883 1.514358e-01 1.210414e+00 8.909916e-01 8.909916e-01 8.924948e-01 8.994735e-01 8.995345e-01 9.039996e-01 9.043123e-01 9.100215e-01 9.112416e-01 9.143563e-01 9.189401e-01 9.228160e-01 9.246767e-01 9.298566e-01 9.312488e-01 9.366729e-01 9.413686e-01 9.453356e-01 9.468667e-01 9.492256e-01 9.577022e-01 9.625479e-01 9.685074e-01 9.702531e-01 9.749184e-01 9.853326e-01 9.881162e-01 9.917258e-01 1.003809e+00 1.013573e+00 1.017838e+00 1.026245e+00 1.043104e+00 1.054038e+00 1.210414e+00 
64 897 2.005753e-01 1.211047e+00 8.892936e-01 8.892936e-01 8.910137e-01 8.977302e-01 8.985372e-01 9.029305e-01 9.032727e-01 9.088454e-01 9.098371e-01 9.133616e-01 9.180094e-01 9.219895e-01 9.235077e-01 9.286657e-01 9.289785e-01 9.360820e-01 9.404901e-01 9.436048e-01 9.459217e-01 9.482820e-01 9.577172e-01 9.649733e-01 9.678536e-01 9.679020e-01 9.741293e-01 9.848596e-01 9.872633e-01 9.900113e-01 1.002044e+00 1.012695e+00 1.017898e+00 1.025484e+00 1.044704e+00 1.052036e+00 1.211047e+00 
65 911 1.930772e-01 1.209363e+00 8.886761e-01 8.886761e-01 8.900487e-01 8.970021e-01 8.971639e-01 9.013374e-01 9.023167e-01 9.079728e-01 9.115742e-01 9.145523e-01 9.171163e-01 9.212376e-01 9.222262e-01 9.285966e-01 9.294275e-01 9.361300e-01 9.391243e-01 9.416079e-01 9.450263e-01 9.491021e-01 9.555139e-01 9.641173e-01 9.658653e-01 9.701564e-01 9.729627e-01 9.857108e-01 9.863005e-01 9.886273e-01 1.000755e+00 1.010998e+00 1.019746e+00 1.024871e+00 1.043683e+00 1.050573e+00 1.209363e+00 
66 925 1.855103e-01 1.208836e+00 8.872865e-01 8.872865e-01 8.915964e-01 8.952646e-01 8.960476e-01 9.002208e-01 9.003211e-01 9.072225e-01 9.102845e-01 9.128136e-01 9.154500e-01 9.205200e-01 9.228241e-01 9.283438e-01 9.292317e-01 9.349013e-01 9.377814e-01 9.419711e-01 9.427695e-01 9.494960e-01 9.539548e-01 9.636641e-01 9.649928e-01 9.710875e-01 9.741518e-01 9.853806e-01 9.880135e-01 9.924667e-01 9.986774e-01 1.009714e+00 1.019687e+00 1.024374e+00 1.042088e+00 1.051941e+00 1.208836e+00 
67 939 1.803960e-01 1.207665e+00 8.856343e-01 8.856343e-01 8.907907e-01 8.939465e-01 8.958641e-01 8.983324e-01 9.056114e-01 9.061072e-01 9.089500e-01 9.118095e-01 9.143151e-01 9.204767e-01 9.229494e-01 9.269932e-01 9.282938e-01 9.339385e-01 9.364140e-01 9.398575e-01 9.446878e-01 9.481223e-01 9.521458e-01 9.620822e-01 9.648704e-01 9.701676e-01 9.731983e-01 9.835537e-01 9.874166e-01 9.927572e-01 9.974018e-01 1.007979e+00 1.020981e+00 1.027230e+00 1.041964e+00 1.053655e+00 1.207665e+00 
68 953 1.744883e-01 1.213926e+00 8.841946e-01 8.841946e-01 8.889057e-01 8.926885e-01 8.951482e-01 8.972569e-01 9.049275e-01 9.056240e-01 9.086659e-01 9.115118e-01 9.128645e-01 9.191556e-01 9.216457e-01 9.257880e-01 9.268578e-01 9.324040e-01 9.368114e-01 9.388335e-01 9.434240e-01 9.470214e-01 9.514235e-01 9.600403e-01 9.629356e-01 9.678337e-01 9.739408e-01 9.816621e-01 9.860732e-01 9.913565e-01 9.970542e-01 1.006632e+00 1.019429e+00 1.026471e+00 1.042061e+00 1.055805e+00 1.213926e+00 
69 967 1.688981e-01 1.215897e+00 8.821350e-01 8.821350e-01 8.889928e-01 8.917273e-01 8.947557e-01 8.970024e-01 9.042482e-01 9.049205e-01 9.070019e-01 9.107783e-01 9.131334e-01 9.180382e-01 9.208580e-01 9.251204e-01 9.263040e-01 9.313092e-01 9.348903e-01 9.374731e-01 9.429683e-01 9.460922e-01 9.514052e-01 9.579661e-01 9.611586e-01 9.670663e-01 9.746424e-01 9.803526e-01 9.885888e-01 9.941749e-01 1.001647e+00 1.011554e+00 1.019508e+00 1.026133e+00 1.039571e+00 1.058556e+00 1.215897e+00 
70 981 1.650661e-01 1.214411e+00 8.805030e-01 8.805030e-01 8.881747e-01 8.903948e-01 8.942324e-01 8.991987e-01 9.028922e-01 9.060127e-01 9.064327e-01 9.102030e-01 9.130243e-01 9.157722e-01 9.191110e-01 9.234667e-01 9.250785e-01 9.298643e-01 9.339495e-01 9.374121e-01 9.422249e-01 9.456830e-01 9.517152e-01 9.579732e-01 9.608310e-01 9.653938e-01 9.762721e-01 9.811649e-01 9.865181e-01 9.943639e-01 1.001132e+00 1.017390e+00 1.021411e+00 1.024273e+00 1.038928e+00 1.066311e+00 1.214411e+00 
71 995 1.609349e-01 1.213887e+00 8.793736e-01 8.793736e-01 8.870605e-01 8.882835e-01 8.921814e-01 8.978091e-01 9.008263e-01 9.039210e-01 9.052788e-01 9.094958e-01 9.131241e-01 9.157838e-01 9.192839e-01 9.227559e-01 9.238744e-01 9.287147e-01 9.320961e-01 9.364202e-01 9.425006e-01 9.452609e-01 9.508672e-01 9.578435e-01 9.592496e-01 9.687144e-01 9.754123e-01 9.827896e-01 9.871381e-01 9.945491e-01 1.000903e+00 1.015714e+00 1.025513e+00 1.027549e+00 1.038812e+00 1.065040e+00 1.213887e+00 
72 1009 1.590314e-01 1.211924e+00 8.784500e-01 8.784500e-01 8.854820e-01 8.869906e-01 8.914299e-01 8.961309e-01 9.012028e-01 9.028446e-01 9.037013e-01 9.076259e-01 9.113238e-01 9.147164e-01 9.194123e-01 9.213366e-01 9.229095e-01 9.271511e-01 9.302592e-01 9.352566e-01 9.416662e-01 9.444528e-01 9.519375e-01 9.568761e-01 9.636543e-01 9.695366e-01 9.752468e-01 9.844466e-01 9.872424e-01 9.945824e-01 1.005279e+00 1.013604e+00 1.027181e+00 1.030209e+00 1.038184e+00 1.066935e+00 1.211924e+00 
73 1023 1.557964e-01 1.210428e+00 8.769435e-01 8.769435e-01 8.845352e-01 8.866682e-01 8.896677e-01 8.940344e-01 8.991018e-01 9.021984e-01 9.026759e-01 9.069125e-01 9.125258e-01 9.134512e-01 9.178224e-01 9.195069e-01 9.232352e-01 9.267650e-01 9.309055e-01 9.350656e-01 9.401286e-01 9.453183e-01 9.510421e-01 9.566359e-01 9.623698e-01 9.714215e-01 9.739304e-01 9.825914e-01 9.886904e-01 9.949736e-01 1.005607e+00 1.013839e+00 1.026928e+00 1.032049e+00 1.037088e+00 1.065257e+00 1.210428e+00 
74 1037 1.513083e-01 1.210732e+00 8.757881e-01 8.757881e-01 8.847489e-01 8.850892e-01 8.884949e-01 8.959583e-01 8.974332e-01 9.004640e-01 9.033817e-01 9.057064e-01 9.109894e-01 9.115094e-01 9.163483e-01 9.189250e-01 9.232026e-01 9.259923e-01 9.307669e-01 9.344857e-01 9.382926e-01 9.461313e-01 9.500388e-01 9.553086e-01 9.615043e-01 9.705112e-01 9.736146e-01 9.816330e-01 9.904171e-01 9.941708e-01 1.004932e+00 1.013362e+00 1.026200e+00 1.035496e+00 1.037741e+00 1.063005e+00 1.210732e+00 
75 1051 1.474160e-01 1.209264e+00 8.737144e-01 8.737144e-01 8.832750e-01 8.840511e-01 8.864152e-01 8.948852e-01 8.960032e-01 9.010748e-01 9.033576e-01 9.045802e-01 9.090364e-01 9.103969e-01 9.151438e-01 9.188582e-01 9.235696e-01 9.277732e-01 9.302584e-01 9.349194e-01 9.365494e-01 9.457932e-01 9.492891e-01 9.559502e-01 9.603564e-01 9.683644e-01 9.723753e-01 9.830613e-01 9.909536e-01 9.940619e-01 1.002795e+00 1.014394e+00 1.025044e+00 1.034753e+00 1.039023e+00 1.062011e+00 1.209264e+00 
76 1065 1.435658e-01 1.207759e+00 8.732345e-01 8.732345e-01 8.814883e-01 8.845861e-01 8.859086e-01 8.929248e-01 8.951656e-01 9.004093e-01 9.019184e-01 9.027659e-01 9.081734e-01 9.093125e-01 9.137203e-01 9.172546e-01 9.223489e-01 9.260737e-01 9.292881e-01 9.329386e-01 9.357874e-01 9.462342e-01 9.473861e-01 9.564201e-01 9.580445e-01 9.678441e-01 9.703369e-01 9.809157e-01 9.922486e-01 9.960311e-01 1.000604e+00 1.013571e+00 1.022535e+00 1.034577e+00 1.041101e+00 1.063213e+00 1.207759e+00 
77 1079 1.387654e-01 1.205312e+00 8.726117e-01 8.726117e-01 8.812861e-01 8.832898e-01 8.838824e-01 8.910342e-01 8.958061e-01 8.991798e-01 9.010885e-01 9.055029e-01 9.070458e-01 9.089629e-01 9.137736e-01 9.157246e-01 9.208577e-01 9.257737e-01 9.290663e-01 9.309831e-01 9.336903e-01 9.455449e-01 9.480579e-01 9.567777e-01 9.632751e-01 9.675271e-01 9.693212e-01 9.799993e-01 9.915301e-01 9.948680e-01 1.000521e+00 1.012781e+00 1.020840e+00 1.034033e+00 1.045460e+00 1.064567e+00 1.205312e+00 
78 1093 1.339981e-01 1.204079e+00 8.747887e-01 8.747887e-01 8.797460e-01 8.814123e-01 8.829109e-01 8.895951e-01 8.948497e-01 8.980365e-01 9.003856e-01 9.045624e-01 9.056119e-01 9.066940e-01 9.136755e-01 9.148444e-01 9.197834e-01 9.253055e-01 9.292530e-01 9.304994e-01 9.345308e-01 9.454015e-01 9.471605e-01 9.551178e-01 9.630313e-01 9.664579e-01 9.670835e-01 9.791245e-01 9.892861e-01 9.929303e-01 1.000156e+00 1.014563e+00 1.019660e+00 1.033744e+00 1.046137e+00 1.065818e+00 1.204079e+00 
79 1107 1.830579e-01 1.208886e+00 8.744403e-01 8.744403e-01 8.787343e-01 8.805522e-01 8.826913e-01 8.900609e-01 8.930722e-01 8.973640e-01 8.984386e-01 9.038309e-01 9.060077e-01 9.069531e-01 9.124174e-01 9.151645e-01 9.189357e-01 9.237126e-01 9.280490e-01 9.298830e-01 9.338847e-01 9.438617e-01 9.452305e-01 9.553869e-01 9.637907e-01 9.674255e-01 9.684002e-01 9.782911e-01 9.874543e-01 9.947962e-01 9.993242e-01 1.013812e+00 1.020733e+00 1.032399e+00 1.045998e+00 1.064812e+00 1.208886e+00 
80 1121 1.806126e-01 1.209085e+00 8.731780e-01 8.731780e-01 8.773996e-01 8.802538e-01 8.824946e-01 8.892094e-01 8.923506e-01 8.961035e-01 8.963962e-01 9.017177e-01 9.040302e-01 9.067113e-01 9.115784e-01 9.141854e-01 9.190113e-01 9.233197e-01 9.292026e-01 9.317289e-01 9.326591e-01 9.418736e-01 9.459322e-01 9.562203e-01 9.639781e-01 9.674667e-01 9.705815e-01 9.778268e-01 9.863945e-01 9.949490e-01 1.000639e+00 1.014064e+00 1.021693e+00 1.033901e+00 1.044881e+00 1.064197e+00 1.209085e+00 
81 1135 1.750204e-01 1.211303e+00 8.718233e-01 8.718233e-01 8.766476e-01 8.802759e-01 8.810087e-01 8.872716e-01 8.929090e-01 8.947044e-01 8.962562e-01 9.005288e-01 9.033398e-01 9.087136e-01 9.100985e-01 9.124716e-01 9.171795e-01 9.226419e-01 9.284294e-01 9.299160e-01 9.314757e-01 9.398499e-01 9.457545e-01 9.546845e-01 9.627623e-01 9.656776e-01 9.716897e-01 9.760783e-01 9.875762e-01 9.942856e-01 9.989299e-01 1.016264e+00 1.021755e+00 1.032147e+00 1.044516e+00 1.064569e+00 1.211303e+00 
82 1149 1.688890e-01 1.212055e+00 8.712292e-01 8.712292e-01 8.755517e-01 8.787144e-01 8.793699e-01 8.852552e-01 8.915379e-01 8.930474e-01 8.955073e-01 8.992356e-01 9.013671e-01 9.076772e-01 9.090969e-01 9.104201e-01 9.175669e-01 9.213918e-01 9.271178e-01 9.280442e-01 9.293051e-01 9.399327e-01 9.449503e-01 9.542413e-01 9.610671e-01 9.675753e-01 9.713133e-01 9.792841e-01 9.863131e-01 9.929776e-01 9.978082e-01 1.015457e+00 1.022304e+00 1.031224e+00 1.044713e+00 1.065735e+00 1.212055e+00 
83 1163 2.261146e-01 1.211733e+00 8.699956e-01 8.699956e-01 8.748224e-01 8.775813e-01 8.786071e-01 8.839391e-01 8.899768e-01 8.911699e-01 8.952282e-01 8.978881e-01 8.996360e-01 9.060064e-01 9.084168e-01 9.093092e-01 9.163788e-01 9.204482e-01 9.255599e-01 9.263635e-01 9.297627e-01 9.393441e-01 9.441017e-01 9.559322e-01 9.603109e-01 9.670495e-01 9.705649e-01 9.832344e-01 9.854208e-01 9.921022e-01 9.960747e-01 1.016248e+00 1.022092e+00 1.032791e+00 1.043916e+00 1.066133e+00 1.211733e+00 
