%  columns="iteration, evaluation, fitness, void, void, xrecentbest" (startseed=211689, 2023/08/26 12:27:20.90)
1 15  3.369705068754429703e+03 0 0 7.479949e-03 5.124779e-01 7.781053e-01 7.490827e-01 5.052620e-01 -2.066172e-01 3.916163e-01 3.896271e-01 1.036494e+00 1.026364e+00 3.110256e-02 4.132263e-01 4.294095e-02 5.805138e-01 6.872044e-01 5.339177e-01 7.615114e-02 7.520558e-01 8.125530e-01 4.123129e-01 -2.131765e-04 3.248769e-01 9.390119e-01 7.526175e-01 3.383251e-01 6.026795e-01 1.300468e+00 -6.693363e-02 -2.211385e-01 1.112064e+00 9.482690e-01 5.904528e-01 3.752012e-01 6.865429e-01 
2 29  3.554995308975215721e+03 0 0 -1.518104e-01 6.228535e-01 7.916839e-01 1.028221e+00 1.591444e+00 -4.498560e-02 6.952478e-01 5.994248e-01 8.461780e-01 1.052937e+00 1.190004e-01 7.339273e-01 8.933338e-01 5.537663e-02 9.239936e-01 1.162191e+00 3.924986e-01 4.382532e-01 4.799606e-01 4.534406e-01 1.242370e+00 5.026106e-01 1.353839e+00 8.627611e-01 4.772048e-01 -2.465531e-01 1.094150e+00 2.047747e-01 1.034249e-01 7.155184e-01 7.066669e-01 5.612306e-01 4.929790e-01 2.566488e-01 
3 43  1.021917113960451047e+03 0 0 -7.481137e-01 4.883026e-01 7.202573e-01 7.785244e-01 9.498975e-01 -5.230573e-01 7.957691e-01 5.501257e-01 3.856121e-01 9.633326e-01 2.847042e-01 4.724469e-01 1.236841e+00 6.050100e-01 6.913979e-01 4.514247e-01 -3.081858e-01 6.275422e-01 1.014409e+00 7.390129e-01 5.845611e-01 3.025501e-01 1.004867e+00 1.065873e+00 2.002715e-01 4.734737e-01 1.169313e+00 2.460255e-01 8.911532e-01 8.299598e-01 7.547479e-01 6.721058e-01 2.980219e-01 7.380276e-03 
4 57  1.515581906527962474e+03 0 0 2.896626e-01 3.466060e-01 1.330124e+00 7.022024e-01 6.819360e-01 2.995183e-01 1.024571e+00 1.730804e-01 7.569775e-01 8.211383e-01 4.471027e-01 3.438876e-01 8.574123e-01 -2.631531e-02 9.127816e-01 5.203193e-01 1.895009e-01 6.535458e-01 1.625347e+00 5.907660e-01 8.640762e-01 7.420367e-01 1.006119e+00 7.181061e-01 3.754156e-01 4.377816e-01 5.316245e-01 -1.921330e-01 6.117919e-01 6.785227e-01 1.109815e+00 9.948547e-01 2.018027e-01 -9.997651e-03 
5 71  1.000000000000000000e+11 0 0 1.424912e-01 1.060071e+00 5.722423e-01 7.511436e-01 6.610575e-01 6.626457e-02 3.760882e-01 2.140652e-01 8.184541e-01 9.979567e-01 3.135598e-01 -2.267182e-01 6.879848e-01 -1.875543e-01 7.403482e-01 5.480339e-01 3.077342e-01 4.424189e-02 1.024875e+00 1.771840e-01 6.133231e-01 1.055648e+00 8.888288e-01 4.728298e-01 1.062730e+00 -5.040089e-02 1.642626e+00 7.383989e-01 3.929752e-01 7.538429e-01 5.192142e-01 1.167898e+00 3.398894e-01 5.243369e-01 
6 85  1.000000000000000000e+05 0 0 -1.268121e-01 8.004864e-01 4.650793e-01 4.469949e-01 3.159056e-01 -7.037831e-02 7.555498e-01 -1.022766e-01 1.100486e+00 1.231613e+00 2.175525e-01 2.710399e-01 6.674677e-01 -5.421452e-01 8.237552e-01 9.071045e-01 4.995489e-01 3.785729e-01 1.173215e+00 3.032062e-01 7.417065e-01 7.697881e-01 4.510688e-01 7.356982e-01 6.581462e-01 -1.547005e-01 1.116016e+00 7.927761e-01 2.178185e-01 9.788583e-01 5.935745e-01 1.289057e+00 5.551228e-01 6.231664e-01 
7 99  6.088302070300375817e+03 0 0 1.109571e-02 4.335207e-01 5.682233e-01 4.856212e-01 7.167173e-01 -3.475242e-01 1.168979e+00 -1.104455e-01 1.035817e+00 8.811512e-01 -8.901106e-02 7.825760e-01 1.752379e-01 1.789692e-01 7.969071e-01 5.890637e-01 -8.248927e-02 -2.591267e-02 7.070213e-01 1.387965e-02 9.460084e-01 7.561705e-01 9.862831e-01 4.436396e-01 6.472484e-01 -9.356479e-02 1.055419e+00 6.539709e-01 3.643032e-01 7.828472e-01 8.546436e-01 1.125235e+00 -4.583032e-02 2.614234e-01 
8 113  1.000000000000000000e+11 0 0 2.412452e-01 1.651769e-01 7.170105e-01 6.583935e-01 2.724434e-01 -6.044052e-01 2.727488e-01 5.874426e-01 8.042203e-01 1.155353e+00 -4.326969e-01 7.598362e-01 -1.112964e-01 1.649813e-01 9.203668e-01 4.892594e-01 3.261915e-01 -1.532738e-01 8.216975e-01 6.172404e-02 6.227318e-01 7.042379e-01 1.145582e+00 2.015995e-01 6.497905e-01 -2.607048e-01 7.471013e-01 7.978367e-01 -2.035869e-01 1.184134e+00 4.926750e-01 9.641261e-01 -4.880256e-01 -2.411384e-01 
9 127  1.000000000000000000e+05 0 0 -3.708870e-01 4.464710e-01 4.328318e-01 4.505804e-01 6.164053e-01 3.931845e-01 6.665765e-01 -1.343891e-02 9.119587e-01 7.784417e-01 9.908438e-02 3.383505e-01 1.357553e-01 -1.592746e-01 8.064527e-01 4.540865e-01 6.841984e-01 -1.609641e-01 9.157440e-01 -2.709544e-01 8.155700e-01 8.425144e-01 1.146970e+00 2.370048e-01 7.842348e-01 7.989689e-01 9.768255e-01 4.180979e-01 2.548699e-01 7.923303e-01 6.152420e-01 8.000234e-01 1.524444e-01 1.201378e-01 
10 141  1.000000000000000000e+05 0 0 6.358167e-02 4.628489e-01 2.047389e-01 4.514356e-01 7.301025e-01 4.165660e-01 1.036838e+00 7.495430e-02 8.271790e-01 7.352456e-01 6.255861e-01 6.583123e-05 3.071605e-01 -6.797030e-02 5.131683e-01 8.165183e-01 8.344635e-01 -1.141222e-01 9.461277e-01 -1.109548e-01 4.490804e-01 9.265760e-01 7.324597e-01 8.704206e-01 4.514041e-01 6.753895e-01 9.484990e-01 4.242039e-01 3.442285e-01 1.408895e+00 4.476522e-01 9.034625e-01 2.561696e-02 1.080160e-01 
11 155  1.000000000000000000e+05 0 0 2.472676e-01 -5.287241e-02 2.602311e-01 3.132416e-01 7.396337e-01 5.649060e-01 3.513107e-01 -1.748176e-01 8.358176e-01 8.859542e-01 2.137373e-01 8.489624e-02 7.791081e-01 1.699678e-01 9.803908e-01 2.697436e-01 7.737207e-01 2.396009e-01 3.326062e-01 7.943471e-02 9.080850e-01 1.233658e+00 9.088090e-01 3.233521e-02 1.014020e+00 4.466809e-01 8.118753e-01 6.484207e-01 2.833720e-01 7.407043e-01 2.884456e-01 1.059546e+00 3.245265e-01 1.128182e-01 
12 169  1.000000000000000000e+05 0 0 2.242117e-02 3.116299e-01 7.253724e-01 3.776219e-01 8.172904e-01 4.195418e-01 7.270735e-01 -4.954368e-01 6.213666e-01 7.405683e-01 4.813455e-01 1.431136e-01 4.141110e-01 1.136160e-01 1.300408e+00 3.665260e-01 7.400299e-01 1.151435e-01 2.767232e-01 -1.087210e-01 7.003612e-01 1.381376e+00 6.963964e-01 6.966159e-01 8.087267e-01 7.303845e-01 1.096367e+00 4.696996e-01 2.625921e-01 4.588475e-01 3.920595e-01 1.221302e+00 6.970319e-01 4.976488e-01 
13 183  1.000000000000000000e+05 0 0 4.924030e-01 2.112301e-01 -2.253033e-02 1.325330e-01 7.270328e-01 3.966525e-01 4.413943e-01 -9.246363e-02 8.813659e-01 9.940017e-01 -3.344340e-02 4.412786e-01 6.204856e-01 2.864286e-01 1.113678e+00 4.602399e-01 7.741959e-01 3.890115e-02 2.116870e-01 -5.659694e-01 1.015497e+00 6.322790e-01 8.280532e-01 8.224215e-02 6.813521e-01 1.053256e-01 6.889694e-01 5.274488e-01 3.038079e-01 1.019119e+00 5.279216e-01 9.376758e-01 3.246235e-01 3.931179e-01 
14 197  1.000000000000000000e+11 0 0 5.939201e-01 4.236919e-01 3.862373e-01 2.395042e-01 5.704279e-01 -6.037272e-02 1.011876e+00 1.297483e-01 6.833896e-01 9.574866e-01 5.437539e-01 1.899878e-01 6.316287e-01 5.250213e-01 8.442965e-01 2.378602e-01 9.588520e-01 2.958809e-01 6.173651e-01 7.733350e-02 4.575697e-01 6.899479e-01 1.061689e+00 7.978154e-01 6.384582e-01 2.608423e-01 4.846661e-01 3.343282e-01 3.723099e-01 4.057914e-01 2.229216e-01 4.748344e-01 2.528967e-01 4.924651e-01 
15 211  1.000000000000000000e+05 0 0 2.820293e-01 2.190478e-01 2.660578e-01 4.053738e-01 4.691322e-01 1.981232e-01 7.225444e-01 -8.352614e-02 9.549840e-01 4.577936e-01 6.930314e-01 2.789563e-01 3.303950e-01 6.785227e-01 9.328977e-01 5.855740e-01 3.527477e-01 4.512254e-01 1.987100e-01 -4.610924e-02 4.145203e-01 1.100788e+00 9.543793e-01 1.040657e-01 7.803151e-01 4.974255e-01 4.679577e-01 3.388753e-01 2.316805e-01 6.039123e-01 8.747949e-01 7.276932e-01 7.499935e-02 8.149909e-02 
16 225  1.000000000000000000e+05 0 0 9.272995e-02 2.527013e-01 4.643437e-01 5.848065e-02 3.503336e-01 2.605662e-01 1.047473e+00 1.270067e-01 7.755965e-01 6.889798e-01 5.996283e-01 3.490742e-02 1.901748e-01 1.888604e-01 6.865940e-01 5.964990e-01 8.669460e-01 4.439648e-01 4.589035e-01 -1.801736e-02 4.795142e-01 7.657463e-01 7.288845e-01 7.124893e-01 8.405055e-01 7.013017e-01 1.139475e-01 2.765904e-01 4.743330e-01 9.390276e-01 2.173338e-01 7.362818e-01 4.782088e-02 3.971479e-01 
17 239  1.919117008727336952e+03 0 0 1.162542e-02 4.757463e-01 3.691762e-01 2.427850e-02 8.056695e-01 1.183754e-01 1.006733e+00 -1.628185e-02 6.399819e-01 8.195266e-01 3.296325e-01 2.961261e-01 -4.439833e-02 4.978487e-01 6.512008e-01 2.681211e-01 1.858382e-01 5.755208e-01 5.540067e-01 3.781231e-01 3.396206e-01 6.144254e-01 7.009617e-01 7.844339e-01 3.089967e-01 4.128477e-01 2.854528e-01 7.386076e-01 2.881702e-01 7.932027e-01 8.855396e-01 9.949036e-01 2.379678e-01 2.211049e-01 
18 253  1.312635960363746790e+03 0 0 4.501367e-01 3.924972e-01 7.466008e-01 3.643431e-02 1.209246e+00 3.039857e-01 6.143345e-01 4.231415e-01 7.978959e-01 5.275852e-01 4.118732e-01 4.099654e-01 5.021939e-01 3.034419e-01 5.264441e-01 3.836864e-01 3.109926e-01 7.354223e-01 6.842818e-01 3.570866e-01 5.955802e-01 6.337536e-01 7.831154e-01 1.011014e+00 4.591799e-01 5.726187e-01 6.106223e-01 1.089622e+00 2.716208e-01 9.901123e-01 2.020401e-01 1.007779e+00 3.807957e-01 4.903362e-01 
19 267  8.810787279484902683e+02 0 0 1.608655e-01 5.237530e-01 4.611276e-01 -2.032815e-01 4.167356e-01 1.975856e-01 1.316916e+00 5.081877e-01 5.132521e-01 8.201981e-01 5.968046e-01 2.925064e-01 -6.136847e-03 4.515128e-01 1.068997e+00 3.778530e-01 3.150927e-01 3.660964e-01 4.752764e-01 1.428916e-01 4.550040e-01 7.878362e-01 3.769204e-01 8.065710e-01 -8.636252e-02 3.827762e-01 2.883715e-01 2.918257e-01 2.190030e-01 7.009898e-01 3.972572e-01 7.096620e-01 2.619338e-01 4.485354e-01 
20 281  1.219585945029571803e+03 0 0 1.403736e-01 3.407358e-01 2.258301e-01 4.929917e-01 5.297824e-01 1.251705e-01 9.993978e-01 9.975204e-02 6.911490e-01 8.933667e-01 8.040567e-01 5.240837e-01 7.550453e-02 1.055276e+00 6.642314e-01 5.353979e-01 5.134718e-01 5.235645e-01 6.697702e-01 6.055456e-01 4.305621e-01 6.151034e-01 3.741181e-01 9.064599e-01 1.780238e-01 1.577823e-01 5.353201e-01 6.699248e-01 4.326818e-01 8.468648e-01 3.830052e-01 7.857992e-01 1.408113e-01 4.711173e-01 
21 295  1.000000000000000000e+05 0 0 4.919915e-01 3.269885e-01 6.355742e-01 -6.196182e-02 3.325320e-01 4.365467e-01 1.037491e+00 -1.047408e-01 6.446454e-01 7.973184e-01 5.112389e-01 2.670249e-01 2.018174e-01 7.978208e-01 1.036270e+00 1.446179e-01 2.639436e-01 7.927937e-01 7.917822e-01 3.811726e-01 3.572710e-01 3.909415e-01 4.922635e-01 9.403835e-01 1.328980e-01 5.012697e-01 5.451315e-01 4.456638e-01 3.578227e-01 8.984410e-01 7.653143e-01 5.989912e-01 1.735583e-01 4.204386e-01 
22 309  1.000000000000000000e+05 0 0 3.913608e-01 4.850447e-01 5.620242e-01 8.903760e-02 1.870420e-01 4.699787e-01 1.328319e+00 4.667163e-02 7.128384e-01 9.807123e-01 7.800807e-01 3.586521e-01 2.194697e-01 6.152407e-01 5.729667e-01 2.600794e-01 3.885273e-01 1.935644e-01 5.169927e-01 2.764406e-01 3.134918e-01 6.758584e-01 1.782254e-01 1.024964e+00 1.061197e-01 6.170143e-01 4.379694e-02 2.191814e-01 4.148913e-01 1.224732e+00 6.658933e-01 3.806826e-01 2.917035e-01 1.396645e-01 
23 323  1.000000000000000000e+05 0 0 -4.671589e-02 -4.850223e-02 3.049107e-01 4.074688e-01 -1.407190e-01 5.340953e-01 1.369214e+00 9.052097e-02 5.437409e-01 9.964573e-01 9.330823e-01 8.097195e-02 5.528726e-02 6.657629e-01 1.003520e+00 2.480060e-01 5.295523e-01 5.274061e-01 7.173590e-01 5.583972e-01 4.342767e-01 8.788245e-02 5.277382e-01 8.498388e-01 3.206113e-01 4.535866e-01 2.298074e-01 4.603447e-01 5.246365e-01 6.421428e-01 7.241746e-01 4.960200e-01 6.840788e-01 3.864346e-01 
24 337  1.000000000000000000e+05 0 0 5.549172e-02 -8.661609e-02 3.122388e-01 -6.311831e-02 1.439841e-01 3.916590e-01 7.278093e-01 1.187275e-01 4.866258e-01 7.801261e-01 5.283598e-01 2.353135e-02 1.473040e-01 8.429898e-01 7.331945e-01 3.188682e-01 6.321595e-01 4.925589e-01 7.103724e-01 3.643699e-01 1.874242e-01 3.157616e-01 7.239372e-01 9.493056e-01 1.145835e-01 5.645016e-01 -4.369095e-02 6.142462e-01 1.609441e-01 6.522245e-01 5.488126e-01 3.510378e-01 4.453234e-01 7.720551e-02 
25 351  1.000000000000000000e+05 0 0 3.358621e-03 4.005171e-01 4.077562e-01 1.778167e-01 -5.626109e-02 2.081479e-01 9.708464e-01 -6.626891e-02 1.731058e-01 8.025060e-01 6.542771e-01 1.294208e-01 1.797708e-01 4.563840e-01 5.926665e-01 5.790066e-02 6.995295e-01 5.562748e-01 4.735368e-01 3.050070e-01 3.721090e-01 3.011401e-01 1.046834e+00 7.008078e-01 1.797170e-01 1.043470e-01 3.509087e-01 5.723939e-01 5.382220e-02 7.350926e-01 4.521726e-01 3.511165e-01 4.898248e-01 2.846971e-01 
26 365  8.966903992512064860e+02 0 0 9.481862e-02 2.620736e-01 4.473802e-01 2.058949e-01 3.312469e-01 2.485461e-01 7.390267e-01 3.344985e-01 4.070266e-01 7.219053e-01 5.443978e-01 1.742305e-01 -2.834429e-02 4.550601e-01 9.659146e-01 4.521114e-01 7.777242e-01 7.762744e-01 8.181711e-01 5.909212e-01 3.865931e-02 1.492098e-01 5.923750e-01 7.640991e-01 1.152774e-01 9.856088e-02 1.663239e-01 5.395956e-01 6.673305e-01 7.359241e-01 8.378993e-01 8.182768e-01 7.055875e-01 3.409340e-01 
27 379  1.000000000000000000e+05 0 0 2.082407e-02 1.492249e-01 3.934148e-01 7.325231e-01 4.443828e-01 3.888693e-01 7.625043e-01 1.445141e-01 3.776721e-02 5.226289e-01 7.661507e-01 1.665142e-01 -6.130718e-02 5.743588e-01 6.865368e-01 -1.939727e-02 4.665717e-01 6.792488e-01 5.998658e-01 5.360211e-01 6.643003e-01 1.408922e-01 6.009050e-01 1.111665e+00 7.804039e-02 3.212208e-01 3.711370e-01 2.880360e-01 6.923309e-01 1.001273e+00 6.641603e-01 5.538199e-01 5.215499e-01 4.249910e-01 
28 393  1.000000000000000000e+05 0 0 2.976011e-01 1.796579e-01 6.567981e-01 3.429104e-01 4.325516e-01 6.431956e-01 9.085000e-01 7.850541e-02 3.830344e-01 6.015506e-01 4.364959e-01 2.065478e-01 1.488074e-01 5.755519e-01 8.831616e-01 3.562938e-01 4.193114e-01 6.647017e-01 6.945335e-01 3.005191e-01 4.045767e-01 -1.856665e-02 5.678253e-01 8.463335e-01 2.970712e-01 3.126129e-01 1.331355e-01 3.710144e-01 6.875113e-01 3.787384e-01 6.968775e-01 2.934362e-01 7.769114e-01 -3.693247e-02 
29 407  1.000000000000000000e+05 0 0 4.136354e-01 -1.834080e-01 3.812309e-01 7.186865e-01 5.585676e-01 7.308475e-01 8.854556e-01 3.472304e-01 5.236696e-01 6.859198e-01 5.600037e-01 2.526799e-01 2.723655e-01 6.152904e-01 9.918065e-01 2.832569e-01 6.936329e-01 9.174164e-01 2.738113e-01 2.352690e-01 4.480011e-01 3.495105e-03 8.708328e-01 6.282462e-01 4.050669e-01 4.817370e-01 4.046188e-01 3.837660e-01 3.199700e-01 2.626062e-01 8.780234e-01 3.439747e-01 7.437272e-01 -6.359176e-02 
30 421  1.000000000000000000e+05 0 0 3.803860e-01 4.227650e-02 5.921053e-01 3.981157e-01 1.496671e-01 3.041948e-01 6.914308e-01 4.323257e-01 6.769384e-02 7.343536e-01 5.209613e-01 2.963095e-01 1.355025e-01 7.880204e-01 6.189400e-01 3.640431e-01 6.346797e-01 1.040946e+00 6.436119e-01 4.113636e-01 4.955714e-01 -4.267256e-02 7.142469e-01 1.082218e+00 4.632481e-01 2.597987e-01 2.059402e-02 4.993559e-01 5.925353e-01 8.031842e-01 8.554138e-01 2.217924e-01 8.152210e-01 2.554703e-01 
31 435  1.000000000000000000e+05 0 0 5.091500e-01 2.012753e-01 7.741183e-01 6.028545e-01 3.880850e-01 5.856139e-01 9.020454e-01 1.451709e-01 -3.868717e-02 1.001473e+00 4.583154e-01 3.585765e-01 3.473006e-01 6.412429e-01 3.574297e-01 2.803579e-01 6.090928e-01 6.416244e-01 5.178107e-01 3.916602e-01 7.816819e-01 2.842684e-02 3.555426e-01 7.753992e-01 8.100382e-01 2.264674e-01 4.639771e-01 3.162265e-01 6.133512e-01 4.977820e-01 3.830715e-01 -7.262270e-02 5.834409e-01 1.775862e-01 
32 449  1.000000000000000000e+05 0 0 1.808931e-01 1.019760e-01 4.348394e-01 5.139563e-01 1.610540e-01 8.072008e-01 9.202135e-01 2.138623e-01 1.802898e-01 1.061919e+00 5.061685e-01 1.863313e-01 3.914884e-01 8.044121e-01 6.572243e-01 2.165872e-01 1.025840e+00 6.565810e-01 2.261228e-01 1.404566e-01 2.777199e-01 2.683664e-01 4.778237e-01 7.130213e-01 5.162856e-01 5.544988e-01 1.276284e-01 8.424499e-01 1.046149e+00 6.603459e-01 9.103597e-01 1.975670e-01 2.885564e-01 1.552322e-01 
33 463  1.000000000000000000e+05 0 0 8.189874e-02 1.131565e-01 1.084621e+00 6.049889e-01 -9.499858e-02 4.388581e-01 8.405196e-01 5.229921e-01 1.141323e-01 1.074685e+00 4.536733e-01 -1.042426e-01 2.116302e-01 6.618628e-01 6.791654e-01 4.311110e-01 4.922978e-01 4.468201e-01 7.387441e-01 2.895942e-01 1.722240e-01 8.177781e-01 4.348612e-01 1.173014e+00 8.484886e-01 1.874398e-01 -2.133509e-01 6.027439e-01 5.479080e-01 5.081278e-01 1.175511e+00 2.538446e-01 3.678317e-01 3.753339e-01 
34 477  1.000000000000000000e+05 0 0 5.714332e-01 3.168672e-01 8.241566e-01 6.085744e-01 4.142186e-01 6.052068e-01 1.411786e-01 1.790800e-01 -4.276102e-02 7.885555e-01 2.123820e-01 6.201726e-01 2.693462e-01 5.296924e-01 4.190991e-01 4.156336e-01 7.620172e-01 9.484417e-01 6.805662e-01 1.971529e-01 1.920057e-01 1.896426e-01 7.091058e-01 5.130662e-01 -6.307772e-02 4.912228e-01 2.553070e-01 6.786813e-01 4.902249e-01 6.786139e-01 5.715816e-01 3.492350e-01 5.814956e-01 -1.721714e-02 
35 491  1.000000000000000000e+05 0 0 3.760227e-01 2.753722e-01 9.032426e-01 7.811760e-01 1.159793e-01 4.904452e-01 5.110015e-01 4.857649e-01 1.956329e-01 8.039675e-01 4.695776e-01 6.128879e-01 4.239504e-01 8.049682e-01 7.430231e-01 4.910904e-01 8.110180e-01 6.305634e-01 7.212550e-01 2.776428e-01 -5.061229e-02 2.665154e-01 7.868419e-01 9.668260e-01 4.427860e-01 3.484595e-01 1.995309e-01 7.082414e-01 4.985030e-01 3.820117e-01 6.918435e-01 -2.108847e-01 6.946746e-01 8.870611e-03 
36 505  1.000000000000000000e+05 0 0 5.039899e-01 6.360698e-01 8.625947e-01 6.765016e-01 4.122649e-02 6.895875e-01 8.548904e-01 -3.055070e-01 1.830282e-01 8.209117e-01 2.966249e-01 4.675191e-01 3.110416e-01 1.179961e+00 9.091028e-01 2.919160e-01 3.402543e-01 8.040678e-01 9.482234e-01 4.096534e-01 1.332405e-01 4.546424e-01 1.390664e-01 7.384689e-01 4.908140e-01 7.049093e-01 -9.440260e-02 8.018281e-01 1.327166e+00 5.199348e-01 8.696280e-01 1.753949e-01 3.744595e-01 -2.149063e-01 
37 519  1.000000000000000000e+05 0 0 3.988083e-01 3.982055e-01 6.529611e-01 5.590793e-01 7.161386e-01 1.069346e+00 5.470626e-01 3.904621e-01 1.316685e-01 9.135511e-01 6.649765e-01 7.222994e-01 -3.939946e-02 1.043145e+00 9.652273e-01 3.338501e-02 6.584632e-01 1.011542e+00 4.731048e-01 3.552294e-01 1.589893e-01 5.875242e-01 5.873503e-01 4.106393e-01 2.135283e-01 4.257555e-01 -3.706185e-02 6.034912e-01 4.556041e-01 2.516442e-01 6.782444e-01 1.756683e-01 7.276203e-01 -6.189164e-02 
38 533  1.000000000000000000e+05 0 0 3.900472e-01 5.788323e-01 1.093595e+00 1.123144e+00 4.779269e-01 1.338742e+00 4.323969e-01 4.315688e-01 6.645043e-01 6.445542e-01 5.767394e-01 7.332875e-01 5.123706e-01 9.966421e-01 8.408766e-01 -2.365959e-01 4.647593e-01 1.139331e+00 5.911997e-01 6.934962e-02 7.487751e-02 2.389827e-01 5.055174e-01 1.924418e-01 3.354029e-01 5.509952e-01 4.578601e-02 4.520187e-01 5.657615e-01 3.763289e-01 4.190276e-01 4.714232e-01 6.522015e-01 1.850311e-01 
39 547  1.000000000000000000e+05 0 0 4.659140e-01 5.715251e-02 8.500757e-01 8.956826e-01 1.745925e-02 6.546467e-01 2.847143e-01 1.264468e-01 2.459969e-01 8.122735e-01 3.771902e-01 5.944010e-01 7.025857e-01 7.913403e-01 1.027027e+00 -6.007196e-02 6.033102e-01 1.407333e+00 5.544330e-01 5.792940e-01 -6.080971e-02 1.164114e-01 7.054762e-01 6.037835e-01 4.655855e-01 5.132184e-01 4.840264e-01 4.931200e-01 6.828068e-01 7.709621e-01 3.034922e-01 9.241335e-02 7.968478e-01 3.377779e-02 
40 561  1.000000000000000000e+05 0 0 4.399339e-01 6.150758e-01 1.163411e+00 5.198311e-01 2.963444e-01 7.407342e-01 4.194465e-01 2.482760e-01 6.599567e-01 1.019023e+00 6.335950e-01 4.098503e-01 1.970970e-01 1.047468e+00 6.330538e-01 2.514328e-01 4.839899e-01 3.976053e-01 8.249661e-01 2.305341e-01 -4.497948e-02 3.893304e-01 5.206452e-01 6.590599e-01 4.534792e-01 3.685510e-01 9.206523e-02 2.613928e-01 7.298774e-01 8.929452e-01 7.480343e-01 4.851732e-01 5.897548e-01 6.890898e-02 
41 575  1.000000000000000000e+05 0 0 7.311037e-01 3.515497e-01 4.374326e-01 7.887691e-01 1.189021e-01 7.688166e-01 5.978820e-01 2.786414e-01 3.363884e-01 8.677819e-01 3.316659e-01 1.120577e-01 7.269376e-02 6.165206e-01 7.956579e-01 -1.291707e-02 3.440105e-01 3.980226e-01 9.196312e-01 1.796040e-01 3.938451e-01 6.783808e-01 8.157649e-01 6.232389e-01 4.488264e-01 1.185363e-01 -3.576309e-02 4.443687e-01 4.264715e-01 5.318351e-01 6.144733e-01 4.643207e-01 4.822002e-01 2.136535e-01 
42 589  1.000000000000000000e+05 0 0 8.816606e-01 6.183859e-01 6.946363e-01 5.872355e-01 6.583755e-02 7.775517e-01 4.294877e-01 3.879599e-01 4.926190e-01 7.210400e-01 2.152550e-01 5.758127e-02 3.815196e-01 7.380836e-01 6.978858e-01 -3.797169e-03 1.225120e-01 3.794663e-01 3.910093e-01 4.613981e-01 5.166145e-01 6.105839e-01 8.429281e-01 5.669656e-01 4.186923e-01 2.173648e-01 5.973179e-02 3.237112e-01 3.836944e-01 8.819327e-01 5.459906e-01 3.380127e-01 2.425639e-01 5.017184e-01 
43 603  1.000000000000000000e+05 0 0 5.360622e-01 4.987085e-01 7.704341e-01 5.478820e-01 3.028198e-01 3.232398e-01 8.658182e-01 3.669025e-01 3.264709e-01 7.439536e-01 4.210431e-01 5.326763e-02 3.955736e-01 8.164732e-01 9.223694e-01 8.047379e-03 6.550339e-02 3.237431e-01 6.421311e-01 1.730019e-02 3.528814e-01 6.535756e-01 6.595957e-01 7.431185e-01 3.993123e-01 3.612249e-01 1.520285e-01 2.822701e-01 4.332309e-01 7.715585e-01 8.754964e-01 7.206252e-01 2.875107e-01 4.462455e-01 
44 617  3.379313584383527314e+02 0 0 5.395322e-01 4.145126e-01 6.354308e-01 6.242092e-01 5.201303e-01 3.479127e-01 6.723627e-01 2.116604e-01 9.434012e-02 8.093785e-01 5.413542e-01 4.488571e-01 5.046133e-01 9.567865e-01 8.708069e-01 -2.358331e-01 -1.037950e-01 3.147212e-01 4.543584e-01 2.550702e-01 4.398519e-01 5.272690e-01 1.000117e+00 8.624130e-01 4.022539e-01 3.474962e-01 1.181428e-01 2.192791e-01 3.588417e-01 9.154546e-01 7.459382e-01 4.434694e-01 1.671410e-01 4.732525e-01 
45 631  7.557044147493737682e+02 0 0 4.532423e-01 5.407574e-01 8.296012e-01 4.827926e-01 5.888487e-01 3.856426e-01 1.029218e+00 2.051329e-01 2.791542e-01 5.721635e-01 5.518524e-01 3.411093e-01 5.685870e-01 7.198919e-01 7.685595e-01 -1.471596e-01 5.635755e-02 1.860992e-01 8.282796e-01 2.282872e-01 3.329730e-01 9.561779e-01 1.050971e+00 1.872273e-01 3.080988e-01 1.748702e-01 4.307652e-01 5.458552e-01 1.928987e-01 7.957747e-01 8.113110e-01 6.404797e-01 6.189596e-01 2.241180e-01 
46 645  1.000000000000000000e+05 0 0 2.522025e-01 4.132384e-01 7.557948e-01 9.672186e-01 3.450221e-01 6.336807e-01 8.874390e-01 3.791255e-01 3.463718e-01 6.867930e-01 2.994334e-01 7.329967e-01 1.223449e-01 5.814948e-01 5.176748e-01 -1.386390e-01 4.055101e-01 4.997587e-01 6.656510e-01 2.615633e-01 -6.807976e-02 6.605106e-01 1.040337e+00 9.963048e-01 3.943790e-01 2.863578e-01 2.954717e-01 5.564692e-01 4.155058e-01 4.273964e-01 9.366823e-01 6.364720e-01 6.903638e-01 5.541113e-01 
47 659  1.000000000000000000e+05 0 0 5.207276e-01 6.386122e-01 7.134495e-01 3.969465e-01 1.486259e-01 6.423018e-01 7.465967e-01 3.025536e-01 5.311706e-01 5.131148e-01 3.679287e-01 2.955634e-01 2.476061e-01 6.489558e-01 6.574024e-01 1.402127e-01 3.850664e-01 6.808610e-01 8.564522e-01 1.625255e-01 -2.667739e-02 6.658361e-01 9.339262e-01 8.232803e-01 1.892195e-01 2.157738e-01 2.827434e-01 4.094475e-01 4.847186e-01 3.948513e-01 8.423168e-01 4.094086e-01 4.165685e-01 3.792663e-01 
48 673  1.000000000000000000e+05 0 0 4.448838e-01 6.456041e-01 5.725954e-01 3.022429e-01 1.990147e-01 7.702139e-01 6.091429e-01 3.628016e-01 4.109000e-01 2.167364e-01 4.407477e-01 8.399618e-02 3.828246e-01 6.399971e-01 5.665567e-01 3.577350e-01 3.949898e-01 4.513633e-01 5.541768e-01 6.906048e-01 6.094320e-01 5.139514e-01 7.727904e-01 6.604192e-01 1.644750e-01 2.900344e-01 4.695100e-01 5.647609e-01 4.791129e-01 7.797825e-01 1.228348e+00 4.723297e-01 5.080704e-01 4.684695e-01 
49 687  1.000000000000000000e+05 0 0 1.205923e-01 9.399116e-02 8.933436e-01 5.183462e-01 3.369170e-01 6.327295e-01 7.781922e-01 5.195206e-01 3.025919e-01 7.680326e-01 3.149123e-01 4.449841e-01 2.103971e-01 2.655268e-01 2.745804e-01 5.085259e-01 2.159004e-01 6.938258e-01 1.092306e+00 5.242956e-01 4.270896e-01 7.724478e-01 1.080766e+00 7.307260e-01 4.031523e-02 2.275180e-01 5.858437e-01 1.434548e-01 3.993082e-01 6.073560e-01 5.968071e-01 6.264398e-01 8.561066e-01 1.049888e+00 
50 701  1.000000000000000000e+05 0 0 1.418792e-01 5.998762e-01 8.364775e-01 7.239366e-01 3.857175e-01 8.932755e-01 7.472316e-01 4.201560e-01 3.106379e-01 7.236948e-01 2.835629e-01 5.108738e-01 4.708302e-01 9.115511e-01 5.080234e-01 4.461878e-01 6.060844e-01 6.557496e-01 5.610907e-01 5.536864e-01 -3.781786e-02 5.860261e-01 6.994300e-01 1.090149e+00 4.841845e-01 1.705272e-01 4.467677e-01 7.513238e-01 4.057592e-01 6.605057e-01 8.916871e-01 3.378612e-01 8.460742e-01 8.312594e-01 
51 715  1.000000000000000000e+05 0 0 1.332135e-01 2.807837e-01 5.567953e-01 6.012484e-01 1.355447e-01 8.039245e-01 7.915605e-01 3.082155e-01 4.736244e-01 7.045640e-01 4.013856e-01 4.532267e-01 2.116388e-01 2.338472e-01 7.343212e-01 2.962236e-01 8.459358e-01 8.593604e-01 8.750684e-01 2.093597e-01 2.683751e-02 7.554181e-01 9.084153e-01 6.340005e-01 -3.877860e-02 3.680832e-01 2.764655e-01 5.452504e-02 7.150065e-01 7.736198e-01 8.752604e-01 4.034058e-01 8.481826e-01 5.484409e-01 
52 729  1.000000000000000000e+05 0 0 2.896644e-01 3.028576e-01 6.404431e-01 3.106527e-01 3.566721e-01 5.960934e-01 5.578870e-01 1.678157e-01 5.038710e-01 9.742229e-01 1.861141e-01 3.122817e-01 1.863109e-01 3.009697e-01 3.175159e-01 5.744917e-01 3.381545e-01 8.204119e-01 8.909686e-01 2.736841e-01 -1.422273e-01 8.389976e-01 9.743892e-01 6.243572e-01 1.712801e-03 4.014714e-01 6.115148e-01 2.488401e-01 7.458459e-01 5.207754e-01 8.958320e-01 2.813125e-01 8.640983e-01 7.105284e-01 
53 743  1.000000000000000000e+05 0 0 4.607319e-01 4.994723e-01 3.993495e-01 7.362410e-01 6.080157e-01 8.339131e-01 3.530323e-01 -1.686939e-01 3.812298e-01 6.315140e-01 5.145723e-02 1.371745e-01 4.567425e-01 9.342730e-02 5.090617e-01 5.135048e-01 1.098563e-01 7.510091e-01 6.667237e-01 2.467538e-01 2.139568e-01 4.407005e-01 9.021071e-01 2.847634e-01 8.401278e-02 5.493829e-01 4.664053e-01 2.902202e-01 6.813821e-01 5.941703e-01 9.130168e-01 3.265469e-01 5.706651e-01 5.413708e-01 
54 757  1.000000000000000000e+05 0 0 3.568316e-01 1.548586e-01 5.137928e-01 7.180142e-01 7.489484e-01 1.156964e+00 7.010324e-01 1.274550e-01 1.263851e-01 5.593721e-01 1.919668e-01 1.534690e-01 5.696798e-01 4.555034e-01 5.080646e-01 3.635885e-01 8.043526e-01 6.386116e-01 5.206403e-01 2.609574e-01 -8.889825e-02 4.396607e-01 1.079473e+00 6.571407e-01 6.811436e-01 3.548013e-01 4.407050e-01 1.762265e-01 8.007510e-01 5.000218e-01 6.285024e-01 4.979788e-01 5.502927e-01 7.451464e-01 
55 771  1.000000000000000000e+05 0 0 2.678845e-01 3.840340e-01 8.428301e-01 7.294144e-01 5.237148e-02 1.089601e+00 8.039804e-01 -8.787740e-02 3.059678e-02 6.228495e-01 1.001110e-01 3.455272e-01 5.182283e-01 5.480995e-01 3.353229e-01 8.389609e-02 3.979615e-01 7.183415e-01 6.345375e-01 6.423920e-01 -2.344724e-01 5.394173e-01 9.893002e-01 9.049123e-01 2.293804e-01 3.455557e-01 8.943729e-02 4.565493e-01 7.668381e-01 7.625165e-01 7.446846e-01 4.402246e-01 7.612885e-01 3.484619e-01 
56 785  1.000000000000000000e+05 0 0 8.457415e-02 2.842243e-01 5.581186e-01 9.575825e-01 9.321884e-02 7.527007e-01 7.249414e-01 2.450671e-02 -6.119916e-02 4.878624e-01 1.904513e-01 5.454370e-01 9.325305e-02 5.544664e-01 4.282171e-01 1.292525e-01 5.862560e-01 7.508094e-01 6.531859e-01 4.991488e-03 1.386591e-01 3.596802e-01 8.713709e-01 5.696687e-01 1.782908e-01 4.910731e-01 2.607810e-01 6.351866e-02 1.033246e+00 9.150546e-01 5.751910e-01 4.305076e-01 8.809425e-01 8.341012e-01 
57 799  1.000000000000000000e+05 0 0 1.113075e-01 6.101687e-01 5.772699e-01 7.276157e-01 3.632364e-01 1.059419e+00 3.774540e-01 -6.466939e-03 -1.076801e-01 5.171331e-01 3.393603e-02 4.718825e-01 2.884594e-01 1.313827e-01 3.772514e-01 1.351557e-01 4.781640e-01 8.963641e-01 6.305758e-01 1.323350e-01 -2.030097e-01 2.305839e-01 9.434271e-01 6.088190e-01 -8.178748e-02 6.751564e-01 1.593342e-01 1.145569e-01 9.041749e-01 8.975090e-01 5.820127e-01 3.375028e-01 8.142831e-01 5.691949e-01 
58 813  1.000000000000000000e+05 0 0 5.618356e-02 6.755356e-01 7.918811e-01 7.339849e-01 2.675280e-01 1.058646e+00 3.279311e-01 -2.615223e-01 2.417251e-01 4.563308e-01 3.609230e-01 5.978767e-01 5.476262e-01 6.108082e-01 7.694212e-01 6.487358e-01 3.351703e-01 7.480764e-01 8.354879e-01 1.201458e-01 9.627644e-02 3.382886e-01 7.802465e-01 5.679536e-01 -2.009529e-01 6.340900e-01 2.857717e-01 2.935563e-01 8.550015e-01 5.504985e-01 6.374887e-01 1.261621e-01 8.278586e-01 9.424095e-01 
59 827  1.000000000000000000e+05 0 0 1.934070e-01 8.499448e-01 5.590879e-01 4.497530e-01 2.573125e-01 8.768122e-01 5.363131e-01 2.159645e-01 -2.062344e-02 4.142866e-01 2.679525e-01 2.770512e-01 3.161171e-01 5.805572e-01 3.992056e-01 1.037415e-01 2.018902e-01 7.473326e-01 6.071197e-01 2.755483e-01 1.059760e-01 4.662625e-01 9.328359e-01 8.758627e-01 2.404576e-01 4.418222e-01 1.218187e-01 1.733950e-02 6.962976e-01 6.746200e-01 5.848199e-01 4.430441e-01 5.634696e-01 7.005147e-01 
60 841  1.000000000000000000e+05 0 0 1.350549e-01 6.595607e-01 6.872738e-01 5.995829e-01 -2.106796e-01 7.071648e-01 7.288694e-01 1.205124e-01 -7.293076e-02 4.150195e-01 7.223198e-01 2.631052e-01 2.249250e-01 2.679915e-01 8.176681e-01 3.358157e-01 3.209532e-01 7.713464e-01 4.262814e-01 2.433052e-01 3.024865e-01 6.050249e-01 9.673409e-01 8.336551e-01 3.592948e-01 4.800982e-01 -3.654182e-02 -3.623855e-02 5.902768e-01 4.958865e-01 5.647223e-01 4.384024e-01 6.663362e-01 9.540997e-01 
61 855  1.000000000000000000e+05 0 0 2.045240e-01 4.671141e-01 5.615873e-01 4.879600e-01 2.384151e-01 9.127384e-01 7.812116e-01 3.282930e-01 2.581020e-01 4.052943e-01 4.249384e-01 1.884683e-01 2.360483e-01 2.518987e-01 4.331638e-01 2.069032e-01 5.120882e-01 8.207734e-01 5.563185e-01 4.624435e-02 6.906396e-02 5.488763e-01 7.617987e-01 8.748280e-01 1.134949e-01 3.455828e-01 1.121048e-01 1.446928e-01 1.023145e+00 6.829425e-01 5.205822e-01 5.991682e-01 8.373671e-01 9.142713e-01 
62 869  1.000000000000000000e+05 0 0 3.540198e-01 7.889595e-01 6.574919e-01 7.320125e-01 1.551419e-01 7.926573e-01 7.163593e-01 3.299362e-02 -6.105615e-02 4.841730e-01 5.925916e-01 5.068919e-01 2.889994e-01 5.976390e-01 5.033929e-01 6.965912e-01 5.063466e-01 7.143254e-01 8.030556e-01 2.450397e-01 2.250988e-01 5.048296e-01 6.600637e-01 1.000254e+00 2.427114e-01 4.084258e-01 3.753068e-01 7.001836e-02 6.448139e-01 5.321442e-01 6.328056e-01 5.100027e-01 8.593042e-01 8.139144e-01 
63 883  1.000000000000000000e+05 0 0 3.011595e-01 6.121609e-01 7.992786e-01 4.097645e-01 3.203255e-01 6.385745e-01 7.659445e-01 2.869475e-03 2.150666e-01 6.118723e-02 3.151432e-01 6.780153e-01 1.837011e-01 2.829111e-01 4.880088e-01 1.945865e-01 3.017358e-01 9.682773e-01 6.659933e-01 4.682541e-01 2.372085e-01 5.534305e-01 5.284287e-01 6.303881e-01 2.381295e-01 -2.393925e-03 5.677715e-01 -2.126469e-01 9.263331e-01 5.916397e-01 9.210790e-01 6.449366e-01 8.413450e-01 8.831971e-01 
64 897  1.000000000000000000e+05 0 0 3.016794e-01 7.462142e-01 7.879455e-01 4.346073e-01 2.002133e-01 7.552958e-01 7.826645e-01 3.753037e-02 3.647306e-01 2.411063e-01 7.086931e-01 4.926529e-01 1.353650e-01 4.104890e-01 6.601175e-01 2.047739e-01 3.799513e-01 4.054563e-01 5.854916e-01 1.840705e-01 4.254785e-01 6.039977e-01 4.260732e-01 4.972264e-01 1.947195e-01 1.229453e-01 3.300891e-01 1.203715e-01 9.198834e-01 4.902463e-01 8.136378e-01 7.359816e-01 6.317148e-01 1.093618e+00 
65 911  1.000000000000000000e+05 0 0 3.613450e-01 6.034385e-01 5.200787e-01 4.000020e-01 5.045561e-01 7.230489e-01 6.156263e-01 3.845055e-02 2.888565e-01 5.854854e-01 4.790433e-01 4.460140e-01 3.816448e-01 3.573158e-01 5.509282e-01 4.579884e-01 3.141070e-01 7.609642e-01 6.990291e-01 1.392488e-01 1.528156e-01 6.020135e-01 6.224072e-01 7.881290e-01 -5.433447e-03 3.009295e-01 4.083873e-01 3.818453e-01 8.498079e-01 5.555271e-01 8.101260e-01 6.645391e-01 7.257063e-01 4.244227e-01 
66 925  2.161683078278477296e+03 0 0 -2.253846e-01 7.530041e-01 7.052717e-01 4.940294e-01 9.715646e-01 5.488311e-01 7.002118e-01 3.144085e-01 7.408130e-01 -6.069287e-02 2.595977e-01 6.421265e-01 4.559462e-01 2.801801e-01 1.485445e-01 2.851297e-01 3.187841e-01 7.264447e-01 6.228576e-01 1.764598e-01 3.012945e-01 6.202179e-01 6.917372e-01 5.753966e-01 3.308276e-01 4.241719e-02 8.978787e-01 3.702588e-01 8.189391e-01 4.504128e-01 8.492441e-01 6.392623e-01 3.150525e-01 5.437116e-01 
67 939  6.684731254613156125e+03 0 0 3.926332e-01 1.094982e+00 8.995073e-01 3.051032e-01 4.113250e-01 7.507938e-01 1.043648e+00 7.063088e-01 5.566406e-01 1.881941e-01 4.292018e-01 4.834039e-01 1.936024e-01 1.598392e-01 6.726837e-01 4.056894e-01 2.428943e-01 4.653841e-01 6.423955e-01 6.245887e-01 4.532751e-01 4.920632e-01 4.930593e-01 9.858047e-01 3.188508e-01 2.136360e-01 6.944934e-01 4.054381e-01 7.104093e-01 5.708165e-01 5.068106e-01 7.902176e-01 9.729006e-01 6.360345e-01 
68 953  1.000000000000000000e+05 0 0 1.844784e-01 8.355222e-01 7.959824e-01 4.654403e-01 4.932243e-01 8.860290e-01 8.284197e-01 3.268708e-01 3.465618e-01 3.198518e-01 -1.850111e-01 4.951004e-01 3.147731e-01 1.258262e-01 7.061630e-01 4.020464e-01 5.070396e-01 5.962589e-01 9.747767e-01 3.798071e-01 2.809144e-01 7.026491e-01 7.301358e-01 7.078478e-01 7.112910e-02 8.609385e-02 7.349048e-01 1.906966e-01 6.611832e-01 7.317397e-01 3.215180e-01 1.021648e+00 5.302013e-01 6.511600e-01 
69 967  1.000000000000000000e+05 0 0 3.642678e-01 4.850771e-01 5.916960e-01 8.294412e-01 9.689216e-02 6.958063e-01 8.133406e-01 5.838242e-01 4.924944e-01 4.723654e-01 -2.596657e-01 2.110369e-01 2.736502e-01 1.270982e-01 5.411081e-01 4.284741e-01 4.092559e-01 4.718370e-01 3.872996e-01 1.429902e-01 3.050990e-01 6.725129e-01 6.283094e-01 7.102323e-01 3.468674e-01 8.736359e-03 6.312958e-01 2.389975e-01 1.127732e+00 6.065570e-01 3.991864e-01 6.623453e-01 5.753530e-01 7.887175e-01 
70 981  1.000000000000000000e+05 0 0 5.976420e-01 3.833481e-01 6.329174e-01 6.407105e-01 2.331006e-01 9.187579e-01 9.471175e-01 4.388010e-01 5.642650e-01 6.480576e-01 1.290581e-01 2.798676e-01 2.798881e-01 1.512777e-01 7.796164e-01 4.431070e-01 5.098566e-01 6.981567e-01 5.853544e-01 3.401913e-01 2.776094e-01 7.901833e-01 4.236491e-01 9.112464e-01 4.062977e-01 2.023508e-01 7.504123e-01 2.423058e-01 1.247037e+00 3.198842e-01 3.031344e-01 9.506175e-01 4.349224e-01 2.928452e-01 
71 995  2.784964812616745348e+03 0 0 5.438679e-01 3.467462e-01 6.342285e-01 4.330668e-01 3.299927e-01 3.144883e-01 9.684983e-01 5.575578e-01 9.210704e-02 4.077851e-01 4.632982e-01 7.809146e-01 1.478334e-01 3.478624e-01 8.886537e-01 4.639737e-01 2.994560e-01 7.104117e-01 8.965444e-01 -3.529672e-02 4.897530e-01 8.962763e-01 6.700268e-01 6.355063e-01 1.694524e-01 3.868119e-01 2.326446e-01 6.829981e-01 4.942857e-01 5.686133e-01 8.650937e-01 6.225704e-01 6.635732e-01 2.621606e-01 
72 1009  1.000000000000000000e+05 0 0 5.936552e-01 5.290989e-01 7.738075e-01 7.928717e-01 9.428168e-02 9.356608e-01 5.497570e-01 3.315462e-01 6.420196e-01 1.778380e-01 4.936887e-01 8.510109e-02 7.885143e-01 4.007929e-01 2.724155e-01 4.077614e-01 3.842339e-01 7.631158e-01 1.039173e+00 4.210165e-01 2.353677e-01 3.223482e-01 4.759647e-01 5.623317e-01 4.158196e-01 4.674445e-01 4.582550e-01 2.205365e-01 7.593752e-01 1.743272e-01 4.382786e-01 5.126830e-01 6.059597e-01 2.245067e-01 
73 1023  1.000000000000000000e+05 0 0 8.160691e-01 4.937648e-01 1.243786e+00 7.908884e-01 4.803568e-01 7.332875e-01 1.582088e-01 4.530732e-01 5.320072e-01 7.359440e-01 -7.529791e-02 4.989416e-01 7.127681e-01 7.154982e-01 5.221085e-01 7.319042e-01 2.568382e-01 7.187805e-01 6.168688e-01 2.355663e-01 3.708481e-01 8.575705e-01 6.849018e-01 4.175573e-01 9.279548e-01 4.064828e-01 4.350545e-01 6.326953e-01 1.251973e+00 4.582767e-01 7.207588e-01 8.076815e-01 4.886706e-01 1.046356e+00 
74 1037  1.000000000000000000e+05 0 0 1.039968e+00 8.718536e-01 7.741225e-01 2.078849e-01 -1.490709e-02 8.495265e-01 9.298268e-01 4.540690e-01 3.978035e-01 9.741847e-01 7.656551e-01 3.567868e-01 6.745562e-01 -2.493569e-01 2.430482e-01 7.087905e-01 4.923506e-01 7.898639e-01 8.706317e-01 1.479713e-01 5.238246e-01 6.891031e-01 1.105968e+00 5.617704e-01 6.393866e-01 9.622866e-01 7.941152e-01 6.510134e-01 9.535719e-01 4.550567e-01 2.554805e-01 3.952262e-01 3.207882e-01 4.858061e-01 
75 1051  8.487788959423258348e+03 0 0 1.268704e+00 4.406033e-01 8.904990e-01 9.573588e-01 1.343637e-01 8.422887e-01 9.023394e-01 1.021770e+00 1.178126e-01 5.344139e-01 9.361663e-01 6.174002e-01 3.745104e-02 -3.734619e-01 8.650160e-01 1.650927e-01 6.772719e-02 6.951647e-01 6.871475e-01 4.096116e-02 4.106823e-01 1.209037e+00 4.371836e-01 4.281227e-01 6.567087e-01 8.124662e-01 3.727205e-01 3.042377e-01 4.476689e-01 6.038116e-01 5.302836e-01 1.044485e+00 -9.997882e-02 9.460509e-01 
76 1065  1.000000000000000000e+05 0 0 8.000185e-01 2.840682e-01 2.425643e-01 3.570054e-01 2.205941e-01 8.829536e-01 2.741649e-01 5.193895e-01 4.987845e-01 8.574349e-01 4.653610e-01 1.161781e-01 4.183118e-01 5.814786e-01 4.960077e-01 2.422444e-01 1.391313e-01 -4.612719e-02 6.755559e-01 8.206180e-01 5.739613e-01 6.712334e-01 3.248905e-01 1.941166e-02 1.311580e+00 6.914158e-01 3.794253e-01 6.561283e-01 6.866628e-01 7.697544e-01 6.349271e-01 4.695296e-01 -1.044791e-01 3.359286e-01 
77 1079  2.562581861566383168e+02 0 0 7.982972e-01 2.841538e-01 1.058357e+00 5.610614e-01 2.921889e-01 5.438106e-01 9.872807e-01 8.004940e-01 5.374431e-01 7.404726e-01 6.566132e-01 5.751005e-01 4.100193e-01 5.787819e-01 7.195379e-01 -3.409023e-01 5.921686e-01 6.237156e-01 5.606563e-01 5.866978e-01 1.303928e-01 6.070345e-01 3.804165e-01 4.207593e-01 5.345882e-01 7.570646e-01 1.133082e+00 6.183474e-01 4.589336e-01 3.895913e-01 3.334488e-01 8.233495e-01 1.038056e-01 8.147780e-01 
78 1093  1.000000000000000000e+05 0 0 -4.070386e-04 5.196900e-01 1.300652e+00 3.117378e-01 2.696771e-01 9.654513e-01 1.205811e+00 3.107811e-01 3.772783e-01 4.191083e-01 1.750573e-02 3.209967e-01 6.777494e-01 3.616993e-01 3.969731e-01 2.393940e-01 5.355911e-01 1.301690e+00 6.630221e-01 3.114458e-01 3.362644e-01 5.532817e-01 8.423853e-02 3.037274e-01 2.911325e-01 4.445878e-01 6.471159e-01 4.861057e-01 7.432183e-01 5.670134e-02 6.308156e-01 3.739386e-01 3.401348e-02 8.042788e-01 
79 1107  1.000000000000000000e+05 0 0 8.248724e-01 3.310748e-01 1.244115e+00 2.449103e-01 3.253744e-01 8.903831e-01 4.474575e-01 6.929630e-01 4.922964e-01 1.459490e-01 7.612778e-02 8.776977e-01 5.458223e-01 -1.280908e-01 3.518963e-01 3.422503e-01 6.190830e-01 7.876327e-01 4.785910e-01 1.608728e-01 8.762678e-01 5.715759e-01 6.712465e-01 3.841033e-01 4.191778e-01 7.105428e-01 1.212549e+00 -8.615490e-02 5.070866e-01 6.748757e-01 6.237010e-01 3.416742e-01 9.376978e-02 3.012134e-01 
80 1121  1.000000000000000000e+05 0 0 8.273815e-01 5.991058e-01 4.657213e-01 6.738783e-01 2.142704e-01 1.080656e+00 8.460941e-01 4.365675e-01 2.406678e-01 5.920920e-01 -1.677666e-01 3.412713e-01 7.329610e-01 -3.829071e-01 3.367427e-01 5.315604e-01 9.586433e-02 3.601319e-01 9.146630e-01 5.822971e-01 3.934714e-01 6.846833e-01 5.365220e-01 3.289838e-01 2.680927e-01 6.034770e-01 9.043450e-01 3.045541e-01 2.930633e-01 6.086438e-01 6.771565e-01 2.302021e-01 -3.113567e-01 4.884541e-01 
81 1135  1.000000000000000000e+05 0 0 1.688361e-01 7.486169e-01 7.622923e-01 3.681304e-01 -1.566388e-01 7.713853e-01 5.759561e-01 4.427809e-01 1.082377e+00 1.285189e-01 8.698706e-01 -2.091793e-01 6.351014e-01 9.485102e-02 4.677665e-01 4.236451e-01 1.293896e-01 4.668828e-02 1.107300e+00 8.399537e-01 4.102222e-01 5.469601e-01 5.742790e-01 7.055342e-01 6.176767e-01 9.265005e-01 9.643224e-01 9.533789e-01 7.836907e-01 4.479191e-01 1.278665e+00 5.293195e-01 1.143274e-01 6.324455e-01 
82 1149  1.000000000000000000e+05 0 0 9.488843e-01 6.832104e-01 9.024304e-01 7.375369e-01 1.600184e-01 8.840102e-01 7.339301e-01 1.615651e-01 9.936444e-01 4.930887e-01 7.003476e-01 2.613976e-01 8.329820e-01 4.585965e-01 1.400624e-01 4.473989e-01 1.748073e-01 6.454649e-01 9.833619e-01 6.801861e-01 2.039541e-01 5.000949e-01 6.759514e-01 5.121043e-01 4.349307e-01 9.762053e-01 7.238107e-01 9.866962e-01 8.225072e-01 5.964042e-01 1.085869e+00 2.130740e-01 2.423059e-01 8.584594e-01 
83 1163  1.000000000000000000e+05 0 0 6.160227e-01 4.350898e-01 7.548411e-01 8.453840e-01 -9.866805e-02 1.932664e-01 9.974392e-01 3.075588e-01 6.296032e-01 3.416796e-01 7.319159e-01 3.698053e-01 9.263799e-01 1.762322e-01 -1.452265e-01 3.694683e-01 1.023012e-01 4.474386e-01 8.516813e-01 5.740823e-01 -5.060941e-02 3.000470e-01 3.463068e-01 2.818575e-01 3.149267e-01 8.999867e-01 7.159573e-01 9.146952e-01 7.301399e-01 4.738526e-01 8.717433e-01 1.217081e-01 8.363994e-02 4.637638e-01 
84 1177  1.000000000000000000e+05 0 0 1.108401e+00 5.236070e-01 4.356887e-01 4.312378e-01 -6.980596e-04 5.204570e-01 8.766265e-01 6.411182e-01 9.193614e-01 6.408961e-01 8.553061e-01 9.373862e-01 1.094017e+00 8.516778e-01 1.460288e-01 1.600700e-01 1.945885e-01 1.301701e-01 6.698117e-01 1.408296e-01 1.570411e-01 6.134317e-01 1.811716e-01 6.260588e-01 3.387165e-01 9.351611e-01 7.513826e-01 9.606662e-01 7.326573e-01 3.209646e-01 8.118750e-01 5.554222e-01 -1.122142e-01 6.250462e-01 
85 1191  5.621598164626190055e+02 0 0 1.178269e+00 7.926141e-01 8.945352e-01 7.800558e-01 2.278899e-01 3.630446e-01 6.728675e-01 6.886935e-01 9.383769e-01 6.150273e-01 7.401770e-01 7.646322e-01 6.554436e-01 1.593776e-01 9.476940e-02 -3.265985e-03 2.036208e-01 8.382978e-01 9.906278e-01 2.834045e-01 3.786781e-01 1.363310e-01 5.678162e-01 5.175270e-01 4.986779e-01 1.034035e+00 5.019811e-01 6.007234e-01 4.746472e-01 5.199531e-01 1.010732e+00 6.596686e-01 3.989852e-01 5.296429e-01 
86 1205  1.000000000000000000e+05 0 0 9.657605e-01 7.424366e-01 7.809235e-01 7.738898e-01 2.677775e-01 6.967753e-01 3.747953e-01 7.140318e-01 8.303300e-01 4.976276e-01 8.840217e-01 4.836844e-01 6.564094e-01 4.259781e-01 3.004929e-01 1.519955e-01 3.664371e-02 9.232867e-01 9.746783e-01 5.731646e-01 3.730542e-01 5.030963e-01 3.700094e-01 2.859160e-01 5.187414e-01 6.990563e-01 1.191648e-01 4.890344e-01 8.525171e-01 3.819981e-01 1.034269e+00 5.975254e-01 2.737743e-01 9.491490e-01 
87 1219  1.000000000000000000e+05 0 0 9.409740e-01 7.219698e-01 4.643448e-01 6.975151e-01 2.429799e-01 7.947088e-01 5.559560e-01 7.153938e-01 5.528541e-01 5.739091e-01 9.670485e-01 3.713517e-01 3.449661e-01 5.777566e-01 1.434278e-01 1.677851e-01 1.014186e-01 1.057259e+00 7.204851e-01 7.229097e-01 5.592885e-01 4.457857e-01 4.396456e-01 7.605911e-01 6.045397e-01 6.448778e-01 5.141596e-01 5.700077e-01 9.321737e-01 1.022172e-01 9.997002e-01 4.593060e-01 8.179949e-01 1.074957e+00 
88 1233  1.000000000000000000e+05 0 0 1.106938e+00 1.054949e+00 2.410205e-01 7.078144e-01 1.934490e-01 1.106324e+00 2.060287e-01 9.686414e-01 9.843054e-01 7.049420e-01 8.476143e-01 4.143681e-01 7.291691e-01 1.145217e-01 4.406474e-01 3.221475e-02 3.572769e-01 7.067713e-01 1.210587e+00 5.778373e-01 3.259566e-01 5.473205e-01 6.815374e-01 3.006175e-01 7.045893e-01 5.387899e-01 5.166452e-01 7.282916e-01 7.616863e-01 1.308959e-01 5.603178e-01 4.571698e-01 1.825871e-01 9.000354e-01 
89 1247  1.000000000000000000e+05 0 0 6.208885e-01 6.522276e-01 4.217715e-01 6.510503e-01 4.017257e-01 9.392437e-01 4.263807e-01 5.364679e-01 7.901107e-01 5.086620e-01 7.694557e-01 6.583426e-01 4.763363e-01 6.497044e-01 5.905948e-01 6.390679e-02 3.569621e-01 6.508233e-01 7.174167e-01 -2.420364e-02 3.733384e-01 5.014392e-01 4.047309e-01 2.880452e-01 5.747755e-01 7.965689e-01 8.425895e-01 6.692264e-01 9.480487e-01 3.252031e-01 8.678631e-01 4.334204e-01 5.060131e-01 9.182534e-01 
90 1261  1.000000000000000000e+05 0 0 4.743319e-01 6.373281e-01 5.707588e-01 7.977234e-01 1.773579e-01 9.536871e-01 4.648095e-01 2.036278e-01 5.926260e-01 6.207886e-01 7.419059e-01 3.604361e-01 6.356511e-01 9.489476e-01 5.424930e-01 1.422474e-01 4.891005e-02 2.998767e-01 7.461474e-01 4.191433e-01 5.509142e-01 3.284716e-01 4.511683e-01 4.686078e-01 5.610602e-01 7.495702e-01 5.848232e-01 8.184257e-01 7.537398e-01 4.875806e-01 6.354955e-01 7.514184e-01 4.101017e-01 9.426321e-01 
91 1275  1.000000000000000000e+05 0 0 9.303501e-01 8.152203e-01 4.995498e-01 7.691239e-01 -2.010461e-01 9.895281e-01 3.026439e-02 2.674099e-01 9.659062e-01 4.730529e-01 7.118696e-01 1.853461e-01 1.000370e+00 7.034929e-01 3.932176e-01 1.642064e-01 1.048251e-01 3.741007e-01 6.095370e-01 2.542063e-01 4.390474e-01 2.414234e-01 4.584061e-01 3.261899e-01 8.918660e-01 6.181928e-01 2.805450e-01 8.471983e-01 7.985730e-01 2.441789e-01 6.445879e-01 4.800465e-01 1.192048e-01 9.457073e-01 
92 1289  1.000000000000000000e+05 0 0 5.933373e-01 3.624218e-01 3.177656e-01 7.126457e-01 1.573469e-01 1.242466e+00 5.028791e-01 3.559484e-01 8.911993e-01 3.374134e-01 6.971169e-01 3.442415e-01 8.353501e-01 7.204749e-01 6.638566e-01 1.907418e-01 3.787468e-01 3.803623e-01 7.746929e-01 5.914410e-01 3.698912e-01 3.173174e-01 4.093806e-01 2.070885e-01 8.787241e-01 5.900614e-01 5.543735e-01 5.469648e-01 7.387736e-01 5.590915e-01 5.074328e-01 4.439605e-01 2.359266e-01 7.302289e-01 
93 1303  1.000000000000000000e+05 0 0 7.111173e-01 3.295131e-01 2.472432e-01 9.398261e-01 2.776845e-01 7.954224e-01 6.465422e-01 2.881873e-01 5.963978e-01 7.571128e-01 8.070742e-01 3.972759e-01 2.535540e-01 5.828880e-01 5.050462e-01 -3.141970e-02 3.840162e-01 3.885026e-01 7.197975e-01 5.189485e-01 4.938776e-01 4.531176e-01 3.384017e-01 3.784377e-01 4.215308e-01 3.645203e-01 3.944945e-01 7.249771e-01 1.049744e+00 4.583549e-01 6.413743e-01 5.723673e-01 2.907967e-02 4.004464e-01 
94 1317  1.000000000000000000e+05 0 0 4.209891e-01 4.945499e-01 1.520075e-01 6.836127e-01 9.919655e-02 8.483912e-01 6.431181e-01 4.547489e-01 6.046161e-01 6.226356e-01 1.102372e+00 5.727672e-01 2.478795e-01 8.876208e-01 3.295884e-01 -1.233617e-01 2.817523e-01 2.976766e-01 9.389998e-01 6.077438e-01 4.094710e-01 3.651735e-01 7.341922e-01 3.805638e-01 3.728046e-01 1.172622e-01 4.163932e-01 6.825701e-01 8.147932e-01 3.851625e-01 6.241981e-01 3.553684e-01 8.451840e-02 5.016351e-01 
95 1331  1.000000000000000000e+05 0 0 7.605979e-01 4.424181e-01 2.425915e-01 1.151698e+00 1.974109e-01 8.781893e-01 4.698685e-01 4.683375e-02 5.499148e-01 8.478733e-01 7.791881e-01 6.214323e-01 4.262884e-01 5.242090e-01 4.200180e-01 7.622778e-02 7.229652e-01 5.156752e-01 8.251515e-01 1.046822e-01 2.157616e-01 4.494797e-01 8.740059e-01 1.255270e-01 6.418127e-01 4.767288e-01 3.654356e-01 9.165321e-01 9.344697e-01 2.220290e-01 7.963143e-01 2.620168e-01 3.336591e-01 6.899347e-01 
96 1345  1.000000000000000000e+05 0 0 5.446501e-01 4.050902e-01 2.902906e-01 9.505479e-01 9.549404e-02 7.489217e-01 3.805459e-01 3.461082e-02 8.673878e-01 6.228346e-01 9.822046e-01 2.996022e-01 5.799676e-01 7.207445e-01 5.745769e-01 3.849469e-01 6.718044e-01 1.850174e-01 8.355890e-01 2.538595e-01 2.636395e-01 -1.526288e-03 5.353331e-01 4.058717e-02 6.399837e-01 2.280445e-01 3.404579e-01 7.566911e-01 8.429753e-01 6.284239e-01 7.652146e-01 2.594543e-01 2.405124e-01 7.633320e-01 
97 1359  1.000000000000000000e+05 0 0 4.026970e-01 6.406956e-01 2.655733e-01 6.498460e-01 1.762037e-02 8.420217e-01 9.890157e-02 3.618868e-01 8.886418e-01 6.333165e-01 5.380250e-01 6.636621e-01 3.867032e-01 5.830423e-01 4.406951e-01 3.426894e-01 6.408354e-01 3.500322e-01 4.313919e-01 7.504391e-01 1.896212e-01 4.861736e-01 5.100751e-01 1.608693e-01 4.555861e-01 5.067467e-01 3.976938e-01 8.366499e-01 6.907555e-01 5.092722e-01 3.920032e-01 3.960949e-01 4.122973e-01 5.574353e-01 
98 1373  1.000000000000000000e+05 0 0 7.073926e-01 6.191266e-01 3.654410e-01 9.963375e-01 1.992518e-01 9.750730e-01 6.364897e-01 8.534199e-01 8.956766e-01 7.912002e-01 3.615367e-01 7.134661e-01 3.009087e-01 7.530438e-01 3.172502e-01 1.405825e-01 5.894296e-01 5.120553e-01 6.036073e-01 4.908306e-01 2.103575e-01 8.917948e-02 4.423500e-01 2.038727e-01 8.652864e-01 3.453345e-01 5.888439e-01 7.776312e-01 5.152591e-01 1.646207e-01 8.273106e-01 4.092644e-01 5.668601e-02 5.392387e-01 
99 1387  1.000000000000000000e+05 0 0 3.960235e-01 6.945215e-01 6.723523e-01 7.184902e-01 1.129884e-01 5.788072e-01 6.014031e-01 6.064495e-01 1.104707e+00 6.423217e-01 5.055005e-01 6.219472e-01 2.658444e-01 9.794095e-01 3.874421e-01 1.352439e-01 4.755987e-01 4.712297e-01 7.961179e-01 7.160406e-01 3.901556e-01 -9.115396e-02 3.769750e-01 2.141673e-01 2.404037e-01 5.234388e-01 6.661745e-01 4.739559e-01 8.547217e-01 1.152287e-01 9.166492e-01 7.056714e-01 3.558004e-01 8.076459e-01 
100 1401  1.000000000000000000e+05 0 0 6.202272e-01 5.798728e-01 1.038530e-01 1.060998e+00 -1.765789e-02 9.521718e-01 4.838331e-01 3.641533e-01 3.645544e-01 5.482398e-01 5.340016e-01 4.891203e-01 1.763563e-01 1.019526e+00 5.162259e-01 -1.469914e-02 4.640020e-01 5.796945e-01 5.916056e-01 8.060126e-01 4.589847e-01 7.495729e-02 5.610882e-01 1.545179e-01 6.670770e-01 3.759753e-01 3.924351e-01 6.220627e-01 6.004863e-01 2.738862e-01 1.038907e+00 5.355338e-01 2.036950e-01 8.402312e-01 
101 1415  1.000000000000000000e+05 0 0 4.031590e-01 2.205009e-01 5.673761e-01 6.450957e-01 3.960328e-01 8.092921e-01 8.100982e-01 1.553567e-01 7.338504e-01 7.903228e-01 4.507264e-01 7.450113e-01 -2.502424e-01 8.212916e-01 7.154684e-01 2.969999e-01 5.769424e-01 8.986762e-01 7.233233e-01 8.841998e-01 4.164667e-01 -4.535559e-02 3.433472e-01 1.343082e-01 6.626888e-01 3.201086e-01 6.875187e-01 7.607357e-01 9.655875e-01 5.147966e-02 4.949955e-01 3.493533e-01 3.669640e-01 6.963079e-01 
102 1429  1.000000000000000000e+05 0 0 5.953987e-01 4.768911e-01 1.406687e-01 1.065566e+00 3.766429e-02 5.447059e-01 6.096283e-01 1.335657e-01 1.087938e+00 5.622922e-01 2.091335e-01 5.968489e-01 3.183057e-01 6.908519e-01 2.091152e-01 4.361403e-01 6.824775e-01 6.811422e-01 5.083860e-01 1.070286e+00 5.316877e-01 3.703000e-01 3.435322e-01 5.130405e-01 9.226776e-01 6.000051e-01 8.524490e-01 7.656432e-01 5.569020e-01 8.286738e-02 3.672837e-01 5.186098e-01 9.497631e-02 1.009691e+00 
103 1443  1.000000000000000000e+05 0 0 3.673180e-01 7.064207e-01 -1.342257e-03 4.330713e-01 1.194504e-01 6.387029e-01 6.536091e-01 4.551946e-02 1.040133e+00 1.710472e-01 8.478420e-01 6.853913e-01 1.975570e-01 9.848863e-01 6.456435e-01 3.076596e-01 1.088413e+00 2.666141e-01 6.667330e-01 5.071960e-01 5.576347e-01 7.873161e-01 4.752377e-01 2.205546e-01 6.861850e-01 1.648975e-01 5.883477e-01 1.008806e+00 8.943310e-01 4.158444e-01 2.673774e-01 3.510283e-01 5.028429e-01 1.291109e+00 
104 1457  1.000000000000000000e+05 0 0 9.050713e-01 1.961686e-01 1.601092e-01 9.622620e-01 2.667165e-01 9.308352e-01 7.302989e-01 1.254506e-01 6.598690e-01 4.301169e-01 8.014908e-01 7.254742e-01 2.412192e-01 6.785490e-01 6.839431e-01 2.984891e-01 7.318976e-01 3.966828e-01 2.951617e-01 6.984446e-01 2.652587e-01 1.536032e-01 -2.624257e-01 4.312681e-01 4.616693e-01 -4.634044e-02 3.084080e-01 7.016750e-01 9.451555e-01 3.725614e-01 3.344963e-01 9.673318e-02 2.872415e-01 6.817339e-01 
105 1471  1.000000000000000000e+05 0 0 6.480827e-01 3.111703e-01 8.809051e-01 1.042516e+00 2.865580e-01 7.661349e-01 4.625691e-01 1.819556e-01 7.185147e-01 7.723669e-01 7.478832e-01 8.841106e-01 3.336090e-01 6.138247e-01 1.052351e+00 3.090439e-02 8.753821e-01 4.651435e-01 3.382960e-02 7.931618e-01 5.668065e-01 4.704770e-01 6.116511e-01 8.879979e-01 7.148422e-01 2.971429e-01 3.763270e-01 4.963789e-01 8.182857e-01 1.291961e-01 6.620550e-01 5.516722e-01 2.979278e-01 7.705545e-01 
106 1485  1.000000000000000000e+05 0 0 6.406579e-01 5.209361e-01 1.080074e+00 6.544085e-01 1.595995e-01 1.093186e+00 8.482327e-01 4.606803e-01 1.059620e+00 7.980972e-01 3.194210e-01 5.757850e-01 4.359784e-01 7.955910e-01 8.792952e-01 6.058149e-02 6.340937e-01 3.951370e-01 5.058697e-01 5.215129e-01 6.121064e-01 6.692386e-01 6.824794e-01 4.520789e-01 5.933161e-01 6.148974e-01 4.692715e-01 6.805065e-01 7.437320e-01 7.638322e-01 5.046755e-01 4.348363e-01 3.722689e-01 1.022969e+00 
107 1499  1.000000000000000000e+05 0 0 7.125292e-01 1.913893e-01 4.678509e-01 1.012524e+00 4.459397e-01 8.700877e-01 5.436271e-01 3.565770e-01 8.240789e-01 1.020090e+00 4.466848e-01 5.424281e-01 4.199076e-01 8.981914e-01 8.462842e-01 -5.529191e-02 5.890595e-01 4.100537e-01 1.720476e-01 5.332083e-01 3.283738e-01 8.609652e-02 5.918878e-01 5.641299e-01 9.868777e-01 5.907184e-01 2.630535e-01 6.125257e-01 4.716636e-01 4.199500e-01 5.191609e-01 2.889159e-01 7.746212e-01 5.594800e-01 
108 1513  1.000000000000000000e+05 0 0 8.883794e-01 2.606760e-01 7.931534e-01 9.876812e-01 6.037945e-01 3.178504e-01 9.617474e-01 8.980708e-02 4.783782e-01 3.181714e-01 7.127379e-01 7.305954e-01 6.016366e-02 5.642890e-01 5.582568e-01 1.592986e-01 8.745616e-01 4.102134e-01 5.024178e-01 4.874856e-01 8.583706e-01 3.645356e-01 1.135615e-01 5.783842e-01 5.513468e-01 3.071127e-01 3.470970e-01 7.722871e-01 8.350984e-01 2.633685e-01 6.485484e-01 1.801858e-01 3.108846e-01 8.745160e-01 
109 1527  1.000000000000000000e+05 0 0 1.217350e+00 2.344501e-01 4.241126e-01 8.820350e-01 3.948676e-01 3.415478e-01 1.031226e+00 1.618573e-01 4.323410e-01 8.187950e-01 6.074299e-01 5.410397e-01 6.252815e-02 9.497176e-01 6.527168e-01 2.195266e-01 6.984225e-01 8.278077e-01 5.651035e-01 3.446819e-01 1.124572e+00 4.412481e-01 2.209169e-01 3.678199e-01 6.981149e-01 6.497673e-01 4.576481e-01 7.573124e-01 6.408954e-01 2.600009e-01 3.711015e-01 9.471460e-02 4.149535e-01 8.017694e-01 
110 1541  1.000000000000000000e+05 0 0 4.705623e-01 6.951185e-01 6.414043e-01 7.749415e-01 6.667155e-01 6.746771e-01 1.003345e+00 2.611267e-01 4.490618e-01 3.778214e-01 7.367464e-01 9.193916e-01 1.180482e-01 6.644701e-01 6.123842e-01 2.833747e-01 7.159712e-01 5.091337e-01 5.023862e-01 4.152627e-01 8.298551e-01 4.435693e-01 1.832082e-01 6.504232e-01 4.481996e-01 3.297751e-01 5.870930e-01 1.082480e+00 7.574592e-01 5.771958e-01 6.545796e-01 3.174050e-01 2.782477e-01 8.101360e-01 
111 1555  1.000000000000000000e+05 0 0 4.375065e-01 2.738095e-01 4.813604e-01 9.715477e-01 2.467490e-01 3.714121e-01 1.136560e+00 2.643211e-01 3.876927e-01 4.177094e-01 8.583266e-01 8.076281e-01 4.875136e-02 6.164942e-01 7.334963e-01 2.851271e-01 6.623702e-01 5.622142e-01 2.636535e-01 1.128370e-01 6.570597e-01 4.112493e-01 4.631653e-01 5.981878e-01 4.442792e-01 2.265276e-01 4.968593e-01 8.409131e-01 1.043597e+00 3.727520e-01 4.156077e-01 9.872337e-02 7.833061e-01 1.161832e+00 
112 1569  1.000000000000000000e+05 0 0 6.923727e-01 6.180906e-01 7.387420e-01 8.488282e-01 5.039335e-01 4.207430e-01 8.636412e-01 1.264021e-01 1.063924e+00 6.661155e-01 7.846484e-01 9.363836e-01 2.244352e-01 5.014437e-01 6.741513e-01 4.089684e-01 8.613854e-01 4.429847e-01 3.503122e-01 4.177341e-01 4.014087e-01 4.433491e-01 3.463347e-01 3.759392e-01 8.303365e-01 1.038496e-01 6.372477e-01 5.349462e-01 6.816039e-01 2.052486e-01 7.506733e-01 1.458497e-02 3.362376e-01 9.798688e-01 
113 1583  1.000000000000000000e+05 0 0 5.963680e-01 4.086109e-01 7.311290e-01 9.541551e-01 1.576633e-01 7.658150e-01 6.489893e-01 8.213783e-03 3.201821e-01 6.445736e-01 5.597946e-01 6.579230e-01 1.059849e-01 3.098791e-01 5.863887e-01 5.111966e-02 7.509053e-01 8.764519e-01 1.723952e-01 8.634536e-01 5.734615e-01 4.598991e-01 4.964322e-01 5.853635e-01 4.932535e-01 5.411235e-01 4.274374e-01 6.733796e-01 5.512364e-01 3.251980e-01 7.081410e-01 -1.206717e-01 4.781890e-01 7.151300e-01 
114 1597  1.000000000000000000e+05 0 0 3.383501e-01 3.370997e-01 3.681283e-01 6.688916e-01 1.718630e-01 8.027190e-01 4.718659e-01 2.965801e-01 6.605267e-01 5.982858e-01 6.531924e-01 7.709430e-01 3.554828e-02 4.170816e-01 5.313312e-01 2.097030e-01 7.929249e-01 7.110810e-01 2.504265e-01 7.890653e-01 3.540965e-01 1.535884e-01 4.167467e-01 3.426497e-01 4.724472e-01 2.365285e-01 4.626372e-01 4.551950e-01 5.725281e-01 2.894192e-01 5.131247e-01 -5.361164e-02 6.645810e-01 6.685716e-01 
115 1611  1.000000000000000000e+05 0 0 7.735216e-01 4.435776e-01 5.693132e-01 7.061504e-01 4.429451e-01 1.029719e+00 1.818253e-01 1.772566e-01 6.646590e-01 8.925433e-01 1.014633e+00 7.988575e-01 3.436087e-02 4.824779e-01 6.992737e-01 1.204359e-01 4.784212e-01 6.487853e-01 5.540275e-01 5.172893e-01 4.712816e-01 6.031085e-01 7.344787e-02 3.821406e-01 7.084440e-01 4.358499e-01 7.262044e-01 3.513021e-01 7.342463e-01 2.224893e-01 6.162187e-01 3.134453e-01 7.152695e-01 8.510521e-01 
116 1625  1.000000000000000000e+05 0 0 4.088181e-01 3.269722e-02 5.286921e-01 8.500482e-01 1.862081e-01 6.458418e-01 4.780049e-01 1.104888e-01 6.089937e-01 4.638828e-01 4.334513e-01 1.061066e-01 2.630483e-01 4.180101e-01 1.064998e+00 4.485121e-01 7.753213e-01 1.092293e+00 -8.395405e-02 4.714843e-01 4.651793e-01 2.898090e-02 4.956442e-01 2.409916e-01 4.433170e-01 4.679273e-01 8.547507e-01 6.143166e-01 6.120437e-01 9.195193e-01 7.519339e-01 3.134730e-01 4.478796e-01 7.767156e-01 
117 1639  1.000000000000000000e+05 0 0 6.253667e-01 2.585447e-01 4.295904e-01 7.663991e-01 3.145963e-01 7.770450e-01 5.716200e-01 2.096105e-02 6.980025e-01 8.298916e-01 8.784736e-01 6.423899e-01 5.432956e-01 7.732771e-01 6.429926e-01 1.994212e-01 9.983935e-01 7.550068e-01 -5.082006e-02 3.769867e-01 7.634314e-01 1.034103e+00 2.503497e-02 4.683997e-01 9.215584e-01 1.921885e-01 6.744887e-01 8.613153e-01 7.876992e-01 4.513335e-01 5.721580e-01 2.627445e-01 6.454882e-01 6.111735e-01 
118 1653  1.000000000000000000e+05 0 0 8.322649e-01 4.238235e-01 8.910707e-01 5.751984e-01 3.476614e-02 6.390176e-01 1.155968e+00 2.564805e-01 3.874798e-01 7.051082e-01 9.009335e-01 3.995431e-01 3.858696e-01 8.309514e-01 8.507981e-01 2.525239e-01 8.844600e-01 5.892849e-01 2.744902e-02 2.013343e-01 2.629612e-01 4.160293e-01 5.052771e-02 4.820134e-01 5.409166e-01 7.915872e-01 5.590885e-01 5.398771e-01 9.719219e-01 -5.441347e-03 3.384638e-01 -1.790358e-01 7.558218e-01 6.021612e-01 
119 1667  1.000000000000000000e+05 0 0 5.924756e-01 -9.137367e-02 6.976645e-01 7.220952e-01 3.097443e-01 7.699899e-01 6.392133e-01 3.418415e-01 6.296752e-01 2.628508e-01 8.887098e-01 5.275118e-01 4.730103e-01 2.579438e-01 7.973743e-01 7.249775e-01 6.276465e-01 4.758670e-01 -2.637623e-01 -9.788353e-02 7.867260e-01 6.478312e-01 7.583855e-03 5.010164e-01 5.654275e-01 -1.223456e-01 4.786338e-01 5.597554e-01 5.556742e-01 2.858521e-01 7.007462e-01 1.418746e-01 8.766430e-01 5.155998e-01 
120 1681  1.000000000000000000e+05 0 0 5.703594e-01 2.146328e-01 1.214462e+00 1.051015e+00 3.793662e-01 8.376436e-01 8.781583e-01 -5.635906e-02 6.395029e-01 5.642609e-01 8.133529e-01 7.103282e-01 8.855195e-01 9.261996e-01 7.616085e-01 -2.649418e-02 7.836118e-01 1.116833e+00 2.596244e-02 4.156344e-01 7.341552e-01 6.549032e-01 2.863070e-01 3.882230e-01 1.012918e+00 1.255311e-01 4.888187e-01 1.002140e+00 6.995608e-01 4.319710e-01 5.684822e-01 1.006215e-01 4.962298e-01 5.934607e-01 
121 1695  1.000000000000000000e+05 0 0 2.453505e-01 1.581632e-01 1.128983e+00 7.313477e-01 2.069178e-01 6.655946e-01 7.215344e-01 -1.698611e-01 8.222245e-01 2.760311e-01 6.938157e-01 1.376430e-01 6.909693e-01 1.011792e+00 1.180689e+00 -2.716238e-02 7.686808e-01 5.003588e-01 1.284950e-01 4.780342e-01 8.530276e-01 9.497266e-01 1.746635e-01 4.414891e-01 6.923504e-01 4.617395e-01 5.787593e-01 8.783618e-01 7.099640e-01 9.176473e-01 5.554002e-01 3.545204e-01 3.618937e-01 8.277591e-01 
122 1709  1.000000000000000000e+05 0 0 4.040593e-01 9.909862e-02 1.225386e+00 8.815682e-01 -1.873360e-02 2.836270e-01 1.005227e+00 1.011057e-01 8.641542e-01 4.120162e-01 7.487526e-01 4.642792e-01 3.122541e-01 8.999311e-01 8.056047e-01 3.039748e-01 4.293259e-01 5.875890e-01 -3.761698e-01 5.005710e-01 9.777905e-01 6.027894e-01 5.308811e-01 7.076919e-02 9.638343e-01 3.526113e-01 5.652685e-01 6.502141e-01 2.913381e-01 3.336070e-01 9.653610e-01 4.325762e-01 3.183204e-01 7.569056e-01 
123 1723  1.000000000000000000e+05 0 0 2.292370e-01 2.129704e-01 6.793369e-01 8.358044e-01 -9.239943e-02 5.390063e-01 7.780554e-01 8.956324e-02 9.915754e-01 3.867364e-01 8.410860e-01 6.177031e-01 2.389967e-01 1.116077e+00 9.130525e-01 4.062591e-01 8.148514e-01 3.398062e-01 8.091723e-02 3.337921e-01 9.906599e-01 8.391836e-01 -3.612301e-02 2.097367e-01 7.325359e-01 3.407831e-01 2.830484e-01 9.529248e-01 3.933101e-01 1.033115e+00 5.285064e-01 6.625871e-02 6.457900e-01 6.029054e-01 
124 1737  1.000000000000000000e+05 0 0 3.156315e-01 1.262774e-01 3.809192e-01 1.042535e+00 1.505535e-01 7.815583e-01 9.251570e-01 6.666221e-02 9.519605e-01 7.277898e-01 5.722808e-01 5.840050e-01 6.462299e-01 1.085891e+00 5.813578e-01 6.788785e-01 6.360757e-01 6.173274e-01 1.533708e-01 2.807334e-01 8.522422e-01 6.826267e-01 2.671103e-01 4.145224e-01 4.060888e-01 3.398505e-01 2.994371e-01 8.569461e-01 6.248590e-01 7.752282e-01 8.036283e-01 5.192913e-01 6.002868e-01 4.886168e-01 
125 1751  1.000000000000000000e+05 0 0 3.930887e-02 1.288963e-01 6.238911e-01 9.008995e-01 1.312157e-01 7.448954e-01 8.029359e-01 2.893900e-01 1.474246e+00 3.705827e-01 6.704173e-01 3.658816e-01 3.121391e-01 8.486831e-01 6.373609e-01 6.072024e-02 5.292087e-01 4.314684e-01 1.163009e-01 3.723016e-01 7.780946e-01 6.333601e-01 4.097049e-01 -9.135230e-02 3.532712e-01 4.898312e-01 4.771808e-01 7.428512e-01 1.066321e-01 9.852691e-01 7.019855e-01 6.700976e-01 5.459299e-01 3.866273e-01 
126 1765  1.000000000000000000e+05 0 0 3.053136e-01 -2.909107e-02 7.006984e-01 1.031736e+00 1.821268e-01 4.968662e-01 8.793534e-01 1.928980e-01 8.047388e-01 4.007135e-01 4.534188e-01 3.074529e-01 3.244175e-01 9.806436e-01 8.453450e-01 7.060702e-01 9.038096e-01 1.751629e-01 3.541544e-01 3.139682e-01 7.912000e-01 9.804386e-01 -4.492154e-02 1.923048e-01 -7.476622e-02 6.640969e-01 4.418603e-01 4.987029e-01 7.967952e-01 1.006335e+00 3.857541e-01 6.328723e-01 4.924929e-01 2.974559e-01 
127 1779  1.000000000000000000e+05 0 0 1.988303e-01 5.825534e-04 7.401395e-01 9.009778e-01 2.983012e-02 4.499827e-01 6.293378e-01 5.368859e-01 9.701987e-01 2.365127e-01 4.029481e-01 2.898390e-01 5.062019e-01 6.901667e-01 8.336211e-01 5.558745e-01 8.053332e-01 7.792885e-01 5.334343e-01 5.128992e-02 7.194930e-01 9.168782e-01 3.290192e-02 2.760538e-01 1.203090e-01 3.025134e-01 6.986895e-01 5.668665e-01 1.897151e-01 1.180352e+00 7.920105e-01 1.545844e-01 4.816672e-01 1.942952e-01 
128 1793  1.000000000000000000e+05 0 0 4.284426e-01 -6.193994e-02 5.869061e-01 7.667379e-01 -1.121725e-01 3.064620e-01 5.618240e-01 4.652978e-01 6.345535e-01 3.954473e-01 1.067504e+00 7.470586e-02 4.581030e-01 8.260531e-01 1.069427e+00 3.350408e-01 4.323405e-01 4.336366e-01 6.686139e-01 2.997027e-01 5.921220e-01 8.858122e-01 3.441575e-02 1.289880e-01 -7.039632e-03 7.011351e-01 3.126408e-01 8.034669e-01 3.622714e-01 9.202185e-01 4.107759e-01 3.709069e-01 3.088546e-01 7.563142e-01 
129 1807  1.000000000000000000e+05 0 0 3.065899e-01 1.001051e-01 6.145355e-01 8.496809e-01 1.122474e-01 4.931486e-01 1.099655e+00 2.689621e-01 1.004025e+00 3.835522e-01 6.600361e-01 1.991763e-01 6.216996e-01 6.389111e-01 8.845208e-01 5.445101e-01 5.968758e-01 4.960708e-01 8.426128e-01 4.476200e-01 8.334234e-01 7.752505e-01 1.478288e-01 3.085755e-01 4.265976e-01 3.875283e-01 6.693275e-01 7.783029e-01 7.987711e-02 8.877802e-01 3.861490e-01 2.452455e-01 1.647943e-01 5.994689e-01 
130 1821  1.000000000000000000e+05 0 0 1.261388e-01 3.128872e-01 5.650528e-01 7.449683e-01 -1.499493e-02 5.628728e-01 9.044450e-01 4.331913e-01 8.086873e-01 5.839464e-02 4.901681e-01 1.303174e-01 3.916270e-02 5.118376e-01 9.853038e-01 5.220185e-01 7.116607e-01 6.402678e-01 8.785911e-01 4.317291e-01 6.043132e-01 7.297717e-01 1.897652e-01 3.921675e-01 1.160250e-01 3.161484e-01 5.305679e-01 5.331477e-01 3.491178e-01 8.334194e-01 3.874919e-01 4.878845e-01 1.354087e-01 4.929343e-01 
131 1835  1.000000000000000000e+05 0 0 1.783681e-01 2.922062e-01 6.422473e-01 1.021555e+00 6.468957e-02 3.458694e-01 6.973333e-01 3.775370e-01 8.918335e-01 1.760927e-01 4.611391e-01 3.799778e-03 1.878781e-01 2.624069e-01 1.116679e+00 6.626320e-01 8.240499e-01 4.777064e-01 7.236566e-01 2.280132e-01 8.253146e-01 7.244094e-01 3.362935e-01 3.321232e-01 2.855526e-01 4.075998e-01 9.360862e-01 4.344473e-01 2.407343e-01 8.737939e-01 3.337980e-01 5.498453e-01 9.345032e-02 3.971961e-01 
132 1849  1.000000000000000000e+05 0 0 5.665854e-01 7.041608e-02 7.646144e-01 8.437997e-01 4.303000e-01 5.007310e-01 8.113307e-01 2.090890e-01 8.268540e-01 5.887324e-01 6.644087e-01 -1.369802e-02 6.182888e-01 5.998791e-01 1.013977e+00 5.522281e-01 3.637228e-01 4.540562e-01 7.500684e-01 4.931082e-01 4.511065e-01 6.460993e-01 1.248324e-02 1.695458e-01 3.115596e-01 2.225845e-01 7.612144e-01 4.661125e-01 3.338962e-01 4.636504e-01 5.833872e-01 4.749272e-01 3.655064e-01 6.898230e-01 
133 1863  1.000000000000000000e+05 0 0 5.342250e-01 4.446018e-01 5.532376e-01 9.504217e-01 3.176290e-01 5.563656e-01 5.441016e-01 2.376198e-01 8.741557e-01 5.405192e-01 5.564451e-01 1.005918e-01 5.527321e-01 7.077908e-01 1.135011e+00 8.953373e-01 4.126627e-01 3.369029e-01 8.866483e-01 4.920566e-01 3.509201e-01 4.887735e-01 4.144115e-01 2.527254e-01 4.100906e-01 2.348387e-01 6.965208e-01 4.182372e-01 1.783276e-01 5.192940e-01 3.447796e-01 6.308913e-01 3.311627e-01 3.861707e-01 
134 1877  1.000000000000000000e+05 0 0 4.719148e-01 4.787481e-01 6.607883e-01 7.773138e-01 2.710902e-01 4.639378e-01 2.188682e-01 6.993266e-02 7.170859e-01 6.980853e-01 4.081695e-01 3.762055e-01 3.296335e-01 6.126748e-01 1.006564e+00 8.408515e-01 6.058886e-01 5.562825e-01 9.450455e-01 7.104624e-01 6.001419e-01 7.683183e-01 5.098141e-01 -2.684375e-01 4.805543e-01 1.306140e-01 7.058297e-01 9.752273e-01 3.050607e-01 9.328937e-01 5.528046e-01 5.504823e-01 2.915334e-01 4.870241e-01 
135 1891  1.000000000000000000e+05 0 0 5.463111e-01 4.667030e-01 6.721774e-01 4.830778e-01 4.750421e-01 4.525524e-01 6.581834e-01 2.630449e-01 8.673181e-01 4.130498e-01 9.046344e-01 3.216253e-01 2.885173e-01 7.329692e-01 1.010805e+00 6.719233e-01 7.747467e-01 7.227074e-02 1.132036e+00 4.438032e-01 3.171456e-01 5.736448e-01 4.634217e-01 2.685081e-01 1.547544e-01 4.036921e-01 8.660382e-01 6.055666e-01 4.846458e-01 4.396264e-01 6.319586e-01 -1.146329e-01 3.683197e-01 4.050377e-01 
136 1905  1.000000000000000000e+05 0 0 3.187750e-01 5.005855e-01 1.088605e+00 8.552949e-01 4.111032e-01 3.811417e-01 5.890101e-01 3.307526e-01 9.578489e-01 3.198610e-01 7.998014e-01 2.163085e-01 4.786421e-01 7.010103e-01 8.172363e-01 5.395564e-01 5.464111e-01 -7.451873e-02 8.437031e-01 2.454170e-01 3.086950e-01 5.101990e-01 1.648382e-01 5.347789e-01 3.037139e-01 3.784318e-01 8.401148e-01 7.166734e-01 5.309644e-01 8.025065e-01 5.429656e-01 5.478892e-01 1.988346e-01 4.003680e-01 
137 1919  1.000000000000000000e+05 0 0 4.106134e-01 7.241822e-01 6.536461e-01 7.416656e-01 -1.445564e-01 4.563901e-01 9.204446e-01 3.339925e-01 6.444684e-01 1.324974e-01 4.599222e-01 1.360870e-01 7.601319e-01 7.233654e-01 7.453146e-01 6.308523e-01 5.428771e-01 2.761969e-01 9.341440e-01 5.396922e-01 6.342577e-01 5.871081e-01 4.318912e-01 6.445113e-01 3.096454e-01 3.676589e-01 8.123887e-01 5.697875e-01 3.808523e-01 2.462851e-01 9.404021e-01 2.630096e-01 2.405156e-01 5.423087e-01 
138 1933  1.000000000000000000e+05 0 0 3.048815e-01 2.647465e-01 8.003133e-01 1.034601e+00 8.472361e-02 5.464838e-01 8.935757e-01 4.384636e-02 7.564474e-01 2.562005e-01 4.599153e-01 2.839905e-01 3.699388e-01 5.194152e-01 5.577993e-01 4.663833e-01 5.166076e-01 6.604223e-01 8.657305e-01 4.726925e-01 7.558358e-01 5.978398e-01 5.221818e-01 3.405269e-01 2.682559e-01 2.383760e-01 5.599405e-01 4.114021e-01 2.867297e-01 4.767635e-01 9.504793e-01 1.744767e-01 3.181158e-01 8.067189e-01 
139 1947  1.000000000000000000e+05 0 0 8.094806e-01 7.305722e-01 9.618009e-01 6.478936e-01 2.012975e-01 5.987415e-01 8.985803e-01 1.577600e-01 8.182682e-01 5.007530e-01 6.329701e-01 2.923051e-01 3.413638e-01 8.891193e-01 5.078955e-01 5.818430e-01 2.870071e-01 4.918059e-01 9.662181e-01 -1.812724e-02 6.349606e-01 6.551539e-01 1.033726e+00 7.648511e-01 2.720325e-01 3.489488e-01 5.824552e-01 6.529348e-01 6.937188e-01 7.619360e-01 7.121408e-01 1.458628e-01 8.057509e-01 3.877252e-01 
140 1961  1.000000000000000000e+05 0 0 4.992290e-01 5.441222e-01 8.014064e-01 7.009136e-01 2.397127e-01 3.748320e-01 1.086573e+00 3.139929e-02 7.589820e-01 3.576184e-01 1.040221e-01 3.346317e-01 4.415922e-01 8.634405e-01 6.976547e-01 9.567206e-01 5.612730e-01 4.484270e-01 8.796051e-01 3.164229e-01 6.233944e-01 5.513790e-01 7.202943e-01 2.905876e-01 1.909291e-02 2.004119e-01 6.376175e-01 8.593395e-01 6.177129e-01 7.251596e-01 6.869831e-01 2.397659e-01 4.728294e-01 4.064249e-01 
141 1975  1.000000000000000000e+05 0 0 3.234783e-01 8.165979e-01 5.666174e-01 6.264652e-01 2.847807e-01 3.100064e-01 9.038003e-01 2.846525e-01 8.554875e-01 4.250226e-02 1.585361e-01 2.670189e-01 7.644471e-01 7.698248e-01 6.462290e-01 7.490239e-01 3.440013e-01 6.554113e-01 8.600995e-01 7.856145e-01 4.751709e-01 4.262580e-02 9.386468e-01 5.410634e-01 3.712887e-01 2.519245e-01 2.808393e-01 7.617666e-01 4.680063e-01 7.131649e-01 7.968069e-01 -1.255233e-01 5.269851e-01 4.628869e-01 
142 1989  1.000000000000000000e+05 0 0 4.876901e-01 4.161467e-01 9.382475e-01 6.849291e-01 1.792019e-01 6.530970e-01 8.823806e-01 1.227630e-01 4.230109e-01 -3.271170e-02 1.572649e-01 1.991849e-01 1.628831e-01 8.679462e-01 4.154724e-01 6.782249e-01 7.540746e-01 4.126876e-01 7.342112e-01 4.471228e-01 5.542680e-01 9.421467e-02 9.787142e-01 6.602629e-01 1.230948e-02 1.533086e-01 4.669881e-01 7.898497e-01 6.897087e-01 1.117613e+00 4.267370e-01 -2.385832e-01 7.067060e-01 2.781915e-01 
143 2003  1.000000000000000000e+05 0 0 4.385614e-01 4.229648e-01 9.818782e-01 5.246194e-01 9.084987e-02 6.941345e-01 9.052543e-01 4.588542e-01 6.170899e-01 4.870011e-02 -2.748499e-02 2.179648e-01 4.935430e-01 4.192079e-01 3.908271e-01 4.883217e-01 3.282930e-01 6.348088e-01 8.858380e-01 6.234811e-01 5.913542e-01 5.934349e-02 1.121773e+00 6.466935e-01 2.690161e-01 -4.918285e-02 2.185625e-01 1.092715e+00 7.839129e-01 5.772503e-01 4.859229e-01 -2.271098e-01 4.637753e-01 3.781766e-01 
144 2017  1.000000000000000000e+05 0 0 5.254561e-01 5.194341e-01 7.638870e-01 6.504713e-01 1.464072e-01 4.763759e-01 5.782630e-01 5.939026e-01 6.350970e-01 1.597248e-01 7.057934e-02 2.221323e-01 2.838544e-01 4.685317e-01 5.422634e-01 5.449322e-01 3.616237e-01 1.280284e-01 7.791243e-01 1.032858e+00 4.249536e-01 3.106764e-01 6.491910e-01 6.139506e-01 2.902902e-01 3.477049e-01 1.809652e-01 7.255091e-01 5.318423e-01 4.001391e-01 9.360859e-01 4.047623e-02 3.178778e-02 5.210138e-01 
145 2031  1.000000000000000000e+05 0 0 4.280955e-01 5.113368e-01 6.454937e-01 1.034917e+00 3.467094e-02 6.955315e-01 6.225950e-01 4.095617e-01 4.947561e-01 4.101320e-01 2.625156e-01 4.787522e-01 1.641028e-01 8.076316e-01 5.915054e-01 6.084592e-01 3.918472e-01 3.081058e-01 9.414929e-01 7.778891e-01 2.766441e-01 4.102032e-01 3.311140e-01 3.582525e-01 8.288124e-02 3.419292e-01 3.602729e-01 8.560973e-01 1.001151e+00 5.337818e-01 1.001740e+00 1.330896e-01 2.308754e-01 5.555116e-01 
146 2045  1.000000000000000000e+05 0 0 4.524677e-01 2.375112e-01 8.012591e-01 1.121732e+00 -1.927710e-01 6.372125e-01 6.653701e-01 5.134027e-01 5.855655e-01 4.892090e-01 2.531998e-01 5.529293e-01 2.120079e-01 7.973790e-01 4.228499e-01 7.100319e-01 6.978602e-01 1.615908e-01 7.474470e-01 7.669806e-01 4.524635e-01 6.353796e-01 5.225974e-01 5.530281e-02 1.706825e-01 2.962408e-01 6.237249e-01 1.166162e+00 7.719468e-01 7.523452e-01 7.193244e-01 -7.977301e-03 2.041079e-01 4.138885e-01 
147 2059  1.000000000000000000e+05 0 0 6.137392e-01 9.324479e-01 4.057279e-01 6.975527e-01 2.302392e-01 8.532110e-01 5.535268e-01 2.801411e-01 4.259518e-01 9.505276e-02 9.983929e-02 4.561192e-01 1.347662e-01 6.844364e-01 5.564954e-01 8.913516e-01 4.160499e-01 9.207096e-02 1.124357e+00 8.154228e-01 3.225784e-01 4.494432e-01 5.875671e-01 5.151605e-01 1.862008e-01 3.869415e-01 3.132288e-01 9.130969e-01 6.951533e-01 3.242275e-01 7.581863e-01 5.432855e-02 3.787964e-01 4.013394e-01 
148 2073  1.000000000000000000e+05 0 0 4.364564e-01 6.435825e-01 9.394748e-01 7.543477e-01 1.206164e-01 6.554452e-01 4.800306e-01 4.805212e-01 2.856813e-01 6.609268e-01 2.920382e-01 5.746373e-01 4.110333e-01 4.364595e-01 8.350873e-01 5.386793e-01 4.331254e-01 1.617498e-01 8.252131e-01 5.372644e-01 3.883135e-01 4.387278e-01 7.724160e-01 6.252687e-01 3.167246e-01 4.836595e-01 5.869821e-01 8.814826e-01 9.050809e-01 3.852943e-01 8.060979e-01 1.365589e-01 5.555472e-01 5.405300e-01 
149 2087  1.000000000000000000e+05 0 0 2.028636e-01 6.787377e-01 8.456622e-01 6.890921e-01 4.038873e-02 7.989648e-01 6.226031e-01 1.738933e-01 2.698155e-01 4.317512e-01 2.841622e-01 3.586354e-01 5.054380e-01 1.922769e-01 5.022931e-01 3.684217e-01 4.755224e-01 2.653767e-01 9.751647e-01 6.657544e-01 1.889202e-01 2.844359e-01 7.558231e-01 4.735674e-01 3.066347e-01 5.875978e-01 4.970718e-01 9.233561e-01 8.853106e-01 7.515254e-01 7.487273e-01 9.467832e-02 6.702053e-01 3.927380e-01 
150 2101  1.000000000000000000e+05 0 0 2.401960e-01 6.659295e-01 6.568173e-01 4.931876e-01 8.481974e-02 7.169385e-01 7.138026e-01 1.404679e-01 9.945240e-02 3.388687e-01 2.426211e-01 3.751553e-01 5.463857e-01 5.599243e-01 4.371867e-01 7.301234e-01 1.803473e-01 2.052112e-01 9.919093e-01 8.853849e-01 1.640525e-01 1.424069e-01 8.102293e-01 3.993627e-01 1.569920e-01 6.312026e-01 4.834294e-01 6.864706e-01 8.323710e-01 4.557210e-01 9.185185e-01 5.472941e-01 7.551301e-01 2.390450e-01 
151 2115  1.000000000000000000e+05 0 0 3.800168e-01 4.127374e-01 5.979670e-01 6.199687e-01 1.232991e-01 8.292575e-01 6.626085e-01 1.183848e-01 3.031429e-01 4.966336e-01 2.506759e-01 4.030835e-02 4.222652e-01 4.905355e-01 4.647695e-01 7.266797e-01 2.630971e-01 3.253375e-01 6.369570e-01 8.065859e-01 -2.770915e-02 3.812472e-01 4.203681e-01 4.639334e-01 8.659425e-02 8.365577e-01 7.015576e-01 7.863803e-01 6.947971e-01 3.093528e-01 1.007405e+00 3.951115e-01 8.318749e-01 2.736257e-01 
152 2129  1.000000000000000000e+05 0 0 5.436730e-01 3.892872e-01 6.678195e-01 6.337417e-01 4.222761e-01 8.014966e-01 5.201871e-01 4.584795e-01 2.355868e-01 3.124340e-01 2.509398e-01 3.722446e-01 6.524456e-01 7.548241e-01 6.010386e-01 1.048333e+00 1.502817e-01 4.908966e-01 8.141935e-01 5.924674e-01 1.784504e-01 5.316102e-01 7.935868e-01 4.216144e-01 1.448889e-01 7.762381e-01 6.517850e-01 9.869534e-01 8.355004e-01 3.001938e-01 9.181622e-01 3.560262e-01 7.769625e-01 2.870617e-01 
153 2143  1.000000000000000000e+05 0 0 5.087333e-01 6.478557e-01 8.739058e-01 5.505987e-01 1.784111e-01 5.668991e-01 6.416415e-01 4.862703e-01 2.776131e-01 -1.209276e-01 2.348571e-01 5.646825e-01 2.903638e-01 7.197268e-01 5.784381e-01 6.475642e-01 2.180075e-01 4.747447e-01 7.446295e-01 7.925580e-01 1.561607e-01 1.952759e-01 6.570567e-01 6.316332e-01 1.271767e-01 4.396097e-01 5.078966e-01 5.771490e-01 7.779952e-01 2.666589e-01 5.414118e-01 4.765814e-01 8.665360e-01 3.082617e-01 
154 2157  1.000000000000000000e+05 0 0 7.703026e-01 3.380638e-01 8.601286e-01 4.015852e-01 3.528260e-01 8.058537e-01 4.969855e-01 -8.399439e-02 2.993678e-01 4.906298e-01 1.163317e-01 3.104949e-01 4.708665e-01 6.158537e-01 7.323837e-01 9.568243e-01 -5.408016e-03 3.727504e-01 6.819080e-01 8.449587e-01 3.624888e-01 2.162312e-01 6.626412e-01 4.946192e-01 -4.391548e-02 7.862495e-01 2.334090e-01 5.961645e-01 9.149614e-01 1.912651e-01 1.075075e+00 4.881731e-01 7.347219e-01 1.118058e-01 
155 2171  1.000000000000000000e+05 0 0 5.964794e-01 3.659710e-01 8.376404e-01 1.100992e+00 6.123830e-01 1.071005e+00 4.476197e-01 2.609693e-01 3.012136e-01 3.851522e-01 4.510043e-02 5.666542e-01 2.615095e-01 4.999900e-01 2.911627e-01 8.166731e-01 5.172002e-02 2.937681e-01 7.144534e-01 2.140675e-01 4.527963e-01 8.070477e-02 3.791124e-01 3.407380e-01 1.591586e-01 7.102965e-01 5.763248e-01 8.377617e-01 1.206922e+00 5.845752e-01 6.327123e-01 6.239554e-01 8.819590e-01 4.641293e-01 
156 2185  1.000000000000000000e+05 0 0 4.336994e-01 5.842897e-01 9.308833e-01 6.172303e-01 -1.913008e-02 9.132925e-01 6.959330e-01 5.417101e-01 5.150773e-01 3.245622e-01 -7.064751e-02 3.493917e-01 3.327940e-01 6.199908e-01 3.298417e-01 7.353317e-01 3.202108e-01 1.208608e-01 5.491094e-01 1.225873e+00 2.521017e-01 5.090538e-01 4.784238e-01 4.848235e-01 5.173739e-01 6.816352e-01 7.063111e-01 5.197000e-01 8.697617e-01 4.784133e-01 7.620602e-01 4.248670e-01 7.734187e-01 1.626664e-01 
157 2199  1.000000000000000000e+05 0 0 4.736963e-01 6.107141e-01 7.856915e-01 3.704425e-01 1.407580e-01 6.817356e-01 5.212025e-01 6.729063e-02 3.977391e-01 1.241157e-01 1.146197e-01 4.247437e-01 7.821373e-02 4.091913e-01 7.260881e-01 5.159318e-01 2.640479e-01 4.464450e-01 3.036754e-01 5.833081e-01 3.496904e-01 2.636402e-01 3.745016e-01 3.760866e-01 2.690391e-01 6.272347e-01 7.071559e-01 2.985968e-01 4.771329e-01 8.610958e-01 6.991001e-01 4.798654e-01 9.574609e-01 3.112115e-01 
158 2213  1.000000000000000000e+05 0 0 4.072487e-01 6.061914e-01 7.402013e-01 2.709175e-01 -8.124307e-02 6.862694e-01 5.237609e-01 1.935337e-01 7.131961e-01 2.963086e-01 3.783431e-01 6.357261e-01 7.575764e-02 1.036924e+00 6.046291e-01 7.164436e-01 7.181221e-01 6.486319e-01 4.958112e-01 7.709766e-01 5.251722e-01 2.579464e-01 5.693171e-01 2.003342e-01 -2.571852e-01 7.735626e-01 7.992653e-01 3.951242e-01 3.501879e-01 2.779160e-01 8.254468e-01 1.891106e-01 7.325046e-01 2.342782e-01 
159 2227  1.000000000000000000e+05 0 0 4.866385e-01 7.712830e-01 8.123921e-01 5.313222e-01 9.446915e-02 8.688932e-01 1.318325e+00 -1.057467e-01 7.198919e-01 -1.276317e-01 -5.801618e-02 6.502932e-01 4.621957e-01 2.212942e-01 1.944682e-01 6.486047e-01 5.466231e-01 1.728134e-01 7.228879e-01 7.746653e-01 5.557996e-01 3.943317e-01 9.219359e-01 2.821343e-01 3.787050e-01 4.662880e-01 1.128686e-01 3.069469e-01 1.891220e-01 8.881235e-01 1.294446e+00 4.793430e-01 7.397104e-01 3.896124e-01 
160 2241  1.000000000000000000e+05 0 0 7.918805e-01 1.285267e+00 6.815882e-01 5.797782e-01 1.113439e-02 6.869611e-01 6.672087e-01 3.688731e-02 8.135972e-01 1.892290e-01 3.532533e-01 5.170945e-01 -4.413776e-02 4.225628e-01 7.856207e-01 3.655199e-01 3.877851e-01 7.435090e-01 4.067708e-01 3.872865e-01 2.773039e-01 -1.507510e-01 7.995599e-01 4.748035e-01 -3.189040e-02 2.817786e-01 7.390360e-01 2.774383e-01 3.076496e-01 4.435978e-01 7.645566e-01 5.440843e-01 3.265665e-01 2.670846e-01 
161 2255  1.000000000000000000e+05 0 0 7.108861e-01 9.907715e-01 4.672330e-01 4.511191e-01 2.143682e-01 6.969883e-01 5.901884e-01 1.756324e-02 6.840197e-01 2.208059e-01 8.595508e-02 7.174690e-01 2.298374e-01 5.181126e-01 8.356014e-01 8.390582e-01 2.207762e-01 8.816542e-01 1.983780e-01 6.768093e-01 3.145731e-01 1.942118e-01 3.436486e-01 2.943514e-01 2.481816e-01 7.520099e-01 2.577876e-01 9.377124e-01 3.023798e-01 6.641547e-01 8.014623e-01 6.119929e-01 5.831884e-01 3.822980e-01 
162 2269  1.000000000000000000e+05 0 0 6.687800e-01 4.289030e-01 4.178337e-01 4.260428e-01 2.043195e-01 5.421970e-01 7.179927e-01 2.943763e-01 7.001100e-01 4.925220e-01 3.084798e-01 5.564293e-01 3.863693e-01 2.049343e-01 9.937042e-01 7.507946e-01 5.777372e-01 6.983749e-01 4.707890e-01 8.104492e-01 2.764213e-01 4.277836e-01 8.444450e-01 5.948899e-01 -3.056799e-02 4.900451e-01 6.669690e-01 5.734697e-01 3.854062e-01 7.661937e-01 1.124555e+00 9.676125e-02 4.228236e-01 2.021045e-01 
163 2283  1.000000000000000000e+05 0 0 8.255361e-01 6.514984e-01 4.637541e-01 7.770420e-01 -1.244830e-01 8.046494e-01 6.933623e-01 -2.949049e-02 6.000718e-01 -1.854322e-01 2.119896e-01 7.016626e-01 3.067317e-01 1.577416e-01 4.439663e-01 7.112706e-01 4.401465e-01 7.515054e-01 2.122102e-01 3.384844e-01 2.296174e-01 4.212745e-01 6.217049e-01 3.879759e-01 -2.831069e-02 4.166914e-01 3.840207e-01 5.102226e-01 5.180898e-01 1.031046e+00 1.065110e+00 2.763592e-01 7.689262e-01 2.249838e-01 
164 2297  1.000000000000000000e+05 0 0 9.457110e-01 6.903588e-01 -7.986467e-02 3.742014e-01 4.149330e-01 6.943354e-01 7.845167e-01 3.854011e-01 4.752060e-01 -2.263377e-01 -1.029762e-01 7.057014e-01 8.624333e-01 4.289421e-01 3.958495e-01 7.347224e-01 -8.440127e-02 5.989668e-01 2.730453e-01 4.519362e-01 5.153542e-01 6.892802e-01 2.751676e-01 2.224396e-01 4.684353e-01 5.928388e-01 7.517264e-01 6.661436e-01 5.985199e-01 9.821347e-01 8.243862e-01 1.206936e+00 3.877663e-01 4.693357e-01 
165 2311  1.000000000000000000e+05 0 0 5.045625e-01 4.288224e-01 8.002366e-01 7.534225e-01 2.993956e-01 6.576423e-01 9.972458e-01 2.229573e-01 5.427833e-01 4.576984e-02 3.978873e-01 1.171454e-01 5.335228e-01 6.941672e-01 3.826246e-01 9.461048e-01 4.633255e-01 4.959136e-01 4.509010e-01 -8.977860e-02 2.440658e-01 7.292159e-02 3.679279e-01 2.214753e-01 4.028333e-01 8.797837e-01 4.949175e-01 8.435482e-01 9.961901e-01 2.438361e-01 7.318658e-01 9.579997e-01 5.280549e-01 6.276320e-01 
166 2325  1.000000000000000000e+05 0 0 9.395779e-01 5.527178e-01 9.812768e-01 7.856539e-01 5.231822e-01 7.250144e-01 9.955736e-01 -1.795304e-01 7.845240e-01 -5.373681e-04 -3.063450e-03 -1.381188e-03 4.092070e-01 5.258380e-01 5.066991e-01 4.785858e-01 2.573941e-01 6.094415e-01 6.037700e-01 1.228240e-01 3.681611e-01 -1.433403e-02 3.338539e-01 4.852214e-01 3.796754e-01 6.941923e-01 5.085789e-01 5.394001e-01 9.966542e-01 3.038076e-02 7.687549e-01 8.231365e-01 6.188574e-01 6.166237e-01 
167 2339  1.000000000000000000e+05 0 0 6.821247e-01 5.176870e-01 2.578732e-01 7.214918e-01 3.008344e-01 5.149823e-01 5.485437e-01 -4.034229e-02 7.555353e-01 2.108975e-01 4.886714e-01 6.042821e-01 1.249174e-01 8.570314e-01 7.318423e-01 8.134667e-01 2.001094e-01 7.942447e-01 3.432847e-01 1.179581e-01 5.779059e-02 3.453962e-02 4.028495e-01 3.891641e-01 1.869756e-01 5.235357e-01 4.088713e-01 4.050927e-01 5.403236e-01 6.244669e-01 3.655623e-01 7.660556e-01 5.102819e-01 8.430891e-01 
168 2353  1.000000000000000000e+05 0 0 6.087573e-01 3.877328e-01 8.460211e-01 7.525204e-01 3.674400e-01 6.525801e-01 7.187524e-01 2.517846e-01 6.186216e-01 5.704128e-02 1.056551e-01 5.345467e-01 1.588679e-01 8.229754e-01 5.749475e-01 6.681220e-01 1.958244e-01 7.856750e-01 4.096861e-01 5.915137e-01 3.654759e-01 3.917264e-01 6.561137e-01 5.771786e-01 2.797199e-01 6.590163e-01 9.114709e-02 8.451964e-02 4.625022e-01 3.933725e-01 7.012293e-01 6.244532e-01 8.263157e-01 8.602680e-01 
