%  columns="iteration, evaluation, sigma, axis ratio, bestever, best, median, worst fitness function value, further objective values of best" (startseed=208942, 2023/08/28 15:15:0.44)
1 15 2.826595e-01 1.037262e+00  1.000000000000000000e+05  1.000000000000000000e+05  5.050000000000000000e+12  1.000000000000000000e+18
2 29 2.716618e-01 1.043671e+00  1.000000000000000000e+05  1.000000000000000000e+05  1.000000000000000000e+05  1.000000000000000000e+18
3 43 2.598781e-01 1.050339e+00  1.000000000000000000e+05  1.000000000000000000e+05  1.000000000000000000e+05  1.000000000000000000e+11
4 57 2.490474e-01 1.056036e+00  1.000000000000000000e+05  1.000000000000000000e+05  1.000000000000000000e+05  1.000000000000000000e+05
5 71 2.404103e-01 1.064937e+00  1.000000000000000000e+05  1.000000000000000000e+05  1.000000000000000000e+05  1.000000000000000000e+05
6 85 2.267271e-01 1.071820e+00  1.000000000000000000e+05  1.000000000000000000e+05  1.000000000000000000e+05  1.000000000000000000e+13
7 99 2.147283e-01 1.073990e+00  1.000000000000000000e+05  1.000000000000000000e+05  1.000000000000000000e+05  1.000000000000000000e+11
8 113 2.086754e-01 1.077547e+00  1.000000000000000000e+05  1.000000000000000000e+05  1.000000000000000000e+05  1.000000000000000000e+11
9 127 1.962823e-01 1.080328e+00  1.000000000000000000e+05  1.000000000000000000e+05  1.000000000000000000e+05  1.000000000000000000e+05
10 141 1.875813e-01 1.085450e+00  1.000000000000000000e+05  1.000000000000000000e+05  1.000000000000000000e+05  1.000000000000000000e+05
11 155 1.829034e-01 1.088960e+00  1.000000000000000000e+05  1.000000000000000000e+05  1.000000000000000000e+05  1.000000000000000000e+18
12 169 1.755968e-01 1.090316e+00  1.000000000000000000e+05  1.000000000000000000e+05  1.000000000000000000e+05  1.000000000000000000e+05
13 183 1.662032e-01 1.092688e+00  1.000000000000000000e+05  1.000000000000000000e+05  1.000000000000000000e+05  1.000000000000000000e+05
14 197 1.583962e-01 1.093896e+00  1.000000000000000000e+05  1.000000000000000000e+05  1.000000000000000000e+05  1.000000000000000000e+05
15 211 1.502373e-01 1.094818e+00  1.000000000000000000e+05  1.000000000000000000e+05  1.000000000000000000e+05  1.000000000000000000e+11
16 225 1.452511e-01 1.095985e+00  1.000000000000000000e+05  1.000000000000000000e+05  1.000000000000000000e+05  1.000000000000000000e+11
17 239 1.398343e-01 1.098826e+00  1.000000000000000000e+05  1.000000000000000000e+05  1.000000000000000000e+05  1.000000000000000000e+13
18 253 1.899620e-01 1.101083e+00  1.000000000000000000e+05  1.000000000000000000e+05  1.000000000000000000e+05  1.000000000000000000e+05
19 267 1.839141e-01 1.106867e+00  1.000000000000000000e+05  1.000000000000000000e+05  1.000000000000000000e+05  1.000000000000000000e+16
20 281 1.778953e-01 1.114511e+00  1.000000000000000000e+05  1.000000000000000000e+05  1.000000000000000000e+05  1.000000000000000000e+18
21 295 1.711638e-01 1.123373e+00  1.000000000000000000e+05  1.000000000000000000e+05  1.000000000000000000e+05  1.000000000000000000e+13
22 309 1.647531e-01 1.127355e+00  1.000000000000000000e+05  1.000000000000000000e+05  1.000000000000000000e+05  1.000000000000000000e+18
23 323 1.580410e-01 1.131987e+00  1.000000000000000000e+05  1.000000000000000000e+05  1.000000000000000000e+05  1.000000000000000000e+11
24 337 1.547663e-01 1.134651e+00  1.000000000000000000e+05  1.000000000000000000e+05  1.000000000000000000e+05  1.000000000000000000e+13
25 351 1.517889e-01 1.138871e+00  1.000000000000000000e+05  1.000000000000000000e+05  1.000000000000000000e+05  1.000000000000000000e+11
26 365 1.515243e-01 1.139173e+00  1.000000000000000000e+05  1.000000000000000000e+05  1.000000000000000000e+05  1.000000000000000000e+11
27 379 2.079204e-01 1.140936e+00  1.000000000000000000e+05  1.000000000000000000e+05  1.000000000000000000e+05  1.000000000000000000e+05
28 393 2.052640e-01 1.146187e+00  1.000000000000000000e+05  1.000000000000000000e+05  1.000000000000000000e+05  1.000000000000000000e+11
29 407 2.034712e-01 1.152934e+00  1.000000000000000000e+05  1.000000000000000000e+05  1.000000000000000000e+05  1.000000000000000000e+11
30 421 2.002584e-01 1.158916e+00  1.000000000000000000e+05  1.000000000000000000e+05  1.000000000000000000e+05  1.000000000000000000e+05
31 435 1.972332e-01 1.167721e+00  1.000000000000000000e+05  1.000000000000000000e+05  1.000000000000000000e+05  1.000000000000000000e+15
32 449 1.927491e-01 1.177816e+00  1.000000000000000000e+05  1.000000000000000000e+05  1.000000000000000000e+05  1.000000000000000000e+05
33 463 1.852365e-01 1.186488e+00  1.000000000000000000e+05  1.000000000000000000e+05  1.000000000000000000e+05  1.000000000000000000e+05
34 477 1.780330e-01 1.192074e+00  1.000000000000000000e+05  1.000000000000000000e+05  1.000000000000000000e+05  1.000000000000000000e+05
35 491 1.737368e-01 1.192855e+00  1.000000000000000000e+05  1.000000000000000000e+05  1.000000000000000000e+05  1.000000000000000000e+11
36 505 1.698370e-01 1.192858e+00  1.000000000000000000e+05  1.000000000000000000e+05  1.000000000000000000e+05  1.000000000000000000e+11
37 519 1.654903e-01 1.195083e+00  1.000000000000000000e+05  1.000000000000000000e+05  1.000000000000000000e+05  1.000000000000000000e+05
38 533 1.634659e-01 1.196758e+00  1.000000000000000000e+05  1.000000000000000000e+05  1.000000000000000000e+05  1.000000000000000000e+05
39 547 1.628592e-01 1.197909e+00  1.000000000000000000e+05  1.000000000000000000e+05  1.000000000000000000e+05  1.000000000000000000e+05
40 561 1.589923e-01 1.198635e+00  1.000000000000000000e+05  1.000000000000000000e+05  1.000000000000000000e+05  1.000000000000000000e+11
41 575 1.528005e-01 1.198913e+00  1.000000000000000000e+05  1.000000000000000000e+05  1.000000000000000000e+05  1.000000000000000000e+05
42 589 2.049990e-01 1.198163e+00  1.000000000000000000e+05  1.000000000000000000e+05  1.000000000000000000e+05  1.000000000000000000e+11
43 603 1.957218e-01 1.201515e+00  1.000000000000000000e+05  1.000000000000000000e+05  1.000000000000000000e+05  1.000000000000000000e+11
44 617 1.895539e-01 1.200906e+00  1.000000000000000000e+05  1.000000000000000000e+05  1.000000000000000000e+05  1.000000000000000000e+05
45 631 1.829766e-01 1.200556e+00  1.000000000000000000e+05  1.000000000000000000e+05  1.000000000000000000e+05  1.000000000000000000e+05
46 645 1.747662e-01 1.202809e+00  1.000000000000000000e+05  1.000000000000000000e+05  1.000000000000000000e+05  1.000000000000000000e+05
47 659 2.335493e-01 1.204756e+00  1.000000000000000000e+05  1.000000000000000000e+05  1.000000000000000000e+05  1.000000000000000000e+05
48 673 2.234177e-01 1.206933e+00  1.000000000000000000e+05  1.000000000000000000e+05  1.000000000000000000e+05  1.000000000000000000e+11
49 687 2.140239e-01 1.209983e+00  1.000000000000000000e+05  1.000000000000000000e+05  1.000000000000000000e+05  1.000000000000000000e+13
50 701 2.075839e-01 1.212159e+00  6.434648053169338482e+02  6.434648053169338482e+02  1.000000000000000000e+05  1.000000000000000000e+13
51 715 2.007331e-01 1.219456e+00  6.434648053169338482e+02  1.000000000000000000e+05  1.000000000000000000e+05  1.000000000000000000e+11
52 729 1.959001e-01 1.220399e+00  6.434648053169338482e+02  1.000000000000000000e+05  1.000000000000000000e+05  1.000000000000000000e+05
53 743 1.910659e-01 1.220817e+00  6.434648053169338482e+02  1.000000000000000000e+05  1.000000000000000000e+05  1.000000000000000000e+05
54 757 1.887811e-01 1.221616e+00  6.434648053169338482e+02  1.000000000000000000e+05  1.000000000000000000e+05  1.000000000000000000e+05
55 771 1.866202e-01 1.222797e+00  6.434648053169338482e+02  1.000000000000000000e+05  1.000000000000000000e+05  1.000000000000000000e+05
56 785 1.813486e-01 1.223024e+00  6.434648053169338482e+02  1.000000000000000000e+05  1.000000000000000000e+05  1.000000000000000000e+05
57 799 1.766176e-01 1.229084e+00  6.434648053169338482e+02  1.000000000000000000e+05  1.000000000000000000e+05  1.000000000000000000e+05
58 813 1.713955e-01 1.237479e+00  6.434648053169338482e+02  1.000000000000000000e+05  1.000000000000000000e+05  1.000000000000000000e+05
59 827 1.664547e-01 1.237570e+00  6.434648053169338482e+02  1.000000000000000000e+05  1.000000000000000000e+05  1.000000000000000000e+05
60 841 1.626213e-01 1.238544e+00  6.434648053169338482e+02  1.000000000000000000e+05  1.000000000000000000e+05  1.000000000000000000e+05
61 855 1.587453e-01 1.241522e+00  6.434648053169338482e+02  1.000000000000000000e+05  1.000000000000000000e+05  1.000000000000000000e+05
62 869 1.571231e-01 1.243608e+00  6.434648053169338482e+02  1.000000000000000000e+05  1.000000000000000000e+05  1.000000000000000000e+11
63 883 1.521863e-01 1.247159e+00  6.434648053169338482e+02  1.000000000000000000e+05  1.000000000000000000e+05  1.000000000000000000e+11
64 897 1.494921e-01 1.249028e+00  6.434648053169338482e+02  1.000000000000000000e+05  1.000000000000000000e+05  1.000000000000000000e+05
65 911 1.493282e-01 1.248760e+00  6.434648053169338482e+02  1.000000000000000000e+05  1.000000000000000000e+05  1.000000000000000000e+11
66 925 1.478972e-01 1.251951e+00  6.434648053169338482e+02  1.000000000000000000e+05  1.000000000000000000e+05  1.000000000000000000e+05
67 939 1.459369e-01 1.254847e+00  6.434648053169338482e+02  1.000000000000000000e+05  1.000000000000000000e+05  1.000000000000000000e+05
68 953 1.997024e-01 1.256904e+00  6.434648053169338482e+02  1.000000000000000000e+05  1.000000000000000000e+05  1.000000000000000000e+05
69 967 1.940794e-01 1.259986e+00  6.434648053169338482e+02  1.000000000000000000e+05  1.000000000000000000e+05  1.000000000000000000e+05
70 981 1.887852e-01 1.265658e+00  6.434648053169338482e+02  1.000000000000000000e+05  1.000000000000000000e+05  1.000000000000000000e+05
71 995 1.842068e-01 1.265840e+00  6.434648053169338482e+02  1.000000000000000000e+05  1.000000000000000000e+05  1.000000000000000000e+11
72 1009 1.795014e-01 1.265489e+00  6.434648053169338482e+02  1.000000000000000000e+05  1.000000000000000000e+05  1.000000000000000000e+05
73 1023 1.735400e-01 1.264875e+00  6.434648053169338482e+02  1.000000000000000000e+05  1.000000000000000000e+05  1.000000000000000000e+05
74 1037 1.711141e-01 1.265202e+00  6.434648053169338482e+02  1.000000000000000000e+05  1.000000000000000000e+05  1.000000000000000000e+05
75 1051 1.654947e-01 1.266464e+00  6.434648053169338482e+02  1.000000000000000000e+05  1.000000000000000000e+05  1.000000000000000000e+15
76 1065 1.606211e-01 1.268354e+00  6.434648053169338482e+02  1.000000000000000000e+05  1.000000000000000000e+05  1.000000000000000000e+15
77 1079 2.181232e-01 1.269876e+00  6.434648053169338482e+02  1.000000000000000000e+05  1.000000000000000000e+05  1.000000000000000000e+18
78 1093 2.077464e-01 1.273558e+00  6.434648053169338482e+02  1.000000000000000000e+05  1.000000000000000000e+05  1.000000000000000000e+15
79 1107 2.004445e-01 1.273135e+00  6.434648053169338482e+02  1.000000000000000000e+05  1.000000000000000000e+05  1.000000000000000000e+15
80 1121 1.934268e-01 1.274072e+00  6.434648053169338482e+02  1.000000000000000000e+05  1.000000000000000000e+05  1.000000000000000000e+15
81 1135 1.826285e-01 1.276027e+00  6.434648053169338482e+02  1.000000000000000000e+05  1.000000000000000000e+05  1.000000000000000000e+15
82 1149 1.763395e-01 1.276270e+00  6.434648053169338482e+02  1.000000000000000000e+05  1.000000000000000000e+05  1.000000000000000000e+05
83 1163 1.718413e-01 1.280250e+00  6.434648053169338482e+02  1.000000000000000000e+05  1.000000000000000000e+05  1.000000000000000000e+05
84 1177 1.623794e-01 1.281252e+00  6.434648053169338482e+02  1.000000000000000000e+05  1.000000000000000000e+05  1.000000000000000000e+05
85 1191 1.547800e-01 1.283405e+00  6.434648053169338482e+02  1.000000000000000000e+05  1.000000000000000000e+05  1.000000000000000000e+15
86 1205 2.067033e-01 1.282689e+00  6.434648053169338482e+02  1.000000000000000000e+05  1.000000000000000000e+05  1.000000000000000000e+05
87 1219 1.989897e-01 1.283376e+00  6.434648053169338482e+02  1.000000000000000000e+05  1.000000000000000000e+05  1.000000000000000000e+11
88 1233 1.926138e-01 1.284407e+00  6.434648053169338482e+02  1.000000000000000000e+05  1.000000000000000000e+05  1.000000000000000000e+16
89 1247 1.879358e-01 1.286340e+00  6.434648053169338482e+02  1.000000000000000000e+05  1.000000000000000000e+05  1.000000000000000000e+05
90 1261 1.835992e-01 1.287282e+00  6.434648053169338482e+02  1.000000000000000000e+05  1.000000000000000000e+05  1.000000000000000000e+05
91 1275 1.774032e-01 1.285127e+00  6.434648053169338482e+02  1.000000000000000000e+05  1.000000000000000000e+05  1.000000000000000000e+05
92 1289 1.743341e-01 1.287989e+00  6.434648053169338482e+02  1.000000000000000000e+05  1.000000000000000000e+05  1.000000000000000000e+05
93 1303 1.744864e-01 1.291130e+00  6.434648053169338482e+02  1.000000000000000000e+05  1.000000000000000000e+05  1.000000000000000000e+11
94 1317 1.721820e-01 1.296706e+00  6.434648053169338482e+02  1.000000000000000000e+05  1.000000000000000000e+05  1.000000000000000000e+11
95 1331 1.691840e-01 1.298302e+00  6.434648053169338482e+02  1.000000000000000000e+05  1.000000000000000000e+05  1.000000000000000000e+15
96 1345 1.697509e-01 1.297992e+00  6.434648053169338482e+02  1.000000000000000000e+05  1.000000000000000000e+05  1.000000000000000000e+15
97 1359 1.667755e-01 1.301020e+00  6.434648053169338482e+02  1.000000000000000000e+05  1.000000000000000000e+05  1.000000000000000000e+11
98 1373 1.618133e-01 1.303302e+00  6.434648053169338482e+02  1.000000000000000000e+05  1.000000000000000000e+05  1.000000000000000000e+13
99 1387 1.581402e-01 1.305472e+00  6.434648053169338482e+02  1.000000000000000000e+05  1.000000000000000000e+05  1.000000000000000000e+05
100 1401 1.539786e-01 1.305525e+00  6.434648053169338482e+02  1.000000000000000000e+05  1.000000000000000000e+05  1.000000000000000000e+05
101 1415 1.490605e-01 1.307528e+00  6.434648053169338482e+02  1.000000000000000000e+05  1.000000000000000000e+05  1.000000000000000000e+13
102 1429 1.451782e-01 1.308987e+00  6.434648053169338482e+02  1.000000000000000000e+05  1.000000000000000000e+05  1.000000000000000000e+13
103 1443 1.396702e-01 1.310789e+00  6.434648053169338482e+02  1.000000000000000000e+05  1.000000000000000000e+05  1.000000000000000000e+13
104 1457 1.356548e-01 1.310847e+00  6.434648053169338482e+02  1.000000000000000000e+05  1.000000000000000000e+05  1.000000000000000000e+13
105 1471 1.299921e-01 1.313673e+00  6.434648053169338482e+02  1.000000000000000000e+05  1.000000000000000000e+05  1.000000000000000000e+11
106 1485 1.239940e-01 1.314861e+00  6.434648053169338482e+02  1.000000000000000000e+05  1.000000000000000000e+05  1.000000000000000000e+05
107 1499 1.177865e-01 1.319262e+00  6.434648053169338482e+02  1.000000000000000000e+05  1.000000000000000000e+05  1.000000000000000000e+05
108 1513 1.562414e-01 1.322666e+00  6.434648053169338482e+02  1.000000000000000000e+05  1.000000000000000000e+05  1.000000000000000000e+05
109 1527 1.513841e-01 1.322059e+00  6.434648053169338482e+02  1.000000000000000000e+05  1.000000000000000000e+05  1.000000000000000000e+13
110 1541 1.428789e-01 1.323271e+00  6.434648053169338482e+02  1.000000000000000000e+05  1.000000000000000000e+05  1.000000000000000000e+15
111 1555 1.356931e-01 1.320997e+00  6.434648053169338482e+02  1.000000000000000000e+05  1.000000000000000000e+05  1.000000000000000000e+13
112 1569 1.301424e-01 1.323730e+00  6.434648053169338482e+02  1.000000000000000000e+05  1.000000000000000000e+05  1.000000000000000000e+13
113 1583 1.270605e-01 1.321990e+00  6.434648053169338482e+02  1.000000000000000000e+05  1.000000000000000000e+05  1.000000000000000000e+15
114 1597 1.718402e-01 1.327464e+00  6.434648053169338482e+02  1.000000000000000000e+05  1.000000000000000000e+05  1.000000000000000000e+13
115 1611 1.668309e-01 1.327543e+00  6.434648053169338482e+02  1.000000000000000000e+05  1.000000000000000000e+05  1.000000000000000000e+13
116 1625 1.621216e-01 1.329146e+00  6.434648053169338482e+02  1.000000000000000000e+05  1.000000000000000000e+05  1.000000000000000000e+15
117 1639 1.596857e-01 1.332215e+00  6.434648053169338482e+02  1.000000000000000000e+05  1.000000000000000000e+05  1.000000000000000000e+15
118 1653 1.574547e-01 1.337620e+00  6.434648053169338482e+02  1.000000000000000000e+05  1.000000000000000000e+05  1.000000000000000000e+05
119 1667 2.174026e-01 1.341245e+00  6.434648053169338482e+02  1.000000000000000000e+05  1.000000000000000000e+05  1.000000000000000000e+18
120 1681 2.188314e-01 1.341382e+00  6.434648053169338482e+02  2.973158506467640564e+03  1.000000000000000000e+05  1.000000000000000000e+18
121 1695 2.167372e-01 1.345365e+00  6.434648053169338482e+02  2.504138853775730695e+03  1.000000000000000000e+05  1.000000000000000000e+17
122 1709 2.130015e-01 1.349925e+00  6.434648053169338482e+02  7.529600540472093826e+02  1.000000000000000000e+05  1.000000000000000000e+18
123 1723 2.108505e-01 1.358776e+00  6.434648053169338482e+02  1.082257377091725857e+03  1.000000000000000000e+05  1.000000000000000000e+18
124 1737 2.063104e-01 1.366911e+00  6.434648053169338482e+02  6.959806979058979550e+02  1.000000000000000000e+05  1.000000000000000000e+15
125 1751 2.024413e-01 1.370373e+00  6.434648053169338482e+02  1.000000000000000000e+05  1.000000000000000000e+05  1.000000000000000000e+18
126 1765 1.943509e-01 1.370961e+00  6.434648053169338482e+02  1.000000000000000000e+05  1.000000000000000000e+05  1.000000000000000000e+18
127 1779 1.841391e-01 1.373216e+00  6.434648053169338482e+02  1.000000000000000000e+05  1.000000000000000000e+05  1.000000000000000000e+05
128 1793 1.745538e-01 1.372199e+00  6.434648053169338482e+02  1.000000000000000000e+05  1.000000000000000000e+05  1.000000000000000000e+05
129 1807 1.675652e-01 1.372055e+00  6.434648053169338482e+02  1.000000000000000000e+05  1.000000000000000000e+05  1.000000000000000000e+05
130 1821 1.593457e-01 1.374004e+00  6.434648053169338482e+02  1.000000000000000000e+05  1.000000000000000000e+05  1.000000000000000000e+05
131 1835 1.531138e-01 1.375655e+00  6.434648053169338482e+02  1.000000000000000000e+05  1.000000000000000000e+05  1.000000000000000000e+13
132 1849 1.488787e-01 1.377847e+00  6.434648053169338482e+02  1.000000000000000000e+05  1.000000000000000000e+05  1.000000000000000000e+05
133 1863 1.451096e-01 1.387518e+00  6.434648053169338482e+02  1.000000000000000000e+05  1.000000000000000000e+05  1.000000000000000000e+05
134 1877 1.971725e-01 1.392487e+00  6.434648053169338482e+02  1.000000000000000000e+05  1.000000000000000000e+05  1.000000000000000000e+05
135 1891 1.956055e-01 1.397657e+00  6.434648053169338482e+02  1.000000000000000000e+05  1.000000000000000000e+05  1.000000000000000000e+18
136 1905 1.899357e-01 1.401941e+00  6.434648053169338482e+02  1.000000000000000000e+05  1.000000000000000000e+05  1.000000000000000000e+13
137 1919 1.843558e-01 1.407479e+00  6.434648053169338482e+02  1.000000000000000000e+05  1.000000000000000000e+05  1.000000000000000000e+05
138 1933 1.803951e-01 1.408150e+00  6.434648053169338482e+02  1.000000000000000000e+05  1.000000000000000000e+05  1.000000000000000000e+15
139 1947 1.774285e-01 1.405580e+00  6.434648053169338482e+02  1.000000000000000000e+05  1.000000000000000000e+05  1.000000000000000000e+13
140 1961 1.751978e-01 1.405992e+00  6.434648053169338482e+02  1.000000000000000000e+05  1.000000000000000000e+05  1.000000000000000000e+05
141 1975 1.725052e-01 1.405117e+00  6.434648053169338482e+02  1.000000000000000000e+05  1.000000000000000000e+05  1.000000000000000000e+15
142 1989 1.673562e-01 1.406239e+00  6.434648053169338482e+02  1.000000000000000000e+05  1.000000000000000000e+05  1.000000000000000000e+15
143 2003 1.637778e-01 1.404661e+00  6.434648053169338482e+02  1.000000000000000000e+05  1.000000000000000000e+05  1.000000000000000000e+15
144 2017 1.591540e-01 1.402810e+00  6.434648053169338482e+02  1.000000000000000000e+05  1.000000000000000000e+05  1.000000000000000000e+15
145 2031 1.537164e-01 1.400496e+00  6.434648053169338482e+02  1.000000000000000000e+05  1.000000000000000000e+05  1.000000000000000000e+15
146 2045 1.492011e-01 1.401361e+00  6.434648053169338482e+02  1.000000000000000000e+05  1.000000000000000000e+05  1.000000000000000000e+05
147 2059 1.465424e-01 1.405515e+00  6.434648053169338482e+02  1.000000000000000000e+05  1.000000000000000000e+05  1.000000000000000000e+11
148 2073 1.435300e-01 1.404081e+00  6.434648053169338482e+02  1.000000000000000000e+05  1.000000000000000000e+05  1.000000000000000000e+05
149 2087 1.380647e-01 1.404978e+00  6.434648053169338482e+02  1.000000000000000000e+05  1.000000000000000000e+05  1.000000000000000000e+05
150 2101 1.852604e-01 1.412529e+00  6.434648053169338482e+02  1.000000000000000000e+05  1.000000000000000000e+05  1.000000000000000000e+05
151 2115 1.811345e-01 1.416598e+00  6.434648053169338482e+02  1.000000000000000000e+05  1.000000000000000000e+05  1.000000000000000000e+15
152 2129 1.779930e-01 1.424771e+00  6.434648053169338482e+02  1.000000000000000000e+05  1.000000000000000000e+05  1.000000000000000000e+11
153 2143 1.749381e-01 1.427337e+00  6.434648053169338482e+02  1.000000000000000000e+05  1.000000000000000000e+05  1.000000000000000000e+05
154 2157 1.718130e-01 1.428586e+00  6.434648053169338482e+02  1.000000000000000000e+05  1.000000000000000000e+05  1.000000000000000000e+13
155 2171 1.670373e-01 1.433068e+00  6.434648053169338482e+02  1.000000000000000000e+05  1.000000000000000000e+05  1.000000000000000000e+05
156 2185 1.629290e-01 1.434528e+00  6.434648053169338482e+02  1.000000000000000000e+05  1.000000000000000000e+05  1.000000000000000000e+13
157 2199 1.584412e-01 1.436543e+00  6.434648053169338482e+02  1.000000000000000000e+05  1.000000000000000000e+05  1.000000000000000000e+05
158 2213 1.544090e-01 1.441681e+00  6.434648053169338482e+02  1.000000000000000000e+05  1.000000000000000000e+05  1.000000000000000000e+05
159 2227 2.072583e-01 1.446619e+00  6.434648053169338482e+02  1.000000000000000000e+05  1.000000000000000000e+05  1.000000000000000000e+05
160 2241 1.988947e-01 1.449597e+00  6.434648053169338482e+02  1.000000000000000000e+05  1.000000000000000000e+05  1.000000000000000000e+13
161 2255 1.918821e-01 1.453646e+00  6.434648053169338482e+02  1.000000000000000000e+05  1.000000000000000000e+05  1.000000000000000000e+05
162 2269 1.880830e-01 1.459502e+00  6.434648053169338482e+02  1.000000000000000000e+05  1.000000000000000000e+05  1.000000000000000000e+13
163 2283 1.838414e-01 1.463146e+00  6.434648053169338482e+02  1.000000000000000000e+05  1.000000000000000000e+05  1.000000000000000000e+05
164 2297 1.839682e-01 1.465364e+00  6.434648053169338482e+02  1.000000000000000000e+05  1.000000000000000000e+05  1.000000000000000000e+05
165 2311 1.808006e-01 1.469273e+00  6.434648053169338482e+02  1.000000000000000000e+05  1.000000000000000000e+05  1.000000000000000000e+05
166 2325 1.781474e-01 1.471209e+00  6.434648053169338482e+02  1.000000000000000000e+05  1.000000000000000000e+05  1.000000000000000000e+05
167 2339 1.785274e-01 1.479771e+00  6.434648053169338482e+02  1.000000000000000000e+05  1.000000000000000000e+05  1.000000000000000000e+05
168 2353 1.781581e-01 1.479474e+00  6.434648053169338482e+02  1.000000000000000000e+05  1.000000000000000000e+05  1.000000000000000000e+05
169 2367 2.375336e-01 1.490244e+00  6.434648053169338482e+02  1.000000000000000000e+05  1.000000000000000000e+05  1.000000000000000000e+18
170 2381 2.286054e-01 1.491484e+00  6.434648053169338482e+02  1.000000000000000000e+05  1.000000000000000000e+05  1.000000000000000000e+11
171 2395 2.185009e-01 1.493823e+00  6.434648053169338482e+02  1.000000000000000000e+05  1.000000000000000000e+05  1.000000000000000000e+18
172 2409 2.144236e-01 1.493409e+00  6.434648053169338482e+02  1.000000000000000000e+05  1.000000000000000000e+05  1.000000000000000000e+13
173 2423 2.100533e-01 1.497275e+00  6.434648053169338482e+02  1.000000000000000000e+05  1.000000000000000000e+05  1.000000000000000000e+18
174 2437 2.817351e-01 1.496016e+00  6.434648053169338482e+02  1.000000000000000000e+05  1.000000000000000000e+05  1.000000000000000000e+05
175 2451 2.673156e-01 1.493812e+00  6.434648053169338482e+02  1.000000000000000000e+05  1.000000000000000000e+05  1.000000000000000000e+18
176 2465 2.539900e-01 1.491718e+00  6.434648053169338482e+02  1.000000000000000000e+05  1.000000000000000000e+05  1.000000000000000000e+05
177 2479 2.411414e-01 1.493090e+00  3.735073905029134380e+02  3.735073905029134380e+02  1.000000000000000000e+05  1.000000000000000000e+05
178 2493 2.344659e-01 1.489887e+00  3.735073905029134380e+02  1.000000000000000000e+05  1.000000000000000000e+05  1.000000000000000000e+11
179 2507 2.275884e-01 1.491545e+00  3.735073905029134380e+02  1.000000000000000000e+05  1.000000000000000000e+05  1.000000000000000000e+05
180 2521 2.199552e-01 1.494980e+00  3.735073905029134380e+02  1.000000000000000000e+05  1.000000000000000000e+05  1.000000000000000000e+05
181 2535 2.132357e-01 1.493078e+00  3.735073905029134380e+02  1.000000000000000000e+05  1.000000000000000000e+05  1.000000000000000000e+05
182 2549 2.062793e-01 1.493830e+00  3.735073905029134380e+02  1.000000000000000000e+05  1.000000000000000000e+05  1.000000000000000000e+05
183 2563 1.981111e-01 1.490125e+00  3.735073905029134380e+02  1.000000000000000000e+05  1.000000000000000000e+05  1.000000000000000000e+11
184 2577 1.927228e-01 1.490561e+00  3.735073905029134380e+02  1.000000000000000000e+05  1.000000000000000000e+05  1.000000000000000000e+05
185 2591 1.861983e-01 1.495085e+00  3.735073905029134380e+02  1.000000000000000000e+05  1.000000000000000000e+05  1.000000000000000000e+16
186 2605 1.824038e-01 1.494195e+00  3.735073905029134380e+02  1.000000000000000000e+05  1.000000000000000000e+05  1.000000000000000000e+11
187 2619 1.808687e-01 1.498451e+00  3.735073905029134380e+02  1.000000000000000000e+05  1.000000000000000000e+05  1.000000000000000000e+18
188 2633 1.753099e-01 1.497922e+00  3.735073905029134380e+02  1.000000000000000000e+05  1.000000000000000000e+05  1.000000000000000000e+11
189 2647 2.381840e-01 1.499266e+00  3.735073905029134380e+02  1.000000000000000000e+05  1.000000000000000000e+05  1.000000000000000000e+18
190 2661 2.325526e-01 1.500506e+00  3.735073905029134380e+02  1.000000000000000000e+05  1.000000000000000000e+05  1.000000000000000000e+18
191 2675 2.209567e-01 1.501872e+00  3.735073905029134380e+02  1.000000000000000000e+05  1.000000000000000000e+05  1.000000000000000000e+05
192 2689 2.107997e-01 1.502472e+00  3.735073905029134380e+02  1.000000000000000000e+05  1.000000000000000000e+05  1.000000000000000000e+05
193 2703 2.021062e-01 1.501457e+00  3.735073905029134380e+02  1.000000000000000000e+05  1.000000000000000000e+05  1.000000000000000000e+05
194 2717 1.939154e-01 1.499271e+00  3.735073905029134380e+02  1.000000000000000000e+05  1.000000000000000000e+05  1.000000000000000000e+11
195 2731 1.859108e-01 1.507379e+00  3.735073905029134380e+02  1.000000000000000000e+05  1.000000000000000000e+05  1.000000000000000000e+05
196 2745 1.760631e-01 1.508077e+00  3.735073905029134380e+02  1.000000000000000000e+05  1.000000000000000000e+05  1.000000000000000000e+05
197 2759 2.311537e-01 1.510804e+00  3.735073905029134380e+02  1.000000000000000000e+05  1.000000000000000000e+05  1.000000000000000000e+05
198 2773 2.194254e-01 1.507292e+00  3.735073905029134380e+02  1.000000000000000000e+05  1.000000000000000000e+05  1.000000000000000000e+05
199 2787 2.112134e-01 1.508306e+00  3.735073905029134380e+02  1.000000000000000000e+05  1.000000000000000000e+05  1.000000000000000000e+13
200 2801 2.066171e-01 1.508790e+00  3.735073905029134380e+02  1.000000000000000000e+05  1.000000000000000000e+05  1.000000000000000000e+05
201 2815 1.973621e-01 1.512268e+00  3.735073905029134380e+02  1.000000000000000000e+05  1.000000000000000000e+05  1.000000000000000000e+13
202 2829 1.916534e-01 1.513270e+00  3.735073905029134380e+02  1.000000000000000000e+05  1.000000000000000000e+05  1.000000000000000000e+05
203 2843 1.870972e-01 1.512764e+00  3.735073905029134380e+02  1.000000000000000000e+05  1.000000000000000000e+05  1.000000000000000000e+05
204 2857 1.815196e-01 1.514286e+00  3.735073905029134380e+02  1.000000000000000000e+05  1.000000000000000000e+05  1.000000000000000000e+13
205 2871 1.733434e-01 1.514701e+00  3.735073905029134380e+02  1.000000000000000000e+05  1.000000000000000000e+05  1.000000000000000000e+13
206 2885 1.666081e-01 1.513309e+00  3.735073905029134380e+02  1.000000000000000000e+05  1.000000000000000000e+05  1.000000000000000000e+05
207 2899 2.223406e-01 1.514940e+00  3.735073905029134380e+02  1.000000000000000000e+05  1.000000000000000000e+05  1.000000000000000000e+05
208 2913 2.125762e-01 1.516728e+00  3.735073905029134380e+02  1.000000000000000000e+05  1.000000000000000000e+05  1.000000000000000000e+05
209 2927 2.037908e-01 1.523661e+00  3.735073905029134380e+02  1.000000000000000000e+05  1.000000000000000000e+05  1.000000000000000000e+05
210 2941 1.937785e-01 1.525368e+00  3.735073905029134380e+02  1.000000000000000000e+05  1.000000000000000000e+05  1.000000000000000000e+05
211 2955 1.845220e-01 1.528335e+00  3.735073905029134380e+02  1.000000000000000000e+05  1.000000000000000000e+05  1.000000000000000000e+05
212 2969 1.765003e-01 1.528573e+00  3.735073905029134380e+02  1.000000000000000000e+05  1.000000000000000000e+05  1.000000000000000000e+15
213 2983 1.680192e-01 1.528406e+00  3.735073905029134380e+02  1.000000000000000000e+05  1.000000000000000000e+05  1.000000000000000000e+15
214 2997 1.612368e-01 1.528126e+00  3.735073905029134380e+02  1.000000000000000000e+05  1.000000000000000000e+05  1.000000000000000000e+05
215 3011 1.556677e-01 1.534606e+00  3.735073905029134380e+02  1.000000000000000000e+05  1.000000000000000000e+05  1.000000000000000000e+05
216 3025 1.492613e-01 1.543460e+00  3.735073905029134380e+02  1.000000000000000000e+05  1.000000000000000000e+05  1.000000000000000000e+05
217 3039 1.453757e-01 1.540202e+00  3.735073905029134380e+02  1.000000000000000000e+05  1.000000000000000000e+05  1.000000000000000000e+15
218 3053 1.419322e-01 1.544326e+00  3.735073905029134380e+02  1.000000000000000000e+05  1.000000000000000000e+05  1.000000000000000000e+05
219 3067 1.900978e-01 1.549322e+00  3.735073905029134380e+02  1.000000000000000000e+05  1.000000000000000000e+05  1.000000000000000000e+05
220 3081 1.850437e-01 1.556090e+00  3.735073905029134380e+02  1.000000000000000000e+05  1.000000000000000000e+05  1.000000000000000000e+18
221 3095 1.814704e-01 1.558823e+00  3.735073905029134380e+02  1.000000000000000000e+05  1.000000000000000000e+05  1.000000000000000000e+05
222 3109 1.785292e-01 1.561095e+00  3.735073905029134380e+02  1.000000000000000000e+05  1.000000000000000000e+05  1.000000000000000000e+18
223 3123 1.752273e-01 1.564245e+00  3.735073905029134380e+02  1.000000000000000000e+05  1.000000000000000000e+05  1.000000000000000000e+15
224 3137 1.727071e-01 1.566056e+00  3.735073905029134380e+02  1.000000000000000000e+05  1.000000000000000000e+05  1.000000000000000000e+18
225 3151 2.369792e-01 1.566145e+00  3.735073905029134380e+02  1.000000000000000000e+05  1.000000000000000000e+05  1.000000000000000000e+18
226 3165 2.349174e-01 1.568482e+00  3.735073905029134380e+02  1.000000000000000000e+05  1.000000000000000000e+05  1.000000000000000000e+15
227 3179 2.318321e-01 1.570209e+00  3.735073905029134380e+02  1.000000000000000000e+05  1.000000000000000000e+05  1.000000000000000000e+05
228 3193 2.296572e-01 1.569593e+00  3.735073905029134380e+02  1.000000000000000000e+05  1.000000000000000000e+05  1.000000000000000000e+13
229 3207 2.262273e-01 1.568376e+00  3.735073905029134380e+02  1.000000000000000000e+05  1.000000000000000000e+05  1.000000000000000000e+15
230 3221 2.254441e-01 1.570776e+00  3.735073905029134380e+02  1.033805757633257144e+03  1.000000000000000000e+05  1.000000000000000000e+13
231 3235 2.235705e-01 1.570381e+00  3.735073905029134380e+02  1.000000000000000000e+05  1.000000000000000000e+05  1.000000000000000000e+13
232 3249 2.188876e-01 1.569110e+00  3.735073905029134380e+02  1.763940726248071542e+03  1.000000000000000000e+05  1.000000000000000000e+11
233 3263 2.124534e-01 1.568528e+00  3.735073905029134380e+02  8.512817232261958225e+02  1.000000000000000000e+05  1.000000000000000000e+11
234 3277 2.062522e-01 1.570156e+00  3.735073905029134380e+02  1.000000000000000000e+05  1.000000000000000000e+05  1.000000000000000000e+15
235 3291 1.985770e-01 1.574352e+00  3.735073905029134380e+02  1.000000000000000000e+05  1.000000000000000000e+05  1.000000000000000000e+15
236 3305 1.899313e-01 1.573733e+00  3.735073905029134380e+02  1.000000000000000000e+05  1.000000000000000000e+05  1.000000000000000000e+15
237 3319 1.827450e-01 1.579133e+00  3.735073905029134380e+02  1.000000000000000000e+05  1.000000000000000000e+05  1.000000000000000000e+15
238 3333 1.774482e-01 1.581977e+00  3.735073905029134380e+02  1.000000000000000000e+05  1.000000000000000000e+05  1.000000000000000000e+05
239 3347 1.749248e-01 1.585705e+00  3.735073905029134380e+02  1.000000000000000000e+05  1.000000000000000000e+05  1.000000000000000000e+15
240 3361 2.402301e-01 1.590167e+00  3.735073905029134380e+02  1.000000000000000000e+05  1.000000000000000000e+05  1.000000000000000000e+15
241 3375 2.310244e-01 1.600050e+00  3.735073905029134380e+02  1.000000000000000000e+05  1.000000000000000000e+05  1.000000000000000000e+18
242 3389 2.246049e-01 1.602074e+00  3.735073905029134380e+02  1.000000000000000000e+05  1.000000000000000000e+05  1.000000000000000000e+18
243 3403 2.180168e-01 1.608386e+00  3.735073905029134380e+02  1.000000000000000000e+05  1.000000000000000000e+05  1.000000000000000000e+15
244 3417 2.124372e-01 1.608005e+00  3.735073905029134380e+02  1.000000000000000000e+05  1.000000000000000000e+05  1.000000000000000000e+15
245 3431 2.076568e-01 1.607811e+00  3.735073905029134380e+02  1.000000000000000000e+05  1.000000000000000000e+05  1.000000000000000000e+05
246 3445 2.012640e-01 1.610088e+00  3.735073905029134380e+02  1.000000000000000000e+05  1.000000000000000000e+05  1.000000000000000000e+05
247 3459 1.924147e-01 1.611432e+00  3.735073905029134380e+02  1.000000000000000000e+05  1.000000000000000000e+05  1.000000000000000000e+05
248 3473 1.853601e-01 1.611985e+00  3.735073905029134380e+02  1.000000000000000000e+05  1.000000000000000000e+05  1.000000000000000000e+05
249 3487 1.796873e-01 1.613627e+00  3.735073905029134380e+02  1.000000000000000000e+05  1.000000000000000000e+05  1.000000000000000000e+05
250 3501 1.719457e-01 1.611464e+00  3.735073905029134380e+02  1.000000000000000000e+05  1.000000000000000000e+05  1.000000000000000000e+05
251 3515 1.678673e-01 1.614690e+00  3.735073905029134380e+02  1.000000000000000000e+05  1.000000000000000000e+05  1.000000000000000000e+05
252 3529 1.641307e-01 1.615485e+00  3.735073905029134380e+02  1.000000000000000000e+05  1.000000000000000000e+05  1.000000000000000000e+15
253 3543 1.594626e-01 1.614016e+00  3.735073905029134380e+02  1.000000000000000000e+05  1.000000000000000000e+05  1.000000000000000000e+15
254 3557 1.549137e-01 1.610711e+00  3.735073905029134380e+02  1.000000000000000000e+05  1.000000000000000000e+05  1.000000000000000000e+05
255 3571 1.490265e-01 1.609233e+00  3.735073905029134380e+02  1.000000000000000000e+05  1.000000000000000000e+05  1.000000000000000000e+05
256 3585 1.437786e-01 1.609345e+00  3.735073905029134380e+02  1.000000000000000000e+05  1.000000000000000000e+05  1.000000000000000000e+05
257 3599 1.942931e-01 1.608439e+00  3.735073905029134380e+02  1.000000000000000000e+05  1.000000000000000000e+05  1.000000000000000000e+05
258 3613 1.909489e-01 1.604267e+00  3.735073905029134380e+02  1.000000000000000000e+05  1.000000000000000000e+05  1.000000000000000000e+13
259 3627 1.849599e-01 1.602695e+00  3.735073905029134380e+02  1.000000000000000000e+05  1.000000000000000000e+05  1.000000000000000000e+17
260 3641 1.776176e-01 1.607421e+00  3.735073905029134380e+02  1.000000000000000000e+05  1.000000000000000000e+05  1.000000000000000000e+15
261 3655 1.742943e-01 1.605126e+00  3.735073905029134380e+02  1.000000000000000000e+05  1.000000000000000000e+05  1.000000000000000000e+05
262 3669 1.707008e-01 1.601950e+00  3.735073905029134380e+02  1.000000000000000000e+05  1.000000000000000000e+05  1.000000000000000000e+05
263 3683 1.676056e-01 1.600711e+00  3.735073905029134380e+02  1.000000000000000000e+05  1.000000000000000000e+05  1.000000000000000000e+05
264 3697 1.616714e-01 1.595823e+00  3.735073905029134380e+02  1.000000000000000000e+05  1.000000000000000000e+05  1.000000000000000000e+05
265 3711 1.569608e-01 1.588797e+00  3.735073905029134380e+02  1.000000000000000000e+05  1.000000000000000000e+05  1.000000000000000000e+05
266 3725 2.131937e-01 1.589285e+00  3.735073905029134380e+02  1.000000000000000000e+05  1.000000000000000000e+05  1.000000000000000000e+11
267 3739 2.094316e-01 1.587800e+00  3.735073905029134380e+02  1.000000000000000000e+05  1.000000000000000000e+05  1.000000000000000000e+17
268 3753 2.034300e-01 1.588328e+00  3.735073905029134380e+02  1.000000000000000000e+05  1.000000000000000000e+05  1.000000000000000000e+11
269 3767 2.001795e-01 1.592672e+00  3.735073905029134380e+02  1.000000000000000000e+05  1.000000000000000000e+05  1.000000000000000000e+05
270 3781 1.955664e-01 1.594155e+00  3.735073905029134380e+02  1.000000000000000000e+05  1.000000000000000000e+05  1.000000000000000000e+11
271 3795 1.917332e-01 1.595131e+00  3.735073905029134380e+02  1.000000000000000000e+05  1.000000000000000000e+05  1.000000000000000000e+11
272 3809 1.896281e-01 1.591579e+00  3.735073905029134380e+02  1.000000000000000000e+05  1.000000000000000000e+05  1.000000000000000000e+05
273 3823 1.835356e-01 1.588205e+00  3.735073905029134380e+02  1.000000000000000000e+05  1.000000000000000000e+05  1.000000000000000000e+05
274 3837 1.779336e-01 1.589998e+00  3.735073905029134380e+02  1.000000000000000000e+05  1.000000000000000000e+05  1.000000000000000000e+13
275 3851 1.757470e-01 1.590018e+00  3.735073905029134380e+02  1.000000000000000000e+05  1.000000000000000000e+05  1.000000000000000000e+18
276 3865 2.457088e-01 1.589896e+00  3.735073905029134380e+02  1.000000000000000000e+05  1.000000000000000000e+05  1.000000000000000000e+15
277 3879 2.438873e-01 1.594119e+00  3.735073905029134380e+02  1.000000000000000000e+05  1.000000000000000000e+05  1.000000000000000000e+15
278 3893 2.432549e-01 1.594460e+00  3.735073905029134380e+02  1.000000000000000000e+05  1.000000000000000000e+05  1.000000000000000000e+05
279 3907 2.400913e-01 1.595106e+00  3.735073905029134380e+02  1.000000000000000000e+05  1.000000000000000000e+05  1.000000000000000000e+13
280 3921 2.361433e-01 1.593429e+00  3.735073905029134380e+02  1.000000000000000000e+05  1.000000000000000000e+05  1.000000000000000000e+05
281 3935 2.341138e-01 1.593970e+00  3.735073905029134380e+02  1.000000000000000000e+05  1.000000000000000000e+05  1.000000000000000000e+05
282 3949 2.280018e-01 1.595004e+00  3.735073905029134380e+02  1.000000000000000000e+05  1.000000000000000000e+05  1.000000000000000000e+05
283 3963 2.215274e-01 1.597871e+00  3.735073905029134380e+02  1.000000000000000000e+05  1.000000000000000000e+05  1.000000000000000000e+05
284 3977 2.154563e-01 1.595656e+00  3.735073905029134380e+02  1.000000000000000000e+05  1.000000000000000000e+05  1.000000000000000000e+05
285 3991 2.132531e-01 1.596559e+00  3.735073905029134380e+02  1.000000000000000000e+05  1.000000000000000000e+05  1.000000000000000000e+13
286 4005 2.078138e-01 1.598135e+00  3.735073905029134380e+02  1.000000000000000000e+05  1.000000000000000000e+05  1.000000000000000000e+05
287 4019 2.041426e-01 1.598506e+00  3.735073905029134380e+02  1.000000000000000000e+05  1.000000000000000000e+05  1.000000000000000000e+05
288 4033 1.983433e-01 1.602567e+00  3.735073905029134380e+02  1.000000000000000000e+05  1.000000000000000000e+05  1.000000000000000000e+05
289 4047 1.918651e-01 1.602431e+00  3.735073905029134380e+02  1.000000000000000000e+05  1.000000000000000000e+05  1.000000000000000000e+05
290 4061 1.815318e-01 1.602540e+00  3.735073905029134380e+02  1.000000000000000000e+05  1.000000000000000000e+05  1.000000000000000000e+05
291 4075 1.744616e-01 1.602913e+00  3.735073905029134380e+02  1.000000000000000000e+05  1.000000000000000000e+05  1.000000000000000000e+05
292 4089 1.692622e-01 1.603061e+00  3.735073905029134380e+02  1.000000000000000000e+05  1.000000000000000000e+05  1.000000000000000000e+05
293 4103 1.677386e-01 1.605279e+00  3.735073905029134380e+02  1.000000000000000000e+05  1.000000000000000000e+05  1.000000000000000000e+05
294 4117 1.662048e-01 1.606844e+00  3.735073905029134380e+02  1.000000000000000000e+05  1.000000000000000000e+05  1.000000000000000000e+05
295 4131 1.656048e-01 1.610272e+00  3.735073905029134380e+02  1.000000000000000000e+05  1.000000000000000000e+05  1.000000000000000000e+05
296 4145 2.274288e-01 1.607721e+00  3.735073905029134380e+02  1.000000000000000000e+05  1.000000000000000000e+05  1.000000000000000000e+05
297 4159 2.190011e-01 1.608364e+00  3.735073905029134380e+02  1.000000000000000000e+05  1.000000000000000000e+05  1.000000000000000000e+05
298 4173 2.107963e-01 1.608271e+00  3.735073905029134380e+02  1.000000000000000000e+05  1.000000000000000000e+05  1.000000000000000000e+05
299 4187 2.049649e-01 1.605866e+00  3.735073905029134380e+02  1.000000000000000000e+05  1.000000000000000000e+05  1.000000000000000000e+11
300 4201 2.792585e-01 1.606309e+00  3.735073905029134380e+02  1.000000000000000000e+05  1.000000000000000000e+05  1.000000000000000000e+13
301 4215 2.708242e-01 1.605728e+00  3.735073905029134380e+02  1.000000000000000000e+05  1.000000000000000000e+05  1.000000000000000000e+11
302 4229 2.609703e-01 1.604481e+00  3.735073905029134380e+02  1.000000000000000000e+05  1.000000000000000000e+05  1.000000000000000000e+05
303 4243 2.497601e-01 1.604631e+00  3.735073905029134380e+02  1.000000000000000000e+05  1.000000000000000000e+05  1.000000000000000000e+11
304 4257 2.387659e-01 1.604723e+00  3.735073905029134380e+02  1.000000000000000000e+05  1.000000000000000000e+05  1.000000000000000000e+05
305 4271 2.282098e-01 1.607553e+00  3.735073905029134380e+02  1.000000000000000000e+05  1.000000000000000000e+05  1.000000000000000000e+11
306 4285 3.066386e-01 1.606698e+00  3.735073905029134380e+02  1.000000000000000000e+05  1.000000000000000000e+05  1.000000000000000000e+13
307 4299 2.980963e-01 1.606314e+00  3.735073905029134380e+02  4.378965611362174855e+02  1.000000000000000000e+05  1.000000000000000000e+05
308 4313 2.863074e-01 1.606557e+00  3.735073905029134380e+02  1.000000000000000000e+05  1.000000000000000000e+05  1.000000000000000000e+11
309 4327 2.721199e-01 1.606295e+00  3.735073905029134380e+02  1.000000000000000000e+05  1.000000000000000000e+05  1.000000000000000000e+11
310 4341 2.605692e-01 1.609652e+00  3.735073905029134380e+02  1.000000000000000000e+05  1.000000000000000000e+05  1.000000000000000000e+13
311 4355 2.513690e-01 1.610158e+00  3.735073905029134380e+02  1.000000000000000000e+05  1.000000000000000000e+05  1.000000000000000000e+13
312 4369 2.445888e-01 1.613379e+00  3.735073905029134380e+02  1.000000000000000000e+05  1.000000000000000000e+05  1.000000000000000000e+13
313 4383 2.360571e-01 1.613250e+00  3.735073905029134380e+02  1.000000000000000000e+05  1.000000000000000000e+05  1.000000000000000000e+11
314 4397 2.271508e-01 1.614033e+00  3.735073905029134380e+02  1.000000000000000000e+05  1.000000000000000000e+05  1.000000000000000000e+11
315 4411 2.155548e-01 1.614376e+00  3.735073905029134380e+02  1.000000000000000000e+05  1.000000000000000000e+05  1.000000000000000000e+05
316 4425 2.039664e-01 1.610802e+00  3.735073905029134380e+02  1.000000000000000000e+05  1.000000000000000000e+05  1.000000000000000000e+05
317 4439 1.980417e-01 1.611785e+00  3.735073905029134380e+02  1.000000000000000000e+05  1.000000000000000000e+05  1.000000000000000000e+05
318 4453 1.918201e-01 1.610779e+00  3.735073905029134380e+02  1.000000000000000000e+05  1.000000000000000000e+05  1.000000000000000000e+05
319 4467 1.840303e-01 1.610450e+00  3.735073905029134380e+02  1.000000000000000000e+05  1.000000000000000000e+05  1.000000000000000000e+05
320 4481 2.452215e-01 1.617813e+00  3.735073905029134380e+02  1.000000000000000000e+05  1.000000000000000000e+05  1.000000000000000000e+05
321 4495 2.322858e-01 1.618840e+00  3.735073905029134380e+02  1.000000000000000000e+05  1.000000000000000000e+05  1.000000000000000000e+11
322 4509 2.200633e-01 1.624558e+00  3.735073905029134380e+02  1.000000000000000000e+05  1.000000000000000000e+05  1.000000000000000000e+05
323 4523 2.116306e-01 1.627628e+00  3.735073905029134380e+02  1.000000000000000000e+05  1.000000000000000000e+05  1.000000000000000000e+05
324 4537 2.052909e-01 1.635314e+00  3.735073905029134380e+02  1.000000000000000000e+05  1.000000000000000000e+05  1.000000000000000000e+05
325 4551 1.996384e-01 1.640104e+00  3.735073905029134380e+02  1.000000000000000000e+05  1.000000000000000000e+05  1.000000000000000000e+05
326 4565 1.918768e-01 1.641003e+00  3.735073905029134380e+02  1.000000000000000000e+05  1.000000000000000000e+05  1.000000000000000000e+05
327 4579 2.597489e-01 1.642321e+00  3.735073905029134380e+02  1.000000000000000000e+05  1.000000000000000000e+05  1.000000000000000000e+05
328 4593 2.543407e-01 1.639792e+00  3.735073905029134380e+02  1.000000000000000000e+05  1.000000000000000000e+05  1.000000000000000000e+05
329 4607 2.449891e-01 1.639071e+00  3.735073905029134380e+02  1.000000000000000000e+05  1.000000000000000000e+05  1.000000000000000000e+18
330 4621 2.396547e-01 1.638043e+00  3.735073905029134380e+02  2.924327831221250108e+03  1.000000000000000000e+05  1.000000000000000000e+11
331 4635 2.321955e-01 1.638974e+00  3.735073905029134380e+02  1.000000000000000000e+05  1.000000000000000000e+05  1.000000000000000000e+15
332 4649 2.262199e-01 1.641162e+00  3.735073905029134380e+02  1.000000000000000000e+05  1.000000000000000000e+05  1.000000000000000000e+15
333 4663 2.198069e-01 1.642635e+00  3.735073905029134380e+02  1.000000000000000000e+05  1.000000000000000000e+05  1.000000000000000000e+05
334 4677 2.116541e-01 1.644927e+00  3.735073905029134380e+02  1.000000000000000000e+05  1.000000000000000000e+05  1.000000000000000000e+15
335 4691 2.826357e-01 1.644316e+00  3.735073905029134380e+02  1.000000000000000000e+05  1.000000000000000000e+05  1.000000000000000000e+05
336 4705 2.681536e-01 1.648382e+00  3.735073905029134380e+02  1.000000000000000000e+05  1.000000000000000000e+05  1.000000000000000000e+13
337 4719 2.549633e-01 1.650093e+00  3.735073905029134380e+02  1.000000000000000000e+05  1.000000000000000000e+05  1.000000000000000000e+13
338 4733 2.415433e-01 1.650682e+00  3.735073905029134380e+02  1.000000000000000000e+05  1.000000000000000000e+05  1.000000000000000000e+11
339 4747 2.295643e-01 1.650190e+00  3.735073905029134380e+02  1.000000000000000000e+05  1.000000000000000000e+05  1.000000000000000000e+05
340 4761 2.203022e-01 1.651099e+00  3.735073905029134380e+02  1.000000000000000000e+05  1.000000000000000000e+05  1.000000000000000000e+15
341 4775 2.112790e-01 1.651789e+00  3.735073905029134380e+02  1.000000000000000000e+05  1.000000000000000000e+05  1.000000000000000000e+15
342 4789 2.040806e-01 1.656232e+00  3.735073905029134380e+02  1.000000000000000000e+05  1.000000000000000000e+05  1.000000000000000000e+11
343 4803 1.990543e-01 1.657007e+00  3.735073905029134380e+02  1.714072799244859425e+03  1.000000000000000000e+05  1.000000000000000000e+05
344 4817 1.955304e-01 1.656368e+00  3.735073905029134380e+02  1.000000000000000000e+05  1.000000000000000000e+05  1.000000000000000000e+11
345 4831 1.912958e-01 1.652717e+00  3.735073905029134380e+02  1.000000000000000000e+05  1.000000000000000000e+05  1.000000000000000000e+05
346 4845 1.865567e-01 1.648449e+00  3.735073905029134380e+02  1.000000000000000000e+05  1.000000000000000000e+05  1.000000000000000000e+05
347 4859 1.835054e-01 1.650405e+00  3.735073905029134380e+02  1.000000000000000000e+05  1.000000000000000000e+05  1.000000000000000000e+11
348 4873 1.778939e-01 1.651752e+00  3.735073905029134380e+02  1.000000000000000000e+05  1.000000000000000000e+05  1.000000000000000000e+05
349 4887 1.742317e-01 1.652889e+00  3.735073905029134380e+02  1.000000000000000000e+05  1.000000000000000000e+05  1.000000000000000000e+05
350 4901 1.712900e-01 1.655552e+00  3.735073905029134380e+02  1.000000000000000000e+05  1.000000000000000000e+05  1.000000000000000000e+05
351 4915 1.681272e-01 1.661366e+00  3.735073905029134380e+02  1.000000000000000000e+05  1.000000000000000000e+05  1.000000000000000000e+05
352 4929 1.632241e-01 1.657626e+00  3.735073905029134380e+02  1.000000000000000000e+05  1.000000000000000000e+05  1.000000000000000000e+05
353 4943 1.581128e-01 1.657088e+00  3.735073905029134380e+02  1.000000000000000000e+05  1.000000000000000000e+05  1.000000000000000000e+05
354 4957 2.188083e-01 1.658282e+00  3.735073905029134380e+02  1.000000000000000000e+05  1.000000000000000000e+05  1.000000000000000000e+05
355 4971 2.149121e-01 1.658421e+00  3.735073905029134380e+02  1.000000000000000000e+05  1.000000000000000000e+05  1.000000000000000000e+05
356 4985 2.081328e-01 1.652435e+00  3.735073905029134380e+02  1.000000000000000000e+05  1.000000000000000000e+05  1.000000000000000000e+05
357 4999 2.023439e-01 1.651479e+00  3.735073905029134380e+02  1.000000000000000000e+05  1.000000000000000000e+05  1.000000000000000000e+18
358 5013 1.945861e-01 1.649830e+00  3.735073905029134380e+02  1.000000000000000000e+05  1.000000000000000000e+05  1.000000000000000000e+11
359 5027 1.893416e-01 1.654130e+00  3.735073905029134380e+02  1.000000000000000000e+05  1.000000000000000000e+05  1.000000000000000000e+05
360 5041 1.838737e-01 1.647888e+00  3.735073905029134380e+02  1.000000000000000000e+05  1.000000000000000000e+05  1.000000000000000000e+11
361 5055 2.513112e-01 1.658831e+00  3.735073905029134380e+02  1.000000000000000000e+05  1.000000000000000000e+05  1.000000000000000000e+05
362 5069 2.446578e-01 1.662344e+00  3.735073905029134380e+02  1.000000000000000000e+05  1.000000000000000000e+05  1.000000000000000000e+11
363 5083 2.342057e-01 1.665098e+00  3.735073905029134380e+02  1.000000000000000000e+05  1.000000000000000000e+05  1.000000000000000000e+11
364 5097 2.272125e-01 1.665660e+00  3.735073905029134380e+02  1.000000000000000000e+05  1.000000000000000000e+05  1.000000000000000000e+11
365 5111 2.197681e-01 1.666121e+00  3.735073905029134380e+02  1.000000000000000000e+05  1.000000000000000000e+05  1.000000000000000000e+05
366 5125 2.071778e-01 1.667587e+00  3.735073905029134380e+02  1.000000000000000000e+05  1.000000000000000000e+05  1.000000000000000000e+05
367 5139 1.970582e-01 1.670996e+00  3.735073905029134380e+02  1.000000000000000000e+05  1.000000000000000000e+05  1.000000000000000000e+05
368 5153 1.911830e-01 1.670822e+00  3.735073905029134380e+02  1.000000000000000000e+05  1.000000000000000000e+05  1.000000000000000000e+05
369 5167 2.570435e-01 1.672880e+00  3.735073905029134380e+02  1.000000000000000000e+05  1.000000000000000000e+05  1.000000000000000000e+05
370 5181 2.459045e-01 1.673646e+00  3.735073905029134380e+02  1.000000000000000000e+05  1.000000000000000000e+05  1.000000000000000000e+13
371 5195 2.380060e-01 1.670776e+00  3.735073905029134380e+02  1.000000000000000000e+05  1.000000000000000000e+05  1.000000000000000000e+11
372 5209 2.312513e-01 1.671444e+00  3.735073905029134380e+02  1.000000000000000000e+05  1.000000000000000000e+05  1.000000000000000000e+05
373 5223 2.258604e-01 1.671831e+00  3.735073905029134380e+02  1.000000000000000000e+05  1.000000000000000000e+05  1.000000000000000000e+05
374 5237 2.213208e-01 1.671616e+00  3.735073905029134380e+02  1.000000000000000000e+05  1.000000000000000000e+05  1.000000000000000000e+05
375 5251 2.186444e-01 1.669180e+00  3.735073905029134380e+02  1.000000000000000000e+05  1.000000000000000000e+05  1.000000000000000000e+05
376 5265 2.142461e-01 1.669295e+00  3.735073905029134380e+02  1.000000000000000000e+05  1.000000000000000000e+05  1.000000000000000000e+05
377 5279 2.103304e-01 1.672228e+00  3.735073905029134380e+02  1.000000000000000000e+05  1.000000000000000000e+05  1.000000000000000000e+05
378 5293 2.032475e-01 1.671809e+00  3.735073905029134380e+02  1.000000000000000000e+05  1.000000000000000000e+05  1.000000000000000000e+05
379 5307 1.971355e-01 1.672941e+00  3.735073905029134380e+02  1.000000000000000000e+05  1.000000000000000000e+05  1.000000000000000000e+05
380 5321 1.921033e-01 1.671400e+00  3.735073905029134380e+02  1.000000000000000000e+05  1.000000000000000000e+05  1.000000000000000000e+05
381 5335 1.880722e-01 1.671465e+00  3.735073905029134380e+02  1.000000000000000000e+05  1.000000000000000000e+05  1.000000000000000000e+05
382 5349 2.533680e-01 1.672542e+00  3.735073905029134380e+02  1.000000000000000000e+05  1.000000000000000000e+05  1.000000000000000000e+05
383 5363 2.446917e-01 1.673697e+00  3.735073905029134380e+02  1.000000000000000000e+05  1.000000000000000000e+05  1.000000000000000000e+11
384 5377 2.375152e-01 1.672624e+00  3.735073905029134380e+02  1.000000000000000000e+05  1.000000000000000000e+05  1.000000000000000000e+05
385 5391 2.262781e-01 1.673441e+00  3.735073905029134380e+02  1.000000000000000000e+05  1.000000000000000000e+05  1.000000000000000000e+05
386 5405 2.164384e-01 1.672665e+00  3.735073905029134380e+02  1.000000000000000000e+05  1.000000000000000000e+05  1.000000000000000000e+13
387 5419 2.943678e-01 1.672960e+00  3.735073905029134380e+02  1.000000000000000000e+05  1.000000000000000000e+05  1.000000000000000000e+05
388 5433 2.823637e-01 1.673064e+00  3.735073905029134380e+02  1.000000000000000000e+05  1.000000000000000000e+05  1.000000000000000000e+05
389 5447 2.714996e-01 1.675451e+00  3.735073905029134380e+02  1.000000000000000000e+05  1.000000000000000000e+05  1.000000000000000000e+18
390 5461 2.616626e-01 1.674581e+00  3.735073905029134380e+02  1.000000000000000000e+05  1.000000000000000000e+05  1.000000000000000000e+05
391 5475 2.524567e-01 1.673069e+00  3.735073905029134380e+02  1.000000000000000000e+05  1.000000000000000000e+05  1.000000000000000000e+05
392 5489 2.439559e-01 1.672026e+00  3.735073905029134380e+02  1.000000000000000000e+05  1.000000000000000000e+05  1.000000000000000000e+05
393 5503 2.372000e-01 1.672915e+00  3.735073905029134380e+02  1.000000000000000000e+05  1.000000000000000000e+05  1.000000000000000000e+13
394 5517 2.264183e-01 1.673753e+00  3.735073905029134380e+02  1.000000000000000000e+05  1.000000000000000000e+05  1.000000000000000000e+05
395 5531 2.167628e-01 1.670785e+00  3.735073905029134380e+02  1.000000000000000000e+05  1.000000000000000000e+05  1.000000000000000000e+05
396 5545 2.064747e-01 1.673608e+00  3.735073905029134380e+02  1.000000000000000000e+05  1.000000000000000000e+05  1.000000000000000000e+05
397 5559 2.807505e-01 1.674198e+00  3.735073905029134380e+02  1.000000000000000000e+05  1.000000000000000000e+05  1.000000000000000000e+05
398 5573 2.707955e-01 1.673885e+00  3.735073905029134380e+02  1.000000000000000000e+05  1.000000000000000000e+05  1.000000000000000000e+05
399 5587 2.646036e-01 1.670896e+00  3.735073905029134380e+02  1.000000000000000000e+05  1.000000000000000000e+05  1.000000000000000000e+13
400 5601 2.548268e-01 1.662734e+00  3.735073905029134380e+02  1.000000000000000000e+05  1.000000000000000000e+05  1.000000000000000000e+15
401 5615 2.458222e-01 1.661726e+00  3.735073905029134380e+02  1.000000000000000000e+05  1.000000000000000000e+05  1.000000000000000000e+05
402 5629 2.355278e-01 1.663593e+00  3.735073905029134380e+02  1.000000000000000000e+05  1.000000000000000000e+05  1.000000000000000000e+05
403 5643 2.245623e-01 1.662267e+00  3.735073905029134380e+02  1.000000000000000000e+05  1.000000000000000000e+05  1.000000000000000000e+05
404 5657 2.168213e-01 1.662624e+00  3.735073905029134380e+02  3.814853310701111241e+03  1.000000000000000000e+05  1.000000000000000000e+05
405 5671 2.102966e-01 1.664529e+00  3.735073905029134380e+02  1.000000000000000000e+05  1.000000000000000000e+05  1.000000000000000000e+05
406 5685 2.006432e-01 1.665907e+00  3.735073905029134380e+02  4.879646888062451353e+02  1.000000000000000000e+05  1.000000000000000000e+05
407 5699 2.704665e-01 1.666789e+00  3.735073905029134380e+02  1.106654448073056756e+03  1.000000000000000000e+05  1.000000000000000000e+05
408 5713 2.624447e-01 1.670635e+00  3.735073905029134380e+02  1.000000000000000000e+05  1.000000000000000000e+05  1.000000000000000000e+05
409 5727 2.522707e-01 1.671635e+00  3.735073905029134380e+02  1.000000000000000000e+05  1.000000000000000000e+05  1.000000000000000000e+11
410 5741 2.411025e-01 1.679937e+00  3.735073905029134380e+02  1.000000000000000000e+05  1.000000000000000000e+05  1.000000000000000000e+18
411 5755 2.309187e-01 1.683132e+00  3.735073905029134380e+02  1.000000000000000000e+05  1.000000000000000000e+05  1.000000000000000000e+13
412 5769 2.250293e-01 1.686978e+00  3.735073905029134380e+02  1.000000000000000000e+05  1.000000000000000000e+05  1.000000000000000000e+13
413 5783 2.202150e-01 1.686584e+00  3.735073905029134380e+02  1.000000000000000000e+05  1.000000000000000000e+05  1.000000000000000000e+05
414 5797 2.131726e-01 1.689071e+00  3.735073905029134380e+02  1.000000000000000000e+05  1.000000000000000000e+05  1.000000000000000000e+05
415 5811 2.100593e-01 1.694316e+00  3.735073905029134380e+02  1.000000000000000000e+05  1.000000000000000000e+05  1.000000000000000000e+05
416 5825 2.868541e-01 1.692071e+00  3.735073905029134380e+02  1.000000000000000000e+05  1.000000000000000000e+05  1.000000000000000000e+05
417 5839 2.763191e-01 1.689635e+00  3.735073905029134380e+02  1.000000000000000000e+05  1.000000000000000000e+05  1.000000000000000000e+15
418 5853 2.631834e-01 1.689223e+00  3.735073905029134380e+02  1.000000000000000000e+05  1.000000000000000000e+05  1.000000000000000000e+11
419 5867 2.479269e-01 1.690300e+00  3.735073905029134380e+02  1.000000000000000000e+05  1.000000000000000000e+05  1.000000000000000000e+05
420 5881 2.382749e-01 1.687834e+00  3.735073905029134380e+02  1.000000000000000000e+05  1.000000000000000000e+05  1.000000000000000000e+05
421 5895 2.297691e-01 1.689158e+00  3.735073905029134380e+02  1.000000000000000000e+05  1.000000000000000000e+05  1.000000000000000000e+15
422 5909 2.216600e-01 1.692984e+00  3.735073905029134380e+02  1.000000000000000000e+05  1.000000000000000000e+05  1.000000000000000000e+05
423 5923 2.140874e-01 1.693178e+00  3.735073905029134380e+02  1.000000000000000000e+05  1.000000000000000000e+05  1.000000000000000000e+05
424 5937 2.082323e-01 1.691253e+00  3.735073905029134380e+02  1.000000000000000000e+05  1.000000000000000000e+05  1.000000000000000000e+05
425 5951 2.055931e-01 1.694181e+00  3.735073905029134380e+02  1.000000000000000000e+05  1.000000000000000000e+05  1.000000000000000000e+05
426 5965 1.999986e-01 1.696413e+00  3.735073905029134380e+02  1.000000000000000000e+05  1.000000000000000000e+05  1.000000000000000000e+05
427 5979 2.657931e-01 1.696772e+00  3.735073905029134380e+02  1.000000000000000000e+05  1.000000000000000000e+05  1.000000000000000000e+05
428 5993 2.597083e-01 1.699003e+00  3.735073905029134380e+02  1.000000000000000000e+05  1.000000000000000000e+05  1.000000000000000000e+13
429 6007 2.490146e-01 1.701721e+00  3.735073905029134380e+02  1.000000000000000000e+05  1.000000000000000000e+05  1.000000000000000000e+05
430 6021 2.411524e-01 1.703746e+00  3.735073905029134380e+02  1.000000000000000000e+05  1.000000000000000000e+05  1.000000000000000000e+05
431 6035 2.333573e-01 1.702497e+00  3.735073905029134380e+02  1.000000000000000000e+05  1.000000000000000000e+05  1.000000000000000000e+05
432 6049 3.190796e-01 1.699942e+00  3.735073905029134380e+02  1.000000000000000000e+05  1.000000000000000000e+05  1.000000000000000000e+05
433 6063 3.144717e-01 1.700751e+00  3.735073905029134380e+02  1.000000000000000000e+05  1.000000000000000000e+05  1.000000000000000000e+13
434 6077 3.059009e-01 1.701221e+00  3.735073905029134380e+02  1.000000000000000000e+05  1.000000000000000000e+05  1.000000000000000000e+05
435 6091 2.990554e-01 1.704102e+00  3.735073905029134380e+02  1.000000000000000000e+05  1.000000000000000000e+05  1.000000000000000000e+05
436 6105 2.882365e-01 1.704428e+00  3.735073905029134380e+02  1.000000000000000000e+05  1.000000000000000000e+05  1.000000000000000000e+05
437 6119 2.794952e-01 1.700590e+00  3.735073905029134380e+02  1.000000000000000000e+05  1.000000000000000000e+05  1.000000000000000000e+05
438 6133 2.686154e-01 1.702414e+00  3.735073905029134380e+02  1.000000000000000000e+05  1.000000000000000000e+05  1.000000000000000000e+05
439 6147 2.610771e-01 1.710327e+00  3.735073905029134380e+02  1.000000000000000000e+05  1.000000000000000000e+05  1.000000000000000000e+05
440 6161 2.541684e-01 1.713005e+00  3.735073905029134380e+02  1.000000000000000000e+05  1.000000000000000000e+05  1.000000000000000000e+05
441 6175 2.434392e-01 1.713821e+00  3.735073905029134380e+02  1.000000000000000000e+05  1.000000000000000000e+05  1.000000000000000000e+05
442 6189 2.316326e-01 1.714735e+00  3.735073905029134380e+02  1.000000000000000000e+05  1.000000000000000000e+05  1.000000000000000000e+05
443 6203 2.210347e-01 1.713092e+00  3.735073905029134380e+02  1.000000000000000000e+05  1.000000000000000000e+05  1.000000000000000000e+11
444 6217 2.074595e-01 1.714566e+00  3.735073905029134380e+02  1.000000000000000000e+05  1.000000000000000000e+05  1.000000000000000000e+05
445 6231 1.991057e-01 1.722408e+00  3.735073905029134380e+02  1.000000000000000000e+05  1.000000000000000000e+05  1.000000000000000000e+05
446 6245 2.677153e-01 1.725000e+00  3.735073905029134380e+02  1.000000000000000000e+05  1.000000000000000000e+05  1.000000000000000000e+05
447 6259 2.622288e-01 1.730336e+00  3.735073905029134380e+02  1.000000000000000000e+05  1.000000000000000000e+05  1.000000000000000000e+18
448 6273 3.574496e-01 1.730239e+00  3.735073905029134380e+02  1.000000000000000000e+05  1.000000000000000000e+05  1.000000000000000000e+05
449 6287 3.513253e-01 1.738479e+00  3.735073905029134380e+02  1.000000000000000000e+05  1.000000000000000000e+05  1.000000000000000000e+05
450 6301 3.387622e-01 1.745382e+00  3.735073905029134380e+02  1.000000000000000000e+05  1.000000000000000000e+05  1.000000000000000000e+18
451 6315 3.270100e-01 1.746898e+00  3.735073905029134380e+02  1.000000000000000000e+05  1.000000000000000000e+05  1.000000000000000000e+13
452 6329 3.180702e-01 1.745684e+00  3.735073905029134380e+02  1.000000000000000000e+05  1.000000000000000000e+05  1.000000000000000000e+05
453 6343 3.051294e-01 1.747491e+00  3.735073905029134380e+02  1.000000000000000000e+05  1.000000000000000000e+05  1.000000000000000000e+05
454 6357 2.927440e-01 1.748349e+00  3.735073905029134380e+02  1.000000000000000000e+05  1.000000000000000000e+05  1.000000000000000000e+05
455 6371 2.806211e-01 1.752946e+00  3.735073905029134380e+02  1.000000000000000000e+05  1.000000000000000000e+05  1.000000000000000000e+05
456 6385 2.685600e-01 1.756209e+00  3.735073905029134380e+02  1.000000000000000000e+05  1.000000000000000000e+05  1.000000000000000000e+11
457 6399 2.579218e-01 1.757845e+00  3.735073905029134380e+02  1.000000000000000000e+05  1.000000000000000000e+05  1.000000000000000000e+05
458 6413 2.504081e-01 1.756236e+00  3.735073905029134380e+02  1.000000000000000000e+05  1.000000000000000000e+05  1.000000000000000000e+05
459 6427 2.406565e-01 1.755449e+00  3.735073905029134380e+02  1.000000000000000000e+05  1.000000000000000000e+05  1.000000000000000000e+11
460 6441 2.354089e-01 1.755029e+00  3.735073905029134380e+02  1.000000000000000000e+05  1.000000000000000000e+05  1.000000000000000000e+05
461 6455 2.302417e-01 1.760412e+00  3.735073905029134380e+02  1.000000000000000000e+05  1.000000000000000000e+05  1.000000000000000000e+11
462 6469 2.246360e-01 1.756773e+00  3.735073905029134380e+02  1.000000000000000000e+05  1.000000000000000000e+05  1.000000000000000000e+05
463 6483 2.219982e-01 1.759064e+00  3.735073905029134380e+02  1.000000000000000000e+05  1.000000000000000000e+05  1.000000000000000000e+18
464 6497 2.165119e-01 1.762110e+00  3.735073905029134380e+02  1.000000000000000000e+05  1.000000000000000000e+05  1.000000000000000000e+18
465 6511 2.931506e-01 1.757085e+00  3.735073905029134380e+02  1.000000000000000000e+05  1.000000000000000000e+05  1.000000000000000000e+11
466 6525 2.848548e-01 1.756256e+00  3.735073905029134380e+02  1.000000000000000000e+05  1.000000000000000000e+05  1.000000000000000000e+18
467 6539 3.821760e-01 1.758116e+00  3.735073905029134380e+02  1.000000000000000000e+05  1.000000000000000000e+05  1.000000000000000000e+18
468 6553 3.686966e-01 1.759281e+00  3.735073905029134380e+02  2.145853780525471848e+03  1.000000000000000000e+05  1.000000000000000000e+18
469 6567 3.546534e-01 1.759766e+00  3.735073905029134380e+02  3.893912188355088233e+02  1.000000000000000000e+05  1.000000000000000000e+11
470 6581 3.386908e-01 1.762584e+00  3.735073905029134380e+02  5.091758255302954694e+02  1.000000000000000000e+05  1.000000000000000000e+11
471 6595 3.232684e-01 1.762879e+00  3.735073905029134380e+02  1.000000000000000000e+05  1.000000000000000000e+05  1.000000000000000000e+05
472 6609 3.130202e-01 1.765352e+00  3.735073905029134380e+02  1.000000000000000000e+05  1.000000000000000000e+05  1.000000000000000000e+11
473 6623 3.082745e-01 1.766793e+00  3.735073905029134380e+02  1.000000000000000000e+05  1.000000000000000000e+05  1.000000000000000000e+05
474 6637 3.054437e-01 1.766798e+00  3.735073905029134380e+02  1.000000000000000000e+05  1.000000000000000000e+05  1.000000000000000000e+05
475 6651 2.984194e-01 1.767721e+00  3.735073905029134380e+02  1.000000000000000000e+05  1.000000000000000000e+05  1.000000000000000000e+16
476 6665 2.900125e-01 1.770710e+00  3.735073905029134380e+02  1.000000000000000000e+05  1.000000000000000000e+05  1.000000000000000000e+13
477 6679 2.827217e-01 1.770822e+00  3.735073905029134380e+02  1.000000000000000000e+05  1.000000000000000000e+05  1.000000000000000000e+18
478 6693 2.790010e-01 1.771335e+00  3.735073905029134380e+02  1.000000000000000000e+05  1.000000000000000000e+05  1.000000000000000000e+05
479 6707 2.726752e-01 1.771756e+00  3.735073905029134380e+02  1.000000000000000000e+05  1.000000000000000000e+05  1.000000000000000000e+15
480 6721 2.655851e-01 1.773487e+00  3.735073905029134380e+02  1.000000000000000000e+05  1.000000000000000000e+05  1.000000000000000000e+05
481 6735 2.574425e-01 1.774033e+00  3.735073905029134380e+02  1.000000000000000000e+05  1.000000000000000000e+05  1.000000000000000000e+15
482 6749 2.466384e-01 1.773489e+00  3.735073905029134380e+02  1.000000000000000000e+05  1.000000000000000000e+05  1.000000000000000000e+15
483 6763 2.374482e-01 1.778091e+00  3.735073905029134380e+02  1.000000000000000000e+05  1.000000000000000000e+05  1.000000000000000000e+05
484 6777 3.187462e-01 1.778524e+00  3.735073905029134380e+02  1.000000000000000000e+05  1.000000000000000000e+05  1.000000000000000000e+13
485 6791 3.069701e-01 1.778216e+00  3.735073905029134380e+02  1.000000000000000000e+05  1.000000000000000000e+05  1.000000000000000000e+15
486 6805 2.977014e-01 1.777996e+00  3.735073905029134380e+02  1.000000000000000000e+05  1.000000000000000000e+05  1.000000000000000000e+16
487 6819 2.903821e-01 1.782774e+00  3.735073905029134380e+02  1.000000000000000000e+05  1.000000000000000000e+05  1.000000000000000000e+18
488 6833 2.770605e-01 1.785574e+00  3.735073905029134380e+02  1.000000000000000000e+05  1.000000000000000000e+05  1.000000000000000000e+15
489 6847 2.628990e-01 1.792797e+00  3.735073905029134380e+02  1.000000000000000000e+05  1.000000000000000000e+05  1.000000000000000000e+15
490 6861 2.486470e-01 1.794016e+00  3.735073905029134380e+02  1.000000000000000000e+05  1.000000000000000000e+05  1.000000000000000000e+05
491 6875 2.392195e-01 1.793315e+00  3.735073905029134380e+02  1.000000000000000000e+05  1.000000000000000000e+05  1.000000000000000000e+05
492 6889 3.202444e-01 1.793280e+00  3.735073905029134380e+02  1.000000000000000000e+05  1.000000000000000000e+05  1.000000000000000000e+11
493 6903 3.063338e-01 1.794742e+00  3.735073905029134380e+02  1.000000000000000000e+05  1.000000000000000000e+05  1.000000000000000000e+05
494 6917 2.914725e-01 1.796922e+00  3.735073905029134380e+02  1.000000000000000000e+05  1.000000000000000000e+05  1.000000000000000000e+05
495 6931 2.761593e-01 1.803030e+00  3.735073905029134380e+02  1.000000000000000000e+05  1.000000000000000000e+05  1.000000000000000000e+05
496 6945 2.662646e-01 1.798793e+00  3.735073905029134380e+02  1.000000000000000000e+05  1.000000000000000000e+05  1.000000000000000000e+05
497 6959 2.559327e-01 1.801261e+00  3.735073905029134380e+02  1.000000000000000000e+05  1.000000000000000000e+05  1.000000000000000000e+15
498 6973 2.455506e-01 1.801070e+00  3.735073905029134380e+02  1.000000000000000000e+05  1.000000000000000000e+05  1.000000000000000000e+05
499 6987 2.372727e-01 1.802023e+00  3.735073905029134380e+02  1.000000000000000000e+05  1.000000000000000000e+05  1.000000000000000000e+11
500 7001 3.167067e-01 1.803513e+00  3.735073905029134380e+02  1.000000000000000000e+05  1.000000000000000000e+05  1.000000000000000000e+11
501 7015 3.062809e-01 1.803547e+00  3.735073905029134380e+02  1.000000000000000000e+05  1.000000000000000000e+05  1.000000000000000000e+13
502 7029 2.931553e-01 1.803946e+00  3.735073905029134380e+02  1.000000000000000000e+05  1.000000000000000000e+05  1.000000000000000000e+05
503 7043 2.829991e-01 1.798142e+00  3.735073905029134380e+02  1.000000000000000000e+05  1.000000000000000000e+05  1.000000000000000000e+05
504 7057 2.730267e-01 1.802162e+00  3.735073905029134380e+02  1.000000000000000000e+05  1.000000000000000000e+05  1.000000000000000000e+13
505 7071 2.608284e-01 1.800279e+00  3.735073905029134380e+02  1.000000000000000000e+05  1.000000000000000000e+05  1.000000000000000000e+13
506 7085 2.525785e-01 1.814921e+00  3.735073905029134380e+02  1.000000000000000000e+05  1.000000000000000000e+05  1.000000000000000000e+13
507 7099 2.461777e-01 1.815469e+00  3.735073905029134380e+02  1.000000000000000000e+05  1.000000000000000000e+05  1.000000000000000000e+13
508 7113 2.398591e-01 1.820536e+00  3.735073905029134380e+02  1.000000000000000000e+05  1.000000000000000000e+05  1.000000000000000000e+15
509 7127 2.296017e-01 1.820103e+00  3.735073905029134380e+02  1.000000000000000000e+05  1.000000000000000000e+05  1.000000000000000000e+05
510 7141 2.180408e-01 1.818860e+00  3.735073905029134380e+02  1.000000000000000000e+05  1.000000000000000000e+05  1.000000000000000000e+13
511 7155 2.877250e-01 1.818275e+00  3.735073905029134380e+02  1.000000000000000000e+05  1.000000000000000000e+05  1.000000000000000000e+05
512 7169 2.728574e-01 1.817249e+00  3.735073905029134380e+02  1.000000000000000000e+05  1.000000000000000000e+05  1.000000000000000000e+05
513 7183 2.583939e-01 1.817056e+00  3.735073905029134380e+02  1.000000000000000000e+05  1.000000000000000000e+05  1.000000000000000000e+05
514 7197 2.437667e-01 1.817440e+00  3.735073905029134380e+02  1.000000000000000000e+05  1.000000000000000000e+05  1.000000000000000000e+05
515 7211 2.292619e-01 1.810971e+00  3.735073905029134380e+02  1.000000000000000000e+05  1.000000000000000000e+05  1.000000000000000000e+05
516 7225 2.187337e-01 1.817392e+00  3.735073905029134380e+02  1.000000000000000000e+05  1.000000000000000000e+05  1.000000000000000000e+05
517 7239 2.936172e-01 1.818095e+00  3.735073905029134380e+02  1.000000000000000000e+05  1.000000000000000000e+05  1.000000000000000000e+15
518 7253 2.836797e-01 1.824592e+00  3.735073905029134380e+02  1.000000000000000000e+05  1.000000000000000000e+05  1.000000000000000000e+13
519 7267 2.736877e-01 1.828443e+00  3.735073905029134380e+02  1.000000000000000000e+05  1.000000000000000000e+05  1.000000000000000000e+05
520 7281 2.650493e-01 1.830013e+00  3.735073905029134380e+02  1.000000000000000000e+05  1.000000000000000000e+05  1.000000000000000000e+13
521 7295 2.586056e-01 1.838178e+00  3.735073905029134380e+02  1.000000000000000000e+05  1.000000000000000000e+05  1.000000000000000000e+13
522 7309 2.494543e-01 1.840235e+00  3.735073905029134380e+02  1.000000000000000000e+05  1.000000000000000000e+05  1.000000000000000000e+11
523 7323 2.378078e-01 1.842295e+00  3.735073905029134380e+02  1.000000000000000000e+05  1.000000000000000000e+05  1.000000000000000000e+11
524 7337 2.287196e-01 1.840935e+00  3.735073905029134380e+02  1.000000000000000000e+05  1.000000000000000000e+05  1.000000000000000000e+13
525 7351 3.086859e-01 1.842416e+00  3.735073905029134380e+02  1.000000000000000000e+05  1.000000000000000000e+05  1.000000000000000000e+11
526 7365 3.018717e-01 1.840094e+00  3.735073905029134380e+02  1.000000000000000000e+05  1.000000000000000000e+05  1.000000000000000000e+13
527 7379 3.003922e-01 1.847914e+00  3.735073905029134380e+02  1.000000000000000000e+05  1.000000000000000000e+05  1.000000000000000000e+15
528 7393 2.944078e-01 1.846955e+00  3.735073905029134380e+02  1.000000000000000000e+05  1.000000000000000000e+05  1.000000000000000000e+05
529 7407 2.854788e-01 1.848233e+00  3.735073905029134380e+02  1.000000000000000000e+05  1.000000000000000000e+05  1.000000000000000000e+05
530 7421 2.758506e-01 1.851292e+00  3.735073905029134380e+02  1.000000000000000000e+05  1.000000000000000000e+05  1.000000000000000000e+11
531 7435 2.696224e-01 1.854183e+00  3.735073905029134380e+02  1.000000000000000000e+05  1.000000000000000000e+05  1.000000000000000000e+05
532 7449 2.592335e-01 1.855217e+00  3.735073905029134380e+02  1.000000000000000000e+05  1.000000000000000000e+05  1.000000000000000000e+05
533 7463 2.446792e-01 1.851293e+00  3.735073905029134380e+02  1.000000000000000000e+05  1.000000000000000000e+05  1.000000000000000000e+05
534 7477 2.327853e-01 1.852285e+00  3.735073905029134380e+02  1.000000000000000000e+05  1.000000000000000000e+05  1.000000000000000000e+05
535 7491 2.227409e-01 1.850202e+00  3.735073905029134380e+02  1.000000000000000000e+05  1.000000000000000000e+05  1.000000000000000000e+05
536 7505 2.999892e-01 1.854113e+00  3.735073905029134380e+02  1.000000000000000000e+05  1.000000000000000000e+05  1.000000000000000000e+05
537 7519 2.923859e-01 1.855934e+00  3.735073905029134380e+02  1.000000000000000000e+05  1.000000000000000000e+05  1.000000000000000000e+11
538 7533 2.864571e-01 1.854052e+00  3.735073905029134380e+02  1.000000000000000000e+05  1.000000000000000000e+05  1.000000000000000000e+05
539 7547 2.801106e-01 1.851992e+00  3.735073905029134380e+02  1.000000000000000000e+05  1.000000000000000000e+05  1.000000000000000000e+16
540 7561 2.709717e-01 1.852358e+00  3.735073905029134380e+02  1.000000000000000000e+05  1.000000000000000000e+05  1.000000000000000000e+18
541 7575 2.638130e-01 1.850389e+00  3.735073905029134380e+02  1.000000000000000000e+05  1.000000000000000000e+05  1.000000000000000000e+13
542 7589 2.602779e-01 1.851538e+00  3.735073905029134380e+02  1.000000000000000000e+05  5.000000050000000000e+12  1.000000000000000000e+15
543 7603 2.598500e-01 1.852039e+00  3.735073905029134380e+02  1.000000000000000000e+05  1.000000000000000000e+05  1.000000000000000000e+13
544 7617 2.530389e-01 1.854362e+00  3.735073905029134380e+02  1.000000000000000000e+05  1.000000000000000000e+05  1.000000000000000000e+13
545 7631 2.443035e-01 1.857768e+00  3.735073905029134380e+02  1.000000000000000000e+05  1.000000000000000000e+05  1.000000000000000000e+13
546 7645 2.348900e-01 1.850707e+00  3.735073905029134380e+02  1.000000000000000000e+05  1.000000000000000000e+05  1.000000000000000000e+13
547 7659 2.240835e-01 1.846728e+00  3.735073905029134380e+02  1.000000000000000000e+05  1.000000000000000000e+05  1.000000000000000000e+13
548 7673 2.173103e-01 1.849254e+00  3.735073905029134380e+02  1.000000000000000000e+05  1.000000000000000000e+05  1.000000000000000000e+13
549 7687 2.103120e-01 1.849434e+00  3.735073905029134380e+02  1.000000000000000000e+05  1.000000000000000000e+05  1.000000000000000000e+13
550 7701 2.062073e-01 1.853215e+00  3.735073905029134380e+02  1.000000000000000000e+05  1.000000000000000000e+05  1.000000000000000000e+13
551 7715 2.023151e-01 1.857667e+00  3.735073905029134380e+02  1.000000000000000000e+05  1.000000000000000000e+05  1.000000000000000000e+13
552 7729 2.006204e-01 1.858337e+00  3.735073905029134380e+02  1.000000000000000000e+05  1.000000000000000000e+05  1.000000000000000000e+05
553 7743 2.775595e-01 1.857942e+00  3.735073905029134380e+02  1.000000000000000000e+05  1.000000000000000000e+05  1.000000000000000000e+13
