%  columns="iteration, evaluation, sigma, axis ratio, bestever, best, median, worst fitness function value, further objective values of best" (startseed=208913, 2023/08/28 15:15:0.21)
1 15 3.889864e-01 1.020611e+00  1.000000000000000000e+05  1.000000000000000000e+05  1.000000000000000000e+11  1.000000000000000000e+17
2 29 3.724252e-01 1.031734e+00  1.000000000000000000e+05  1.000000000000000000e+05  1.000000000000000000e+05  1.000000000000000000e+18
3 43 3.587149e-01 1.040180e+00  1.000000000000000000e+05  1.000000000000000000e+05  1.000000000000000000e+05  1.000000000000000000e+15
4 57 3.435056e-01 1.045955e+00  1.000000000000000000e+05  1.000000000000000000e+05  1.000000000000000000e+05  1.000000000000000000e+05
5 71 3.298968e-01 1.052259e+00  1.000000000000000000e+05  1.000000000000000000e+05  1.000000000000000000e+05  1.000000000000000000e+11
6 85 3.212126e-01 1.056793e+00  1.000000000000000000e+05  1.000000000000000000e+05  1.000000000000000000e+05  1.000000000000000000e+13
7 99 3.095440e-01 1.062506e+00  1.000000000000000000e+05  1.000000000000000000e+05  1.000000000000000000e+05  1.000000000000000000e+13
8 113 3.016977e-01 1.066220e+00  1.000000000000000000e+05  1.000000000000000000e+05  1.000000000000000000e+05  1.000000000000000000e+18
9 127 2.920911e-01 1.068444e+00  1.000000000000000000e+05  1.000000000000000000e+05  1.000000000000000000e+05  1.000000000000000000e+18
10 141 2.854874e-01 1.075422e+00  1.000000000000000000e+05  1.000000000000000000e+05  1.000000000000000000e+05  1.000000000000000000e+18
11 155 2.805085e-01 1.082703e+00  1.000000000000000000e+05  1.000000000000000000e+05  1.000000000000000000e+05  1.000000000000000000e+18
12 169 2.745236e-01 1.091835e+00  1.000000000000000000e+05  1.000000000000000000e+05  1.000000000000000000e+05  1.000000000000000000e+15
13 183 2.648959e-01 1.100271e+00  1.000000000000000000e+05  1.000000000000000000e+05  1.000000000000000000e+05  1.000000000000000000e+05
14 197 2.588103e-01 1.103136e+00  1.000000000000000000e+05  1.000000000000000000e+05  1.000000000000000000e+05  1.000000000000000000e+05
15 211 2.488584e-01 1.114298e+00  1.000000000000000000e+05  1.000000000000000000e+05  1.000000000000000000e+05  1.000000000000000000e+13
16 225 2.371486e-01 1.118595e+00  1.567814657166676852e+03  1.567814657166676852e+03  1.000000000000000000e+05  1.000000000000000000e+13
17 239 2.294245e-01 1.124318e+00  1.567814657166676852e+03  1.000000000000000000e+05  1.000000000000000000e+05  1.000000000000000000e+13
18 253 2.207738e-01 1.126220e+00  1.567814657166676852e+03  1.000000000000000000e+05  1.000000000000000000e+05  1.000000000000000000e+11
19 267 2.151597e-01 1.132654e+00  1.567814657166676852e+03  2.135612569187934241e+03  1.000000000000000000e+05  1.000000000000000000e+13
20 281 2.076222e-01 1.134960e+00  1.567814657166676852e+03  1.000000000000000000e+05  1.000000000000000000e+05  1.000000000000000000e+05
21 295 2.061214e-01 1.141052e+00  1.567814657166676852e+03  1.000000000000000000e+05  1.000000000000000000e+05  1.000000000000000000e+13
22 309 2.023562e-01 1.145514e+00  1.567814657166676852e+03  1.000000000000000000e+05  1.000000000000000000e+05  1.000000000000000000e+05
23 323 1.968320e-01 1.151265e+00  1.567814657166676852e+03  1.000000000000000000e+05  1.000000000000000000e+05  1.000000000000000000e+13
24 337 1.880411e-01 1.157316e+00  1.567814657166676852e+03  1.000000000000000000e+05  1.000000000000000000e+05  1.000000000000000000e+05
25 351 1.812171e-01 1.158525e+00  1.567814657166676852e+03  1.000000000000000000e+05  1.000000000000000000e+05  1.000000000000000000e+13
26 365 1.752432e-01 1.159854e+00  1.567814657166676852e+03  1.000000000000000000e+05  1.000000000000000000e+05  1.000000000000000000e+13
27 379 1.704924e-01 1.162879e+00  1.567814657166676852e+03  1.000000000000000000e+05  1.000000000000000000e+05  1.000000000000000000e+05
28 393 1.649142e-01 1.162692e+00  1.567814657166676852e+03  1.000000000000000000e+05  1.000000000000000000e+05  1.000000000000000000e+05
29 407 1.587472e-01 1.166302e+00  1.567814657166676852e+03  1.000000000000000000e+05  1.000000000000000000e+05  1.000000000000000000e+05
30 421 1.547579e-01 1.168864e+00  1.567814657166676852e+03  1.000000000000000000e+05  1.000000000000000000e+05  1.000000000000000000e+05
31 435 1.509634e-01 1.169325e+00  1.567814657166676852e+03  1.000000000000000000e+05  1.000000000000000000e+05  1.000000000000000000e+05
32 449 1.483160e-01 1.169252e+00  1.567814657166676852e+03  1.000000000000000000e+05  1.000000000000000000e+05  1.000000000000000000e+05
33 463 1.465160e-01 1.171913e+00  1.567814657166676852e+03  1.000000000000000000e+05  1.000000000000000000e+05  1.000000000000000000e+05
34 477 1.446752e-01 1.172934e+00  1.567814657166676852e+03  1.000000000000000000e+05  1.000000000000000000e+05  1.000000000000000000e+05
35 491 1.419665e-01 1.177622e+00  1.567814657166676852e+03  1.000000000000000000e+05  1.000000000000000000e+05  1.000000000000000000e+05
36 505 1.396587e-01 1.180595e+00  1.567814657166676852e+03  1.000000000000000000e+05  1.000000000000000000e+05  1.000000000000000000e+05
37 519 1.391951e-01 1.183786e+00  1.567814657166676852e+03  1.000000000000000000e+05  1.000000000000000000e+05  1.000000000000000000e+05
38 533 1.943665e-01 1.190911e+00  1.567814657166676852e+03  1.000000000000000000e+05  1.000000000000000000e+05  1.000000000000000000e+05
39 547 1.931161e-01 1.200769e+00  1.567814657166676852e+03  1.000000000000000000e+05  1.000000000000000000e+05  1.000000000000000000e+05
40 561 1.882514e-01 1.205971e+00  1.567814657166676852e+03  1.000000000000000000e+05  1.000000000000000000e+05  1.000000000000000000e+11
41 575 1.828907e-01 1.210455e+00  1.567814657166676852e+03  1.000000000000000000e+05  1.000000000000000000e+05  1.000000000000000000e+05
42 589 1.774109e-01 1.218234e+00  1.567814657166676852e+03  1.000000000000000000e+05  1.000000000000000000e+05  1.000000000000000000e+11
43 603 1.709695e-01 1.222786e+00  1.567814657166676852e+03  1.000000000000000000e+05  1.000000000000000000e+05  1.000000000000000000e+05
44 617 1.654257e-01 1.229888e+00  1.567814657166676852e+03  1.000000000000000000e+05  1.000000000000000000e+05  1.000000000000000000e+13
45 631 1.596317e-01 1.234758e+00  1.567814657166676852e+03  1.000000000000000000e+05  1.000000000000000000e+05  1.000000000000000000e+05
46 645 2.145994e-01 1.238154e+00  1.567814657166676852e+03  1.000000000000000000e+05  1.000000000000000000e+05  1.000000000000000000e+05
47 659 2.115714e-01 1.238973e+00  1.567814657166676852e+03  1.000000000000000000e+05  1.000000000000000000e+05  1.000000000000000000e+05
48 673 2.079804e-01 1.240913e+00  1.567814657166676852e+03  1.000000000000000000e+05  1.000000000000000000e+05  1.000000000000000000e+05
49 687 2.063852e-01 1.244014e+00  1.567814657166676852e+03  1.000000000000000000e+05  1.000000000000000000e+05  1.000000000000000000e+05
50 701 2.022828e-01 1.245516e+00  1.567814657166676852e+03  1.000000000000000000e+05  1.000000000000000000e+05  1.000000000000000000e+13
51 715 1.995209e-01 1.246215e+00  1.567814657166676852e+03  1.000000000000000000e+05  1.000000000000000000e+05  1.000000000000000000e+16
52 729 1.977962e-01 1.250128e+00  1.567814657166676852e+03  1.000000000000000000e+05  1.000000000000000000e+05  1.000000000000000000e+05
53 743 1.905301e-01 1.254743e+00  1.567814657166676852e+03  1.000000000000000000e+05  1.000000000000000000e+05  1.000000000000000000e+05
54 757 1.832189e-01 1.254204e+00  1.567814657166676852e+03  1.000000000000000000e+05  1.000000000000000000e+05  1.000000000000000000e+05
55 771 1.765535e-01 1.258697e+00  1.567814657166676852e+03  1.000000000000000000e+05  1.000000000000000000e+05  1.000000000000000000e+05
56 785 2.387283e-01 1.260819e+00  1.567814657166676852e+03  1.000000000000000000e+05  1.000000000000000000e+05  1.000000000000000000e+05
57 799 2.292973e-01 1.260116e+00  1.567814657166676852e+03  1.000000000000000000e+05  1.000000000000000000e+05  1.000000000000000000e+13
58 813 2.206407e-01 1.260337e+00  1.567814657166676852e+03  1.000000000000000000e+05  1.000000000000000000e+05  1.000000000000000000e+18
59 827 2.118147e-01 1.262451e+00  1.567814657166676852e+03  1.000000000000000000e+05  1.000000000000000000e+05  1.000000000000000000e+15
60 841 2.035172e-01 1.262284e+00  1.567814657166676852e+03  1.000000000000000000e+05  1.000000000000000000e+05  1.000000000000000000e+05
61 855 1.978639e-01 1.259672e+00  1.567814657166676852e+03  1.000000000000000000e+05  1.000000000000000000e+05  1.000000000000000000e+05
62 869 1.918653e-01 1.259717e+00  1.567814657166676852e+03  1.000000000000000000e+05  1.000000000000000000e+05  1.000000000000000000e+11
63 883 1.829079e-01 1.262489e+00  1.567814657166676852e+03  1.000000000000000000e+05  1.000000000000000000e+05  1.000000000000000000e+11
64 897 1.769535e-01 1.264584e+00  1.567814657166676852e+03  1.000000000000000000e+05  1.000000000000000000e+05  1.000000000000000000e+11
65 911 1.757395e-01 1.267367e+00  1.567814657166676852e+03  1.000000000000000000e+05  1.000000000000000000e+05  1.000000000000000000e+11
66 925 1.734809e-01 1.268717e+00  1.567814657166676852e+03  1.000000000000000000e+05  1.000000000000000000e+05  1.000000000000000000e+05
67 939 1.710985e-01 1.267255e+00  1.567814657166676852e+03  1.000000000000000000e+05  1.000000000000000000e+05  1.000000000000000000e+11
68 953 1.662217e-01 1.264962e+00  1.567814657166676852e+03  1.000000000000000000e+05  1.000000000000000000e+05  1.000000000000000000e+11
69 967 1.612884e-01 1.267224e+00  1.567814657166676852e+03  1.000000000000000000e+05  1.000000000000000000e+05  1.000000000000000000e+11
70 981 2.215124e-01 1.268993e+00  1.567814657166676852e+03  1.000000000000000000e+05  1.000000000000000000e+05  1.000000000000000000e+11
71 995 2.195239e-01 1.270081e+00  1.567814657166676852e+03  1.000000000000000000e+05  1.000000000000000000e+05  1.000000000000000000e+11
72 1009 2.131921e-01 1.273319e+00  1.567814657166676852e+03  1.000000000000000000e+05  1.000000000000000000e+05  1.000000000000000000e+11
73 1023 2.069315e-01 1.275967e+00  1.567814657166676852e+03  1.000000000000000000e+05  1.000000000000000000e+05  1.000000000000000000e+11
74 1037 1.992649e-01 1.278465e+00  1.567814657166676852e+03  1.000000000000000000e+05  1.000000000000000000e+05  1.000000000000000000e+11
75 1051 1.925261e-01 1.283635e+00  1.567814657166676852e+03  1.000000000000000000e+05  1.000000000000000000e+05  1.000000000000000000e+11
76 1065 1.863245e-01 1.285533e+00  1.567814657166676852e+03  1.000000000000000000e+05  1.000000000000000000e+05  1.000000000000000000e+05
77 1079 1.845044e-01 1.287752e+00  1.567814657166676852e+03  1.000000000000000000e+05  1.000000000000000000e+05  1.000000000000000000e+05
78 1093 1.803407e-01 1.288680e+00  1.567814657166676852e+03  1.000000000000000000e+05  1.000000000000000000e+05  1.000000000000000000e+11
79 1107 1.735807e-01 1.291426e+00  1.567814657166676852e+03  1.000000000000000000e+05  1.000000000000000000e+05  1.000000000000000000e+11
80 1121 1.659825e-01 1.292207e+00  1.567814657166676852e+03  1.000000000000000000e+05  1.000000000000000000e+05  1.000000000000000000e+05
81 1135 1.578168e-01 1.297623e+00  1.567814657166676852e+03  1.000000000000000000e+05  1.000000000000000000e+05  1.000000000000000000e+11
82 1149 1.503392e-01 1.294258e+00  1.567814657166676852e+03  1.000000000000000000e+05  1.000000000000000000e+05  1.000000000000000000e+05
83 1163 2.049107e-01 1.293468e+00  1.567814657166676852e+03  1.000000000000000000e+05  1.000000000000000000e+05  1.000000000000000000e+05
84 1177 1.977054e-01 1.294948e+00  1.567814657166676852e+03  1.000000000000000000e+05  1.000000000000000000e+05  1.000000000000000000e+05
85 1191 1.928663e-01 1.296182e+00  1.567814657166676852e+03  1.000000000000000000e+05  1.000000000000000000e+05  1.000000000000000000e+05
86 1205 1.907788e-01 1.301151e+00  1.567814657166676852e+03  1.000000000000000000e+05  1.000000000000000000e+05  1.000000000000000000e+11
87 1219 1.847110e-01 1.302031e+00  1.567814657166676852e+03  1.000000000000000000e+05  1.000000000000000000e+05  1.000000000000000000e+11
88 1233 1.751301e-01 1.301478e+00  1.567814657166676852e+03  1.000000000000000000e+05  1.000000000000000000e+05  1.000000000000000000e+11
89 1247 1.670090e-01 1.305673e+00  1.567814657166676852e+03  1.000000000000000000e+05  1.000000000000000000e+05  1.000000000000000000e+11
90 1261 2.225350e-01 1.305970e+00  1.567814657166676852e+03  1.000000000000000000e+05  1.000000000000000000e+05  1.000000000000000000e+05
91 1275 2.164259e-01 1.304231e+00  1.567814657166676852e+03  1.000000000000000000e+05  1.000000000000000000e+05  1.000000000000000000e+05
92 1289 2.107891e-01 1.306759e+00  1.567814657166676852e+03  1.000000000000000000e+05  1.000000000000000000e+05  1.000000000000000000e+11
93 1303 2.085498e-01 1.312305e+00  1.567814657166676852e+03  1.000000000000000000e+05  1.000000000000000000e+05  1.000000000000000000e+13
94 1317 2.051732e-01 1.312830e+00  1.567814657166676852e+03  1.000000000000000000e+05  1.000000000000000000e+05  1.000000000000000000e+13
95 1331 2.003170e-01 1.317000e+00  1.567814657166676852e+03  1.000000000000000000e+05  1.000000000000000000e+05  1.000000000000000000e+05
96 1345 1.950736e-01 1.320763e+00  1.567814657166676852e+03  1.000000000000000000e+05  1.000000000000000000e+05  1.000000000000000000e+05
97 1359 1.864956e-01 1.322943e+00  1.567814657166676852e+03  1.000000000000000000e+05  1.000000000000000000e+05  1.000000000000000000e+11
98 1373 1.810689e-01 1.321281e+00  1.567814657166676852e+03  1.000000000000000000e+05  1.000000000000000000e+05  1.000000000000000000e+05
99 1387 1.746063e-01 1.321442e+00  1.567814657166676852e+03  1.000000000000000000e+05  1.000000000000000000e+05  1.000000000000000000e+05
100 1401 1.660543e-01 1.327221e+00  1.567814657166676852e+03  1.000000000000000000e+05  1.000000000000000000e+05  1.000000000000000000e+05
101 1415 1.588548e-01 1.326192e+00  1.567814657166676852e+03  1.000000000000000000e+05  1.000000000000000000e+05  1.000000000000000000e+05
102 1429 2.138490e-01 1.328953e+00  1.567814657166676852e+03  1.000000000000000000e+05  1.000000000000000000e+05  1.000000000000000000e+11
