%  columns=["iteration, evaluation, sigma, void, void, stds==sigma*sqrt(diag(C))" (startseed=208913, 2023/08/28 15:15:0.21)
1 15 3.889864e-01 0 0 3.886977e-01 3.889657e-01 3.883819e-01 3.894634e-01 3.889791e-01 3.893057e-01 3.881290e-01 3.883507e-01 3.882217e-01 3.887846e-01 3.885946e-01 3.881227e-01 3.881442e-01 3.882416e-01 3.887833e-01 3.886639e-01 3.886778e-01 3.884214e-01 3.886588e-01 3.885543e-01 3.879819e-01 3.885875e-01 3.885398e-01 3.882420e-01 3.882239e-01 3.881315e-01 3.881692e-01 3.893265e-01 3.887272e-01 3.885881e-01 3.884163e-01 3.895989e-01 3.886668e-01 3.885543e-01 
2 29 3.724252e-01 0 0 3.715830e-01 3.726552e-01 3.711832e-01 3.725127e-01 3.717467e-01 3.730060e-01 3.707712e-01 3.713021e-01 3.710728e-01 3.729034e-01 3.717652e-01 3.709247e-01 3.719368e-01 3.715624e-01 3.720526e-01 3.715228e-01 3.721025e-01 3.713610e-01 3.714572e-01 3.713095e-01 3.708409e-01 3.716305e-01 3.713729e-01 3.711230e-01 3.725476e-01 3.711204e-01 3.713466e-01 3.729150e-01 3.719515e-01 3.710954e-01 3.715732e-01 3.723490e-01 3.713710e-01 3.714178e-01 
3 43 3.587149e-01 0 0 3.574596e-01 3.586637e-01 3.568337e-01 3.585793e-01 3.582940e-01 3.601802e-01 3.569657e-01 3.575468e-01 3.567496e-01 3.585615e-01 3.576734e-01 3.568038e-01 3.578336e-01 3.571624e-01 3.581014e-01 3.574018e-01 3.583375e-01 3.574998e-01 3.569457e-01 3.571700e-01 3.572494e-01 3.577188e-01 3.571524e-01 3.571193e-01 3.590295e-01 3.574106e-01 3.571682e-01 3.601640e-01 3.581288e-01 3.570017e-01 3.572221e-01 3.585027e-01 3.570473e-01 3.571512e-01 
4 57 3.435056e-01 0 0 3.419983e-01 3.427842e-01 3.414192e-01 3.429627e-01 3.423214e-01 3.448613e-01 3.416766e-01 3.430828e-01 3.415995e-01 3.441078e-01 3.418839e-01 3.410230e-01 3.420402e-01 3.424058e-01 3.424970e-01 3.418156e-01 3.429345e-01 3.423670e-01 3.418794e-01 3.414797e-01 3.415858e-01 3.418828e-01 3.415776e-01 3.412559e-01 3.441130e-01 3.422885e-01 3.418529e-01 3.448571e-01 3.425215e-01 3.418447e-01 3.422446e-01 3.438190e-01 3.412781e-01 3.415759e-01 
5 71 3.298968e-01 0 0 3.284455e-01 3.287922e-01 3.280591e-01 3.291881e-01 3.281451e-01 3.310025e-01 3.282414e-01 3.287598e-01 3.277661e-01 3.306005e-01 3.276232e-01 3.268391e-01 3.278394e-01 3.283712e-01 3.292172e-01 3.279072e-01 3.288989e-01 3.298205e-01 3.283627e-01 3.273642e-01 3.282039e-01 3.278050e-01 3.274380e-01 3.278159e-01 3.298476e-01 3.285187e-01 3.277403e-01 3.310754e-01 3.285560e-01 3.279117e-01 3.293524e-01 3.310255e-01 3.271310e-01 3.277133e-01 
6 85 3.212126e-01 0 0 3.199064e-01 3.199605e-01 3.189925e-01 3.204443e-01 3.189011e-01 3.222502e-01 3.195731e-01 3.195614e-01 3.186449e-01 3.217717e-01 3.197193e-01 3.175639e-01 3.189769e-01 3.196093e-01 3.204764e-01 3.187008e-01 3.197618e-01 3.208336e-01 3.191637e-01 3.186727e-01 3.189457e-01 3.186215e-01 3.181013e-01 3.186147e-01 3.207470e-01 3.202743e-01 3.191974e-01 3.218847e-01 3.195156e-01 3.189179e-01 3.201460e-01 3.226116e-01 3.192894e-01 3.192745e-01 
7 99 3.095440e-01 0 0 3.085401e-01 3.083369e-01 3.070410e-01 3.088865e-01 3.077173e-01 3.102308e-01 3.078142e-01 3.073472e-01 3.065941e-01 3.101753e-01 3.075698e-01 3.052927e-01 3.073575e-01 3.072397e-01 3.087672e-01 3.066166e-01 3.083468e-01 3.087907e-01 3.075570e-01 3.066836e-01 3.068389e-01 3.074069e-01 3.064058e-01 3.066992e-01 3.083356e-01 3.084162e-01 3.073337e-01 3.096689e-01 3.073815e-01 3.068692e-01 3.080092e-01 3.107021e-01 3.073992e-01 3.069791e-01 
8 113 3.016977e-01 0 0 3.001619e-01 2.999851e-01 2.999343e-01 3.012462e-01 2.997663e-01 3.019786e-01 2.995780e-01 2.990078e-01 2.982048e-01 3.017793e-01 2.993107e-01 2.968963e-01 2.991151e-01 2.993206e-01 3.003815e-01 2.986468e-01 3.005821e-01 3.003521e-01 3.002010e-01 2.984395e-01 2.985848e-01 3.004925e-01 2.986270e-01 2.984040e-01 3.005980e-01 3.009764e-01 2.996235e-01 3.017200e-01 2.990614e-01 2.987236e-01 2.997746e-01 3.029306e-01 2.990403e-01 2.989681e-01 
9 127 2.920911e-01 0 0 2.904493e-01 2.905717e-01 2.901899e-01 2.917940e-01 2.901022e-01 2.917360e-01 2.901111e-01 2.889409e-01 2.885166e-01 2.919707e-01 2.892376e-01 2.870075e-01 2.892753e-01 2.894080e-01 2.906740e-01 2.889185e-01 2.906785e-01 2.901934e-01 2.904346e-01 2.884173e-01 2.885181e-01 2.904511e-01 2.885060e-01 2.886726e-01 2.906351e-01 2.910153e-01 2.895843e-01 2.918430e-01 2.893759e-01 2.887150e-01 2.896807e-01 2.933962e-01 2.897525e-01 2.891058e-01 
10 141 2.854874e-01 0 0 2.833206e-01 2.834094e-01 2.836771e-01 2.855222e-01 2.832755e-01 2.848480e-01 2.836044e-01 2.825247e-01 2.819046e-01 2.849742e-01 2.835878e-01 2.806726e-01 2.836651e-01 2.825334e-01 2.838059e-01 2.820243e-01 2.834044e-01 2.830198e-01 2.843353e-01 2.815157e-01 2.819980e-01 2.840480e-01 2.819251e-01 2.818270e-01 2.840194e-01 2.841043e-01 2.827807e-01 2.849971e-01 2.830860e-01 2.821815e-01 2.833670e-01 2.865608e-01 2.830266e-01 2.822751e-01 
11 155 2.805085e-01 0 0 2.782175e-01 2.779821e-01 2.794923e-01 2.800216e-01 2.779624e-01 2.792631e-01 2.784439e-01 2.772611e-01 2.766531e-01 2.806227e-01 2.782714e-01 2.752235e-01 2.793607e-01 2.774761e-01 2.798308e-01 2.767457e-01 2.778392e-01 2.781195e-01 2.793941e-01 2.762012e-01 2.768225e-01 2.789940e-01 2.764608e-01 2.766692e-01 2.788966e-01 2.788345e-01 2.773333e-01 2.794995e-01 2.783307e-01 2.772294e-01 2.781732e-01 2.817522e-01 2.778670e-01 2.769205e-01 
12 169 2.745236e-01 0 0 2.721705e-01 2.716900e-01 2.740657e-01 2.735503e-01 2.721268e-01 2.727682e-01 2.721935e-01 2.714685e-01 2.708861e-01 2.746434e-01 2.716583e-01 2.686605e-01 2.742173e-01 2.709616e-01 2.738783e-01 2.702371e-01 2.719184e-01 2.721119e-01 2.734874e-01 2.698916e-01 2.718125e-01 2.728165e-01 2.699124e-01 2.701669e-01 2.725783e-01 2.725745e-01 2.712300e-01 2.737801e-01 2.723411e-01 2.713377e-01 2.718037e-01 2.760039e-01 2.719792e-01 2.705499e-01 
13 183 2.648959e-01 0 0 2.622808e-01 2.619179e-01 2.640369e-01 2.638972e-01 2.620007e-01 2.628752e-01 2.623278e-01 2.620746e-01 2.616636e-01 2.647848e-01 2.626917e-01 2.589068e-01 2.648181e-01 2.610740e-01 2.650900e-01 2.604771e-01 2.620952e-01 2.624708e-01 2.638889e-01 2.600311e-01 2.627027e-01 2.632804e-01 2.602719e-01 2.602277e-01 2.637152e-01 2.628292e-01 2.611823e-01 2.640802e-01 2.624132e-01 2.619194e-01 2.622377e-01 2.658807e-01 2.620628e-01 2.605710e-01 
14 197 2.588103e-01 0 0 2.559413e-01 2.560658e-01 2.586388e-01 2.577189e-01 2.557617e-01 2.564371e-01 2.559860e-01 2.562034e-01 2.554363e-01 2.582042e-01 2.567549e-01 2.526651e-01 2.586887e-01 2.544919e-01 2.595565e-01 2.551865e-01 2.555654e-01 2.561242e-01 2.577162e-01 2.539030e-01 2.567509e-01 2.577376e-01 2.544943e-01 2.539534e-01 2.582255e-01 2.564982e-01 2.546539e-01 2.577255e-01 2.564939e-01 2.556458e-01 2.557800e-01 2.593141e-01 2.564340e-01 2.541806e-01 
15 211 2.488584e-01 0 0 2.459291e-01 2.459150e-01 2.489538e-01 2.473286e-01 2.454133e-01 2.462123e-01 2.457225e-01 2.464366e-01 2.453838e-01 2.481315e-01 2.470659e-01 2.427628e-01 2.485534e-01 2.445747e-01 2.491919e-01 2.451063e-01 2.464644e-01 2.458377e-01 2.485797e-01 2.441046e-01 2.469558e-01 2.478188e-01 2.446046e-01 2.439860e-01 2.480011e-01 2.461624e-01 2.445249e-01 2.475837e-01 2.464916e-01 2.458038e-01 2.457322e-01 2.500302e-01 2.463305e-01 2.439512e-01 
16 225 2.371486e-01 0 0 2.343137e-01 2.339013e-01 2.371161e-01 2.355402e-01 2.334655e-01 2.348473e-01 2.337013e-01 2.344990e-01 2.336197e-01 2.362694e-01 2.351316e-01 2.312117e-01 2.366669e-01 2.331050e-01 2.372282e-01 2.331716e-01 2.348080e-01 2.339649e-01 2.367248e-01 2.321303e-01 2.351548e-01 2.360061e-01 2.326389e-01 2.324858e-01 2.359884e-01 2.340923e-01 2.327420e-01 2.356122e-01 2.346183e-01 2.337226e-01 2.344631e-01 2.382435e-01 2.342077e-01 2.321782e-01 
17 239 2.294245e-01 0 0 2.263521e-01 2.258766e-01 2.296208e-01 2.277258e-01 2.259104e-01 2.268114e-01 2.262406e-01 2.271223e-01 2.256309e-01 2.284395e-01 2.271304e-01 2.236733e-01 2.285705e-01 2.251256e-01 2.289602e-01 2.251270e-01 2.273021e-01 2.259700e-01 2.288997e-01 2.249607e-01 2.276423e-01 2.281181e-01 2.250163e-01 2.253462e-01 2.280216e-01 2.262195e-01 2.250457e-01 2.275170e-01 2.266317e-01 2.257305e-01 2.270302e-01 2.301090e-01 2.267540e-01 2.254694e-01 
18 253 2.207738e-01 0 0 2.175912e-01 2.170042e-01 2.208201e-01 2.186737e-01 2.169870e-01 2.180158e-01 2.173842e-01 2.181861e-01 2.167594e-01 2.196693e-01 2.185441e-01 2.148301e-01 2.200562e-01 2.171357e-01 2.197896e-01 2.169015e-01 2.183873e-01 2.177909e-01 2.199474e-01 2.161638e-01 2.186297e-01 2.192297e-01 2.164197e-01 2.165536e-01 2.189324e-01 2.173294e-01 2.165793e-01 2.184159e-01 2.176879e-01 2.168333e-01 2.185056e-01 2.211781e-01 2.181295e-01 2.170463e-01 
19 267 2.151597e-01 0 0 2.116417e-01 2.114618e-01 2.148538e-01 2.129814e-01 2.116193e-01 2.126141e-01 2.117162e-01 2.121378e-01 2.109768e-01 2.141815e-01 2.127050e-01 2.090967e-01 2.142013e-01 2.121094e-01 2.141448e-01 2.114104e-01 2.128482e-01 2.128636e-01 2.143097e-01 2.103424e-01 2.125583e-01 2.133193e-01 2.106003e-01 2.106509e-01 2.130171e-01 2.113214e-01 2.106818e-01 2.133368e-01 2.119580e-01 2.108801e-01 2.137361e-01 2.153120e-01 2.129447e-01 2.115469e-01 
20 281 2.076222e-01 0 0 2.039145e-01 2.036998e-01 2.068974e-01 2.052072e-01 2.037369e-01 2.048442e-01 2.039300e-01 2.050562e-01 2.036316e-01 2.064411e-01 2.050276e-01 2.016432e-01 2.063571e-01 2.046438e-01 2.065168e-01 2.036668e-01 2.055936e-01 2.054060e-01 2.064249e-01 2.027481e-01 2.050499e-01 2.054277e-01 2.029575e-01 2.029208e-01 2.051599e-01 2.038486e-01 2.031375e-01 2.059829e-01 2.041052e-01 2.032418e-01 2.062380e-01 2.076107e-01 2.056260e-01 2.039153e-01 
21 295 2.061214e-01 0 0 2.023921e-01 2.019668e-01 2.050817e-01 2.035409e-01 2.020358e-01 2.033540e-01 2.026115e-01 2.035673e-01 2.020224e-01 2.051647e-01 2.031851e-01 2.001238e-01 2.044918e-01 2.029447e-01 2.047705e-01 2.021455e-01 2.043173e-01 2.039169e-01 2.047998e-01 2.010192e-01 2.032250e-01 2.040750e-01 2.020007e-01 2.015977e-01 2.033293e-01 2.027366e-01 2.014020e-01 2.044766e-01 2.024158e-01 2.014017e-01 2.045755e-01 2.060043e-01 2.050656e-01 2.029273e-01 
22 309 2.023562e-01 0 0 1.985599e-01 1.979678e-01 2.008986e-01 1.997590e-01 1.979974e-01 1.995379e-01 1.989160e-01 1.996789e-01 1.982957e-01 2.015950e-01 1.992439e-01 1.960876e-01 2.003009e-01 1.992549e-01 2.005851e-01 1.981913e-01 2.003148e-01 1.998389e-01 2.014444e-01 1.974318e-01 1.993436e-01 1.999855e-01 1.989122e-01 1.977205e-01 1.997599e-01 1.990095e-01 1.973223e-01 2.005698e-01 1.985653e-01 1.979244e-01 2.009055e-01 2.018075e-01 2.016849e-01 1.989010e-01 
23 323 1.968320e-01 0 0 1.928824e-01 1.922711e-01 1.951497e-01 1.940611e-01 1.921620e-01 1.937590e-01 1.932460e-01 1.940966e-01 1.926644e-01 1.959037e-01 1.939242e-01 1.909346e-01 1.953785e-01 1.939967e-01 1.948193e-01 1.926613e-01 1.948625e-01 1.941450e-01 1.958135e-01 1.920010e-01 1.935797e-01 1.941155e-01 1.934844e-01 1.922376e-01 1.940707e-01 1.933476e-01 1.917006e-01 1.949678e-01 1.927760e-01 1.938379e-01 1.950241e-01 1.960669e-01 1.962377e-01 1.931745e-01 
24 337 1.880411e-01 0 0 1.843470e-01 1.832881e-01 1.861048e-01 1.850381e-01 1.834414e-01 1.851166e-01 1.843688e-01 1.851991e-01 1.839430e-01 1.870022e-01 1.851965e-01 1.821072e-01 1.866286e-01 1.848760e-01 1.858069e-01 1.840762e-01 1.863676e-01 1.854296e-01 1.868390e-01 1.830674e-01 1.845840e-01 1.851820e-01 1.850034e-01 1.840811e-01 1.850333e-01 1.845271e-01 1.832523e-01 1.858725e-01 1.839918e-01 1.854988e-01 1.864836e-01 1.875308e-01 1.872727e-01 1.843132e-01 
25 351 1.812171e-01 0 0 1.773763e-01 1.765664e-01 1.793268e-01 1.781551e-01 1.763922e-01 1.782824e-01 1.773987e-01 1.783730e-01 1.774023e-01 1.801818e-01 1.789298e-01 1.750827e-01 1.805838e-01 1.780459e-01 1.788592e-01 1.770460e-01 1.793055e-01 1.785421e-01 1.798532e-01 1.763624e-01 1.775554e-01 1.783299e-01 1.787315e-01 1.773703e-01 1.783249e-01 1.775710e-01 1.765169e-01 1.787229e-01 1.770532e-01 1.785403e-01 1.795167e-01 1.811796e-01 1.802151e-01 1.772893e-01 
26 365 1.752432e-01 0 0 1.717488e-01 1.707202e-01 1.733158e-01 1.719318e-01 1.705769e-01 1.724312e-01 1.711938e-01 1.722104e-01 1.714329e-01 1.741484e-01 1.728851e-01 1.691793e-01 1.748995e-01 1.724172e-01 1.729785e-01 1.709373e-01 1.730867e-01 1.723330e-01 1.735852e-01 1.701991e-01 1.714362e-01 1.720797e-01 1.733729e-01 1.715297e-01 1.721824e-01 1.715297e-01 1.707716e-01 1.729319e-01 1.710205e-01 1.723806e-01 1.736904e-01 1.750288e-01 1.739030e-01 1.713534e-01 
27 379 1.704924e-01 0 0 1.672174e-01 1.661884e-01 1.683320e-01 1.672375e-01 1.657967e-01 1.675405e-01 1.662748e-01 1.676135e-01 1.666080e-01 1.691423e-01 1.680487e-01 1.643187e-01 1.705689e-01 1.675568e-01 1.682048e-01 1.660545e-01 1.680440e-01 1.674769e-01 1.687098e-01 1.654173e-01 1.667189e-01 1.670759e-01 1.690328e-01 1.667280e-01 1.673708e-01 1.668776e-01 1.659406e-01 1.685056e-01 1.662092e-01 1.674971e-01 1.689036e-01 1.706283e-01 1.694191e-01 1.664116e-01 
28 393 1.649142e-01 0 0 1.619820e-01 1.607457e-01 1.624850e-01 1.615277e-01 1.601116e-01 1.616901e-01 1.606050e-01 1.617846e-01 1.609414e-01 1.635426e-01 1.623636e-01 1.586828e-01 1.651025e-01 1.618934e-01 1.628466e-01 1.603344e-01 1.622544e-01 1.616584e-01 1.631434e-01 1.596122e-01 1.609456e-01 1.615174e-01 1.636135e-01 1.612088e-01 1.615527e-01 1.613763e-01 1.601326e-01 1.627401e-01 1.606336e-01 1.618736e-01 1.631390e-01 1.649486e-01 1.638188e-01 1.606568e-01 
29 407 1.587472e-01 0 0 1.562402e-01 1.546144e-01 1.561764e-01 1.558169e-01 1.539076e-01 1.555346e-01 1.544865e-01 1.555969e-01 1.545969e-01 1.576875e-01 1.562971e-01 1.524255e-01 1.588185e-01 1.558750e-01 1.565786e-01 1.542384e-01 1.564446e-01 1.554547e-01 1.568167e-01 1.537036e-01 1.546987e-01 1.553093e-01 1.574185e-01 1.551346e-01 1.553034e-01 1.552162e-01 1.538423e-01 1.564814e-01 1.545105e-01 1.557569e-01 1.568947e-01 1.589738e-01 1.575796e-01 1.544023e-01 
30 421 1.547579e-01 0 0 1.528765e-01 1.510670e-01 1.520166e-01 1.519536e-01 1.503352e-01 1.514716e-01 1.505843e-01 1.515927e-01 1.506832e-01 1.536351e-01 1.526435e-01 1.485292e-01 1.547041e-01 1.520022e-01 1.524344e-01 1.501954e-01 1.524497e-01 1.513101e-01 1.527096e-01 1.497073e-01 1.508486e-01 1.515547e-01 1.534923e-01 1.509508e-01 1.510667e-01 1.510238e-01 1.498056e-01 1.525538e-01 1.504315e-01 1.515839e-01 1.529320e-01 1.546090e-01 1.534627e-01 1.503876e-01 
31 435 1.509634e-01 0 0 1.494071e-01 1.473405e-01 1.479925e-01 1.482184e-01 1.464356e-01 1.480258e-01 1.467976e-01 1.477523e-01 1.467054e-01 1.497367e-01 1.485177e-01 1.451891e-01 1.506719e-01 1.482410e-01 1.487099e-01 1.463104e-01 1.484671e-01 1.478405e-01 1.488185e-01 1.457628e-01 1.474855e-01 1.479795e-01 1.495725e-01 1.474603e-01 1.470767e-01 1.473138e-01 1.460581e-01 1.488578e-01 1.466604e-01 1.475174e-01 1.491429e-01 1.504861e-01 1.495240e-01 1.465025e-01 
32 449 1.483160e-01 0 0 1.471385e-01 1.455542e-01 1.453461e-01 1.456770e-01 1.439030e-01 1.454115e-01 1.440883e-01 1.449105e-01 1.442907e-01 1.469516e-01 1.455844e-01 1.429348e-01 1.479242e-01 1.454223e-01 1.459662e-01 1.435809e-01 1.457219e-01 1.453015e-01 1.461001e-01 1.428335e-01 1.447241e-01 1.451625e-01 1.471376e-01 1.449752e-01 1.443561e-01 1.444182e-01 1.431609e-01 1.459548e-01 1.441887e-01 1.448961e-01 1.464096e-01 1.479852e-01 1.466592e-01 1.439247e-01 
33 463 1.465160e-01 0 0 1.456760e-01 1.438689e-01 1.433675e-01 1.437747e-01 1.420158e-01 1.436286e-01 1.422599e-01 1.428945e-01 1.425191e-01 1.451460e-01 1.440632e-01 1.414311e-01 1.458958e-01 1.436755e-01 1.440240e-01 1.415212e-01 1.438501e-01 1.435031e-01 1.440716e-01 1.414432e-01 1.430976e-01 1.432246e-01 1.455030e-01 1.430797e-01 1.422763e-01 1.426557e-01 1.411730e-01 1.441806e-01 1.427173e-01 1.433006e-01 1.444151e-01 1.461169e-01 1.448129e-01 1.419876e-01 
34 477 1.446752e-01 0 0 1.440813e-01 1.423813e-01 1.412339e-01 1.417712e-01 1.400864e-01 1.418085e-01 1.403464e-01 1.408840e-01 1.407072e-01 1.430558e-01 1.419964e-01 1.396810e-01 1.438507e-01 1.415453e-01 1.423997e-01 1.395723e-01 1.419887e-01 1.414812e-01 1.419445e-01 1.395220e-01 1.419342e-01 1.414161e-01 1.436565e-01 1.411878e-01 1.404067e-01 1.405325e-01 1.390625e-01 1.420298e-01 1.409006e-01 1.415116e-01 1.425421e-01 1.443467e-01 1.428504e-01 1.399163e-01 
35 491 1.419665e-01 0 0 1.413638e-01 1.397528e-01 1.384857e-01 1.388677e-01 1.371616e-01 1.389143e-01 1.376142e-01 1.380612e-01 1.384921e-01 1.400740e-01 1.391279e-01 1.370486e-01 1.413038e-01 1.387819e-01 1.394778e-01 1.366946e-01 1.390417e-01 1.386752e-01 1.395278e-01 1.367131e-01 1.395121e-01 1.385123e-01 1.409292e-01 1.385216e-01 1.377821e-01 1.376616e-01 1.362987e-01 1.391900e-01 1.382361e-01 1.387068e-01 1.399094e-01 1.415902e-01 1.403296e-01 1.370301e-01 
36 505 1.396587e-01 0 0 1.388674e-01 1.377287e-01 1.360162e-01 1.365405e-01 1.348061e-01 1.365420e-01 1.350521e-01 1.356062e-01 1.367921e-01 1.377473e-01 1.366360e-01 1.347657e-01 1.389699e-01 1.363874e-01 1.371785e-01 1.342289e-01 1.369077e-01 1.362002e-01 1.372488e-01 1.346011e-01 1.373641e-01 1.360703e-01 1.385852e-01 1.362090e-01 1.352709e-01 1.351471e-01 1.340550e-01 1.367051e-01 1.365773e-01 1.364131e-01 1.374349e-01 1.390882e-01 1.379776e-01 1.346476e-01 
37 519 1.391951e-01 0 0 1.382111e-01 1.371549e-01 1.354581e-01 1.359474e-01 1.341282e-01 1.358729e-01 1.343834e-01 1.350960e-01 1.368159e-01 1.371491e-01 1.362540e-01 1.342178e-01 1.384161e-01 1.358396e-01 1.367192e-01 1.340921e-01 1.362899e-01 1.354777e-01 1.369999e-01 1.340600e-01 1.372462e-01 1.357137e-01 1.379433e-01 1.355235e-01 1.346580e-01 1.345202e-01 1.333987e-01 1.360097e-01 1.366205e-01 1.362410e-01 1.370139e-01 1.389439e-01 1.376349e-01 1.340532e-01 
38 533 1.943665e-01 0 0 1.931943e-01 1.913500e-01 1.891957e-01 1.898145e-01 1.868863e-01 1.897667e-01 1.880356e-01 1.885780e-01 1.921249e-01 1.913099e-01 1.901229e-01 1.873517e-01 1.930606e-01 1.895026e-01 1.910947e-01 1.873675e-01 1.899883e-01 1.888987e-01 1.911368e-01 1.869122e-01 1.913997e-01 1.891177e-01 1.924241e-01 1.891031e-01 1.877552e-01 1.875031e-01 1.863903e-01 1.897127e-01 1.910107e-01 1.900535e-01 1.912135e-01 1.942873e-01 1.918946e-01 1.874977e-01 
39 547 1.931161e-01 0 0 1.919340e-01 1.906092e-01 1.876586e-01 1.885653e-01 1.853911e-01 1.884337e-01 1.867467e-01 1.871265e-01 1.910877e-01 1.897412e-01 1.887998e-01 1.864908e-01 1.918214e-01 1.880742e-01 1.896912e-01 1.862618e-01 1.888014e-01 1.872766e-01 1.896711e-01 1.856780e-01 1.904409e-01 1.875417e-01 1.909090e-01 1.876108e-01 1.865098e-01 1.866005e-01 1.849350e-01 1.881677e-01 1.904362e-01 1.885679e-01 1.897557e-01 1.930082e-01 1.909167e-01 1.864432e-01 
40 561 1.882514e-01 0 0 1.875783e-01 1.855949e-01 1.825539e-01 1.839935e-01 1.805023e-01 1.839249e-01 1.819351e-01 1.819988e-01 1.862855e-01 1.848216e-01 1.838258e-01 1.819852e-01 1.866056e-01 1.833194e-01 1.848328e-01 1.813678e-01 1.840087e-01 1.822151e-01 1.848304e-01 1.807160e-01 1.853023e-01 1.827109e-01 1.859872e-01 1.827467e-01 1.814597e-01 1.818067e-01 1.800123e-01 1.832885e-01 1.857618e-01 1.838660e-01 1.849936e-01 1.882038e-01 1.857227e-01 1.818245e-01 
41 575 1.828907e-01 0 0 1.823519e-01 1.799305e-01 1.772168e-01 1.785943e-01 1.750637e-01 1.783355e-01 1.764775e-01 1.765230e-01 1.809287e-01 1.796211e-01 1.784025e-01 1.765167e-01 1.809382e-01 1.778092e-01 1.799329e-01 1.759659e-01 1.787170e-01 1.769092e-01 1.792941e-01 1.752584e-01 1.796017e-01 1.772413e-01 1.803834e-01 1.775504e-01 1.761447e-01 1.762297e-01 1.748773e-01 1.778842e-01 1.802147e-01 1.784411e-01 1.798915e-01 1.825538e-01 1.806445e-01 1.769391e-01 
42 589 1.774109e-01 0 0 1.766408e-01 1.742335e-01 1.715910e-01 1.733642e-01 1.697255e-01 1.727765e-01 1.709595e-01 1.709418e-01 1.756646e-01 1.740379e-01 1.729988e-01 1.709340e-01 1.756961e-01 1.721281e-01 1.744880e-01 1.706478e-01 1.731120e-01 1.712899e-01 1.737747e-01 1.699006e-01 1.741291e-01 1.720536e-01 1.747720e-01 1.718425e-01 1.707970e-01 1.708324e-01 1.693645e-01 1.722992e-01 1.747465e-01 1.730121e-01 1.743723e-01 1.772578e-01 1.753272e-01 1.717213e-01 
43 603 1.709695e-01 0 0 1.698880e-01 1.675585e-01 1.650079e-01 1.668892e-01 1.633375e-01 1.662312e-01 1.646266e-01 1.649593e-01 1.694321e-01 1.673781e-01 1.665257e-01 1.645932e-01 1.690341e-01 1.656233e-01 1.682111e-01 1.644029e-01 1.675515e-01 1.647020e-01 1.671490e-01 1.634563e-01 1.675450e-01 1.657780e-01 1.685327e-01 1.653288e-01 1.647854e-01 1.647277e-01 1.628905e-01 1.660345e-01 1.684145e-01 1.665173e-01 1.678030e-01 1.710552e-01 1.692287e-01 1.654528e-01 
44 617 1.654257e-01 0 0 1.642469e-01 1.623089e-01 1.594371e-01 1.612289e-01 1.577973e-01 1.607047e-01 1.592132e-01 1.596388e-01 1.641376e-01 1.615493e-01 1.610737e-01 1.593718e-01 1.634422e-01 1.600016e-01 1.629881e-01 1.589354e-01 1.616899e-01 1.591856e-01 1.615548e-01 1.584157e-01 1.619630e-01 1.602736e-01 1.631000e-01 1.597311e-01 1.592467e-01 1.590384e-01 1.573744e-01 1.606241e-01 1.630271e-01 1.612687e-01 1.621749e-01 1.654601e-01 1.635701e-01 1.599789e-01 
45 631 1.596317e-01 0 0 1.583019e-01 1.565405e-01 1.535817e-01 1.557521e-01 1.520101e-01 1.548586e-01 1.533485e-01 1.539287e-01 1.585019e-01 1.555417e-01 1.557906e-01 1.539503e-01 1.574522e-01 1.540670e-01 1.575942e-01 1.531302e-01 1.559334e-01 1.533949e-01 1.556567e-01 1.529744e-01 1.560597e-01 1.548450e-01 1.571343e-01 1.538495e-01 1.535673e-01 1.531594e-01 1.516343e-01 1.548639e-01 1.572917e-01 1.554376e-01 1.568219e-01 1.594917e-01 1.577013e-01 1.545440e-01 
46 645 2.145994e-01 0 0 2.127209e-01 2.101246e-01 2.063548e-01 2.090836e-01 2.039999e-01 2.078700e-01 2.058930e-01 2.065243e-01 2.130010e-01 2.087962e-01 2.100613e-01 2.065842e-01 2.113485e-01 2.069660e-01 2.118837e-01 2.054983e-01 2.100287e-01 2.059113e-01 2.088420e-01 2.060605e-01 2.096914e-01 2.079619e-01 2.109207e-01 2.066504e-01 2.061336e-01 2.056078e-01 2.034439e-01 2.079302e-01 2.117367e-01 2.091047e-01 2.105559e-01 2.143308e-01 2.114879e-01 2.077386e-01 
47 659 2.115714e-01 0 0 2.099393e-01 2.070076e-01 2.041168e-01 2.059246e-01 2.006455e-01 2.046694e-01 2.027202e-01 2.032005e-01 2.099680e-01 2.056549e-01 2.067227e-01 2.057481e-01 2.078696e-01 2.042012e-01 2.086843e-01 2.023211e-01 2.069392e-01 2.025622e-01 2.055237e-01 2.030587e-01 2.063314e-01 2.047684e-01 2.077610e-01 2.034045e-01 2.032911e-01 2.025214e-01 2.004351e-01 2.045583e-01 2.086709e-01 2.060183e-01 2.073903e-01 2.111685e-01 2.081023e-01 2.047005e-01 
48 673 2.079804e-01 0 0 2.061275e-01 2.031926e-01 2.006122e-01 2.025793e-01 1.970057e-01 2.011250e-01 1.992210e-01 1.993679e-01 2.062478e-01 2.021229e-01 2.034138e-01 2.029973e-01 2.040552e-01 2.005429e-01 2.062639e-01 1.987355e-01 2.035498e-01 1.988308e-01 2.017526e-01 1.995128e-01 2.023920e-01 2.011858e-01 2.046536e-01 2.010585e-01 1.996354e-01 1.987104e-01 1.968600e-01 2.006332e-01 2.047964e-01 2.027917e-01 2.038821e-01 2.073687e-01 2.043448e-01 2.007697e-01 
49 687 2.063852e-01 0 0 2.042356e-01 2.015045e-01 1.994535e-01 2.013844e-01 1.953127e-01 1.992570e-01 1.974719e-01 1.974689e-01 2.041849e-01 2.001913e-01 2.015015e-01 2.014322e-01 2.022259e-01 1.988023e-01 2.050770e-01 1.969228e-01 2.021965e-01 1.968174e-01 2.000962e-01 1.978249e-01 2.010773e-01 1.993243e-01 2.033347e-01 1.997992e-01 1.978685e-01 1.971161e-01 1.949632e-01 1.989129e-01 2.029851e-01 2.011164e-01 2.021849e-01 2.057912e-01 2.024424e-01 1.991326e-01 
50 701 2.022828e-01 0 0 1.998406e-01 1.978090e-01 1.953959e-01 1.970536e-01 1.912177e-01 1.949990e-01 1.934633e-01 1.931583e-01 2.002211e-01 1.959733e-01 1.974415e-01 1.975268e-01 1.977538e-01 1.947071e-01 2.011213e-01 1.925562e-01 1.979876e-01 1.928131e-01 1.958183e-01 1.935171e-01 1.973416e-01 1.951416e-01 2.000576e-01 1.959370e-01 1.934553e-01 1.933456e-01 1.907704e-01 1.947433e-01 1.989568e-01 1.969564e-01 1.980076e-01 2.013494e-01 1.987314e-01 1.949574e-01 
51 715 1.995209e-01 0 0 1.970566e-01 1.946796e-01 1.928413e-01 1.944700e-01 1.884635e-01 1.921728e-01 1.905452e-01 1.901645e-01 1.974660e-01 1.928784e-01 1.944094e-01 1.949659e-01 1.947528e-01 1.920333e-01 1.984334e-01 1.897269e-01 1.952040e-01 1.901881e-01 1.931108e-01 1.906417e-01 1.943171e-01 1.923510e-01 1.974097e-01 1.935994e-01 1.907982e-01 1.911759e-01 1.879590e-01 1.917234e-01 1.961028e-01 1.948438e-01 1.950559e-01 1.983405e-01 1.958342e-01 1.921964e-01 
52 729 1.977962e-01 0 0 1.959197e-01 1.925812e-01 1.917982e-01 1.929522e-01 1.868384e-01 1.903537e-01 1.888649e-01 1.885592e-01 1.957333e-01 1.917267e-01 1.925206e-01 1.930688e-01 1.929588e-01 1.900948e-01 1.965143e-01 1.878525e-01 1.933343e-01 1.889878e-01 1.914388e-01 1.885566e-01 1.924370e-01 1.905497e-01 1.957619e-01 1.917768e-01 1.888951e-01 1.892979e-01 1.864050e-01 1.897943e-01 1.940484e-01 1.942095e-01 1.931429e-01 1.962730e-01 1.944337e-01 1.901988e-01 
53 743 1.905301e-01 0 0 1.890613e-01 1.852364e-01 1.847641e-01 1.858363e-01 1.797458e-01 1.831169e-01 1.816487e-01 1.813619e-01 1.884404e-01 1.844901e-01 1.851536e-01 1.858978e-01 1.854802e-01 1.830374e-01 1.890439e-01 1.808324e-01 1.859003e-01 1.818704e-01 1.845882e-01 1.816968e-01 1.852297e-01 1.832823e-01 1.883951e-01 1.845490e-01 1.817586e-01 1.821778e-01 1.792468e-01 1.824311e-01 1.864794e-01 1.872632e-01 1.856921e-01 1.893405e-01 1.870790e-01 1.831488e-01 
54 757 1.832189e-01 0 0 1.820214e-01 1.778734e-01 1.779135e-01 1.784224e-01 1.729034e-01 1.764351e-01 1.746683e-01 1.742316e-01 1.810110e-01 1.771506e-01 1.777747e-01 1.790075e-01 1.781228e-01 1.757754e-01 1.816035e-01 1.736486e-01 1.785421e-01 1.747523e-01 1.773655e-01 1.745341e-01 1.779202e-01 1.758608e-01 1.809834e-01 1.772939e-01 1.745744e-01 1.752661e-01 1.722990e-01 1.754821e-01 1.792702e-01 1.800358e-01 1.784847e-01 1.816773e-01 1.797244e-01 1.761256e-01 
55 771 1.765535e-01 0 0 1.755687e-01 1.713964e-01 1.711985e-01 1.719117e-01 1.664302e-01 1.698125e-01 1.681536e-01 1.677124e-01 1.741349e-01 1.705285e-01 1.713507e-01 1.725470e-01 1.712910e-01 1.690932e-01 1.747046e-01 1.670204e-01 1.717292e-01 1.683959e-01 1.707453e-01 1.680386e-01 1.710563e-01 1.691480e-01 1.742800e-01 1.708958e-01 1.680685e-01 1.692613e-01 1.658147e-01 1.691922e-01 1.724858e-01 1.735608e-01 1.718074e-01 1.748763e-01 1.729753e-01 1.694557e-01 
56 785 2.387283e-01 0 0 2.372228e-01 2.319095e-01 2.312039e-01 2.321642e-01 2.247916e-01 2.296001e-01 2.274680e-01 2.262786e-01 2.352678e-01 2.301981e-01 2.317699e-01 2.329884e-01 2.311865e-01 2.285806e-01 2.358313e-01 2.255759e-01 2.318080e-01 2.277202e-01 2.308113e-01 2.270533e-01 2.312109e-01 2.284164e-01 2.354975e-01 2.308141e-01 2.270459e-01 2.290257e-01 2.249976e-01 2.290237e-01 2.331620e-01 2.344358e-01 2.330561e-01 2.361890e-01 2.333015e-01 2.288249e-01 
57 799 2.292973e-01 0 0 2.276947e-01 2.222166e-01 2.221084e-01 2.228175e-01 2.157922e-01 2.203321e-01 2.181723e-01 2.172233e-01 2.256678e-01 2.211350e-01 2.225272e-01 2.232938e-01 2.222351e-01 2.194718e-01 2.262643e-01 2.163386e-01 2.224024e-01 2.184400e-01 2.214827e-01 2.177791e-01 2.217219e-01 2.189845e-01 2.256329e-01 2.212092e-01 2.180828e-01 2.200225e-01 2.157016e-01 2.198233e-01 2.236913e-01 2.249934e-01 2.233160e-01 2.265841e-01 2.243668e-01 2.195119e-01 
58 813 2.206407e-01 0 0 2.187837e-01 2.140106e-01 2.136330e-01 2.140625e-01 2.075351e-01 2.116712e-01 2.097134e-01 2.088595e-01 2.170038e-01 2.123007e-01 2.141930e-01 2.146050e-01 2.141647e-01 2.111432e-01 2.174585e-01 2.079756e-01 2.137772e-01 2.105940e-01 2.129805e-01 2.094458e-01 2.129032e-01 2.103967e-01 2.168935e-01 2.126658e-01 2.102662e-01 2.120973e-01 2.074175e-01 2.114912e-01 2.148799e-01 2.163902e-01 2.144326e-01 2.176473e-01 2.158377e-01 2.109614e-01 
59 827 2.118147e-01 0 0 2.097737e-01 2.051401e-01 2.049685e-01 2.051942e-01 1.996525e-01 2.028107e-01 2.009558e-01 2.001823e-01 2.082361e-01 2.034576e-01 2.056855e-01 2.057300e-01 2.052503e-01 2.023425e-01 2.084507e-01 1.992843e-01 2.047768e-01 2.026064e-01 2.039889e-01 2.013785e-01 2.044218e-01 2.016448e-01 2.080686e-01 2.039926e-01 2.020389e-01 2.037319e-01 1.993137e-01 2.029256e-01 2.063910e-01 2.074169e-01 2.056942e-01 2.085627e-01 2.069217e-01 2.020906e-01 
60 841 2.035172e-01 0 0 2.011163e-01 1.972246e-01 1.966110e-01 1.967464e-01 1.919194e-01 1.945487e-01 1.934270e-01 1.921169e-01 2.000867e-01 1.951413e-01 1.974231e-01 1.972464e-01 1.969552e-01 1.944279e-01 2.004548e-01 1.910124e-01 1.964543e-01 1.949682e-01 1.957571e-01 1.934442e-01 1.960883e-01 1.938557e-01 1.994118e-01 1.958824e-01 1.948547e-01 1.958631e-01 1.917721e-01 1.951976e-01 1.982411e-01 1.991290e-01 1.974271e-01 1.999479e-01 1.990680e-01 1.943239e-01 
61 855 1.978639e-01 0 0 1.951481e-01 1.918874e-01 1.909962e-01 1.914932e-01 1.864695e-01 1.890266e-01 1.888989e-01 1.868398e-01 1.945017e-01 1.893895e-01 1.917239e-01 1.914300e-01 1.912295e-01 1.892165e-01 1.948476e-01 1.852658e-01 1.917007e-01 1.897552e-01 1.903992e-01 1.876599e-01 1.903383e-01 1.884777e-01 1.934854e-01 1.900603e-01 1.892927e-01 1.902717e-01 1.861225e-01 1.897778e-01 1.925566e-01 1.934204e-01 1.919243e-01 1.940190e-01 1.932786e-01 1.886076e-01 
62 869 1.918653e-01 0 0 1.892494e-01 1.858684e-01 1.847622e-01 1.853658e-01 1.805108e-01 1.830266e-01 1.829964e-01 1.812877e-01 1.883359e-01 1.835247e-01 1.857142e-01 1.858797e-01 1.851396e-01 1.836007e-01 1.888714e-01 1.791849e-01 1.855585e-01 1.841786e-01 1.845996e-01 1.815700e-01 1.847289e-01 1.824231e-01 1.872516e-01 1.843072e-01 1.831403e-01 1.843265e-01 1.803209e-01 1.840184e-01 1.864561e-01 1.872034e-01 1.862382e-01 1.878265e-01 1.873072e-01 1.825551e-01 
63 883 1.829079e-01 0 0 1.808529e-01 1.769759e-01 1.757086e-01 1.763339e-01 1.722472e-01 1.742047e-01 1.744923e-01 1.727569e-01 1.795087e-01 1.747433e-01 1.767813e-01 1.772347e-01 1.764904e-01 1.747162e-01 1.796638e-01 1.705723e-01 1.769910e-01 1.754707e-01 1.758110e-01 1.727302e-01 1.760361e-01 1.741135e-01 1.782433e-01 1.760616e-01 1.741527e-01 1.756529e-01 1.727560e-01 1.756276e-01 1.777973e-01 1.782686e-01 1.780821e-01 1.795084e-01 1.786778e-01 1.739038e-01 
64 897 1.769535e-01 0 0 1.748087e-01 1.713318e-01 1.699872e-01 1.703852e-01 1.663753e-01 1.690341e-01 1.686994e-01 1.669157e-01 1.735065e-01 1.686418e-01 1.710831e-01 1.711912e-01 1.706014e-01 1.692217e-01 1.738738e-01 1.650829e-01 1.711027e-01 1.694925e-01 1.702965e-01 1.672510e-01 1.703018e-01 1.682562e-01 1.723287e-01 1.700825e-01 1.681381e-01 1.699368e-01 1.668816e-01 1.706528e-01 1.718108e-01 1.721434e-01 1.719563e-01 1.734209e-01 1.726236e-01 1.680990e-01 
65 911 1.757395e-01 0 0 1.733995e-01 1.698718e-01 1.689623e-01 1.690603e-01 1.650153e-01 1.676272e-01 1.677232e-01 1.655449e-01 1.719336e-01 1.671644e-01 1.699290e-01 1.696792e-01 1.692876e-01 1.687640e-01 1.731896e-01 1.638121e-01 1.700070e-01 1.681116e-01 1.695373e-01 1.658899e-01 1.691382e-01 1.670139e-01 1.712046e-01 1.687493e-01 1.666475e-01 1.691070e-01 1.660655e-01 1.692965e-01 1.708235e-01 1.710342e-01 1.707501e-01 1.719077e-01 1.713950e-01 1.665975e-01 
66 925 1.734809e-01 0 0 1.715893e-01 1.675459e-01 1.665401e-01 1.668112e-01 1.625915e-01 1.650824e-01 1.656180e-01 1.637196e-01 1.695037e-01 1.646170e-01 1.675359e-01 1.674429e-01 1.673753e-01 1.665229e-01 1.708419e-01 1.614067e-01 1.682660e-01 1.656054e-01 1.670588e-01 1.636336e-01 1.668765e-01 1.646177e-01 1.687997e-01 1.662598e-01 1.642137e-01 1.673182e-01 1.640020e-01 1.671837e-01 1.687750e-01 1.687191e-01 1.687549e-01 1.697666e-01 1.689808e-01 1.643456e-01 
67 939 1.710985e-01 0 0 1.690846e-01 1.658193e-01 1.641952e-01 1.644425e-01 1.603006e-01 1.632589e-01 1.639515e-01 1.624248e-01 1.669207e-01 1.620756e-01 1.653200e-01 1.647970e-01 1.651574e-01 1.641352e-01 1.687172e-01 1.589832e-01 1.661027e-01 1.630912e-01 1.654063e-01 1.612037e-01 1.645828e-01 1.620794e-01 1.663952e-01 1.639926e-01 1.618266e-01 1.647669e-01 1.615710e-01 1.648764e-01 1.662079e-01 1.661016e-01 1.663395e-01 1.672087e-01 1.663439e-01 1.616871e-01 
68 953 1.662217e-01 0 0 1.642371e-01 1.611360e-01 1.592800e-01 1.598162e-01 1.558472e-01 1.583874e-01 1.594580e-01 1.575356e-01 1.618976e-01 1.572330e-01 1.607147e-01 1.599336e-01 1.603558e-01 1.591593e-01 1.638436e-01 1.543503e-01 1.620909e-01 1.581464e-01 1.606327e-01 1.569221e-01 1.596846e-01 1.571487e-01 1.614775e-01 1.590835e-01 1.570007e-01 1.599122e-01 1.569597e-01 1.604332e-01 1.611331e-01 1.610740e-01 1.616688e-01 1.622751e-01 1.618869e-01 1.569410e-01 
69 967 1.612884e-01 0 0 1.590269e-01 1.563531e-01 1.544927e-01 1.551813e-01 1.509990e-01 1.538452e-01 1.547255e-01 1.526084e-01 1.568493e-01 1.524783e-01 1.557592e-01 1.560160e-01 1.554906e-01 1.544879e-01 1.588705e-01 1.494039e-01 1.571067e-01 1.531107e-01 1.557873e-01 1.520667e-01 1.549513e-01 1.524942e-01 1.564927e-01 1.542706e-01 1.523914e-01 1.553830e-01 1.519790e-01 1.553918e-01 1.560085e-01 1.563453e-01 1.574984e-01 1.575619e-01 1.569672e-01 1.522515e-01 
70 981 2.215124e-01 0 0 2.181807e-01 2.146680e-01 2.123751e-01 2.127238e-01 2.074846e-01 2.110681e-01 2.125408e-01 2.094570e-01 2.154634e-01 2.089676e-01 2.134183e-01 2.140271e-01 2.131959e-01 2.119246e-01 2.184113e-01 2.050474e-01 2.155825e-01 2.100994e-01 2.136100e-01 2.085919e-01 2.127251e-01 2.091525e-01 2.151637e-01 2.116028e-01 2.093016e-01 2.139041e-01 2.083793e-01 2.130164e-01 2.149647e-01 2.142241e-01 2.165285e-01 2.160888e-01 2.160100e-01 2.088633e-01 
71 995 2.195239e-01 0 0 2.158319e-01 2.125511e-01 2.102254e-01 2.108182e-01 2.053879e-01 2.089159e-01 2.106130e-01 2.075039e-01 2.137612e-01 2.066327e-01 2.113013e-01 2.116390e-01 2.119965e-01 2.096923e-01 2.161641e-01 2.035119e-01 2.134240e-01 2.079009e-01 2.115136e-01 2.065264e-01 2.106906e-01 2.072654e-01 2.132463e-01 2.097702e-01 2.072089e-01 2.117910e-01 2.063367e-01 2.107826e-01 2.131595e-01 2.118218e-01 2.146816e-01 2.141701e-01 2.143553e-01 2.067908e-01 
72 1009 2.131921e-01 0 0 2.093050e-01 2.062353e-01 2.037363e-01 2.045622e-01 1.996461e-01 2.025967e-01 2.043616e-01 2.014007e-01 2.075056e-01 2.010228e-01 2.049171e-01 2.057051e-01 2.058148e-01 2.035412e-01 2.095517e-01 1.982436e-01 2.073286e-01 2.018658e-01 2.049734e-01 2.004101e-01 2.043860e-01 2.015015e-01 2.073193e-01 2.034497e-01 2.016771e-01 2.055639e-01 2.003868e-01 2.043270e-01 2.070886e-01 2.054056e-01 2.088786e-01 2.084168e-01 2.081739e-01 2.007559e-01 
73 1023 2.069315e-01 0 0 2.028437e-01 1.999440e-01 1.973474e-01 1.984738e-01 1.933554e-01 1.968081e-01 1.979589e-01 1.952056e-01 2.011778e-01 1.947517e-01 1.987237e-01 1.995894e-01 1.995199e-01 1.971532e-01 2.034743e-01 1.932927e-01 2.008821e-01 1.957329e-01 1.995462e-01 1.949269e-01 1.981720e-01 1.954969e-01 2.012439e-01 1.975255e-01 1.957068e-01 1.992120e-01 1.950503e-01 1.985885e-01 2.006240e-01 1.991566e-01 2.027565e-01 2.026275e-01 2.024802e-01 1.946907e-01 
74 1037 1.992649e-01 0 0 1.951954e-01 1.922638e-01 1.897035e-01 1.910857e-01 1.859550e-01 1.891243e-01 1.905125e-01 1.878314e-01 1.940758e-01 1.874267e-01 1.913358e-01 1.919724e-01 1.918731e-01 1.900275e-01 1.957040e-01 1.867038e-01 1.933253e-01 1.884340e-01 1.918626e-01 1.875921e-01 1.906935e-01 1.880838e-01 1.939283e-01 1.903808e-01 1.880843e-01 1.915648e-01 1.881322e-01 1.911843e-01 1.928130e-01 1.913762e-01 1.952968e-01 1.947407e-01 1.951473e-01 1.872997e-01 
75 1051 1.925261e-01 0 0 1.885216e-01 1.855958e-01 1.829009e-01 1.843478e-01 1.794634e-01 1.826411e-01 1.843418e-01 1.812708e-01 1.877953e-01 1.809804e-01 1.846665e-01 1.851768e-01 1.853472e-01 1.833794e-01 1.889055e-01 1.800924e-01 1.868493e-01 1.817188e-01 1.855244e-01 1.810087e-01 1.839563e-01 1.814089e-01 1.873980e-01 1.839362e-01 1.818501e-01 1.846962e-01 1.813225e-01 1.845930e-01 1.859641e-01 1.845023e-01 1.886836e-01 1.881040e-01 1.885721e-01 1.806998e-01 
76 1065 1.863245e-01 0 0 1.823195e-01 1.793975e-01 1.768328e-01 1.781330e-01 1.738071e-01 1.767522e-01 1.783342e-01 1.756663e-01 1.818907e-01 1.750956e-01 1.786725e-01 1.791667e-01 1.791152e-01 1.772663e-01 1.825948e-01 1.739765e-01 1.806189e-01 1.759323e-01 1.800730e-01 1.753347e-01 1.778486e-01 1.758599e-01 1.813493e-01 1.778679e-01 1.763800e-01 1.786994e-01 1.754353e-01 1.785810e-01 1.795467e-01 1.781985e-01 1.822946e-01 1.817404e-01 1.821424e-01 1.749616e-01 
77 1079 1.845044e-01 0 0 1.806313e-01 1.774203e-01 1.749400e-01 1.766909e-01 1.720991e-01 1.747526e-01 1.765564e-01 1.739675e-01 1.804721e-01 1.733807e-01 1.769617e-01 1.774073e-01 1.770293e-01 1.751544e-01 1.804370e-01 1.722676e-01 1.784855e-01 1.739504e-01 1.781342e-01 1.737965e-01 1.759210e-01 1.740590e-01 1.793947e-01 1.762040e-01 1.748445e-01 1.768852e-01 1.737482e-01 1.766348e-01 1.777113e-01 1.763147e-01 1.803975e-01 1.800301e-01 1.804659e-01 1.730920e-01 
78 1093 1.803407e-01 0 0 1.761980e-01 1.731560e-01 1.707521e-01 1.725607e-01 1.679521e-01 1.706474e-01 1.726578e-01 1.698385e-01 1.765526e-01 1.693180e-01 1.727882e-01 1.733340e-01 1.726028e-01 1.709835e-01 1.760337e-01 1.683325e-01 1.740872e-01 1.700464e-01 1.742868e-01 1.699949e-01 1.716087e-01 1.699389e-01 1.757245e-01 1.720956e-01 1.708077e-01 1.726879e-01 1.697888e-01 1.724537e-01 1.733998e-01 1.721459e-01 1.762209e-01 1.757615e-01 1.761002e-01 1.689064e-01 
79 1107 1.735807e-01 0 0 1.692192e-01 1.667116e-01 1.640184e-01 1.660790e-01 1.613218e-01 1.639104e-01 1.660024e-01 1.631960e-01 1.701006e-01 1.628980e-01 1.660444e-01 1.669144e-01 1.661210e-01 1.646232e-01 1.694702e-01 1.618196e-01 1.675134e-01 1.632779e-01 1.674960e-01 1.634332e-01 1.649711e-01 1.632690e-01 1.691105e-01 1.656783e-01 1.643838e-01 1.663066e-01 1.632026e-01 1.658163e-01 1.665152e-01 1.653851e-01 1.698356e-01 1.687944e-01 1.691625e-01 1.626328e-01 
80 1121 1.659825e-01 0 0 1.619499e-01 1.594085e-01 1.567442e-01 1.584889e-01 1.545226e-01 1.564109e-01 1.585108e-01 1.560418e-01 1.624779e-01 1.556152e-01 1.585844e-01 1.594109e-01 1.592146e-01 1.571949e-01 1.620985e-01 1.544552e-01 1.599313e-01 1.559377e-01 1.601327e-01 1.562033e-01 1.576256e-01 1.558118e-01 1.617017e-01 1.581257e-01 1.568980e-01 1.587875e-01 1.564545e-01 1.583809e-01 1.595812e-01 1.577716e-01 1.622122e-01 1.610772e-01 1.617293e-01 1.553197e-01 
81 1135 1.578168e-01 0 0 1.536318e-01 1.512531e-01 1.490662e-01 1.505373e-01 1.465871e-01 1.485390e-01 1.505592e-01 1.482020e-01 1.544333e-01 1.478423e-01 1.509001e-01 1.512588e-01 1.512004e-01 1.493916e-01 1.540651e-01 1.467306e-01 1.519135e-01 1.480257e-01 1.521010e-01 1.485433e-01 1.496067e-01 1.479935e-01 1.536760e-01 1.507542e-01 1.489907e-01 1.510567e-01 1.486267e-01 1.502565e-01 1.516240e-01 1.496414e-01 1.542387e-01 1.532834e-01 1.539774e-01 1.475146e-01 
82 1149 1.503392e-01 0 0 1.461640e-01 1.439600e-01 1.418686e-01 1.432043e-01 1.396080e-01 1.411932e-01 1.433320e-01 1.410388e-01 1.471378e-01 1.406226e-01 1.438377e-01 1.440410e-01 1.441724e-01 1.426094e-01 1.464833e-01 1.396561e-01 1.446828e-01 1.407654e-01 1.447412e-01 1.414199e-01 1.422415e-01 1.411119e-01 1.461197e-01 1.437323e-01 1.417964e-01 1.438623e-01 1.414735e-01 1.430597e-01 1.441619e-01 1.424083e-01 1.467586e-01 1.458395e-01 1.466285e-01 1.405681e-01 
83 1163 2.049107e-01 0 0 1.990262e-01 1.960821e-01 1.934076e-01 1.950101e-01 1.899644e-01 1.923143e-01 1.950149e-01 1.920297e-01 2.003167e-01 1.914204e-01 1.959730e-01 1.962020e-01 1.962043e-01 1.940462e-01 1.993862e-01 1.900938e-01 1.970529e-01 1.914778e-01 1.969788e-01 1.928344e-01 1.934632e-01 1.921452e-01 1.988659e-01 1.958282e-01 1.933172e-01 1.960604e-01 1.927127e-01 1.948517e-01 1.967455e-01 1.937271e-01 2.002973e-01 1.991604e-01 2.007162e-01 1.912354e-01 
84 1177 1.977054e-01 0 0 1.915764e-01 1.889240e-01 1.861510e-01 1.878327e-01 1.832038e-01 1.852325e-01 1.879303e-01 1.851274e-01 1.932170e-01 1.845208e-01 1.889886e-01 1.894676e-01 1.893699e-01 1.870608e-01 1.920849e-01 1.833789e-01 1.898517e-01 1.843888e-01 1.899471e-01 1.857798e-01 1.864219e-01 1.851032e-01 1.915150e-01 1.886566e-01 1.865885e-01 1.896905e-01 1.858764e-01 1.879559e-01 1.897623e-01 1.867164e-01 1.931675e-01 1.923023e-01 1.938162e-01 1.845935e-01 
85 1191 1.928663e-01 0 0 1.867568e-01 1.841946e-01 1.818854e-01 1.830051e-01 1.784069e-01 1.804888e-01 1.832199e-01 1.802064e-01 1.881522e-01 1.798316e-01 1.844033e-01 1.849404e-01 1.843737e-01 1.824355e-01 1.869886e-01 1.785558e-01 1.849316e-01 1.796383e-01 1.852360e-01 1.810030e-01 1.815858e-01 1.807071e-01 1.864977e-01 1.836600e-01 1.818790e-01 1.848354e-01 1.813047e-01 1.831226e-01 1.849684e-01 1.818006e-01 1.883785e-01 1.875981e-01 1.892503e-01 1.798574e-01 
86 1205 1.907788e-01 0 0 1.843547e-01 1.821126e-01 1.800777e-01 1.806343e-01 1.765213e-01 1.785427e-01 1.814697e-01 1.782374e-01 1.858735e-01 1.777726e-01 1.825441e-01 1.829918e-01 1.819821e-01 1.801280e-01 1.852464e-01 1.763007e-01 1.826606e-01 1.779454e-01 1.831623e-01 1.788990e-01 1.795051e-01 1.784292e-01 1.842416e-01 1.813661e-01 1.797159e-01 1.825662e-01 1.792422e-01 1.809643e-01 1.827890e-01 1.798330e-01 1.866863e-01 1.860505e-01 1.873150e-01 1.776285e-01 
87 1219 1.847110e-01 0 0 1.781362e-01 1.764232e-01 1.744973e-01 1.746126e-01 1.704916e-01 1.726268e-01 1.755266e-01 1.724695e-01 1.796646e-01 1.719087e-01 1.766724e-01 1.770458e-01 1.762469e-01 1.742218e-01 1.793304e-01 1.704032e-01 1.766220e-01 1.722978e-01 1.770344e-01 1.729145e-01 1.741153e-01 1.726005e-01 1.785511e-01 1.756675e-01 1.740969e-01 1.766106e-01 1.736217e-01 1.749208e-01 1.766613e-01 1.737768e-01 1.805200e-01 1.804953e-01 1.813414e-01 1.720022e-01 
88 1233 1.751301e-01 0 0 1.685332e-01 1.672868e-01 1.652305e-01 1.658703e-01 1.614159e-01 1.633088e-01 1.660331e-01 1.635706e-01 1.701073e-01 1.625911e-01 1.675790e-01 1.677357e-01 1.669544e-01 1.650950e-01 1.697753e-01 1.613469e-01 1.672104e-01 1.632927e-01 1.675433e-01 1.635982e-01 1.653879e-01 1.635210e-01 1.690046e-01 1.666345e-01 1.648629e-01 1.670766e-01 1.643630e-01 1.657418e-01 1.671442e-01 1.645121e-01 1.709815e-01 1.708040e-01 1.721375e-01 1.630317e-01 
89 1247 1.670090e-01 0 0 1.604499e-01 1.594947e-01 1.573980e-01 1.580439e-01 1.536117e-01 1.554854e-01 1.582868e-01 1.560360e-01 1.620757e-01 1.548612e-01 1.601827e-01 1.598235e-01 1.589452e-01 1.574938e-01 1.616726e-01 1.535769e-01 1.591687e-01 1.557114e-01 1.600024e-01 1.558794e-01 1.576159e-01 1.559789e-01 1.608831e-01 1.588467e-01 1.570520e-01 1.592014e-01 1.568726e-01 1.577826e-01 1.591703e-01 1.569188e-01 1.630252e-01 1.629870e-01 1.639223e-01 1.551471e-01 
90 1261 2.225350e-01 0 0 2.132802e-01 2.127164e-01 2.095956e-01 2.102918e-01 2.044780e-01 2.066984e-01 2.105739e-01 2.075539e-01 2.162546e-01 2.063715e-01 2.133341e-01 2.134700e-01 2.122066e-01 2.106975e-01 2.153057e-01 2.043533e-01 2.118493e-01 2.072609e-01 2.129853e-01 2.074399e-01 2.096938e-01 2.076128e-01 2.145027e-01 2.115339e-01 2.089965e-01 2.119145e-01 2.085919e-01 2.103212e-01 2.119237e-01 2.089165e-01 2.174433e-01 2.167325e-01 2.181270e-01 2.070413e-01 
91 1275 2.164259e-01 0 0 2.074409e-01 2.071120e-01 2.035473e-01 2.041676e-01 1.985810e-01 2.018137e-01 2.044785e-01 2.016415e-01 2.099724e-01 2.004215e-01 2.075098e-01 2.073491e-01 2.064018e-01 2.046112e-01 2.092566e-01 1.985211e-01 2.061532e-01 2.012482e-01 2.068642e-01 2.014853e-01 2.036925e-01 2.026779e-01 2.085015e-01 2.057391e-01 2.028885e-01 2.062135e-01 2.024469e-01 2.042443e-01 2.062143e-01 2.030526e-01 2.111889e-01 2.104531e-01 2.117507e-01 2.010444e-01 
92 1289 2.107891e-01 0 0 2.019902e-01 2.016498e-01 1.981065e-01 1.984736e-01 1.932089e-01 1.963160e-01 1.987963e-01 1.961273e-01 2.043114e-01 1.950885e-01 2.023314e-01 2.020289e-01 2.009212e-01 1.988658e-01 2.035423e-01 1.930966e-01 2.003535e-01 1.962781e-01 2.015022e-01 1.958797e-01 1.984902e-01 1.980068e-01 2.029338e-01 2.003937e-01 1.975642e-01 2.007914e-01 1.971890e-01 1.986056e-01 2.005919e-01 1.973130e-01 2.058895e-01 2.049745e-01 2.057933e-01 1.955116e-01 
93 1303 2.085498e-01 0 0 2.000901e-01 1.994002e-01 1.959915e-01 1.965397e-01 1.908020e-01 1.939332e-01 1.970299e-01 1.938259e-01 2.025318e-01 1.927020e-01 2.001284e-01 1.995813e-01 1.984521e-01 1.965270e-01 2.009413e-01 1.913840e-01 1.986398e-01 1.939787e-01 1.994815e-01 1.937238e-01 1.961941e-01 1.972917e-01 2.005017e-01 1.979653e-01 1.952098e-01 1.984447e-01 1.947522e-01 1.962790e-01 1.981901e-01 1.948902e-01 2.033281e-01 2.027337e-01 2.034380e-01 1.933131e-01 
94 1317 2.051732e-01 0 0 1.968240e-01 1.963492e-01 1.925901e-01 1.931621e-01 1.873045e-01 1.907898e-01 1.936552e-01 1.902550e-01 1.993255e-01 1.893958e-01 1.972416e-01 1.963206e-01 1.949050e-01 1.936167e-01 1.976007e-01 1.886205e-01 1.952670e-01 1.908212e-01 1.960693e-01 1.905752e-01 1.926314e-01 1.946047e-01 1.976286e-01 1.946681e-01 1.918829e-01 1.950996e-01 1.911426e-01 1.930484e-01 1.951950e-01 1.913847e-01 1.997164e-01 1.991285e-01 2.004301e-01 1.905196e-01 
95 1331 2.003170e-01 0 0 1.923923e-01 1.915046e-01 1.876273e-01 1.884214e-01 1.825217e-01 1.861526e-01 1.887324e-01 1.855372e-01 1.943366e-01 1.846419e-01 1.922441e-01 1.917113e-01 1.901711e-01 1.886615e-01 1.927708e-01 1.838297e-01 1.906005e-01 1.861734e-01 1.910032e-01 1.861458e-01 1.879842e-01 1.903291e-01 1.928528e-01 1.901783e-01 1.869689e-01 1.902093e-01 1.861628e-01 1.883243e-01 1.905308e-01 1.867224e-01 1.949553e-01 1.946710e-01 1.955711e-01 1.858887e-01 
96 1345 1.950736e-01 0 0 1.874053e-01 1.862873e-01 1.824769e-01 1.836424e-01 1.775003e-01 1.813172e-01 1.834466e-01 1.806215e-01 1.893172e-01 1.795478e-01 1.872257e-01 1.869114e-01 1.849967e-01 1.839291e-01 1.874636e-01 1.787628e-01 1.853752e-01 1.811904e-01 1.859718e-01 1.809578e-01 1.827177e-01 1.854392e-01 1.876316e-01 1.850948e-01 1.822315e-01 1.850599e-01 1.811747e-01 1.830788e-01 1.853666e-01 1.816426e-01 1.897359e-01 1.894227e-01 1.903693e-01 1.807772e-01 
97 1359 1.864956e-01 0 0 1.789607e-01 1.790153e-01 1.741810e-01 1.754322e-01 1.692548e-01 1.730427e-01 1.751706e-01 1.724984e-01 1.806908e-01 1.714120e-01 1.789560e-01 1.783470e-01 1.772072e-01 1.756125e-01 1.797791e-01 1.709503e-01 1.767698e-01 1.729663e-01 1.783728e-01 1.729410e-01 1.745512e-01 1.773033e-01 1.790651e-01 1.775093e-01 1.738676e-01 1.767634e-01 1.729834e-01 1.749471e-01 1.770267e-01 1.734611e-01 1.810563e-01 1.808007e-01 1.816144e-01 1.726382e-01 
98 1373 1.810689e-01 0 0 1.739867e-01 1.737098e-01 1.692093e-01 1.702498e-01 1.641993e-01 1.678752e-01 1.700220e-01 1.674868e-01 1.752354e-01 1.664976e-01 1.736478e-01 1.732217e-01 1.728158e-01 1.704101e-01 1.742890e-01 1.656866e-01 1.713594e-01 1.679360e-01 1.731054e-01 1.680973e-01 1.695480e-01 1.720361e-01 1.735596e-01 1.724329e-01 1.686695e-01 1.715777e-01 1.675979e-01 1.697926e-01 1.716096e-01 1.680953e-01 1.757461e-01 1.753532e-01 1.761114e-01 1.676801e-01 
99 1387 1.746063e-01 0 0 1.674031e-01 1.675000e-01 1.629088e-01 1.641984e-01 1.580805e-01 1.621021e-01 1.636149e-01 1.612151e-01 1.687026e-01 1.605754e-01 1.673174e-01 1.667523e-01 1.667811e-01 1.641454e-01 1.679101e-01 1.595792e-01 1.652316e-01 1.619778e-01 1.666867e-01 1.622360e-01 1.632286e-01 1.656820e-01 1.674010e-01 1.662284e-01 1.624568e-01 1.650677e-01 1.614337e-01 1.635288e-01 1.651843e-01 1.621979e-01 1.693944e-01 1.687748e-01 1.694626e-01 1.614583e-01 
100 1401 1.660543e-01 0 0 1.591016e-01 1.591227e-01 1.547006e-01 1.562010e-01 1.500032e-01 1.539233e-01 1.556132e-01 1.531823e-01 1.602550e-01 1.525585e-01 1.593310e-01 1.583688e-01 1.585204e-01 1.559262e-01 1.596634e-01 1.515366e-01 1.568111e-01 1.538878e-01 1.584346e-01 1.541238e-01 1.561490e-01 1.574658e-01 1.589406e-01 1.579478e-01 1.542811e-01 1.569593e-01 1.533738e-01 1.554459e-01 1.569298e-01 1.543097e-01 1.608962e-01 1.603417e-01 1.609850e-01 1.532710e-01 
101 1415 1.588548e-01 0 0 1.520358e-01 1.521405e-01 1.477750e-01 1.491351e-01 1.431953e-01 1.471919e-01 1.489113e-01 1.465047e-01 1.530844e-01 1.458280e-01 1.522915e-01 1.518631e-01 1.515505e-01 1.488949e-01 1.524725e-01 1.449011e-01 1.499244e-01 1.471466e-01 1.513023e-01 1.478226e-01 1.490766e-01 1.505345e-01 1.521417e-01 1.509680e-01 1.477306e-01 1.499402e-01 1.467949e-01 1.486037e-01 1.502719e-01 1.474512e-01 1.540818e-01 1.531888e-01 1.537096e-01 1.466266e-01 
102 1429 2.138490e-01 0 0 2.042064e-01 2.053857e-01 1.985070e-01 2.012449e-01 1.923790e-01 1.983580e-01 2.006110e-01 1.969347e-01 2.060165e-01 1.959174e-01 2.050479e-01 2.043683e-01 2.041152e-01 2.003432e-01 2.047958e-01 1.948988e-01 2.020729e-01 1.980051e-01 2.038672e-01 1.986693e-01 2.005339e-01 2.021494e-01 2.043426e-01 2.030774e-01 1.992390e-01 2.015573e-01 1.975950e-01 1.998079e-01 2.027332e-01 1.987379e-01 2.072752e-01 2.059214e-01 2.065376e-01 1.971208e-01 
