%  columns=["iteration, evaluation, sigma, void, void, stds==sigma*sqrt(diag(C))" (startseed=210772, 2023/08/19 5:0:52.73)
1 15 2.813835e-01 0 0 2.807788e-01 2.815852e-01 2.810030e-01 2.810015e-01 2.809491e-01 2.824652e-01 2.814920e-01 2.812023e-01 2.807930e-01 2.814169e-01 2.807080e-01 2.813354e-01 2.809281e-01 2.809856e-01 2.807629e-01 2.808653e-01 2.814601e-01 2.816139e-01 2.807084e-01 2.817084e-01 2.813020e-01 2.809619e-01 2.808060e-01 2.815783e-01 2.813001e-01 2.808837e-01 2.807438e-01 2.810870e-01 2.807686e-01 2.808601e-01 2.816120e-01 2.809561e-01 2.813333e-01 2.816296e-01 
2 29 2.705439e-01 0 0 2.698339e-01 2.704457e-01 2.695864e-01 2.697664e-01 2.696370e-01 2.715511e-01 2.705657e-01 2.699417e-01 2.699619e-01 2.700042e-01 2.695313e-01 2.704106e-01 2.695812e-01 2.695474e-01 2.695816e-01 2.695457e-01 2.710826e-01 2.704174e-01 2.695215e-01 2.708067e-01 2.703412e-01 2.710420e-01 2.700295e-01 2.702433e-01 2.700094e-01 2.701775e-01 2.694703e-01 2.697864e-01 2.702548e-01 2.702531e-01 2.707156e-01 2.699382e-01 2.700214e-01 2.709904e-01 
3 43 2.598644e-01 0 0 2.589328e-01 2.601893e-01 2.593113e-01 2.586941e-01 2.588380e-01 2.608725e-01 2.598491e-01 2.588115e-01 2.592033e-01 2.594861e-01 2.586650e-01 2.593797e-01 2.584979e-01 2.583088e-01 2.588642e-01 2.586978e-01 2.604602e-01 2.593369e-01 2.584584e-01 2.595231e-01 2.597816e-01 2.601723e-01 2.588810e-01 2.590369e-01 2.587465e-01 2.590105e-01 2.586084e-01 2.593800e-01 2.598352e-01 2.591609e-01 2.600236e-01 2.589074e-01 2.592116e-01 2.598166e-01 
4 57 2.494306e-01 0 0 2.484204e-01 2.494250e-01 2.483089e-01 2.481201e-01 2.481147e-01 2.500788e-01 2.495123e-01 2.485804e-01 2.484052e-01 2.486290e-01 2.477946e-01 2.483933e-01 2.479479e-01 2.477121e-01 2.480929e-01 2.478019e-01 2.498732e-01 2.486071e-01 2.475971e-01 2.485385e-01 2.491221e-01 2.494036e-01 2.482071e-01 2.486890e-01 2.479106e-01 2.483838e-01 2.478247e-01 2.490507e-01 2.491680e-01 2.481518e-01 2.491293e-01 2.482387e-01 2.483547e-01 2.490302e-01 
5 71 2.459571e-01 0 0 2.447013e-01 2.458631e-01 2.448083e-01 2.445795e-01 2.442708e-01 2.465690e-01 2.463083e-01 2.455274e-01 2.452425e-01 2.453136e-01 2.440830e-01 2.445240e-01 2.443543e-01 2.442048e-01 2.443098e-01 2.440146e-01 2.469075e-01 2.447528e-01 2.437747e-01 2.447798e-01 2.454021e-01 2.456625e-01 2.450102e-01 2.454980e-01 2.443842e-01 2.448348e-01 2.446713e-01 2.454181e-01 2.452950e-01 2.444605e-01 2.454709e-01 2.449615e-01 2.445368e-01 2.456778e-01 
6 85 2.342441e-01 0 0 2.326654e-01 2.337233e-01 2.331696e-01 2.325899e-01 2.321700e-01 2.345757e-01 2.363903e-01 2.334461e-01 2.335594e-01 2.336132e-01 2.320135e-01 2.323982e-01 2.323211e-01 2.329072e-01 2.323430e-01 2.327624e-01 2.355050e-01 2.327260e-01 2.319816e-01 2.329483e-01 2.334712e-01 2.334555e-01 2.332302e-01 2.337688e-01 2.325276e-01 2.328154e-01 2.326572e-01 2.336979e-01 2.334612e-01 2.327737e-01 2.335148e-01 2.331025e-01 2.326381e-01 2.335503e-01 
7 99 2.251656e-01 0 0 2.232220e-01 2.244996e-01 2.238538e-01 2.233637e-01 2.229195e-01 2.255385e-01 2.279618e-01 2.240347e-01 2.242685e-01 2.245032e-01 2.227434e-01 2.230626e-01 2.231965e-01 2.236291e-01 2.229859e-01 2.232022e-01 2.262261e-01 2.232435e-01 2.227010e-01 2.239949e-01 2.240483e-01 2.244612e-01 2.240144e-01 2.254427e-01 2.232197e-01 2.234556e-01 2.235190e-01 2.245785e-01 2.243961e-01 2.234961e-01 2.240388e-01 2.243072e-01 2.236442e-01 2.244389e-01 
8 113 2.147207e-01 0 0 2.126922e-01 2.139537e-01 2.133159e-01 2.128520e-01 2.131968e-01 2.147465e-01 2.175249e-01 2.134097e-01 2.135588e-01 2.143789e-01 2.124304e-01 2.124486e-01 2.127953e-01 2.131572e-01 2.123691e-01 2.126508e-01 2.158019e-01 2.125387e-01 2.121832e-01 2.136094e-01 2.132212e-01 2.138619e-01 2.131615e-01 2.148904e-01 2.130631e-01 2.127655e-01 2.130372e-01 2.137620e-01 2.139153e-01 2.130661e-01 2.132413e-01 2.137474e-01 2.133855e-01 2.139434e-01 
9 127 2.064375e-01 0 0 2.042162e-01 2.054245e-01 2.046866e-01 2.043387e-01 2.047138e-01 2.062524e-01 2.090980e-01 2.051011e-01 2.048659e-01 2.067679e-01 2.039385e-01 2.039123e-01 2.043707e-01 2.046941e-01 2.042257e-01 2.043107e-01 2.075547e-01 2.040078e-01 2.038376e-01 2.050164e-01 2.049255e-01 2.052314e-01 2.045478e-01 2.072599e-01 2.052580e-01 2.042218e-01 2.049453e-01 2.057826e-01 2.054053e-01 2.044405e-01 2.048574e-01 2.052515e-01 2.047592e-01 2.052872e-01 
10 141 1.987567e-01 0 0 1.967536e-01 1.983177e-01 1.968376e-01 1.966591e-01 1.968265e-01 1.989168e-01 2.009318e-01 1.973401e-01 1.969011e-01 1.991116e-01 1.958801e-01 1.958926e-01 1.966909e-01 1.969774e-01 1.964859e-01 1.965802e-01 1.997858e-01 1.959948e-01 1.958791e-01 1.970891e-01 1.972404e-01 1.973628e-01 1.964672e-01 1.992533e-01 1.975730e-01 1.962985e-01 1.971077e-01 1.977411e-01 1.974959e-01 1.970173e-01 1.969530e-01 1.974392e-01 1.970695e-01 1.974057e-01 
11 155 1.908317e-01 0 0 1.885706e-01 1.905203e-01 1.888168e-01 1.888868e-01 1.888680e-01 1.921480e-01 1.925284e-01 1.891010e-01 1.889425e-01 1.908805e-01 1.880094e-01 1.879302e-01 1.885995e-01 1.890090e-01 1.883135e-01 1.884952e-01 1.917882e-01 1.878466e-01 1.879686e-01 1.888755e-01 1.890618e-01 1.892685e-01 1.884019e-01 1.909891e-01 1.895638e-01 1.886941e-01 1.889597e-01 1.903989e-01 1.892964e-01 1.891480e-01 1.890335e-01 1.892973e-01 1.890594e-01 1.892770e-01 
12 169 1.836180e-01 0 0 1.815021e-01 1.832597e-01 1.818763e-01 1.820903e-01 1.814634e-01 1.846690e-01 1.848838e-01 1.817898e-01 1.816830e-01 1.837280e-01 1.805864e-01 1.804956e-01 1.811021e-01 1.818725e-01 1.810619e-01 1.813125e-01 1.842199e-01 1.803784e-01 1.808977e-01 1.815231e-01 1.827463e-01 1.821798e-01 1.810828e-01 1.834221e-01 1.822047e-01 1.812110e-01 1.819613e-01 1.828790e-01 1.820289e-01 1.818310e-01 1.816658e-01 1.823444e-01 1.815376e-01 1.818220e-01 
13 183 1.741617e-01 0 0 1.722513e-01 1.736138e-01 1.721766e-01 1.724676e-01 1.720617e-01 1.753748e-01 1.751218e-01 1.722411e-01 1.722801e-01 1.744123e-01 1.711181e-01 1.707898e-01 1.714869e-01 1.737047e-01 1.713290e-01 1.716535e-01 1.745256e-01 1.709016e-01 1.715848e-01 1.722481e-01 1.733049e-01 1.726491e-01 1.716711e-01 1.738411e-01 1.726245e-01 1.715890e-01 1.724254e-01 1.736343e-01 1.723831e-01 1.723462e-01 1.723543e-01 1.725340e-01 1.718343e-01 1.726559e-01 
14 197 1.696960e-01 0 0 1.676685e-01 1.692182e-01 1.677197e-01 1.679216e-01 1.677815e-01 1.705938e-01 1.703689e-01 1.684135e-01 1.675501e-01 1.697030e-01 1.665671e-01 1.662351e-01 1.671515e-01 1.689939e-01 1.671120e-01 1.670354e-01 1.698492e-01 1.664657e-01 1.678147e-01 1.676225e-01 1.687643e-01 1.678734e-01 1.670675e-01 1.692645e-01 1.684182e-01 1.668046e-01 1.677255e-01 1.690968e-01 1.679547e-01 1.676801e-01 1.676670e-01 1.681884e-01 1.676197e-01 1.680911e-01 
15 211 1.652110e-01 0 0 1.630413e-01 1.644166e-01 1.629568e-01 1.630994e-01 1.632858e-01 1.661072e-01 1.668144e-01 1.636722e-01 1.631686e-01 1.651609e-01 1.619363e-01 1.614681e-01 1.628101e-01 1.641956e-01 1.625831e-01 1.625160e-01 1.651544e-01 1.619516e-01 1.635470e-01 1.629306e-01 1.641763e-01 1.632847e-01 1.623095e-01 1.646093e-01 1.638257e-01 1.620520e-01 1.632503e-01 1.645867e-01 1.636408e-01 1.629272e-01 1.629315e-01 1.635100e-01 1.631613e-01 1.637299e-01 
16 225 1.614394e-01 0 0 1.594015e-01 1.606752e-01 1.589342e-01 1.591566e-01 1.593706e-01 1.623850e-01 1.634930e-01 1.597638e-01 1.592091e-01 1.614082e-01 1.584322e-01 1.578592e-01 1.590159e-01 1.601175e-01 1.586727e-01 1.584412e-01 1.610959e-01 1.583690e-01 1.598724e-01 1.590191e-01 1.604003e-01 1.595795e-01 1.591797e-01 1.608936e-01 1.603319e-01 1.579683e-01 1.595238e-01 1.607390e-01 1.600294e-01 1.589998e-01 1.599235e-01 1.600363e-01 1.590964e-01 1.598324e-01 
17 239 1.581290e-01 0 0 1.560544e-01 1.569948e-01 1.556830e-01 1.556130e-01 1.560354e-01 1.592624e-01 1.600693e-01 1.566353e-01 1.556488e-01 1.579501e-01 1.556545e-01 1.546176e-01 1.556779e-01 1.566009e-01 1.551767e-01 1.550799e-01 1.578571e-01 1.550096e-01 1.563555e-01 1.555597e-01 1.572278e-01 1.562550e-01 1.557202e-01 1.572824e-01 1.568204e-01 1.545014e-01 1.560687e-01 1.572247e-01 1.566123e-01 1.554773e-01 1.573904e-01 1.565110e-01 1.556166e-01 1.563865e-01 
18 253 1.556423e-01 0 0 1.534568e-01 1.542348e-01 1.532798e-01 1.529148e-01 1.536993e-01 1.565907e-01 1.573791e-01 1.538458e-01 1.533551e-01 1.552561e-01 1.529223e-01 1.520673e-01 1.532211e-01 1.539070e-01 1.526193e-01 1.523289e-01 1.552134e-01 1.527569e-01 1.538651e-01 1.529465e-01 1.546512e-01 1.537455e-01 1.531328e-01 1.548114e-01 1.541636e-01 1.518310e-01 1.533297e-01 1.548215e-01 1.541677e-01 1.527091e-01 1.556291e-01 1.539602e-01 1.530806e-01 1.537527e-01 
19 267 1.513317e-01 0 0 1.490047e-01 1.503746e-01 1.488943e-01 1.485197e-01 1.492959e-01 1.520868e-01 1.529373e-01 1.493333e-01 1.491750e-01 1.510475e-01 1.495746e-01 1.476564e-01 1.486458e-01 1.495847e-01 1.484185e-01 1.478346e-01 1.506676e-01 1.483488e-01 1.494983e-01 1.486620e-01 1.500559e-01 1.499839e-01 1.489302e-01 1.502654e-01 1.500782e-01 1.473441e-01 1.488391e-01 1.506511e-01 1.499637e-01 1.483149e-01 1.515880e-01 1.494586e-01 1.485961e-01 1.492641e-01 
20 281 1.468834e-01 0 0 1.444977e-01 1.461316e-01 1.444039e-01 1.440185e-01 1.446407e-01 1.476008e-01 1.482764e-01 1.446774e-01 1.445511e-01 1.462971e-01 1.461123e-01 1.431966e-01 1.441767e-01 1.449696e-01 1.438633e-01 1.438817e-01 1.462695e-01 1.440180e-01 1.450671e-01 1.440825e-01 1.455072e-01 1.454383e-01 1.445943e-01 1.455714e-01 1.455229e-01 1.426579e-01 1.441883e-01 1.458918e-01 1.453395e-01 1.437147e-01 1.469413e-01 1.448078e-01 1.441948e-01 1.445955e-01 
21 295 2.002991e-01 0 0 1.968668e-01 1.994596e-01 1.969365e-01 1.969255e-01 1.969684e-01 2.012432e-01 2.021428e-01 1.968882e-01 1.968910e-01 1.992732e-01 1.998811e-01 1.949555e-01 1.962049e-01 1.976836e-01 1.958175e-01 1.964089e-01 1.992197e-01 1.961960e-01 1.977042e-01 1.960332e-01 1.984478e-01 1.983684e-01 1.974828e-01 1.987993e-01 1.988446e-01 1.945014e-01 1.966254e-01 1.990113e-01 1.983559e-01 1.957662e-01 2.008246e-01 1.984631e-01 1.962072e-01 1.971015e-01 
22 309 1.939100e-01 0 0 1.906988e-01 1.927422e-01 1.904576e-01 1.903830e-01 1.904017e-01 1.943222e-01 1.956856e-01 1.903064e-01 1.909910e-01 1.926624e-01 1.938350e-01 1.887923e-01 1.896248e-01 1.911347e-01 1.893982e-01 1.899182e-01 1.926917e-01 1.897786e-01 1.910893e-01 1.897690e-01 1.920797e-01 1.917551e-01 1.911321e-01 1.921028e-01 1.921689e-01 1.884171e-01 1.900287e-01 1.922837e-01 1.917258e-01 1.891594e-01 1.943503e-01 1.927516e-01 1.897241e-01 1.907245e-01 
23 323 1.872191e-01 0 0 1.840042e-01 1.856501e-01 1.837807e-01 1.837135e-01 1.837305e-01 1.873885e-01 1.888046e-01 1.832952e-01 1.844043e-01 1.856929e-01 1.875759e-01 1.818693e-01 1.830289e-01 1.847966e-01 1.825198e-01 1.831291e-01 1.858584e-01 1.830962e-01 1.840596e-01 1.828266e-01 1.852302e-01 1.850809e-01 1.844474e-01 1.851033e-01 1.852891e-01 1.817840e-01 1.832325e-01 1.855412e-01 1.847052e-01 1.823374e-01 1.875328e-01 1.858386e-01 1.828870e-01 1.839361e-01 
24 337 1.812354e-01 0 0 1.778083e-01 1.793950e-01 1.780039e-01 1.775389e-01 1.776119e-01 1.814698e-01 1.825869e-01 1.771565e-01 1.785247e-01 1.799027e-01 1.818882e-01 1.756210e-01 1.770959e-01 1.788223e-01 1.765962e-01 1.773038e-01 1.797134e-01 1.769657e-01 1.781135e-01 1.768311e-01 1.791953e-01 1.789694e-01 1.787176e-01 1.789556e-01 1.790823e-01 1.762600e-01 1.776179e-01 1.797901e-01 1.785751e-01 1.761753e-01 1.815281e-01 1.797484e-01 1.768531e-01 1.778888e-01 
25 351 1.788904e-01 0 0 1.755013e-01 1.769624e-01 1.754792e-01 1.748193e-01 1.752315e-01 1.787411e-01 1.802681e-01 1.750198e-01 1.762182e-01 1.779397e-01 1.793644e-01 1.731059e-01 1.752211e-01 1.761270e-01 1.742722e-01 1.748321e-01 1.772368e-01 1.744051e-01 1.755057e-01 1.747217e-01 1.767904e-01 1.762382e-01 1.761847e-01 1.767075e-01 1.764491e-01 1.736701e-01 1.751248e-01 1.777711e-01 1.759904e-01 1.736042e-01 1.791697e-01 1.775322e-01 1.743086e-01 1.755403e-01 
26 365 1.768746e-01 0 0 1.733210e-01 1.747264e-01 1.734016e-01 1.726760e-01 1.729229e-01 1.768697e-01 1.779869e-01 1.729763e-01 1.740148e-01 1.758837e-01 1.772656e-01 1.709878e-01 1.730872e-01 1.738208e-01 1.725107e-01 1.729594e-01 1.750521e-01 1.721302e-01 1.732127e-01 1.730958e-01 1.747921e-01 1.739550e-01 1.740192e-01 1.748671e-01 1.743885e-01 1.716550e-01 1.736014e-01 1.758480e-01 1.736725e-01 1.713940e-01 1.770647e-01 1.756192e-01 1.721447e-01 1.739839e-01 
27 379 1.759883e-01 0 0 1.723811e-01 1.737442e-01 1.723666e-01 1.715523e-01 1.721744e-01 1.760129e-01 1.770271e-01 1.720605e-01 1.730068e-01 1.749106e-01 1.762347e-01 1.699198e-01 1.718962e-01 1.726457e-01 1.714627e-01 1.720067e-01 1.741586e-01 1.714479e-01 1.721497e-01 1.728146e-01 1.737867e-01 1.728761e-01 1.730672e-01 1.737997e-01 1.733005e-01 1.706080e-01 1.729362e-01 1.749879e-01 1.723906e-01 1.701724e-01 1.760668e-01 1.747898e-01 1.713148e-01 1.730582e-01 
28 393 1.703535e-01 0 0 1.666294e-01 1.678237e-01 1.666049e-01 1.657454e-01 1.665343e-01 1.701187e-01 1.711440e-01 1.665479e-01 1.673418e-01 1.690028e-01 1.705841e-01 1.641579e-01 1.660975e-01 1.670823e-01 1.656721e-01 1.662315e-01 1.683597e-01 1.657818e-01 1.664514e-01 1.676255e-01 1.680033e-01 1.670020e-01 1.673304e-01 1.682956e-01 1.674512e-01 1.652671e-01 1.674746e-01 1.692447e-01 1.671483e-01 1.645758e-01 1.705250e-01 1.691822e-01 1.656041e-01 1.676059e-01 
29 407 1.654386e-01 0 0 1.617346e-01 1.627405e-01 1.615356e-01 1.607300e-01 1.615546e-01 1.651431e-01 1.660319e-01 1.615764e-01 1.624289e-01 1.641591e-01 1.655365e-01 1.593208e-01 1.609902e-01 1.618941e-01 1.606983e-01 1.614260e-01 1.634937e-01 1.609955e-01 1.612634e-01 1.627619e-01 1.628097e-01 1.619864e-01 1.623687e-01 1.634224e-01 1.623615e-01 1.602657e-01 1.629120e-01 1.644911e-01 1.619907e-01 1.599107e-01 1.655680e-01 1.639855e-01 1.613783e-01 1.627582e-01 
30 421 1.603983e-01 0 0 1.566618e-01 1.579091e-01 1.565214e-01 1.559996e-01 1.564618e-01 1.599853e-01 1.608276e-01 1.568504e-01 1.572451e-01 1.589154e-01 1.606156e-01 1.542052e-01 1.558660e-01 1.569482e-01 1.556283e-01 1.562166e-01 1.582994e-01 1.559426e-01 1.564015e-01 1.578963e-01 1.576080e-01 1.572161e-01 1.571569e-01 1.583486e-01 1.573725e-01 1.552553e-01 1.580076e-01 1.592645e-01 1.572566e-01 1.553844e-01 1.603360e-01 1.587572e-01 1.562279e-01 1.577593e-01 
31 435 1.529880e-01 0 0 1.494114e-01 1.506146e-01 1.490125e-01 1.486199e-01 1.490925e-01 1.523173e-01 1.531183e-01 1.493419e-01 1.504189e-01 1.513569e-01 1.537212e-01 1.467520e-01 1.484081e-01 1.494789e-01 1.483507e-01 1.487440e-01 1.511691e-01 1.483898e-01 1.492607e-01 1.507562e-01 1.504862e-01 1.497217e-01 1.496520e-01 1.508107e-01 1.499356e-01 1.478058e-01 1.507407e-01 1.520843e-01 1.504619e-01 1.483214e-01 1.529064e-01 1.511506e-01 1.491211e-01 1.505747e-01 
32 449 2.037115e-01 0 0 1.986805e-01 2.004055e-01 1.980535e-01 1.975918e-01 1.981321e-01 2.032865e-01 2.036763e-01 1.984746e-01 1.999254e-01 2.019280e-01 2.046594e-01 1.950025e-01 1.972903e-01 1.987669e-01 1.971373e-01 1.979822e-01 2.013236e-01 1.972778e-01 1.985007e-01 2.011219e-01 2.003688e-01 1.989915e-01 1.994108e-01 2.008439e-01 1.994524e-01 1.965994e-01 2.004115e-01 2.026058e-01 2.001333e-01 1.971197e-01 2.035128e-01 2.009631e-01 1.983739e-01 2.006573e-01 
33 463 1.920702e-01 0 0 1.874737e-01 1.885940e-01 1.864707e-01 1.863144e-01 1.864710e-01 1.916519e-01 1.920185e-01 1.867665e-01 1.881314e-01 1.899302e-01 1.926458e-01 1.835933e-01 1.864986e-01 1.873890e-01 1.855252e-01 1.864223e-01 1.895145e-01 1.855747e-01 1.876140e-01 1.896196e-01 1.886070e-01 1.872484e-01 1.878858e-01 1.891087e-01 1.878713e-01 1.851949e-01 1.889264e-01 1.909235e-01 1.886293e-01 1.858761e-01 1.917857e-01 1.893872e-01 1.867908e-01 1.889592e-01 
34 477 1.828074e-01 0 0 1.780588e-01 1.792947e-01 1.774074e-01 1.772835e-01 1.776771e-01 1.824964e-01 1.824525e-01 1.773652e-01 1.786722e-01 1.804011e-01 1.834709e-01 1.749915e-01 1.772724e-01 1.782445e-01 1.762193e-01 1.772421e-01 1.804379e-01 1.765859e-01 1.785469e-01 1.802300e-01 1.795588e-01 1.778727e-01 1.791752e-01 1.799097e-01 1.794952e-01 1.761010e-01 1.797870e-01 1.816686e-01 1.792449e-01 1.769554e-01 1.828004e-01 1.801920e-01 1.777672e-01 1.796249e-01 
35 491 1.749640e-01 0 0 1.701581e-01 1.712380e-01 1.696260e-01 1.694330e-01 1.697947e-01 1.744802e-01 1.744930e-01 1.693725e-01 1.709512e-01 1.725099e-01 1.755994e-01 1.675005e-01 1.694832e-01 1.704226e-01 1.685827e-01 1.697245e-01 1.727764e-01 1.689710e-01 1.706089e-01 1.724789e-01 1.717062e-01 1.701546e-01 1.713798e-01 1.718290e-01 1.715953e-01 1.681901e-01 1.719588e-01 1.739149e-01 1.712746e-01 1.699268e-01 1.746655e-01 1.724297e-01 1.699170e-01 1.718001e-01 
36 505 1.685702e-01 0 0 1.640218e-01 1.649547e-01 1.630943e-01 1.628688e-01 1.639730e-01 1.679645e-01 1.685659e-01 1.628967e-01 1.645547e-01 1.662431e-01 1.688112e-01 1.613627e-01 1.631960e-01 1.647058e-01 1.621459e-01 1.633107e-01 1.664453e-01 1.625149e-01 1.643218e-01 1.658479e-01 1.656771e-01 1.642311e-01 1.650163e-01 1.653683e-01 1.652127e-01 1.617850e-01 1.657964e-01 1.671891e-01 1.647709e-01 1.638338e-01 1.683593e-01 1.661286e-01 1.637300e-01 1.654798e-01 
37 519 1.633702e-01 0 0 1.586886e-01 1.599640e-01 1.579399e-01 1.575227e-01 1.588360e-01 1.625658e-01 1.643005e-01 1.575359e-01 1.592955e-01 1.610413e-01 1.636067e-01 1.562664e-01 1.582435e-01 1.594188e-01 1.569410e-01 1.580804e-01 1.610863e-01 1.572578e-01 1.589779e-01 1.608975e-01 1.604616e-01 1.592688e-01 1.596330e-01 1.603751e-01 1.598681e-01 1.567168e-01 1.604915e-01 1.621492e-01 1.595923e-01 1.588912e-01 1.630581e-01 1.613335e-01 1.583728e-01 1.601159e-01 
38 533 1.581178e-01 0 0 1.533089e-01 1.546893e-01 1.528514e-01 1.535080e-01 1.535910e-01 1.572059e-01 1.587828e-01 1.521643e-01 1.541991e-01 1.556723e-01 1.581507e-01 1.510557e-01 1.529329e-01 1.540696e-01 1.516933e-01 1.529501e-01 1.557621e-01 1.524897e-01 1.537751e-01 1.555924e-01 1.551012e-01 1.539680e-01 1.543857e-01 1.553355e-01 1.548574e-01 1.516769e-01 1.553408e-01 1.568688e-01 1.544627e-01 1.537081e-01 1.580020e-01 1.558667e-01 1.531462e-01 1.547509e-01 
39 547 1.538347e-01 0 0 1.496193e-01 1.507731e-01 1.485301e-01 1.491885e-01 1.493157e-01 1.526265e-01 1.546279e-01 1.479370e-01 1.496915e-01 1.513250e-01 1.537681e-01 1.467731e-01 1.490034e-01 1.498179e-01 1.473335e-01 1.491246e-01 1.514626e-01 1.480123e-01 1.495427e-01 1.513581e-01 1.510781e-01 1.496241e-01 1.502330e-01 1.518477e-01 1.507906e-01 1.474315e-01 1.517777e-01 1.525969e-01 1.499622e-01 1.494420e-01 1.535544e-01 1.514892e-01 1.487665e-01 1.503953e-01 
40 561 1.497306e-01 0 0 1.454598e-01 1.466386e-01 1.447016e-01 1.450184e-01 1.453174e-01 1.486021e-01 1.504165e-01 1.436692e-01 1.457380e-01 1.469757e-01 1.493968e-01 1.425549e-01 1.448104e-01 1.455607e-01 1.433217e-01 1.448954e-01 1.478673e-01 1.438574e-01 1.452974e-01 1.471557e-01 1.472999e-01 1.457584e-01 1.462862e-01 1.482147e-01 1.465186e-01 1.432438e-01 1.478124e-01 1.485213e-01 1.457305e-01 1.453397e-01 1.493264e-01 1.472503e-01 1.447522e-01 1.463303e-01 
41 575 1.452550e-01 0 0 1.410829e-01 1.421914e-01 1.401710e-01 1.406387e-01 1.406834e-01 1.441332e-01 1.457279e-01 1.396029e-01 1.410969e-01 1.423376e-01 1.447291e-01 1.380567e-01 1.403617e-01 1.409734e-01 1.390135e-01 1.407193e-01 1.433937e-01 1.393233e-01 1.411023e-01 1.427488e-01 1.431353e-01 1.418491e-01 1.415932e-01 1.435368e-01 1.420581e-01 1.389933e-01 1.433652e-01 1.441431e-01 1.413067e-01 1.409877e-01 1.445566e-01 1.430068e-01 1.402105e-01 1.418575e-01 
42 589 1.403737e-01 0 0 1.360856e-01 1.372620e-01 1.352716e-01 1.358199e-01 1.357988e-01 1.390444e-01 1.406137e-01 1.346706e-01 1.361262e-01 1.372939e-01 1.397094e-01 1.333179e-01 1.352971e-01 1.361248e-01 1.343252e-01 1.358252e-01 1.383232e-01 1.345808e-01 1.363256e-01 1.381777e-01 1.383590e-01 1.374024e-01 1.367666e-01 1.385525e-01 1.373761e-01 1.343115e-01 1.389084e-01 1.392630e-01 1.365680e-01 1.362830e-01 1.396287e-01 1.386783e-01 1.354217e-01 1.372383e-01 
43 603 1.346790e-01 0 0 1.305261e-01 1.315627e-01 1.299589e-01 1.301325e-01 1.302266e-01 1.331581e-01 1.346529e-01 1.291302e-01 1.303588e-01 1.316410e-01 1.338270e-01 1.277888e-01 1.298829e-01 1.304940e-01 1.287065e-01 1.308055e-01 1.330077e-01 1.290299e-01 1.309353e-01 1.324163e-01 1.324722e-01 1.317097e-01 1.311042e-01 1.328060e-01 1.315942e-01 1.288277e-01 1.333319e-01 1.334935e-01 1.311411e-01 1.307788e-01 1.337559e-01 1.328578e-01 1.300017e-01 1.314813e-01 
44 617 1.840728e-01 0 0 1.783894e-01 1.794788e-01 1.777660e-01 1.775969e-01 1.781970e-01 1.817241e-01 1.845988e-01 1.762294e-01 1.784929e-01 1.795554e-01 1.825713e-01 1.744293e-01 1.779619e-01 1.782423e-01 1.759227e-01 1.787727e-01 1.815711e-01 1.762270e-01 1.789496e-01 1.809481e-01 1.820170e-01 1.800864e-01 1.791105e-01 1.812577e-01 1.796737e-01 1.757553e-01 1.821451e-01 1.821131e-01 1.790238e-01 1.786399e-01 1.826326e-01 1.813100e-01 1.774785e-01 1.794144e-01 
45 631 1.789813e-01 0 0 1.733561e-01 1.746316e-01 1.725550e-01 1.725854e-01 1.733952e-01 1.765307e-01 1.796437e-01 1.712977e-01 1.733453e-01 1.746037e-01 1.771892e-01 1.695295e-01 1.729963e-01 1.734319e-01 1.710397e-01 1.737480e-01 1.763758e-01 1.711345e-01 1.739434e-01 1.758174e-01 1.770764e-01 1.746710e-01 1.739546e-01 1.760025e-01 1.748373e-01 1.707434e-01 1.777859e-01 1.773144e-01 1.740401e-01 1.735235e-01 1.773113e-01 1.759879e-01 1.723340e-01 1.744014e-01 
46 645 1.743780e-01 0 0 1.686330e-01 1.701288e-01 1.678730e-01 1.679069e-01 1.687150e-01 1.716026e-01 1.751858e-01 1.666781e-01 1.687230e-01 1.700264e-01 1.724208e-01 1.650901e-01 1.687460e-01 1.687923e-01 1.663962e-01 1.692426e-01 1.716776e-01 1.665426e-01 1.693271e-01 1.715716e-01 1.724064e-01 1.699128e-01 1.691162e-01 1.716149e-01 1.699955e-01 1.667364e-01 1.729591e-01 1.723970e-01 1.695142e-01 1.693281e-01 1.725105e-01 1.713377e-01 1.686833e-01 1.698725e-01 
47 659 1.708375e-01 0 0 1.649334e-01 1.664141e-01 1.644473e-01 1.641685e-01 1.650824e-01 1.678615e-01 1.713023e-01 1.629827e-01 1.650226e-01 1.666363e-01 1.687447e-01 1.624413e-01 1.654248e-01 1.652679e-01 1.627969e-01 1.655415e-01 1.682066e-01 1.628100e-01 1.658399e-01 1.677738e-01 1.685566e-01 1.660584e-01 1.653697e-01 1.678112e-01 1.662598e-01 1.637867e-01 1.693586e-01 1.686411e-01 1.659283e-01 1.657874e-01 1.686490e-01 1.676862e-01 1.652515e-01 1.661406e-01 
48 673 1.669090e-01 0 0 1.613085e-01 1.623359e-01 1.603509e-01 1.605819e-01 1.609233e-01 1.638035e-01 1.673631e-01 1.590370e-01 1.610846e-01 1.629867e-01 1.648488e-01 1.587856e-01 1.617408e-01 1.612512e-01 1.591919e-01 1.613717e-01 1.640569e-01 1.592345e-01 1.617625e-01 1.637995e-01 1.645097e-01 1.619241e-01 1.612140e-01 1.637015e-01 1.623015e-01 1.601702e-01 1.655161e-01 1.644484e-01 1.620239e-01 1.619204e-01 1.645835e-01 1.635503e-01 1.612815e-01 1.627186e-01 
49 687 1.645238e-01 0 0 1.588684e-01 1.597516e-01 1.576658e-01 1.588713e-01 1.582785e-01 1.616537e-01 1.647171e-01 1.565449e-01 1.586132e-01 1.607840e-01 1.623357e-01 1.569119e-01 1.592574e-01 1.587228e-01 1.567615e-01 1.594286e-01 1.620261e-01 1.571037e-01 1.593570e-01 1.615077e-01 1.623318e-01 1.592798e-01 1.591059e-01 1.613646e-01 1.597417e-01 1.578257e-01 1.630717e-01 1.619478e-01 1.598851e-01 1.594940e-01 1.620007e-01 1.610163e-01 1.591924e-01 1.602287e-01 
50 701 1.607046e-01 0 0 1.549009e-01 1.559672e-01 1.536882e-01 1.551202e-01 1.544732e-01 1.580218e-01 1.606301e-01 1.527254e-01 1.548831e-01 1.568086e-01 1.584584e-01 1.535681e-01 1.560514e-01 1.547841e-01 1.530451e-01 1.554967e-01 1.582724e-01 1.533664e-01 1.554016e-01 1.577864e-01 1.583294e-01 1.554035e-01 1.551384e-01 1.575269e-01 1.558853e-01 1.541066e-01 1.601250e-01 1.581378e-01 1.558985e-01 1.555608e-01 1.581760e-01 1.572554e-01 1.552992e-01 1.562252e-01 
51 715 1.555695e-01 0 0 1.496362e-01 1.507930e-01 1.485976e-01 1.500367e-01 1.493129e-01 1.527101e-01 1.555108e-01 1.477285e-01 1.500745e-01 1.516051e-01 1.532846e-01 1.486017e-01 1.510987e-01 1.495665e-01 1.479476e-01 1.502406e-01 1.530652e-01 1.484602e-01 1.500878e-01 1.525704e-01 1.530744e-01 1.501481e-01 1.506121e-01 1.523217e-01 1.509435e-01 1.494075e-01 1.548586e-01 1.529504e-01 1.509547e-01 1.505137e-01 1.530856e-01 1.519291e-01 1.501366e-01 1.510239e-01 
52 729 1.551568e-01 0 0 1.492005e-01 1.504740e-01 1.479310e-01 1.503049e-01 1.485690e-01 1.521258e-01 1.549486e-01 1.473942e-01 1.496231e-01 1.509183e-01 1.527607e-01 1.486805e-01 1.508062e-01 1.488535e-01 1.473332e-01 1.495299e-01 1.529473e-01 1.477443e-01 1.499709e-01 1.519494e-01 1.525949e-01 1.496785e-01 1.498794e-01 1.517486e-01 1.504053e-01 1.494761e-01 1.546088e-01 1.523697e-01 1.505311e-01 1.500327e-01 1.526397e-01 1.513124e-01 1.499336e-01 1.508891e-01 
53 743 1.530938e-01 0 0 1.470128e-01 1.485535e-01 1.456706e-01 1.482693e-01 1.463400e-01 1.499791e-01 1.529638e-01 1.452176e-01 1.475143e-01 1.489735e-01 1.504813e-01 1.468607e-01 1.488114e-01 1.468318e-01 1.451379e-01 1.474500e-01 1.510886e-01 1.458905e-01 1.479199e-01 1.496033e-01 1.504577e-01 1.474327e-01 1.476808e-01 1.494904e-01 1.484321e-01 1.475896e-01 1.525636e-01 1.503849e-01 1.483736e-01 1.481416e-01 1.507041e-01 1.490284e-01 1.477657e-01 1.486610e-01 
54 757 1.488071e-01 0 0 1.430484e-01 1.444469e-01 1.416697e-01 1.439776e-01 1.420644e-01 1.456029e-01 1.488465e-01 1.410764e-01 1.437329e-01 1.447147e-01 1.459848e-01 1.426859e-01 1.446170e-01 1.426275e-01 1.409287e-01 1.430570e-01 1.472165e-01 1.416320e-01 1.438817e-01 1.455093e-01 1.460415e-01 1.432688e-01 1.432985e-01 1.450225e-01 1.440508e-01 1.435836e-01 1.481755e-01 1.459875e-01 1.440082e-01 1.436340e-01 1.465360e-01 1.447589e-01 1.432861e-01 1.442316e-01 
55 771 1.453513e-01 0 0 1.395228e-01 1.410183e-01 1.381668e-01 1.406246e-01 1.385707e-01 1.419846e-01 1.454945e-01 1.375303e-01 1.403113e-01 1.411276e-01 1.424247e-01 1.394216e-01 1.411398e-01 1.390318e-01 1.373653e-01 1.394787e-01 1.436063e-01 1.381639e-01 1.406831e-01 1.423204e-01 1.426601e-01 1.397972e-01 1.396844e-01 1.416997e-01 1.406061e-01 1.401409e-01 1.445317e-01 1.425816e-01 1.406666e-01 1.402129e-01 1.432661e-01 1.411179e-01 1.398191e-01 1.408144e-01 
56 785 2.005340e-01 0 0 1.924869e-01 1.942810e-01 1.903117e-01 1.942649e-01 1.909597e-01 1.957538e-01 2.006314e-01 1.898091e-01 1.936338e-01 1.958440e-01 1.961875e-01 1.931289e-01 1.944724e-01 1.919460e-01 1.890842e-01 1.923994e-01 1.976970e-01 1.910599e-01 1.941001e-01 1.963422e-01 1.965641e-01 1.929689e-01 1.927660e-01 1.958289e-01 1.937218e-01 1.931712e-01 1.992584e-01 1.963965e-01 1.938191e-01 1.932271e-01 1.978954e-01 1.943946e-01 1.929992e-01 1.941777e-01 
57 799 1.945827e-01 0 0 1.864693e-01 1.886073e-01 1.843015e-01 1.891517e-01 1.849868e-01 1.898422e-01 1.948546e-01 1.837838e-01 1.874820e-01 1.906098e-01 1.901080e-01 1.876542e-01 1.889594e-01 1.862533e-01 1.830055e-01 1.865778e-01 1.914530e-01 1.854693e-01 1.882059e-01 1.901171e-01 1.906750e-01 1.872005e-01 1.867021e-01 1.897826e-01 1.878818e-01 1.877941e-01 1.930712e-01 1.903583e-01 1.884452e-01 1.872921e-01 1.916829e-01 1.881938e-01 1.869167e-01 1.880749e-01 
58 813 1.871388e-01 0 0 1.789844e-01 1.809924e-01 1.773898e-01 1.819591e-01 1.778529e-01 1.822276e-01 1.871257e-01 1.766476e-01 1.806817e-01 1.837763e-01 1.826043e-01 1.806659e-01 1.819861e-01 1.790132e-01 1.756616e-01 1.793716e-01 1.839082e-01 1.783146e-01 1.808043e-01 1.827175e-01 1.830830e-01 1.797957e-01 1.792285e-01 1.824074e-01 1.808123e-01 1.805801e-01 1.856682e-01 1.828243e-01 1.813254e-01 1.798428e-01 1.844029e-01 1.808001e-01 1.797731e-01 1.804621e-01 
59 827 1.843151e-01 0 0 1.759390e-01 1.785230e-01 1.746791e-01 1.793307e-01 1.755523e-01 1.791773e-01 1.839247e-01 1.743584e-01 1.777095e-01 1.812166e-01 1.798520e-01 1.778202e-01 1.789953e-01 1.763670e-01 1.726499e-01 1.766833e-01 1.808801e-01 1.755325e-01 1.782274e-01 1.798188e-01 1.801270e-01 1.783970e-01 1.763791e-01 1.797857e-01 1.779757e-01 1.776319e-01 1.824708e-01 1.807572e-01 1.783771e-01 1.771298e-01 1.816428e-01 1.786542e-01 1.771510e-01 1.776564e-01 
60 841 1.812196e-01 0 0 1.730282e-01 1.753955e-01 1.713897e-01 1.761892e-01 1.726102e-01 1.758318e-01 1.812521e-01 1.711818e-01 1.743906e-01 1.780682e-01 1.765566e-01 1.750126e-01 1.763666e-01 1.732674e-01 1.696009e-01 1.737749e-01 1.776613e-01 1.724218e-01 1.751085e-01 1.765123e-01 1.772962e-01 1.754942e-01 1.732321e-01 1.767199e-01 1.748927e-01 1.745615e-01 1.792957e-01 1.774854e-01 1.751226e-01 1.739738e-01 1.784009e-01 1.754488e-01 1.741306e-01 1.744842e-01 
61 855 1.767667e-01 0 0 1.684829e-01 1.708575e-01 1.671848e-01 1.724247e-01 1.682474e-01 1.712519e-01 1.765483e-01 1.668956e-01 1.700444e-01 1.734002e-01 1.719284e-01 1.705578e-01 1.721535e-01 1.690473e-01 1.650794e-01 1.694414e-01 1.729078e-01 1.681536e-01 1.708317e-01 1.718736e-01 1.731320e-01 1.710825e-01 1.689363e-01 1.720442e-01 1.705216e-01 1.702124e-01 1.747042e-01 1.733164e-01 1.704670e-01 1.694334e-01 1.740240e-01 1.712356e-01 1.703805e-01 1.700773e-01 
62 869 1.713289e-01 0 0 1.629691e-01 1.652419e-01 1.619493e-01 1.670123e-01 1.629230e-01 1.659754e-01 1.710018e-01 1.614852e-01 1.644713e-01 1.680431e-01 1.667198e-01 1.653295e-01 1.666527e-01 1.635834e-01 1.598631e-01 1.639714e-01 1.672950e-01 1.626436e-01 1.653038e-01 1.664364e-01 1.680487e-01 1.658302e-01 1.637091e-01 1.668112e-01 1.650338e-01 1.650539e-01 1.691733e-01 1.679952e-01 1.649591e-01 1.643650e-01 1.684765e-01 1.659850e-01 1.654912e-01 1.647762e-01 
63 883 1.688716e-01 0 0 1.604265e-01 1.630084e-01 1.593863e-01 1.643424e-01 1.604484e-01 1.632385e-01 1.684635e-01 1.588945e-01 1.623907e-01 1.654955e-01 1.644431e-01 1.629151e-01 1.640175e-01 1.610507e-01 1.574277e-01 1.613474e-01 1.645807e-01 1.603407e-01 1.626635e-01 1.637640e-01 1.656265e-01 1.631477e-01 1.612364e-01 1.644004e-01 1.626613e-01 1.626739e-01 1.667230e-01 1.661880e-01 1.624279e-01 1.624633e-01 1.660391e-01 1.636594e-01 1.632458e-01 1.625999e-01 
64 897 1.646278e-01 0 0 1.560454e-01 1.586082e-01 1.552269e-01 1.603815e-01 1.572127e-01 1.591146e-01 1.639289e-01 1.548304e-01 1.582418e-01 1.612965e-01 1.600249e-01 1.586574e-01 1.599594e-01 1.567283e-01 1.533141e-01 1.570596e-01 1.601853e-01 1.565711e-01 1.582873e-01 1.595176e-01 1.611547e-01 1.588931e-01 1.569388e-01 1.599143e-01 1.584841e-01 1.583229e-01 1.629164e-01 1.616669e-01 1.583463e-01 1.583662e-01 1.617230e-01 1.595234e-01 1.591283e-01 1.583461e-01 
65 911 1.596899e-01 0 0 1.511095e-01 1.539911e-01 1.504109e-01 1.555143e-01 1.523030e-01 1.540966e-01 1.586861e-01 1.499139e-01 1.533522e-01 1.561448e-01 1.553050e-01 1.537356e-01 1.549738e-01 1.517896e-01 1.484140e-01 1.526393e-01 1.553728e-01 1.516179e-01 1.534340e-01 1.544920e-01 1.561928e-01 1.537731e-01 1.521041e-01 1.550859e-01 1.535560e-01 1.534887e-01 1.582351e-01 1.565639e-01 1.535132e-01 1.541416e-01 1.568680e-01 1.545160e-01 1.542765e-01 1.535815e-01 
66 925 1.541882e-01 0 0 1.458073e-01 1.484543e-01 1.454181e-01 1.500568e-01 1.471472e-01 1.485167e-01 1.529605e-01 1.448252e-01 1.478937e-01 1.507535e-01 1.497632e-01 1.483889e-01 1.496466e-01 1.464131e-01 1.437064e-01 1.470890e-01 1.497019e-01 1.465535e-01 1.480103e-01 1.489007e-01 1.507955e-01 1.485456e-01 1.467532e-01 1.494316e-01 1.481774e-01 1.479415e-01 1.525265e-01 1.513044e-01 1.479714e-01 1.491074e-01 1.513038e-01 1.488948e-01 1.488484e-01 1.479660e-01 
67 939 1.491516e-01 0 0 1.407071e-01 1.433665e-01 1.405618e-01 1.452664e-01 1.420172e-01 1.437007e-01 1.481707e-01 1.399454e-01 1.430579e-01 1.455713e-01 1.447109e-01 1.434905e-01 1.449486e-01 1.414598e-01 1.388653e-01 1.421934e-01 1.445607e-01 1.417413e-01 1.432541e-01 1.439631e-01 1.459046e-01 1.435238e-01 1.421152e-01 1.443617e-01 1.432015e-01 1.430442e-01 1.473545e-01 1.461251e-01 1.432841e-01 1.441503e-01 1.461849e-01 1.437845e-01 1.438467e-01 1.428178e-01 
68 953 1.433058e-01 0 0 1.351179e-01 1.376051e-01 1.349841e-01 1.395552e-01 1.363604e-01 1.378903e-01 1.429696e-01 1.342020e-01 1.372284e-01 1.395583e-01 1.389047e-01 1.377748e-01 1.394330e-01 1.356276e-01 1.335586e-01 1.363614e-01 1.386673e-01 1.359288e-01 1.373705e-01 1.381471e-01 1.401156e-01 1.378332e-01 1.367188e-01 1.384771e-01 1.373811e-01 1.378391e-01 1.414667e-01 1.402211e-01 1.374732e-01 1.383840e-01 1.401248e-01 1.380043e-01 1.380566e-01 1.372179e-01 
69 967 1.922569e-01 0 0 1.809653e-01 1.841710e-01 1.813033e-01 1.872789e-01 1.827285e-01 1.848575e-01 1.921603e-01 1.797515e-01 1.837573e-01 1.868563e-01 1.860798e-01 1.845855e-01 1.869545e-01 1.815579e-01 1.790707e-01 1.829913e-01 1.860120e-01 1.821552e-01 1.842474e-01 1.851363e-01 1.879371e-01 1.848004e-01 1.830866e-01 1.855898e-01 1.841367e-01 1.847674e-01 1.898051e-01 1.879735e-01 1.844932e-01 1.864608e-01 1.878926e-01 1.850733e-01 1.849898e-01 1.841316e-01 
70 981 2.588473e-01 0 0 2.438791e-01 2.474892e-01 2.437250e-01 2.518736e-01 2.460019e-01 2.483708e-01 2.586659e-01 2.415286e-01 2.469291e-01 2.516170e-01 2.501032e-01 2.486107e-01 2.516923e-01 2.441129e-01 2.406030e-01 2.459239e-01 2.499031e-01 2.450329e-01 2.477970e-01 2.492889e-01 2.528453e-01 2.484603e-01 2.472614e-01 2.493334e-01 2.473262e-01 2.489398e-01 2.551686e-01 2.525102e-01 2.482327e-01 2.508316e-01 2.524707e-01 2.487423e-01 2.485571e-01 2.484940e-01 
71 995 2.511174e-01 0 0 2.368256e-01 2.395872e-01 2.365122e-01 2.441643e-01 2.382054e-01 2.407674e-01 2.509655e-01 2.345741e-01 2.395712e-01 2.438675e-01 2.425522e-01 2.409673e-01 2.440203e-01 2.367134e-01 2.331518e-01 2.384447e-01 2.419013e-01 2.371821e-01 2.400799e-01 2.415662e-01 2.449357e-01 2.408070e-01 2.399242e-01 2.419804e-01 2.403554e-01 2.418840e-01 2.472286e-01 2.445934e-01 2.402476e-01 2.428285e-01 2.447062e-01 2.408350e-01 2.407078e-01 2.412840e-01 
72 1009 2.462601e-01 0 0 2.325572e-01 2.350607e-01 2.315603e-01 2.399476e-01 2.332592e-01 2.360349e-01 2.460295e-01 2.295173e-01 2.344538e-01 2.392607e-01 2.374518e-01 2.357308e-01 2.391948e-01 2.327295e-01 2.284191e-01 2.334800e-01 2.369405e-01 2.324121e-01 2.357441e-01 2.365145e-01 2.398813e-01 2.357943e-01 2.356109e-01 2.371616e-01 2.355706e-01 2.368187e-01 2.423730e-01 2.399830e-01 2.353635e-01 2.380699e-01 2.395469e-01 2.362445e-01 2.358822e-01 2.361709e-01 
73 1023 2.395530e-01 0 0 2.264267e-01 2.282863e-01 2.249525e-01 2.331897e-01 2.270617e-01 2.292971e-01 2.391517e-01 2.231814e-01 2.280931e-01 2.323945e-01 2.309286e-01 2.288680e-01 2.330192e-01 2.267129e-01 2.220101e-01 2.266675e-01 2.303771e-01 2.256183e-01 2.292421e-01 2.298397e-01 2.330445e-01 2.291446e-01 2.293983e-01 2.302868e-01 2.289747e-01 2.301603e-01 2.356301e-01 2.328963e-01 2.285880e-01 2.313309e-01 2.326068e-01 2.294763e-01 2.294011e-01 2.294688e-01 
74 1037 2.338077e-01 0 0 2.214502e-01 2.224508e-01 2.194094e-01 2.275269e-01 2.213860e-01 2.235513e-01 2.339043e-01 2.174362e-01 2.223199e-01 2.265197e-01 2.248572e-01 2.229744e-01 2.271084e-01 2.217468e-01 2.162482e-01 2.209184e-01 2.244104e-01 2.201816e-01 2.236969e-01 2.240147e-01 2.271954e-01 2.231644e-01 2.236723e-01 2.243352e-01 2.233870e-01 2.251761e-01 2.300175e-01 2.268431e-01 2.229429e-01 2.257464e-01 2.265101e-01 2.234857e-01 2.240189e-01 2.237129e-01 
75 1051 2.232521e-01 0 0 2.117627e-01 2.119281e-01 2.092396e-01 2.175387e-01 2.110729e-01 2.133226e-01 2.236417e-01 2.073506e-01 2.119085e-01 2.161362e-01 2.147276e-01 2.126928e-01 2.163915e-01 2.115480e-01 2.062552e-01 2.110792e-01 2.139710e-01 2.104830e-01 2.133210e-01 2.133774e-01 2.176911e-01 2.126072e-01 2.133772e-01 2.137562e-01 2.128967e-01 2.145582e-01 2.193478e-01 2.163413e-01 2.132935e-01 2.153716e-01 2.164445e-01 2.130134e-01 2.137137e-01 2.133954e-01 
76 1065 2.154294e-01 0 0 2.043637e-01 2.042955e-01 2.020112e-01 2.100941e-01 2.036373e-01 2.054771e-01 2.159136e-01 2.002841e-01 2.045364e-01 2.088036e-01 2.069464e-01 2.049609e-01 2.083479e-01 2.047896e-01 1.988154e-01 2.031584e-01 2.066760e-01 2.026168e-01 2.059223e-01 2.055029e-01 2.101366e-01 2.046781e-01 2.057944e-01 2.062573e-01 2.053280e-01 2.070469e-01 2.116618e-01 2.083420e-01 2.056237e-01 2.076538e-01 2.085501e-01 2.055340e-01 2.061449e-01 2.056642e-01 
77 1079 2.098158e-01 0 0 1.990949e-01 1.989562e-01 1.967729e-01 2.044877e-01 1.980081e-01 1.998217e-01 2.100714e-01 1.952948e-01 1.991617e-01 2.037030e-01 2.018627e-01 1.994307e-01 2.029274e-01 1.995623e-01 1.934848e-01 1.973725e-01 2.009831e-01 1.970458e-01 2.004643e-01 2.008009e-01 2.045709e-01 1.992254e-01 2.008856e-01 2.006461e-01 2.001018e-01 2.014123e-01 2.057564e-01 2.026610e-01 2.007188e-01 2.019392e-01 2.030617e-01 1.997498e-01 2.007380e-01 2.003424e-01 
78 1093 2.088401e-01 0 0 1.982293e-01 1.978437e-01 1.956088e-01 2.032869e-01 1.968370e-01 1.985385e-01 2.089027e-01 1.950332e-01 1.978589e-01 2.028559e-01 2.010014e-01 1.983316e-01 2.019300e-01 1.985374e-01 1.926447e-01 1.966110e-01 1.998610e-01 1.960059e-01 1.994429e-01 1.996640e-01 2.036997e-01 1.986837e-01 2.000565e-01 1.993869e-01 1.988578e-01 2.007183e-01 2.043790e-01 2.013224e-01 1.995435e-01 2.010291e-01 2.017047e-01 1.988332e-01 2.007231e-01 1.988993e-01 
79 1107 2.037360e-01 0 0 1.931171e-01 1.928484e-01 1.905395e-01 1.981171e-01 1.919035e-01 1.932760e-01 2.035341e-01 1.903371e-01 1.927660e-01 1.976395e-01 1.960593e-01 1.932040e-01 1.967058e-01 1.932834e-01 1.879619e-01 1.916794e-01 1.948837e-01 1.907894e-01 1.942319e-01 1.943988e-01 1.990648e-01 1.939198e-01 1.947318e-01 1.944238e-01 1.938087e-01 1.956701e-01 1.989689e-01 1.963786e-01 1.947202e-01 1.959995e-01 1.969025e-01 1.940476e-01 1.960405e-01 1.936205e-01 
80 1121 1.990480e-01 0 0 1.883214e-01 1.881351e-01 1.859747e-01 1.940455e-01 1.871727e-01 1.884823e-01 1.986051e-01 1.855727e-01 1.884128e-01 1.930586e-01 1.912577e-01 1.885124e-01 1.918283e-01 1.887218e-01 1.834237e-01 1.871443e-01 1.903149e-01 1.861204e-01 1.893283e-01 1.895290e-01 1.943519e-01 1.900099e-01 1.901095e-01 1.900443e-01 1.892510e-01 1.909700e-01 1.939505e-01 1.920015e-01 1.899274e-01 1.916316e-01 1.920463e-01 1.895826e-01 1.913395e-01 1.889086e-01 
81 1135 1.917123e-01 0 0 1.812642e-01 1.813301e-01 1.793678e-01 1.864933e-01 1.798673e-01 1.812866e-01 1.909982e-01 1.784246e-01 1.811925e-01 1.857642e-01 1.841818e-01 1.818799e-01 1.845873e-01 1.816295e-01 1.763235e-01 1.799362e-01 1.832749e-01 1.794267e-01 1.820737e-01 1.825089e-01 1.870969e-01 1.830510e-01 1.830812e-01 1.829373e-01 1.819409e-01 1.837825e-01 1.866898e-01 1.845690e-01 1.827670e-01 1.845952e-01 1.846389e-01 1.824010e-01 1.842552e-01 1.815186e-01 
82 1149 1.843216e-01 0 0 1.740881e-01 1.739787e-01 1.725679e-01 1.789788e-01 1.726494e-01 1.739966e-01 1.833938e-01 1.711079e-01 1.739326e-01 1.783717e-01 1.771114e-01 1.749162e-01 1.772450e-01 1.744709e-01 1.691927e-01 1.729310e-01 1.761171e-01 1.721841e-01 1.747119e-01 1.751663e-01 1.796962e-01 1.764215e-01 1.757456e-01 1.757859e-01 1.749770e-01 1.765861e-01 1.794403e-01 1.779292e-01 1.753362e-01 1.771685e-01 1.771849e-01 1.751827e-01 1.767327e-01 1.743875e-01 
83 1163 1.805222e-01 0 0 1.702570e-01 1.699844e-01 1.690046e-01 1.754685e-01 1.687300e-01 1.704038e-01 1.794381e-01 1.674200e-01 1.701749e-01 1.743729e-01 1.732921e-01 1.712083e-01 1.734634e-01 1.708018e-01 1.654978e-01 1.690806e-01 1.729277e-01 1.683037e-01 1.707743e-01 1.713856e-01 1.762091e-01 1.728112e-01 1.719106e-01 1.719440e-01 1.718804e-01 1.728987e-01 1.756397e-01 1.741064e-01 1.717404e-01 1.731888e-01 1.732305e-01 1.719320e-01 1.734985e-01 1.706484e-01 
84 1177 1.732689e-01 0 0 1.631679e-01 1.628967e-01 1.619301e-01 1.691250e-01 1.617596e-01 1.631895e-01 1.723015e-01 1.604161e-01 1.630065e-01 1.671822e-01 1.661159e-01 1.641179e-01 1.666374e-01 1.638932e-01 1.588024e-01 1.621500e-01 1.658355e-01 1.614442e-01 1.636032e-01 1.641409e-01 1.690964e-01 1.660230e-01 1.648778e-01 1.650463e-01 1.648512e-01 1.656558e-01 1.684461e-01 1.673724e-01 1.644811e-01 1.661502e-01 1.659130e-01 1.650015e-01 1.664202e-01 1.641528e-01 
85 1191 1.672672e-01 0 0 1.574135e-01 1.569483e-01 1.560719e-01 1.631602e-01 1.558849e-01 1.574985e-01 1.660538e-01 1.545602e-01 1.574466e-01 1.610704e-01 1.602451e-01 1.584751e-01 1.615815e-01 1.579826e-01 1.530771e-01 1.562724e-01 1.599813e-01 1.558047e-01 1.576317e-01 1.584106e-01 1.631069e-01 1.608273e-01 1.591284e-01 1.590832e-01 1.589160e-01 1.598626e-01 1.624479e-01 1.618142e-01 1.585791e-01 1.601738e-01 1.598958e-01 1.592179e-01 1.604430e-01 1.583543e-01 
86 1205 1.630331e-01 0 0 1.533769e-01 1.526395e-01 1.525635e-01 1.591622e-01 1.516785e-01 1.536406e-01 1.617770e-01 1.507196e-01 1.536187e-01 1.568130e-01 1.561188e-01 1.546022e-01 1.576476e-01 1.539802e-01 1.489784e-01 1.520986e-01 1.559611e-01 1.517157e-01 1.538662e-01 1.543507e-01 1.587812e-01 1.565185e-01 1.547915e-01 1.549017e-01 1.551257e-01 1.555514e-01 1.590011e-01 1.577843e-01 1.547320e-01 1.560258e-01 1.557154e-01 1.550786e-01 1.562368e-01 1.540746e-01 
87 1219 1.583442e-01 0 0 1.488451e-01 1.481901e-01 1.480366e-01 1.545212e-01 1.474242e-01 1.495285e-01 1.568631e-01 1.466711e-01 1.488677e-01 1.520928e-01 1.515626e-01 1.503133e-01 1.528833e-01 1.495011e-01 1.445939e-01 1.475045e-01 1.520878e-01 1.470504e-01 1.494153e-01 1.500077e-01 1.543426e-01 1.516760e-01 1.506925e-01 1.502056e-01 1.504881e-01 1.509109e-01 1.543536e-01 1.529544e-01 1.503829e-01 1.516108e-01 1.513896e-01 1.504017e-01 1.516579e-01 1.495068e-01 
88 1233 1.558631e-01 0 0 1.465709e-01 1.460680e-01 1.454565e-01 1.524502e-01 1.450636e-01 1.469574e-01 1.541804e-01 1.443756e-01 1.462392e-01 1.495516e-01 1.505111e-01 1.479204e-01 1.504946e-01 1.469455e-01 1.423010e-01 1.450662e-01 1.497393e-01 1.447130e-01 1.471443e-01 1.474776e-01 1.517112e-01 1.492584e-01 1.486806e-01 1.476896e-01 1.482284e-01 1.482146e-01 1.518881e-01 1.503451e-01 1.477048e-01 1.508614e-01 1.489075e-01 1.477116e-01 1.490025e-01 1.469114e-01 
89 1247 1.491256e-01 0 0 1.399233e-01 1.396296e-01 1.389803e-01 1.458435e-01 1.385872e-01 1.402666e-01 1.474366e-01 1.380665e-01 1.398398e-01 1.431700e-01 1.442258e-01 1.414552e-01 1.436891e-01 1.403875e-01 1.358836e-01 1.386029e-01 1.431839e-01 1.385142e-01 1.405383e-01 1.408769e-01 1.453643e-01 1.426597e-01 1.423103e-01 1.410257e-01 1.416534e-01 1.418520e-01 1.449568e-01 1.435773e-01 1.414221e-01 1.443315e-01 1.424701e-01 1.410933e-01 1.425090e-01 1.402487e-01 
90 1261 1.443293e-01 0 0 1.353491e-01 1.351909e-01 1.343062e-01 1.412950e-01 1.341149e-01 1.355232e-01 1.424494e-01 1.334394e-01 1.351634e-01 1.384702e-01 1.395013e-01 1.366927e-01 1.388304e-01 1.356607e-01 1.314176e-01 1.339553e-01 1.389520e-01 1.339504e-01 1.358530e-01 1.361452e-01 1.405732e-01 1.380462e-01 1.377055e-01 1.362638e-01 1.374999e-01 1.370394e-01 1.400951e-01 1.393304e-01 1.366932e-01 1.397911e-01 1.375857e-01 1.363337e-01 1.379522e-01 1.356830e-01 
91 1275 1.950634e-01 0 0 1.825030e-01 1.825469e-01 1.811770e-01 1.911003e-01 1.811935e-01 1.829335e-01 1.922234e-01 1.802421e-01 1.823428e-01 1.869522e-01 1.895483e-01 1.852356e-01 1.873983e-01 1.829401e-01 1.776746e-01 1.806418e-01 1.879848e-01 1.806896e-01 1.832504e-01 1.836863e-01 1.896624e-01 1.864367e-01 1.857584e-01 1.840845e-01 1.858032e-01 1.850036e-01 1.889488e-01 1.880102e-01 1.845287e-01 1.888985e-01 1.861831e-01 1.843256e-01 1.864251e-01 1.831458e-01 
92 1289 1.925165e-01 0 0 1.800976e-01 1.801655e-01 1.793344e-01 1.885007e-01 1.784573e-01 1.807186e-01 1.893515e-01 1.782751e-01 1.799555e-01 1.844623e-01 1.871770e-01 1.828331e-01 1.849080e-01 1.803475e-01 1.753476e-01 1.796778e-01 1.853986e-01 1.781590e-01 1.806851e-01 1.810729e-01 1.870973e-01 1.835940e-01 1.834063e-01 1.813519e-01 1.831121e-01 1.824283e-01 1.860965e-01 1.853742e-01 1.820155e-01 1.869337e-01 1.833935e-01 1.820726e-01 1.836074e-01 1.805288e-01 
93 1303 1.879242e-01 0 0 1.754321e-01 1.760912e-01 1.752345e-01 1.835759e-01 1.741385e-01 1.760028e-01 1.845494e-01 1.739601e-01 1.754249e-01 1.796842e-01 1.828691e-01 1.782239e-01 1.800620e-01 1.758216e-01 1.709561e-01 1.754302e-01 1.807485e-01 1.736263e-01 1.762699e-01 1.766137e-01 1.826098e-01 1.790618e-01 1.788386e-01 1.767091e-01 1.787878e-01 1.780853e-01 1.815422e-01 1.806932e-01 1.773585e-01 1.823659e-01 1.786448e-01 1.783446e-01 1.790667e-01 1.758203e-01 
94 1317 1.860563e-01 0 0 1.735280e-01 1.750752e-01 1.733572e-01 1.816114e-01 1.721070e-01 1.742603e-01 1.823619e-01 1.722445e-01 1.732812e-01 1.776820e-01 1.815045e-01 1.761264e-01 1.781199e-01 1.737662e-01 1.693139e-01 1.736533e-01 1.793099e-01 1.719088e-01 1.741543e-01 1.746886e-01 1.805211e-01 1.770513e-01 1.768911e-01 1.752584e-01 1.768781e-01 1.764443e-01 1.797185e-01 1.792074e-01 1.756140e-01 1.811412e-01 1.767105e-01 1.763566e-01 1.769536e-01 1.738278e-01 
95 1331 1.821423e-01 0 0 1.696379e-01 1.711997e-01 1.694305e-01 1.775939e-01 1.680932e-01 1.703897e-01 1.782855e-01 1.684304e-01 1.702455e-01 1.742833e-01 1.777101e-01 1.729750e-01 1.742787e-01 1.698948e-01 1.657373e-01 1.699400e-01 1.754079e-01 1.681016e-01 1.702132e-01 1.708391e-01 1.763846e-01 1.730187e-01 1.731488e-01 1.712138e-01 1.729362e-01 1.726568e-01 1.755557e-01 1.753651e-01 1.719604e-01 1.774183e-01 1.728344e-01 1.726078e-01 1.728884e-01 1.697993e-01 
96 1345 1.767366e-01 0 0 1.644445e-01 1.659922e-01 1.644429e-01 1.721982e-01 1.628391e-01 1.650774e-01 1.728382e-01 1.635129e-01 1.648727e-01 1.690702e-01 1.723566e-01 1.678372e-01 1.689142e-01 1.648593e-01 1.609056e-01 1.648181e-01 1.699974e-01 1.635374e-01 1.654875e-01 1.655618e-01 1.708877e-01 1.676338e-01 1.681103e-01 1.660104e-01 1.678720e-01 1.672303e-01 1.700616e-01 1.698984e-01 1.667918e-01 1.723031e-01 1.673667e-01 1.671713e-01 1.676158e-01 1.646346e-01 
97 1359 1.671488e-01 0 0 1.554147e-01 1.568186e-01 1.554354e-01 1.626440e-01 1.540506e-01 1.558214e-01 1.634510e-01 1.544984e-01 1.557149e-01 1.596329e-01 1.630307e-01 1.587136e-01 1.595505e-01 1.557234e-01 1.519825e-01 1.560938e-01 1.604577e-01 1.545142e-01 1.564214e-01 1.563475e-01 1.615634e-01 1.582778e-01 1.588685e-01 1.567296e-01 1.587195e-01 1.580861e-01 1.609290e-01 1.607665e-01 1.576980e-01 1.627570e-01 1.578820e-01 1.580738e-01 1.583927e-01 1.558601e-01 
98 1373 2.261866e-01 0 0 2.099865e-01 2.121806e-01 2.099585e-01 2.197251e-01 2.082609e-01 2.111979e-01 2.207730e-01 2.088930e-01 2.112552e-01 2.156713e-01 2.206024e-01 2.145011e-01 2.156890e-01 2.107985e-01 2.055991e-01 2.111089e-01 2.170870e-01 2.087841e-01 2.124292e-01 2.111641e-01 2.189049e-01 2.138770e-01 2.147710e-01 2.118200e-01 2.146105e-01 2.139075e-01 2.174603e-01 2.173081e-01 2.129842e-01 2.198196e-01 2.133413e-01 2.134193e-01 2.141047e-01 2.110154e-01 
99 1387 2.216645e-01 0 0 2.057244e-01 2.083332e-01 2.055985e-01 2.149676e-01 2.041055e-01 2.066414e-01 2.166694e-01 2.043619e-01 2.071374e-01 2.109398e-01 2.162607e-01 2.098970e-01 2.113947e-01 2.063890e-01 2.010671e-01 2.067403e-01 2.130228e-01 2.043924e-01 2.084648e-01 2.069518e-01 2.143317e-01 2.092662e-01 2.106712e-01 2.073197e-01 2.101313e-01 2.092743e-01 2.128358e-01 2.127730e-01 2.086903e-01 2.151359e-01 2.087120e-01 2.087636e-01 2.101547e-01 2.067409e-01 
100 1401 2.154165e-01 0 0 1.999551e-01 2.025492e-01 1.996620e-01 2.084374e-01 1.979813e-01 2.009052e-01 2.107192e-01 1.983142e-01 2.014411e-01 2.046381e-01 2.098107e-01 2.036387e-01 2.049806e-01 2.003675e-01 1.954743e-01 2.011650e-01 2.070920e-01 1.983339e-01 2.025440e-01 2.011214e-01 2.077979e-01 2.029782e-01 2.052415e-01 2.010237e-01 2.043789e-01 2.029790e-01 2.066170e-01 2.064835e-01 2.025255e-01 2.088941e-01 2.028659e-01 2.024740e-01 2.040107e-01 2.010628e-01 
101 1415 2.099294e-01 0 0 1.945921e-01 1.972073e-01 1.947770e-01 2.028631e-01 1.925921e-01 1.956143e-01 2.057919e-01 1.929773e-01 1.962278e-01 1.991243e-01 2.044036e-01 1.985291e-01 1.994113e-01 1.951983e-01 1.902078e-01 1.958798e-01 2.013872e-01 1.933065e-01 1.972949e-01 1.961935e-01 2.021789e-01 1.973932e-01 1.999119e-01 1.954051e-01 1.989945e-01 1.975251e-01 2.010582e-01 2.007747e-01 1.973959e-01 2.035066e-01 1.972470e-01 1.970927e-01 1.989695e-01 1.959205e-01 
102 1429 2.029321e-01 0 0 1.880760e-01 1.902104e-01 1.884301e-01 1.956285e-01 1.864237e-01 1.887965e-01 1.990287e-01 1.862480e-01 1.895027e-01 1.923017e-01 1.972249e-01 1.918324e-01 1.924881e-01 1.883168e-01 1.838214e-01 1.891808e-01 1.944028e-01 1.865596e-01 1.911241e-01 1.899645e-01 1.953828e-01 1.905448e-01 1.937820e-01 1.886984e-01 1.919051e-01 1.915514e-01 1.941206e-01 1.936764e-01 1.905742e-01 1.966188e-01 1.902651e-01 1.904348e-01 1.921666e-01 1.890985e-01 
103 1443 1.923694e-01 0 0 1.783254e-01 1.805166e-01 1.784492e-01 1.853268e-01 1.766358e-01 1.786328e-01 1.886327e-01 1.764146e-01 1.795942e-01 1.825913e-01 1.866494e-01 1.818512e-01 1.824482e-01 1.782655e-01 1.741567e-01 1.792003e-01 1.841420e-01 1.765757e-01 1.812938e-01 1.797404e-01 1.851790e-01 1.803038e-01 1.834841e-01 1.785470e-01 1.814859e-01 1.817606e-01 1.838901e-01 1.834206e-01 1.802706e-01 1.861397e-01 1.800405e-01 1.802517e-01 1.821061e-01 1.789451e-01 
104 1457 1.826962e-01 0 0 1.692108e-01 1.712154e-01 1.694590e-01 1.759634e-01 1.676966e-01 1.693775e-01 1.788982e-01 1.673794e-01 1.703278e-01 1.734204e-01 1.772173e-01 1.729032e-01 1.729470e-01 1.692416e-01 1.651679e-01 1.701834e-01 1.748415e-01 1.675748e-01 1.721661e-01 1.705409e-01 1.758184e-01 1.709788e-01 1.743692e-01 1.694517e-01 1.720151e-01 1.725488e-01 1.743626e-01 1.740802e-01 1.711413e-01 1.763668e-01 1.706379e-01 1.708636e-01 1.730028e-01 1.700752e-01 
105 1471 1.714689e-01 0 0 1.588620e-01 1.605308e-01 1.589781e-01 1.649298e-01 1.572774e-01 1.588061e-01 1.674930e-01 1.568019e-01 1.594862e-01 1.624857e-01 1.660415e-01 1.619441e-01 1.628079e-01 1.585068e-01 1.546490e-01 1.600987e-01 1.639002e-01 1.570939e-01 1.613819e-01 1.601728e-01 1.650048e-01 1.603597e-01 1.636021e-01 1.586714e-01 1.611571e-01 1.620178e-01 1.637260e-01 1.630885e-01 1.607504e-01 1.653698e-01 1.602741e-01 1.601429e-01 1.623397e-01 1.594779e-01 
106 1485 1.639915e-01 0 0 1.516437e-01 1.533555e-01 1.524584e-01 1.577605e-01 1.501632e-01 1.517368e-01 1.600967e-01 1.497517e-01 1.523635e-01 1.551946e-01 1.587111e-01 1.546474e-01 1.554950e-01 1.514159e-01 1.476331e-01 1.529250e-01 1.565182e-01 1.500264e-01 1.546534e-01 1.533676e-01 1.576584e-01 1.530409e-01 1.562478e-01 1.514877e-01 1.543694e-01 1.557416e-01 1.564933e-01 1.558455e-01 1.535319e-01 1.582351e-01 1.530023e-01 1.531028e-01 1.551051e-01 1.522218e-01 
107 1499 1.595739e-01 0 0 1.475755e-01 1.490959e-01 1.485601e-01 1.531966e-01 1.459238e-01 1.474841e-01 1.557496e-01 1.454529e-01 1.480922e-01 1.513354e-01 1.546563e-01 1.505842e-01 1.510029e-01 1.471036e-01 1.435542e-01 1.489778e-01 1.522584e-01 1.462251e-01 1.503199e-01 1.492071e-01 1.533224e-01 1.486828e-01 1.517407e-01 1.470537e-01 1.501427e-01 1.517495e-01 1.521749e-01 1.514546e-01 1.492231e-01 1.539816e-01 1.488821e-01 1.486492e-01 1.506491e-01 1.481421e-01 
108 1513 1.536356e-01 0 0 1.422446e-01 1.433140e-01 1.429648e-01 1.475437e-01 1.401705e-01 1.419789e-01 1.501985e-01 1.396997e-01 1.424626e-01 1.458726e-01 1.489942e-01 1.449626e-01 1.452783e-01 1.414097e-01 1.381382e-01 1.432401e-01 1.464403e-01 1.406057e-01 1.450662e-01 1.442854e-01 1.474433e-01 1.429696e-01 1.464362e-01 1.412977e-01 1.444230e-01 1.458212e-01 1.465066e-01 1.455404e-01 1.437844e-01 1.483074e-01 1.431884e-01 1.429013e-01 1.448621e-01 1.425219e-01 
109 1527 2.077652e-01 0 0 1.925544e-01 1.937657e-01 1.932275e-01 1.993795e-01 1.896310e-01 1.918576e-01 2.031552e-01 1.885616e-01 1.922628e-01 1.969248e-01 2.019992e-01 1.956830e-01 1.961348e-01 1.908452e-01 1.864803e-01 1.934923e-01 1.978568e-01 1.902232e-01 1.959243e-01 1.955114e-01 1.993728e-01 1.932087e-01 1.979697e-01 1.906602e-01 1.948774e-01 1.969835e-01 1.979785e-01 1.966143e-01 1.941980e-01 2.006276e-01 1.934935e-01 1.930305e-01 1.960282e-01 1.926433e-01 
110 1541 2.005658e-01 0 0 1.857636e-01 1.875338e-01 1.866126e-01 1.920594e-01 1.830214e-01 1.848441e-01 1.963413e-01 1.816432e-01 1.853046e-01 1.898111e-01 1.948983e-01 1.891712e-01 1.892967e-01 1.838236e-01 1.796579e-01 1.864552e-01 1.909938e-01 1.839796e-01 1.887339e-01 1.886064e-01 1.922358e-01 1.860710e-01 1.910202e-01 1.837565e-01 1.877186e-01 1.897519e-01 1.907802e-01 1.893821e-01 1.872360e-01 1.934081e-01 1.867421e-01 1.862378e-01 1.892788e-01 1.856470e-01 
111 1555 1.981264e-01 0 0 1.831815e-01 1.850267e-01 1.840274e-01 1.907199e-01 1.810940e-01 1.821942e-01 1.946185e-01 1.790269e-01 1.829292e-01 1.880258e-01 1.922490e-01 1.867562e-01 1.867866e-01 1.813587e-01 1.771227e-01 1.840265e-01 1.883118e-01 1.822150e-01 1.861610e-01 1.863625e-01 1.898150e-01 1.834283e-01 1.889640e-01 1.811750e-01 1.853261e-01 1.873234e-01 1.882989e-01 1.866334e-01 1.848163e-01 1.908156e-01 1.842023e-01 1.840346e-01 1.870407e-01 1.831192e-01 
112 1569 1.932587e-01 0 0 1.790769e-01 1.801999e-01 1.791569e-01 1.861361e-01 1.770347e-01 1.774445e-01 1.897695e-01 1.744089e-01 1.791244e-01 1.837088e-01 1.871714e-01 1.820408e-01 1.820465e-01 1.767590e-01 1.725256e-01 1.794407e-01 1.834623e-01 1.776760e-01 1.812684e-01 1.817393e-01 1.849209e-01 1.788710e-01 1.841362e-01 1.763979e-01 1.805709e-01 1.826034e-01 1.832821e-01 1.818220e-01 1.799489e-01 1.858795e-01 1.793956e-01 1.793527e-01 1.826839e-01 1.787043e-01 
113 1583 1.858050e-01 0 0 1.719455e-01 1.729908e-01 1.719731e-01 1.786739e-01 1.700838e-01 1.706662e-01 1.826173e-01 1.675104e-01 1.721220e-01 1.765944e-01 1.796923e-01 1.747342e-01 1.749594e-01 1.696216e-01 1.657687e-01 1.722988e-01 1.762878e-01 1.706516e-01 1.740971e-01 1.745179e-01 1.779671e-01 1.723949e-01 1.767609e-01 1.693029e-01 1.736678e-01 1.754884e-01 1.759765e-01 1.745897e-01 1.731070e-01 1.783995e-01 1.721929e-01 1.720423e-01 1.756620e-01 1.715625e-01 
114 1597 1.797416e-01 0 0 1.661945e-01 1.671588e-01 1.659547e-01 1.729210e-01 1.647370e-01 1.652043e-01 1.762751e-01 1.617444e-01 1.664457e-01 1.714531e-01 1.736385e-01 1.686399e-01 1.693056e-01 1.638860e-01 1.600621e-01 1.663522e-01 1.703083e-01 1.649849e-01 1.681180e-01 1.684813e-01 1.720975e-01 1.665226e-01 1.708887e-01 1.637203e-01 1.678941e-01 1.698901e-01 1.702138e-01 1.688827e-01 1.672018e-01 1.724042e-01 1.662541e-01 1.662350e-01 1.699659e-01 1.658863e-01 
115 1611 1.725289e-01 0 0 1.595492e-01 1.604960e-01 1.591711e-01 1.659649e-01 1.577866e-01 1.584794e-01 1.689087e-01 1.549359e-01 1.595995e-01 1.644314e-01 1.670215e-01 1.615120e-01 1.626282e-01 1.570131e-01 1.538631e-01 1.596058e-01 1.632681e-01 1.588022e-01 1.612407e-01 1.615424e-01 1.652518e-01 1.599220e-01 1.636447e-01 1.569916e-01 1.608543e-01 1.629540e-01 1.632790e-01 1.619297e-01 1.605278e-01 1.652693e-01 1.598207e-01 1.596722e-01 1.632742e-01 1.589293e-01 
116 1625 1.671307e-01 0 0 1.548806e-01 1.552887e-01 1.541837e-01 1.604350e-01 1.528064e-01 1.535043e-01 1.633817e-01 1.500933e-01 1.544729e-01 1.591486e-01 1.617590e-01 1.562314e-01 1.574362e-01 1.518363e-01 1.491205e-01 1.545217e-01 1.579914e-01 1.539653e-01 1.561735e-01 1.563125e-01 1.601163e-01 1.545679e-01 1.583351e-01 1.517694e-01 1.555665e-01 1.578891e-01 1.579058e-01 1.567166e-01 1.551528e-01 1.598312e-01 1.545829e-01 1.547591e-01 1.578199e-01 1.538737e-01 
117 1639 1.598889e-01 0 0 1.479484e-01 1.482557e-01 1.476669e-01 1.532171e-01 1.461907e-01 1.467855e-01 1.565792e-01 1.434665e-01 1.474625e-01 1.520756e-01 1.548142e-01 1.492447e-01 1.504045e-01 1.451068e-01 1.427600e-01 1.474761e-01 1.509307e-01 1.469772e-01 1.493106e-01 1.494637e-01 1.529552e-01 1.478997e-01 1.512075e-01 1.449096e-01 1.485919e-01 1.506883e-01 1.507777e-01 1.500133e-01 1.485378e-01 1.528945e-01 1.480449e-01 1.479958e-01 1.506308e-01 1.473822e-01 
118 1653 1.544370e-01 0 0 1.426597e-01 1.430691e-01 1.424263e-01 1.480691e-01 1.415388e-01 1.415814e-01 1.513175e-01 1.383661e-01 1.424356e-01 1.471987e-01 1.492742e-01 1.438743e-01 1.453666e-01 1.398843e-01 1.377951e-01 1.422688e-01 1.456164e-01 1.421042e-01 1.440085e-01 1.441678e-01 1.476646e-01 1.426995e-01 1.462146e-01 1.398674e-01 1.434165e-01 1.455035e-01 1.453337e-01 1.456372e-01 1.434931e-01 1.476838e-01 1.428260e-01 1.428887e-01 1.452566e-01 1.422339e-01 
119 1667 1.496718e-01 0 0 1.379786e-01 1.387273e-01 1.385046e-01 1.434612e-01 1.370608e-01 1.371171e-01 1.465707e-01 1.340552e-01 1.382285e-01 1.424193e-01 1.444195e-01 1.394761e-01 1.405726e-01 1.354015e-01 1.333900e-01 1.376524e-01 1.409547e-01 1.375192e-01 1.393599e-01 1.395681e-01 1.428929e-01 1.381837e-01 1.415733e-01 1.353146e-01 1.387193e-01 1.408899e-01 1.407108e-01 1.409001e-01 1.393575e-01 1.427950e-01 1.384162e-01 1.385413e-01 1.404638e-01 1.376470e-01 
120 1681 1.486060e-01 0 0 1.369033e-01 1.375719e-01 1.376810e-01 1.426726e-01 1.362811e-01 1.363103e-01 1.452141e-01 1.329968e-01 1.373469e-01 1.414198e-01 1.432740e-01 1.383930e-01 1.393707e-01 1.342405e-01 1.324581e-01 1.364830e-01 1.398101e-01 1.365588e-01 1.381687e-01 1.383617e-01 1.419271e-01 1.369724e-01 1.407669e-01 1.341133e-01 1.376670e-01 1.396805e-01 1.398705e-01 1.400520e-01 1.384368e-01 1.415233e-01 1.374034e-01 1.375167e-01 1.392823e-01 1.366032e-01 
121 1695 1.462810e-01 0 0 1.347643e-01 1.356469e-01 1.357372e-01 1.405060e-01 1.341194e-01 1.340744e-01 1.426660e-01 1.309707e-01 1.351446e-01 1.394238e-01 1.409034e-01 1.361592e-01 1.369075e-01 1.320728e-01 1.303039e-01 1.341048e-01 1.374298e-01 1.344158e-01 1.357612e-01 1.361175e-01 1.393949e-01 1.346938e-01 1.384638e-01 1.318660e-01 1.353891e-01 1.372229e-01 1.375677e-01 1.378123e-01 1.365197e-01 1.391418e-01 1.350188e-01 1.352835e-01 1.370464e-01 1.342857e-01 
122 1709 1.445681e-01 0 0 1.331169e-01 1.344921e-01 1.346038e-01 1.389803e-01 1.323103e-01 1.324212e-01 1.407896e-01 1.296054e-01 1.336337e-01 1.377451e-01 1.395300e-01 1.346863e-01 1.356070e-01 1.303740e-01 1.285416e-01 1.324299e-01 1.355718e-01 1.326314e-01 1.340604e-01 1.345693e-01 1.376007e-01 1.330335e-01 1.365560e-01 1.301772e-01 1.341220e-01 1.358347e-01 1.358032e-01 1.359840e-01 1.349441e-01 1.373331e-01 1.333473e-01 1.335923e-01 1.353529e-01 1.324662e-01 
123 1723 1.399668e-01 0 0 1.289863e-01 1.305919e-01 1.305248e-01 1.345018e-01 1.281100e-01 1.280442e-01 1.365142e-01 1.258296e-01 1.291963e-01 1.332015e-01 1.347987e-01 1.304368e-01 1.312543e-01 1.262012e-01 1.243781e-01 1.280678e-01 1.310175e-01 1.283844e-01 1.297646e-01 1.303136e-01 1.331797e-01 1.289259e-01 1.322235e-01 1.258771e-01 1.298214e-01 1.312834e-01 1.312331e-01 1.314436e-01 1.306341e-01 1.327899e-01 1.291299e-01 1.295330e-01 1.309149e-01 1.280358e-01 
124 1737 1.862595e-01 0 0 1.715339e-01 1.745110e-01 1.733059e-01 1.795818e-01 1.702794e-01 1.699990e-01 1.815460e-01 1.673260e-01 1.717643e-01 1.775772e-01 1.791255e-01 1.734100e-01 1.744419e-01 1.680823e-01 1.653735e-01 1.705839e-01 1.741172e-01 1.706344e-01 1.723515e-01 1.734973e-01 1.768009e-01 1.717493e-01 1.758046e-01 1.674557e-01 1.726831e-01 1.752076e-01 1.746258e-01 1.746313e-01 1.736603e-01 1.764254e-01 1.717869e-01 1.725517e-01 1.739792e-01 1.703457e-01 
125 1751 1.768176e-01 0 0 1.628160e-01 1.654956e-01 1.642632e-01 1.702396e-01 1.614181e-01 1.610268e-01 1.720713e-01 1.587382e-01 1.629849e-01 1.683852e-01 1.697008e-01 1.644012e-01 1.653832e-01 1.593289e-01 1.570766e-01 1.616919e-01 1.650276e-01 1.616909e-01 1.633225e-01 1.645506e-01 1.674955e-01 1.630520e-01 1.668587e-01 1.588687e-01 1.638111e-01 1.660876e-01 1.656081e-01 1.655476e-01 1.647039e-01 1.670647e-01 1.629569e-01 1.645908e-01 1.651112e-01 1.613590e-01 
126 1765 1.679617e-01 0 0 1.544581e-01 1.572969e-01 1.557639e-01 1.613794e-01 1.530431e-01 1.528176e-01 1.636512e-01 1.506687e-01 1.547414e-01 1.597926e-01 1.608940e-01 1.566164e-01 1.567424e-01 1.512676e-01 1.494513e-01 1.533240e-01 1.564265e-01 1.534174e-01 1.553240e-01 1.561365e-01 1.590327e-01 1.548312e-01 1.584791e-01 1.506252e-01 1.556126e-01 1.576493e-01 1.573789e-01 1.572503e-01 1.561665e-01 1.584639e-01 1.546538e-01 1.559660e-01 1.564945e-01 1.529093e-01 
127 1779 2.257003e-01 0 0 2.073052e-01 2.112329e-01 2.091337e-01 2.164656e-01 2.052238e-01 2.049502e-01 2.197805e-01 2.022834e-01 2.075745e-01 2.146725e-01 2.162418e-01 2.099670e-01 2.101762e-01 2.029410e-01 2.005898e-01 2.058185e-01 2.098691e-01 2.062897e-01 2.084611e-01 2.094379e-01 2.133074e-01 2.078566e-01 2.129083e-01 2.023473e-01 2.092740e-01 2.114775e-01 2.125929e-01 2.108907e-01 2.095749e-01 2.125476e-01 2.076449e-01 2.099346e-01 2.103254e-01 2.051603e-01 
128 1793 2.152784e-01 0 0 1.976661e-01 2.015948e-01 1.992650e-01 2.069918e-01 1.953322e-01 1.953403e-01 2.093876e-01 1.925492e-01 1.976933e-01 2.042833e-01 2.059584e-01 1.998166e-01 2.002510e-01 1.934175e-01 1.909686e-01 1.960713e-01 1.997873e-01 1.965902e-01 1.984909e-01 1.993193e-01 2.032467e-01 1.983409e-01 2.029407e-01 1.926786e-01 1.992538e-01 2.013322e-01 2.026470e-01 2.010013e-01 1.996000e-01 2.027066e-01 1.976959e-01 1.998182e-01 2.008944e-01 1.952566e-01 
129 1807 2.042756e-01 0 0 1.876044e-01 1.911673e-01 1.887487e-01 1.966680e-01 1.851638e-01 1.849860e-01 1.984852e-01 1.827762e-01 1.874225e-01 1.943900e-01 1.951661e-01 1.891867e-01 1.898255e-01 1.834449e-01 1.809742e-01 1.859888e-01 1.893421e-01 1.862241e-01 1.883422e-01 1.887333e-01 1.926195e-01 1.880649e-01 1.926625e-01 1.826458e-01 1.888428e-01 1.906509e-01 1.923999e-01 1.907146e-01 1.892204e-01 1.919644e-01 1.872346e-01 1.891863e-01 1.902747e-01 1.852085e-01 
130 1821 1.947396e-01 0 0 1.787104e-01 1.822100e-01 1.797229e-01 1.873386e-01 1.764556e-01 1.760090e-01 1.888696e-01 1.740074e-01 1.783910e-01 1.852331e-01 1.857600e-01 1.804654e-01 1.809366e-01 1.745816e-01 1.728157e-01 1.768938e-01 1.801578e-01 1.775008e-01 1.793892e-01 1.795379e-01 1.833643e-01 1.789270e-01 1.838083e-01 1.739752e-01 1.799420e-01 1.818487e-01 1.833295e-01 1.817648e-01 1.804226e-01 1.830650e-01 1.782141e-01 1.802219e-01 1.811269e-01 1.765000e-01 
131 1835 1.834715e-01 0 0 1.683834e-01 1.716361e-01 1.691548e-01 1.762222e-01 1.659827e-01 1.654165e-01 1.778243e-01 1.636849e-01 1.678656e-01 1.741629e-01 1.747824e-01 1.697565e-01 1.701570e-01 1.644276e-01 1.626180e-01 1.664450e-01 1.699301e-01 1.668837e-01 1.690023e-01 1.687678e-01 1.725587e-01 1.681485e-01 1.735708e-01 1.637260e-01 1.692516e-01 1.712418e-01 1.724974e-01 1.711276e-01 1.697731e-01 1.724840e-01 1.676976e-01 1.698722e-01 1.703262e-01 1.659898e-01 
132 1849 1.767537e-01 0 0 1.620063e-01 1.654796e-01 1.628593e-01 1.694974e-01 1.598866e-01 1.591654e-01 1.711853e-01 1.577416e-01 1.616760e-01 1.675235e-01 1.681029e-01 1.633150e-01 1.638671e-01 1.581321e-01 1.564753e-01 1.602034e-01 1.637489e-01 1.604940e-01 1.633162e-01 1.626875e-01 1.660221e-01 1.620989e-01 1.672609e-01 1.575805e-01 1.630980e-01 1.648734e-01 1.659396e-01 1.646060e-01 1.633617e-01 1.658626e-01 1.617112e-01 1.633942e-01 1.641987e-01 1.602280e-01 
133 1863 1.740791e-01 0 0 1.594480e-01 1.631611e-01 1.601892e-01 1.666605e-01 1.573803e-01 1.564496e-01 1.686979e-01 1.553775e-01 1.596797e-01 1.646368e-01 1.654008e-01 1.611814e-01 1.615498e-01 1.553979e-01 1.540657e-01 1.577235e-01 1.610290e-01 1.582971e-01 1.609102e-01 1.603848e-01 1.638926e-01 1.597047e-01 1.644116e-01 1.552568e-01 1.606671e-01 1.620850e-01 1.632279e-01 1.620223e-01 1.605383e-01 1.629913e-01 1.591768e-01 1.606428e-01 1.616746e-01 1.576752e-01 
134 1877 1.740103e-01 0 0 1.594983e-01 1.630174e-01 1.598680e-01 1.664607e-01 1.570419e-01 1.564527e-01 1.685745e-01 1.556120e-01 1.596041e-01 1.644631e-01 1.651856e-01 1.615542e-01 1.613336e-01 1.550183e-01 1.537948e-01 1.573123e-01 1.606498e-01 1.579589e-01 1.610201e-01 1.608525e-01 1.635776e-01 1.594789e-01 1.641817e-01 1.551519e-01 1.604709e-01 1.617576e-01 1.628366e-01 1.618878e-01 1.607044e-01 1.628201e-01 1.588562e-01 1.606917e-01 1.615762e-01 1.576348e-01 
135 1891 1.700855e-01 0 0 1.558788e-01 1.597088e-01 1.560710e-01 1.624719e-01 1.531809e-01 1.526496e-01 1.645865e-01 1.519098e-01 1.557770e-01 1.608343e-01 1.614725e-01 1.583020e-01 1.575140e-01 1.514196e-01 1.501916e-01 1.536672e-01 1.570277e-01 1.543712e-01 1.573091e-01 1.573809e-01 1.600473e-01 1.559136e-01 1.604364e-01 1.515701e-01 1.566855e-01 1.579422e-01 1.590410e-01 1.581518e-01 1.570629e-01 1.589636e-01 1.549687e-01 1.568857e-01 1.579781e-01 1.544754e-01 
136 1905 1.653767e-01 0 0 1.513854e-01 1.551003e-01 1.513879e-01 1.578140e-01 1.486269e-01 1.482398e-01 1.602619e-01 1.479523e-01 1.517801e-01 1.566951e-01 1.569120e-01 1.537920e-01 1.530075e-01 1.470043e-01 1.465535e-01 1.497887e-01 1.525787e-01 1.500692e-01 1.529088e-01 1.534221e-01 1.553368e-01 1.513721e-01 1.557586e-01 1.472333e-01 1.522838e-01 1.533884e-01 1.543546e-01 1.535429e-01 1.523366e-01 1.544890e-01 1.505840e-01 1.524902e-01 1.536279e-01 1.500188e-01 
137 1919 1.629749e-01 0 0 1.500161e-01 1.529123e-01 1.489600e-01 1.552001e-01 1.462359e-01 1.458238e-01 1.578290e-01 1.457640e-01 1.496541e-01 1.542689e-01 1.548169e-01 1.515605e-01 1.505798e-01 1.446212e-01 1.442271e-01 1.476379e-01 1.503274e-01 1.478736e-01 1.505453e-01 1.509711e-01 1.531280e-01 1.490081e-01 1.532412e-01 1.449719e-01 1.500836e-01 1.508523e-01 1.519647e-01 1.512014e-01 1.507390e-01 1.523356e-01 1.484727e-01 1.501159e-01 1.512120e-01 1.475481e-01 
138 1933 1.611925e-01 0 0 1.484110e-01 1.510839e-01 1.470036e-01 1.536027e-01 1.445278e-01 1.439793e-01 1.559824e-01 1.438998e-01 1.478988e-01 1.522919e-01 1.532170e-01 1.498198e-01 1.487960e-01 1.428006e-01 1.426398e-01 1.459368e-01 1.485966e-01 1.464447e-01 1.490283e-01 1.498432e-01 1.512620e-01 1.471944e-01 1.512488e-01 1.430791e-01 1.483342e-01 1.489781e-01 1.503735e-01 1.493144e-01 1.488843e-01 1.506834e-01 1.467236e-01 1.483211e-01 1.494007e-01 1.456810e-01 
139 1947 1.582066e-01 0 0 1.455949e-01 1.482885e-01 1.439546e-01 1.504784e-01 1.420333e-01 1.412878e-01 1.529481e-01 1.410605e-01 1.452388e-01 1.491979e-01 1.503338e-01 1.470017e-01 1.462742e-01 1.399836e-01 1.401355e-01 1.440036e-01 1.458837e-01 1.433804e-01 1.461681e-01 1.468877e-01 1.487673e-01 1.447012e-01 1.481150e-01 1.402115e-01 1.455048e-01 1.461531e-01 1.473954e-01 1.462411e-01 1.460954e-01 1.481275e-01 1.439149e-01 1.454120e-01 1.465771e-01 1.428891e-01 
140 1961 2.178172e-01 0 0 2.002522e-01 2.044123e-01 1.978799e-01 2.070256e-01 1.953520e-01 1.941893e-01 2.101752e-01 1.940408e-01 1.997005e-01 2.051272e-01 2.069817e-01 2.025173e-01 2.011810e-01 1.924667e-01 1.926769e-01 1.982993e-01 2.005278e-01 1.970449e-01 2.015995e-01 2.020269e-01 2.056271e-01 1.990632e-01 2.038839e-01 1.926646e-01 2.000383e-01 2.010904e-01 2.028840e-01 2.010833e-01 2.008175e-01 2.038279e-01 1.979264e-01 1.997387e-01 2.016248e-01 1.963726e-01 
141 1975 2.103370e-01 0 0 1.930695e-01 1.972138e-01 1.912418e-01 1.997021e-01 1.883588e-01 1.872159e-01 2.026966e-01 1.871347e-01 1.924227e-01 1.979793e-01 1.996076e-01 1.954124e-01 1.947371e-01 1.859901e-01 1.859974e-01 1.914469e-01 1.933750e-01 1.900458e-01 1.952198e-01 1.951980e-01 1.992772e-01 1.920395e-01 1.966652e-01 1.856479e-01 1.929322e-01 1.941280e-01 1.956979e-01 1.939598e-01 1.935718e-01 1.965157e-01 1.907872e-01 1.926133e-01 1.943388e-01 1.892441e-01 
142 1989 2.021731e-01 0 0 1.856330e-01 1.895699e-01 1.834445e-01 1.919754e-01 1.806313e-01 1.796246e-01 1.949119e-01 1.797300e-01 1.848834e-01 1.899207e-01 1.915489e-01 1.877603e-01 1.873805e-01 1.784149e-01 1.789087e-01 1.837969e-01 1.856345e-01 1.824317e-01 1.879932e-01 1.874716e-01 1.911774e-01 1.843757e-01 1.890545e-01 1.779903e-01 1.850804e-01 1.865744e-01 1.878546e-01 1.863840e-01 1.860611e-01 1.889424e-01 1.832229e-01 1.847119e-01 1.866467e-01 1.816867e-01 
143 2003 1.931006e-01 0 0 1.769724e-01 1.807940e-01 1.753304e-01 1.833244e-01 1.723725e-01 1.714328e-01 1.860089e-01 1.715402e-01 1.764899e-01 1.810666e-01 1.826291e-01 1.791218e-01 1.786773e-01 1.701763e-01 1.711828e-01 1.753974e-01 1.771607e-01 1.738584e-01 1.795902e-01 1.786982e-01 1.824972e-01 1.758414e-01 1.804407e-01 1.700594e-01 1.765194e-01 1.779635e-01 1.790857e-01 1.778548e-01 1.776744e-01 1.802746e-01 1.748442e-01 1.763454e-01 1.779608e-01 1.732195e-01 
144 2017 1.898069e-01 0 0 1.743726e-01 1.776459e-01 1.719546e-01 1.803372e-01 1.691820e-01 1.684909e-01 1.830666e-01 1.683602e-01 1.731733e-01 1.777656e-01 1.801039e-01 1.759608e-01 1.755453e-01 1.669065e-01 1.684802e-01 1.728883e-01 1.740336e-01 1.706939e-01 1.764554e-01 1.761112e-01 1.792385e-01 1.725490e-01 1.772745e-01 1.669623e-01 1.733395e-01 1.748390e-01 1.760983e-01 1.745700e-01 1.745394e-01 1.770580e-01 1.718840e-01 1.730073e-01 1.746398e-01 1.700954e-01 
145 2031 1.860993e-01 0 0 1.708693e-01 1.745102e-01 1.684360e-01 1.769150e-01 1.655621e-01 1.648908e-01 1.802940e-01 1.649248e-01 1.701191e-01 1.742884e-01 1.764342e-01 1.723663e-01 1.726100e-01 1.637458e-01 1.654547e-01 1.693703e-01 1.707941e-01 1.670916e-01 1.729333e-01 1.729013e-01 1.756066e-01 1.689703e-01 1.742969e-01 1.634540e-01 1.696751e-01 1.718455e-01 1.724138e-01 1.709600e-01 1.708481e-01 1.737627e-01 1.686624e-01 1.693621e-01 1.708466e-01 1.665046e-01 
146 2045 1.819421e-01 0 0 1.668503e-01 1.704297e-01 1.643404e-01 1.727821e-01 1.618423e-01 1.609723e-01 1.758533e-01 1.611224e-01 1.666314e-01 1.700737e-01 1.725060e-01 1.681836e-01 1.685402e-01 1.598610e-01 1.617376e-01 1.653225e-01 1.666293e-01 1.635152e-01 1.688889e-01 1.691141e-01 1.716708e-01 1.649286e-01 1.703182e-01 1.597753e-01 1.657098e-01 1.679080e-01 1.681796e-01 1.667954e-01 1.672025e-01 1.702026e-01 1.646277e-01 1.653650e-01 1.666895e-01 1.624811e-01 
147 2059 1.786787e-01 0 0 1.638258e-01 1.670645e-01 1.611974e-01 1.696544e-01 1.588579e-01 1.578119e-01 1.724633e-01 1.579429e-01 1.635871e-01 1.667393e-01 1.693447e-01 1.655112e-01 1.655935e-01 1.571340e-01 1.587454e-01 1.623620e-01 1.636611e-01 1.612896e-01 1.656157e-01 1.660132e-01 1.686989e-01 1.620634e-01 1.672215e-01 1.570904e-01 1.625836e-01 1.650370e-01 1.651250e-01 1.637872e-01 1.641233e-01 1.669222e-01 1.616155e-01 1.620156e-01 1.633338e-01 1.592917e-01 
148 2073 1.742986e-01 0 0 1.597525e-01 1.631952e-01 1.570573e-01 1.652753e-01 1.548572e-01 1.537533e-01 1.680097e-01 1.537512e-01 1.594420e-01 1.625512e-01 1.650554e-01 1.611679e-01 1.615353e-01 1.531259e-01 1.549381e-01 1.581077e-01 1.599669e-01 1.573231e-01 1.615497e-01 1.618546e-01 1.646911e-01 1.579615e-01 1.632858e-01 1.530382e-01 1.583722e-01 1.611099e-01 1.609746e-01 1.594553e-01 1.599818e-01 1.626823e-01 1.576268e-01 1.580507e-01 1.592006e-01 1.554078e-01 
149 2087 1.701958e-01 0 0 1.557475e-01 1.591728e-01 1.531120e-01 1.610318e-01 1.511339e-01 1.499456e-01 1.641124e-01 1.497858e-01 1.559279e-01 1.584399e-01 1.609635e-01 1.570739e-01 1.582725e-01 1.492226e-01 1.514027e-01 1.541967e-01 1.561766e-01 1.534826e-01 1.575215e-01 1.578491e-01 1.607491e-01 1.541070e-01 1.592008e-01 1.495647e-01 1.544015e-01 1.570951e-01 1.571850e-01 1.554758e-01 1.560307e-01 1.593777e-01 1.538559e-01 1.542623e-01 1.552522e-01 1.515717e-01 
150 2101 1.688933e-01 0 0 1.543448e-01 1.576722e-01 1.515991e-01 1.596605e-01 1.497705e-01 1.484926e-01 1.625368e-01 1.485930e-01 1.546587e-01 1.575675e-01 1.596039e-01 1.555707e-01 1.571065e-01 1.482846e-01 1.502215e-01 1.527826e-01 1.548823e-01 1.524429e-01 1.561141e-01 1.564515e-01 1.593244e-01 1.526574e-01 1.577718e-01 1.482447e-01 1.531810e-01 1.557456e-01 1.559765e-01 1.539784e-01 1.553797e-01 1.587696e-01 1.525085e-01 1.528054e-01 1.537825e-01 1.508951e-01 
151 2115 1.653447e-01 0 0 1.510947e-01 1.549466e-01 1.481199e-01 1.565341e-01 1.462693e-01 1.453357e-01 1.589680e-01 1.453353e-01 1.514198e-01 1.542257e-01 1.560577e-01 1.519669e-01 1.540070e-01 1.449282e-01 1.469300e-01 1.494340e-01 1.513526e-01 1.491533e-01 1.527225e-01 1.529455e-01 1.558048e-01 1.492016e-01 1.543478e-01 1.449238e-01 1.497021e-01 1.522532e-01 1.525569e-01 1.508314e-01 1.523962e-01 1.556487e-01 1.495151e-01 1.494544e-01 1.504723e-01 1.477243e-01 
152 2129 1.595933e-01 0 0 1.461010e-01 1.493279e-01 1.429818e-01 1.514554e-01 1.410138e-01 1.400355e-01 1.531621e-01 1.400388e-01 1.460307e-01 1.487488e-01 1.503880e-01 1.464153e-01 1.487754e-01 1.398787e-01 1.415135e-01 1.440156e-01 1.458171e-01 1.437156e-01 1.472797e-01 1.474371e-01 1.505237e-01 1.438094e-01 1.487537e-01 1.396800e-01 1.442046e-01 1.466323e-01 1.471588e-01 1.454173e-01 1.470500e-01 1.502223e-01 1.444529e-01 1.441423e-01 1.450210e-01 1.423071e-01 
153 2143 1.547579e-01 0 0 1.414445e-01 1.446592e-01 1.387500e-01 1.475859e-01 1.365927e-01 1.355379e-01 1.486066e-01 1.359259e-01 1.413360e-01 1.442045e-01 1.454811e-01 1.417712e-01 1.442880e-01 1.356480e-01 1.370984e-01 1.396754e-01 1.415317e-01 1.392590e-01 1.425723e-01 1.426539e-01 1.458000e-01 1.392127e-01 1.440388e-01 1.353168e-01 1.395928e-01 1.424710e-01 1.426165e-01 1.407569e-01 1.423760e-01 1.455390e-01 1.401543e-01 1.395690e-01 1.403762e-01 1.378897e-01 
154 2157 1.494951e-01 0 0 1.366993e-01 1.394714e-01 1.340302e-01 1.426309e-01 1.318189e-01 1.307856e-01 1.432557e-01 1.312547e-01 1.364124e-01 1.392149e-01 1.403214e-01 1.366833e-01 1.400040e-01 1.310244e-01 1.325866e-01 1.355966e-01 1.369114e-01 1.342639e-01 1.374902e-01 1.375246e-01 1.410670e-01 1.341931e-01 1.388719e-01 1.305592e-01 1.346775e-01 1.377670e-01 1.377078e-01 1.364581e-01 1.372036e-01 1.410184e-01 1.352421e-01 1.346255e-01 1.355311e-01 1.332901e-01 
155 2171 1.433229e-01 0 0 1.308644e-01 1.335050e-01 1.283527e-01 1.367972e-01 1.261181e-01 1.254017e-01 1.373516e-01 1.258421e-01 1.305650e-01 1.334590e-01 1.344192e-01 1.308444e-01 1.341782e-01 1.254243e-01 1.269341e-01 1.298169e-01 1.310547e-01 1.285613e-01 1.317463e-01 1.318166e-01 1.349550e-01 1.285108e-01 1.329781e-01 1.250801e-01 1.290007e-01 1.318061e-01 1.320772e-01 1.308291e-01 1.314390e-01 1.348357e-01 1.295157e-01 1.288024e-01 1.296852e-01 1.276523e-01 
156 2185 1.384090e-01 0 0 1.263755e-01 1.289155e-01 1.238134e-01 1.322144e-01 1.217096e-01 1.210013e-01 1.326584e-01 1.213365e-01 1.259567e-01 1.287870e-01 1.296111e-01 1.262977e-01 1.294189e-01 1.212591e-01 1.225332e-01 1.252556e-01 1.264651e-01 1.240244e-01 1.271125e-01 1.271590e-01 1.302420e-01 1.238353e-01 1.281795e-01 1.206591e-01 1.247513e-01 1.272884e-01 1.276344e-01 1.266209e-01 1.267583e-01 1.302210e-01 1.248373e-01 1.242416e-01 1.249559e-01 1.231747e-01 
157 2199 1.334792e-01 0 0 1.217390e-01 1.241286e-01 1.199130e-01 1.273499e-01 1.171695e-01 1.164916e-01 1.279569e-01 1.168386e-01 1.213362e-01 1.240217e-01 1.247733e-01 1.218264e-01 1.247943e-01 1.167880e-01 1.179868e-01 1.206332e-01 1.217195e-01 1.194752e-01 1.223127e-01 1.224961e-01 1.254218e-01 1.192145e-01 1.234871e-01 1.164168e-01 1.205414e-01 1.227192e-01 1.229296e-01 1.220081e-01 1.220575e-01 1.254375e-01 1.201245e-01 1.199195e-01 1.203673e-01 1.186386e-01 
158 2213 1.820582e-01 0 0 1.665791e-01 1.693535e-01 1.635743e-01 1.734845e-01 1.597391e-01 1.586299e-01 1.744372e-01 1.591192e-01 1.654476e-01 1.688415e-01 1.701624e-01 1.659961e-01 1.700976e-01 1.591520e-01 1.606176e-01 1.642051e-01 1.657583e-01 1.626488e-01 1.664358e-01 1.677177e-01 1.707745e-01 1.622737e-01 1.680626e-01 1.586670e-01 1.643794e-01 1.671861e-01 1.676170e-01 1.665470e-01 1.662904e-01 1.709929e-01 1.636577e-01 1.634997e-01 1.639154e-01 1.618114e-01 
159 2227 1.816918e-01 0 0 1.673911e-01 1.688639e-01 1.628885e-01 1.730886e-01 1.591987e-01 1.579626e-01 1.740179e-01 1.585686e-01 1.650812e-01 1.685554e-01 1.696226e-01 1.653469e-01 1.694798e-01 1.591223e-01 1.601777e-01 1.635571e-01 1.655009e-01 1.622942e-01 1.658591e-01 1.674713e-01 1.704167e-01 1.618327e-01 1.674688e-01 1.587768e-01 1.638246e-01 1.667578e-01 1.673913e-01 1.663473e-01 1.664322e-01 1.705991e-01 1.633487e-01 1.629475e-01 1.632968e-01 1.617663e-01 
160 2241 1.804103e-01 0 0 1.662255e-01 1.680114e-01 1.616167e-01 1.720469e-01 1.578746e-01 1.565121e-01 1.725794e-01 1.573125e-01 1.639418e-01 1.673256e-01 1.681453e-01 1.640598e-01 1.682060e-01 1.577979e-01 1.589134e-01 1.623046e-01 1.642874e-01 1.607963e-01 1.643205e-01 1.660575e-01 1.695570e-01 1.605676e-01 1.659815e-01 1.577231e-01 1.624324e-01 1.653389e-01 1.660135e-01 1.661839e-01 1.650493e-01 1.692177e-01 1.626006e-01 1.618382e-01 1.618460e-01 1.603061e-01 
161 2255 1.797377e-01 0 0 1.660781e-01 1.674655e-01 1.609281e-01 1.710958e-01 1.572394e-01 1.556572e-01 1.715859e-01 1.565534e-01 1.633455e-01 1.670726e-01 1.672430e-01 1.634359e-01 1.673603e-01 1.569830e-01 1.580485e-01 1.617654e-01 1.635590e-01 1.603709e-01 1.635545e-01 1.651352e-01 1.688056e-01 1.596662e-01 1.651075e-01 1.573266e-01 1.615933e-01 1.648591e-01 1.653214e-01 1.659974e-01 1.645209e-01 1.683287e-01 1.619987e-01 1.609005e-01 1.615038e-01 1.596338e-01 
162 2269 1.787351e-01 0 0 1.655968e-01 1.664861e-01 1.598084e-01 1.700071e-01 1.560503e-01 1.544572e-01 1.705073e-01 1.554170e-01 1.624679e-01 1.661275e-01 1.660903e-01 1.624633e-01 1.662339e-01 1.558801e-01 1.574277e-01 1.606431e-01 1.624758e-01 1.592903e-01 1.623314e-01 1.640700e-01 1.678835e-01 1.587607e-01 1.640998e-01 1.564383e-01 1.604073e-01 1.642562e-01 1.641458e-01 1.660232e-01 1.642325e-01 1.673312e-01 1.613334e-01 1.597077e-01 1.604439e-01 1.584109e-01 
163 2283 1.786180e-01 0 0 1.654365e-01 1.660816e-01 1.594319e-01 1.698265e-01 1.556353e-01 1.541232e-01 1.703283e-01 1.550814e-01 1.626543e-01 1.661100e-01 1.659626e-01 1.626974e-01 1.659081e-01 1.557512e-01 1.573267e-01 1.609182e-01 1.620897e-01 1.595701e-01 1.619431e-01 1.639882e-01 1.676929e-01 1.585334e-01 1.638141e-01 1.560453e-01 1.600899e-01 1.637945e-01 1.639177e-01 1.667681e-01 1.642698e-01 1.669434e-01 1.611115e-01 1.594175e-01 1.602104e-01 1.582212e-01 
164 2297 1.774674e-01 0 0 1.644485e-01 1.646094e-01 1.582136e-01 1.686291e-01 1.545901e-01 1.529705e-01 1.694690e-01 1.541075e-01 1.614794e-01 1.648995e-01 1.652345e-01 1.616291e-01 1.646684e-01 1.544344e-01 1.561871e-01 1.594974e-01 1.610753e-01 1.583819e-01 1.608774e-01 1.628855e-01 1.666178e-01 1.574128e-01 1.625949e-01 1.552221e-01 1.587999e-01 1.624809e-01 1.626383e-01 1.660961e-01 1.636164e-01 1.656427e-01 1.601412e-01 1.588044e-01 1.588236e-01 1.571179e-01 
165 2311 1.711873e-01 0 0 1.584216e-01 1.587357e-01 1.522982e-01 1.623684e-01 1.488347e-01 1.472012e-01 1.633265e-01 1.484893e-01 1.554714e-01 1.589148e-01 1.592444e-01 1.557932e-01 1.587879e-01 1.488661e-01 1.505148e-01 1.536666e-01 1.551403e-01 1.526239e-01 1.549453e-01 1.568100e-01 1.608480e-01 1.519842e-01 1.565921e-01 1.494844e-01 1.530316e-01 1.569294e-01 1.566178e-01 1.604542e-01 1.577593e-01 1.595135e-01 1.542726e-01 1.529533e-01 1.531384e-01 1.514890e-01 
166 2325 1.646697e-01 0 0 1.521421e-01 1.523716e-01 1.462392e-01 1.559202e-01 1.433410e-01 1.414926e-01 1.569081e-01 1.425269e-01 1.498988e-01 1.531382e-01 1.533690e-01 1.498464e-01 1.526879e-01 1.436237e-01 1.448000e-01 1.478202e-01 1.489763e-01 1.468325e-01 1.488676e-01 1.507807e-01 1.545805e-01 1.461310e-01 1.505976e-01 1.435627e-01 1.471258e-01 1.506222e-01 1.515495e-01 1.542195e-01 1.519088e-01 1.532577e-01 1.481611e-01 1.469061e-01 1.470985e-01 1.455945e-01 
167 2339 1.626988e-01 0 0 1.500666e-01 1.504656e-01 1.444104e-01 1.544118e-01 1.412964e-01 1.398028e-01 1.550558e-01 1.414134e-01 1.478943e-01 1.511165e-01 1.521679e-01 1.481304e-01 1.505618e-01 1.418993e-01 1.429929e-01 1.462547e-01 1.469832e-01 1.450190e-01 1.470489e-01 1.488628e-01 1.527378e-01 1.442512e-01 1.484255e-01 1.418323e-01 1.454524e-01 1.487483e-01 1.496907e-01 1.524638e-01 1.499305e-01 1.513502e-01 1.461372e-01 1.448202e-01 1.451114e-01 1.445526e-01 
168 2353 1.595250e-01 0 0 1.472684e-01 1.475007e-01 1.414425e-01 1.514611e-01 1.382798e-01 1.370223e-01 1.520143e-01 1.382969e-01 1.451105e-01 1.479260e-01 1.492876e-01 1.449476e-01 1.474446e-01 1.389889e-01 1.398603e-01 1.434125e-01 1.438004e-01 1.419315e-01 1.449736e-01 1.459464e-01 1.496916e-01 1.416371e-01 1.451834e-01 1.389616e-01 1.423739e-01 1.455425e-01 1.465506e-01 1.496971e-01 1.467120e-01 1.483234e-01 1.434682e-01 1.422653e-01 1.419907e-01 1.416112e-01 
169 2367 1.551583e-01 0 0 1.431685e-01 1.439578e-01 1.373036e-01 1.472843e-01 1.344291e-01 1.330083e-01 1.476947e-01 1.345271e-01 1.410606e-01 1.441390e-01 1.453104e-01 1.407495e-01 1.431361e-01 1.349892e-01 1.357458e-01 1.395285e-01 1.395675e-01 1.378630e-01 1.407289e-01 1.420295e-01 1.456196e-01 1.378391e-01 1.412158e-01 1.350637e-01 1.383870e-01 1.416166e-01 1.423577e-01 1.453432e-01 1.423922e-01 1.439371e-01 1.393084e-01 1.381636e-01 1.379061e-01 1.376886e-01 
170 2381 1.521925e-01 0 0 1.402037e-01 1.411431e-01 1.345282e-01 1.445498e-01 1.315698e-01 1.302251e-01 1.446052e-01 1.317098e-01 1.381208e-01 1.413482e-01 1.427038e-01 1.380285e-01 1.402350e-01 1.322819e-01 1.330560e-01 1.368786e-01 1.366482e-01 1.351531e-01 1.379488e-01 1.390202e-01 1.428999e-01 1.359155e-01 1.384524e-01 1.327610e-01 1.361163e-01 1.388290e-01 1.395812e-01 1.425518e-01 1.395268e-01 1.410777e-01 1.366027e-01 1.352660e-01 1.350994e-01 1.349411e-01 
171 2395 1.497395e-01 0 0 1.379255e-01 1.387612e-01 1.321533e-01 1.419400e-01 1.295814e-01 1.281941e-01 1.420351e-01 1.293786e-01 1.361446e-01 1.389146e-01 1.404759e-01 1.357032e-01 1.377199e-01 1.302521e-01 1.307275e-01 1.350932e-01 1.342750e-01 1.327250e-01 1.355951e-01 1.368786e-01 1.404496e-01 1.340789e-01 1.359921e-01 1.304000e-01 1.339436e-01 1.363964e-01 1.376363e-01 1.402320e-01 1.372421e-01 1.386882e-01 1.341963e-01 1.328610e-01 1.326362e-01 1.325923e-01 
172 2409 1.444129e-01 0 0 1.329167e-01 1.336842e-01 1.271612e-01 1.372570e-01 1.249580e-01 1.235668e-01 1.367869e-01 1.250036e-01 1.311221e-01 1.338906e-01 1.353896e-01 1.306594e-01 1.326567e-01 1.254327e-01 1.259060e-01 1.302920e-01 1.292474e-01 1.276752e-01 1.306134e-01 1.319023e-01 1.353633e-01 1.292529e-01 1.310925e-01 1.256111e-01 1.289605e-01 1.312464e-01 1.327896e-01 1.352090e-01 1.322334e-01 1.339293e-01 1.292046e-01 1.279020e-01 1.277154e-01 1.278343e-01 
173 2423 1.386987e-01 0 0 1.275618e-01 1.281938e-01 1.219362e-01 1.318872e-01 1.198214e-01 1.184596e-01 1.312083e-01 1.202022e-01 1.258008e-01 1.286622e-01 1.299148e-01 1.252228e-01 1.272415e-01 1.205156e-01 1.206356e-01 1.250190e-01 1.239050e-01 1.223388e-01 1.252711e-01 1.266097e-01 1.300449e-01 1.245734e-01 1.258181e-01 1.204804e-01 1.239216e-01 1.260242e-01 1.273291e-01 1.296584e-01 1.275722e-01 1.284606e-01 1.241038e-01 1.227322e-01 1.224574e-01 1.226150e-01 
174 2437 1.360478e-01 0 0 1.248542e-01 1.257171e-01 1.193522e-01 1.295781e-01 1.172848e-01 1.160943e-01 1.285390e-01 1.178408e-01 1.233318e-01 1.262784e-01 1.273820e-01 1.227887e-01 1.247444e-01 1.181017e-01 1.181846e-01 1.234191e-01 1.212850e-01 1.197715e-01 1.227390e-01 1.239485e-01 1.275687e-01 1.220048e-01 1.232458e-01 1.181552e-01 1.213892e-01 1.237505e-01 1.246418e-01 1.272431e-01 1.254238e-01 1.260801e-01 1.216698e-01 1.201401e-01 1.198456e-01 1.201240e-01 
175 2451 1.329297e-01 0 0 1.220041e-01 1.231467e-01 1.164239e-01 1.266380e-01 1.145376e-01 1.132789e-01 1.252928e-01 1.149128e-01 1.203682e-01 1.234032e-01 1.242610e-01 1.202827e-01 1.218044e-01 1.151833e-01 1.153386e-01 1.210320e-01 1.182497e-01 1.170288e-01 1.196602e-01 1.208332e-01 1.244702e-01 1.189970e-01 1.201642e-01 1.154873e-01 1.186379e-01 1.207042e-01 1.215754e-01 1.241302e-01 1.225807e-01 1.232805e-01 1.188923e-01 1.172730e-01 1.169374e-01 1.172125e-01 
176 2465 1.804679e-01 0 0 1.656661e-01 1.675111e-01 1.577797e-01 1.718236e-01 1.555716e-01 1.534843e-01 1.699812e-01 1.558329e-01 1.637803e-01 1.677598e-01 1.685889e-01 1.636239e-01 1.656761e-01 1.561863e-01 1.562539e-01 1.643823e-01 1.603104e-01 1.587191e-01 1.621513e-01 1.636318e-01 1.689332e-01 1.613440e-01 1.627922e-01 1.566605e-01 1.610581e-01 1.635601e-01 1.647722e-01 1.686091e-01 1.664053e-01 1.671217e-01 1.616004e-01 1.588768e-01 1.584206e-01 1.589511e-01 
177 2479 1.745046e-01 0 0 1.600161e-01 1.620132e-01 1.523178e-01 1.660232e-01 1.504952e-01 1.481730e-01 1.640736e-01 1.504050e-01 1.585252e-01 1.622328e-01 1.630102e-01 1.582482e-01 1.599944e-01 1.510250e-01 1.513125e-01 1.595556e-01 1.549639e-01 1.534702e-01 1.565219e-01 1.579745e-01 1.631911e-01 1.559825e-01 1.571432e-01 1.513471e-01 1.555286e-01 1.580385e-01 1.589887e-01 1.628950e-01 1.611136e-01 1.614123e-01 1.560863e-01 1.533500e-01 1.532807e-01 1.535275e-01 
178 2493 1.696967e-01 0 0 1.553951e-01 1.572416e-01 1.479537e-01 1.612567e-01 1.464344e-01 1.439368e-01 1.592892e-01 1.460339e-01 1.543670e-01 1.576298e-01 1.585182e-01 1.536010e-01 1.553227e-01 1.468992e-01 1.468235e-01 1.549783e-01 1.504342e-01 1.490540e-01 1.519417e-01 1.536634e-01 1.584038e-01 1.513264e-01 1.525149e-01 1.469172e-01 1.510076e-01 1.534774e-01 1.544393e-01 1.582347e-01 1.568676e-01 1.568689e-01 1.516151e-01 1.488208e-01 1.488988e-01 1.492391e-01 
179 2507 1.652765e-01 0 0 1.510760e-01 1.530393e-01 1.442451e-01 1.569209e-01 1.426056e-01 1.401831e-01 1.548822e-01 1.418733e-01 1.507177e-01 1.535874e-01 1.540890e-01 1.493665e-01 1.511811e-01 1.431044e-01 1.427983e-01 1.512222e-01 1.462951e-01 1.453577e-01 1.478165e-01 1.501615e-01 1.543634e-01 1.470445e-01 1.482747e-01 1.429258e-01 1.469810e-01 1.492648e-01 1.501724e-01 1.539622e-01 1.529257e-01 1.530141e-01 1.475784e-01 1.446997e-01 1.450287e-01 1.452899e-01 
180 2521 1.599618e-01 0 0 1.465040e-01 1.479131e-01 1.397164e-01 1.517030e-01 1.379271e-01 1.354588e-01 1.495683e-01 1.369647e-01 1.459203e-01 1.487626e-01 1.488558e-01 1.442821e-01 1.460984e-01 1.392320e-01 1.379824e-01 1.462709e-01 1.414059e-01 1.405728e-01 1.430419e-01 1.452240e-01 1.492923e-01 1.421650e-01 1.432457e-01 1.381572e-01 1.419832e-01 1.441596e-01 1.455659e-01 1.487982e-01 1.478348e-01 1.481124e-01 1.427296e-01 1.397544e-01 1.406207e-01 1.404919e-01 
181 2535 1.562697e-01 0 0 1.434346e-01 1.444580e-01 1.364905e-01 1.481669e-01 1.345885e-01 1.320764e-01 1.460514e-01 1.336921e-01 1.425610e-01 1.451184e-01 1.451609e-01 1.407085e-01 1.426565e-01 1.357877e-01 1.345531e-01 1.427452e-01 1.379878e-01 1.375277e-01 1.399829e-01 1.419571e-01 1.457269e-01 1.386991e-01 1.398718e-01 1.352461e-01 1.386288e-01 1.407787e-01 1.419637e-01 1.451499e-01 1.441592e-01 1.445477e-01 1.395762e-01 1.363901e-01 1.375765e-01 1.369701e-01 
182 2549 1.545181e-01 0 0 1.416381e-01 1.426475e-01 1.347904e-01 1.462734e-01 1.329267e-01 1.303151e-01 1.444788e-01 1.327791e-01 1.408964e-01 1.431897e-01 1.432513e-01 1.390550e-01 1.409002e-01 1.341753e-01 1.328139e-01 1.409296e-01 1.362757e-01 1.362170e-01 1.386958e-01 1.403284e-01 1.439502e-01 1.371190e-01 1.381293e-01 1.335779e-01 1.368076e-01 1.388977e-01 1.402002e-01 1.433166e-01 1.423491e-01 1.428485e-01 1.379798e-01 1.347122e-01 1.361824e-01 1.352348e-01 
183 2563 1.560054e-01 0 0 1.427945e-01 1.438929e-01 1.360116e-01 1.475195e-01 1.339821e-01 1.314093e-01 1.458391e-01 1.339506e-01 1.424028e-01 1.443657e-01 1.446237e-01 1.404658e-01 1.420109e-01 1.353638e-01 1.338654e-01 1.419667e-01 1.372927e-01 1.386411e-01 1.398104e-01 1.416671e-01 1.452010e-01 1.381633e-01 1.396798e-01 1.357738e-01 1.378540e-01 1.401713e-01 1.414693e-01 1.447709e-01 1.437174e-01 1.440600e-01 1.391391e-01 1.359470e-01 1.378745e-01 1.364021e-01 
184 2577 1.560826e-01 0 0 1.425917e-01 1.439092e-01 1.359869e-01 1.478735e-01 1.337719e-01 1.312242e-01 1.457421e-01 1.339036e-01 1.423101e-01 1.441914e-01 1.446727e-01 1.404315e-01 1.419448e-01 1.354287e-01 1.339864e-01 1.422638e-01 1.372496e-01 1.392192e-01 1.397565e-01 1.415591e-01 1.454452e-01 1.381567e-01 1.396999e-01 1.370982e-01 1.377077e-01 1.400340e-01 1.415612e-01 1.446206e-01 1.439958e-01 1.439574e-01 1.389909e-01 1.359426e-01 1.380395e-01 1.362320e-01 
185 2591 1.555201e-01 0 0 1.419879e-01 1.431609e-01 1.353967e-01 1.471745e-01 1.332673e-01 1.307099e-01 1.452077e-01 1.337899e-01 1.415433e-01 1.438906e-01 1.443542e-01 1.400052e-01 1.410974e-01 1.348676e-01 1.340791e-01 1.419833e-01 1.366235e-01 1.388746e-01 1.389483e-01 1.410859e-01 1.449707e-01 1.374773e-01 1.391007e-01 1.370200e-01 1.368896e-01 1.392430e-01 1.409008e-01 1.444522e-01 1.436115e-01 1.431538e-01 1.384376e-01 1.351924e-01 1.374799e-01 1.357104e-01 
186 2605 1.539453e-01 0 0 1.403348e-01 1.414301e-01 1.338531e-01 1.456699e-01 1.316555e-01 1.292823e-01 1.435588e-01 1.323816e-01 1.399070e-01 1.423129e-01 1.427722e-01 1.384257e-01 1.395151e-01 1.332668e-01 1.325643e-01 1.405857e-01 1.350344e-01 1.376544e-01 1.375082e-01 1.396283e-01 1.433879e-01 1.365281e-01 1.375911e-01 1.357984e-01 1.352592e-01 1.381911e-01 1.392260e-01 1.431044e-01 1.423742e-01 1.416341e-01 1.367695e-01 1.336090e-01 1.365454e-01 1.344553e-01 
187 2619 2.105917e-01 0 0 1.916803e-01 1.930103e-01 1.828360e-01 1.990867e-01 1.798168e-01 1.767084e-01 1.960658e-01 1.811766e-01 1.917446e-01 1.943627e-01 1.952430e-01 1.893620e-01 1.905040e-01 1.819699e-01 1.813158e-01 1.920487e-01 1.845319e-01 1.887661e-01 1.882571e-01 1.907672e-01 1.959818e-01 1.864150e-01 1.881559e-01 1.858729e-01 1.851045e-01 1.889046e-01 1.901846e-01 1.956426e-01 1.946468e-01 1.935303e-01 1.868037e-01 1.823265e-01 1.867240e-01 1.839206e-01 
188 2633 2.090345e-01 0 0 1.902811e-01 1.912369e-01 1.810920e-01 1.973525e-01 1.782830e-01 1.752092e-01 1.947879e-01 1.797274e-01 1.905604e-01 1.925826e-01 1.942941e-01 1.878150e-01 1.887399e-01 1.804396e-01 1.797100e-01 1.907016e-01 1.830744e-01 1.874678e-01 1.866259e-01 1.889146e-01 1.943615e-01 1.846877e-01 1.865665e-01 1.845003e-01 1.837352e-01 1.870902e-01 1.883916e-01 1.943725e-01 1.935975e-01 1.917368e-01 1.852210e-01 1.807053e-01 1.855534e-01 1.826329e-01 
189 2647 2.042788e-01 0 0 1.856729e-01 1.871995e-01 1.778988e-01 1.925670e-01 1.739879e-01 1.710467e-01 1.901378e-01 1.754428e-01 1.863320e-01 1.879048e-01 1.897317e-01 1.831115e-01 1.840897e-01 1.759414e-01 1.753640e-01 1.864797e-01 1.788465e-01 1.832294e-01 1.824877e-01 1.845570e-01 1.895911e-01 1.802155e-01 1.821075e-01 1.801795e-01 1.795739e-01 1.824727e-01 1.838695e-01 1.897262e-01 1.891027e-01 1.869116e-01 1.811846e-01 1.762073e-01 1.815939e-01 1.787414e-01 
190 2661 1.987775e-01 0 0 1.803951e-01 1.822229e-01 1.729148e-01 1.877449e-01 1.691278e-01 1.664172e-01 1.845953e-01 1.705255e-01 1.819204e-01 1.827273e-01 1.843478e-01 1.778919e-01 1.787718e-01 1.711834e-01 1.703468e-01 1.811630e-01 1.737290e-01 1.792109e-01 1.774586e-01 1.794577e-01 1.844771e-01 1.749800e-01 1.769773e-01 1.753052e-01 1.743534e-01 1.774352e-01 1.791359e-01 1.843954e-01 1.840378e-01 1.814754e-01 1.761380e-01 1.710844e-01 1.766791e-01 1.744014e-01 
191 2675 1.920431e-01 0 0 1.741676e-01 1.757266e-01 1.667843e-01 1.810941e-01 1.631057e-01 1.606488e-01 1.781009e-01 1.647230e-01 1.757388e-01 1.766623e-01 1.778621e-01 1.714493e-01 1.729242e-01 1.651636e-01 1.645762e-01 1.748632e-01 1.676340e-01 1.728415e-01 1.714590e-01 1.729999e-01 1.783442e-01 1.692589e-01 1.711313e-01 1.690928e-01 1.684550e-01 1.710341e-01 1.732610e-01 1.778545e-01 1.777337e-01 1.750420e-01 1.705552e-01 1.650876e-01 1.708027e-01 1.686497e-01 
192 2689 1.836269e-01 0 0 1.662206e-01 1.681523e-01 1.591960e-01 1.729790e-01 1.558538e-01 1.537043e-01 1.705578e-01 1.573718e-01 1.682980e-01 1.686062e-01 1.701673e-01 1.636940e-01 1.652094e-01 1.576374e-01 1.571623e-01 1.677865e-01 1.600110e-01 1.651593e-01 1.642140e-01 1.653794e-01 1.703915e-01 1.614946e-01 1.635743e-01 1.615590e-01 1.608232e-01 1.634245e-01 1.655745e-01 1.698447e-01 1.696794e-01 1.671429e-01 1.631741e-01 1.575614e-01 1.632904e-01 1.613229e-01 
193 2703 1.759387e-01 0 0 1.590200e-01 1.608205e-01 1.524132e-01 1.657762e-01 1.490226e-01 1.472472e-01 1.634172e-01 1.505432e-01 1.610338e-01 1.615035e-01 1.628598e-01 1.567780e-01 1.582653e-01 1.507388e-01 1.505906e-01 1.605145e-01 1.530573e-01 1.585573e-01 1.575322e-01 1.584721e-01 1.629228e-01 1.546508e-01 1.564989e-01 1.545804e-01 1.541444e-01 1.562943e-01 1.586530e-01 1.624352e-01 1.625177e-01 1.599541e-01 1.560479e-01 1.506754e-01 1.568253e-01 1.546960e-01 
194 2717 1.694550e-01 0 0 1.530424e-01 1.546301e-01 1.465560e-01 1.595219e-01 1.432052e-01 1.414860e-01 1.572440e-01 1.447794e-01 1.552374e-01 1.552043e-01 1.567120e-01 1.508432e-01 1.522681e-01 1.450097e-01 1.451129e-01 1.548049e-01 1.471450e-01 1.525936e-01 1.516455e-01 1.523622e-01 1.569765e-01 1.487696e-01 1.504411e-01 1.486776e-01 1.481321e-01 1.504033e-01 1.528847e-01 1.562868e-01 1.566324e-01 1.537562e-01 1.500160e-01 1.448116e-01 1.511725e-01 1.491283e-01 
195 2731 1.627425e-01 0 0 1.466866e-01 1.483663e-01 1.404647e-01 1.535025e-01 1.373265e-01 1.356565e-01 1.507070e-01 1.387219e-01 1.491663e-01 1.489669e-01 1.501240e-01 1.447597e-01 1.458939e-01 1.390890e-01 1.393910e-01 1.485328e-01 1.411771e-01 1.466227e-01 1.453460e-01 1.460142e-01 1.507583e-01 1.426881e-01 1.442278e-01 1.427965e-01 1.420886e-01 1.445810e-01 1.469057e-01 1.499541e-01 1.504728e-01 1.473165e-01 1.443468e-01 1.388790e-01 1.449528e-01 1.431519e-01 
196 2745 1.558659e-01 0 0 1.403540e-01 1.421282e-01 1.344280e-01 1.471335e-01 1.312845e-01 1.296725e-01 1.446001e-01 1.326274e-01 1.427768e-01 1.425187e-01 1.434302e-01 1.383978e-01 1.396148e-01 1.330170e-01 1.333917e-01 1.421122e-01 1.351194e-01 1.402831e-01 1.389640e-01 1.395708e-01 1.442957e-01 1.366250e-01 1.381428e-01 1.366171e-01 1.359879e-01 1.386033e-01 1.407838e-01 1.437939e-01 1.439348e-01 1.408215e-01 1.380940e-01 1.327862e-01 1.386205e-01 1.371573e-01 
197 2759 1.492714e-01 0 0 1.341735e-01 1.360643e-01 1.285077e-01 1.408526e-01 1.256994e-01 1.239614e-01 1.387042e-01 1.269530e-01 1.365226e-01 1.361647e-01 1.371550e-01 1.323974e-01 1.334958e-01 1.272105e-01 1.274816e-01 1.358439e-01 1.292886e-01 1.343260e-01 1.328235e-01 1.335150e-01 1.380134e-01 1.306404e-01 1.323151e-01 1.307273e-01 1.300936e-01 1.325786e-01 1.348852e-01 1.378523e-01 1.380220e-01 1.347750e-01 1.320277e-01 1.271132e-01 1.325722e-01 1.312006e-01 
198 2773 1.410514e-01 0 0 1.268578e-01 1.283101e-01 1.213994e-01 1.328502e-01 1.194364e-01 1.169203e-01 1.308381e-01 1.199441e-01 1.287811e-01 1.284169e-01 1.294356e-01 1.250545e-01 1.259447e-01 1.200149e-01 1.206790e-01 1.281256e-01 1.220018e-01 1.266871e-01 1.253034e-01 1.259850e-01 1.303585e-01 1.235495e-01 1.250082e-01 1.234036e-01 1.228185e-01 1.250400e-01 1.273890e-01 1.301267e-01 1.303099e-01 1.271819e-01 1.247027e-01 1.198767e-01 1.253596e-01 1.237285e-01 
199 2787 1.900974e-01 0 0 1.709577e-01 1.730177e-01 1.636726e-01 1.789232e-01 1.609045e-01 1.573676e-01 1.761009e-01 1.614724e-01 1.732029e-01 1.729827e-01 1.744187e-01 1.685289e-01 1.694767e-01 1.615725e-01 1.631021e-01 1.723849e-01 1.642686e-01 1.705154e-01 1.689730e-01 1.695374e-01 1.757444e-01 1.671312e-01 1.682076e-01 1.661412e-01 1.651676e-01 1.683690e-01 1.716661e-01 1.752492e-01 1.752397e-01 1.713310e-01 1.677456e-01 1.614835e-01 1.688740e-01 1.672449e-01 
200 2801 2.571820e-01 0 0 2.311463e-01 2.342394e-01 2.210569e-01 2.415606e-01 2.174697e-01 2.124600e-01 2.380288e-01 2.182411e-01 2.340020e-01 2.339336e-01 2.356420e-01 2.275173e-01 2.288352e-01 2.181972e-01 2.208641e-01 2.330657e-01 2.217725e-01 2.307684e-01 2.289669e-01 2.290532e-01 2.375704e-01 2.261409e-01 2.275367e-01 2.246359e-01 2.231985e-01 2.274169e-01 2.317746e-01 2.368903e-01 2.368078e-01 2.317475e-01 2.273982e-01 2.180431e-01 2.279782e-01 2.261439e-01 
201 2815 2.499763e-01 0 0 2.249267e-01 2.276393e-01 2.147383e-01 2.343077e-01 2.114500e-01 2.062126e-01 2.308782e-01 2.120220e-01 2.269905e-01 2.268655e-01 2.290489e-01 2.207725e-01 2.220406e-01 2.116800e-01 2.153269e-01 2.261113e-01 2.155014e-01 2.240836e-01 2.222679e-01 2.222818e-01 2.308543e-01 2.199082e-01 2.206801e-01 2.180955e-01 2.166296e-01 2.207822e-01 2.251656e-01 2.300196e-01 2.298174e-01 2.249020e-01 2.207358e-01 2.115426e-01 2.213638e-01 2.199543e-01 
202 2829 2.405416e-01 0 0 2.164994e-01 2.188819e-01 2.065954e-01 2.254105e-01 2.032459e-01 1.980070e-01 2.219143e-01 2.037270e-01 2.182941e-01 2.182744e-01 2.199344e-01 2.121139e-01 2.139294e-01 2.033668e-01 2.071375e-01 2.173275e-01 2.068945e-01 2.153038e-01 2.136062e-01 2.136032e-01 2.217827e-01 2.118444e-01 2.123005e-01 2.093820e-01 2.081076e-01 2.124164e-01 2.167492e-01 2.210720e-01 2.207438e-01 2.163609e-01 2.121727e-01 2.032307e-01 2.130206e-01 2.114188e-01 
203 2843 2.327788e-01 0 0 2.098933e-01 2.115402e-01 2.003724e-01 2.184133e-01 1.965240e-01 1.914796e-01 2.143622e-01 1.975994e-01 2.111301e-01 2.115489e-01 2.125171e-01 2.048938e-01 2.072200e-01 1.964291e-01 2.009573e-01 2.099876e-01 1.999013e-01 2.082212e-01 2.067333e-01 2.063252e-01 2.143351e-01 2.049829e-01 2.052601e-01 2.021197e-01 2.010878e-01 2.053589e-01 2.095928e-01 2.138142e-01 2.145465e-01 2.093887e-01 2.051942e-01 1.963191e-01 2.060608e-01 2.042732e-01 
204 2857 2.233882e-01 0 0 2.010172e-01 2.028460e-01 1.919097e-01 2.094116e-01 1.882537e-01 1.835958e-01 2.056881e-01 1.896022e-01 2.025266e-01 2.027668e-01 2.034581e-01 1.964353e-01 1.986099e-01 1.887536e-01 1.929954e-01 2.011477e-01 1.916993e-01 1.995188e-01 1.985472e-01 1.980007e-01 2.060387e-01 1.965085e-01 1.967967e-01 1.936584e-01 1.931423e-01 1.966598e-01 2.006424e-01 2.049644e-01 2.058786e-01 2.007059e-01 1.967037e-01 1.879305e-01 1.973988e-01 1.957179e-01 
205 2871 2.128411e-01 0 0 1.913128e-01 1.929953e-01 1.828425e-01 1.997223e-01 1.791818e-01 1.746924e-01 1.959523e-01 1.809874e-01 1.927644e-01 1.929297e-01 1.934566e-01 1.869546e-01 1.894438e-01 1.796433e-01 1.835742e-01 1.914724e-01 1.826025e-01 1.896781e-01 1.888385e-01 1.882539e-01 1.959365e-01 1.871210e-01 1.872982e-01 1.845302e-01 1.836606e-01 1.869646e-01 1.909479e-01 1.954967e-01 1.960838e-01 1.914002e-01 1.873236e-01 1.787829e-01 1.882458e-01 1.862961e-01 
206 2885 2.025239e-01 0 0 1.817702e-01 1.836091e-01 1.739340e-01 1.898474e-01 1.701105e-01 1.659434e-01 1.862004e-01 1.719150e-01 1.833587e-01 1.832077e-01 1.839011e-01 1.776682e-01 1.798684e-01 1.708847e-01 1.743831e-01 1.819773e-01 1.736109e-01 1.803205e-01 1.792839e-01 1.787219e-01 1.860632e-01 1.778715e-01 1.779867e-01 1.754346e-01 1.746433e-01 1.777998e-01 1.813577e-01 1.856722e-01 1.866849e-01 1.817144e-01 1.779301e-01 1.700907e-01 1.791330e-01 1.771665e-01 
207 2899 1.956821e-01 0 0 1.760872e-01 1.772004e-01 1.678413e-01 1.832176e-01 1.641623e-01 1.605821e-01 1.797200e-01 1.658652e-01 1.771472e-01 1.768291e-01 1.774016e-01 1.714714e-01 1.737325e-01 1.654275e-01 1.683743e-01 1.761194e-01 1.675602e-01 1.743562e-01 1.730089e-01 1.726140e-01 1.797524e-01 1.716524e-01 1.719937e-01 1.692437e-01 1.683562e-01 1.714325e-01 1.750904e-01 1.792743e-01 1.803611e-01 1.756794e-01 1.716673e-01 1.642786e-01 1.732403e-01 1.711749e-01 
208 2913 1.907539e-01 0 0 1.719117e-01 1.724049e-01 1.638975e-01 1.783637e-01 1.598186e-01 1.562754e-01 1.749170e-01 1.615215e-01 1.724426e-01 1.720094e-01 1.730338e-01 1.667967e-01 1.691823e-01 1.610356e-01 1.644448e-01 1.715497e-01 1.630596e-01 1.698291e-01 1.689445e-01 1.687212e-01 1.749414e-01 1.671652e-01 1.675131e-01 1.650322e-01 1.640914e-01 1.670796e-01 1.706510e-01 1.744675e-01 1.757897e-01 1.713649e-01 1.669716e-01 1.600663e-01 1.692985e-01 1.664953e-01 
209 2927 1.861463e-01 0 0 1.676001e-01 1.682187e-01 1.601045e-01 1.737997e-01 1.556656e-01 1.525862e-01 1.703496e-01 1.576229e-01 1.680380e-01 1.678735e-01 1.686489e-01 1.632024e-01 1.650465e-01 1.568837e-01 1.604499e-01 1.674507e-01 1.593554e-01 1.656146e-01 1.647100e-01 1.643322e-01 1.705798e-01 1.628102e-01 1.632169e-01 1.610398e-01 1.598444e-01 1.632173e-01 1.665266e-01 1.699687e-01 1.714229e-01 1.668589e-01 1.625915e-01 1.561306e-01 1.655883e-01 1.621885e-01 
210 2941 1.804890e-01 0 0 1.628248e-01 1.633574e-01 1.552463e-01 1.684390e-01 1.506215e-01 1.476469e-01 1.649298e-01 1.527098e-01 1.629559e-01 1.624270e-01 1.633991e-01 1.581700e-01 1.599430e-01 1.519730e-01 1.553513e-01 1.621375e-01 1.541682e-01 1.606051e-01 1.593995e-01 1.591199e-01 1.654772e-01 1.579854e-01 1.580280e-01 1.558207e-01 1.551217e-01 1.579670e-01 1.613839e-01 1.644652e-01 1.662883e-01 1.614637e-01 1.574085e-01 1.511916e-01 1.606773e-01 1.573136e-01 
211 2955 1.772137e-01 0 0 1.599428e-01 1.601355e-01 1.522011e-01 1.656828e-01 1.475718e-01 1.448338e-01 1.618040e-01 1.499843e-01 1.599735e-01 1.597287e-01 1.604238e-01 1.555256e-01 1.572239e-01 1.490972e-01 1.522325e-01 1.590832e-01 1.514437e-01 1.579086e-01 1.566096e-01 1.564345e-01 1.622836e-01 1.552690e-01 1.551049e-01 1.529243e-01 1.521067e-01 1.548238e-01 1.583815e-01 1.611471e-01 1.632804e-01 1.584481e-01 1.545893e-01 1.481876e-01 1.577082e-01 1.543813e-01 
212 2969 1.725572e-01 0 0 1.555209e-01 1.555812e-01 1.482235e-01 1.614575e-01 1.435463e-01 1.409341e-01 1.574128e-01 1.459975e-01 1.560258e-01 1.553256e-01 1.563301e-01 1.512203e-01 1.529242e-01 1.450486e-01 1.480768e-01 1.550923e-01 1.475272e-01 1.539847e-01 1.523356e-01 1.527717e-01 1.577807e-01 1.508820e-01 1.507987e-01 1.487098e-01 1.482400e-01 1.506857e-01 1.540823e-01 1.572755e-01 1.589517e-01 1.540912e-01 1.504731e-01 1.440651e-01 1.534338e-01 1.504441e-01 
213 2983 2.359528e-01 0 0 2.126084e-01 2.126675e-01 2.025485e-01 2.206685e-01 1.960955e-01 1.924550e-01 2.149468e-01 1.993235e-01 2.133630e-01 2.124173e-01 2.140702e-01 2.065361e-01 2.089673e-01 1.981562e-01 2.028024e-01 2.122334e-01 2.020415e-01 2.103719e-01 2.080773e-01 2.088021e-01 2.155213e-01 2.058325e-01 2.059916e-01 2.033263e-01 2.029349e-01 2.061289e-01 2.103908e-01 2.148005e-01 2.171978e-01 2.101924e-01 2.054356e-01 1.968582e-01 2.094494e-01 2.056074e-01 
