%  columns=["iteration, evaluation, sigma, void, void, stds==sigma*sqrt(diag(C))" (startseed=211514, 2023/08/22 23:39:0.15)
1 15 3.958711e-01 0 0 3.982807e-01 3.962722e-01 3.950910e-01 3.960359e-01 3.953800e-01 3.964240e-01 3.952737e-01 3.958639e-01 3.950531e-01 3.966657e-01 3.955403e-01 3.954408e-01 3.949845e-01 3.952494e-01 3.957917e-01 3.950209e-01 3.954091e-01 3.956124e-01 3.954687e-01 3.950231e-01 3.950149e-01 3.954100e-01 3.961385e-01 3.959593e-01 3.961216e-01 3.953572e-01 3.954553e-01 3.953241e-01 3.950637e-01 3.958764e-01 3.964925e-01 3.951960e-01 3.948906e-01 3.950812e-01 
2 29 3.782411e-01 0 0 3.803009e-01 3.778787e-01 3.771771e-01 3.777468e-01 3.774982e-01 3.787838e-01 3.777165e-01 3.776007e-01 3.773519e-01 3.786910e-01 3.774270e-01 3.777286e-01 3.771931e-01 3.770788e-01 3.773639e-01 3.782290e-01 3.772008e-01 3.782466e-01 3.769413e-01 3.770733e-01 3.765562e-01 3.773281e-01 3.778642e-01 3.777161e-01 3.792477e-01 3.782262e-01 3.776804e-01 3.769638e-01 3.766514e-01 3.775109e-01 3.783590e-01 3.768579e-01 3.778224e-01 3.768394e-01 
3 43 3.592252e-01 0 0 3.606963e-01 3.585962e-01 3.574753e-01 3.580965e-01 3.582938e-01 3.596316e-01 3.583058e-01 3.580164e-01 3.579386e-01 3.597755e-01 3.583031e-01 3.583898e-01 3.577548e-01 3.579174e-01 3.584638e-01 3.585581e-01 3.579502e-01 3.586527e-01 3.578245e-01 3.574883e-01 3.583586e-01 3.575202e-01 3.584381e-01 3.585699e-01 3.596435e-01 3.594189e-01 3.583489e-01 3.578335e-01 3.575121e-01 3.582315e-01 3.594670e-01 3.572814e-01 3.585227e-01 3.572378e-01 
4 57 3.365876e-01 0 0 3.373560e-01 3.354271e-01 3.345850e-01 3.348554e-01 3.354312e-01 3.362919e-01 3.360685e-01 3.347638e-01 3.356232e-01 3.378820e-01 3.351730e-01 3.352617e-01 3.344983e-01 3.357820e-01 3.356856e-01 3.357234e-01 3.349418e-01 3.356764e-01 3.346376e-01 3.342607e-01 3.357275e-01 3.347274e-01 3.352391e-01 3.360953e-01 3.370087e-01 3.371870e-01 3.365198e-01 3.349073e-01 3.344371e-01 3.353148e-01 3.364979e-01 3.345541e-01 3.368098e-01 3.345672e-01 
5 71 3.244702e-01 0 0 3.258839e-01 3.233368e-01 3.220340e-01 3.219865e-01 3.228386e-01 3.236054e-01 3.271076e-01 3.221583e-01 3.231430e-01 3.251938e-01 3.223621e-01 3.231863e-01 3.228173e-01 3.232037e-01 3.233015e-01 3.233933e-01 3.226478e-01 3.229197e-01 3.222419e-01 3.214989e-01 3.237928e-01 3.220520e-01 3.224016e-01 3.242972e-01 3.246482e-01 3.244332e-01 3.238154e-01 3.227923e-01 3.223248e-01 3.234218e-01 3.237559e-01 3.225481e-01 3.239676e-01 3.218950e-01 
6 85 3.159757e-01 0 0 3.168426e-01 3.145397e-01 3.129810e-01 3.135529e-01 3.140803e-01 3.145600e-01 3.191855e-01 3.133991e-01 3.143941e-01 3.167547e-01 3.144702e-01 3.142252e-01 3.138033e-01 3.140225e-01 3.150471e-01 3.144459e-01 3.142190e-01 3.139469e-01 3.132018e-01 3.128432e-01 3.150205e-01 3.131885e-01 3.143996e-01 3.156483e-01 3.164799e-01 3.157351e-01 3.148001e-01 3.140129e-01 3.137628e-01 3.145215e-01 3.151586e-01 3.141197e-01 3.147547e-01 3.127044e-01 
7 99 3.051034e-01 0 0 3.057623e-01 3.033955e-01 3.022706e-01 3.024395e-01 3.025332e-01 3.031849e-01 3.087122e-01 3.027459e-01 3.029531e-01 3.059550e-01 3.036711e-01 3.035236e-01 3.026625e-01 3.026351e-01 3.046440e-01 3.037197e-01 3.041067e-01 3.031623e-01 3.023412e-01 3.022499e-01 3.043443e-01 3.025621e-01 3.034623e-01 3.048725e-01 3.055124e-01 3.044385e-01 3.040851e-01 3.027878e-01 3.024472e-01 3.033566e-01 3.038181e-01 3.028211e-01 3.036291e-01 3.014911e-01 
8 113 2.947450e-01 0 0 2.948538e-01 2.931170e-01 2.916203e-01 2.919263e-01 2.915684e-01 2.925569e-01 2.980670e-01 2.924905e-01 2.929938e-01 2.955835e-01 2.937662e-01 2.929933e-01 2.921002e-01 2.918441e-01 2.936846e-01 2.947957e-01 2.934404e-01 2.925832e-01 2.914418e-01 2.914187e-01 2.936511e-01 2.921043e-01 2.934829e-01 2.944491e-01 2.948552e-01 2.940461e-01 2.935423e-01 2.921555e-01 2.923276e-01 2.931233e-01 2.928027e-01 2.925867e-01 2.928000e-01 2.905898e-01 
9 127 2.844918e-01 0 0 2.839238e-01 2.825679e-01 2.808229e-01 2.815241e-01 2.807962e-01 2.823447e-01 2.876936e-01 2.823742e-01 2.846895e-01 2.848423e-01 2.831422e-01 2.821954e-01 2.814389e-01 2.811724e-01 2.836844e-01 2.846513e-01 2.830543e-01 2.822524e-01 2.809754e-01 2.810818e-01 2.828552e-01 2.819821e-01 2.827734e-01 2.838883e-01 2.840252e-01 2.834681e-01 2.827177e-01 2.817427e-01 2.815662e-01 2.827051e-01 2.820610e-01 2.822310e-01 2.822944e-01 2.806881e-01 
10 141 2.746493e-01 0 0 2.734959e-01 2.724402e-01 2.707267e-01 2.712788e-01 2.704674e-01 2.727368e-01 2.776612e-01 2.721981e-01 2.746962e-01 2.746212e-01 2.731764e-01 2.723746e-01 2.710612e-01 2.710695e-01 2.737444e-01 2.748562e-01 2.732123e-01 2.728310e-01 2.706557e-01 2.709916e-01 2.733481e-01 2.719070e-01 2.729202e-01 2.738372e-01 2.743082e-01 2.738776e-01 2.726256e-01 2.719291e-01 2.715674e-01 2.723483e-01 2.721446e-01 2.726904e-01 2.720790e-01 2.710366e-01 
11 155 2.627566e-01 0 0 2.614249e-01 2.603531e-01 2.590166e-01 2.593762e-01 2.581057e-01 2.604336e-01 2.655874e-01 2.602141e-01 2.625294e-01 2.624048e-01 2.612116e-01 2.605436e-01 2.594208e-01 2.589447e-01 2.614884e-01 2.633011e-01 2.609826e-01 2.605974e-01 2.588940e-01 2.589054e-01 2.615652e-01 2.604014e-01 2.610318e-01 2.619823e-01 2.622331e-01 2.619279e-01 2.604931e-01 2.604437e-01 2.597296e-01 2.601176e-01 2.599622e-01 2.602831e-01 2.602251e-01 2.594609e-01 
12 169 2.524767e-01 0 0 2.505859e-01 2.496669e-01 2.486174e-01 2.486975e-01 2.476783e-01 2.497157e-01 2.548913e-01 2.496501e-01 2.518213e-01 2.516561e-01 2.516640e-01 2.503490e-01 2.496415e-01 2.482287e-01 2.509491e-01 2.525718e-01 2.502930e-01 2.503918e-01 2.484453e-01 2.489589e-01 2.514219e-01 2.500618e-01 2.503896e-01 2.519094e-01 2.516892e-01 2.513781e-01 2.501284e-01 2.508580e-01 2.497456e-01 2.494550e-01 2.494816e-01 2.497355e-01 2.497033e-01 2.491532e-01 
13 183 2.449760e-01 0 0 2.431740e-01 2.419068e-01 2.412388e-01 2.408127e-01 2.398133e-01 2.417925e-01 2.475124e-01 2.417796e-01 2.440567e-01 2.443691e-01 2.443921e-01 2.427990e-01 2.420367e-01 2.411112e-01 2.441051e-01 2.451511e-01 2.426651e-01 2.423924e-01 2.405074e-01 2.418112e-01 2.436855e-01 2.428493e-01 2.424332e-01 2.442411e-01 2.439161e-01 2.437388e-01 2.428539e-01 2.433802e-01 2.421007e-01 2.418903e-01 2.419099e-01 2.419790e-01 2.419635e-01 2.418329e-01 
14 197 2.369880e-01 0 0 2.348565e-01 2.337655e-01 2.340838e-01 2.329578e-01 2.314951e-01 2.336571e-01 2.391810e-01 2.336098e-01 2.361173e-01 2.364191e-01 2.362134e-01 2.350453e-01 2.338117e-01 2.329974e-01 2.361210e-01 2.368243e-01 2.347623e-01 2.339446e-01 2.323053e-01 2.339547e-01 2.356995e-01 2.349203e-01 2.342262e-01 2.357924e-01 2.357244e-01 2.353336e-01 2.346703e-01 2.353531e-01 2.338880e-01 2.334711e-01 2.341679e-01 2.336019e-01 2.335987e-01 2.344348e-01 
15 211 2.289564e-01 0 0 2.265724e-01 2.260352e-01 2.262018e-01 2.249360e-01 2.231460e-01 2.254975e-01 2.305226e-01 2.254394e-01 2.279214e-01 2.284813e-01 2.282793e-01 2.267266e-01 2.258805e-01 2.248852e-01 2.278698e-01 2.283837e-01 2.265503e-01 2.256682e-01 2.240026e-01 2.257260e-01 2.273478e-01 2.269056e-01 2.257944e-01 2.278856e-01 2.275943e-01 2.272009e-01 2.268515e-01 2.275488e-01 2.256247e-01 2.250751e-01 2.258155e-01 2.251763e-01 2.253006e-01 2.265205e-01 
16 225 2.195245e-01 0 0 2.167471e-01 2.164248e-01 2.175409e-01 2.155836e-01 2.136405e-01 2.158675e-01 2.207724e-01 2.157455e-01 2.183601e-01 2.193076e-01 2.189130e-01 2.177985e-01 2.170191e-01 2.156150e-01 2.181397e-01 2.188903e-01 2.168246e-01 2.160693e-01 2.148554e-01 2.165370e-01 2.174997e-01 2.176522e-01 2.160754e-01 2.184100e-01 2.177464e-01 2.174404e-01 2.171557e-01 2.179038e-01 2.160194e-01 2.155025e-01 2.163966e-01 2.154396e-01 2.157554e-01 2.172837e-01 
17 239 2.157916e-01 0 0 2.127278e-01 2.123435e-01 2.136629e-01 2.122246e-01 2.098861e-01 2.117891e-01 2.168508e-01 2.117451e-01 2.148536e-01 2.158063e-01 2.152643e-01 2.137361e-01 2.136350e-01 2.116584e-01 2.148058e-01 2.152933e-01 2.132317e-01 2.124612e-01 2.107982e-01 2.125763e-01 2.133730e-01 2.138578e-01 2.134149e-01 2.147607e-01 2.141695e-01 2.132968e-01 2.134923e-01 2.143004e-01 2.118507e-01 2.114956e-01 2.123895e-01 2.115116e-01 2.115979e-01 2.134298e-01 
18 253 2.130651e-01 0 0 2.108750e-01 2.094414e-01 2.106748e-01 2.101909e-01 2.070308e-01 2.098632e-01 2.138431e-01 2.087163e-01 2.124061e-01 2.137951e-01 2.124299e-01 2.110496e-01 2.115402e-01 2.095700e-01 2.117985e-01 2.123514e-01 2.107418e-01 2.095321e-01 2.077925e-01 2.096248e-01 2.102405e-01 2.113868e-01 2.107025e-01 2.121834e-01 2.113185e-01 2.105455e-01 2.105029e-01 2.116842e-01 2.089450e-01 2.085276e-01 2.101285e-01 2.086514e-01 2.089376e-01 2.104522e-01 
19 267 2.063756e-01 0 0 2.039531e-01 2.026194e-01 2.039295e-01 2.040067e-01 2.006015e-01 2.028307e-01 2.067685e-01 2.016805e-01 2.057643e-01 2.067403e-01 2.055461e-01 2.045815e-01 2.050526e-01 2.026474e-01 2.052067e-01 2.054876e-01 2.038320e-01 2.025330e-01 2.009149e-01 2.027901e-01 2.035009e-01 2.046955e-01 2.039570e-01 2.052131e-01 2.044629e-01 2.037555e-01 2.037482e-01 2.048011e-01 2.023267e-01 2.015688e-01 2.034677e-01 2.017552e-01 2.019371e-01 2.043151e-01 
20 281 2.023959e-01 0 0 2.001183e-01 1.991144e-01 1.997869e-01 2.000637e-01 1.974344e-01 1.989610e-01 2.028588e-01 1.975332e-01 2.014325e-01 2.031331e-01 2.012175e-01 2.008526e-01 2.010375e-01 1.989082e-01 2.007991e-01 2.012848e-01 1.995817e-01 1.986014e-01 1.967816e-01 1.985925e-01 1.993382e-01 2.005046e-01 2.002816e-01 2.014163e-01 2.003689e-01 1.997420e-01 1.996933e-01 2.008479e-01 1.982427e-01 1.979108e-01 1.996240e-01 1.974777e-01 1.982612e-01 2.003983e-01 
21 295 1.996439e-01 0 0 1.976200e-01 1.965688e-01 1.971654e-01 1.973987e-01 1.952469e-01 1.964097e-01 2.003253e-01 1.947690e-01 1.982243e-01 1.999189e-01 1.982550e-01 1.978441e-01 1.987406e-01 1.958006e-01 1.978643e-01 1.982853e-01 1.964722e-01 1.958484e-01 1.938569e-01 1.955186e-01 1.963314e-01 1.974408e-01 1.977329e-01 1.985549e-01 1.974101e-01 1.969683e-01 1.966646e-01 1.976430e-01 1.951599e-01 1.948485e-01 1.967425e-01 1.944463e-01 1.953198e-01 1.975617e-01 
22 309 1.951465e-01 0 0 1.934053e-01 1.918404e-01 1.922710e-01 1.928867e-01 1.908805e-01 1.923557e-01 1.963361e-01 1.900487e-01 1.941248e-01 1.952833e-01 1.935782e-01 1.935482e-01 1.941966e-01 1.911047e-01 1.931740e-01 1.934831e-01 1.923264e-01 1.911191e-01 1.896048e-01 1.906973e-01 1.916461e-01 1.926106e-01 1.935593e-01 1.941143e-01 1.929443e-01 1.930010e-01 1.919008e-01 1.929659e-01 1.904226e-01 1.902555e-01 1.921805e-01 1.897460e-01 1.910721e-01 1.929020e-01 
23 323 1.913688e-01 0 0 1.895885e-01 1.877494e-01 1.887413e-01 1.896570e-01 1.872427e-01 1.883566e-01 1.926492e-01 1.861694e-01 1.901151e-01 1.912329e-01 1.898686e-01 1.895496e-01 1.903386e-01 1.876312e-01 1.894163e-01 1.898389e-01 1.882134e-01 1.870639e-01 1.858944e-01 1.867151e-01 1.878936e-01 1.887082e-01 1.903171e-01 1.901389e-01 1.888745e-01 1.892429e-01 1.880687e-01 1.895472e-01 1.866683e-01 1.863270e-01 1.885008e-01 1.856777e-01 1.871267e-01 1.893694e-01 
24 337 1.858612e-01 0 0 1.842464e-01 1.823832e-01 1.830120e-01 1.842688e-01 1.818628e-01 1.826968e-01 1.867001e-01 1.804758e-01 1.845725e-01 1.854931e-01 1.840112e-01 1.838633e-01 1.847019e-01 1.823349e-01 1.837317e-01 1.847252e-01 1.825666e-01 1.815748e-01 1.803550e-01 1.809167e-01 1.828256e-01 1.832046e-01 1.851222e-01 1.844604e-01 1.831006e-01 1.843340e-01 1.825092e-01 1.841058e-01 1.810419e-01 1.808160e-01 1.829566e-01 1.800011e-01 1.817013e-01 1.838901e-01 
25 351 1.795054e-01 0 0 1.778528e-01 1.759189e-01 1.775876e-01 1.777617e-01 1.756021e-01 1.762017e-01 1.800122e-01 1.741398e-01 1.779684e-01 1.788689e-01 1.777556e-01 1.772538e-01 1.782951e-01 1.758542e-01 1.773006e-01 1.784299e-01 1.761807e-01 1.752763e-01 1.743911e-01 1.743836e-01 1.765309e-01 1.769558e-01 1.789509e-01 1.777204e-01 1.767586e-01 1.781690e-01 1.758481e-01 1.776516e-01 1.745178e-01 1.745192e-01 1.764136e-01 1.738187e-01 1.753618e-01 1.772992e-01 
26 365 1.749662e-01 0 0 1.730189e-01 1.712667e-01 1.732200e-01 1.733165e-01 1.709731e-01 1.713525e-01 1.751526e-01 1.696593e-01 1.731579e-01 1.744179e-01 1.732484e-01 1.724104e-01 1.737599e-01 1.716828e-01 1.725347e-01 1.737502e-01 1.714497e-01 1.706016e-01 1.700975e-01 1.697387e-01 1.718609e-01 1.724714e-01 1.742637e-01 1.730016e-01 1.721942e-01 1.737233e-01 1.710310e-01 1.733402e-01 1.697411e-01 1.699575e-01 1.716086e-01 1.697690e-01 1.709890e-01 1.731389e-01 
27 379 1.712296e-01 0 0 1.691860e-01 1.673963e-01 1.693975e-01 1.698282e-01 1.671394e-01 1.676153e-01 1.710829e-01 1.659197e-01 1.693697e-01 1.703598e-01 1.694461e-01 1.683898e-01 1.698024e-01 1.679110e-01 1.688343e-01 1.703537e-01 1.674667e-01 1.669632e-01 1.665389e-01 1.657676e-01 1.681026e-01 1.686644e-01 1.706058e-01 1.694959e-01 1.682666e-01 1.697394e-01 1.674679e-01 1.695724e-01 1.658043e-01 1.660732e-01 1.676117e-01 1.664507e-01 1.670920e-01 1.690967e-01 
28 393 1.689187e-01 0 0 1.666741e-01 1.657036e-01 1.673558e-01 1.673581e-01 1.648281e-01 1.650371e-01 1.687810e-01 1.634078e-01 1.671119e-01 1.680254e-01 1.669921e-01 1.659015e-01 1.672794e-01 1.654287e-01 1.662541e-01 1.677591e-01 1.649428e-01 1.651092e-01 1.651554e-01 1.635801e-01 1.656975e-01 1.665014e-01 1.682704e-01 1.675577e-01 1.658236e-01 1.676165e-01 1.651620e-01 1.672508e-01 1.632944e-01 1.635727e-01 1.650298e-01 1.643993e-01 1.646780e-01 1.665316e-01 
29 407 1.651688e-01 0 0 1.629861e-01 1.622362e-01 1.634901e-01 1.633867e-01 1.608635e-01 1.611567e-01 1.654722e-01 1.595020e-01 1.633179e-01 1.644182e-01 1.631703e-01 1.618492e-01 1.634957e-01 1.615081e-01 1.623265e-01 1.641312e-01 1.612509e-01 1.612619e-01 1.622171e-01 1.598643e-01 1.619109e-01 1.627473e-01 1.645477e-01 1.637718e-01 1.622034e-01 1.635155e-01 1.612341e-01 1.639603e-01 1.594176e-01 1.598120e-01 1.609862e-01 1.606182e-01 1.608810e-01 1.625814e-01 
30 421 1.619441e-01 0 0 1.594287e-01 1.588416e-01 1.601710e-01 1.600953e-01 1.573996e-01 1.577581e-01 1.620447e-01 1.562237e-01 1.600485e-01 1.611967e-01 1.597152e-01 1.591234e-01 1.600966e-01 1.582054e-01 1.588367e-01 1.606024e-01 1.578852e-01 1.580562e-01 1.596481e-01 1.572887e-01 1.589949e-01 1.594833e-01 1.613897e-01 1.604111e-01 1.589218e-01 1.604213e-01 1.577609e-01 1.606345e-01 1.562345e-01 1.565486e-01 1.575390e-01 1.571234e-01 1.577753e-01 1.594657e-01 
31 435 1.563300e-01 0 0 1.537026e-01 1.531024e-01 1.551888e-01 1.545841e-01 1.518406e-01 1.520467e-01 1.562540e-01 1.509512e-01 1.542801e-01 1.553861e-01 1.541998e-01 1.533522e-01 1.547704e-01 1.526367e-01 1.529989e-01 1.551174e-01 1.522623e-01 1.527438e-01 1.543330e-01 1.520797e-01 1.533743e-01 1.536925e-01 1.555034e-01 1.546676e-01 1.532344e-01 1.549846e-01 1.519628e-01 1.550737e-01 1.505664e-01 1.510513e-01 1.519803e-01 1.513688e-01 1.520991e-01 1.536833e-01 
32 449 2.128292e-01 0 0 2.088222e-01 2.082640e-01 2.112425e-01 2.100637e-01 2.066473e-01 2.067515e-01 2.124359e-01 2.054219e-01 2.096969e-01 2.113412e-01 2.099803e-01 2.084339e-01 2.114895e-01 2.077889e-01 2.079165e-01 2.109357e-01 2.072459e-01 2.080978e-01 2.100113e-01 2.077414e-01 2.088129e-01 2.088546e-01 2.116097e-01 2.105850e-01 2.089662e-01 2.108596e-01 2.068634e-01 2.112362e-01 2.045937e-01 2.052174e-01 2.067648e-01 2.055898e-01 2.066709e-01 2.102736e-01 
33 463 2.091807e-01 0 0 2.050084e-01 2.045871e-01 2.074441e-01 2.062249e-01 2.035605e-01 2.027532e-01 2.086546e-01 2.015471e-01 2.056588e-01 2.089097e-01 2.060558e-01 2.047770e-01 2.078100e-01 2.039819e-01 2.045209e-01 2.069155e-01 2.034847e-01 2.054667e-01 2.060955e-01 2.046192e-01 2.049639e-01 2.052657e-01 2.078012e-01 2.067064e-01 2.054581e-01 2.068866e-01 2.035172e-01 2.074410e-01 2.014537e-01 2.015700e-01 2.030756e-01 2.017861e-01 2.026876e-01 2.068345e-01 
34 477 2.040374e-01 0 0 1.997203e-01 1.994914e-01 2.023012e-01 2.008986e-01 1.984070e-01 1.974195e-01 2.032529e-01 1.966765e-01 2.007803e-01 2.034956e-01 2.007708e-01 1.994541e-01 2.023697e-01 1.990587e-01 1.990678e-01 2.016207e-01 1.980320e-01 2.005577e-01 2.011951e-01 1.997048e-01 1.996505e-01 2.003291e-01 2.025150e-01 2.014127e-01 2.003097e-01 2.015078e-01 1.988730e-01 2.020954e-01 1.963359e-01 1.963783e-01 1.987869e-01 1.966207e-01 1.976671e-01 2.015749e-01 
35 491 1.994691e-01 0 0 1.949274e-01 1.952412e-01 1.980210e-01 1.962238e-01 1.937772e-01 1.926514e-01 1.989612e-01 1.919349e-01 1.966993e-01 1.994519e-01 1.962106e-01 1.945455e-01 1.975446e-01 1.945490e-01 1.942691e-01 1.974004e-01 1.931788e-01 1.959373e-01 1.972381e-01 1.949353e-01 1.952165e-01 1.958695e-01 1.975518e-01 1.973048e-01 1.954340e-01 1.969746e-01 1.946708e-01 1.972849e-01 1.917555e-01 1.925175e-01 1.940961e-01 1.919805e-01 1.932736e-01 1.969427e-01 
36 505 1.917266e-01 0 0 1.873310e-01 1.873362e-01 1.909366e-01 1.885196e-01 1.862626e-01 1.850808e-01 1.909592e-01 1.844698e-01 1.889842e-01 1.916665e-01 1.883478e-01 1.866862e-01 1.899725e-01 1.867478e-01 1.864168e-01 1.895028e-01 1.855906e-01 1.879385e-01 1.894051e-01 1.871302e-01 1.872807e-01 1.884162e-01 1.896657e-01 1.895243e-01 1.880506e-01 1.890647e-01 1.872282e-01 1.891933e-01 1.843587e-01 1.852232e-01 1.866755e-01 1.840754e-01 1.857061e-01 1.896226e-01 
37 519 1.843569e-01 0 0 1.801727e-01 1.801184e-01 1.834994e-01 1.809906e-01 1.788455e-01 1.778632e-01 1.836072e-01 1.771152e-01 1.816370e-01 1.840217e-01 1.810679e-01 1.794332e-01 1.824439e-01 1.792543e-01 1.793718e-01 1.819708e-01 1.780758e-01 1.807840e-01 1.818796e-01 1.797727e-01 1.803127e-01 1.811816e-01 1.826951e-01 1.818962e-01 1.809690e-01 1.815278e-01 1.799187e-01 1.817009e-01 1.770774e-01 1.779823e-01 1.791781e-01 1.767295e-01 1.784034e-01 1.822533e-01 
38 533 1.801212e-01 0 0 1.757682e-01 1.757251e-01 1.790413e-01 1.773199e-01 1.743765e-01 1.734105e-01 1.794857e-01 1.727351e-01 1.776196e-01 1.796687e-01 1.764876e-01 1.754235e-01 1.782863e-01 1.748994e-01 1.753108e-01 1.774609e-01 1.737775e-01 1.763713e-01 1.774431e-01 1.757154e-01 1.758902e-01 1.768382e-01 1.783954e-01 1.773477e-01 1.767634e-01 1.770023e-01 1.755879e-01 1.771584e-01 1.728749e-01 1.738275e-01 1.748775e-01 1.722729e-01 1.740358e-01 1.786052e-01 
39 547 1.769782e-01 0 0 1.736734e-01 1.725601e-01 1.759647e-01 1.742847e-01 1.711093e-01 1.700123e-01 1.760026e-01 1.696473e-01 1.744450e-01 1.767182e-01 1.730538e-01 1.725423e-01 1.747490e-01 1.715305e-01 1.721060e-01 1.740983e-01 1.705000e-01 1.730837e-01 1.740288e-01 1.724260e-01 1.730482e-01 1.741606e-01 1.751146e-01 1.740129e-01 1.737163e-01 1.736188e-01 1.726096e-01 1.739650e-01 1.694828e-01 1.706044e-01 1.715540e-01 1.690602e-01 1.710068e-01 1.762335e-01 
40 561 1.728516e-01 0 0 1.697021e-01 1.686249e-01 1.717547e-01 1.699540e-01 1.667732e-01 1.659317e-01 1.720837e-01 1.654644e-01 1.700043e-01 1.725810e-01 1.687866e-01 1.682721e-01 1.709642e-01 1.673726e-01 1.679560e-01 1.698320e-01 1.663460e-01 1.686584e-01 1.699480e-01 1.683958e-01 1.690021e-01 1.702140e-01 1.709692e-01 1.697824e-01 1.695424e-01 1.692403e-01 1.683952e-01 1.698692e-01 1.654583e-01 1.665813e-01 1.674111e-01 1.647743e-01 1.676131e-01 1.719517e-01 
41 575 1.661576e-01 0 0 1.629500e-01 1.620250e-01 1.650384e-01 1.636838e-01 1.603153e-01 1.595077e-01 1.651963e-01 1.592944e-01 1.632591e-01 1.657739e-01 1.619961e-01 1.615478e-01 1.642072e-01 1.605697e-01 1.612232e-01 1.636232e-01 1.596020e-01 1.625446e-01 1.632317e-01 1.618704e-01 1.621172e-01 1.636807e-01 1.643747e-01 1.630128e-01 1.627920e-01 1.625131e-01 1.617514e-01 1.629985e-01 1.587259e-01 1.600415e-01 1.605944e-01 1.583130e-01 1.611026e-01 1.651651e-01 
42 589 1.612905e-01 0 0 1.581795e-01 1.569310e-01 1.599665e-01 1.591364e-01 1.559675e-01 1.546363e-01 1.603433e-01 1.542667e-01 1.581133e-01 1.608638e-01 1.569106e-01 1.565622e-01 1.596589e-01 1.556492e-01 1.563066e-01 1.587935e-01 1.553471e-01 1.575676e-01 1.582115e-01 1.570731e-01 1.572900e-01 1.586742e-01 1.592388e-01 1.580805e-01 1.578810e-01 1.575408e-01 1.571506e-01 1.578894e-01 1.538255e-01 1.552807e-01 1.557517e-01 1.536308e-01 1.562370e-01 1.606979e-01 
43 603 1.559505e-01 0 0 1.532345e-01 1.513874e-01 1.545200e-01 1.539512e-01 1.505916e-01 1.494096e-01 1.550806e-01 1.488242e-01 1.526071e-01 1.554370e-01 1.517659e-01 1.513091e-01 1.540764e-01 1.502747e-01 1.509770e-01 1.534704e-01 1.500568e-01 1.520565e-01 1.527330e-01 1.517009e-01 1.519892e-01 1.532569e-01 1.535845e-01 1.526109e-01 1.524293e-01 1.521626e-01 1.521773e-01 1.526292e-01 1.489139e-01 1.499057e-01 1.504976e-01 1.486991e-01 1.509045e-01 1.552676e-01 
44 617 1.513058e-01 0 0 1.487638e-01 1.466957e-01 1.496624e-01 1.495438e-01 1.461338e-01 1.447685e-01 1.504716e-01 1.441991e-01 1.482322e-01 1.506382e-01 1.469244e-01 1.466446e-01 1.495141e-01 1.456029e-01 1.462055e-01 1.486632e-01 1.453833e-01 1.474130e-01 1.485406e-01 1.469022e-01 1.472886e-01 1.491267e-01 1.488822e-01 1.478169e-01 1.475937e-01 1.473874e-01 1.476672e-01 1.477751e-01 1.448354e-01 1.453944e-01 1.460912e-01 1.442008e-01 1.462177e-01 1.508057e-01 
45 631 1.488504e-01 0 0 1.465893e-01 1.441564e-01 1.470739e-01 1.470002e-01 1.435940e-01 1.423018e-01 1.480743e-01 1.423111e-01 1.458649e-01 1.482299e-01 1.443520e-01 1.440294e-01 1.468269e-01 1.431872e-01 1.438476e-01 1.461174e-01 1.433820e-01 1.451205e-01 1.459464e-01 1.441855e-01 1.448927e-01 1.463922e-01 1.462098e-01 1.452034e-01 1.449063e-01 1.450227e-01 1.450606e-01 1.452430e-01 1.423375e-01 1.430433e-01 1.434901e-01 1.416764e-01 1.436527e-01 1.485456e-01 
46 645 1.450654e-01 0 0 1.427840e-01 1.402834e-01 1.431957e-01 1.429935e-01 1.399152e-01 1.384991e-01 1.441620e-01 1.386197e-01 1.419713e-01 1.447056e-01 1.404256e-01 1.401181e-01 1.429842e-01 1.393429e-01 1.403670e-01 1.422089e-01 1.399352e-01 1.411529e-01 1.425196e-01 1.406445e-01 1.410964e-01 1.424446e-01 1.424501e-01 1.413405e-01 1.410468e-01 1.412270e-01 1.413120e-01 1.413906e-01 1.386613e-01 1.393343e-01 1.395668e-01 1.380654e-01 1.397323e-01 1.448859e-01 
47 659 1.429220e-01 0 0 1.412624e-01 1.381497e-01 1.408075e-01 1.406522e-01 1.375483e-01 1.363740e-01 1.422104e-01 1.365155e-01 1.398991e-01 1.423329e-01 1.381288e-01 1.380351e-01 1.408453e-01 1.369979e-01 1.384379e-01 1.399446e-01 1.376644e-01 1.388604e-01 1.403116e-01 1.384143e-01 1.386838e-01 1.401885e-01 1.403534e-01 1.393553e-01 1.387365e-01 1.391264e-01 1.391861e-01 1.390217e-01 1.367706e-01 1.371580e-01 1.375090e-01 1.358478e-01 1.376899e-01 1.427270e-01 
48 673 1.985513e-01 0 0 1.965263e-01 1.916518e-01 1.952800e-01 1.950245e-01 1.912940e-01 1.894434e-01 1.974639e-01 1.892932e-01 1.943225e-01 1.973422e-01 1.916226e-01 1.919928e-01 1.957325e-01 1.902756e-01 1.924924e-01 1.943643e-01 1.913112e-01 1.929896e-01 1.954328e-01 1.918630e-01 1.925613e-01 1.945921e-01 1.952782e-01 1.934366e-01 1.925622e-01 1.933166e-01 1.930964e-01 1.934958e-01 1.899540e-01 1.902909e-01 1.909753e-01 1.884135e-01 1.918275e-01 1.981290e-01 
49 687 1.920235e-01 0 0 1.899683e-01 1.853570e-01 1.886484e-01 1.884770e-01 1.849313e-01 1.830589e-01 1.908472e-01 1.827376e-01 1.879097e-01 1.904298e-01 1.852135e-01 1.853695e-01 1.890845e-01 1.841316e-01 1.860278e-01 1.877890e-01 1.849273e-01 1.866634e-01 1.890975e-01 1.851280e-01 1.859072e-01 1.885420e-01 1.887223e-01 1.871142e-01 1.861348e-01 1.866183e-01 1.864220e-01 1.870113e-01 1.835474e-01 1.837561e-01 1.849511e-01 1.818495e-01 1.857649e-01 1.915269e-01 
50 701 1.881802e-01 0 0 1.860379e-01 1.815365e-01 1.845256e-01 1.847390e-01 1.808975e-01 1.794013e-01 1.875644e-01 1.788019e-01 1.845459e-01 1.879813e-01 1.812053e-01 1.816507e-01 1.854480e-01 1.804499e-01 1.820167e-01 1.835825e-01 1.811648e-01 1.829647e-01 1.852926e-01 1.815902e-01 1.820341e-01 1.847519e-01 1.853129e-01 1.830997e-01 1.821267e-01 1.824540e-01 1.823590e-01 1.830029e-01 1.796192e-01 1.798643e-01 1.809377e-01 1.779205e-01 1.818086e-01 1.875056e-01 
51 715 1.853910e-01 0 0 1.831540e-01 1.791218e-01 1.814645e-01 1.818682e-01 1.780010e-01 1.769195e-01 1.850411e-01 1.758481e-01 1.822672e-01 1.854653e-01 1.789439e-01 1.787096e-01 1.826253e-01 1.779755e-01 1.792408e-01 1.805441e-01 1.785672e-01 1.798591e-01 1.824037e-01 1.787771e-01 1.791402e-01 1.820542e-01 1.824416e-01 1.800154e-01 1.793625e-01 1.800579e-01 1.795629e-01 1.802259e-01 1.769420e-01 1.770680e-01 1.783502e-01 1.750472e-01 1.787717e-01 1.844582e-01 
52 729 1.805781e-01 0 0 1.780292e-01 1.740871e-01 1.767989e-01 1.767498e-01 1.732920e-01 1.721364e-01 1.799690e-01 1.709051e-01 1.774538e-01 1.806915e-01 1.740604e-01 1.745036e-01 1.779393e-01 1.731278e-01 1.747623e-01 1.754605e-01 1.739161e-01 1.749757e-01 1.779938e-01 1.739125e-01 1.744829e-01 1.769797e-01 1.773770e-01 1.750023e-01 1.746958e-01 1.752510e-01 1.751195e-01 1.753387e-01 1.722838e-01 1.723790e-01 1.734852e-01 1.702318e-01 1.738575e-01 1.801684e-01 
53 743 1.746297e-01 0 0 1.719646e-01 1.680104e-01 1.706682e-01 1.707389e-01 1.674315e-01 1.661812e-01 1.740490e-01 1.650787e-01 1.716313e-01 1.746252e-01 1.680091e-01 1.685989e-01 1.721810e-01 1.673549e-01 1.687071e-01 1.695316e-01 1.679500e-01 1.690106e-01 1.724259e-01 1.678489e-01 1.686505e-01 1.711024e-01 1.715196e-01 1.689621e-01 1.686671e-01 1.692532e-01 1.690663e-01 1.692294e-01 1.667056e-01 1.666588e-01 1.674905e-01 1.642665e-01 1.678484e-01 1.742319e-01 
54 757 1.687414e-01 0 0 1.663998e-01 1.624696e-01 1.645464e-01 1.647314e-01 1.614907e-01 1.603276e-01 1.680098e-01 1.595766e-01 1.659014e-01 1.686536e-01 1.623781e-01 1.628029e-01 1.663168e-01 1.614047e-01 1.627936e-01 1.637838e-01 1.622037e-01 1.635536e-01 1.665630e-01 1.618348e-01 1.629633e-01 1.650784e-01 1.657673e-01 1.629413e-01 1.628506e-01 1.632011e-01 1.631474e-01 1.632461e-01 1.609506e-01 1.610592e-01 1.614818e-01 1.585250e-01 1.634147e-01 1.680999e-01 
55 771 2.257961e-01 0 0 2.224231e-01 2.175766e-01 2.196360e-01 2.202432e-01 2.159234e-01 2.141719e-01 2.246911e-01 2.131727e-01 2.218849e-01 2.255914e-01 2.173971e-01 2.174782e-01 2.221802e-01 2.156887e-01 2.177031e-01 2.188631e-01 2.166889e-01 2.185963e-01 2.228305e-01 2.163767e-01 2.183860e-01 2.206055e-01 2.214314e-01 2.177524e-01 2.176896e-01 2.183890e-01 2.180118e-01 2.179956e-01 2.151610e-01 2.156850e-01 2.162551e-01 2.116199e-01 2.182651e-01 2.247275e-01 
56 785 2.192490e-01 0 0 2.159963e-01 2.108441e-01 2.138651e-01 2.137194e-01 2.093430e-01 2.080229e-01 2.183161e-01 2.066024e-01 2.151113e-01 2.185340e-01 2.110731e-01 2.110806e-01 2.156970e-01 2.090542e-01 2.111982e-01 2.120591e-01 2.100310e-01 2.122478e-01 2.160498e-01 2.096716e-01 2.118370e-01 2.138588e-01 2.148656e-01 2.115247e-01 2.110241e-01 2.116796e-01 2.114220e-01 2.121662e-01 2.085433e-01 2.092264e-01 2.101490e-01 2.053390e-01 2.123537e-01 2.182277e-01 
57 799 2.126178e-01 0 0 2.094400e-01 2.043313e-01 2.072919e-01 2.067905e-01 2.028558e-01 2.015982e-01 2.116178e-01 2.000177e-01 2.092235e-01 2.116618e-01 2.043514e-01 2.046568e-01 2.089087e-01 2.027143e-01 2.051939e-01 2.052417e-01 2.036216e-01 2.056637e-01 2.100330e-01 2.031719e-01 2.053130e-01 2.070098e-01 2.079322e-01 2.050242e-01 2.041911e-01 2.051996e-01 2.047281e-01 2.061676e-01 2.019494e-01 2.026959e-01 2.034283e-01 1.989099e-01 2.058707e-01 2.118934e-01 
58 813 2.091778e-01 0 0 2.059613e-01 2.010758e-01 2.036093e-01 2.033341e-01 1.992234e-01 1.993306e-01 2.084810e-01 1.969768e-01 2.058229e-01 2.082515e-01 2.015527e-01 2.016035e-01 2.051550e-01 1.990659e-01 2.016365e-01 2.020198e-01 1.998769e-01 2.022366e-01 2.075061e-01 1.995647e-01 2.022529e-01 2.039635e-01 2.042024e-01 2.017457e-01 2.006454e-01 2.018761e-01 2.013847e-01 2.028311e-01 1.983221e-01 1.993323e-01 1.997955e-01 1.957709e-01 2.026229e-01 2.081895e-01 
59 827 2.031518e-01 0 0 2.000176e-01 1.950437e-01 1.977185e-01 1.973053e-01 1.934450e-01 1.938860e-01 2.021946e-01 1.910968e-01 1.995149e-01 2.024310e-01 1.958345e-01 1.954952e-01 1.989030e-01 1.934207e-01 1.956362e-01 1.958794e-01 1.937776e-01 1.962640e-01 2.014323e-01 1.937382e-01 1.960877e-01 1.980160e-01 1.981527e-01 1.957616e-01 1.949941e-01 1.957496e-01 1.951890e-01 1.969538e-01 1.923621e-01 1.933937e-01 1.937195e-01 1.897876e-01 1.978401e-01 2.021262e-01 
60 841 1.979197e-01 0 0 1.946093e-01 1.896363e-01 1.924928e-01 1.918392e-01 1.882325e-01 1.886576e-01 1.966764e-01 1.858044e-01 1.941101e-01 1.969301e-01 1.914327e-01 1.905671e-01 1.935487e-01 1.883013e-01 1.904324e-01 1.909134e-01 1.888789e-01 1.910233e-01 1.961583e-01 1.886131e-01 1.909421e-01 1.927351e-01 1.932084e-01 1.910579e-01 1.895251e-01 1.903476e-01 1.897857e-01 1.921422e-01 1.870083e-01 1.883147e-01 1.884374e-01 1.845441e-01 1.926959e-01 1.972223e-01 
61 855 1.921615e-01 0 0 1.892900e-01 1.838454e-01 1.866258e-01 1.860692e-01 1.824480e-01 1.828270e-01 1.907053e-01 1.802091e-01 1.881787e-01 1.911908e-01 1.859716e-01 1.847110e-01 1.876236e-01 1.825551e-01 1.844705e-01 1.853768e-01 1.832291e-01 1.853884e-01 1.902476e-01 1.834470e-01 1.851868e-01 1.867068e-01 1.872651e-01 1.852648e-01 1.838595e-01 1.845439e-01 1.840911e-01 1.868902e-01 1.811572e-01 1.827674e-01 1.830603e-01 1.788762e-01 1.869809e-01 1.915599e-01 
62 869 1.822583e-01 0 0 1.799664e-01 1.743309e-01 1.771863e-01 1.763346e-01 1.727432e-01 1.731463e-01 1.815529e-01 1.706160e-01 1.782842e-01 1.817099e-01 1.764814e-01 1.750316e-01 1.777693e-01 1.729047e-01 1.747545e-01 1.760053e-01 1.737220e-01 1.754534e-01 1.805466e-01 1.742358e-01 1.756755e-01 1.769496e-01 1.776076e-01 1.754282e-01 1.741809e-01 1.748525e-01 1.743648e-01 1.774719e-01 1.714943e-01 1.732808e-01 1.733431e-01 1.693004e-01 1.774737e-01 1.813572e-01 
63 883 1.763569e-01 0 0 1.742415e-01 1.683566e-01 1.714096e-01 1.707405e-01 1.668539e-01 1.676236e-01 1.755348e-01 1.652016e-01 1.723446e-01 1.756916e-01 1.705405e-01 1.694321e-01 1.717676e-01 1.671145e-01 1.690966e-01 1.700870e-01 1.679805e-01 1.694646e-01 1.744081e-01 1.682822e-01 1.698520e-01 1.709813e-01 1.717862e-01 1.699333e-01 1.684250e-01 1.688229e-01 1.685851e-01 1.714756e-01 1.656979e-01 1.678677e-01 1.677276e-01 1.637766e-01 1.716774e-01 1.751691e-01 
64 897 1.737233e-01 0 0 1.714797e-01 1.656578e-01 1.685074e-01 1.685803e-01 1.640825e-01 1.647823e-01 1.726888e-01 1.628001e-01 1.695624e-01 1.727452e-01 1.684196e-01 1.665376e-01 1.688404e-01 1.649506e-01 1.665277e-01 1.684130e-01 1.651692e-01 1.668836e-01 1.715495e-01 1.654223e-01 1.670887e-01 1.682081e-01 1.691069e-01 1.671169e-01 1.661347e-01 1.660471e-01 1.660156e-01 1.692228e-01 1.630630e-01 1.652580e-01 1.649892e-01 1.610920e-01 1.690473e-01 1.723781e-01 
65 911 1.697976e-01 0 0 1.675191e-01 1.617387e-01 1.646771e-01 1.645592e-01 1.604423e-01 1.608405e-01 1.687463e-01 1.589915e-01 1.655239e-01 1.692573e-01 1.644003e-01 1.630743e-01 1.647373e-01 1.609020e-01 1.637135e-01 1.644871e-01 1.613837e-01 1.631736e-01 1.680593e-01 1.621703e-01 1.630242e-01 1.642606e-01 1.650419e-01 1.633071e-01 1.622928e-01 1.619412e-01 1.622052e-01 1.655314e-01 1.595239e-01 1.612940e-01 1.612155e-01 1.574900e-01 1.650730e-01 1.685879e-01 
66 925 1.607955e-01 0 0 1.586843e-01 1.528958e-01 1.558827e-01 1.560257e-01 1.516164e-01 1.520671e-01 1.596872e-01 1.504433e-01 1.566730e-01 1.601558e-01 1.553960e-01 1.543762e-01 1.558165e-01 1.521814e-01 1.554025e-01 1.555844e-01 1.527967e-01 1.542247e-01 1.591833e-01 1.533830e-01 1.541552e-01 1.552591e-01 1.561910e-01 1.544137e-01 1.537434e-01 1.531493e-01 1.533872e-01 1.567442e-01 1.508095e-01 1.525517e-01 1.523712e-01 1.490025e-01 1.564448e-01 1.595544e-01 
67 939 2.148002e-01 0 0 2.117215e-01 2.047231e-01 2.081057e-01 2.082772e-01 2.023619e-01 2.028493e-01 2.133376e-01 2.009437e-01 2.091018e-01 2.134140e-01 2.074235e-01 2.060387e-01 2.080612e-01 2.029566e-01 2.072678e-01 2.076593e-01 2.042870e-01 2.057761e-01 2.122605e-01 2.046809e-01 2.059163e-01 2.069922e-01 2.082632e-01 2.069273e-01 2.052348e-01 2.042896e-01 2.047603e-01 2.091339e-01 2.018964e-01 2.034684e-01 2.035499e-01 1.996744e-01 2.090071e-01 2.130351e-01 
68 953 2.092503e-01 0 0 2.064647e-01 1.992013e-01 2.024110e-01 2.027192e-01 1.968749e-01 1.973928e-01 2.076724e-01 1.953629e-01 2.034851e-01 2.074059e-01 2.021047e-01 2.009568e-01 2.031000e-01 1.976079e-01 2.016112e-01 2.019118e-01 1.987878e-01 2.000855e-01 2.064684e-01 1.993728e-01 2.007856e-01 2.012754e-01 2.027020e-01 2.014523e-01 1.994326e-01 1.986433e-01 1.996443e-01 2.033993e-01 1.968823e-01 1.978359e-01 1.984403e-01 1.952146e-01 2.032226e-01 2.070405e-01 
69 967 2.039184e-01 0 0 2.013996e-01 1.941645e-01 1.972873e-01 1.976088e-01 1.917605e-01 1.920675e-01 2.025269e-01 1.901173e-01 1.981332e-01 2.018887e-01 1.967841e-01 1.957658e-01 1.985013e-01 1.924862e-01 1.966968e-01 1.968181e-01 1.937251e-01 1.952175e-01 2.013936e-01 1.941037e-01 1.954990e-01 1.957476e-01 1.971800e-01 1.961164e-01 1.940008e-01 1.934342e-01 1.942877e-01 1.981144e-01 1.915064e-01 1.925806e-01 1.934195e-01 1.905180e-01 1.979432e-01 2.014808e-01 
70 981 1.997359e-01 0 0 1.971475e-01 1.899418e-01 1.929354e-01 1.933927e-01 1.874697e-01 1.882199e-01 1.980283e-01 1.859685e-01 1.939538e-01 1.973629e-01 1.926532e-01 1.915227e-01 1.945530e-01 1.884219e-01 1.924306e-01 1.930773e-01 1.897094e-01 1.910136e-01 1.978015e-01 1.897833e-01 1.913314e-01 1.915572e-01 1.931220e-01 1.917982e-01 1.895782e-01 1.894983e-01 1.900856e-01 1.942840e-01 1.872830e-01 1.882851e-01 1.893392e-01 1.863407e-01 1.937009e-01 1.970466e-01 
71 995 1.951743e-01 0 0 1.927087e-01 1.856406e-01 1.881567e-01 1.888461e-01 1.829277e-01 1.838524e-01 1.935754e-01 1.814828e-01 1.891484e-01 1.925396e-01 1.880701e-01 1.870186e-01 1.903905e-01 1.838538e-01 1.885731e-01 1.886779e-01 1.855653e-01 1.863992e-01 1.929561e-01 1.853200e-01 1.866869e-01 1.873345e-01 1.884676e-01 1.878060e-01 1.850525e-01 1.849258e-01 1.855475e-01 1.895011e-01 1.832349e-01 1.839520e-01 1.848192e-01 1.819871e-01 1.892359e-01 1.927886e-01 
72 1009 1.913093e-01 0 0 1.889229e-01 1.818994e-01 1.844878e-01 1.852696e-01 1.790870e-01 1.801840e-01 1.895340e-01 1.775273e-01 1.851127e-01 1.883476e-01 1.840521e-01 1.832329e-01 1.869745e-01 1.805408e-01 1.846665e-01 1.848379e-01 1.817882e-01 1.826189e-01 1.890028e-01 1.817401e-01 1.827509e-01 1.835749e-01 1.846679e-01 1.838416e-01 1.809899e-01 1.810674e-01 1.817210e-01 1.853910e-01 1.797045e-01 1.801949e-01 1.815156e-01 1.781968e-01 1.860063e-01 1.886501e-01 
73 1023 1.840422e-01 0 0 1.817418e-01 1.747561e-01 1.777159e-01 1.780754e-01 1.722835e-01 1.731234e-01 1.821605e-01 1.706293e-01 1.779234e-01 1.809407e-01 1.767322e-01 1.761205e-01 1.799821e-01 1.737075e-01 1.775406e-01 1.777759e-01 1.745461e-01 1.759521e-01 1.815550e-01 1.747069e-01 1.754682e-01 1.762615e-01 1.774604e-01 1.768217e-01 1.737969e-01 1.741337e-01 1.746605e-01 1.782461e-01 1.725525e-01 1.729535e-01 1.743614e-01 1.712239e-01 1.788860e-01 1.811633e-01 
74 1037 1.763959e-01 0 0 1.740474e-01 1.671602e-01 1.704663e-01 1.708151e-01 1.649425e-01 1.657673e-01 1.744486e-01 1.632587e-01 1.702477e-01 1.731638e-01 1.690840e-01 1.687367e-01 1.727398e-01 1.662520e-01 1.699462e-01 1.703827e-01 1.674436e-01 1.685142e-01 1.737318e-01 1.670847e-01 1.680566e-01 1.686250e-01 1.700253e-01 1.693986e-01 1.663994e-01 1.668626e-01 1.672584e-01 1.705303e-01 1.652446e-01 1.658785e-01 1.667974e-01 1.639360e-01 1.712247e-01 1.732398e-01 
75 1051 1.684248e-01 0 0 1.658775e-01 1.592898e-01 1.627920e-01 1.632838e-01 1.572851e-01 1.582980e-01 1.664187e-01 1.556241e-01 1.627431e-01 1.650469e-01 1.614034e-01 1.608450e-01 1.653327e-01 1.584834e-01 1.621201e-01 1.625897e-01 1.596570e-01 1.608484e-01 1.656114e-01 1.593435e-01 1.601699e-01 1.615057e-01 1.625564e-01 1.614136e-01 1.587366e-01 1.591059e-01 1.599562e-01 1.627273e-01 1.574464e-01 1.582012e-01 1.592738e-01 1.562168e-01 1.633909e-01 1.656177e-01 
76 1065 1.640451e-01 0 0 1.614161e-01 1.549973e-01 1.583379e-01 1.589364e-01 1.529632e-01 1.540063e-01 1.618646e-01 1.512578e-01 1.582199e-01 1.605873e-01 1.573153e-01 1.563036e-01 1.613659e-01 1.544251e-01 1.580039e-01 1.582184e-01 1.553037e-01 1.567564e-01 1.616619e-01 1.550060e-01 1.557041e-01 1.575081e-01 1.581296e-01 1.575820e-01 1.545671e-01 1.554078e-01 1.555548e-01 1.582641e-01 1.534918e-01 1.539083e-01 1.551884e-01 1.520080e-01 1.588662e-01 1.611126e-01 
77 1079 2.237521e-01 0 0 2.196419e-01 2.118125e-01 2.155569e-01 2.167109e-01 2.087561e-01 2.101077e-01 2.206943e-01 2.061138e-01 2.156282e-01 2.189668e-01 2.144278e-01 2.126870e-01 2.197407e-01 2.103742e-01 2.153311e-01 2.158174e-01 2.117595e-01 2.141876e-01 2.203889e-01 2.111727e-01 2.122787e-01 2.145104e-01 2.155632e-01 2.150050e-01 2.108266e-01 2.123721e-01 2.118927e-01 2.154647e-01 2.096377e-01 2.096955e-01 2.112489e-01 2.085262e-01 2.163319e-01 2.195162e-01 
78 1093 2.197863e-01 0 0 2.155946e-01 2.082150e-01 2.116165e-01 2.126186e-01 2.047298e-01 2.065161e-01 2.162849e-01 2.020083e-01 2.115346e-01 2.146884e-01 2.105332e-01 2.086467e-01 2.157928e-01 2.063048e-01 2.111717e-01 2.120314e-01 2.080054e-01 2.104368e-01 2.161831e-01 2.070224e-01 2.082964e-01 2.107300e-01 2.118184e-01 2.109951e-01 2.069687e-01 2.089421e-01 2.079440e-01 2.113107e-01 2.057156e-01 2.057935e-01 2.074064e-01 2.046242e-01 2.123113e-01 2.158339e-01 
79 1107 2.152845e-01 0 0 2.110461e-01 2.038404e-01 2.072037e-01 2.080261e-01 2.001513e-01 2.019462e-01 2.116443e-01 1.975133e-01 2.068268e-01 2.103279e-01 2.061463e-01 2.041917e-01 2.109882e-01 2.021776e-01 2.066143e-01 2.077865e-01 2.039490e-01 2.060072e-01 2.122095e-01 2.023544e-01 2.038759e-01 2.063741e-01 2.077836e-01 2.063692e-01 2.023284e-01 2.046126e-01 2.034586e-01 2.068256e-01 2.014722e-01 2.014491e-01 2.032291e-01 2.002082e-01 2.077670e-01 2.120536e-01 
80 1121 2.075533e-01 0 0 2.032388e-01 1.963023e-01 2.001603e-01 2.001902e-01 1.927324e-01 1.945626e-01 2.039143e-01 1.899729e-01 1.993468e-01 2.026241e-01 1.987103e-01 1.967305e-01 2.030719e-01 1.949417e-01 1.990726e-01 1.999189e-01 1.964522e-01 1.984996e-01 2.045035e-01 1.947487e-01 1.965153e-01 1.987068e-01 1.998845e-01 1.988685e-01 1.950549e-01 1.969380e-01 1.960965e-01 1.990504e-01 1.940449e-01 1.941898e-01 1.957422e-01 1.926962e-01 1.999990e-01 2.044417e-01 
81 1135 2.047988e-01 0 0 2.009291e-01 1.936518e-01 1.972687e-01 1.971854e-01 1.899351e-01 1.921952e-01 2.014630e-01 1.874473e-01 1.966912e-01 1.995392e-01 1.958830e-01 1.938611e-01 2.000140e-01 1.921988e-01 1.960417e-01 1.968633e-01 1.936091e-01 1.959147e-01 2.015953e-01 1.921374e-01 1.941453e-01 1.959948e-01 1.971969e-01 1.958682e-01 1.924963e-01 1.941556e-01 1.931229e-01 1.965051e-01 1.915432e-01 1.914980e-01 1.928787e-01 1.899008e-01 1.974199e-01 2.015561e-01 
82 1149 1.991144e-01 0 0 1.957021e-01 1.880354e-01 1.914575e-01 1.914062e-01 1.845582e-01 1.867763e-01 1.957174e-01 1.820448e-01 1.913121e-01 1.940275e-01 1.900798e-01 1.882736e-01 1.941186e-01 1.864776e-01 1.902751e-01 1.911816e-01 1.882064e-01 1.903050e-01 1.957281e-01 1.867666e-01 1.889371e-01 1.902363e-01 1.913154e-01 1.907579e-01 1.869719e-01 1.889217e-01 1.875907e-01 1.907668e-01 1.859811e-01 1.859477e-01 1.873015e-01 1.843111e-01 1.919075e-01 1.957505e-01 
83 1163 1.930332e-01 0 0 1.897388e-01 1.820477e-01 1.859960e-01 1.854236e-01 1.786031e-01 1.812736e-01 1.895686e-01 1.762041e-01 1.854528e-01 1.878003e-01 1.846784e-01 1.821506e-01 1.878132e-01 1.808845e-01 1.842211e-01 1.854994e-01 1.821987e-01 1.842984e-01 1.893978e-01 1.808160e-01 1.828655e-01 1.846652e-01 1.854670e-01 1.848985e-01 1.811525e-01 1.830830e-01 1.815382e-01 1.845933e-01 1.801881e-01 1.799969e-01 1.814025e-01 1.784443e-01 1.859411e-01 1.897390e-01 
84 1177 1.847964e-01 0 0 1.817769e-01 1.742897e-01 1.781669e-01 1.774713e-01 1.706428e-01 1.733395e-01 1.815128e-01 1.684608e-01 1.774014e-01 1.796627e-01 1.766057e-01 1.745529e-01 1.799464e-01 1.730690e-01 1.760669e-01 1.773748e-01 1.744091e-01 1.764838e-01 1.812558e-01 1.727536e-01 1.749066e-01 1.763656e-01 1.772043e-01 1.767772e-01 1.731198e-01 1.751362e-01 1.735588e-01 1.766613e-01 1.721717e-01 1.720860e-01 1.739342e-01 1.705831e-01 1.777652e-01 1.815053e-01 
85 1191 1.795515e-01 0 0 1.765357e-01 1.691525e-01 1.731288e-01 1.728487e-01 1.656239e-01 1.682271e-01 1.761473e-01 1.633427e-01 1.722538e-01 1.743575e-01 1.717093e-01 1.698548e-01 1.746592e-01 1.680285e-01 1.707074e-01 1.720067e-01 1.693250e-01 1.712345e-01 1.759920e-01 1.677307e-01 1.697058e-01 1.711659e-01 1.719015e-01 1.718543e-01 1.681634e-01 1.700679e-01 1.682586e-01 1.715434e-01 1.669889e-01 1.668504e-01 1.686491e-01 1.656306e-01 1.725802e-01 1.765088e-01 
86 1205 1.729465e-01 0 0 1.698631e-01 1.627070e-01 1.663659e-01 1.663505e-01 1.594983e-01 1.619391e-01 1.694463e-01 1.572445e-01 1.660434e-01 1.678070e-01 1.651159e-01 1.636754e-01 1.681682e-01 1.616916e-01 1.644300e-01 1.652792e-01 1.629722e-01 1.645906e-01 1.696634e-01 1.613162e-01 1.630878e-01 1.648370e-01 1.653565e-01 1.654324e-01 1.618827e-01 1.636400e-01 1.619777e-01 1.649661e-01 1.606133e-01 1.604915e-01 1.624130e-01 1.594087e-01 1.659298e-01 1.700843e-01 
87 1219 1.685149e-01 0 0 1.652413e-01 1.581997e-01 1.617713e-01 1.618879e-01 1.552940e-01 1.575744e-01 1.651647e-01 1.529912e-01 1.616268e-01 1.636968e-01 1.605240e-01 1.592303e-01 1.641262e-01 1.577442e-01 1.601535e-01 1.609278e-01 1.584327e-01 1.603008e-01 1.652498e-01 1.569271e-01 1.588734e-01 1.606096e-01 1.609052e-01 1.610475e-01 1.575607e-01 1.592572e-01 1.577508e-01 1.605237e-01 1.561832e-01 1.562709e-01 1.579967e-01 1.551577e-01 1.613736e-01 1.662363e-01 
88 1233 1.658593e-01 0 0 1.623058e-01 1.554576e-01 1.591545e-01 1.591403e-01 1.527936e-01 1.549957e-01 1.624821e-01 1.502955e-01 1.594776e-01 1.614809e-01 1.577183e-01 1.566712e-01 1.614386e-01 1.551912e-01 1.575225e-01 1.585644e-01 1.559196e-01 1.579771e-01 1.624035e-01 1.543748e-01 1.562155e-01 1.580190e-01 1.584658e-01 1.585289e-01 1.551928e-01 1.566279e-01 1.554595e-01 1.584176e-01 1.537584e-01 1.534298e-01 1.552040e-01 1.524133e-01 1.586356e-01 1.635916e-01 
89 1247 1.614530e-01 0 0 1.580159e-01 1.511293e-01 1.547571e-01 1.549217e-01 1.484848e-01 1.505740e-01 1.579295e-01 1.460746e-01 1.549242e-01 1.572488e-01 1.534282e-01 1.523384e-01 1.570569e-01 1.508456e-01 1.531033e-01 1.543949e-01 1.517453e-01 1.535820e-01 1.581478e-01 1.500467e-01 1.518369e-01 1.539210e-01 1.546245e-01 1.542754e-01 1.508038e-01 1.524307e-01 1.512579e-01 1.545815e-01 1.494673e-01 1.491579e-01 1.508519e-01 1.481410e-01 1.545552e-01 1.592116e-01 
90 1261 1.545340e-01 0 0 1.511949e-01 1.444568e-01 1.480289e-01 1.483717e-01 1.418386e-01 1.440966e-01 1.510499e-01 1.398079e-01 1.480447e-01 1.506004e-01 1.465512e-01 1.455757e-01 1.502565e-01 1.444665e-01 1.464348e-01 1.474866e-01 1.449879e-01 1.470334e-01 1.511392e-01 1.433831e-01 1.452809e-01 1.474679e-01 1.477795e-01 1.477578e-01 1.440051e-01 1.456858e-01 1.444988e-01 1.478102e-01 1.430354e-01 1.424715e-01 1.440828e-01 1.416786e-01 1.480040e-01 1.522866e-01 
91 1275 1.493832e-01 0 0 1.461876e-01 1.394448e-01 1.429268e-01 1.432742e-01 1.368444e-01 1.390386e-01 1.457887e-01 1.348471e-01 1.428640e-01 1.453930e-01 1.415960e-01 1.406889e-01 1.452321e-01 1.397620e-01 1.413787e-01 1.423318e-01 1.400721e-01 1.419760e-01 1.458051e-01 1.384025e-01 1.404352e-01 1.427405e-01 1.428958e-01 1.426787e-01 1.391057e-01 1.405292e-01 1.400723e-01 1.428888e-01 1.379980e-01 1.375901e-01 1.390523e-01 1.370042e-01 1.429043e-01 1.468514e-01 
92 1289 1.436528e-01 0 0 1.403898e-01 1.339568e-01 1.371791e-01 1.379071e-01 1.313762e-01 1.335576e-01 1.401692e-01 1.294716e-01 1.376836e-01 1.398230e-01 1.359354e-01 1.356283e-01 1.396707e-01 1.341039e-01 1.359979e-01 1.367294e-01 1.345755e-01 1.362796e-01 1.400640e-01 1.331077e-01 1.348297e-01 1.371502e-01 1.373946e-01 1.371327e-01 1.340236e-01 1.354197e-01 1.346663e-01 1.372287e-01 1.325397e-01 1.321069e-01 1.336930e-01 1.316713e-01 1.371782e-01 1.413223e-01 
93 1303 1.377116e-01 0 0 1.345326e-01 1.282028e-01 1.314295e-01 1.319379e-01 1.260339e-01 1.279353e-01 1.341784e-01 1.239424e-01 1.318478e-01 1.340421e-01 1.304597e-01 1.303315e-01 1.337230e-01 1.284575e-01 1.302187e-01 1.307441e-01 1.290510e-01 1.304558e-01 1.340826e-01 1.273407e-01 1.290532e-01 1.316451e-01 1.318214e-01 1.312589e-01 1.283364e-01 1.296141e-01 1.289240e-01 1.313780e-01 1.269939e-01 1.268666e-01 1.279579e-01 1.260390e-01 1.314257e-01 1.354271e-01 
94 1317 1.314327e-01 0 0 1.280991e-01 1.222634e-01 1.252452e-01 1.256704e-01 1.203786e-01 1.220832e-01 1.280924e-01 1.180242e-01 1.257041e-01 1.278424e-01 1.244297e-01 1.246043e-01 1.274267e-01 1.223850e-01 1.242194e-01 1.246965e-01 1.229631e-01 1.243643e-01 1.279499e-01 1.213671e-01 1.230648e-01 1.255558e-01 1.257796e-01 1.252763e-01 1.225960e-01 1.236032e-01 1.231660e-01 1.251667e-01 1.210000e-01 1.207868e-01 1.218944e-01 1.201072e-01 1.252152e-01 1.290570e-01 
95 1331 1.278602e-01 0 0 1.244706e-01 1.188407e-01 1.216750e-01 1.222397e-01 1.170261e-01 1.184944e-01 1.245438e-01 1.146470e-01 1.222283e-01 1.240955e-01 1.211359e-01 1.215401e-01 1.236803e-01 1.191287e-01 1.206153e-01 1.216554e-01 1.193488e-01 1.208845e-01 1.242543e-01 1.188171e-01 1.196902e-01 1.218836e-01 1.222741e-01 1.217316e-01 1.191313e-01 1.199542e-01 1.198314e-01 1.219464e-01 1.175633e-01 1.179147e-01 1.184879e-01 1.166669e-01 1.216284e-01 1.255214e-01 
96 1345 1.714732e-01 0 0 1.670319e-01 1.600934e-01 1.627682e-01 1.638298e-01 1.565843e-01 1.588236e-01 1.669547e-01 1.535377e-01 1.637472e-01 1.662064e-01 1.621882e-01 1.631227e-01 1.657006e-01 1.593955e-01 1.616526e-01 1.630545e-01 1.598423e-01 1.619603e-01 1.663771e-01 1.596485e-01 1.602437e-01 1.630698e-01 1.637630e-01 1.633981e-01 1.595358e-01 1.606538e-01 1.605607e-01 1.636453e-01 1.576139e-01 1.579729e-01 1.588863e-01 1.566631e-01 1.628479e-01 1.681363e-01 
97 1359 1.672075e-01 0 0 1.630110e-01 1.562810e-01 1.583675e-01 1.594777e-01 1.525153e-01 1.546208e-01 1.632470e-01 1.495225e-01 1.596622e-01 1.621673e-01 1.578756e-01 1.595108e-01 1.614934e-01 1.550941e-01 1.574891e-01 1.587558e-01 1.557004e-01 1.578673e-01 1.619665e-01 1.556524e-01 1.563573e-01 1.591356e-01 1.596522e-01 1.591226e-01 1.553722e-01 1.571151e-01 1.563341e-01 1.593903e-01 1.534526e-01 1.539214e-01 1.547894e-01 1.528282e-01 1.585273e-01 1.638294e-01 
98 1373 1.598424e-01 0 0 1.559182e-01 1.496111e-01 1.510882e-01 1.523084e-01 1.454897e-01 1.475211e-01 1.556977e-01 1.427064e-01 1.522558e-01 1.549483e-01 1.506120e-01 1.524997e-01 1.541765e-01 1.483890e-01 1.503150e-01 1.515142e-01 1.486690e-01 1.512451e-01 1.545893e-01 1.487201e-01 1.497313e-01 1.517710e-01 1.523398e-01 1.518786e-01 1.483600e-01 1.499872e-01 1.494072e-01 1.521364e-01 1.464644e-01 1.470176e-01 1.477270e-01 1.460174e-01 1.512052e-01 1.564993e-01 
99 1387 1.550772e-01 0 0 1.513993e-01 1.451003e-01 1.464161e-01 1.475102e-01 1.408955e-01 1.429901e-01 1.507813e-01 1.382197e-01 1.475025e-01 1.504277e-01 1.459341e-01 1.478733e-01 1.492662e-01 1.437674e-01 1.454972e-01 1.466542e-01 1.441598e-01 1.472352e-01 1.497239e-01 1.439740e-01 1.452228e-01 1.470260e-01 1.475690e-01 1.473614e-01 1.440336e-01 1.453921e-01 1.452626e-01 1.474136e-01 1.422751e-01 1.427051e-01 1.431125e-01 1.417574e-01 1.468432e-01 1.517041e-01 
100 1401 1.491390e-01 0 0 1.456860e-01 1.395278e-01 1.410076e-01 1.415693e-01 1.354076e-01 1.373434e-01 1.448950e-01 1.327311e-01 1.416444e-01 1.443146e-01 1.406389e-01 1.420824e-01 1.438147e-01 1.385164e-01 1.399151e-01 1.409311e-01 1.383565e-01 1.415136e-01 1.437915e-01 1.382537e-01 1.396592e-01 1.411746e-01 1.416619e-01 1.414990e-01 1.384205e-01 1.399786e-01 1.394575e-01 1.415315e-01 1.367910e-01 1.370084e-01 1.374181e-01 1.362295e-01 1.409455e-01 1.457365e-01 
101 1415 1.988430e-01 0 0 1.944977e-01 1.857223e-01 1.878860e-01 1.883266e-01 1.801891e-01 1.828346e-01 1.929452e-01 1.766518e-01 1.887302e-01 1.920254e-01 1.871855e-01 1.890037e-01 1.918917e-01 1.844754e-01 1.864126e-01 1.874771e-01 1.842713e-01 1.887124e-01 1.913402e-01 1.841000e-01 1.861087e-01 1.878192e-01 1.884342e-01 1.885454e-01 1.845265e-01 1.867887e-01 1.856425e-01 1.886312e-01 1.821978e-01 1.825846e-01 1.831486e-01 1.812359e-01 1.878067e-01 1.939824e-01 
102 1429 1.904184e-01 0 0 1.859345e-01 1.781260e-01 1.797856e-01 1.801213e-01 1.722186e-01 1.753084e-01 1.851672e-01 1.688052e-01 1.804491e-01 1.843045e-01 1.790305e-01 1.807041e-01 1.842279e-01 1.764908e-01 1.782486e-01 1.795321e-01 1.761156e-01 1.804010e-01 1.829450e-01 1.760437e-01 1.780112e-01 1.796800e-01 1.804355e-01 1.806487e-01 1.764912e-01 1.792917e-01 1.777313e-01 1.803089e-01 1.742764e-01 1.745864e-01 1.753335e-01 1.737892e-01 1.797203e-01 1.854983e-01 
103 1443 1.833966e-01 0 0 1.792858e-01 1.716533e-01 1.731575e-01 1.730566e-01 1.654503e-01 1.686930e-01 1.781819e-01 1.624464e-01 1.740643e-01 1.774528e-01 1.726066e-01 1.737800e-01 1.773057e-01 1.696395e-01 1.715250e-01 1.725898e-01 1.692938e-01 1.735679e-01 1.759119e-01 1.692380e-01 1.713417e-01 1.728694e-01 1.739235e-01 1.740235e-01 1.695920e-01 1.728353e-01 1.708403e-01 1.736879e-01 1.677655e-01 1.680328e-01 1.687347e-01 1.671305e-01 1.730006e-01 1.783947e-01 
104 1457 1.766346e-01 0 0 1.723875e-01 1.652057e-01 1.667663e-01 1.665719e-01 1.594332e-01 1.622206e-01 1.715702e-01 1.566648e-01 1.673803e-01 1.706490e-01 1.659667e-01 1.671926e-01 1.704525e-01 1.633841e-01 1.648278e-01 1.662170e-01 1.627257e-01 1.668221e-01 1.695277e-01 1.628508e-01 1.650728e-01 1.664548e-01 1.675352e-01 1.675816e-01 1.631432e-01 1.664519e-01 1.642180e-01 1.675244e-01 1.613243e-01 1.616111e-01 1.624430e-01 1.607278e-01 1.664719e-01 1.715292e-01 
105 1471 1.708661e-01 0 0 1.664647e-01 1.599799e-01 1.612026e-01 1.612063e-01 1.540593e-01 1.568107e-01 1.658713e-01 1.512464e-01 1.619027e-01 1.648888e-01 1.606025e-01 1.613647e-01 1.647634e-01 1.577792e-01 1.592467e-01 1.613336e-01 1.572826e-01 1.614197e-01 1.637029e-01 1.572147e-01 1.607196e-01 1.608785e-01 1.618234e-01 1.620326e-01 1.576086e-01 1.612131e-01 1.585473e-01 1.625667e-01 1.558610e-01 1.561141e-01 1.567581e-01 1.553997e-01 1.608260e-01 1.656249e-01 
106 1485 1.649907e-01 0 0 1.604601e-01 1.542479e-01 1.555339e-01 1.556132e-01 1.484779e-01 1.511980e-01 1.600805e-01 1.460857e-01 1.561498e-01 1.588513e-01 1.553551e-01 1.557499e-01 1.588935e-01 1.524269e-01 1.539162e-01 1.557405e-01 1.515172e-01 1.559702e-01 1.578021e-01 1.517667e-01 1.549560e-01 1.551243e-01 1.563365e-01 1.564405e-01 1.520377e-01 1.557221e-01 1.532293e-01 1.571392e-01 1.505803e-01 1.505796e-01 1.511613e-01 1.501971e-01 1.552996e-01 1.595804e-01 
107 1499 1.595946e-01 0 0 1.549154e-01 1.491196e-01 1.501066e-01 1.506641e-01 1.434629e-01 1.461309e-01 1.548368e-01 1.411473e-01 1.509566e-01 1.537721e-01 1.503507e-01 1.504625e-01 1.537265e-01 1.471441e-01 1.488503e-01 1.505649e-01 1.464054e-01 1.508758e-01 1.524816e-01 1.468429e-01 1.496736e-01 1.497943e-01 1.510394e-01 1.511973e-01 1.471534e-01 1.504749e-01 1.481401e-01 1.519232e-01 1.454278e-01 1.455590e-01 1.462387e-01 1.455045e-01 1.502866e-01 1.540236e-01 
108 1513 1.541504e-01 0 0 1.495989e-01 1.439033e-01 1.447850e-01 1.456300e-01 1.382268e-01 1.414815e-01 1.497908e-01 1.360976e-01 1.456201e-01 1.485100e-01 1.455499e-01 1.450473e-01 1.483851e-01 1.419388e-01 1.435618e-01 1.452060e-01 1.411075e-01 1.455901e-01 1.472316e-01 1.417249e-01 1.443488e-01 1.446518e-01 1.458164e-01 1.458277e-01 1.419702e-01 1.453354e-01 1.435437e-01 1.468776e-01 1.402797e-01 1.405047e-01 1.410807e-01 1.405739e-01 1.448347e-01 1.487186e-01 
109 1527 1.462017e-01 0 0 1.415699e-01 1.364855e-01 1.374904e-01 1.379504e-01 1.310767e-01 1.339377e-01 1.418552e-01 1.292460e-01 1.378584e-01 1.407309e-01 1.380369e-01 1.374386e-01 1.404545e-01 1.344199e-01 1.362203e-01 1.374758e-01 1.336578e-01 1.383265e-01 1.398686e-01 1.343141e-01 1.366124e-01 1.371960e-01 1.385262e-01 1.380370e-01 1.343600e-01 1.376519e-01 1.358803e-01 1.393293e-01 1.328784e-01 1.330673e-01 1.335780e-01 1.332298e-01 1.370218e-01 1.407832e-01 
110 1541 1.397775e-01 0 0 1.355391e-01 1.302853e-01 1.315150e-01 1.318455e-01 1.254694e-01 1.278666e-01 1.356727e-01 1.234823e-01 1.316448e-01 1.346165e-01 1.321306e-01 1.312377e-01 1.341127e-01 1.284743e-01 1.301043e-01 1.311101e-01 1.278821e-01 1.321920e-01 1.335377e-01 1.282285e-01 1.304776e-01 1.310526e-01 1.323294e-01 1.319574e-01 1.281967e-01 1.314538e-01 1.297468e-01 1.332163e-01 1.270918e-01 1.270303e-01 1.276384e-01 1.272497e-01 1.307783e-01 1.343187e-01 
111 1555 1.345933e-01 0 0 1.305511e-01 1.252704e-01 1.265130e-01 1.270222e-01 1.205877e-01 1.228176e-01 1.305475e-01 1.188713e-01 1.266393e-01 1.294026e-01 1.274180e-01 1.260942e-01 1.289475e-01 1.237381e-01 1.253677e-01 1.263967e-01 1.231838e-01 1.271344e-01 1.283370e-01 1.232931e-01 1.254949e-01 1.259803e-01 1.273602e-01 1.269453e-01 1.232969e-01 1.266938e-01 1.247157e-01 1.282705e-01 1.225046e-01 1.222264e-01 1.225962e-01 1.223973e-01 1.257523e-01 1.292479e-01 
112 1569 1.274082e-01 0 0 1.233961e-01 1.183563e-01 1.200280e-01 1.201679e-01 1.140470e-01 1.161810e-01 1.233813e-01 1.125471e-01 1.197106e-01 1.224833e-01 1.206072e-01 1.191061e-01 1.218885e-01 1.170949e-01 1.184953e-01 1.194708e-01 1.163309e-01 1.204699e-01 1.217961e-01 1.164265e-01 1.185194e-01 1.191320e-01 1.205890e-01 1.199913e-01 1.164309e-01 1.199894e-01 1.180233e-01 1.212689e-01 1.158349e-01 1.158044e-01 1.161899e-01 1.158549e-01 1.188152e-01 1.221356e-01 
113 1583 1.248338e-01 0 0 1.207541e-01 1.160232e-01 1.179071e-01 1.175128e-01 1.115326e-01 1.136673e-01 1.207397e-01 1.102802e-01 1.173565e-01 1.197780e-01 1.179945e-01 1.166139e-01 1.195497e-01 1.145511e-01 1.159847e-01 1.176874e-01 1.137633e-01 1.179576e-01 1.191789e-01 1.138819e-01 1.161289e-01 1.164952e-01 1.179748e-01 1.176512e-01 1.140470e-01 1.174852e-01 1.154787e-01 1.187107e-01 1.132351e-01 1.134286e-01 1.143994e-01 1.136386e-01 1.161895e-01 1.194951e-01 
114 1597 1.218148e-01 0 0 1.177657e-01 1.133712e-01 1.149477e-01 1.146163e-01 1.086179e-01 1.112582e-01 1.175260e-01 1.074088e-01 1.144527e-01 1.167032e-01 1.150190e-01 1.136908e-01 1.165102e-01 1.116275e-01 1.133399e-01 1.149837e-01 1.110115e-01 1.149339e-01 1.161084e-01 1.109906e-01 1.134193e-01 1.134882e-01 1.149862e-01 1.148755e-01 1.111826e-01 1.144294e-01 1.128095e-01 1.158341e-01 1.102443e-01 1.104827e-01 1.121797e-01 1.108968e-01 1.131214e-01 1.164507e-01 
115 1611 1.188981e-01 0 0 1.148017e-01 1.107562e-01 1.119546e-01 1.116958e-01 1.060160e-01 1.086607e-01 1.146538e-01 1.047037e-01 1.116908e-01 1.137984e-01 1.120880e-01 1.108031e-01 1.136206e-01 1.088751e-01 1.105119e-01 1.122456e-01 1.083988e-01 1.119861e-01 1.133337e-01 1.083393e-01 1.105756e-01 1.107053e-01 1.120703e-01 1.120275e-01 1.083319e-01 1.114930e-01 1.098660e-01 1.129958e-01 1.074267e-01 1.076490e-01 1.100690e-01 1.081575e-01 1.104666e-01 1.135318e-01 
116 1625 1.620914e-01 0 0 1.563832e-01 1.511195e-01 1.530428e-01 1.521827e-01 1.443185e-01 1.481738e-01 1.563834e-01 1.425667e-01 1.520988e-01 1.549001e-01 1.529880e-01 1.507023e-01 1.553295e-01 1.482753e-01 1.506360e-01 1.529495e-01 1.479461e-01 1.523504e-01 1.546039e-01 1.475288e-01 1.506977e-01 1.505640e-01 1.525766e-01 1.527086e-01 1.473696e-01 1.521379e-01 1.495856e-01 1.539033e-01 1.463935e-01 1.466018e-01 1.503197e-01 1.473133e-01 1.505873e-01 1.547629e-01 
117 1639 1.592755e-01 0 0 1.534192e-01 1.482143e-01 1.506440e-01 1.497614e-01 1.415736e-01 1.455321e-01 1.538350e-01 1.398801e-01 1.491582e-01 1.519860e-01 1.502472e-01 1.477853e-01 1.524585e-01 1.457985e-01 1.478507e-01 1.507569e-01 1.452506e-01 1.495414e-01 1.519403e-01 1.446595e-01 1.479684e-01 1.478757e-01 1.496948e-01 1.501717e-01 1.446021e-01 1.493771e-01 1.467394e-01 1.513471e-01 1.437213e-01 1.440116e-01 1.479023e-01 1.445690e-01 1.477365e-01 1.518757e-01 
118 1653 1.603577e-01 0 0 1.542146e-01 1.488841e-01 1.525158e-01 1.504213e-01 1.423254e-01 1.468223e-01 1.550223e-01 1.407209e-01 1.499739e-01 1.527664e-01 1.513049e-01 1.486087e-01 1.533959e-01 1.466817e-01 1.492982e-01 1.532226e-01 1.459927e-01 1.505081e-01 1.528272e-01 1.453541e-01 1.489301e-01 1.488903e-01 1.506720e-01 1.509543e-01 1.455950e-01 1.503310e-01 1.475943e-01 1.523243e-01 1.444453e-01 1.446369e-01 1.490584e-01 1.452880e-01 1.492804e-01 1.527167e-01 
119 1667 1.613241e-01 0 0 1.548418e-01 1.496022e-01 1.536325e-01 1.510338e-01 1.429967e-01 1.476291e-01 1.558312e-01 1.413834e-01 1.506287e-01 1.534741e-01 1.521766e-01 1.494447e-01 1.545263e-01 1.473306e-01 1.500298e-01 1.546819e-01 1.469802e-01 1.524123e-01 1.538659e-01 1.459486e-01 1.496192e-01 1.494277e-01 1.513105e-01 1.517909e-01 1.465881e-01 1.512781e-01 1.488213e-01 1.530095e-01 1.449739e-01 1.454057e-01 1.504152e-01 1.458699e-01 1.500174e-01 1.534883e-01 
120 1681 1.600207e-01 0 0 1.532602e-01 1.481106e-01 1.524985e-01 1.496615e-01 1.419268e-01 1.464889e-01 1.544216e-01 1.399211e-01 1.491488e-01 1.519784e-01 1.508032e-01 1.480419e-01 1.530744e-01 1.458630e-01 1.485708e-01 1.536559e-01 1.455202e-01 1.512599e-01 1.525599e-01 1.444575e-01 1.483869e-01 1.479642e-01 1.499050e-01 1.511472e-01 1.452025e-01 1.501772e-01 1.478608e-01 1.515005e-01 1.435866e-01 1.441340e-01 1.492456e-01 1.445248e-01 1.487409e-01 1.521214e-01 
121 1695 1.610677e-01 0 0 1.540160e-01 1.490604e-01 1.535164e-01 1.507217e-01 1.430627e-01 1.475114e-01 1.559384e-01 1.406721e-01 1.499840e-01 1.528802e-01 1.515364e-01 1.487545e-01 1.545012e-01 1.466148e-01 1.494320e-01 1.545764e-01 1.461910e-01 1.527841e-01 1.534415e-01 1.450992e-01 1.493990e-01 1.486493e-01 1.506583e-01 1.522693e-01 1.459548e-01 1.509507e-01 1.495991e-01 1.523032e-01 1.443169e-01 1.448924e-01 1.503947e-01 1.456239e-01 1.498154e-01 1.527986e-01 
122 1709 1.620080e-01 0 0 1.546763e-01 1.497337e-01 1.547383e-01 1.513059e-01 1.437850e-01 1.482328e-01 1.568726e-01 1.412653e-01 1.505807e-01 1.537881e-01 1.522250e-01 1.495964e-01 1.553814e-01 1.476476e-01 1.500715e-01 1.553583e-01 1.468777e-01 1.538803e-01 1.543468e-01 1.459259e-01 1.504113e-01 1.493191e-01 1.513085e-01 1.530286e-01 1.467953e-01 1.520399e-01 1.506967e-01 1.528900e-01 1.451580e-01 1.459065e-01 1.513159e-01 1.463882e-01 1.506856e-01 1.534874e-01 
123 1723 1.592402e-01 0 0 1.519892e-01 1.471832e-01 1.521313e-01 1.489365e-01 1.412476e-01 1.454239e-01 1.542735e-01 1.385140e-01 1.479832e-01 1.513464e-01 1.492870e-01 1.469011e-01 1.525753e-01 1.448213e-01 1.473273e-01 1.525554e-01 1.444067e-01 1.513439e-01 1.516352e-01 1.436430e-01 1.477346e-01 1.464324e-01 1.484591e-01 1.502881e-01 1.443108e-01 1.497443e-01 1.480771e-01 1.499946e-01 1.425401e-01 1.430970e-01 1.486118e-01 1.437330e-01 1.479038e-01 1.505592e-01 
124 1737 2.195686e-01 0 0 2.095386e-01 2.029475e-01 2.103499e-01 2.067339e-01 1.948531e-01 2.004626e-01 2.138009e-01 1.906351e-01 2.037899e-01 2.083359e-01 2.061076e-01 2.022621e-01 2.098694e-01 1.997084e-01 2.028864e-01 2.100993e-01 1.991693e-01 2.083552e-01 2.087979e-01 1.977395e-01 2.035240e-01 2.013956e-01 2.043872e-01 2.068295e-01 1.986835e-01 2.061341e-01 2.041641e-01 2.065282e-01 1.965003e-01 1.971940e-01 2.048099e-01 1.978438e-01 2.036116e-01 2.075530e-01 
125 1751 2.162307e-01 0 0 2.068605e-01 1.995734e-01 2.072921e-01 2.039079e-01 1.916388e-01 1.970658e-01 2.111964e-01 1.875108e-01 2.008244e-01 2.047844e-01 2.029105e-01 1.988756e-01 2.065769e-01 1.966248e-01 1.996713e-01 2.068176e-01 1.963291e-01 2.049065e-01 2.053104e-01 1.949860e-01 1.999610e-01 1.980386e-01 2.008526e-01 2.036055e-01 1.953314e-01 2.029093e-01 2.008050e-01 2.030944e-01 1.933391e-01 1.937578e-01 2.018844e-01 1.946065e-01 2.003733e-01 2.040323e-01 
126 1765 2.140831e-01 0 0 2.051544e-01 1.973601e-01 2.055831e-01 2.018938e-01 1.896586e-01 1.949502e-01 2.089025e-01 1.853371e-01 1.985885e-01 2.028991e-01 2.012491e-01 1.964359e-01 2.042802e-01 1.961558e-01 1.973910e-01 2.045401e-01 1.943930e-01 2.025849e-01 2.030731e-01 1.928949e-01 1.976662e-01 1.959085e-01 1.984787e-01 2.016637e-01 1.930354e-01 2.007830e-01 1.985286e-01 2.008576e-01 1.911257e-01 1.914445e-01 2.001159e-01 1.927224e-01 1.987237e-01 2.018525e-01 
127 1779 2.128049e-01 0 0 2.038571e-01 1.966234e-01 2.040367e-01 2.010533e-01 1.881181e-01 1.939067e-01 2.073877e-01 1.838712e-01 1.977084e-01 2.014744e-01 2.003063e-01 1.949798e-01 2.027568e-01 1.951100e-01 1.959221e-01 2.035330e-01 1.936368e-01 2.019703e-01 2.015861e-01 1.918370e-01 1.963031e-01 1.944335e-01 1.969674e-01 2.002400e-01 1.916859e-01 1.993718e-01 1.971807e-01 1.992372e-01 1.896755e-01 1.899632e-01 1.989915e-01 1.916905e-01 1.976685e-01 2.004531e-01 
128 1793 2.083504e-01 0 0 1.997117e-01 1.924788e-01 1.996309e-01 1.970282e-01 1.838712e-01 1.899824e-01 2.029338e-01 1.797362e-01 1.938871e-01 1.968786e-01 1.958763e-01 1.908444e-01 1.987330e-01 1.911421e-01 1.914892e-01 1.988602e-01 1.895266e-01 1.975747e-01 1.969194e-01 1.876006e-01 1.922703e-01 1.901292e-01 1.925304e-01 1.961045e-01 1.874982e-01 1.950747e-01 1.926180e-01 1.946636e-01 1.854455e-01 1.864755e-01 1.947845e-01 1.880032e-01 1.935353e-01 1.958766e-01 
129 1807 2.048467e-01 0 0 1.966501e-01 1.888546e-01 1.959346e-01 1.935918e-01 1.806218e-01 1.867995e-01 1.992917e-01 1.764208e-01 1.909805e-01 1.943214e-01 1.923003e-01 1.874655e-01 1.949140e-01 1.878788e-01 1.881377e-01 1.952703e-01 1.865259e-01 1.942404e-01 1.932023e-01 1.846248e-01 1.893279e-01 1.864661e-01 1.890328e-01 1.928952e-01 1.840261e-01 1.914786e-01 1.893445e-01 1.910553e-01 1.818987e-01 1.830824e-01 1.914704e-01 1.846102e-01 1.903091e-01 1.922446e-01 
130 1821 1.973268e-01 0 0 1.895081e-01 1.817260e-01 1.882898e-01 1.861289e-01 1.736727e-01 1.797987e-01 1.919439e-01 1.695964e-01 1.839618e-01 1.868628e-01 1.851953e-01 1.804320e-01 1.873496e-01 1.815534e-01 1.810325e-01 1.884063e-01 1.798074e-01 1.868107e-01 1.859215e-01 1.775179e-01 1.822219e-01 1.795456e-01 1.818884e-01 1.859252e-01 1.769871e-01 1.841225e-01 1.823727e-01 1.838696e-01 1.749199e-01 1.760611e-01 1.844252e-01 1.774726e-01 1.832165e-01 1.851192e-01 
131 1835 1.878792e-01 0 0 1.806342e-01 1.730868e-01 1.789986e-01 1.768597e-01 1.653409e-01 1.708525e-01 1.824148e-01 1.614094e-01 1.752129e-01 1.779663e-01 1.761519e-01 1.716003e-01 1.780195e-01 1.730717e-01 1.722402e-01 1.791669e-01 1.711586e-01 1.780734e-01 1.768715e-01 1.688668e-01 1.732339e-01 1.709869e-01 1.729968e-01 1.770633e-01 1.682635e-01 1.750833e-01 1.735868e-01 1.747896e-01 1.664624e-01 1.674636e-01 1.755243e-01 1.685918e-01 1.745284e-01 1.759380e-01 
132 1849 1.801292e-01 0 0 1.730059e-01 1.657657e-01 1.714017e-01 1.694237e-01 1.587384e-01 1.634789e-01 1.745853e-01 1.546588e-01 1.680792e-01 1.703835e-01 1.685155e-01 1.647735e-01 1.703436e-01 1.657699e-01 1.650990e-01 1.718260e-01 1.641015e-01 1.707374e-01 1.692755e-01 1.616916e-01 1.657509e-01 1.636139e-01 1.656599e-01 1.697160e-01 1.612132e-01 1.676298e-01 1.662766e-01 1.672162e-01 1.592799e-01 1.603867e-01 1.681408e-01 1.612958e-01 1.673439e-01 1.683924e-01 
133 1863 1.718407e-01 0 0 1.649554e-01 1.578793e-01 1.631491e-01 1.613431e-01 1.512820e-01 1.559643e-01 1.664198e-01 1.472419e-01 1.600709e-01 1.624162e-01 1.608109e-01 1.571396e-01 1.622303e-01 1.579584e-01 1.573247e-01 1.636250e-01 1.565026e-01 1.632838e-01 1.618074e-01 1.539719e-01 1.580140e-01 1.559737e-01 1.577245e-01 1.617802e-01 1.536366e-01 1.597325e-01 1.583087e-01 1.592405e-01 1.516467e-01 1.528801e-01 1.600914e-01 1.535910e-01 1.596314e-01 1.604293e-01 
134 1877 1.655066e-01 0 0 1.587258e-01 1.519713e-01 1.569025e-01 1.553627e-01 1.456581e-01 1.503462e-01 1.599765e-01 1.416187e-01 1.544908e-01 1.566081e-01 1.548421e-01 1.511756e-01 1.560541e-01 1.517799e-01 1.514425e-01 1.573734e-01 1.507473e-01 1.572015e-01 1.557277e-01 1.480609e-01 1.519355e-01 1.501474e-01 1.516447e-01 1.558336e-01 1.476926e-01 1.534886e-01 1.522565e-01 1.532600e-01 1.460742e-01 1.480638e-01 1.539272e-01 1.478020e-01 1.536093e-01 1.543479e-01 
135 1891 1.583085e-01 0 0 1.515412e-01 1.449948e-01 1.501137e-01 1.484657e-01 1.391286e-01 1.437193e-01 1.531639e-01 1.351662e-01 1.477131e-01 1.496406e-01 1.479401e-01 1.444692e-01 1.489535e-01 1.451250e-01 1.447706e-01 1.506864e-01 1.440145e-01 1.502674e-01 1.487811e-01 1.420792e-01 1.450644e-01 1.433692e-01 1.449336e-01 1.488057e-01 1.411714e-01 1.467394e-01 1.461531e-01 1.466787e-01 1.396249e-01 1.416246e-01 1.469129e-01 1.411007e-01 1.467067e-01 1.473644e-01 
136 1905 2.093494e-01 0 0 2.004440e-01 1.916959e-01 1.980908e-01 1.959739e-01 1.839795e-01 1.897176e-01 2.023098e-01 1.786332e-01 1.953002e-01 1.979130e-01 1.953445e-01 1.908488e-01 1.969591e-01 1.917074e-01 1.910915e-01 1.989657e-01 1.901119e-01 1.984254e-01 1.965338e-01 1.880525e-01 1.915989e-01 1.896981e-01 1.915831e-01 1.970279e-01 1.866446e-01 1.939485e-01 1.937129e-01 1.937042e-01 1.844243e-01 1.870488e-01 1.943373e-01 1.864644e-01 1.938047e-01 1.947081e-01 
137 1919 2.811841e-01 0 0 2.688272e-01 2.570878e-01 2.655587e-01 2.630432e-01 2.468315e-01 2.544286e-01 2.713804e-01 2.394331e-01 2.619106e-01 2.652625e-01 2.619433e-01 2.567947e-01 2.646562e-01 2.569180e-01 2.561307e-01 2.670262e-01 2.555599e-01 2.663320e-01 2.638639e-01 2.523906e-01 2.570084e-01 2.548312e-01 2.570744e-01 2.649011e-01 2.501905e-01 2.603640e-01 2.597383e-01 2.603692e-01 2.473399e-01 2.509085e-01 2.609320e-01 2.501965e-01 2.600689e-01 2.613692e-01 
138 1933 2.721600e-01 0 0 2.602974e-01 2.488426e-01 2.566572e-01 2.543679e-01 2.385230e-01 2.461057e-01 2.623372e-01 2.313777e-01 2.533876e-01 2.561762e-01 2.531508e-01 2.484227e-01 2.556775e-01 2.484040e-01 2.477966e-01 2.580658e-01 2.472409e-01 2.580615e-01 2.550706e-01 2.437114e-01 2.488637e-01 2.462517e-01 2.492085e-01 2.567087e-01 2.417374e-01 2.519484e-01 2.512933e-01 2.516612e-01 2.391640e-01 2.425288e-01 2.529693e-01 2.416102e-01 2.515232e-01 2.527474e-01 
139 1947 2.588185e-01 0 0 2.472116e-01 2.362057e-01 2.436782e-01 2.415358e-01 2.263842e-01 2.339816e-01 2.490226e-01 2.197717e-01 2.405063e-01 2.437404e-01 2.402203e-01 2.360561e-01 2.431634e-01 2.359203e-01 2.353629e-01 2.451560e-01 2.347478e-01 2.453871e-01 2.422380e-01 2.312100e-01 2.365461e-01 2.340486e-01 2.365926e-01 2.438678e-01 2.293170e-01 2.396834e-01 2.386304e-01 2.393359e-01 2.271263e-01 2.302219e-01 2.403534e-01 2.292424e-01 2.386159e-01 2.398316e-01 
140 1961 2.493846e-01 0 0 2.378642e-01 2.275737e-01 2.344861e-01 2.323934e-01 2.177024e-01 2.254339e-01 2.394356e-01 2.115185e-01 2.314301e-01 2.343703e-01 2.314869e-01 2.276498e-01 2.341862e-01 2.268793e-01 2.265261e-01 2.361451e-01 2.259504e-01 2.360688e-01 2.341739e-01 2.225445e-01 2.277567e-01 2.259012e-01 2.281673e-01 2.353391e-01 2.214884e-01 2.304868e-01 2.297645e-01 2.323217e-01 2.184930e-01 2.223110e-01 2.318441e-01 2.207763e-01 2.301757e-01 2.305482e-01 
141 1975 2.432897e-01 0 0 2.317908e-01 2.220912e-01 2.283877e-01 2.263385e-01 2.119614e-01 2.196084e-01 2.330972e-01 2.059942e-01 2.256767e-01 2.284350e-01 2.255798e-01 2.228508e-01 2.280335e-01 2.209873e-01 2.206854e-01 2.299402e-01 2.201892e-01 2.300724e-01 2.281264e-01 2.173536e-01 2.223175e-01 2.202128e-01 2.229292e-01 2.292686e-01 2.159478e-01 2.245643e-01 2.239404e-01 2.263116e-01 2.130799e-01 2.171629e-01 2.259342e-01 2.152022e-01 2.243509e-01 2.249511e-01 
142 1989 2.324413e-01 0 0 2.213963e-01 2.122553e-01 2.176844e-01 2.164173e-01 2.025483e-01 2.093970e-01 2.221943e-01 1.969478e-01 2.153074e-01 2.178524e-01 2.153436e-01 2.132769e-01 2.177983e-01 2.108809e-01 2.103968e-01 2.194982e-01 2.101308e-01 2.194570e-01 2.174839e-01 2.074176e-01 2.120860e-01 2.102142e-01 2.129088e-01 2.187174e-01 2.062099e-01 2.144637e-01 2.138445e-01 2.160585e-01 2.034021e-01 2.073233e-01 2.153815e-01 2.053308e-01 2.139769e-01 2.149753e-01 
143 2003 2.250997e-01 0 0 2.141197e-01 2.054295e-01 2.115445e-01 2.091088e-01 1.959842e-01 2.023819e-01 2.149271e-01 1.905639e-01 2.081120e-01 2.110341e-01 2.085023e-01 2.066282e-01 2.104476e-01 2.040852e-01 2.032477e-01 2.127866e-01 2.031533e-01 2.125146e-01 2.103624e-01 2.005608e-01 2.050387e-01 2.031424e-01 2.064314e-01 2.119041e-01 1.997084e-01 2.073718e-01 2.071606e-01 2.093161e-01 1.967967e-01 2.008671e-01 2.082766e-01 1.986136e-01 2.069185e-01 2.078082e-01 
144 2017 2.182766e-01 0 0 2.072022e-01 1.993073e-01 2.051195e-01 2.025317e-01 1.898282e-01 1.958683e-01 2.083409e-01 1.846844e-01 2.015155e-01 2.043915e-01 2.019612e-01 2.005716e-01 2.042365e-01 1.976773e-01 1.969615e-01 2.062753e-01 1.966170e-01 2.059976e-01 2.036714e-01 1.942243e-01 1.990656e-01 1.966694e-01 2.001741e-01 2.054007e-01 1.935167e-01 2.009118e-01 2.007944e-01 2.028390e-01 1.908260e-01 1.946732e-01 2.015391e-01 1.922435e-01 2.003287e-01 2.012184e-01 
145 2031 2.104528e-01 0 0 1.994565e-01 1.920640e-01 1.977298e-01 1.952970e-01 1.831345e-01 1.884110e-01 2.006284e-01 1.776777e-01 1.940819e-01 1.969247e-01 1.944637e-01 1.936495e-01 1.966823e-01 1.906545e-01 1.896819e-01 1.990843e-01 1.892715e-01 1.987795e-01 1.961644e-01 1.869928e-01 1.915444e-01 1.898199e-01 1.927737e-01 1.977765e-01 1.864040e-01 1.934253e-01 1.933353e-01 1.958295e-01 1.838469e-01 1.875280e-01 1.939581e-01 1.854183e-01 1.931364e-01 1.941060e-01 
146 2045 2.024712e-01 0 0 1.918687e-01 1.846744e-01 1.900642e-01 1.877612e-01 1.762316e-01 1.813859e-01 1.927952e-01 1.706788e-01 1.863954e-01 1.892455e-01 1.867442e-01 1.863905e-01 1.891085e-01 1.830975e-01 1.821626e-01 1.915377e-01 1.817261e-01 1.911358e-01 1.885705e-01 1.798573e-01 1.842853e-01 1.827697e-01 1.850965e-01 1.901572e-01 1.791116e-01 1.859136e-01 1.860675e-01 1.882371e-01 1.766398e-01 1.804204e-01 1.865635e-01 1.788822e-01 1.858642e-01 1.866670e-01 
147 2059 1.935838e-01 0 0 1.831591e-01 1.764002e-01 1.814929e-01 1.791182e-01 1.682160e-01 1.732224e-01 1.841779e-01 1.630131e-01 1.780931e-01 1.809238e-01 1.781581e-01 1.781492e-01 1.805792e-01 1.748062e-01 1.737917e-01 1.830450e-01 1.736537e-01 1.826711e-01 1.800710e-01 1.715981e-01 1.761045e-01 1.746453e-01 1.767840e-01 1.816093e-01 1.710369e-01 1.777849e-01 1.776405e-01 1.798924e-01 1.689651e-01 1.723581e-01 1.780300e-01 1.707531e-01 1.780567e-01 1.785008e-01 
148 2073 1.852796e-01 0 0 1.751786e-01 1.689382e-01 1.734314e-01 1.713004e-01 1.610813e-01 1.655740e-01 1.763219e-01 1.560723e-01 1.708922e-01 1.740317e-01 1.703798e-01 1.705438e-01 1.728080e-01 1.672064e-01 1.660000e-01 1.749065e-01 1.660987e-01 1.746777e-01 1.720354e-01 1.640853e-01 1.683452e-01 1.669832e-01 1.690758e-01 1.735514e-01 1.634290e-01 1.699207e-01 1.697889e-01 1.723440e-01 1.614656e-01 1.646817e-01 1.701924e-01 1.631715e-01 1.701429e-01 1.707225e-01 
149 2087 1.798564e-01 0 0 1.698807e-01 1.638115e-01 1.681776e-01 1.659463e-01 1.563589e-01 1.603724e-01 1.711719e-01 1.516565e-01 1.664347e-01 1.690020e-01 1.650286e-01 1.652685e-01 1.676974e-01 1.619955e-01 1.609269e-01 1.695363e-01 1.609671e-01 1.691866e-01 1.667341e-01 1.589480e-01 1.632835e-01 1.618135e-01 1.639572e-01 1.688699e-01 1.583804e-01 1.650384e-01 1.649662e-01 1.668873e-01 1.568180e-01 1.600937e-01 1.649814e-01 1.580169e-01 1.649238e-01 1.658981e-01 
150 2101 1.766417e-01 0 0 1.665795e-01 1.608067e-01 1.649842e-01 1.626833e-01 1.533483e-01 1.575468e-01 1.682715e-01 1.487901e-01 1.636654e-01 1.661841e-01 1.625656e-01 1.621952e-01 1.650463e-01 1.592413e-01 1.579613e-01 1.665609e-01 1.578853e-01 1.658949e-01 1.634018e-01 1.558727e-01 1.606324e-01 1.587532e-01 1.619066e-01 1.655314e-01 1.554494e-01 1.618776e-01 1.618451e-01 1.635658e-01 1.538986e-01 1.576037e-01 1.617066e-01 1.549915e-01 1.619466e-01 1.626345e-01 
151 2115 1.725653e-01 0 0 1.624335e-01 1.569076e-01 1.612740e-01 1.586995e-01 1.497194e-01 1.538058e-01 1.642395e-01 1.451677e-01 1.601183e-01 1.626109e-01 1.589030e-01 1.583733e-01 1.610747e-01 1.556446e-01 1.541492e-01 1.624845e-01 1.540810e-01 1.620938e-01 1.598887e-01 1.524242e-01 1.568669e-01 1.548177e-01 1.580408e-01 1.613998e-01 1.517208e-01 1.579787e-01 1.578858e-01 1.597553e-01 1.504446e-01 1.538923e-01 1.576798e-01 1.513272e-01 1.588324e-01 1.587840e-01 
152 2129 1.659405e-01 0 0 1.560487e-01 1.506886e-01 1.549898e-01 1.525960e-01 1.441598e-01 1.476619e-01 1.580485e-01 1.394791e-01 1.540449e-01 1.561449e-01 1.526871e-01 1.522409e-01 1.545690e-01 1.495758e-01 1.480398e-01 1.559314e-01 1.482723e-01 1.559758e-01 1.540405e-01 1.466682e-01 1.509416e-01 1.487351e-01 1.520840e-01 1.550593e-01 1.458456e-01 1.518940e-01 1.520516e-01 1.533065e-01 1.443731e-01 1.478813e-01 1.513749e-01 1.455539e-01 1.527593e-01 1.524178e-01 
153 2143 1.612400e-01 0 0 1.518653e-01 1.465352e-01 1.503770e-01 1.481446e-01 1.404028e-01 1.433761e-01 1.537916e-01 1.352335e-01 1.496664e-01 1.518368e-01 1.482671e-01 1.477959e-01 1.499887e-01 1.457314e-01 1.436451e-01 1.512989e-01 1.438683e-01 1.515623e-01 1.495530e-01 1.422637e-01 1.465209e-01 1.442410e-01 1.475401e-01 1.503699e-01 1.415840e-01 1.473250e-01 1.477875e-01 1.488564e-01 1.401851e-01 1.435378e-01 1.469828e-01 1.412790e-01 1.485097e-01 1.482036e-01 
154 2157 1.560118e-01 0 0 1.470933e-01 1.415394e-01 1.451756e-01 1.433894e-01 1.359530e-01 1.385421e-01 1.488224e-01 1.313359e-01 1.446289e-01 1.470152e-01 1.431742e-01 1.427930e-01 1.448541e-01 1.411250e-01 1.389490e-01 1.461962e-01 1.389330e-01 1.468033e-01 1.445506e-01 1.373723e-01 1.415013e-01 1.393928e-01 1.426020e-01 1.459739e-01 1.367793e-01 1.424188e-01 1.428410e-01 1.437977e-01 1.356679e-01 1.386184e-01 1.420564e-01 1.369727e-01 1.435182e-01 1.433282e-01 
155 2171 1.518853e-01 0 0 1.429612e-01 1.375205e-01 1.410615e-01 1.394816e-01 1.323450e-01 1.346161e-01 1.446806e-01 1.279485e-01 1.406209e-01 1.429094e-01 1.391207e-01 1.388353e-01 1.408778e-01 1.372518e-01 1.352301e-01 1.421050e-01 1.350869e-01 1.432102e-01 1.404673e-01 1.334591e-01 1.374894e-01 1.355555e-01 1.388018e-01 1.425899e-01 1.328600e-01 1.384378e-01 1.392456e-01 1.400659e-01 1.324984e-01 1.349832e-01 1.384723e-01 1.332959e-01 1.395101e-01 1.394584e-01 
156 2185 1.506248e-01 0 0 1.415265e-01 1.361853e-01 1.397431e-01 1.384795e-01 1.314093e-01 1.334485e-01 1.433894e-01 1.269205e-01 1.394085e-01 1.415431e-01 1.377096e-01 1.375142e-01 1.395156e-01 1.364479e-01 1.338678e-01 1.406806e-01 1.340976e-01 1.418980e-01 1.393103e-01 1.322207e-01 1.360690e-01 1.343130e-01 1.375832e-01 1.416682e-01 1.316228e-01 1.369867e-01 1.378262e-01 1.398891e-01 1.312458e-01 1.337797e-01 1.373822e-01 1.321019e-01 1.384416e-01 1.380243e-01 
157 2199 1.490496e-01 0 0 1.398416e-01 1.346070e-01 1.381898e-01 1.369037e-01 1.301414e-01 1.318502e-01 1.417559e-01 1.257268e-01 1.378320e-01 1.397660e-01 1.360255e-01 1.359006e-01 1.377930e-01 1.351546e-01 1.322119e-01 1.390428e-01 1.330343e-01 1.402803e-01 1.382634e-01 1.306036e-01 1.346773e-01 1.328008e-01 1.361630e-01 1.407607e-01 1.300346e-01 1.352750e-01 1.365175e-01 1.386689e-01 1.297049e-01 1.328349e-01 1.360043e-01 1.307429e-01 1.367571e-01 1.366453e-01 
158 2213 1.472158e-01 0 0 1.382131e-01 1.327047e-01 1.364367e-01 1.352127e-01 1.295099e-01 1.300791e-01 1.400124e-01 1.243154e-01 1.366522e-01 1.378134e-01 1.341753e-01 1.341357e-01 1.366397e-01 1.336325e-01 1.303057e-01 1.370452e-01 1.313408e-01 1.385324e-01 1.365627e-01 1.287757e-01 1.329159e-01 1.309106e-01 1.343846e-01 1.392649e-01 1.282323e-01 1.333644e-01 1.346991e-01 1.372612e-01 1.279252e-01 1.311048e-01 1.340528e-01 1.289382e-01 1.349946e-01 1.348622e-01 
159 2227 1.429666e-01 0 0 1.341123e-01 1.286341e-01 1.324000e-01 1.309970e-01 1.255648e-01 1.268084e-01 1.358369e-01 1.205431e-01 1.329054e-01 1.337803e-01 1.300479e-01 1.301019e-01 1.328777e-01 1.297715e-01 1.262517e-01 1.330290e-01 1.274113e-01 1.345435e-01 1.328390e-01 1.248811e-01 1.289165e-01 1.268879e-01 1.304075e-01 1.353305e-01 1.243119e-01 1.293986e-01 1.307836e-01 1.332527e-01 1.240906e-01 1.274477e-01 1.299211e-01 1.253938e-01 1.311542e-01 1.307401e-01 
160 2241 1.937245e-01 0 0 1.816857e-01 1.740092e-01 1.790783e-01 1.775990e-01 1.700350e-01 1.717419e-01 1.837650e-01 1.631819e-01 1.800893e-01 1.811102e-01 1.764235e-01 1.761608e-01 1.796770e-01 1.760790e-01 1.706939e-01 1.798436e-01 1.725932e-01 1.819443e-01 1.800761e-01 1.689076e-01 1.743508e-01 1.717134e-01 1.765633e-01 1.833960e-01 1.680492e-01 1.752793e-01 1.768846e-01 1.807555e-01 1.677697e-01 1.731173e-01 1.760379e-01 1.695065e-01 1.775586e-01 1.769625e-01 
