%  columns="iteration, evaluation, void, void, void, xmean" (startseed=213207, 2023/08/29 23:10:39.08)
0 1 0 0 0 2.500000e-01 5.000000e-01 7.500000e-01 2.500000e-01 2.500000e-01 2.500000e-01 5.000000e-01 7.500000e-01 5.000000e-01 5.000000e-01 5.000000e-01 2.500000e-01 7.500000e-01 2.500000e-01 7.500000e-01 2.500000e-01 5.000000e-01 5.000000e-01 7.500000e-01 2.500000e-01 7.500000e-01 7.500000e-01 5.000000e-01 5.000000e-01 5.000000e-01 2.500000e-01 5.000000e-01 5.000000e-01 7.500000e-01 7.500000e-01 5.000000e-01 5.000000e-01 7.500000e-01 5.000000e-01 
1 15 0 0 0 2.672390e-01 6.066022e-01 7.062543e-01 3.786479e-01 2.530507e-01 4.305624e-01 3.665965e-01 4.263305e-01 5.240757e-01 4.998190e-01 2.285652e-01 1.826147e-01 7.886427e-01 4.008243e-01 9.105320e-01 2.474633e-01 7.888312e-01 5.849451e-01 6.126909e-01 6.386248e-02 7.343626e-01 7.363366e-01 4.614704e-01 4.696780e-01 5.843578e-01 3.040438e-01 6.018030e-01 6.077129e-01 1.011101e+00 6.150178e-01 6.257774e-01 4.675476e-01 6.497368e-01 6.773501e-01 
2 29 0 0 0 5.274933e-01 4.858371e-01 7.291502e-01 2.385529e-01 2.257478e-01 4.277057e-01 2.734670e-01 5.406296e-01 5.621201e-01 3.485671e-01 2.859141e-01 4.357598e-01 7.344278e-01 4.475588e-01 7.133746e-01 2.509818e-01 9.117965e-01 6.174023e-01 7.358075e-01 2.503013e-01 5.985431e-01 8.573520e-01 6.990165e-01 6.341443e-01 4.402482e-01 4.786760e-01 6.110271e-01 7.569702e-01 9.869273e-01 8.009573e-01 4.649857e-01 5.567389e-01 5.681640e-01 7.538163e-01 
3 43 0 0 0 4.647363e-01 3.404827e-01 7.999384e-01 1.742429e-02 2.206345e-01 3.775553e-01 5.632180e-01 3.655366e-01 6.505895e-01 2.019461e-01 2.862386e-01 6.654639e-01 7.616703e-01 3.678021e-01 7.871305e-01 4.928498e-01 9.172462e-01 5.818604e-01 5.670148e-01 1.877295e-01 6.375520e-01 7.262486e-01 5.528726e-01 6.823030e-01 3.894796e-01 4.694146e-01 8.273785e-01 7.412163e-01 9.158495e-01 8.480555e-01 4.380815e-01 5.746546e-01 6.296096e-01 6.991201e-01 
4 57 0 0 0 4.824413e-01 3.990153e-01 8.646403e-01 -4.388191e-02 1.848287e-01 4.690450e-01 6.730562e-01 4.804119e-01 4.963527e-01 1.647129e-01 3.930618e-01 7.312556e-01 7.362165e-01 3.699097e-01 6.085098e-01 3.455458e-01 7.805448e-01 4.857999e-01 4.785214e-01 2.156346e-01 6.718486e-01 5.216709e-01 6.166133e-01 8.886947e-01 5.225409e-01 3.561784e-01 8.298261e-01 7.067247e-01 8.918353e-01 8.775511e-01 4.760169e-01 5.518257e-01 7.008854e-01 4.398529e-01 
5 71 0 0 0 4.963672e-01 3.739326e-01 6.179074e-01 8.265041e-02 1.808639e-01 4.726634e-01 8.831389e-01 3.257098e-01 7.025857e-01 2.325796e-01 2.875780e-01 6.374204e-01 8.191917e-01 5.395592e-01 3.291022e-01 3.176040e-01 8.435572e-01 4.041589e-01 6.926044e-01 2.194304e-01 8.874620e-01 5.041798e-01 6.559160e-01 9.185501e-01 5.689804e-01 4.967872e-01 8.325747e-01 8.868539e-01 7.870366e-01 8.856704e-01 4.502058e-01 4.879988e-01 8.472087e-01 3.231503e-01 
6 85 0 0 0 4.164597e-01 4.979356e-01 7.818610e-01 2.781710e-02 3.270585e-02 4.430848e-01 8.639519e-01 3.707864e-01 6.848657e-01 3.386419e-01 2.196064e-01 5.042990e-01 7.417493e-01 5.218362e-01 5.394232e-01 1.743324e-01 8.394473e-01 3.320751e-01 6.625136e-01 2.567517e-01 8.414285e-01 2.894143e-01 7.449406e-01 9.031081e-01 3.905128e-01 5.877759e-01 8.357985e-01 7.529548e-01 5.658763e-01 8.801575e-01 3.991461e-01 6.796886e-01 6.961451e-01 1.685604e-01 
7 99 0 0 0 5.478590e-01 4.360055e-01 6.571313e-01 1.390102e-01 1.042338e-01 4.220756e-01 7.945413e-01 4.224620e-01 7.209502e-01 3.916569e-01 2.719067e-01 5.851644e-01 5.956389e-01 4.263463e-01 4.557277e-01 4.115711e-01 7.407174e-01 2.890777e-01 8.396858e-01 1.523778e-01 7.656599e-01 2.734563e-01 7.619311e-01 8.140411e-01 2.372627e-01 5.131645e-01 7.465423e-01 7.071603e-01 7.007917e-01 7.774636e-01 3.327136e-01 6.659039e-01 7.029515e-01 2.244293e-01 
8 113 0 0 0 6.601963e-01 3.722013e-01 6.463567e-01 1.042852e-01 5.696156e-02 4.190657e-01 7.476973e-01 3.996638e-01 7.465945e-01 5.741210e-01 1.981037e-01 6.926051e-01 6.574069e-01 3.703053e-01 4.129664e-01 4.632565e-01 7.155580e-01 1.773809e-01 7.535716e-01 6.403673e-02 7.532217e-01 3.757008e-01 6.314922e-01 7.340231e-01 3.837308e-01 5.877709e-01 8.396793e-01 7.134561e-01 5.694672e-01 7.027195e-01 2.048497e-01 5.875886e-01 5.143572e-01 1.441903e-01 
9 127 0 0 0 4.617976e-01 3.448084e-01 6.510591e-01 1.329641e-01 1.633947e-01 4.350943e-01 7.451582e-01 4.397306e-01 6.324625e-01 4.877870e-01 2.654451e-01 7.680701e-01 6.561077e-01 3.526587e-01 3.034684e-01 5.000332e-01 7.399402e-01 1.536018e-01 7.623118e-01 1.478907e-01 7.779900e-01 3.705199e-01 7.062426e-01 7.462655e-01 2.586340e-01 6.094019e-01 8.114095e-01 6.683308e-01 5.619738e-01 5.511713e-01 3.342710e-01 4.975491e-01 4.904945e-01 2.921643e-01 
10 141 0 0 0 5.294706e-01 2.545502e-01 6.577718e-01 1.222787e-01 1.559914e-01 4.131805e-01 7.343826e-01 4.524115e-01 6.971171e-01 4.527515e-01 3.220112e-01 9.592078e-01 5.804612e-01 5.122155e-01 2.787959e-01 5.063224e-01 7.634015e-01 1.549054e-01 8.144608e-01 6.363762e-02 7.410059e-01 3.006586e-01 6.311307e-01 6.115120e-01 2.527883e-01 4.916962e-01 7.641529e-01 5.735449e-01 5.602949e-01 4.626732e-01 2.674214e-01 6.030395e-01 5.336391e-01 3.724812e-01 
11 155 0 0 0 4.142747e-01 2.772731e-01 6.092080e-01 2.080339e-01 2.485596e-01 4.246899e-01 6.649176e-01 3.553291e-01 6.816094e-01 3.753720e-01 2.559369e-01 9.721805e-01 6.334635e-01 3.310505e-01 2.717607e-01 5.939145e-01 6.996797e-01 3.223654e-01 8.078694e-01 1.183598e-01 7.313986e-01 2.516124e-01 5.168646e-01 5.607593e-01 2.465233e-01 5.425750e-01 7.541928e-01 7.037040e-01 5.263624e-01 6.119495e-01 2.348788e-01 7.029623e-01 5.811381e-01 4.396203e-01 
12 169 0 0 0 4.229911e-01 1.850003e-01 6.242718e-01 1.713503e-01 1.246517e-01 4.879944e-01 7.090477e-01 3.655039e-01 6.922680e-01 3.823345e-01 1.421810e-01 9.686028e-01 6.669926e-01 3.431206e-01 4.009239e-01 5.618541e-01 7.308892e-01 3.397186e-01 7.742224e-01 3.386105e-01 7.673351e-01 2.532509e-01 5.530547e-01 5.957014e-01 1.457514e-01 3.675253e-01 6.523556e-01 6.561641e-01 7.849750e-01 5.986507e-01 1.308841e-01 6.580000e-01 7.823713e-01 3.839211e-01 
13 183 0 0 0 3.222262e-01 2.700870e-01 7.529359e-01 3.106643e-01 9.195569e-02 5.910927e-01 8.041304e-01 3.359918e-01 7.427415e-01 4.554501e-01 1.872496e-01 9.570463e-01 8.440994e-01 2.612360e-01 3.767351e-01 4.905950e-01 7.863381e-01 2.198019e-01 7.085624e-01 4.128210e-01 7.135553e-01 3.163854e-01 7.134053e-01 4.317147e-01 1.962483e-01 2.752711e-01 6.795282e-01 5.472549e-01 7.860898e-01 5.933608e-01 1.668587e-01 6.965058e-01 7.340039e-01 3.548443e-01 
14 197 0 0 0 2.752184e-01 3.167082e-01 7.490409e-01 3.634640e-01 1.342073e-01 5.489333e-01 7.114227e-01 2.556732e-01 8.588782e-01 4.251411e-01 1.607999e-01 8.355927e-01 7.633616e-01 1.072067e-01 4.469362e-01 4.995051e-01 8.253346e-01 3.418444e-01 7.715940e-01 4.330430e-01 7.183727e-01 3.862273e-01 6.508528e-01 4.628909e-01 2.386042e-01 3.235461e-01 6.918928e-01 4.714273e-01 7.962360e-01 6.855331e-01 2.402637e-01 8.391886e-01 8.185217e-01 3.447924e-01 
15 211 0 0 0 3.342851e-01 1.490824e-01 6.529643e-01 3.901648e-01 2.154066e-01 5.898855e-01 7.293295e-01 2.357959e-01 9.272034e-01 3.564767e-01 1.325293e-01 8.782222e-01 6.912140e-01 1.903310e-01 3.436076e-01 6.956923e-01 8.347797e-01 2.814200e-01 7.159614e-01 4.504230e-01 7.516061e-01 3.889591e-01 6.531828e-01 3.822422e-01 2.928896e-01 2.868419e-01 7.265480e-01 4.583197e-01 6.924778e-01 6.813141e-01 3.908053e-01 8.860854e-01 8.094670e-01 3.637131e-01 
16 225 0 0 0 2.079977e-01 2.060762e-01 4.997036e-01 2.983774e-01 2.933099e-01 5.518529e-01 7.179952e-01 2.937595e-01 8.525702e-01 4.307061e-01 1.074330e-01 7.864175e-01 6.821285e-01 2.596832e-01 2.688828e-01 5.825441e-01 7.145985e-01 2.708833e-01 6.537079e-01 4.981567e-01 7.464689e-01 4.310911e-01 6.984930e-01 3.561997e-01 2.287818e-01 4.262713e-01 6.500355e-01 4.650296e-01 5.631343e-01 6.548722e-01 5.541886e-01 8.127346e-01 7.493689e-01 3.870088e-01 
17 239 0 0 0 1.210231e-01 1.758094e-01 5.895394e-01 2.948581e-01 2.668890e-01 4.463485e-01 7.367795e-01 1.786180e-01 7.770501e-01 3.764669e-01 1.555300e-01 7.298084e-01 6.836902e-01 2.994248e-01 3.389491e-01 4.819210e-01 6.952673e-01 2.483422e-01 5.788170e-01 5.367661e-01 7.816744e-01 4.173019e-01 8.060799e-01 4.516729e-01 2.749702e-01 2.720027e-01 6.410634e-01 4.383109e-01 6.299991e-01 6.734005e-01 5.358382e-01 7.052391e-01 7.483918e-01 3.951675e-01 
18 253 0 0 0 2.110875e-01 2.243847e-01 5.436380e-01 2.277240e-01 2.415522e-01 4.182994e-01 6.566312e-01 1.318117e-01 8.313048e-01 3.628442e-01 2.045082e-01 7.519334e-01 6.931776e-01 3.305613e-01 3.828147e-01 4.045884e-01 6.884423e-01 1.724991e-01 6.647370e-01 4.947134e-01 6.233767e-01 4.127228e-01 8.164512e-01 3.449962e-01 2.728731e-01 3.376143e-01 5.797743e-01 4.399500e-01 5.799319e-01 6.732056e-01 5.483921e-01 7.299939e-01 6.082364e-01 3.032015e-01 
19 267 0 0 0 3.019570e-01 2.465528e-01 5.720549e-01 2.736865e-01 2.720561e-01 4.609715e-01 4.964374e-01 7.106273e-02 8.047687e-01 5.322805e-01 2.979202e-01 8.947776e-01 7.648094e-01 3.707270e-01 5.167424e-01 2.969690e-01 7.644347e-01 1.759786e-01 5.812990e-01 3.328520e-01 5.961662e-01 4.923398e-01 7.798658e-01 3.785815e-01 2.487111e-01 2.643607e-01 4.686860e-01 4.391200e-01 5.833368e-01 7.740807e-01 4.654291e-01 7.253903e-01 6.482390e-01 2.938749e-01 
20 281 0 0 0 3.203161e-01 1.528337e-01 6.487758e-01 3.384555e-01 3.129431e-01 4.399089e-01 3.286181e-01 9.635360e-02 7.080974e-01 4.735384e-01 3.011928e-01 7.993153e-01 7.815883e-01 2.635070e-01 3.762165e-01 2.294504e-01 8.050951e-01 2.645677e-01 7.218796e-01 3.637031e-01 5.488067e-01 5.152711e-01 7.253213e-01 4.442051e-01 3.016797e-01 1.142420e-01 2.905418e-01 3.210532e-01 5.402518e-01 6.338351e-01 2.572809e-01 6.555880e-01 7.779492e-01 3.896449e-01 
21 295 0 0 0 4.263610e-01 3.091200e-01 3.819019e-01 3.616145e-01 2.983052e-01 4.876458e-01 5.272305e-01 8.404282e-02 5.346793e-01 5.103436e-01 2.619494e-01 7.149508e-01 7.879128e-01 2.480628e-01 2.947104e-01 1.776476e-01 8.827434e-01 2.887708e-01 6.870167e-01 3.330930e-01 6.633961e-01 6.109315e-01 6.833587e-01 5.834254e-01 1.235749e-01 1.919307e-01 3.432388e-01 4.063679e-01 5.075005e-01 6.195693e-01 2.268267e-01 5.505405e-01 7.993220e-01 3.823889e-01 
22 309 0 0 0 4.670224e-01 2.685753e-01 4.716951e-01 2.763454e-01 2.581956e-01 6.725626e-01 4.393238e-01 8.131854e-02 4.895845e-01 5.479269e-01 2.344398e-01 6.589410e-01 7.487114e-01 3.237137e-01 2.533893e-01 1.728299e-01 8.374221e-01 2.671837e-01 6.201552e-01 4.911840e-01 7.810984e-01 6.101771e-01 7.266952e-01 5.364223e-01 8.884525e-02 2.503961e-01 2.988092e-01 4.406554e-01 3.873805e-01 5.544292e-01 4.187057e-01 6.466290e-01 7.047110e-01 4.227223e-01 
23 323 0 0 0 5.451334e-01 2.849156e-01 4.087992e-01 2.246933e-01 2.360260e-01 5.443117e-01 4.548900e-01 1.447641e-01 5.059726e-01 6.180835e-01 1.319505e-01 4.839421e-01 8.810974e-01 3.889886e-01 1.595701e-01 1.678769e-01 7.887741e-01 2.672926e-01 6.529122e-01 5.064343e-01 7.644280e-01 5.847245e-01 8.449113e-01 5.393607e-01 9.674123e-02 3.344594e-01 4.238523e-01 4.413268e-01 5.581066e-01 5.637701e-01 4.296077e-01 6.762811e-01 7.845200e-01 5.515071e-01 
24 337 0 0 0 5.389708e-01 2.579252e-01 5.290693e-01 3.299310e-01 1.657001e-01 4.278548e-01 5.182763e-01 1.113604e-01 5.879379e-01 6.192676e-01 2.610237e-01 4.981336e-01 8.340397e-01 3.037921e-01 1.827461e-01 2.045417e-01 6.831798e-01 1.768271e-01 7.168297e-01 5.698221e-01 6.642254e-01 6.821912e-01 7.365447e-01 5.962180e-01 1.389688e-01 3.082173e-01 5.438590e-01 2.820058e-01 4.992414e-01 5.305005e-01 3.103927e-01 7.138884e-01 9.037738e-01 4.587597e-01 
25 351 0 0 0 5.853313e-01 2.879208e-01 4.909717e-01 4.571113e-01 1.131660e-01 5.089504e-01 5.136846e-01 1.411521e-01 5.047869e-01 4.635940e-01 3.304580e-01 4.335200e-01 8.198076e-01 3.092990e-01 2.784444e-01 2.082174e-01 6.754346e-01 1.601905e-01 7.606697e-01 5.859094e-01 7.257979e-01 6.787025e-01 7.175485e-01 5.144243e-01 1.428724e-01 3.404905e-01 5.055569e-01 2.866918e-01 5.293319e-01 4.343917e-01 3.863935e-01 6.057012e-01 8.867271e-01 3.555089e-01 
26 365 0 0 0 6.655421e-01 4.006782e-01 4.606865e-01 4.748664e-01 1.255486e-01 5.172556e-01 3.996466e-01 1.430783e-01 5.567097e-01 4.576916e-01 3.110063e-01 3.352799e-01 7.488874e-01 1.517278e-01 2.859399e-01 3.924134e-01 7.012947e-01 2.025600e-01 7.282747e-01 5.681306e-01 6.669393e-01 6.577823e-01 7.142611e-01 3.461397e-01 1.752297e-01 4.456379e-01 4.866346e-01 2.358969e-01 6.720604e-01 3.478583e-01 4.120453e-01 6.730328e-01 8.423314e-01 4.539185e-01 
27 379 0 0 0 7.176753e-01 4.679185e-01 3.821184e-01 5.481428e-01 2.578652e-01 6.274527e-01 4.833079e-01 9.174533e-02 4.601928e-01 3.009360e-01 2.299261e-01 3.815973e-01 6.509752e-01 1.833570e-01 3.165359e-01 4.292424e-01 7.820927e-01 2.292508e-01 7.185864e-01 5.661456e-01 7.342565e-01 6.704762e-01 7.225192e-01 4.248717e-01 2.304117e-01 4.421028e-01 5.713195e-01 2.682371e-01 6.201401e-01 3.107021e-01 4.548509e-01 5.706301e-01 8.277946e-01 3.154430e-01 
28 393 0 0 0 8.728207e-01 4.190479e-01 5.069480e-01 5.131117e-01 3.401912e-01 6.573257e-01 3.915680e-01 1.613391e-01 4.189343e-01 3.199920e-01 2.704235e-01 4.069157e-01 6.400407e-01 1.771040e-01 3.167564e-01 4.479955e-01 7.463711e-01 2.166379e-01 6.574658e-01 5.674961e-01 7.041838e-01 6.613773e-01 6.925515e-01 4.452322e-01 1.412261e-01 3.971956e-01 5.089799e-01 3.033239e-01 6.775551e-01 3.023761e-01 3.335830e-01 5.408768e-01 8.439123e-01 3.443764e-01 
29 407 0 0 0 8.653367e-01 4.165919e-01 6.641818e-01 7.033746e-01 2.940140e-01 5.351655e-01 3.381514e-01 1.709017e-01 3.387340e-01 2.768355e-01 2.900086e-01 3.519688e-01 6.438668e-01 2.484567e-01 2.811357e-01 4.329104e-01 7.680228e-01 3.025729e-01 5.410544e-01 4.607035e-01 7.172250e-01 7.473021e-01 7.273702e-01 5.354110e-01 1.813734e-01 4.626353e-01 4.834588e-01 2.570310e-01 6.618832e-01 1.584613e-01 3.209559e-01 6.128408e-01 8.289552e-01 3.308782e-01 
30 421 0 0 0 8.420972e-01 3.925770e-01 7.103321e-01 7.994250e-01 2.160541e-01 5.408272e-01 3.893851e-01 2.591738e-01 4.035254e-01 1.610554e-01 3.312573e-01 3.616054e-01 6.993655e-01 3.936207e-01 2.464636e-01 5.541534e-01 7.860027e-01 1.811273e-01 6.027555e-01 4.625830e-01 7.695352e-01 6.882083e-01 7.748871e-01 4.482988e-01 2.311982e-01 5.503706e-01 5.273900e-01 1.995083e-01 5.837913e-01 1.121956e-01 2.072370e-01 6.056214e-01 7.889307e-01 1.575535e-01 
31 435 0 0 0 9.498653e-01 2.679786e-01 8.900195e-01 8.862159e-01 2.959326e-01 6.004289e-01 4.233721e-01 2.177206e-01 4.357048e-01 2.129780e-01 2.779193e-01 2.695979e-01 6.855076e-01 4.048422e-01 2.880512e-01 5.420888e-01 7.405454e-01 2.414040e-01 6.182121e-01 5.140471e-01 8.859245e-01 6.642501e-01 6.985365e-01 5.213569e-01 2.637305e-01 5.982921e-01 5.890362e-01 1.440361e-01 4.934934e-01 1.560465e-01 2.912510e-01 7.165097e-01 8.756990e-01 -3.851002e-04 
32 449 0 0 0 8.703680e-01 3.945311e-01 8.168676e-01 7.985546e-01 2.174443e-01 6.275515e-01 3.760252e-01 1.225662e-01 4.554378e-01 2.574699e-01 1.422172e-01 1.826300e-01 7.646262e-01 4.151354e-01 4.873289e-01 6.153939e-01 6.249982e-01 4.233321e-01 5.997634e-01 4.734646e-01 8.102226e-01 6.172589e-01 6.480966e-01 3.139801e-01 4.067188e-01 6.555821e-01 7.243067e-01 1.748211e-01 3.926950e-01 1.637530e-01 3.589886e-01 6.626710e-01 8.437244e-01 -9.536609e-03 
33 463 0 0 0 8.785126e-01 3.863112e-01 8.709998e-01 8.777388e-01 2.479757e-01 6.138223e-01 4.186859e-01 1.655634e-01 4.353748e-01 2.928368e-01 1.017653e-01 2.872819e-01 6.950038e-01 3.684115e-01 5.002180e-01 5.550387e-01 4.877118e-01 3.960023e-01 5.343242e-01 4.557693e-01 9.209000e-01 7.210722e-01 6.870121e-01 2.630041e-01 2.498958e-01 6.751233e-01 6.147718e-01 1.948973e-01 3.284756e-01 1.743099e-01 3.370795e-01 7.300760e-01 9.898958e-01 1.189556e-01 
34 477 0 0 0 8.758694e-01 3.064147e-01 9.004910e-01 8.961362e-01 1.341102e-01 5.880359e-01 3.708295e-01 2.843043e-01 5.260693e-01 3.611722e-01 1.506285e-01 2.519963e-01 6.032501e-01 4.509971e-01 4.810790e-01 6.841710e-01 4.228043e-01 3.080137e-01 4.384455e-01 4.026560e-01 9.054797e-01 8.819006e-01 6.161929e-01 2.479247e-01 2.205149e-01 5.782350e-01 7.016331e-01 2.389325e-01 3.520649e-01 1.850781e-01 4.774044e-01 7.612483e-01 9.373753e-01 7.982172e-02 
35 491 0 0 0 7.379710e-01 4.541708e-01 7.993951e-01 7.641413e-01 5.815850e-02 5.914497e-01 2.264825e-01 3.069295e-01 6.375128e-01 3.393974e-01 2.941285e-01 9.088306e-02 5.843270e-01 4.146049e-01 4.650597e-01 7.871109e-01 4.764021e-01 3.777969e-01 4.937897e-01 4.196005e-01 8.982843e-01 8.019003e-01 4.938767e-01 3.096520e-01 1.567646e-01 5.218989e-01 6.402305e-01 1.781066e-01 3.323081e-01 1.301895e-01 2.773961e-01 7.736561e-01 9.081991e-01 2.228953e-01 
36 505 0 0 0 7.048709e-01 3.791898e-01 7.074103e-01 7.302773e-01 9.429375e-02 5.209438e-01 1.734850e-01 3.675356e-01 5.378291e-01 5.014205e-01 3.690477e-01 7.419038e-02 5.627533e-01 5.201500e-01 5.702463e-01 6.756908e-01 4.717141e-01 5.221745e-01 5.452628e-01 5.472060e-01 8.998065e-01 5.912622e-01 4.961877e-01 1.700033e-01 1.646481e-01 5.642329e-01 3.931633e-01 1.360480e-01 2.622515e-01 8.834273e-02 3.039137e-01 8.055995e-01 9.010623e-01 2.373212e-01 
37 519 0 0 0 7.267332e-01 3.797978e-01 6.432700e-01 8.003575e-01 8.822781e-02 5.330149e-01 2.553766e-01 2.894121e-01 3.462372e-01 4.530176e-01 3.782680e-01 7.197922e-02 6.446837e-01 3.819961e-01 4.960255e-01 6.396648e-01 3.835760e-01 4.915530e-01 6.344449e-01 5.513097e-01 8.062981e-01 5.285837e-01 4.879886e-01 2.271731e-01 1.989412e-01 6.852556e-01 4.485583e-01 8.095083e-02 9.770979e-02 9.141233e-02 3.248086e-01 6.973333e-01 8.958086e-01 3.397593e-01 
38 533 0 0 0 7.073773e-01 3.022992e-01 6.426935e-01 7.321374e-01 1.804516e-01 5.929760e-01 3.900632e-01 2.632922e-01 4.003036e-01 5.594675e-01 2.640492e-01 1.563858e-01 6.812141e-01 3.606839e-01 4.546411e-01 6.656961e-01 3.979789e-01 4.813388e-01 6.703550e-01 4.470950e-01 6.827919e-01 4.377222e-01 4.805956e-01 2.470991e-01 3.297919e-01 6.336934e-01 4.842366e-01 8.079526e-02 2.364819e-01 1.627852e-01 3.609551e-01 6.153210e-01 7.721103e-01 2.946669e-01 
39 547 0 0 0 6.277336e-01 4.231670e-01 6.619325e-01 8.693394e-01 1.244364e-01 6.421831e-01 3.351838e-01 2.729883e-01 5.201074e-01 5.574689e-01 3.423733e-01 1.051527e-01 6.622772e-01 5.045899e-01 4.446833e-01 5.872683e-01 3.213659e-01 3.708591e-01 7.812032e-01 6.051683e-01 6.691785e-01 4.926613e-01 4.002741e-01 3.274660e-01 4.237769e-01 6.182743e-01 4.678726e-01 1.197849e-01 2.480431e-01 2.413015e-01 2.257383e-01 6.172042e-01 5.653494e-01 3.133872e-01 
40 561 0 0 0 7.674136e-01 4.243254e-01 6.921512e-01 7.190944e-01 1.716608e-01 6.035442e-01 2.649678e-01 3.689678e-01 5.220762e-01 5.534428e-01 3.260880e-01 1.172725e-01 7.737090e-01 4.817386e-01 4.596626e-01 6.467395e-01 3.027736e-01 4.636738e-01 7.462014e-01 5.073636e-01 6.809606e-01 5.822170e-01 4.421305e-01 3.192899e-01 4.466995e-01 6.200145e-01 4.604549e-01 1.171604e-01 2.768439e-01 1.627320e-01 1.139745e-01 4.892459e-01 6.087858e-01 2.291799e-01 
41 575 0 0 0 6.681467e-01 3.466139e-01 6.806740e-01 8.569565e-01 2.911920e-01 6.175153e-01 2.360036e-01 3.200388e-01 3.691088e-01 4.112179e-01 3.881693e-01 1.514935e-01 6.899356e-01 5.028485e-01 5.371438e-01 6.356262e-01 1.100966e-01 6.755746e-01 6.139499e-01 5.099938e-01 6.404057e-01 8.176718e-01 5.524438e-01 3.051887e-01 3.668903e-01 7.415491e-01 2.531665e-01 3.972580e-02 2.043922e-01 1.247343e-01 2.383910e-01 4.256196e-01 6.883486e-01 3.769060e-01 
42 589 0 0 0 5.940890e-01 4.507583e-01 6.956477e-01 8.221161e-01 3.156327e-01 6.355715e-01 3.070157e-01 2.848113e-01 3.603911e-01 2.881294e-01 3.538571e-01 2.531095e-01 7.495078e-01 5.453550e-01 3.009966e-01 6.298235e-01 1.165967e-01 6.241150e-01 6.846091e-01 6.204546e-01 7.046626e-01 8.999932e-01 6.552841e-01 3.540064e-01 3.140716e-01 6.571739e-01 1.236536e-01 6.798778e-02 2.894490e-01 9.021226e-02 3.824368e-01 4.680945e-01 7.572814e-01 4.505686e-01 
43 603 0 0 0 5.194337e-01 5.007817e-01 7.771642e-01 8.756978e-01 2.925781e-01 6.746631e-01 2.868524e-01 1.869689e-01 2.962914e-01 1.460309e-01 3.630019e-01 2.607857e-01 8.479043e-01 5.225856e-01 3.275004e-01 5.423548e-01 2.702419e-01 6.240850e-01 6.229491e-01 5.815032e-01 6.998581e-01 8.305195e-01 6.055153e-01 4.612747e-01 2.224809e-01 7.249669e-01 2.024949e-01 1.848527e-01 3.888158e-01 1.925490e-01 5.059582e-01 5.068862e-01 8.381866e-01 2.969482e-01 
44 617 0 0 0 5.557840e-01 5.237296e-01 8.063609e-01 7.665098e-01 3.922734e-01 5.591896e-01 3.537535e-01 1.955425e-01 3.432976e-01 2.505459e-01 3.849486e-01 2.299052e-01 7.425719e-01 6.164678e-01 3.323528e-01 5.451089e-01 2.286597e-01 5.839715e-01 7.203961e-01 5.533934e-01 7.054857e-01 7.242366e-01 5.579251e-01 3.205464e-01 8.647575e-02 6.555973e-01 1.638721e-01 1.977741e-01 2.445627e-01 2.737697e-01 4.388372e-01 4.896179e-01 7.561920e-01 3.232138e-01 
45 631 0 0 0 6.797323e-01 6.159549e-01 8.400800e-01 8.800680e-01 4.043761e-01 5.361404e-01 3.333502e-01 1.112695e-01 2.839637e-01 1.860702e-01 3.336224e-01 2.034563e-01 7.172539e-01 6.268768e-01 3.498801e-01 5.218359e-01 1.969384e-01 3.838681e-01 6.575677e-01 5.877522e-01 7.377521e-01 7.124133e-01 5.883150e-01 3.028967e-01 1.376147e-01 6.552453e-01 2.266944e-01 1.742303e-01 1.672700e-01 3.229875e-01 4.843406e-01 3.456778e-01 8.805152e-01 2.514815e-01 
46 645 0 0 0 7.422018e-01 7.722148e-01 8.340561e-01 9.739548e-01 2.847624e-01 4.090522e-01 4.180136e-01 7.584793e-02 2.345018e-01 1.693241e-01 4.154585e-01 1.923052e-01 7.383120e-01 6.528202e-01 4.712895e-01 5.581084e-01 1.921334e-01 4.581304e-01 6.628670e-01 5.255329e-01 8.075312e-01 6.949020e-01 6.759739e-01 4.168989e-01 1.854918e-01 7.109678e-01 3.048424e-01 2.265912e-01 1.271619e-01 3.423806e-01 4.474748e-01 3.151634e-01 8.764389e-01 2.234493e-01 
47 659 0 0 0 7.186930e-01 8.390745e-01 7.661693e-01 8.970897e-01 2.523602e-01 4.571846e-01 4.158394e-01 1.368506e-02 2.773874e-01 1.726621e-01 4.885345e-01 2.320670e-01 6.938896e-01 7.075359e-01 4.969572e-01 5.655655e-01 2.381559e-01 3.833170e-01 4.534863e-01 4.499735e-01 8.471445e-01 6.789641e-01 7.622832e-01 4.173668e-01 2.192124e-01 6.788738e-01 4.164403e-01 8.350294e-02 1.127923e-01 3.340162e-01 4.715676e-01 3.619141e-01 8.102094e-01 1.990053e-01 
48 673 0 0 0 7.230757e-01 8.522448e-01 7.307374e-01 8.476108e-01 2.546818e-01 4.748495e-01 5.208987e-01 1.466507e-01 2.411031e-01 2.510329e-01 5.325980e-01 3.204783e-01 7.737258e-01 4.989248e-01 4.501865e-01 5.179989e-01 2.186181e-01 4.426899e-01 3.820183e-01 3.057710e-01 8.478762e-01 6.892191e-01 6.982286e-01 4.414826e-01 1.198272e-01 6.914041e-01 4.828893e-01 1.046514e-01 8.962225e-02 1.766959e-01 5.578756e-01 3.009180e-01 7.015573e-01 2.983365e-01 
49 687 0 0 0 7.710138e-01 9.464453e-01 7.464356e-01 8.037090e-01 2.284338e-01 5.706738e-01 4.496646e-01 8.995503e-02 2.796623e-01 2.058301e-01 5.302871e-01 4.367537e-01 7.418319e-01 5.071983e-01 3.567036e-01 5.652859e-01 2.785977e-01 4.336483e-01 3.436616e-01 2.938854e-01 8.975399e-01 6.393106e-01 7.530298e-01 4.353333e-01 1.880111e-01 6.486626e-01 3.878873e-01 1.720169e-01 1.144165e-01 2.251893e-01 5.752575e-01 4.040494e-01 6.440607e-01 3.581298e-01 
50 701 0 0 0 6.330986e-01 8.763460e-01 7.367505e-01 8.001505e-01 1.869608e-01 5.479154e-01 5.432782e-01 1.382851e-01 2.714365e-01 1.942059e-01 5.154064e-01 3.554145e-01 9.119701e-01 4.826942e-01 3.500156e-01 4.772794e-01 4.170941e-01 3.773026e-01 3.237131e-01 2.473544e-01 8.233226e-01 7.187093e-01 6.638852e-01 5.405766e-01 2.002691e-01 5.154086e-01 4.443610e-01 1.594070e-01 1.149711e-01 1.684293e-01 5.179089e-01 5.669665e-01 6.942380e-01 2.869506e-01 
51 715 0 0 0 5.619724e-01 8.530680e-01 8.243986e-01 7.153236e-01 1.052412e-01 5.428506e-01 5.224298e-01 1.262912e-01 3.212356e-01 2.391599e-01 5.773890e-01 3.841498e-01 9.284556e-01 4.700845e-01 3.447863e-01 5.684354e-01 3.652332e-01 3.001613e-01 2.675111e-01 2.236760e-01 8.020711e-01 6.437393e-01 6.238662e-01 4.423188e-01 2.757084e-01 3.937052e-01 4.651990e-01 2.098180e-01 2.185791e-01 1.794191e-01 5.427162e-01 6.282921e-01 5.297508e-01 3.902712e-01 
52 729 0 0 0 4.162225e-01 8.319201e-01 9.153337e-01 7.373389e-01 5.656747e-02 6.431863e-01 5.358383e-01 1.011981e-01 2.989834e-01 2.292279e-01 5.141017e-01 4.416434e-01 8.268187e-01 5.020052e-01 4.373890e-01 5.327724e-01 2.976068e-01 3.581612e-01 3.149312e-01 2.771080e-01 7.815850e-01 7.364907e-01 4.617453e-01 5.093352e-01 3.744988e-01 2.949648e-01 5.304156e-01 2.498379e-01 2.182095e-01 2.848161e-01 4.966256e-01 5.772653e-01 4.562733e-01 3.850437e-01 
53 743 0 0 0 4.240848e-01 7.157142e-01 8.689864e-01 6.959811e-01 1.566170e-01 6.083509e-01 5.976084e-01 1.502240e-01 2.921011e-01 1.922687e-01 5.198237e-01 5.419573e-01 8.377215e-01 4.786589e-01 4.851672e-01 5.637317e-01 2.562032e-01 3.949998e-01 1.568931e-01 2.775963e-01 8.289182e-01 6.011937e-01 4.281384e-01 4.702074e-01 4.383949e-01 2.143139e-01 5.891561e-01 3.542462e-01 2.659612e-01 3.935454e-01 5.254404e-01 4.657339e-01 4.532326e-01 4.186637e-01 
54 757 0 0 0 3.775558e-01 6.011759e-01 8.419957e-01 8.059230e-01 1.371602e-01 6.418048e-01 7.100891e-01 2.045929e-01 2.990730e-01 3.028850e-01 4.312055e-01 5.870294e-01 7.859654e-01 4.273955e-01 4.783206e-01 5.699778e-01 2.688790e-01 4.242167e-01 1.666234e-01 3.504840e-01 7.811263e-01 5.855971e-01 2.984637e-01 5.705739e-01 4.105883e-01 2.471212e-01 6.702996e-01 3.379803e-01 3.037005e-01 5.102209e-01 5.174646e-01 5.028606e-01 4.202556e-01 4.087290e-01 
55 771 0 0 0 3.228763e-01 6.109099e-01 8.364359e-01 6.943445e-01 2.276768e-01 7.890773e-01 8.536263e-01 3.625970e-01 2.195683e-01 2.841867e-01 4.314574e-01 5.850514e-01 7.563195e-01 5.544270e-01 5.419635e-01 5.349141e-01 2.974072e-01 5.171145e-01 2.033519e-01 4.285979e-01 7.724542e-01 4.496996e-01 4.491904e-01 5.626342e-01 1.572491e-01 2.853590e-01 7.277905e-01 2.948872e-01 4.169071e-01 5.965364e-01 5.314100e-01 5.328745e-01 3.705186e-01 4.174098e-01 
56 785 0 0 0 4.441493e-01 6.201084e-01 8.697058e-01 6.011468e-01 3.857778e-01 7.851948e-01 7.538031e-01 2.747719e-01 3.364239e-01 2.990619e-01 4.941461e-01 4.865097e-01 6.579088e-01 5.944632e-01 6.209959e-01 4.790912e-01 3.975895e-01 6.878440e-01 3.004907e-01 4.214081e-01 7.354595e-01 4.879509e-01 4.268500e-01 5.064750e-01 1.890643e-01 3.284926e-01 6.524744e-01 3.844393e-01 6.625380e-01 6.115916e-01 5.043632e-01 3.821004e-01 3.887311e-01 5.459415e-01 
57 799 0 0 0 3.164056e-01 7.398721e-01 7.683757e-01 7.059597e-01 4.949834e-01 7.422894e-01 7.524470e-01 2.513925e-01 3.320788e-01 1.282169e-01 5.176994e-01 4.857745e-01 6.451990e-01 6.174767e-01 6.707524e-01 5.396475e-01 2.296878e-01 5.496211e-01 3.611417e-01 3.661523e-01 7.390354e-01 3.521040e-01 3.030000e-01 5.859313e-01 3.366147e-01 4.017926e-01 6.229859e-01 3.585512e-01 5.456079e-01 5.591631e-01 5.904748e-01 3.916304e-01 2.580747e-01 4.658286e-01 
58 813 0 0 0 4.738358e-01 5.833314e-01 7.740705e-01 7.340148e-01 5.211823e-01 8.275316e-01 6.781672e-01 2.997611e-01 4.544441e-01 1.279162e-01 6.557089e-01 5.195633e-01 7.143767e-01 7.308000e-01 7.836216e-01 5.388308e-01 2.897526e-01 6.974266e-01 3.454312e-01 3.128332e-01 8.122653e-01 4.523664e-01 2.057260e-01 5.459962e-01 3.512423e-01 3.525623e-01 7.793875e-01 4.834283e-01 6.530672e-01 6.328016e-01 6.246815e-01 2.697130e-01 2.931004e-01 5.754295e-01 
59 827 0 0 0 5.750971e-01 5.716330e-01 8.317051e-01 7.600527e-01 4.706021e-01 8.778638e-01 4.556021e-01 3.580984e-01 4.192478e-01 9.082823e-02 7.772738e-01 5.836725e-01 6.287230e-01 5.468011e-01 8.105599e-01 5.772683e-01 4.086006e-01 6.844532e-01 4.179375e-01 2.614602e-01 9.240658e-01 5.318461e-01 1.467349e-01 4.067608e-01 2.087252e-01 3.523378e-01 6.195949e-01 4.634627e-01 6.672195e-01 6.092606e-01 6.123105e-01 2.361106e-01 3.476141e-01 5.422219e-01 
60 841 0 0 0 5.337121e-01 5.985923e-01 8.804429e-01 8.929691e-01 4.983615e-01 8.328443e-01 3.350754e-01 3.579508e-01 3.813781e-01 9.187343e-02 8.593627e-01 4.843867e-01 5.564347e-01 4.838660e-01 8.807468e-01 6.701849e-01 4.541956e-01 6.505025e-01 4.398699e-01 3.141319e-01 7.454918e-01 4.463570e-01 2.097778e-01 4.129651e-01 1.878599e-01 3.250017e-01 6.005905e-01 5.119702e-01 6.409199e-01 5.488952e-01 7.320955e-01 2.182017e-01 2.830729e-01 5.044429e-01 
61 855 0 0 0 5.618100e-01 5.323225e-01 7.819455e-01 7.876973e-01 5.320960e-01 8.345937e-01 3.956257e-01 3.585666e-01 3.729709e-01 1.223039e-01 6.012438e-01 5.201663e-01 5.379954e-01 3.932665e-01 8.165463e-01 7.478330e-01 6.679336e-01 6.872371e-01 3.707125e-01 2.936946e-01 8.388786e-01 3.258789e-01 2.114178e-01 4.415404e-01 2.945063e-01 3.803868e-01 4.584076e-01 5.599393e-01 5.840315e-01 5.579116e-01 7.982969e-01 2.275591e-01 2.781919e-01 4.012562e-01 
62 869 0 0 0 5.947085e-01 4.453176e-01 8.128755e-01 7.992780e-01 5.666911e-01 7.267796e-01 4.388522e-01 3.379539e-01 3.432695e-01 1.728929e-01 5.069503e-01 5.358871e-01 6.292051e-01 2.527233e-01 7.014601e-01 8.214657e-01 7.701654e-01 7.567320e-01 4.573579e-01 2.162375e-01 9.195366e-01 2.621193e-01 3.073371e-01 4.926835e-01 3.860977e-01 4.314972e-01 4.563286e-01 4.699345e-01 5.389883e-01 6.210722e-01 8.304433e-01 1.751777e-01 2.260852e-01 2.095541e-01 
63 883 0 0 0 6.796528e-01 2.842374e-01 7.844019e-01 8.415862e-01 4.625202e-01 6.802816e-01 5.271474e-01 1.842767e-01 3.770469e-01 2.254990e-01 6.245217e-01 4.848098e-01 5.228171e-01 1.695146e-01 5.134507e-01 6.355813e-01 8.222606e-01 6.251038e-01 5.270501e-01 1.456305e-01 8.785059e-01 2.096840e-01 2.418356e-01 5.439989e-01 4.171049e-01 4.111106e-01 5.562160e-01 6.084263e-01 5.809063e-01 5.159127e-01 7.945975e-01 9.949978e-02 1.949735e-01 3.335522e-01 
64 897 0 0 0 6.955445e-01 3.143660e-01 6.657980e-01 8.794232e-01 3.454554e-01 6.410882e-01 5.957095e-01 3.153581e-01 1.868833e-01 2.436077e-01 6.351187e-01 5.945226e-01 5.108711e-01 9.977784e-02 5.284329e-01 5.850275e-01 7.771621e-01 6.847429e-01 4.322356e-01 2.264085e-01 8.882317e-01 1.730279e-01 1.575412e-01 4.464176e-01 3.535937e-01 3.895953e-01 4.749843e-01 6.843126e-01 5.421342e-01 4.851920e-01 7.726708e-01 1.910944e-01 1.212073e-01 3.923275e-01 
65 911 0 0 0 7.886815e-01 1.935185e-01 5.533596e-01 6.506743e-01 3.751813e-01 6.572300e-01 5.277873e-01 3.005569e-01 2.476547e-01 1.782805e-01 5.984860e-01 5.106550e-01 4.896568e-01 1.529043e-01 5.252768e-01 5.174748e-01 7.281728e-01 6.234891e-01 5.869212e-01 1.966289e-01 8.689709e-01 3.295966e-01 2.170045e-01 2.674112e-01 3.608078e-01 4.565525e-01 4.654444e-01 6.574402e-01 5.427331e-01 2.876254e-01 7.500763e-01 1.155877e-01 1.139903e-01 3.369582e-01 
66 925 0 0 0 8.234056e-01 2.418226e-01 5.277557e-01 7.808573e-01 2.975835e-01 6.858501e-01 5.010207e-01 3.555699e-01 1.873784e-01 2.249639e-01 5.933604e-01 4.322266e-01 5.132975e-01 9.028885e-02 4.171456e-01 5.592637e-01 7.163515e-01 5.379241e-01 5.855811e-01 1.134100e-01 8.998228e-01 2.327109e-01 1.531209e-01 3.192402e-01 3.792958e-01 4.850128e-01 5.357827e-01 4.717972e-01 4.346397e-01 2.818492e-01 8.172978e-01 9.201416e-02 2.220439e-01 3.642523e-01 
67 939 0 0 0 7.796388e-01 1.891024e-01 5.644752e-01 6.941493e-01 3.528259e-01 7.032955e-01 4.590328e-01 3.218007e-01 1.312683e-01 1.269145e-01 5.178303e-01 3.873191e-01 5.642186e-01 1.385281e-01 3.433524e-01 5.128638e-01 7.515789e-01 4.962558e-01 5.973049e-01 3.253456e-01 8.326965e-01 2.983894e-01 1.524858e-01 4.280494e-01 4.031754e-01 5.906649e-01 6.642932e-01 4.846153e-01 3.397945e-01 3.744572e-01 7.472819e-01 1.386340e-01 1.284207e-01 3.929809e-01 
68 953 0 0 0 9.178999e-01 1.906243e-01 5.589869e-01 6.757983e-01 2.544817e-01 6.638623e-01 4.029313e-01 4.341985e-01 9.451428e-02 1.634508e-01 4.978514e-01 4.522055e-01 5.573102e-01 2.592304e-01 4.330410e-01 5.975683e-01 8.291601e-01 4.064268e-01 6.763446e-01 2.758207e-01 8.291095e-01 1.923529e-01 2.530449e-01 4.998486e-01 4.720079e-01 5.086229e-01 6.625677e-01 4.813310e-01 2.705256e-01 3.732360e-01 7.449840e-01 9.630183e-02 1.936948e-01 3.369138e-01 
69 967 0 0 0 9.421127e-01 1.566531e-01 5.196637e-01 6.297163e-01 2.429290e-01 6.949986e-01 4.385707e-01 3.889845e-01 9.925162e-02 1.678012e-01 4.995808e-01 4.685908e-01 7.033613e-01 1.678013e-01 4.241170e-01 6.183550e-01 7.991693e-01 3.525327e-01 5.318673e-01 2.050376e-01 8.941612e-01 2.589776e-01 3.236188e-01 5.097413e-01 5.546714e-01 6.655147e-01 6.301672e-01 5.628246e-01 3.598750e-01 3.378912e-01 7.895736e-01 7.996938e-02 1.478660e-01 3.950715e-01 
70 981 0 0 0 1.003007e+00 1.508415e-01 4.395182e-01 6.463914e-01 1.297456e-01 5.583104e-01 4.845761e-01 5.432636e-01 1.652910e-01 1.375732e-01 5.210115e-01 5.359235e-01 8.718389e-01 2.742029e-01 4.108549e-01 6.056181e-01 6.801529e-01 3.204274e-01 4.820139e-01 2.114681e-01 7.983157e-01 2.336057e-01 2.797676e-01 3.890116e-01 6.201995e-01 6.390504e-01 6.092161e-01 5.521690e-01 2.981043e-01 3.117806e-01 8.067759e-01 3.881554e-02 2.035925e-01 3.805877e-01 
71 995 0 0 0 9.629963e-01 2.534301e-01 4.874379e-01 6.277919e-01 1.952593e-01 5.152518e-01 3.608745e-01 4.229249e-01 2.731559e-01 1.520498e-01 4.072438e-01 5.937183e-01 8.244239e-01 2.356392e-01 4.843936e-01 5.432790e-01 6.799512e-01 3.972925e-01 5.200596e-01 2.274066e-01 8.182407e-01 2.180668e-01 3.230449e-01 4.374681e-01 7.502974e-01 6.258697e-01 7.043443e-01 5.129048e-01 1.892454e-01 3.006501e-01 8.004796e-01 5.518286e-02 2.221778e-01 3.609048e-01 
72 1009 0 0 0 9.293007e-01 2.775782e-01 3.979140e-01 6.511220e-01 1.865200e-01 6.407087e-01 4.152728e-01 4.585732e-01 2.180562e-01 2.412966e-01 4.225346e-01 6.419410e-01 8.514865e-01 2.388431e-01 4.297494e-01 5.458221e-01 6.250959e-01 3.324262e-01 4.091644e-01 2.621063e-01 8.099237e-01 1.747996e-01 2.022288e-01 4.280513e-01 7.070149e-01 5.782807e-01 5.991600e-01 5.189418e-01 2.676612e-01 3.798472e-01 7.485572e-01 7.414676e-02 2.660101e-01 4.826454e-01 
73 1023 0 0 0 8.013472e-01 3.029618e-01 3.661454e-01 5.859259e-01 1.900250e-01 5.934014e-01 4.241678e-01 5.163210e-01 1.796993e-01 2.187304e-01 3.821408e-01 5.820975e-01 8.495660e-01 3.138005e-01 3.620209e-01 5.673713e-01 5.603624e-01 2.706124e-01 3.414115e-01 3.430157e-01 7.922741e-01 2.873345e-01 1.615926e-01 4.178792e-01 6.741889e-01 5.982888e-01 6.009287e-01 5.706362e-01 2.007488e-01 4.128752e-01 7.272596e-01 1.029287e-01 3.219637e-01 5.468387e-01 
74 1037 0 0 0 7.153867e-01 3.522762e-01 2.266340e-01 4.683484e-01 2.295034e-01 6.812178e-01 5.410811e-01 3.928612e-01 2.070904e-01 3.373556e-01 5.188191e-01 5.912136e-01 8.265726e-01 3.692557e-01 4.572995e-01 4.637283e-01 5.551834e-01 2.173787e-01 3.237606e-01 3.772146e-01 6.105925e-01 3.633981e-01 1.706704e-01 4.493550e-01 5.970794e-01 7.268812e-01 6.296966e-01 4.018120e-01 2.544968e-01 4.465991e-01 8.139619e-01 2.217263e-01 3.032582e-01 5.779364e-01 
75 1051 0 0 0 7.028796e-01 2.920527e-01 2.065243e-01 3.414600e-01 2.109173e-01 7.528951e-01 6.512476e-01 2.368548e-01 1.761463e-01 3.517249e-01 4.152361e-01 5.582387e-01 7.576321e-01 2.467608e-01 3.509978e-01 5.930559e-01 5.761365e-01 1.852012e-01 2.533273e-01 2.283357e-01 6.654747e-01 3.181022e-01 2.649875e-01 4.747568e-01 6.534749e-01 7.511283e-01 5.721465e-01 2.662387e-01 2.112949e-01 5.482660e-01 8.767839e-01 3.539243e-01 2.485182e-01 6.842440e-01 
76 1065 0 0 0 7.146533e-01 2.175573e-01 3.743092e-01 4.942697e-01 2.566605e-01 7.338542e-01 6.291969e-01 2.514606e-01 3.880509e-01 4.637494e-01 3.441488e-01 5.326650e-01 6.950721e-01 4.016425e-01 4.136975e-01 5.448451e-01 5.340310e-01 1.443243e-01 2.311114e-01 2.916571e-01 6.226941e-01 3.944432e-01 4.051340e-01 3.133874e-01 6.386367e-01 6.991774e-01 5.283264e-01 2.665790e-01 2.142060e-01 4.492106e-01 7.933444e-01 3.795975e-01 4.241404e-01 6.212051e-01 
77 1079 0 0 0 8.711783e-01 1.468532e-01 4.523832e-01 5.888796e-01 2.422408e-01 9.012568e-01 5.732664e-01 1.119230e-01 4.475436e-01 3.807009e-01 3.350356e-01 5.233130e-01 7.472905e-01 2.768456e-01 4.841500e-01 5.158520e-01 5.108603e-01 1.498741e-01 2.628534e-01 3.130201e-01 5.442202e-01 2.923294e-01 5.262520e-01 4.272102e-01 7.870895e-01 7.001102e-01 6.327269e-01 2.607501e-01 3.393260e-01 5.463664e-01 7.798361e-01 5.367603e-01 3.505916e-01 5.915254e-01 
78 1093 0 0 0 8.750557e-01 1.313967e-01 3.828079e-01 6.407339e-01 4.651979e-01 8.294176e-01 4.524367e-01 7.416398e-02 3.380721e-01 4.210121e-01 3.573172e-01 5.630340e-01 7.426600e-01 2.528303e-01 5.125185e-01 4.007450e-01 5.103970e-01 3.016134e-01 2.007052e-01 4.151870e-01 5.587527e-01 3.603849e-01 5.088612e-01 2.865629e-01 7.806905e-01 6.131672e-01 6.566769e-01 3.678423e-01 3.466818e-01 5.694925e-01 7.469204e-01 4.851783e-01 4.456457e-01 5.036470e-01 
79 1107 0 0 0 8.691903e-01 2.113811e-01 3.025286e-01 7.075260e-01 3.650449e-01 8.223590e-01 3.764158e-01 2.059895e-01 3.970732e-01 4.999939e-01 3.410467e-01 4.624362e-01 8.043295e-01 3.284691e-01 4.492490e-01 5.076752e-01 4.962854e-01 4.542793e-01 2.198964e-01 4.978861e-01 6.664762e-01 3.608434e-01 5.739887e-01 2.504424e-01 7.496170e-01 7.698605e-01 6.779047e-01 5.092425e-01 2.998090e-01 3.717058e-01 6.509536e-01 5.048083e-01 5.249845e-01 5.624738e-01 
80 1121 0 0 0 9.484576e-01 2.529307e-01 1.747401e-01 7.040019e-01 6.360883e-01 8.401058e-01 4.554547e-01 2.386758e-01 2.496615e-01 6.228042e-01 2.662593e-01 3.644659e-01 8.237385e-01 4.166357e-01 4.541391e-01 5.508597e-01 4.272143e-01 5.438040e-01 1.493193e-01 4.814379e-01 7.680085e-01 2.512368e-01 3.316842e-01 1.893614e-01 7.457297e-01 6.824795e-01 6.818767e-01 4.310392e-01 2.805835e-01 3.630107e-01 7.911474e-01 5.069229e-01 5.164826e-01 5.860722e-01 
81 1135 0 0 0 8.841256e-01 1.263038e-01 2.421046e-01 7.627418e-01 5.227757e-01 7.953053e-01 4.413176e-01 1.686154e-01 2.975683e-01 5.895579e-01 2.466242e-01 3.552186e-01 8.747549e-01 3.014757e-01 4.857608e-01 4.962640e-01 3.681991e-01 4.980450e-01 -2.826923e-02 4.731468e-01 6.449068e-01 5.490401e-01 2.567941e-01 2.378992e-01 5.308791e-01 5.391767e-01 5.596503e-01 3.833328e-01 3.371161e-01 3.068651e-01 8.135365e-01 4.929582e-01 6.821529e-01 5.063457e-01 
82 1149 0 0 0 8.896656e-01 1.055198e-01 1.503363e-01 6.529090e-01 5.542089e-01 7.693161e-01 5.619031e-01 1.728772e-01 2.784912e-01 5.097037e-01 4.789913e-01 5.361075e-01 9.394598e-01 2.605188e-01 4.219560e-01 3.350432e-01 3.242713e-01 3.201488e-01 3.824023e-02 4.413858e-01 6.182693e-01 7.108776e-01 2.944198e-01 4.068064e-01 5.847961e-01 4.233609e-01 6.251453e-01 3.324410e-01 2.848287e-01 3.389808e-01 8.495237e-01 4.283481e-01 5.135677e-01 4.306625e-01 
83 1163 0 0 0 8.642284e-01 1.134547e-01 1.624583e-01 5.891038e-01 3.898243e-01 6.494758e-01 5.584999e-01 2.158276e-01 1.548406e-01 5.471701e-01 6.184635e-01 5.077677e-01 7.923523e-01 9.177959e-02 4.330075e-01 3.778468e-01 2.800420e-01 3.784496e-01 -3.354487e-03 2.395899e-01 6.377038e-01 7.473701e-01 1.154503e-01 4.787543e-01 7.413208e-01 3.155622e-01 6.886621e-01 2.755821e-01 2.369087e-01 3.000451e-01 6.412436e-01 5.562239e-01 2.612177e-01 3.111247e-01 
84 1177 0 0 0 8.965351e-01 2.522600e-01 1.969841e-01 5.401189e-01 3.849211e-01 6.117795e-01 5.668427e-01 1.828018e-01 2.369162e-01 4.501047e-01 6.470358e-01 4.900937e-01 7.275773e-01 1.473642e-01 3.922002e-01 4.447292e-01 2.530989e-01 3.590747e-01 1.673791e-02 3.599937e-01 6.474856e-01 6.524492e-01 1.583063e-01 4.750883e-01 6.363979e-01 2.662739e-01 8.011569e-01 4.251577e-01 1.609134e-01 1.717003e-01 6.096970e-01 6.422697e-01 2.340923e-01 4.297751e-01 
85 1191 0 0 0 9.172325e-01 3.450435e-01 2.024841e-01 5.712183e-01 2.647496e-01 5.159227e-01 6.682453e-01 2.206222e-01 1.955770e-01 4.711205e-01 7.857132e-01 4.593522e-01 6.459512e-01 1.619051e-01 4.079677e-01 5.430636e-01 2.090192e-01 3.977826e-01 1.333935e-01 3.803955e-01 5.271875e-01 6.846552e-01 2.122030e-01 5.899461e-01 5.865798e-01 2.806832e-01 8.400766e-01 4.276897e-01 1.446933e-01 1.313448e-01 6.216769e-01 5.723838e-01 1.720607e-01 4.879082e-01 
86 1205 0 0 0 8.637534e-01 2.303264e-01 1.601870e-01 5.174641e-01 1.647524e-01 6.823634e-01 7.317502e-01 2.991087e-01 2.390872e-01 5.550067e-01 7.337908e-01 4.731680e-01 5.599734e-01 1.248940e-01 3.241552e-01 4.276159e-01 1.978299e-01 5.097243e-01 2.284880e-01 3.144849e-01 5.304502e-01 6.358821e-01 2.808543e-01 5.875196e-01 7.328468e-01 3.106184e-01 8.094917e-01 3.868217e-01 1.296258e-01 3.136081e-01 5.534840e-01 5.613938e-01 1.831265e-01 4.255845e-01 
87 1219 0 0 0 7.888638e-01 2.835897e-01 2.203385e-01 5.483010e-01 1.594329e-01 7.203751e-01 5.885798e-01 2.794779e-01 2.021880e-01 4.751929e-01 6.162765e-01 5.003106e-01 6.340811e-01 1.922497e-01 3.019166e-01 5.047104e-01 1.610584e-01 5.436397e-01 2.779709e-01 5.897407e-01 4.795802e-01 4.758445e-01 4.094099e-01 6.881992e-01 7.923002e-01 1.769448e-01 7.007368e-01 2.892833e-01 1.906297e-01 2.803777e-01 6.796425e-01 4.791609e-01 2.262202e-01 3.944646e-01 
88 1233 0 0 0 8.784136e-01 3.066055e-01 1.930580e-01 5.736268e-01 4.102763e-01 6.593343e-01 4.487980e-01 2.348789e-01 9.224875e-02 4.426861e-01 7.309443e-01 5.612542e-01 5.206179e-01 2.748607e-01 3.425966e-01 4.913939e-01 2.182930e-01 5.609795e-01 2.371412e-01 5.710155e-01 4.443110e-01 5.710032e-01 4.383755e-01 7.316464e-01 7.129707e-01 1.489310e-01 5.930974e-01 3.704357e-01 1.798604e-01 3.547735e-01 7.040302e-01 3.900761e-01 2.806268e-01 4.088394e-01 
89 1247 0 0 0 9.028934e-01 2.749262e-01 1.596869e-01 5.909101e-01 2.949244e-01 6.659547e-01 4.479515e-01 9.194651e-02 2.181578e-01 5.758951e-01 7.849598e-01 4.123473e-01 5.994489e-01 3.470908e-01 2.694015e-01 5.827757e-01 3.379781e-01 6.334136e-01 1.331320e-01 7.172749e-01 4.237567e-01 6.431268e-01 4.385952e-01 6.703306e-01 7.660063e-01 2.664205e-01 5.633871e-01 3.981595e-01 3.269359e-01 3.851307e-01 6.765642e-01 3.969212e-01 2.834807e-01 3.701214e-01 
90 1261 0 0 0 8.036522e-01 2.231705e-01 3.191657e-01 7.193498e-01 2.662087e-01 6.331306e-01 3.829258e-01 1.002024e-01 1.953726e-01 6.427799e-01 8.561170e-01 4.256215e-01 6.471510e-01 3.275824e-01 2.686019e-01 6.037716e-01 4.242812e-01 4.886689e-01 1.941072e-01 6.043668e-01 4.439075e-01 6.611829e-01 4.561727e-01 6.906329e-01 9.176435e-01 2.101829e-01 5.010339e-01 4.288097e-01 4.132494e-01 4.809788e-01 7.115197e-01 3.851929e-01 1.624423e-01 5.315718e-01 
