%  columns="iteration, evaluation, sigma, max axis length, min axis length, all principle axes lengths (sorted square roots of eigenvalues of C)" (startseed=213207, 2023/08/29 23:10:39.08)
1 15 2.809822e-01 1.027168e+00 9.972581e-01 9.972581e-01 9.972581e-01 9.972581e-01 9.972581e-01 9.972581e-01 9.972581e-01 9.972581e-01 9.972581e-01 9.972581e-01 9.972581e-01 9.972581e-01 9.972581e-01 9.972581e-01 9.972581e-01 9.972581e-01 9.972581e-01 9.972581e-01 9.972581e-01 9.972581e-01 9.972581e-01 9.972581e-01 9.972581e-01 9.972581e-01 9.972581e-01 9.972581e-01 9.972581e-01 9.972581e-01 9.980412e-01 9.995187e-01 1.000064e+00 1.003612e+00 1.006968e+00 1.016116e+00 1.027168e+00 
2 29 2.660760e-01 1.035285e+00 9.945238e-01 9.945238e-01 9.945238e-01 9.945238e-01 9.945238e-01 9.945238e-01 9.945238e-01 9.945238e-01 9.945238e-01 9.945238e-01 9.945238e-01 9.945238e-01 9.945238e-01 9.945238e-01 9.945238e-01 9.945238e-01 9.945238e-01 9.945238e-01 9.945238e-01 9.945238e-01 9.945238e-01 9.946880e-01 9.950955e-01 9.954820e-01 9.956733e-01 9.970631e-01 9.974160e-01 9.993381e-01 1.000740e+00 1.004422e+00 1.004617e+00 1.009665e+00 1.015725e+00 1.018305e+00 1.035285e+00 
3 43 2.549639e-01 1.034952e+00 9.917970e-01 9.917970e-01 9.917970e-01 9.917970e-01 9.917970e-01 9.917970e-01 9.917970e-01 9.917970e-01 9.917970e-01 9.917970e-01 9.917970e-01 9.917970e-01 9.917970e-01 9.917970e-01 9.919241e-01 9.920025e-01 9.922375e-01 9.923304e-01 9.925364e-01 9.928655e-01 9.936504e-01 9.942343e-01 9.947189e-01 9.953693e-01 9.957954e-01 9.975947e-01 9.978400e-01 9.991851e-01 1.002099e+00 1.003888e+00 1.009852e+00 1.015142e+00 1.017861e+00 1.023812e+00 1.034952e+00 
4 57 2.439745e-01 1.035769e+00 9.890776e-01 9.890776e-01 9.890776e-01 9.890776e-01 9.890776e-01 9.890776e-01 9.890776e-01 9.890956e-01 9.891189e-01 9.891682e-01 9.892078e-01 9.892709e-01 9.894115e-01 9.896090e-01 9.898547e-01 9.903679e-01 9.908107e-01 9.909180e-01 9.916577e-01 9.922344e-01 9.927678e-01 9.929816e-01 9.933242e-01 9.945353e-01 9.955042e-01 9.976682e-01 9.988353e-01 9.995778e-01 1.004487e+00 1.009310e+00 1.012271e+00 1.017231e+00 1.020725e+00 1.026322e+00 1.035769e+00 
5 71 2.380119e-01 1.034974e+00 9.863659e-01 9.863659e-01 9.863724e-01 9.863830e-01 9.864429e-01 9.865203e-01 9.866063e-01 9.866781e-01 9.868041e-01 9.869423e-01 9.871360e-01 9.874444e-01 9.876098e-01 9.876547e-01 9.878207e-01 9.891038e-01 9.893917e-01 9.898645e-01 9.900032e-01 9.908625e-01 9.912362e-01 9.918815e-01 9.923914e-01 9.941505e-01 9.962969e-01 9.979659e-01 9.999223e-01 1.003357e+00 1.006665e+00 1.010802e+00 1.014725e+00 1.015545e+00 1.022913e+00 1.031060e+00 1.034974e+00 
6 85 2.309526e-01 1.041340e+00 9.838002e-01 9.838002e-01 9.838428e-01 9.838902e-01 9.840354e-01 9.840606e-01 9.842020e-01 9.843174e-01 9.844503e-01 9.847784e-01 9.851222e-01 9.854546e-01 9.859813e-01 9.863682e-01 9.866947e-01 9.869659e-01 9.877838e-01 9.881168e-01 9.891481e-01 9.894342e-01 9.908181e-01 9.914972e-01 9.935414e-01 9.958749e-01 9.963744e-01 9.984070e-01 1.000160e+00 1.005063e+00 1.008454e+00 1.013493e+00 1.014175e+00 1.016347e+00 1.022528e+00 1.033840e+00 1.041340e+00 
7 99 2.203095e-01 1.045909e+00 9.812190e-01 9.812190e-01 9.813669e-01 9.814061e-01 9.815428e-01 9.817395e-01 9.820352e-01 9.821008e-01 9.824967e-01 9.831551e-01 9.834135e-01 9.839131e-01 9.842040e-01 9.849151e-01 9.857039e-01 9.859430e-01 9.864593e-01 9.872335e-01 9.880034e-01 9.898186e-01 9.909014e-01 9.919732e-01 9.930491e-01 9.949794e-01 9.974271e-01 9.997927e-01 1.001314e+00 1.004801e+00 1.007155e+00 1.012471e+00 1.016220e+00 1.018924e+00 1.021897e+00 1.032383e+00 1.045909e+00 
8 113 2.124625e-01 1.050779e+00 9.787167e-01 9.787167e-01 9.788320e-01 9.789703e-01 9.790932e-01 9.794597e-01 9.795347e-01 9.803207e-01 9.807852e-01 9.812632e-01 9.814476e-01 9.818928e-01 9.825538e-01 9.834102e-01 9.845556e-01 9.846850e-01 9.859205e-01 9.872457e-01 9.882987e-01 9.889920e-01 9.901499e-01 9.915993e-01 9.923903e-01 9.953583e-01 9.983369e-01 1.001549e+00 1.003114e+00 1.005322e+00 1.005605e+00 1.012160e+00 1.015571e+00 1.017067e+00 1.022684e+00 1.031951e+00 1.050779e+00 
9 127 2.022835e-01 1.058687e+00 9.762438e-01 9.762438e-01 9.764915e-01 9.767475e-01 9.768682e-01 9.771754e-01 9.777942e-01 9.780673e-01 9.785771e-01 9.792321e-01 9.804143e-01 9.806163e-01 9.815479e-01 9.823586e-01 9.835854e-01 9.846560e-01 9.848237e-01 9.858927e-01 9.866510e-01 9.879917e-01 9.889999e-01 9.915127e-01 9.938755e-01 9.948431e-01 9.983869e-01 1.001019e+00 1.002750e+00 1.003555e+00 1.004637e+00 1.011464e+00 1.014359e+00 1.017415e+00 1.023571e+00 1.031066e+00 1.058687e+00 
10 141 1.947688e-01 1.061827e+00 9.740116e-01 9.740116e-01 9.740766e-01 9.741463e-01 9.744301e-01 9.750849e-01 9.756639e-01 9.758781e-01 9.765946e-01 9.778654e-01 9.784201e-01 9.794403e-01 9.799055e-01 9.811922e-01 9.818074e-01 9.825804e-01 9.836507e-01 9.852421e-01 9.856106e-01 9.864271e-01 9.893687e-01 9.905380e-01 9.925922e-01 9.959144e-01 9.970712e-01 1.000435e+00 1.002503e+00 1.003860e+00 1.007702e+00 1.009284e+00 1.015389e+00 1.020717e+00 1.026355e+00 1.029267e+00 1.061827e+00 
11 155 1.859612e-01 1.064627e+00 9.715599e-01 9.715599e-01 9.716462e-01 9.718220e-01 9.724641e-01 9.728619e-01 9.733536e-01 9.744089e-01 9.752422e-01 9.757454e-01 9.770227e-01 9.782519e-01 9.785262e-01 9.797430e-01 9.810749e-01 9.819996e-01 9.832100e-01 9.842348e-01 9.851765e-01 9.864265e-01 9.885815e-01 9.898268e-01 9.930946e-01 9.947627e-01 9.983385e-01 9.996268e-01 1.001591e+00 1.003594e+00 1.007140e+00 1.012616e+00 1.015382e+00 1.021189e+00 1.026257e+00 1.027970e+00 1.064627e+00 
12 169 1.778553e-01 1.065892e+00 9.693751e-01 9.693751e-01 9.697991e-01 9.700842e-01 9.706052e-01 9.711360e-01 9.720232e-01 9.731474e-01 9.740025e-01 9.744173e-01 9.755513e-01 9.764352e-01 9.772519e-01 9.786315e-01 9.790404e-01 9.804358e-01 9.810804e-01 9.829520e-01 9.836097e-01 9.840872e-01 9.884449e-01 9.910032e-01 9.916163e-01 9.943278e-01 9.979708e-01 1.002086e+00 1.002840e+00 1.005297e+00 1.007637e+00 1.012134e+00 1.015794e+00 1.019191e+00 1.027146e+00 1.037607e+00 1.065892e+00 
13 183 1.719544e-01 1.065368e+00 9.668534e-01 9.668534e-01 9.674993e-01 9.681425e-01 9.685883e-01 9.696326e-01 9.710114e-01 9.714090e-01 9.719627e-01 9.728241e-01 9.734136e-01 9.748592e-01 9.759101e-01 9.775932e-01 9.782741e-01 9.796919e-01 9.814460e-01 9.818468e-01 9.838790e-01 9.843486e-01 9.879462e-01 9.893539e-01 9.925675e-01 9.950565e-01 9.962655e-01 1.000842e+00 1.002616e+00 1.003495e+00 1.008789e+00 1.010217e+00 1.014457e+00 1.026814e+00 1.027725e+00 1.037309e+00 1.065368e+00 
14 197 1.658558e-01 1.067060e+00 9.646610e-01 9.646610e-01 9.660830e-01 9.661684e-01 9.668384e-01 9.675961e-01 9.688947e-01 9.697952e-01 9.709609e-01 9.711108e-01 9.717407e-01 9.731993e-01 9.746807e-01 9.758625e-01 9.781703e-01 9.789169e-01 9.803586e-01 9.812388e-01 9.831259e-01 9.839855e-01 9.865432e-01 9.902562e-01 9.912724e-01 9.960308e-01 9.966602e-01 9.995513e-01 1.002485e+00 1.005283e+00 1.008565e+00 1.010188e+00 1.013483e+00 1.025418e+00 1.028175e+00 1.038259e+00 1.067060e+00 
15 211 1.612581e-01 1.068936e+00 9.626031e-01 9.626031e-01 9.637168e-01 9.644257e-01 9.649969e-01 9.663476e-01 9.668872e-01 9.679046e-01 9.686368e-01 9.693773e-01 9.704356e-01 9.724810e-01 9.730976e-01 9.739273e-01 9.769072e-01 9.777828e-01 9.789322e-01 9.793754e-01 9.816631e-01 9.833918e-01 9.848517e-01 9.891396e-01 9.915670e-01 9.950666e-01 9.959797e-01 1.000850e+00 1.001680e+00 1.005791e+00 1.008250e+00 1.011817e+00 1.015184e+00 1.024858e+00 1.031241e+00 1.041569e+00 1.068936e+00 
16 225 1.559600e-01 1.068852e+00 9.604612e-01 9.604612e-01 9.620174e-01 9.626874e-01 9.637467e-01 9.644889e-01 9.651304e-01 9.656503e-01 9.670440e-01 9.678607e-01 9.687794e-01 9.710921e-01 9.714296e-01 9.727439e-01 9.751460e-01 9.771149e-01 9.778660e-01 9.780636e-01 9.811560e-01 9.826151e-01 9.836770e-01 9.875318e-01 9.921687e-01 9.955239e-01 9.956779e-01 1.000492e+00 1.003004e+00 1.004249e+00 1.011428e+00 1.013192e+00 1.014591e+00 1.025867e+00 1.030867e+00 1.042353e+00 1.068852e+00 
17 239 1.496683e-01 1.070694e+00 9.583329e-01 9.583329e-01 9.602554e-01 9.617017e-01 9.620939e-01 9.631736e-01 9.635274e-01 9.643718e-01 9.652202e-01 9.662943e-01 9.689197e-01 9.696377e-01 9.701790e-01 9.716440e-01 9.729787e-01 9.755325e-01 9.772830e-01 9.792652e-01 9.804841e-01 9.816649e-01 9.838838e-01 9.867803e-01 9.911879e-01 9.938682e-01 9.955340e-01 1.000472e+00 1.001991e+00 1.005624e+00 1.010917e+00 1.011780e+00 1.016418e+00 1.025081e+00 1.030664e+00 1.047572e+00 1.070694e+00 
18 253 1.998563e-01 1.068866e+00 9.561593e-01 9.561593e-01 9.579910e-01 9.595741e-01 9.600034e-01 9.609486e-01 9.615763e-01 9.628947e-01 9.647009e-01 9.651237e-01 9.670359e-01 9.677210e-01 9.691233e-01 9.708057e-01 9.744269e-01 9.754438e-01 9.758846e-01 9.784671e-01 9.796384e-01 9.801913e-01 9.844242e-01 9.858406e-01 9.893915e-01 9.945715e-01 9.950346e-01 9.994773e-01 1.000618e+00 1.004972e+00 1.008903e+00 1.014113e+00 1.017435e+00 1.025258e+00 1.033079e+00 1.050478e+00 1.068866e+00 
19 267 1.919666e-01 1.070272e+00 9.540535e-01 9.540535e-01 9.568869e-01 9.583029e-01 9.586750e-01 9.595309e-01 9.609743e-01 9.615819e-01 9.630898e-01 9.639216e-01 9.657648e-01 9.674744e-01 9.680796e-01 9.693597e-01 9.726958e-01 9.738130e-01 9.740469e-01 9.768710e-01 9.795576e-01 9.817617e-01 9.835747e-01 9.882545e-01 9.889392e-01 9.921765e-01 9.947766e-01 9.977414e-01 1.002957e+00 1.005181e+00 1.009942e+00 1.012767e+00 1.016567e+00 1.027916e+00 1.035499e+00 1.048864e+00 1.070272e+00 
20 281 1.866438e-01 1.072107e+00 9.522140e-01 9.522140e-01 9.547650e-01 9.565992e-01 9.569530e-01 9.575971e-01 9.599884e-01 9.609932e-01 9.621175e-01 9.636103e-01 9.650339e-01 9.655677e-01 9.685257e-01 9.694035e-01 9.708373e-01 9.730657e-01 9.752149e-01 9.762680e-01 9.783172e-01 9.814898e-01 9.821826e-01 9.868526e-01 9.905166e-01 9.920341e-01 9.950172e-01 9.960954e-01 1.002079e+00 1.004387e+00 1.010473e+00 1.013507e+00 1.020458e+00 1.028520e+00 1.034879e+00 1.051255e+00 1.072107e+00 
21 295 1.805834e-01 1.071428e+00 9.500586e-01 9.500586e-01 9.530047e-01 9.549297e-01 9.555566e-01 9.565066e-01 9.575704e-01 9.592071e-01 9.608515e-01 9.629592e-01 9.641468e-01 9.646163e-01 9.671781e-01 9.687156e-01 9.688555e-01 9.712547e-01 9.734716e-01 9.739488e-01 9.773669e-01 9.808619e-01 9.822188e-01 9.888065e-01 9.890981e-01 9.907702e-01 9.936646e-01 9.995899e-01 1.003341e+00 1.005937e+00 1.008763e+00 1.013921e+00 1.022319e+00 1.029821e+00 1.034502e+00 1.051079e+00 1.071428e+00 
22 309 1.749114e-01 1.071669e+00 9.480734e-01 9.480734e-01 9.519976e-01 9.534487e-01 9.544417e-01 9.545386e-01 9.561991e-01 9.588997e-01 9.590404e-01 9.617048e-01 9.631037e-01 9.645528e-01 9.650720e-01 9.670852e-01 9.676669e-01 9.696160e-01 9.722651e-01 9.728519e-01 9.760110e-01 9.800356e-01 9.835612e-01 9.865075e-01 9.905820e-01 9.912048e-01 9.937552e-01 1.000001e+00 1.001941e+00 1.006129e+00 1.007143e+00 1.014310e+00 1.020867e+00 1.032913e+00 1.041268e+00 1.049862e+00 1.071669e+00 
23 323 1.691410e-01 1.069780e+00 9.464053e-01 9.464053e-01 9.512449e-01 9.520969e-01 9.527691e-01 9.533438e-01 9.561040e-01 9.567053e-01 9.595311e-01 9.603580e-01 9.628791e-01 9.636464e-01 9.655566e-01 9.658797e-01 9.660445e-01 9.679518e-01 9.703965e-01 9.728051e-01 9.747626e-01 9.786418e-01 9.821660e-01 9.865433e-01 9.891107e-01 9.920337e-01 9.937913e-01 9.983023e-01 1.000823e+00 1.005596e+00 1.007165e+00 1.014699e+00 1.020465e+00 1.036369e+00 1.042261e+00 1.048864e+00 1.069780e+00 
24 337 1.619521e-01 1.068762e+00 9.452330e-01 9.452330e-01 9.495834e-01 9.503445e-01 9.509432e-01 9.520487e-01 9.540127e-01 9.558267e-01 9.580818e-01 9.585794e-01 9.613495e-01 9.626894e-01 9.636836e-01 9.652345e-01 9.661667e-01 9.683987e-01 9.698076e-01 9.735399e-01 9.746306e-01 9.783664e-01 9.812960e-01 9.857557e-01 9.869031e-01 9.924719e-01 9.934355e-01 9.968102e-01 9.998423e-01 1.003664e+00 1.006288e+00 1.014157e+00 1.019258e+00 1.036614e+00 1.041791e+00 1.051276e+00 1.068762e+00 
25 351 1.554158e-01 1.070276e+00 9.437908e-01 9.437908e-01 9.478283e-01 9.482594e-01 9.501001e-01 9.510452e-01 9.527401e-01 9.549544e-01 9.567112e-01 9.590591e-01 9.594589e-01 9.614602e-01 9.626810e-01 9.646463e-01 9.656973e-01 9.672003e-01 9.678487e-01 9.738508e-01 9.756409e-01 9.770844e-01 9.822289e-01 9.844695e-01 9.873250e-01 9.901715e-01 9.924628e-01 9.967050e-01 9.975559e-01 1.001967e+00 1.006575e+00 1.014053e+00 1.019554e+00 1.035307e+00 1.043894e+00 1.051468e+00 1.070276e+00 
26 365 1.520089e-01 1.071132e+00 9.415775e-01 9.415775e-01 9.454801e-01 9.461511e-01 9.486459e-01 9.498861e-01 9.507223e-01 9.529597e-01 9.564077e-01 9.571869e-01 9.572489e-01 9.602840e-01 9.617530e-01 9.630238e-01 9.652755e-01 9.664176e-01 9.672498e-01 9.731370e-01 9.739030e-01 9.760894e-01 9.808609e-01 9.848307e-01 9.876740e-01 9.898836e-01 9.945968e-01 9.956481e-01 1.000341e+00 1.004661e+00 1.013301e+00 1.014606e+00 1.020485e+00 1.035633e+00 1.043341e+00 1.049552e+00 1.071132e+00 
27 379 1.492854e-01 1.070378e+00 9.396780e-01 9.396780e-01 9.437024e-01 9.448613e-01 9.474404e-01 9.488136e-01 9.503668e-01 9.517950e-01 9.547682e-01 9.558870e-01 9.565827e-01 9.589371e-01 9.607420e-01 9.628284e-01 9.644675e-01 9.664741e-01 9.697052e-01 9.718458e-01 9.737658e-01 9.744450e-01 9.809573e-01 9.851936e-01 9.870417e-01 9.903319e-01 9.925454e-01 9.966901e-01 1.002461e+00 1.003327e+00 1.014715e+00 1.017521e+00 1.024556e+00 1.033176e+00 1.043085e+00 1.050336e+00 1.070378e+00 
28 393 1.457645e-01 1.070889e+00 9.380480e-01 9.380480e-01 9.422300e-01 9.430768e-01 9.451454e-01 9.463411e-01 9.485208e-01 9.511965e-01 9.537968e-01 9.540904e-01 9.549192e-01 9.581793e-01 9.586767e-01 9.619272e-01 9.636978e-01 9.661964e-01 9.686582e-01 9.711295e-01 9.725420e-01 9.750684e-01 9.793879e-01 9.842201e-01 9.849844e-01 9.881986e-01 9.912019e-01 9.963759e-01 1.001077e+00 1.002676e+00 1.014136e+00 1.016941e+00 1.027885e+00 1.032963e+00 1.042283e+00 1.050384e+00 1.070889e+00 
29 407 2.023131e-01 1.079245e+00 9.367808e-01 9.367808e-01 9.409965e-01 9.419107e-01 9.441089e-01 9.461305e-01 9.467279e-01 9.491328e-01 9.517339e-01 9.539121e-01 9.552040e-01 9.576959e-01 9.586818e-01 9.617831e-01 9.621833e-01 9.662855e-01 9.678712e-01 9.700780e-01 9.704050e-01 9.771938e-01 9.809567e-01 9.832887e-01 9.843966e-01 9.869951e-01 9.894876e-01 9.941634e-01 1.000888e+00 1.003225e+00 1.012299e+00 1.014762e+00 1.026726e+00 1.034338e+00 1.043465e+00 1.049390e+00 1.079245e+00 
30 421 2.014314e-01 1.083599e+00 9.355688e-01 9.355688e-01 9.389254e-01 9.396411e-01 9.420816e-01 9.438683e-01 9.448885e-01 9.475194e-01 9.508534e-01 9.515030e-01 9.538389e-01 9.566161e-01 9.571503e-01 9.605002e-01 9.610189e-01 9.638911e-01 9.669094e-01 9.683756e-01 9.713013e-01 9.761904e-01 9.794913e-01 9.825026e-01 9.850054e-01 9.855106e-01 9.871388e-01 9.940104e-01 9.995402e-01 1.004499e+00 1.012206e+00 1.014638e+00 1.024755e+00 1.036450e+00 1.047871e+00 1.048446e+00 1.083599e+00 
31 435 2.016494e-01 1.089097e+00 9.334797e-01 9.334797e-01 9.378634e-01 9.382871e-01 9.401178e-01 9.421241e-01 9.444696e-01 9.455511e-01 9.494182e-01 9.518555e-01 9.523146e-01 9.545571e-01 9.551852e-01 9.592068e-01 9.597547e-01 9.631029e-01 9.651553e-01 9.663443e-01 9.705668e-01 9.778052e-01 9.783478e-01 9.812520e-01 9.830752e-01 9.852150e-01 9.878499e-01 9.922204e-01 9.976634e-01 1.009055e+00 1.011221e+00 1.016320e+00 1.023892e+00 1.035736e+00 1.045981e+00 1.053850e+00 1.089097e+00 
32 449 1.999636e-01 1.095356e+00 9.311714e-01 9.311714e-01 9.360448e-01 9.377878e-01 9.396461e-01 9.409964e-01 9.434771e-01 9.442637e-01 9.481186e-01 9.498773e-01 9.505187e-01 9.528440e-01 9.549351e-01 9.580311e-01 9.584746e-01 9.619311e-01 9.628384e-01 9.656758e-01 9.693200e-01 9.754355e-01 9.767111e-01 9.793549e-01 9.832245e-01 9.852616e-01 9.871718e-01 9.917364e-01 9.984964e-01 1.007427e+00 1.012240e+00 1.015748e+00 1.026765e+00 1.036617e+00 1.046046e+00 1.056181e+00 1.095356e+00 
33 463 1.958013e-01 1.105164e+00 9.297432e-01 9.297432e-01 9.343887e-01 9.368688e-01 9.386637e-01 9.410684e-01 9.416394e-01 9.426376e-01 9.473845e-01 9.482018e-01 9.503201e-01 9.516064e-01 9.544355e-01 9.561311e-01 9.576462e-01 9.607530e-01 9.626021e-01 9.655482e-01 9.690445e-01 9.731732e-01 9.760937e-01 9.776725e-01 9.834681e-01 9.842649e-01 9.880630e-01 9.906997e-01 9.977079e-01 1.005319e+00 1.010283e+00 1.013686e+00 1.026289e+00 1.037966e+00 1.044215e+00 1.059834e+00 1.105164e+00 
34 477 1.919974e-01 1.111027e+00 9.275087e-01 9.275087e-01 9.331947e-01 9.353137e-01 9.367746e-01 9.392807e-01 9.396901e-01 9.413256e-01 9.453794e-01 9.485349e-01 9.496806e-01 9.512358e-01 9.529813e-01 9.555945e-01 9.576202e-01 9.594390e-01 9.610720e-01 9.648849e-01 9.670116e-01 9.727966e-01 9.761678e-01 9.795253e-01 9.816420e-01 9.837591e-01 9.867006e-01 9.903513e-01 9.971958e-01 1.006035e+00 1.008044e+00 1.015106e+00 1.025392e+00 1.037681e+00 1.043613e+00 1.060608e+00 1.111027e+00 
35 491 1.865237e-01 1.114898e+00 9.263077e-01 9.263077e-01 9.320151e-01 9.331038e-01 9.371479e-01 9.377523e-01 9.396853e-01 9.415021e-01 9.438545e-01 9.478501e-01 9.491587e-01 9.502454e-01 9.534582e-01 9.552943e-01 9.561306e-01 9.584043e-01 9.596963e-01 9.649416e-01 9.659458e-01 9.710534e-01 9.744590e-01 9.779850e-01 9.797016e-01 9.839777e-01 9.857640e-01 9.897315e-01 9.961603e-01 1.004126e+00 1.007509e+00 1.017257e+00 1.024123e+00 1.036112e+00 1.043117e+00 1.060054e+00 1.114898e+00 
36 505 1.823757e-01 1.118012e+00 9.247501e-01 9.247501e-01 9.309915e-01 9.314924e-01 9.360667e-01 9.363415e-01 9.382360e-01 9.397661e-01 9.425567e-01 9.462805e-01 9.473629e-01 9.507890e-01 9.515732e-01 9.542890e-01 9.561512e-01 9.581390e-01 9.607800e-01 9.648293e-01 9.691484e-01 9.709005e-01 9.743061e-01 9.757589e-01 9.788212e-01 9.819419e-01 9.856979e-01 9.908147e-01 9.948484e-01 1.002918e+00 1.008338e+00 1.016610e+00 1.022557e+00 1.035557e+00 1.042278e+00 1.060330e+00 1.118012e+00 
37 519 1.767444e-01 1.120906e+00 9.226300e-01 9.226300e-01 9.289421e-01 9.297139e-01 9.340305e-01 9.363051e-01 9.374459e-01 9.379462e-01 9.415023e-01 9.443140e-01 9.461003e-01 9.489374e-01 9.516553e-01 9.524631e-01 9.557724e-01 9.584315e-01 9.597199e-01 9.652860e-01 9.685084e-01 9.696505e-01 9.749948e-01 9.767989e-01 9.784055e-01 9.822195e-01 9.867559e-01 9.901977e-01 9.943524e-01 1.000598e+00 1.007548e+00 1.018169e+00 1.023423e+00 1.034565e+00 1.040762e+00 1.058779e+00 1.120906e+00 
38 533 1.677391e-01 1.125650e+00 9.206564e-01 9.206564e-01 9.268670e-01 9.279610e-01 9.331366e-01 9.356231e-01 9.359973e-01 9.376673e-01 9.397301e-01 9.439572e-01 9.443687e-01 9.485796e-01 9.498098e-01 9.508640e-01 9.546187e-01 9.572049e-01 9.613332e-01 9.628605e-01 9.672375e-01 9.688657e-01 9.732937e-01 9.759852e-01 9.791911e-01 9.814473e-01 9.865224e-01 9.900882e-01 9.951295e-01 9.985639e-01 1.005428e+00 1.017502e+00 1.022923e+00 1.034219e+00 1.039840e+00 1.057060e+00 1.125650e+00 
39 547 1.627078e-01 1.125106e+00 9.193719e-01 9.193719e-01 9.251411e-01 9.263356e-01 9.323300e-01 9.337067e-01 9.349094e-01 9.384712e-01 9.408618e-01 9.423274e-01 9.425105e-01 9.472845e-01 9.489901e-01 9.525772e-01 9.555973e-01 9.558398e-01 9.610968e-01 9.641244e-01 9.654457e-01 9.691397e-01 9.731967e-01 9.760342e-01 9.781773e-01 9.818230e-01 9.881633e-01 9.895959e-01 9.952223e-01 9.982332e-01 1.005399e+00 1.015614e+00 1.022499e+00 1.031656e+00 1.038793e+00 1.056166e+00 1.125106e+00 
40 561 2.172897e-01 1.125799e+00 9.175788e-01 9.175788e-01 9.231126e-01 9.243556e-01 9.300885e-01 9.314941e-01 9.331485e-01 9.382999e-01 9.392172e-01 9.415091e-01 9.427844e-01 9.463821e-01 9.490211e-01 9.511464e-01 9.536983e-01 9.568873e-01 9.604652e-01 9.626784e-01 9.645451e-01 9.680963e-01 9.721491e-01 9.768575e-01 9.771974e-01 9.840382e-01 9.867158e-01 9.912100e-01 9.953810e-01 9.972524e-01 1.006919e+00 1.016061e+00 1.021260e+00 1.031878e+00 1.038839e+00 1.057128e+00 1.125799e+00 
41 575 2.105922e-01 1.133067e+00 9.158252e-01 9.158252e-01 9.217810e-01 9.241478e-01 9.289203e-01 9.298036e-01 9.318647e-01 9.372509e-01 9.376302e-01 9.395849e-01 9.411255e-01 9.443715e-01 9.481061e-01 9.504695e-01 9.538758e-01 9.570481e-01 9.601175e-01 9.613521e-01 9.649255e-01 9.677907e-01 9.724832e-01 9.748260e-01 9.769534e-01 9.851230e-01 9.885585e-01 9.897171e-01 9.959984e-01 9.980009e-01 1.007896e+00 1.016158e+00 1.019845e+00 1.031340e+00 1.040489e+00 1.058903e+00 1.133067e+00 
42 589 2.031660e-01 1.133748e+00 9.147155e-01 9.147155e-01 9.209722e-01 9.225551e-01 9.281906e-01 9.292637e-01 9.297147e-01 9.348966e-01 9.360150e-01 9.386051e-01 9.400199e-01 9.424187e-01 9.469672e-01 9.488221e-01 9.521939e-01 9.556710e-01 9.581076e-01 9.615485e-01 9.641174e-01 9.662430e-01 9.714588e-01 9.735190e-01 9.749959e-01 9.854168e-01 9.871511e-01 9.910713e-01 9.943638e-01 9.974273e-01 1.006823e+00 1.014261e+00 1.019133e+00 1.033905e+00 1.038768e+00 1.057456e+00 1.133748e+00 
43 603 1.936985e-01 1.133033e+00 9.133322e-01 9.133322e-01 9.187952e-01 9.211689e-01 9.261156e-01 9.271000e-01 9.275735e-01 9.336343e-01 9.341066e-01 9.366180e-01 9.394171e-01 9.423457e-01 9.449573e-01 9.469984e-01 9.512845e-01 9.548034e-01 9.567457e-01 9.606602e-01 9.629763e-01 9.644091e-01 9.711326e-01 9.745028e-01 9.772553e-01 9.850045e-01 9.888384e-01 9.896569e-01 9.941257e-01 9.955831e-01 1.005958e+00 1.014747e+00 1.019406e+00 1.032488e+00 1.037383e+00 1.055478e+00 1.133033e+00 
44 617 1.823390e-01 1.132160e+00 9.121079e-01 9.121079e-01 9.170197e-01 9.202258e-01 9.243093e-01 9.260503e-01 9.285713e-01 9.322207e-01 9.333952e-01 9.342919e-01 9.375762e-01 9.404415e-01 9.428727e-01 9.457607e-01 9.530819e-01 9.533045e-01 9.553274e-01 9.604004e-01 9.611358e-01 9.638755e-01 9.717278e-01 9.730749e-01 9.755892e-01 9.830056e-01 9.872757e-01 9.904680e-01 9.936830e-01 9.943216e-01 1.006194e+00 1.013944e+00 1.020107e+00 1.031986e+00 1.036856e+00 1.053967e+00 1.132160e+00 
45 631 1.737229e-01 1.132189e+00 9.121885e-01 9.121885e-01 9.160817e-01 9.187694e-01 9.230940e-01 9.245441e-01 9.278991e-01 9.303555e-01 9.324766e-01 9.328932e-01 9.380600e-01 9.397475e-01 9.408018e-01 9.460293e-01 9.508386e-01 9.514369e-01 9.543910e-01 9.598297e-01 9.614576e-01 9.641326e-01 9.709722e-01 9.718891e-01 9.734049e-01 9.824979e-01 9.866897e-01 9.907655e-01 9.918734e-01 9.928408e-01 1.004793e+00 1.015388e+00 1.018522e+00 1.029861e+00 1.035442e+00 1.052500e+00 1.132189e+00 
46 645 1.677559e-01 1.131778e+00 9.104624e-01 9.104624e-01 9.147011e-01 9.177358e-01 9.215198e-01 9.228655e-01 9.269272e-01 9.298781e-01 9.307522e-01 9.315522e-01 9.360384e-01 9.386422e-01 9.396030e-01 9.444267e-01 9.491569e-01 9.500113e-01 9.533536e-01 9.585663e-01 9.599632e-01 9.640588e-01 9.696993e-01 9.713737e-01 9.751950e-01 9.808738e-01 9.872088e-01 9.893242e-01 9.916176e-01 9.930821e-01 1.002410e+00 1.015069e+00 1.017809e+00 1.028255e+00 1.035742e+00 1.052662e+00 1.131778e+00 
47 659 1.624887e-01 1.130967e+00 9.086771e-01 9.086771e-01 9.140269e-01 9.157283e-01 9.193107e-01 9.224160e-01 9.254020e-01 9.282152e-01 9.301288e-01 9.312375e-01 9.353569e-01 9.367003e-01 9.410565e-01 9.433080e-01 9.477770e-01 9.499300e-01 9.521647e-01 9.579536e-01 9.584617e-01 9.641676e-01 9.693773e-01 9.723190e-01 9.733329e-01 9.801698e-01 9.882029e-01 9.895637e-01 9.915682e-01 9.941175e-01 1.001100e+00 1.014409e+00 1.017860e+00 1.026673e+00 1.034122e+00 1.052705e+00 1.130967e+00 
48 673 1.579668e-01 1.131150e+00 9.072276e-01 9.072276e-01 9.121395e-01 9.136654e-01 9.184706e-01 9.206481e-01 9.238432e-01 9.272379e-01 9.280768e-01 9.316167e-01 9.343000e-01 9.382296e-01 9.398899e-01 9.432303e-01 9.478454e-01 9.483981e-01 9.513170e-01 9.555651e-01 9.598355e-01 9.650590e-01 9.700659e-01 9.709621e-01 9.734004e-01 9.844173e-01 9.857616e-01 9.889621e-01 9.905577e-01 9.935523e-01 1.000647e+00 1.012319e+00 1.018621e+00 1.028518e+00 1.032455e+00 1.050194e+00 1.131150e+00 
49 687 1.533900e-01 1.129746e+00 9.072292e-01 9.072292e-01 9.106441e-01 9.115330e-01 9.164555e-01 9.186428e-01 9.217336e-01 9.261203e-01 9.279127e-01 9.295654e-01 9.329138e-01 9.380109e-01 9.392135e-01 9.417773e-01 9.462609e-01 9.475861e-01 9.512191e-01 9.532599e-01 9.590596e-01 9.634069e-01 9.693607e-01 9.710868e-01 9.727301e-01 9.837987e-01 9.871054e-01 9.880100e-01 9.903077e-01 9.937426e-01 9.989930e-01 1.010395e+00 1.019875e+00 1.030142e+00 1.032430e+00 1.049101e+00 1.129746e+00 
50 701 1.484386e-01 1.128447e+00 9.059663e-01 9.059663e-01 9.093572e-01 9.096263e-01 9.150058e-01 9.175699e-01 9.201682e-01 9.240640e-01 9.264087e-01 9.285929e-01 9.312358e-01 9.372585e-01 9.385265e-01 9.406471e-01 9.458023e-01 9.474181e-01 9.522243e-01 9.549838e-01 9.574862e-01 9.618136e-01 9.672667e-01 9.712879e-01 9.716918e-01 9.827093e-01 9.853943e-01 9.871553e-01 9.917551e-01 9.946225e-01 9.981347e-01 1.015116e+00 1.019894e+00 1.030263e+00 1.034013e+00 1.047253e+00 1.128447e+00 
51 715 1.458888e-01 1.129170e+00 9.042316e-01 9.042316e-01 9.082547e-01 9.083681e-01 9.139689e-01 9.164123e-01 9.183055e-01 9.223523e-01 9.255390e-01 9.267142e-01 9.311122e-01 9.351068e-01 9.380809e-01 9.391476e-01 9.443047e-01 9.457451e-01 9.510034e-01 9.545863e-01 9.571716e-01 9.600797e-01 9.651271e-01 9.696060e-01 9.791802e-01 9.829367e-01 9.846076e-01 9.875199e-01 9.910257e-01 9.954421e-01 1.002979e+00 1.014555e+00 1.020033e+00 1.027861e+00 1.036541e+00 1.046191e+00 1.129170e+00 
52 729 1.444841e-01 1.130504e+00 9.024000e-01 9.024000e-01 9.059617e-01 9.077860e-01 9.136131e-01 9.148702e-01 9.170025e-01 9.207413e-01 9.240462e-01 9.273051e-01 9.294524e-01 9.341247e-01 9.362599e-01 9.385858e-01 9.427043e-01 9.444484e-01 9.487165e-01 9.529782e-01 9.559520e-01 9.592177e-01 9.647054e-01 9.700621e-01 9.789969e-01 9.818073e-01 9.850997e-01 9.872858e-01 9.914065e-01 9.987460e-01 1.004566e+00 1.012970e+00 1.020773e+00 1.026229e+00 1.041927e+00 1.047244e+00 1.130504e+00 
53 743 1.444795e-01 1.139409e+00 9.010006e-01 9.010006e-01 9.041677e-01 9.061162e-01 9.124550e-01 9.131967e-01 9.152398e-01 9.193058e-01 9.226259e-01 9.258818e-01 9.279428e-01 9.320281e-01 9.346744e-01 9.374410e-01 9.412925e-01 9.445871e-01 9.479455e-01 9.513775e-01 9.550950e-01 9.572590e-01 9.646949e-01 9.692302e-01 9.779120e-01 9.805421e-01 9.832858e-01 9.858997e-01 9.934933e-01 9.971419e-01 1.004369e+00 1.012168e+00 1.019902e+00 1.025063e+00 1.045036e+00 1.052328e+00 1.139409e+00 
54 757 2.028474e-01 1.147685e+00 8.996283e-01 8.996283e-01 9.040026e-01 9.050869e-01 9.112258e-01 9.129659e-01 9.141580e-01 9.176703e-01 9.212740e-01 9.241130e-01 9.271503e-01 9.315684e-01 9.329689e-01 9.360395e-01 9.390362e-01 9.436329e-01 9.473094e-01 9.508624e-01 9.550574e-01 9.586380e-01 9.664171e-01 9.691324e-01 9.764149e-01 9.786148e-01 9.817463e-01 9.851140e-01 9.932169e-01 9.986185e-01 1.005331e+00 1.010271e+00 1.018981e+00 1.025073e+00 1.044422e+00 1.056551e+00 1.147685e+00 
55 771 2.037211e-01 1.159458e+00 8.994480e-01 8.994480e-01 9.023312e-01 9.037143e-01 9.091982e-01 9.112683e-01 9.122927e-01 9.166126e-01 9.211218e-01 9.231189e-01 9.250109e-01 9.307063e-01 9.330171e-01 9.344894e-01 9.374486e-01 9.419021e-01 9.462655e-01 9.500377e-01 9.558789e-01 9.583432e-01 9.660190e-01 9.674500e-01 9.757327e-01 9.767474e-01 9.806375e-01 9.839934e-01 9.953672e-01 9.993303e-01 1.005388e+00 1.009944e+00 1.017251e+00 1.024126e+00 1.043360e+00 1.061481e+00 1.159458e+00 
56 785 2.023848e-01 1.172104e+00 8.980062e-01 8.980062e-01 9.003877e-01 9.029299e-01 9.076116e-01 9.100632e-01 9.101640e-01 9.148868e-01 9.190939e-01 9.213456e-01 9.238398e-01 9.298249e-01 9.315567e-01 9.357476e-01 9.375134e-01 9.404842e-01 9.467538e-01 9.497452e-01 9.546016e-01 9.590639e-01 9.641916e-01 9.673410e-01 9.737798e-01 9.769583e-01 9.801850e-01 9.870015e-01 9.953127e-01 9.984370e-01 1.005790e+00 1.008890e+00 1.015669e+00 1.024343e+00 1.044381e+00 1.061827e+00 1.172104e+00 
57 799 1.988928e-01 1.177415e+00 8.978398e-01 8.978398e-01 8.982582e-01 9.010703e-01 9.068273e-01 9.096610e-01 9.105650e-01 9.131262e-01 9.176620e-01 9.202125e-01 9.219667e-01 9.287806e-01 9.303287e-01 9.349499e-01 9.381052e-01 9.426220e-01 9.459372e-01 9.490945e-01 9.528578e-01 9.583781e-01 9.630044e-01 9.656548e-01 9.735927e-01 9.752332e-01 9.795884e-01 9.855988e-01 9.944605e-01 9.969902e-01 1.004160e+00 1.008272e+00 1.013953e+00 1.023618e+00 1.044730e+00 1.065011e+00 1.177415e+00 
58 813 1.981764e-01 1.184761e+00 8.959158e-01 8.959158e-01 8.975595e-01 9.012650e-01 9.057906e-01 9.080544e-01 9.092904e-01 9.123078e-01 9.154665e-01 9.181895e-01 9.236761e-01 9.290119e-01 9.307861e-01 9.332434e-01 9.366944e-01 9.411367e-01 9.441765e-01 9.476810e-01 9.524317e-01 9.578906e-01 9.631395e-01 9.675228e-01 9.731289e-01 9.740549e-01 9.774925e-01 9.864877e-01 9.926893e-01 9.953953e-01 1.005042e+00 1.008111e+00 1.015000e+00 1.023400e+00 1.044509e+00 1.071724e+00 1.184761e+00 
59 827 1.953179e-01 1.189964e+00 8.945867e-01 8.945867e-01 8.975310e-01 9.004358e-01 9.041862e-01 9.067203e-01 9.080502e-01 9.107989e-01 9.141486e-01 9.166313e-01 9.235122e-01 9.284573e-01 9.304732e-01 9.315024e-01 9.374825e-01 9.393654e-01 9.457117e-01 9.463521e-01 9.515711e-01 9.569123e-01 9.612204e-01 9.660645e-01 9.714402e-01 9.725915e-01 9.768139e-01 9.851035e-01 9.912043e-01 9.940950e-01 1.004619e+00 1.008072e+00 1.015316e+00 1.022493e+00 1.047595e+00 1.073289e+00 1.189964e+00 
60 841 1.920603e-01 1.192558e+00 8.937623e-01 8.937623e-01 8.954495e-01 8.986291e-01 9.038003e-01 9.062311e-01 9.068093e-01 9.090041e-01 9.132801e-01 9.151325e-01 9.224434e-01 9.274519e-01 9.287397e-01 9.317387e-01 9.351843e-01 9.437544e-01 9.450182e-01 9.473437e-01 9.512875e-01 9.569493e-01 9.612874e-01 9.653780e-01 9.702034e-01 9.729980e-01 9.761791e-01 9.839892e-01 9.910176e-01 9.929029e-01 1.002890e+00 1.005983e+00 1.016262e+00 1.023853e+00 1.048114e+00 1.077137e+00 1.192558e+00 
61 855 1.874307e-01 1.193292e+00 8.923493e-01 8.923493e-01 8.938142e-01 8.978031e-01 9.031725e-01 9.041009e-01 9.070755e-01 9.098516e-01 9.115042e-01 9.150738e-01 9.213567e-01 9.267757e-01 9.297851e-01 9.319294e-01 9.341453e-01 9.429170e-01 9.455526e-01 9.470957e-01 9.509822e-01 9.555643e-01 9.597784e-01 9.660579e-01 9.692069e-01 9.726691e-01 9.774467e-01 9.829194e-01 9.893756e-01 9.954838e-01 1.001552e+00 1.003842e+00 1.016009e+00 1.024688e+00 1.047144e+00 1.079073e+00 1.193292e+00 
62 869 1.852035e-01 1.196024e+00 8.911413e-01 8.911413e-01 8.920188e-01 8.961724e-01 9.023977e-01 9.033836e-01 9.054614e-01 9.082581e-01 9.117397e-01 9.133101e-01 9.210657e-01 9.248873e-01 9.290196e-01 9.318298e-01 9.347332e-01 9.414460e-01 9.433394e-01 9.471298e-01 9.539077e-01 9.564602e-01 9.585945e-01 9.647871e-01 9.688875e-01 9.712236e-01 9.770262e-01 9.832417e-01 9.900863e-01 9.933123e-01 9.995073e-01 1.004360e+00 1.014899e+00 1.028710e+00 1.050448e+00 1.079042e+00 1.196024e+00 
63 883 1.835857e-01 1.199263e+00 8.896812e-01 8.896812e-01 8.912219e-01 8.957673e-01 9.006696e-01 9.020283e-01 9.060781e-01 9.071235e-01 9.099494e-01 9.132109e-01 9.212945e-01 9.229449e-01 9.275708e-01 9.316599e-01 9.362276e-01 9.417740e-01 9.426642e-01 9.470782e-01 9.527283e-01 9.548580e-01 9.570260e-01 9.657677e-01 9.690028e-01 9.703466e-01 9.763192e-01 9.833847e-01 9.903091e-01 9.925150e-01 1.002641e+00 1.004870e+00 1.015929e+00 1.031232e+00 1.049011e+00 1.079698e+00 1.199263e+00 
64 897 1.807456e-01 1.201850e+00 8.878078e-01 8.878078e-01 8.893601e-01 8.947562e-01 8.987158e-01 9.025983e-01 9.053914e-01 9.071258e-01 9.079626e-01 9.123502e-01 9.197467e-01 9.212574e-01 9.259237e-01 9.313727e-01 9.350523e-01 9.396205e-01 9.415720e-01 9.458762e-01 9.507134e-01 9.530262e-01 9.563732e-01 9.657055e-01 9.684550e-01 9.709681e-01 9.763381e-01 9.822877e-01 9.891538e-01 9.931794e-01 1.001317e+00 1.008701e+00 1.016706e+00 1.032483e+00 1.048045e+00 1.080673e+00 1.201850e+00 
65 911 1.773462e-01 1.202214e+00 8.864375e-01 8.864375e-01 8.875159e-01 8.935412e-01 8.973809e-01 9.010294e-01 9.037204e-01 9.061320e-01 9.072692e-01 9.127358e-01 9.189315e-01 9.214785e-01 9.246622e-01 9.305677e-01 9.339830e-01 9.378573e-01 9.407360e-01 9.446330e-01 9.508259e-01 9.509357e-01 9.553652e-01 9.656060e-01 9.696393e-01 9.698818e-01 9.779936e-01 9.829007e-01 9.882691e-01 9.936750e-01 9.999232e-01 1.011473e+00 1.016901e+00 1.034436e+00 1.048765e+00 1.079439e+00 1.202214e+00 
66 925 1.724469e-01 1.200034e+00 8.850139e-01 8.850139e-01 8.870887e-01 8.912765e-01 8.963788e-01 9.002677e-01 9.029197e-01 9.050835e-01 9.052356e-01 9.122807e-01 9.172417e-01 9.198892e-01 9.232939e-01 9.288548e-01 9.349981e-01 9.370097e-01 9.425725e-01 9.442568e-01 9.487118e-01 9.500473e-01 9.541338e-01 9.637150e-01 9.679801e-01 9.705567e-01 9.770148e-01 9.810060e-01 9.864564e-01 9.933040e-01 1.000222e+00 1.011608e+00 1.017715e+00 1.037341e+00 1.049408e+00 1.076993e+00 1.200034e+00 
67 939 1.668124e-01 1.197853e+00 8.839736e-01 8.839736e-01 8.852888e-01 8.901438e-01 8.952038e-01 8.988913e-01 9.021109e-01 9.038223e-01 9.042033e-01 9.111408e-01 9.159176e-01 9.192083e-01 9.210148e-01 9.270997e-01 9.340246e-01 9.357341e-01 9.406394e-01 9.459833e-01 9.480418e-01 9.491495e-01 9.565944e-01 9.626304e-01 9.678873e-01 9.695436e-01 9.761592e-01 9.800733e-01 9.842550e-01 9.927723e-01 9.990669e-01 1.009786e+00 1.019281e+00 1.039276e+00 1.048467e+00 1.075567e+00 1.197853e+00 
68 953 1.621088e-01 1.196495e+00 8.826449e-01 8.826449e-01 8.839184e-01 8.901241e-01 8.938580e-01 8.973939e-01 9.007981e-01 9.026841e-01 9.037376e-01 9.091378e-01 9.146692e-01 9.179418e-01 9.197378e-01 9.253783e-01 9.329104e-01 9.362493e-01 9.395750e-01 9.448267e-01 9.477573e-01 9.488006e-01 9.558365e-01 9.612894e-01 9.661554e-01 9.680101e-01 9.749160e-01 9.786216e-01 9.849499e-01 9.922313e-01 9.993070e-01 1.011217e+00 1.020978e+00 1.043024e+00 1.046974e+00 1.073565e+00 1.196495e+00 
69 967 1.570300e-01 1.194046e+00 8.818398e-01 8.818398e-01 8.835932e-01 8.882268e-01 8.927688e-01 8.960761e-01 9.001960e-01 9.009998e-01 9.030079e-01 9.097347e-01 9.136471e-01 9.180565e-01 9.185083e-01 9.241932e-01 9.319014e-01 9.349811e-01 9.392095e-01 9.437795e-01 9.474179e-01 9.492874e-01 9.545109e-01 9.606788e-01 9.637980e-01 9.676049e-01 9.749223e-01 9.775174e-01 9.837775e-01 9.942986e-01 9.987668e-01 1.010825e+00 1.020627e+00 1.044036e+00 1.050797e+00 1.071638e+00 1.194046e+00 
70 981 1.547005e-01 1.192008e+00 8.795787e-01 8.795787e-01 8.828025e-01 8.879686e-01 8.921519e-01 8.940547e-01 8.987568e-01 9.000572e-01 9.017237e-01 9.113370e-01 9.136470e-01 9.165952e-01 9.205493e-01 9.240052e-01 9.301929e-01 9.335344e-01 9.383091e-01 9.427805e-01 9.462409e-01 9.479477e-01 9.548569e-01 9.586169e-01 9.628338e-01 9.674037e-01 9.752736e-01 9.788039e-01 9.832971e-01 9.926839e-01 9.994974e-01 1.008708e+00 1.023510e+00 1.042687e+00 1.057627e+00 1.070088e+00 1.192008e+00 
71 995 1.505349e-01 1.189486e+00 8.785526e-01 8.785526e-01 8.826120e-01 8.860062e-01 8.913300e-01 8.926000e-01 8.977420e-01 8.980080e-01 9.020213e-01 9.094361e-01 9.130465e-01 9.167554e-01 9.198871e-01 9.240125e-01 9.283342e-01 9.335304e-01 9.382213e-01 9.428813e-01 9.446548e-01 9.460015e-01 9.557736e-01 9.577084e-01 9.635120e-01 9.663673e-01 9.735536e-01 9.784048e-01 9.844196e-01 9.911351e-01 9.979454e-01 1.009704e+00 1.023201e+00 1.041270e+00 1.060632e+00 1.070281e+00 1.189486e+00 
72 1009 1.444880e-01 1.187776e+00 8.764258e-01 8.764258e-01 8.810800e-01 8.852836e-01 8.895591e-01 8.906635e-01 8.957633e-01 8.977069e-01 9.009272e-01 9.074841e-01 9.127213e-01 9.159165e-01 9.189369e-01 9.228969e-01 9.274353e-01 9.319809e-01 9.381725e-01 9.411471e-01 9.435257e-01 9.473700e-01 9.542884e-01 9.557561e-01 9.626306e-01 9.645038e-01 9.719194e-01 9.785017e-01 9.866995e-01 9.900743e-01 9.975282e-01 1.009371e+00 1.024157e+00 1.041205e+00 1.061183e+00 1.070503e+00 1.187776e+00 
73 1023 1.951567e-01 1.185974e+00 8.753090e-01 8.753090e-01 8.808925e-01 8.843120e-01 8.876723e-01 8.886897e-01 8.955620e-01 8.967867e-01 8.986490e-01 9.064589e-01 9.110536e-01 9.139962e-01 9.176689e-01 9.217091e-01 9.267593e-01 9.313693e-01 9.362077e-01 9.396240e-01 9.412346e-01 9.458966e-01 9.537293e-01 9.547592e-01 9.605350e-01 9.660089e-01 9.703226e-01 9.787197e-01 9.849969e-01 9.926549e-01 9.954055e-01 1.007877e+00 1.027760e+00 1.039458e+00 1.062947e+00 1.071354e+00 1.185974e+00 
74 1037 1.903948e-01 1.184870e+00 8.742576e-01 8.742576e-01 8.791906e-01 8.825542e-01 8.869394e-01 8.873354e-01 8.944679e-01 8.952534e-01 8.982485e-01 9.054595e-01 9.115075e-01 9.158042e-01 9.192954e-01 9.200486e-01 9.262230e-01 9.293697e-01 9.352751e-01 9.392313e-01 9.417589e-01 9.444237e-01 9.518294e-01 9.544495e-01 9.595069e-01 9.642800e-01 9.707646e-01 9.779770e-01 9.828989e-01 9.911031e-01 9.941106e-01 1.007056e+00 1.030535e+00 1.037789e+00 1.066005e+00 1.071393e+00 1.184870e+00 
75 1051 1.877738e-01 1.183090e+00 8.726747e-01 8.726747e-01 8.772928e-01 8.818017e-01 8.853436e-01 8.863749e-01 8.938748e-01 8.944105e-01 8.975740e-01 9.040370e-01 9.104581e-01 9.147097e-01 9.183548e-01 9.211652e-01 9.261832e-01 9.307316e-01 9.336241e-01 9.374504e-01 9.411828e-01 9.452071e-01 9.507226e-01 9.543594e-01 9.574041e-01 9.625432e-01 9.691655e-01 9.777840e-01 9.820167e-01 9.912323e-01 9.932197e-01 1.007983e+00 1.031315e+00 1.037262e+00 1.064243e+00 1.077875e+00 1.183090e+00 
76 1065 1.825798e-01 1.184936e+00 8.709281e-01 8.709281e-01 8.762099e-01 8.816148e-01 8.835371e-01 8.872832e-01 8.917895e-01 8.937173e-01 8.970594e-01 9.016855e-01 9.089098e-01 9.129077e-01 9.171671e-01 9.220158e-01 9.270037e-01 9.301917e-01 9.333928e-01 9.369746e-01 9.421631e-01 9.435864e-01 9.492184e-01 9.529975e-01 9.577451e-01 9.634231e-01 9.691580e-01 9.765163e-01 9.825139e-01 9.899314e-01 9.912722e-01 1.006399e+00 1.029809e+00 1.037362e+00 1.067967e+00 1.080481e+00 1.184936e+00 
77 1079 1.791515e-01 1.182967e+00 8.714933e-01 8.714933e-01 8.755949e-01 8.814041e-01 8.835552e-01 8.861471e-01 8.909481e-01 8.921704e-01 8.977173e-01 9.027587e-01 9.068166e-01 9.117958e-01 9.155111e-01 9.211217e-01 9.249207e-01 9.291583e-01 9.319202e-01 9.365092e-01 9.430690e-01 9.435229e-01 9.482315e-01 9.532873e-01 9.593197e-01 9.625700e-01 9.694365e-01 9.770509e-01 9.835897e-01 9.893170e-01 9.916471e-01 1.005864e+00 1.030623e+00 1.037906e+00 1.065930e+00 1.085023e+00 1.182967e+00 
78 1093 1.740920e-01 1.181711e+00 8.714673e-01 8.714673e-01 8.742309e-01 8.793062e-01 8.820131e-01 8.850087e-01 8.895784e-01 8.934177e-01 8.962338e-01 9.035381e-01 9.065785e-01 9.123332e-01 9.149079e-01 9.202836e-01 9.236204e-01 9.283865e-01 9.308945e-01 9.343302e-01 9.410534e-01 9.419714e-01 9.487893e-01 9.521935e-01 9.584721e-01 9.624351e-01 9.695129e-01 9.758472e-01 9.833969e-01 9.878043e-01 9.906968e-01 1.006078e+00 1.031002e+00 1.037277e+00 1.063964e+00 1.088593e+00 1.181711e+00 
79 1107 1.693235e-01 1.183215e+00 8.702575e-01 8.702575e-01 8.724628e-01 8.786191e-01 8.814256e-01 8.831964e-01 8.912033e-01 8.938558e-01 8.950399e-01 9.026604e-01 9.046394e-01 9.111835e-01 9.160187e-01 9.195496e-01 9.232452e-01 9.276984e-01 9.293138e-01 9.332936e-01 9.417583e-01 9.424897e-01 9.472715e-01 9.510789e-01 9.587320e-01 9.631483e-01 9.691135e-01 9.760001e-01 9.819354e-01 9.882645e-01 9.893556e-01 1.005182e+00 1.030387e+00 1.035241e+00 1.063970e+00 1.087323e+00 1.183215e+00 
80 1121 2.336901e-01 1.181281e+00 8.693018e-01 8.693018e-01 8.725078e-01 8.776332e-01 8.806792e-01 8.814520e-01 8.898112e-01 8.938608e-01 8.950149e-01 9.016792e-01 9.049798e-01 9.112494e-01 9.150978e-01 9.178003e-01 9.250920e-01 9.273017e-01 9.304170e-01 9.313778e-01 9.399605e-01 9.419776e-01 9.456989e-01 9.500173e-01 9.585706e-01 9.619133e-01 9.742134e-01 9.770223e-01 9.806861e-01 9.880929e-01 9.931991e-01 1.013207e+00 1.029726e+00 1.036040e+00 1.062463e+00 1.085886e+00 1.181281e+00 
81 1135 2.281604e-01 1.180148e+00 8.678555e-01 8.678555e-01 8.713151e-01 8.758891e-01 8.793512e-01 8.811272e-01 8.902176e-01 8.924373e-01 8.942000e-01 9.009033e-01 9.053734e-01 9.105660e-01 9.129422e-01 9.175203e-01 9.235617e-01 9.253523e-01 9.287416e-01 9.319880e-01 9.377827e-01 9.410528e-01 9.444274e-01 9.482162e-01 9.579796e-01 9.611951e-01 9.740217e-01 9.766856e-01 9.820385e-01 9.873551e-01 9.933701e-01 1.015323e+00 1.029677e+00 1.035277e+00 1.061846e+00 1.083656e+00 1.180148e+00 
82 1149 2.193265e-01 1.179226e+00 8.658151e-01 8.658151e-01 8.696636e-01 8.743458e-01 8.781516e-01 8.795484e-01 8.884489e-01 8.910253e-01 8.934437e-01 8.992448e-01 9.034234e-01 9.094081e-01 9.119845e-01 9.170458e-01 9.211872e-01 9.236169e-01 9.284237e-01 9.315779e-01 9.379512e-01 9.420433e-01 9.445306e-01 9.460735e-01 9.556740e-01 9.591395e-01 9.733163e-01 9.765084e-01 9.819000e-01 9.880684e-01 9.920436e-01 1.017908e+00 1.031214e+00 1.036169e+00 1.060210e+00 1.081497e+00 1.179226e+00 
83 1163 2.136206e-01 1.176934e+00 8.644971e-01 8.644971e-01 8.682245e-01 8.734857e-01 8.768306e-01 8.784483e-01 8.891082e-01 8.903316e-01 8.930285e-01 8.980334e-01 9.026925e-01 9.088660e-01 9.113171e-01 9.166066e-01 9.204518e-01 9.226043e-01 9.261886e-01 9.314520e-01 9.363540e-01 9.418731e-01 9.444236e-01 9.472335e-01 9.536707e-01 9.636670e-01 9.728515e-01 9.752829e-01 9.804124e-01 9.882276e-01 9.909107e-01 1.017404e+00 1.031475e+00 1.037815e+00 1.059671e+00 1.081266e+00 1.176934e+00 
84 1177 2.056757e-01 1.175207e+00 8.638529e-01 8.638529e-01 8.666310e-01 8.717338e-01 8.751724e-01 8.774386e-01 8.876863e-01 8.900631e-01 8.931472e-01 8.983989e-01 9.018600e-01 9.074478e-01 9.099633e-01 9.154191e-01 9.191907e-01 9.214303e-01 9.255549e-01 9.303054e-01 9.366978e-01 9.414620e-01 9.429004e-01 9.474002e-01 9.517146e-01 9.647370e-01 9.714254e-01 9.776122e-01 9.790965e-01 9.866766e-01 9.936379e-01 1.016550e+00 1.034127e+00 1.038840e+00 1.057661e+00 1.078742e+00 1.175207e+00 
85 1191 1.989843e-01 1.173104e+00 8.622289e-01 8.622289e-01 8.657454e-01 8.695109e-01 8.738904e-01 8.774690e-01 8.864716e-01 8.892507e-01 8.915399e-01 8.973926e-01 9.008049e-01 9.062777e-01 9.096374e-01 9.147320e-01 9.186519e-01 9.219424e-01 9.236889e-01 9.292196e-01 9.351212e-01 9.405351e-01 9.419390e-01 9.468411e-01 9.493566e-01 9.641650e-01 9.692838e-01 9.760070e-01 9.788981e-01 9.857257e-01 9.924305e-01 1.017218e+00 1.032913e+00 1.040725e+00 1.056829e+00 1.080171e+00 1.173104e+00 
86 1205 1.907470e-01 1.172237e+00 8.608607e-01 8.608607e-01 8.637367e-01 8.677826e-01 8.723838e-01 8.774352e-01 8.846059e-01 8.885158e-01 8.898858e-01 8.960144e-01 8.999136e-01 9.053313e-01 9.079928e-01 9.138867e-01 9.168259e-01 9.199064e-01 9.243498e-01 9.272053e-01 9.328346e-01 9.395989e-01 9.400344e-01 9.454112e-01 9.477164e-01 9.648299e-01 9.680618e-01 9.758959e-01 9.797647e-01 9.845626e-01 9.903990e-01 1.015573e+00 1.030659e+00 1.040894e+00 1.054617e+00 1.080132e+00 1.172237e+00 
87 1219 1.829964e-01 1.170897e+00 8.603392e-01 8.603392e-01 8.622553e-01 8.685449e-01 8.705796e-01 8.768305e-01 8.831033e-01 8.866977e-01 8.880503e-01 8.943973e-01 9.003267e-01 9.041998e-01 9.067710e-01 9.147513e-01 9.184434e-01 9.204949e-01 9.230256e-01 9.272999e-01 9.344506e-01 9.378456e-01 9.401612e-01 9.454368e-01 9.478042e-01 9.651136e-01 9.666866e-01 9.760109e-01 9.825716e-01 9.839335e-01 9.918000e-01 1.013727e+00 1.028249e+00 1.040504e+00 1.054945e+00 1.078866e+00 1.170897e+00 
88 1233 1.755697e-01 1.168603e+00 8.584759e-01 8.584759e-01 8.622673e-01 8.671777e-01 8.692080e-01 8.750740e-01 8.831755e-01 8.850296e-01 8.865156e-01 8.929975e-01 9.007681e-01 9.026433e-01 9.067370e-01 9.134163e-01 9.170538e-01 9.208812e-01 9.229277e-01 9.282842e-01 9.327434e-01 9.384688e-01 9.436028e-01 9.444000e-01 9.463454e-01 9.650288e-01 9.657544e-01 9.767030e-01 9.815329e-01 9.842413e-01 9.913588e-01 1.012616e+00 1.027532e+00 1.039184e+00 1.053086e+00 1.081073e+00 1.168603e+00 
89 1247 1.695605e-01 1.167066e+00 8.569370e-01 8.569370e-01 8.622264e-01 8.667539e-01 8.679004e-01 8.736208e-01 8.822636e-01 8.834601e-01 8.893387e-01 8.935993e-01 8.994087e-01 9.010568e-01 9.050446e-01 9.121948e-01 9.148843e-01 9.209062e-01 9.227653e-01 9.284593e-01 9.342477e-01 9.365344e-01 9.423719e-01 9.449083e-01 9.482781e-01 9.631523e-01 9.661181e-01 9.743430e-01 9.793191e-01 9.828978e-01 9.909517e-01 1.010882e+00 1.026335e+00 1.040413e+00 1.052283e+00 1.079642e+00 1.167066e+00 
90 1261 2.297735e-01 1.167297e+00 8.560345e-01 8.560345e-01 8.601848e-01 8.659150e-01 8.679856e-01 8.736854e-01 8.810672e-01 8.825584e-01 8.884285e-01 8.916769e-01 8.986453e-01 9.015730e-01 9.035477e-01 9.125766e-01 9.136938e-01 9.186049e-01 9.228166e-01 9.280294e-01 9.330356e-01 9.342654e-01 9.406615e-01 9.465872e-01 9.518800e-01 9.624698e-01 9.657322e-01 9.758234e-01 9.797929e-01 9.832423e-01 9.917112e-01 1.009213e+00 1.026248e+00 1.038209e+00 1.050504e+00 1.077935e+00 1.167297e+00 
