%  columns="iteration, evaluation, sigma, axis ratio, bestever, best, median, worst fitness function value, further objective values of best" (startseed=213256, 2023/08/29 5:17:50.57)
1 15 2.819343e-01 1.032086e+00  1.000000000000000000e+05  1.000000000000000000e+05  1.000000000000000000e+11  1.000000000000000000e+18
2 29 2.706666e-01 1.038893e+00  1.000000000000000000e+05  1.000000000000000000e+05  1.000000000000000000e+11  1.000000000000000000e+15
3 43 2.608723e-01 1.047381e+00  1.000000000000000000e+05  1.000000000000000000e+05  1.000000000000000000e+11  1.000000000000000000e+15
4 57 2.469582e-01 1.055396e+00  1.000000000000000000e+05  1.000000000000000000e+11  1.000000000000000000e+11  1.000000000000000000e+13
5 71 2.373821e-01 1.060236e+00  1.000000000000000000e+05  1.000000000000000000e+05  1.000000000000000000e+11  1.000000000000000000e+11
6 85 2.299923e-01 1.066346e+00  1.000000000000000000e+05  1.000000000000000000e+11  1.000000000000000000e+11  1.000000000000000000e+11
7 99 2.235095e-01 1.072899e+00  1.000000000000000000e+05  1.000000000000000000e+11  1.000000000000000000e+11  1.000000000000000000e+13
8 113 2.150979e-01 1.078334e+00  1.000000000000000000e+05  1.000000000000000000e+11  1.000000000000000000e+11  1.000000000000000000e+11
9 127 2.066064e-01 1.084007e+00  1.000000000000000000e+05  1.000000000000000000e+11  1.000000000000000000e+11  1.000000000000000000e+11
10 141 1.986057e-01 1.088397e+00  1.000000000000000000e+05  1.000000000000000000e+05  1.000000000000000000e+11  1.000000000000000000e+15
11 155 1.945193e-01 1.093233e+00  1.000000000000000000e+05  1.000000000000000000e+11  1.000000000000000000e+11  1.000000000000000000e+13
12 169 1.876552e-01 1.094791e+00  1.000000000000000000e+05  1.000000000000000000e+11  1.000000000000000000e+11  1.000000000000000000e+13
13 183 1.805275e-01 1.098941e+00  1.000000000000000000e+05  1.000000000000000000e+11  1.000000000000000000e+11  1.000000000000000000e+18
14 197 1.733261e-01 1.102972e+00  1.000000000000000000e+05  1.000000000000000000e+11  1.000000000000000000e+11  1.000000000000000000e+13
15 211 1.678448e-01 1.106927e+00  1.000000000000000000e+05  1.000000000000000000e+11  1.000000000000000000e+11  1.000000000000000000e+13
16 225 1.632864e-01 1.110425e+00  1.000000000000000000e+05  1.000000000000000000e+11  1.000000000000000000e+11  1.000000000000000000e+13
17 239 1.598361e-01 1.115959e+00  1.000000000000000000e+05  1.000000000000000000e+11  1.000000000000000000e+11  1.000000000000000000e+15
18 253 1.561652e-01 1.122925e+00  1.000000000000000000e+05  1.000000000000000000e+11  1.000000000000000000e+11  1.000000000000000000e+15
19 267 1.506463e-01 1.130628e+00  1.000000000000000000e+05  1.000000000000000000e+11  1.000000000000000000e+11  1.000000000000000000e+13
20 281 1.471472e-01 1.136967e+00  1.000000000000000000e+05  1.000000000000000000e+11  1.000000000000000000e+11  1.000000000000000000e+18
21 295 1.447679e-01 1.142961e+00  1.000000000000000000e+05  1.000000000000000000e+11  1.000000000000000000e+11  1.000000000000000000e+11
22 309 1.437140e-01 1.148324e+00  1.000000000000000000e+05  1.000000000000000000e+05  1.000000000000000000e+11  1.000000000000000000e+18
23 323 1.392920e-01 1.151581e+00  1.000000000000000000e+05  1.000000000000000000e+11  1.000000000000000000e+11  1.000000000000000000e+15
24 337 1.361744e-01 1.153991e+00  1.000000000000000000e+05  1.000000000000000000e+11  1.000000000000000000e+11  1.000000000000000000e+13
25 351 1.327908e-01 1.156186e+00  1.000000000000000000e+05  1.000000000000000000e+11  1.000000000000000000e+11  1.000000000000000000e+11
26 365 1.290810e-01 1.158626e+00  1.000000000000000000e+05  1.000000000000000000e+11  1.000000000000000000e+11  1.000000000000000000e+15
27 379 1.714882e-01 1.162536e+00  1.000000000000000000e+05  1.000000000000000000e+11  1.000000000000000000e+11  1.000000000000000000e+11
28 393 1.669325e-01 1.162716e+00  1.000000000000000000e+05  1.000000000000000000e+11  1.000000000000000000e+11  1.000000000000000000e+13
29 407 1.627645e-01 1.168664e+00  1.000000000000000000e+05  1.000000000000000000e+11  1.000000000000000000e+11  1.000000000000000000e+11
30 421 1.590902e-01 1.181175e+00  1.000000000000000000e+05  1.000000000000000000e+05  1.000000000000000000e+11  1.000000000000000000e+13
31 435 1.567088e-01 1.188571e+00  1.000000000000000000e+05  1.000000000000000000e+05  1.000000000000000000e+11  1.000000000000000000e+15
32 449 1.548496e-01 1.200271e+00  1.000000000000000000e+05  1.000000000000000000e+05  1.000000000000000000e+11  1.000000000000000000e+15
33 463 1.535606e-01 1.208591e+00  1.000000000000000000e+05  1.000000000000000000e+05  1.000000000000000000e+11  1.000000000000000000e+11
34 477 2.114643e-01 1.215239e+00  1.000000000000000000e+05  1.000000000000000000e+05  1.000000000000000000e+05  1.000000000000000000e+11
35 491 2.124215e-01 1.225247e+00  1.000000000000000000e+05  1.000000000000000000e+05  1.000000000000000000e+05  1.000000000000000000e+11
36 505 2.131965e-01 1.233458e+00  1.000000000000000000e+05  1.000000000000000000e+05  1.000000000000000000e+05  1.000000000000000000e+13
37 519 2.121479e-01 1.244288e+00  1.000000000000000000e+05  1.000000000000000000e+05  1.000000000000000000e+05  1.000000000000000000e+11
38 533 2.108516e-01 1.254246e+00  1.000000000000000000e+05  1.000000000000000000e+05  1.000000000000000000e+05  1.000000000000000000e+13
39 547 2.102702e-01 1.263679e+00  1.000000000000000000e+05  1.000000000000000000e+05  1.000000000000000000e+05  1.000000000000000000e+11
40 561 2.048416e-01 1.268823e+00  1.000000000000000000e+05  1.000000000000000000e+05  1.000000000000000000e+05  1.000000000000000000e+11
41 575 1.970829e-01 1.274859e+00  1.000000000000000000e+05  1.000000000000000000e+05  1.000000000000000000e+05  1.000000000000000000e+11
42 589 1.920756e-01 1.277448e+00  1.000000000000000000e+05  1.000000000000000000e+05  1.000000000000000000e+05  1.000000000000000000e+11
43 603 1.882911e-01 1.277489e+00  1.000000000000000000e+05  1.000000000000000000e+05  1.000000000000000000e+05  1.000000000000000000e+11
44 617 1.842096e-01 1.280881e+00  1.000000000000000000e+05  1.000000000000000000e+05  1.000000000000000000e+11  1.000000000000000000e+11
45 631 1.820665e-01 1.283864e+00  1.000000000000000000e+05  1.000000000000000000e+05  1.000000000000000000e+05  1.000000000000000000e+11
46 645 1.753169e-01 1.286217e+00  1.000000000000000000e+05  1.000000000000000000e+05  1.000000000000000000e+05  1.000000000000000000e+05
47 659 1.717487e-01 1.289559e+00  1.000000000000000000e+05  1.000000000000000000e+05  1.000000000000000000e+05  1.000000000000000000e+05
48 673 1.671264e-01 1.291708e+00  1.000000000000000000e+05  1.000000000000000000e+05  1.000000000000000000e+05  1.000000000000000000e+05
49 687 1.619246e-01 1.297351e+00  1.000000000000000000e+05  1.000000000000000000e+05  1.000000000000000000e+05  1.000000000000000000e+11
50 701 1.576599e-01 1.300624e+00  1.000000000000000000e+05  1.000000000000000000e+05  1.000000000000000000e+05  1.000000000000000000e+05
51 715 1.551587e-01 1.300654e+00  1.000000000000000000e+05  1.000000000000000000e+05  1.000000000000000000e+05  1.000000000000000000e+05
52 729 1.516165e-01 1.303861e+00  1.000000000000000000e+05  1.000000000000000000e+05  1.000000000000000000e+05  1.000000000000000000e+05
53 743 1.476111e-01 1.306767e+00  1.000000000000000000e+05  1.000000000000000000e+05  1.000000000000000000e+05  1.000000000000000000e+05
54 757 1.430762e-01 1.310261e+00  1.000000000000000000e+05  1.000000000000000000e+05  1.000000000000000000e+05  1.000000000000000000e+05
55 771 1.388564e-01 1.316930e+00  1.000000000000000000e+05  1.000000000000000000e+05  1.000000000000000000e+05  1.000000000000000000e+05
56 785 1.359702e-01 1.319303e+00  1.000000000000000000e+05  1.000000000000000000e+05  1.000000000000000000e+05  1.000000000000000000e+05
57 799 1.314438e-01 1.319889e+00  1.000000000000000000e+05  1.000000000000000000e+05  1.000000000000000000e+05  1.000000000000000000e+05
58 813 1.274398e-01 1.320054e+00  1.000000000000000000e+05  1.000000000000000000e+05  1.000000000000000000e+05  1.000000000000000000e+05
59 827 1.744670e-01 1.320051e+00  1.000000000000000000e+05  1.000000000000000000e+05  1.000000000000000000e+05  1.000000000000000000e+05
60 841 1.733760e-01 1.322847e+00  1.000000000000000000e+05  1.000000000000000000e+05  1.000000000000000000e+05  1.000000000000000000e+05
61 855 1.702022e-01 1.321929e+00  1.000000000000000000e+05  1.000000000000000000e+05  1.000000000000000000e+05  1.000000000000000000e+05
62 869 1.676854e-01 1.320796e+00  1.000000000000000000e+05  1.000000000000000000e+05  1.000000000000000000e+05  1.000000000000000000e+11
63 883 1.642279e-01 1.321275e+00  1.000000000000000000e+05  1.000000000000000000e+05  1.000000000000000000e+05  1.000000000000000000e+05
64 897 1.603724e-01 1.325098e+00  1.000000000000000000e+05  1.000000000000000000e+05  1.000000000000000000e+05  1.000000000000000000e+05
65 911 1.569806e-01 1.327412e+00  1.000000000000000000e+05  1.000000000000000000e+05  1.000000000000000000e+05  1.000000000000000000e+05
66 925 1.522364e-01 1.327552e+00  1.000000000000000000e+05  1.000000000000000000e+05  1.000000000000000000e+05  1.000000000000000000e+05
67 939 1.467441e-01 1.327211e+00  1.000000000000000000e+05  1.000000000000000000e+05  1.000000000000000000e+05  1.000000000000000000e+05
68 953 1.410622e-01 1.328223e+00  1.000000000000000000e+05  1.000000000000000000e+05  1.000000000000000000e+05  1.000000000000000000e+05
69 967 1.947575e-01 1.330336e+00  1.000000000000000000e+05  1.000000000000000000e+05  1.000000000000000000e+05  1.000000000000000000e+05
70 981 1.931066e-01 1.331826e+00  1.000000000000000000e+05  1.000000000000000000e+05  1.000000000000000000e+05  1.000000000000000000e+11
71 995 1.904401e-01 1.338324e+00  1.000000000000000000e+05  1.000000000000000000e+05  1.000000000000000000e+05  1.000000000000000000e+11
72 1009 1.853660e-01 1.338925e+00  1.000000000000000000e+05  1.000000000000000000e+05  1.000000000000000000e+05  1.000000000000000000e+11
73 1023 1.807702e-01 1.343255e+00  1.000000000000000000e+05  1.000000000000000000e+05  1.000000000000000000e+05  1.000000000000000000e+11
74 1037 1.783059e-01 1.348587e+00  1.000000000000000000e+05  1.000000000000000000e+05  1.000000000000000000e+05  1.000000000000000000e+11
75 1051 1.752347e-01 1.352148e+00  1.000000000000000000e+05  1.000000000000000000e+05  1.000000000000000000e+05  1.000000000000000000e+05
76 1065 1.692619e-01 1.353648e+00  1.000000000000000000e+05  1.000000000000000000e+05  1.000000000000000000e+05  1.000000000000000000e+05
77 1079 1.649329e-01 1.353366e+00  1.000000000000000000e+05  1.000000000000000000e+05  1.000000000000000000e+05  1.000000000000000000e+11
78 1093 1.622044e-01 1.358471e+00  1.000000000000000000e+05  1.000000000000000000e+05  1.000000000000000000e+05  1.000000000000000000e+11
79 1107 1.609432e-01 1.361221e+00  1.000000000000000000e+05  1.000000000000000000e+05  1.000000000000000000e+05  1.000000000000000000e+05
80 1121 1.589871e-01 1.360830e+00  1.000000000000000000e+05  1.000000000000000000e+05  1.000000000000000000e+05  1.000000000000000000e+05
81 1135 2.207767e-01 1.359901e+00  3.980561371913887569e+02  3.980561371913887569e+02  1.000000000000000000e+05  1.000000000000000000e+05
82 1149 2.198281e-01 1.361639e+00  3.980561371913887569e+02  1.000000000000000000e+05  5.000005000000000000e+10  1.000000000000000000e+11
83 1163 2.155439e-01 1.360822e+00  3.980561371913887569e+02  1.000000000000000000e+05  1.000000000000000000e+05  1.000000000000000000e+11
84 1177 2.134092e-01 1.366668e+00  3.980561371913887569e+02  1.000000000000000000e+05  1.000000000000000000e+05  1.000000000000000000e+11
85 1191 2.050762e-01 1.364586e+00  3.980561371913887569e+02  1.000000000000000000e+05  1.000000000000000000e+05  1.000000000000000000e+11
86 1205 1.988952e-01 1.363266e+00  3.980561371913887569e+02  1.000000000000000000e+05  1.000000000000000000e+05  1.000000000000000000e+13
87 1219 1.942799e-01 1.362859e+00  3.980561371913887569e+02  1.000000000000000000e+05  1.000000000000000000e+05  1.000000000000000000e+18
88 1233 1.917096e-01 1.371658e+00  3.980561371913887569e+02  1.000000000000000000e+05  1.000000000000000000e+05  1.000000000000000000e+13
89 1247 1.888544e-01 1.371981e+00  3.980561371913887569e+02  1.000000000000000000e+05  1.000000000000000000e+05  1.000000000000000000e+15
90 1261 1.845969e-01 1.373223e+00  3.980561371913887569e+02  1.000000000000000000e+05  1.000000000000000000e+05  1.000000000000000000e+18
91 1275 1.766063e-01 1.373117e+00  3.980561371913887569e+02  1.000000000000000000e+05  1.000000000000000000e+05  1.000000000000000000e+05
92 1289 1.687869e-01 1.375222e+00  3.980561371913887569e+02  4.634326315002685988e+02  1.000000000000000000e+05  1.000000000000000000e+05
93 1303 1.640990e-01 1.375626e+00  3.980561371913887569e+02  1.000000000000000000e+05  1.000000000000000000e+05  1.000000000000000000e+05
94 1317 1.594644e-01 1.376919e+00  3.980561371913887569e+02  1.000000000000000000e+05  1.000000000000000000e+05  1.000000000000000000e+05
95 1331 1.553164e-01 1.383107e+00  3.980561371913887569e+02  4.145851338338223968e+02  1.000000000000000000e+05  1.000000000000000000e+18
96 1345 1.515667e-01 1.384903e+00  3.980561371913887569e+02  1.000000000000000000e+05  1.000000000000000000e+05  1.000000000000000000e+18
97 1359 2.037719e-01 1.385613e+00  3.980561371913887569e+02  1.000000000000000000e+05  1.000000000000000000e+05  1.000000000000000000e+18
98 1373 1.974464e-01 1.384118e+00  3.980561371913887569e+02  1.000000000000000000e+05  1.000000000000000000e+05  1.000000000000000000e+11
99 1387 1.920903e-01 1.382830e+00  3.980561371913887569e+02  1.000000000000000000e+05  1.000000000000000000e+05  1.000000000000000000e+18
100 1401 1.878172e-01 1.383375e+00  3.980561371913887569e+02  1.000000000000000000e+05  1.000000000000000000e+05  1.000000000000000000e+18
101 1415 1.822268e-01 1.387426e+00  3.980561371913887569e+02  1.000000000000000000e+05  1.000000000000000000e+05  1.000000000000000000e+05
102 1429 1.751883e-01 1.388416e+00  3.980561371913887569e+02  1.000000000000000000e+05  1.000000000000000000e+05  1.000000000000000000e+11
103 1443 1.703325e-01 1.388535e+00  3.980561371913887569e+02  1.000000000000000000e+05  1.000000000000000000e+05  1.000000000000000000e+11
104 1457 1.656978e-01 1.388022e+00  3.980561371913887569e+02  1.000000000000000000e+05  1.000000000000000000e+05  1.000000000000000000e+11
105 1471 1.608605e-01 1.391141e+00  3.980561371913887569e+02  1.000000000000000000e+05  1.000000000000000000e+05  1.000000000000000000e+05
106 1485 1.558699e-01 1.387155e+00  3.980561371913887569e+02  1.000000000000000000e+05  1.000000000000000000e+05  1.000000000000000000e+05
107 1499 2.073092e-01 1.388117e+00  3.980561371913887569e+02  1.000000000000000000e+05  1.000000000000000000e+05  1.000000000000000000e+11
108 1513 1.994489e-01 1.388884e+00  3.980561371913887569e+02  1.000000000000000000e+05  1.000000000000000000e+05  1.000000000000000000e+11
109 1527 1.889234e-01 1.390010e+00  3.980561371913887569e+02  1.000000000000000000e+05  1.000000000000000000e+05  1.000000000000000000e+11
110 1541 1.815202e-01 1.389268e+00  3.980561371913887569e+02  1.000000000000000000e+05  1.000000000000000000e+05  1.000000000000000000e+11
111 1555 1.760050e-01 1.388365e+00  3.980561371913887569e+02  1.000000000000000000e+05  1.000000000000000000e+05  1.000000000000000000e+15
112 1569 1.694692e-01 1.387878e+00  3.980561371913887569e+02  1.000000000000000000e+05  1.000000000000000000e+05  1.000000000000000000e+05
113 1583 1.644034e-01 1.388484e+00  3.980561371913887569e+02  1.000000000000000000e+05  1.000000000000000000e+05  1.000000000000000000e+05
114 1597 2.256494e-01 1.390753e+00  3.980561371913887569e+02  1.000000000000000000e+05  1.000000000000000000e+05  1.000000000000000000e+05
115 1611 2.218389e-01 1.388805e+00  3.980561371913887569e+02  1.000000000000000000e+05  1.000000000000000000e+05  1.000000000000000000e+05
116 1625 2.132342e-01 1.389272e+00  3.980561371913887569e+02  1.000000000000000000e+05  1.000000000000000000e+05  1.000000000000000000e+05
117 1639 2.044857e-01 1.388833e+00  3.980561371913887569e+02  1.000000000000000000e+05  1.000000000000000000e+05  1.000000000000000000e+05
118 1653 1.952091e-01 1.389150e+00  3.980561371913887569e+02  1.000000000000000000e+05  1.000000000000000000e+05  1.000000000000000000e+05
119 1667 2.608150e-01 1.389080e+00  3.980561371913887569e+02  1.000000000000000000e+05  1.000000000000000000e+05  1.000000000000000000e+05
120 1681 2.525668e-01 1.392715e+00  3.980561371913887569e+02  1.000000000000000000e+05  1.000000000000000000e+05  1.000000000000000000e+18
121 1695 2.398591e-01 1.392278e+00  3.980561371913887569e+02  9.713439150160390909e+02  1.000000000000000000e+05  1.000000000000000000e+11
122 1709 2.320357e-01 1.389646e+00  3.980561371913887569e+02  1.022515303220297938e+03  1.000000000000000000e+05  1.000000000000000000e+11
123 1723 2.257453e-01 1.389482e+00  3.980561371913887569e+02  1.000000000000000000e+05  1.000000000000000000e+05  1.000000000000000000e+18
124 1737 2.218800e-01 1.395051e+00  3.980561371913887569e+02  1.000000000000000000e+05  1.000000000000000000e+05  1.000000000000000000e+05
125 1751 2.169377e-01 1.397226e+00  3.980561371913887569e+02  1.000000000000000000e+05  1.000000000000000000e+05  1.000000000000000000e+05
126 1765 2.115447e-01 1.403572e+00  3.980561371913887569e+02  1.000000000000000000e+05  1.000000000000000000e+05  1.000000000000000000e+05
127 1779 2.065806e-01 1.410693e+00  3.980561371913887569e+02  1.000000000000000000e+05  1.000000000000000000e+05  1.000000000000000000e+11
128 1793 2.027774e-01 1.411912e+00  3.980561371913887569e+02  1.000000000000000000e+05  1.000000000000000000e+05  1.000000000000000000e+11
129 1807 2.003168e-01 1.410550e+00  3.980561371913887569e+02  1.000000000000000000e+05  1.000000000000000000e+05  1.000000000000000000e+11
130 1821 1.953253e-01 1.407835e+00  3.980561371913887569e+02  1.000000000000000000e+05  5.000005000000000000e+10  1.000000000000000000e+11
131 1835 1.887242e-01 1.409039e+00  3.980561371913887569e+02  1.000000000000000000e+05  1.000000000000000000e+05  1.000000000000000000e+11
132 1849 1.803895e-01 1.409937e+00  3.980561371913887569e+02  1.000000000000000000e+05  1.000000000000000000e+05  1.000000000000000000e+11
133 1863 1.746019e-01 1.411544e+00  3.980561371913887569e+02  1.000000000000000000e+05  1.000000000000000000e+05  1.000000000000000000e+11
134 1877 1.676557e-01 1.409246e+00  3.980561371913887569e+02  1.000000000000000000e+05  1.000000000000000000e+05  1.000000000000000000e+13
135 1891 1.612209e-01 1.406679e+00  3.980561371913887569e+02  1.000000000000000000e+05  1.000000000000000000e+05  1.000000000000000000e+11
136 1905 1.572021e-01 1.403465e+00  3.980561371913887569e+02  1.000000000000000000e+05  1.000000000000000000e+05  1.000000000000000000e+05
137 1919 1.534457e-01 1.404713e+00  3.980561371913887569e+02  1.000000000000000000e+05  1.000000000000000000e+05  1.000000000000000000e+05
138 1933 1.502369e-01 1.403739e+00  3.980561371913887569e+02  1.000000000000000000e+05  1.000000000000000000e+05  1.000000000000000000e+05
139 1947 1.467859e-01 1.404058e+00  3.980561371913887569e+02  1.000000000000000000e+05  1.000000000000000000e+05  1.000000000000000000e+11
140 1961 1.439964e-01 1.405252e+00  3.980561371913887569e+02  1.000000000000000000e+05  1.000000000000000000e+05  1.000000000000000000e+05
141 1975 1.409102e-01 1.406692e+00  3.980561371913887569e+02  1.000000000000000000e+05  1.000000000000000000e+05  1.000000000000000000e+05
142 1989 1.373960e-01 1.410236e+00  3.980561371913887569e+02  1.000000000000000000e+05  1.000000000000000000e+05  1.000000000000000000e+11
143 2003 1.353676e-01 1.412564e+00  3.980561371913887569e+02  1.000000000000000000e+05  1.000000000000000000e+05  1.000000000000000000e+05
144 2017 1.320074e-01 1.418202e+00  3.980561371913887569e+02  1.000000000000000000e+05  1.000000000000000000e+05  1.000000000000000000e+11
145 2031 1.269280e-01 1.416204e+00  3.980561371913887569e+02  1.000000000000000000e+05  1.000000000000000000e+05  1.000000000000000000e+05
146 2045 1.733234e-01 1.420351e+00  3.980561371913887569e+02  1.000000000000000000e+05  1.000000000000000000e+05  1.000000000000000000e+05
147 2059 1.701501e-01 1.429003e+00  3.980561371913887569e+02  1.000000000000000000e+05  1.000000000000000000e+05  1.000000000000000000e+11
148 2073 1.647251e-01 1.431002e+00  3.980561371913887569e+02  1.000000000000000000e+05  1.000000000000000000e+05  1.000000000000000000e+05
149 2087 1.607294e-01 1.434011e+00  3.980561371913887569e+02  1.000000000000000000e+05  1.000000000000000000e+05  1.000000000000000000e+05
150 2101 1.596964e-01 1.438680e+00  3.980561371913887569e+02  8.404889118520437705e+02  1.000000000000000000e+05  1.000000000000000000e+05
151 2115 1.583018e-01 1.445467e+00  3.980561371913887569e+02  1.000000000000000000e+05  1.000000000000000000e+05  1.000000000000000000e+15
152 2129 1.566666e-01 1.452877e+00  2.265956214275610421e+02  2.265956214275610421e+02  1.000000000000000000e+05  1.000000000000000000e+13
153 2143 2.137915e-01 1.459949e+00  2.265956214275610421e+02  1.000000000000000000e+05  1.000000000000000000e+05  1.000000000000000000e+15
154 2157 2.035361e-01 1.464763e+00  2.265956214275610421e+02  1.000000000000000000e+05  1.000000000000000000e+05  1.000000000000000000e+15
155 2171 1.967093e-01 1.466662e+00  2.265956214275610421e+02  1.000000000000000000e+05  1.000000000000000000e+05  1.000000000000000000e+13
156 2185 1.892095e-01 1.472321e+00  2.265956214275610421e+02  1.000000000000000000e+05  1.000000000000000000e+05  1.000000000000000000e+15
157 2199 1.829427e-01 1.476993e+00  2.265956214275610421e+02  1.000000000000000000e+05  1.000000000000000000e+05  1.000000000000000000e+11
158 2213 1.760930e-01 1.479238e+00  2.265956214275610421e+02  1.000000000000000000e+05  1.000000000000000000e+05  1.000000000000000000e+13
159 2227 1.710140e-01 1.482531e+00  2.265956214275610421e+02  1.000000000000000000e+05  1.000000000000000000e+05  1.000000000000000000e+11
160 2241 1.658252e-01 1.484171e+00  2.265956214275610421e+02  1.000000000000000000e+05  1.000000000000000000e+05  1.000000000000000000e+05
161 2255 1.629209e-01 1.485213e+00  2.265956214275610421e+02  1.000000000000000000e+05  1.000000000000000000e+05  1.000000000000000000e+11
162 2269 1.611202e-01 1.486934e+00  2.265956214275610421e+02  1.000000000000000000e+05  1.000000000000000000e+05  1.000000000000000000e+11
163 2283 1.608560e-01 1.487201e+00  2.265956214275610421e+02  1.000000000000000000e+05  1.000000000000000000e+05  1.000000000000000000e+11
164 2297 1.614286e-01 1.491009e+00  2.265956214275610421e+02  1.000000000000000000e+05  1.000000000000000000e+05  1.000000000000000000e+11
165 2311 1.587432e-01 1.492071e+00  2.265956214275610421e+02  1.000000000000000000e+05  1.000000000000000000e+05  1.000000000000000000e+05
166 2325 1.542933e-01 1.496201e+00  2.265956214275610421e+02  1.000000000000000000e+05  1.000000000000000000e+05  1.000000000000000000e+05
167 2339 1.476395e-01 1.500028e+00  2.265956214275610421e+02  1.000000000000000000e+05  1.000000000000000000e+05  1.000000000000000000e+05
168 2353 1.997003e-01 1.500027e+00  2.265956214275610421e+02  1.000000000000000000e+05  1.000000000000000000e+05  1.000000000000000000e+11
169 2367 1.934440e-01 1.502822e+00  2.265956214275610421e+02  1.000000000000000000e+05  1.000000000000000000e+05  1.000000000000000000e+11
170 2381 2.652505e-01 1.506106e+00  2.265956214275610421e+02  1.000000000000000000e+05  1.000000000000000000e+05  1.000000000000000000e+18
171 2395 2.586124e-01 1.506729e+00  2.265956214275610421e+02  1.000000000000000000e+05  1.000000000000000000e+05  1.000000000000000000e+18
172 2409 2.514764e-01 1.507163e+00  2.265956214275610421e+02  1.000000000000000000e+05  1.000000000000000000e+05  1.000000000000000000e+11
173 2423 2.452084e-01 1.507436e+00  2.265956214275610421e+02  1.000000000000000000e+05  1.000000000000000000e+05  1.000000000000000000e+05
174 2437 2.394563e-01 1.509296e+00  2.265956214275610421e+02  1.000000000000000000e+05  1.000000000000000000e+05  1.000000000000000000e+05
175 2451 2.341646e-01 1.511801e+00  2.265956214275610421e+02  1.000000000000000000e+05  1.000000000000000000e+05  1.000000000000000000e+11
176 2465 2.265526e-01 1.515226e+00  2.265956214275610421e+02  1.000000000000000000e+05  1.000000000000000000e+05  1.000000000000000000e+05
177 2479 2.169180e-01 1.519414e+00  2.265956214275610421e+02  1.000000000000000000e+05  1.000000000000000000e+05  1.000000000000000000e+11
178 2493 2.081116e-01 1.521092e+00  2.265956214275610421e+02  1.000000000000000000e+05  1.000000000000000000e+05  1.000000000000000000e+05
179 2507 1.977678e-01 1.523859e+00  2.265956214275610421e+02  1.000000000000000000e+05  1.000000000000000000e+05  1.000000000000000000e+11
180 2521 1.873380e-01 1.524455e+00  2.265956214275610421e+02  1.000000000000000000e+05  1.000000000000000000e+05  1.000000000000000000e+11
181 2535 1.785402e-01 1.525397e+00  2.265956214275610421e+02  1.000000000000000000e+05  1.000000000000000000e+05  1.000000000000000000e+05
182 2549 1.713294e-01 1.528174e+00  2.265956214275610421e+02  1.000000000000000000e+05  1.000000000000000000e+05  1.000000000000000000e+11
183 2563 1.654754e-01 1.528667e+00  2.265956214275610421e+02  1.000000000000000000e+05  1.000000000000000000e+05  1.000000000000000000e+05
184 2577 1.607807e-01 1.529595e+00  2.265956214275610421e+02  1.000000000000000000e+05  1.000000000000000000e+05  1.000000000000000000e+05
185 2591 1.572051e-01 1.529529e+00  2.265956214275610421e+02  1.000000000000000000e+05  1.000000000000000000e+05  1.000000000000000000e+11
186 2605 1.544391e-01 1.530950e+00  2.265956214275610421e+02  1.000000000000000000e+05  1.000000000000000000e+05  1.000000000000000000e+11
187 2619 2.082051e-01 1.531388e+00  2.265956214275610421e+02  1.000000000000000000e+05  1.000000000000000000e+05  1.000000000000000000e+05
188 2633 2.775183e-01 1.530463e+00  2.265956214275610421e+02  1.000000000000000000e+05  1.000000000000000000e+05  1.000000000000000000e+05
189 2647 2.722427e-01 1.532548e+00  2.265956214275610421e+02  1.000000000000000000e+05  1.000000000000000000e+05  1.000000000000000000e+11
190 2661 2.624848e-01 1.533901e+00  2.265956214275610421e+02  1.000000000000000000e+05  1.000000000000000000e+11  1.000000000000000000e+11
191 2675 2.534187e-01 1.536238e+00  2.265956214275610421e+02  1.000000000000000000e+05  1.000000000000000000e+05  1.000000000000000000e+11
192 2689 2.413205e-01 1.535150e+00  2.265956214275610421e+02  1.000000000000000000e+05  1.000000000000000000e+05  1.000000000000000000e+11
193 2703 2.330080e-01 1.535493e+00  2.265956214275610421e+02  1.000000000000000000e+05  1.000000000000000000e+05  1.000000000000000000e+11
194 2717 2.230366e-01 1.537311e+00  2.265956214275610421e+02  1.837209893099475948e+03  1.000000000000000000e+05  1.000000000000000000e+11
195 2731 2.156164e-01 1.541018e+00  2.265956214275610421e+02  1.000000000000000000e+05  1.000000000000000000e+05  1.000000000000000000e+05
196 2745 2.085554e-01 1.538146e+00  2.265956214275610421e+02  1.000000000000000000e+05  1.000000000000000000e+05  1.000000000000000000e+11
197 2759 2.041555e-01 1.538505e+00  2.265956214275610421e+02  1.000000000000000000e+05  1.000000000000000000e+05  1.000000000000000000e+11
198 2773 2.017433e-01 1.538263e+00  2.265956214275610421e+02  1.000000000000000000e+05  1.000000000000000000e+05  1.000000000000000000e+13
199 2787 1.995354e-01 1.537708e+00  2.265956214275610421e+02  1.000000000000000000e+05  1.000000000000000000e+05  1.000000000000000000e+13
200 2801 1.977031e-01 1.540669e+00  2.265956214275610421e+02  1.000000000000000000e+05  1.000000000000000000e+05  1.000000000000000000e+13
201 2815 1.932178e-01 1.544869e+00  2.265956214275610421e+02  1.000000000000000000e+05  1.000000000000000000e+05  1.000000000000000000e+11
202 2829 1.869468e-01 1.546958e+00  2.265956214275610421e+02  1.000000000000000000e+05  1.000000000000000000e+05  1.000000000000000000e+13
203 2843 1.802976e-01 1.548551e+00  2.265956214275610421e+02  1.000000000000000000e+05  1.000000000000000000e+05  1.000000000000000000e+13
204 2857 1.768475e-01 1.551392e+00  2.265956214275610421e+02  1.000000000000000000e+05  1.000000000000000000e+05  1.000000000000000000e+05
205 2871 1.720115e-01 1.551362e+00  2.265956214275610421e+02  7.233975558197490727e+02  1.000000000000000000e+05  1.000000000000000000e+13
206 2885 1.681660e-01 1.548879e+00  2.265956214275610421e+02  1.000000000000000000e+05  1.000000000000000000e+05  1.000000000000000000e+13
207 2899 1.669934e-01 1.549665e+00  2.265956214275610421e+02  1.000000000000000000e+05  1.000000000000000000e+05  1.000000000000000000e+11
208 2913 2.309749e-01 1.546358e+00  2.265956214275610421e+02  1.000000000000000000e+05  1.000000000000000000e+05  1.000000000000000000e+15
209 2927 2.282231e-01 1.545199e+00  2.265956214275610421e+02  1.000000000000000000e+05  1.000000000000000000e+05  1.000000000000000000e+13
210 2941 2.251218e-01 1.546210e+00  2.265956214275610421e+02  1.000000000000000000e+05  1.000000000000000000e+05  1.000000000000000000e+13
211 2955 2.220471e-01 1.551677e+00  2.265956214275610421e+02  1.000000000000000000e+05  1.000000000000000000e+05  1.000000000000000000e+13
212 2969 2.144491e-01 1.551646e+00  2.265956214275610421e+02  1.000000000000000000e+05  1.000000000000000000e+05  1.000000000000000000e+15
213 2983 2.088789e-01 1.559579e+00  2.265956214275610421e+02  1.000000000000000000e+05  1.000000000000000000e+05  1.000000000000000000e+05
214 2997 2.039043e-01 1.563960e+00  2.265956214275610421e+02  1.000000000000000000e+05  1.000000000000000000e+05  1.000000000000000000e+13
215 3011 2.726610e-01 1.564719e+00  2.265956214275610421e+02  1.000000000000000000e+05  1.000000000000000000e+05  1.000000000000000000e+13
216 3025 2.607326e-01 1.569082e+00  2.265956214275610421e+02  1.000000000000000000e+05  1.000000000000000000e+05  1.000000000000000000e+15
217 3039 2.493939e-01 1.567806e+00  2.265956214275610421e+02  1.000000000000000000e+05  1.000000000000000000e+05  1.000000000000000000e+05
218 3053 2.383670e-01 1.569023e+00  2.265956214275610421e+02  1.000000000000000000e+05  1.000000000000000000e+05  1.000000000000000000e+13
219 3067 2.321453e-01 1.566052e+00  2.265956214275610421e+02  1.000000000000000000e+05  1.000000000000000000e+05  1.000000000000000000e+13
220 3081 2.238878e-01 1.566217e+00  2.265956214275610421e+02  1.000000000000000000e+05  1.000000000000000000e+05  1.000000000000000000e+13
221 3095 2.177684e-01 1.564303e+00  2.265956214275610421e+02  1.000000000000000000e+05  1.000000000000000000e+05  1.000000000000000000e+11
222 3109 2.133058e-01 1.562381e+00  2.265956214275610421e+02  1.000000000000000000e+05  1.000000000000000000e+05  1.000000000000000000e+11
223 3123 2.052406e-01 1.563617e+00  2.265956214275610421e+02  1.000000000000000000e+05  1.000000000000000000e+05  1.000000000000000000e+05
224 3137 1.969272e-01 1.565290e+00  2.265956214275610421e+02  1.000000000000000000e+05  1.000000000000000000e+05  1.000000000000000000e+11
225 3151 1.879603e-01 1.565876e+00  2.265956214275610421e+02  1.000000000000000000e+05  1.000000000000000000e+05  1.000000000000000000e+11
226 3165 1.795801e-01 1.564615e+00  2.265956214275610421e+02  1.000000000000000000e+05  1.000000000000000000e+05  1.000000000000000000e+16
227 3179 1.721254e-01 1.564175e+00  2.265956214275610421e+02  1.000000000000000000e+05  1.000000000000000000e+05  1.000000000000000000e+18
228 3193 1.672223e-01 1.563437e+00  2.265956214275610421e+02  1.000000000000000000e+05  1.000000000000000000e+05  1.000000000000000000e+05
229 3207 1.656650e-01 1.562526e+00  2.265956214275610421e+02  1.000000000000000000e+05  1.000000000000000000e+05  1.000000000000000000e+05
230 3221 1.613169e-01 1.561684e+00  2.265956214275610421e+02  1.000000000000000000e+05  1.000000000000000000e+05  1.000000000000000000e+05
231 3235 2.156795e-01 1.560893e+00  2.265956214275610421e+02  1.000000000000000000e+05  1.000000000000000000e+05  1.000000000000000000e+05
232 3249 2.086230e-01 1.558473e+00  2.265956214275610421e+02  1.000000000000000000e+05  1.000000000000000000e+05  1.000000000000000000e+11
233 3263 2.017533e-01 1.556901e+00  2.265956214275610421e+02  1.000000000000000000e+05  1.000000000000000000e+05  1.000000000000000000e+11
234 3277 1.970829e-01 1.554848e+00  2.265956214275610421e+02  1.000000000000000000e+05  1.000000000000000000e+05  1.000000000000000000e+05
235 3291 1.935334e-01 1.558489e+00  2.265956214275610421e+02  1.000000000000000000e+05  1.000000000000000000e+05  1.000000000000000000e+05
236 3305 1.892993e-01 1.561196e+00  2.265956214275610421e+02  1.000000000000000000e+05  1.000000000000000000e+05  1.000000000000000000e+05
237 3319 1.831319e-01 1.559806e+00  2.265956214275610421e+02  1.000000000000000000e+05  1.000000000000000000e+05  1.000000000000000000e+05
238 3333 1.766740e-01 1.560170e+00  2.265956214275610421e+02  1.000000000000000000e+05  1.000000000000000000e+05  1.000000000000000000e+05
239 3347 1.718011e-01 1.562675e+00  2.265956214275610421e+02  1.000000000000000000e+05  1.000000000000000000e+05  1.000000000000000000e+05
240 3361 1.664173e-01 1.570358e+00  2.265956214275610421e+02  1.000000000000000000e+05  1.000000000000000000e+05  1.000000000000000000e+05
241 3375 1.601281e-01 1.568629e+00  2.265956214275610421e+02  1.000000000000000000e+05  1.000000000000000000e+05  1.000000000000000000e+05
242 3389 2.169847e-01 1.572060e+00  2.265956214275610421e+02  1.000000000000000000e+05  1.000000000000000000e+05  1.000000000000000000e+05
243 3403 2.136032e-01 1.574194e+00  2.265956214275610421e+02  1.000000000000000000e+05  1.000000000000000000e+05  1.000000000000000000e+11
244 3417 2.094491e-01 1.574592e+00  2.265956214275610421e+02  1.000000000000000000e+05  1.000000000000000000e+05  1.000000000000000000e+11
245 3431 2.057730e-01 1.574386e+00  2.265956214275610421e+02  1.000000000000000000e+05  1.000000000000000000e+05  1.000000000000000000e+05
246 3445 2.014714e-01 1.576960e+00  2.265956214275610421e+02  1.000000000000000000e+05  1.000000000000000000e+05  1.000000000000000000e+18
247 3459 1.953002e-01 1.585099e+00  2.265956214275610421e+02  1.000000000000000000e+05  1.000000000000000000e+05  1.000000000000000000e+11
248 3473 1.910994e-01 1.586123e+00  2.265956214275610421e+02  1.000000000000000000e+05  1.000000000000000000e+05  1.000000000000000000e+11
249 3487 1.844885e-01 1.587264e+00  2.265956214275610421e+02  1.000000000000000000e+05  1.000000000000000000e+05  1.000000000000000000e+11
250 3501 1.779346e-01 1.586089e+00  2.265956214275610421e+02  1.000000000000000000e+05  1.000000000000000000e+05  1.000000000000000000e+05
251 3515 1.734036e-01 1.584925e+00  2.265956214275610421e+02  1.000000000000000000e+05  1.000000000000000000e+05  1.000000000000000000e+11
252 3529 1.665809e-01 1.592268e+00  2.265956214275610421e+02  1.000000000000000000e+05  1.000000000000000000e+05  1.000000000000000000e+11
253 3543 1.610254e-01 1.592805e+00  2.265956214275610421e+02  1.000000000000000000e+05  1.000000000000000000e+05  1.000000000000000000e+18
254 3557 2.176387e-01 1.586413e+00  2.265956214275610421e+02  1.000000000000000000e+05  1.000000000000000000e+05  1.000000000000000000e+05
255 3571 2.131846e-01 1.585864e+00  2.265956214275610421e+02  1.000000000000000000e+05  1.000000000000000000e+05  1.000000000000000000e+05
256 3585 2.124392e-01 1.592136e+00  2.265956214275610421e+02  1.000000000000000000e+05  1.000000000000000000e+05  1.000000000000000000e+11
257 3599 2.105863e-01 1.588428e+00  2.265956214275610421e+02  1.000000000000000000e+05  1.000000000000000000e+05  1.000000000000000000e+05
258 3613 2.074226e-01 1.588744e+00  2.265956214275610421e+02  1.000000000000000000e+05  1.000000000000000000e+05  1.000000000000000000e+05
259 3627 2.050207e-01 1.591971e+00  2.265956214275610421e+02  1.000000000000000000e+05  1.000000000000000000e+05  1.000000000000000000e+13
260 3641 2.017204e-01 1.594867e+00  2.265956214275610421e+02  1.000000000000000000e+05  1.000000000000000000e+05  1.000000000000000000e+18
261 3655 1.965140e-01 1.603158e+00  2.265956214275610421e+02  1.000000000000000000e+05  1.000000000000000000e+05  1.000000000000000000e+11
262 3669 1.871881e-01 1.607009e+00  2.265956214275610421e+02  1.000000000000000000e+05  1.000000000000000000e+05  1.000000000000000000e+05
263 3683 2.517279e-01 1.607573e+00  2.265956214275610421e+02  1.000000000000000000e+05  1.000000000000000000e+05  1.000000000000000000e+05
264 3697 2.449118e-01 1.607838e+00  2.265956214275610421e+02  1.000000000000000000e+05  1.000000000000000000e+05  1.000000000000000000e+18
265 3711 2.401271e-01 1.609227e+00  2.265956214275610421e+02  1.000000000000000000e+05  1.000000000000000000e+05  1.000000000000000000e+18
266 3725 2.340047e-01 1.610716e+00  2.265956214275610421e+02  1.000000000000000000e+05  1.000000000000000000e+05  1.000000000000000000e+18
267 3739 2.296637e-01 1.612640e+00  2.265956214275610421e+02  1.000000000000000000e+05  1.000000000000000000e+05  1.000000000000000000e+18
268 3753 2.221737e-01 1.616562e+00  2.265956214275610421e+02  1.000000000000000000e+05  1.000000000000000000e+05  1.000000000000000000e+13
269 3767 2.141740e-01 1.615516e+00  2.265956214275610421e+02  1.000000000000000000e+05  1.000000000000000000e+05  1.000000000000000000e+18
270 3781 2.082930e-01 1.614231e+00  2.265956214275610421e+02  1.000000000000000000e+05  1.000000000000000000e+05  1.000000000000000000e+18
271 3795 2.764335e-01 1.614734e+00  2.265956214275610421e+02  1.000000000000000000e+05  1.000000000000000000e+05  1.000000000000000000e+05
272 3809 2.648026e-01 1.624187e+00  2.265956214275610421e+02  1.305254957991766560e+03  1.000000000000000000e+05  1.000000000000000000e+11
273 3823 2.543447e-01 1.624108e+00  2.265956214275610421e+02  1.000000000000000000e+05  1.000000000000000000e+05  1.000000000000000000e+18
274 3837 2.444590e-01 1.624865e+00  2.265956214275610421e+02  1.000000000000000000e+05  1.000000000000000000e+05  1.000000000000000000e+05
275 3851 2.325245e-01 1.625857e+00  2.265956214275610421e+02  1.000000000000000000e+05  1.000000000000000000e+05  1.000000000000000000e+18
276 3865 2.222518e-01 1.623727e+00  2.265956214275610421e+02  1.000000000000000000e+05  1.000000000000000000e+05  1.000000000000000000e+05
277 3879 2.124936e-01 1.626410e+00  2.265956214275610421e+02  1.000000000000000000e+05  1.000000000000000000e+05  1.000000000000000000e+13
278 3893 2.067691e-01 1.630459e+00  2.265956214275610421e+02  1.000000000000000000e+05  1.000000000000000000e+05  1.000000000000000000e+15
279 3907 2.053979e-01 1.629851e+00  2.265956214275610421e+02  1.000000000000000000e+05  1.000000000000000000e+05  1.000000000000000000e+13
280 3921 2.022832e-01 1.633970e+00  2.265956214275610421e+02  1.000000000000000000e+05  1.000000000000000000e+05  1.000000000000000000e+15
281 3935 1.958516e-01 1.631696e+00  2.265956214275610421e+02  1.000000000000000000e+05  1.000000000000000000e+05  1.000000000000000000e+13
282 3949 1.890591e-01 1.637677e+00  2.265956214275610421e+02  1.000000000000000000e+05  1.000000000000000000e+05  1.000000000000000000e+13
283 3963 1.831435e-01 1.641279e+00  2.265956214275610421e+02  5.480834122790398624e+02  1.000000000000000000e+05  1.000000000000000000e+18
284 3977 2.514252e-01 1.648939e+00  2.265956214275610421e+02  1.000000000000000000e+05  1.000000000000000000e+05  1.000000000000000000e+05
285 3991 2.452185e-01 1.653555e+00  2.265956214275610421e+02  1.000000000000000000e+05  1.000000000000000000e+05  1.000000000000000000e+15
286 4005 2.345545e-01 1.662708e+00  2.265956214275610421e+02  1.000000000000000000e+05  1.000000000000000000e+05  1.000000000000000000e+11
287 4019 2.241360e-01 1.664404e+00  2.265956214275610421e+02  1.000000000000000000e+05  1.000000000000000000e+05  1.000000000000000000e+15
288 4033 2.161605e-01 1.663127e+00  2.265956214275610421e+02  1.000000000000000000e+05  1.000000000000000000e+05  1.000000000000000000e+18
289 4047 2.896667e-01 1.665504e+00  2.265956214275610421e+02  1.000000000000000000e+05  1.000000000000000000e+05  1.000000000000000000e+18
290 4061 2.836138e-01 1.666974e+00  2.265956214275610421e+02  1.000000000000000000e+05  1.000000000000000000e+05  1.000000000000000000e+18
291 4075 2.798036e-01 1.664215e+00  2.265956214275610421e+02  1.000000000000000000e+05  1.000000000000000000e+05  1.000000000000000000e+11
292 4089 2.727714e-01 1.664790e+00  2.265956214275610421e+02  1.000000000000000000e+05  1.000000000000000000e+05  1.000000000000000000e+11
293 4103 2.613753e-01 1.664046e+00  2.265956214275610421e+02  1.000000000000000000e+05  1.000000000000000000e+05  1.000000000000000000e+13
294 4117 2.477803e-01 1.662314e+00  2.265956214275610421e+02  1.000000000000000000e+05  1.000000000000000000e+05  1.000000000000000000e+05
295 4131 2.412955e-01 1.660609e+00  2.265956214275610421e+02  1.000000000000000000e+05  1.000000000000000000e+05  1.000000000000000000e+11
296 4145 2.375402e-01 1.659040e+00  2.265956214275610421e+02  1.000000000000000000e+05  1.000000000000000000e+05  1.000000000000000000e+11
297 4159 2.307363e-01 1.655165e+00  2.265956214275610421e+02  1.000000000000000000e+05  1.000000000000000000e+05  1.000000000000000000e+13
298 4173 2.242323e-01 1.647093e+00  2.265956214275610421e+02  1.000000000000000000e+05  1.000000000000000000e+05  1.000000000000000000e+11
299 4187 2.174432e-01 1.647522e+00  2.265956214275610421e+02  1.000000000000000000e+05  1.000000000000000000e+05  1.000000000000000000e+11
300 4201 2.135762e-01 1.643989e+00  2.265956214275610421e+02  1.000000000000000000e+05  1.000000000000000000e+05  1.000000000000000000e+13
301 4215 2.117288e-01 1.639488e+00  2.265956214275610421e+02  1.000000000000000000e+05  1.000000000000000000e+05  1.000000000000000000e+13
302 4229 2.072859e-01 1.638629e+00  2.265956214275610421e+02  1.000000000000000000e+05  1.000000000000000000e+05  1.000000000000000000e+05
303 4243 2.004634e-01 1.636800e+00  2.265956214275610421e+02  1.000000000000000000e+05  1.000000000000000000e+05  1.000000000000000000e+11
304 4257 1.927177e-01 1.640610e+00  2.265956214275610421e+02  1.000000000000000000e+05  1.000000000000000000e+05  1.000000000000000000e+15
305 4271 2.617860e-01 1.647763e+00  2.265956214275610421e+02  1.000000000000000000e+05  1.000000000000000000e+05  1.000000000000000000e+15
306 4285 2.524963e-01 1.649404e+00  2.265956214275610421e+02  1.000000000000000000e+05  1.000000000000000000e+05  1.000000000000000000e+13
307 4299 2.457363e-01 1.648906e+00  2.265956214275610421e+02  1.000000000000000000e+05  1.000000000000000000e+05  1.000000000000000000e+11
308 4313 2.342107e-01 1.646917e+00  2.265956214275610421e+02  1.000000000000000000e+05  1.000000000000000000e+05  1.000000000000000000e+11
309 4327 2.274022e-01 1.650271e+00  2.265956214275610421e+02  1.000000000000000000e+05  1.000000000000000000e+05  1.000000000000000000e+05
310 4341 2.207720e-01 1.653075e+00  2.265956214275610421e+02  1.000000000000000000e+05  1.000000000000000000e+05  1.000000000000000000e+05
311 4355 2.115008e-01 1.651792e+00  2.265956214275610421e+02  1.000000000000000000e+05  1.000000000000000000e+05  1.000000000000000000e+11
312 4369 2.020537e-01 1.642865e+00  2.265956214275610421e+02  1.000000000000000000e+05  1.000000000000000000e+05  1.000000000000000000e+18
313 4383 1.977142e-01 1.641630e+00  2.265956214275610421e+02  1.000000000000000000e+05  1.000000000000000000e+05  1.000000000000000000e+05
314 4397 2.720876e-01 1.638741e+00  2.265956214275610421e+02  1.000000000000000000e+05  1.000000000000000000e+05  1.000000000000000000e+05
315 4411 2.679104e-01 1.640001e+00  2.265956214275610421e+02  1.000000000000000000e+05  1.000000000000000000e+05  1.000000000000000000e+05
316 4425 2.640342e-01 1.641807e+00  2.265956214275610421e+02  1.000000000000000000e+05  1.000000000000000000e+05  1.000000000000000000e+13
317 4439 2.562663e-01 1.642602e+00  2.265956214275610421e+02  1.000000000000000000e+05  1.000000000000000000e+05  1.000000000000000000e+11
318 4453 2.482863e-01 1.642490e+00  2.265956214275610421e+02  1.000000000000000000e+05  1.000000000000000000e+05  1.000000000000000000e+05
319 4467 2.381757e-01 1.645339e+00  2.265956214275610421e+02  1.000000000000000000e+05  1.000000000000000000e+05  1.000000000000000000e+05
320 4481 2.300699e-01 1.647676e+00  2.265956214275610421e+02  1.000000000000000000e+05  1.000000000000000000e+05  1.000000000000000000e+11
321 4495 2.236212e-01 1.646185e+00  2.265956214275610421e+02  1.000000000000000000e+05  1.000000000000000000e+05  1.000000000000000000e+11
322 4509 2.161900e-01 1.643061e+00  2.265956214275610421e+02  1.000000000000000000e+05  1.000000000000000000e+05  1.000000000000000000e+13
323 4523 2.072348e-01 1.640667e+00  2.265956214275610421e+02  1.000000000000000000e+05  1.000000000000000000e+05  1.000000000000000000e+11
324 4537 1.988778e-01 1.641683e+00  2.265956214275610421e+02  1.000000000000000000e+05  1.000000000000000000e+05  1.000000000000000000e+05
325 4551 1.931948e-01 1.643363e+00  2.265956214275610421e+02  1.000000000000000000e+05  1.000000000000000000e+05  1.000000000000000000e+11
326 4565 1.861286e-01 1.640941e+00  2.265956214275610421e+02  1.000000000000000000e+05  1.000000000000000000e+05  1.000000000000000000e+11
327 4579 1.772778e-01 1.637959e+00  2.265956214275610421e+02  1.000000000000000000e+05  1.000000000000000000e+05  1.000000000000000000e+11
328 4593 2.344388e-01 1.637018e+00  2.265956214275610421e+02  1.000000000000000000e+05  1.000000000000000000e+05  1.000000000000000000e+05
329 4607 2.277052e-01 1.642655e+00  2.265956214275610421e+02  1.000000000000000000e+05  1.000000000000000000e+05  1.000000000000000000e+13
330 4621 2.234174e-01 1.651233e+00  2.265956214275610421e+02  1.000000000000000000e+05  1.000000000000000000e+05  1.000000000000000000e+15
331 4635 2.205799e-01 1.658967e+00  2.265956214275610421e+02  1.000000000000000000e+05  1.000000000000000000e+05  1.000000000000000000e+05
332 4649 2.118438e-01 1.663946e+00  2.265956214275610421e+02  1.000000000000000000e+05  1.000000000000000000e+05  1.000000000000000000e+13
333 4663 2.016017e-01 1.663859e+00  2.265956214275610421e+02  1.000000000000000000e+05  1.000000000000000000e+05  1.000000000000000000e+11
334 4677 1.971987e-01 1.662344e+00  2.265956214275610421e+02  1.000000000000000000e+05  1.000000000000000000e+05  1.000000000000000000e+11
335 4691 1.919890e-01 1.661792e+00  2.265956214275610421e+02  1.000000000000000000e+05  1.000000000000000000e+05  1.000000000000000000e+05
336 4705 1.874661e-01 1.658372e+00  2.265956214275610421e+02  1.000000000000000000e+05  1.000000000000000000e+05  1.000000000000000000e+11
337 4719 1.849713e-01 1.659176e+00  2.265956214275610421e+02  1.000000000000000000e+05  1.000000000000000000e+05  1.000000000000000000e+05
338 4733 1.843828e-01 1.658819e+00  2.265956214275610421e+02  1.000000000000000000e+05  1.000000000000000000e+05  1.000000000000000000e+11
339 4747 1.815107e-01 1.660736e+00  2.265956214275610421e+02  1.000000000000000000e+05  1.000000000000000000e+05  1.000000000000000000e+05
340 4761 1.759703e-01 1.662043e+00  2.265956214275610421e+02  1.000000000000000000e+05  1.000000000000000000e+05  1.000000000000000000e+11
341 4775 1.726330e-01 1.662807e+00  2.265956214275610421e+02  1.000000000000000000e+05  1.000000000000000000e+05  1.000000000000000000e+11
342 4789 2.333160e-01 1.663676e+00  2.265956214275610421e+02  1.000000000000000000e+05  1.000000000000000000e+05  1.000000000000000000e+05
343 4803 2.287915e-01 1.664531e+00  2.265956214275610421e+02  1.000000000000000000e+05  1.000000000000000000e+05  1.000000000000000000e+11
344 4817 2.259213e-01 1.666899e+00  2.265956214275610421e+02  1.000000000000000000e+05  1.000000000000000000e+05  1.000000000000000000e+05
345 4831 2.186879e-01 1.668110e+00  2.265956214275610421e+02  1.000000000000000000e+05  1.000000000000000000e+05  1.000000000000000000e+11
346 4845 2.136930e-01 1.666222e+00  2.265956214275610421e+02  1.000000000000000000e+05  1.000000000000000000e+05  1.000000000000000000e+18
347 4859 2.080344e-01 1.667348e+00  2.265956214275610421e+02  1.000000000000000000e+05  1.000000000000000000e+05  1.000000000000000000e+05
348 4873 2.027263e-01 1.671123e+00  2.265956214275610421e+02  1.000000000000000000e+05  1.000000000000000000e+05  1.000000000000000000e+05
349 4887 1.982760e-01 1.673316e+00  2.265956214275610421e+02  1.000000000000000000e+05  1.000000000000000000e+05  1.000000000000000000e+05
350 4901 1.943684e-01 1.673158e+00  2.265956214275610421e+02  1.000000000000000000e+05  1.000000000000000000e+05  1.000000000000000000e+11
351 4915 1.899224e-01 1.676692e+00  2.265956214275610421e+02  1.000000000000000000e+05  1.000000000000000000e+05  1.000000000000000000e+05
352 4929 1.845349e-01 1.675626e+00  2.265956214275610421e+02  4.604916329989176120e+03  1.000000000000000000e+05  1.000000000000000000e+15
353 4943 1.799612e-01 1.674809e+00  2.265956214275610421e+02  1.000000000000000000e+05  1.000000000000000000e+05  1.000000000000000000e+15
354 4957 1.765060e-01 1.673128e+00  2.265956214275610421e+02  1.000000000000000000e+05  1.000000000000000000e+05  1.000000000000000000e+15
355 4971 1.745521e-01 1.671940e+00  2.265956214275610421e+02  1.000000000000000000e+05  1.000000000000000000e+05  1.000000000000000000e+18
356 4985 1.699960e-01 1.674962e+00  2.265956214275610421e+02  1.000000000000000000e+05  1.000000000000000000e+05  1.000000000000000000e+18
357 4999 1.628485e-01 1.676368e+00  2.265956214275610421e+02  1.000000000000000000e+05  1.000000000000000000e+05  1.000000000000000000e+11
358 5013 2.214413e-01 1.674813e+00  2.265956214275610421e+02  1.000000000000000000e+05  1.000000000000000000e+05  1.000000000000000000e+05
359 5027 2.159739e-01 1.675713e+00  2.265956214275610421e+02  1.000000000000000000e+05  1.000000000000000000e+05  1.000000000000000000e+18
360 5041 2.147782e-01 1.674777e+00  2.265956214275610421e+02  1.000000000000000000e+05  1.000000000000000000e+05  1.000000000000000000e+15
361 5055 2.089763e-01 1.673620e+00  2.265956214275610421e+02  1.000000000000000000e+05  1.000000000000000000e+05  1.000000000000000000e+18
362 5069 2.019645e-01 1.675179e+00  2.265956214275610421e+02  1.000000000000000000e+05  1.000000000000000000e+05  1.000000000000000000e+05
363 5083 1.970303e-01 1.676704e+00  2.265956214275610421e+02  1.000000000000000000e+05  1.000000000000000000e+05  1.000000000000000000e+05
364 5097 1.928116e-01 1.676311e+00  2.265956214275610421e+02  1.000000000000000000e+05  1.000000000000000000e+05  1.000000000000000000e+05
365 5111 1.850350e-01 1.677341e+00  2.265956214275610421e+02  1.000000000000000000e+05  1.000000000000000000e+05  1.000000000000000000e+05
366 5125 2.492289e-01 1.676254e+00  2.265956214275610421e+02  1.000000000000000000e+05  1.000000000000000000e+05  1.000000000000000000e+05
367 5139 2.409069e-01 1.676439e+00  2.265956214275610421e+02  1.000000000000000000e+05  1.000000000000000000e+05  1.000000000000000000e+18
368 5153 2.333793e-01 1.677072e+00  2.265956214275610421e+02  1.000000000000000000e+05  1.000000000000000000e+05  1.000000000000000000e+15
369 5167 2.231411e-01 1.680127e+00  2.265956214275610421e+02  1.000000000000000000e+05  1.000000000000000000e+05  1.000000000000000000e+11
370 5181 2.106247e-01 1.682388e+00  2.265956214275610421e+02  1.000000000000000000e+05  1.000000000000000000e+05  1.000000000000000000e+15
371 5195 1.985326e-01 1.685352e+00  2.265956214275610421e+02  1.000000000000000000e+05  1.000000000000000000e+05  1.000000000000000000e+11
372 5209 1.907465e-01 1.685473e+00  2.265956214275610421e+02  1.000000000000000000e+05  1.000000000000000000e+05  1.000000000000000000e+11
373 5223 1.824935e-01 1.688118e+00  2.265956214275610421e+02  1.000000000000000000e+05  1.000000000000000000e+05  1.000000000000000000e+11
374 5237 1.752186e-01 1.688863e+00  2.265956214275610421e+02  1.000000000000000000e+05  1.000000000000000000e+05  1.000000000000000000e+05
375 5251 2.358326e-01 1.685944e+00  2.265956214275610421e+02  1.000000000000000000e+05  1.000000000000000000e+05  1.000000000000000000e+11
376 5265 2.292765e-01 1.683237e+00  2.265956214275610421e+02  1.000000000000000000e+05  1.000000000000000000e+05  1.000000000000000000e+18
377 5279 2.241154e-01 1.686630e+00  2.265956214275610421e+02  1.000000000000000000e+05  1.000000000000000000e+05  1.000000000000000000e+05
378 5293 2.191945e-01 1.689276e+00  2.265956214275610421e+02  1.000000000000000000e+05  1.000000000000000000e+05  1.000000000000000000e+18
379 5307 2.156606e-01 1.687339e+00  2.265956214275610421e+02  1.000000000000000000e+05  1.000000000000000000e+05  1.000000000000000000e+18
380 5321 2.094913e-01 1.686236e+00  2.265956214275610421e+02  1.000000000000000000e+05  1.000000000000000000e+05  1.000000000000000000e+11
381 5335 2.030930e-01 1.692850e+00  2.265956214275610421e+02  1.000000000000000000e+05  1.000000000000000000e+05  1.000000000000000000e+05
382 5349 1.952624e-01 1.695508e+00  2.265956214275610421e+02  1.000000000000000000e+05  1.000000000000000000e+05  1.000000000000000000e+05
383 5363 2.600304e-01 1.696582e+00  2.265956214275610421e+02  1.000000000000000000e+05  1.000000000000000000e+05  1.000000000000000000e+18
384 5377 2.496657e-01 1.695081e+00  2.265956214275610421e+02  1.000000000000000000e+05  1.000000000000000000e+05  1.000000000000000000e+15
385 5391 2.420267e-01 1.697071e+00  2.265956214275610421e+02  1.000000000000000000e+05  1.000000000000000000e+05  1.000000000000000000e+05
386 5405 2.350724e-01 1.700754e+00  2.265956214275610421e+02  1.000000000000000000e+05  1.000000000000000000e+05  1.000000000000000000e+05
387 5419 2.291346e-01 1.701941e+00  2.265956214275610421e+02  1.000000000000000000e+05  1.000000000000000000e+05  1.000000000000000000e+11
388 5433 2.172169e-01 1.702174e+00  2.265956214275610421e+02  1.000000000000000000e+05  1.000000000000000000e+05  1.000000000000000000e+05
389 5447 2.094053e-01 1.707023e+00  2.265956214275610421e+02  1.000000000000000000e+05  1.000000000000000000e+05  1.000000000000000000e+05
390 5461 2.050931e-01 1.708653e+00  2.265956214275610421e+02  1.000000000000000000e+05  1.000000000000000000e+05  1.000000000000000000e+05
391 5475 2.791863e-01 1.705249e+00  2.265956214275610421e+02  1.000000000000000000e+05  1.000000000000000000e+05  1.000000000000000000e+05
392 5489 2.716844e-01 1.705987e+00  2.265956214275610421e+02  1.000000000000000000e+05  1.000000000000000000e+05  1.000000000000000000e+05
393 5503 2.612387e-01 1.712728e+00  2.265956214275610421e+02  1.000000000000000000e+05  1.000000000000000000e+05  1.000000000000000000e+05
394 5517 2.517206e-01 1.714023e+00  2.265956214275610421e+02  1.000000000000000000e+05  1.000000000000000000e+05  1.000000000000000000e+15
395 5531 2.434637e-01 1.707618e+00  2.265956214275610421e+02  1.000000000000000000e+05  1.000000000000000000e+05  1.000000000000000000e+11
396 5545 2.405821e-01 1.706301e+00  2.265956214275610421e+02  1.000000000000000000e+05  1.000000000000000000e+05  1.000000000000000000e+05
397 5559 2.378151e-01 1.705962e+00  2.265956214275610421e+02  1.000000000000000000e+05  1.000000000000000000e+05  1.000000000000000000e+05
398 5573 2.330906e-01 1.704204e+00  2.265956214275610421e+02  1.000000000000000000e+05  1.000000000000000000e+05  1.000000000000000000e+05
399 5587 2.285816e-01 1.704312e+00  2.265956214275610421e+02  1.000000000000000000e+05  1.000000000000000000e+05  1.000000000000000000e+05
400 5601 2.198607e-01 1.703943e+00  2.265956214275610421e+02  1.000000000000000000e+05  1.000000000000000000e+05  1.000000000000000000e+05
401 5615 2.129591e-01 1.707459e+00  2.265956214275610421e+02  1.000000000000000000e+05  1.000000000000000000e+05  1.000000000000000000e+05
402 5629 2.070148e-01 1.704054e+00  2.265956214275610421e+02  1.000000000000000000e+05  1.000000000000000000e+05  1.000000000000000000e+05
403 5643 1.990226e-01 1.703494e+00  2.265956214275610421e+02  1.000000000000000000e+05  1.000000000000000000e+05  1.000000000000000000e+05
404 5657 1.911462e-01 1.698363e+00  2.265956214275610421e+02  1.000000000000000000e+05  1.000000000000000000e+05  1.000000000000000000e+05
405 5671 1.815582e-01 1.697188e+00  2.265956214275610421e+02  1.000000000000000000e+05  1.000000000000000000e+05  1.000000000000000000e+05
406 5685 1.741766e-01 1.697978e+00  2.265956214275610421e+02  1.000000000000000000e+05  1.000000000000000000e+05  1.000000000000000000e+05
407 5699 1.669911e-01 1.697100e+00  2.265956214275610421e+02  1.000000000000000000e+05  1.000000000000000000e+05  1.000000000000000000e+05
408 5713 2.292780e-01 1.697129e+00  2.265956214275610421e+02  1.000000000000000000e+05  1.000000000000000000e+05  1.000000000000000000e+05
409 5727 2.272528e-01 1.698872e+00  2.265956214275610421e+02  1.000000000000000000e+05  1.000000000000000000e+05  1.000000000000000000e+05
410 5741 2.204985e-01 1.701539e+00  2.265956214275610421e+02  1.000000000000000000e+05  1.000000000000000000e+05  1.000000000000000000e+05
411 5755 2.146964e-01 1.702706e+00  2.265956214275610421e+02  1.000000000000000000e+05  1.000000000000000000e+05  1.000000000000000000e+05
412 5769 2.097523e-01 1.705072e+00  2.265956214275610421e+02  1.000000000000000000e+05  1.000000000000000000e+05  1.000000000000000000e+05
413 5783 2.008915e-01 1.712034e+00  2.265956214275610421e+02  1.000000000000000000e+05  1.000000000000000000e+05  1.000000000000000000e+05
414 5797 1.989639e-01 1.718661e+00  2.265956214275610421e+02  1.000000000000000000e+05  1.000000000000000000e+05  1.000000000000000000e+05
415 5811 1.931410e-01 1.719475e+00  2.265956214275610421e+02  1.000000000000000000e+05  1.000000000000000000e+05  1.000000000000000000e+05
416 5825 1.898377e-01 1.718723e+00  2.265956214275610421e+02  1.000000000000000000e+05  1.000000000000000000e+05  1.000000000000000000e+05
417 5839 1.844195e-01 1.721108e+00  2.265956214275610421e+02  1.000000000000000000e+05  1.000000000000000000e+05  1.000000000000000000e+05
418 5853 1.786386e-01 1.722422e+00  2.265956214275610421e+02  1.000000000000000000e+05  1.000000000000000000e+05  1.000000000000000000e+05
419 5867 1.777785e-01 1.728206e+00  2.265956214275610421e+02  1.000000000000000000e+05  1.000000000000000000e+05  1.000000000000000000e+05
420 5881 2.508254e-01 1.728547e+00  2.265956214275610421e+02  1.000000000000000000e+05  1.000000000000000000e+05  1.000000000000000000e+05
421 5895 2.489393e-01 1.730051e+00  2.265956214275610421e+02  1.000000000000000000e+05  1.000000000000000000e+05  1.000000000000000000e+13
422 5909 2.473976e-01 1.729237e+00  2.265956214275610421e+02  1.000000000000000000e+05  1.000000000000000000e+05  1.000000000000000000e+15
423 5923 2.402925e-01 1.733910e+00  2.265956214275610421e+02  1.000000000000000000e+05  1.000000000000000000e+05  1.000000000000000000e+13
424 5937 2.357881e-01 1.730464e+00  2.265956214275610421e+02  1.000000000000000000e+05  1.000000000000000000e+05  1.000000000000000000e+13
425 5951 2.313932e-01 1.740019e+00  2.265956214275610421e+02  1.000000000000000000e+05  1.000000000000000000e+05  1.000000000000000000e+13
426 5965 2.241272e-01 1.739230e+00  2.265956214275610421e+02  1.000000000000000000e+05  1.000000000000000000e+05  1.000000000000000000e+13
427 5979 2.165918e-01 1.740341e+00  2.265956214275610421e+02  1.000000000000000000e+05  1.000000000000000000e+05  1.000000000000000000e+13
428 5993 2.101579e-01 1.739386e+00  2.265956214275610421e+02  1.000000000000000000e+05  1.000000000000000000e+05  1.000000000000000000e+13
429 6007 2.029652e-01 1.741056e+00  2.265956214275610421e+02  1.000000000000000000e+05  1.000000000000000000e+05  1.000000000000000000e+13
430 6021 1.977432e-01 1.742080e+00  2.265956214275610421e+02  1.000000000000000000e+05  1.000000000000000000e+05  1.000000000000000000e+13
431 6035 1.911023e-01 1.754216e+00  2.265956214275610421e+02  1.000000000000000000e+05  1.000000000000000000e+05  1.000000000000000000e+15
432 6049 1.858258e-01 1.759559e+00  2.265956214275610421e+02  1.000000000000000000e+05  1.000000000000000000e+05  1.000000000000000000e+13
433 6063 1.805184e-01 1.759498e+00  2.265956214275610421e+02  1.000000000000000000e+05  1.000000000000000000e+05  1.000000000000000000e+05
434 6077 2.390674e-01 1.760689e+00  2.265956214275610421e+02  1.000000000000000000e+05  1.000000000000000000e+05  1.000000000000000000e+05
435 6091 3.174356e-01 1.758747e+00  2.265956214275610421e+02  1.000000000000000000e+05  1.000000000000000000e+05  1.000000000000000000e+05
