%  columns=["iteration, evaluation, sigma, void, void, stds==sigma*sqrt(diag(C))" (startseed=211361, 2023/08/26 18:4:34.62)
1 15 2.798520e-01 0 0 2.797629e-01 2.792959e-01 2.798085e-01 2.792187e-01 2.799606e-01 2.799998e-01 2.794662e-01 2.796981e-01 2.794484e-01 2.795768e-01 2.794631e-01 2.806661e-01 2.797109e-01 2.796872e-01 2.791892e-01 2.807013e-01 2.794546e-01 2.799370e-01 2.793881e-01 2.793789e-01 2.795774e-01 2.797207e-01 2.792521e-01 2.798177e-01 2.798653e-01 2.794905e-01 2.800028e-01 2.795306e-01 2.795031e-01 2.796237e-01 2.794427e-01 2.799329e-01 2.792216e-01 2.795378e-01 
2 29 2.672833e-01 0 0 2.679175e-01 2.667446e-01 2.673037e-01 2.665743e-01 2.671713e-01 2.673462e-01 2.666373e-01 2.670488e-01 2.663324e-01 2.663672e-01 2.665509e-01 2.681086e-01 2.666140e-01 2.668704e-01 2.664001e-01 2.677198e-01 2.666315e-01 2.671818e-01 2.671282e-01 2.675249e-01 2.664733e-01 2.667802e-01 2.661756e-01 2.671391e-01 2.669020e-01 2.666595e-01 2.671727e-01 2.665463e-01 2.668128e-01 2.667017e-01 2.673787e-01 2.671051e-01 2.669181e-01 2.665633e-01 
3 43 2.586233e-01 0 0 2.588892e-01 2.578613e-01 2.583990e-01 2.574940e-01 2.582794e-01 2.587647e-01 2.578809e-01 2.585876e-01 2.570565e-01 2.572639e-01 2.580071e-01 2.590180e-01 2.578523e-01 2.593886e-01 2.578501e-01 2.586597e-01 2.577632e-01 2.583685e-01 2.583488e-01 2.585804e-01 2.586447e-01 2.578781e-01 2.571451e-01 2.579181e-01 2.578877e-01 2.584691e-01 2.585613e-01 2.578561e-01 2.579320e-01 2.582041e-01 2.593111e-01 2.578139e-01 2.579530e-01 2.575988e-01 
4 57 2.481558e-01 0 0 2.480942e-01 2.475511e-01 2.474384e-01 2.469176e-01 2.477423e-01 2.482044e-01 2.469670e-01 2.479227e-01 2.462187e-01 2.468665e-01 2.472098e-01 2.482913e-01 2.471670e-01 2.484033e-01 2.472133e-01 2.477859e-01 2.469735e-01 2.474071e-01 2.474167e-01 2.483983e-01 2.480225e-01 2.470276e-01 2.462037e-01 2.473828e-01 2.470154e-01 2.486668e-01 2.475778e-01 2.471643e-01 2.468988e-01 2.474719e-01 2.488090e-01 2.469711e-01 2.472064e-01 2.471387e-01 
5 71 2.375609e-01 0 0 2.372494e-01 2.370473e-01 2.364074e-01 2.364679e-01 2.374118e-01 2.384720e-01 2.360552e-01 2.369659e-01 2.352545e-01 2.360407e-01 2.363919e-01 2.373495e-01 2.361626e-01 2.377408e-01 2.364664e-01 2.370034e-01 2.360208e-01 2.372952e-01 2.367374e-01 2.375296e-01 2.370369e-01 2.364951e-01 2.354932e-01 2.362682e-01 2.362989e-01 2.385810e-01 2.371011e-01 2.361450e-01 2.359398e-01 2.366743e-01 2.381108e-01 2.361430e-01 2.361572e-01 2.363107e-01 
6 85 2.289022e-01 0 0 2.285320e-01 2.283663e-01 2.273334e-01 2.274214e-01 2.300331e-01 2.296366e-01 2.272456e-01 2.280791e-01 2.264768e-01 2.272287e-01 2.277362e-01 2.287033e-01 2.274179e-01 2.285939e-01 2.280071e-01 2.280349e-01 2.276281e-01 2.282264e-01 2.278853e-01 2.286075e-01 2.280918e-01 2.281852e-01 2.265567e-01 2.277877e-01 2.274500e-01 2.296118e-01 2.280487e-01 2.275105e-01 2.272861e-01 2.277199e-01 2.292601e-01 2.279370e-01 2.272005e-01 2.275673e-01 
7 99 2.209936e-01 0 0 2.201959e-01 2.202220e-01 2.192417e-01 2.191061e-01 2.222329e-01 2.219212e-01 2.191352e-01 2.198336e-01 2.181413e-01 2.193266e-01 2.194033e-01 2.203916e-01 2.196120e-01 2.204855e-01 2.198434e-01 2.199894e-01 2.198339e-01 2.200793e-01 2.197227e-01 2.212189e-01 2.198747e-01 2.203660e-01 2.184746e-01 2.199833e-01 2.190905e-01 2.214095e-01 2.201996e-01 2.194419e-01 2.190261e-01 2.193630e-01 2.210000e-01 2.198463e-01 2.190566e-01 2.197172e-01 
8 113 2.129185e-01 0 0 2.117822e-01 2.117466e-01 2.107797e-01 2.111362e-01 2.140078e-01 2.135813e-01 2.106603e-01 2.113913e-01 2.098732e-01 2.108923e-01 2.112330e-01 2.121128e-01 2.111368e-01 2.123442e-01 2.124661e-01 2.118281e-01 2.121940e-01 2.116273e-01 2.118890e-01 2.131197e-01 2.118275e-01 2.119848e-01 2.105147e-01 2.120273e-01 2.110442e-01 2.130623e-01 2.119609e-01 2.109891e-01 2.106986e-01 2.109285e-01 2.126280e-01 2.115993e-01 2.112295e-01 2.113747e-01 
9 127 2.034081e-01 0 0 2.027613e-01 2.020606e-01 2.012404e-01 2.016019e-01 2.046462e-01 2.039397e-01 2.015311e-01 2.016460e-01 2.001904e-01 2.016559e-01 2.013948e-01 2.037045e-01 2.024632e-01 2.025539e-01 2.029345e-01 2.020189e-01 2.024015e-01 2.020000e-01 2.022077e-01 2.034962e-01 2.023012e-01 2.027059e-01 2.009615e-01 2.027525e-01 2.015124e-01 2.033376e-01 2.021799e-01 2.013381e-01 2.011322e-01 2.013935e-01 2.028217e-01 2.018695e-01 2.014501e-01 2.016143e-01 
10 141 1.980075e-01 0 0 1.973416e-01 1.965969e-01 1.959254e-01 1.961553e-01 1.988715e-01 1.986285e-01 1.960374e-01 1.958815e-01 1.945451e-01 1.961803e-01 1.959541e-01 1.980859e-01 1.969235e-01 1.974096e-01 1.979453e-01 1.965480e-01 1.967293e-01 1.969933e-01 1.966096e-01 1.979304e-01 1.970719e-01 1.971223e-01 1.955949e-01 1.973805e-01 1.960134e-01 1.981192e-01 1.964904e-01 1.958571e-01 1.957628e-01 1.958179e-01 1.971798e-01 1.965164e-01 1.956990e-01 1.961847e-01 
11 155 1.927294e-01 0 0 1.916047e-01 1.910145e-01 1.906609e-01 1.906943e-01 1.933919e-01 1.932759e-01 1.905529e-01 1.904927e-01 1.891285e-01 1.917274e-01 1.905346e-01 1.933251e-01 1.913983e-01 1.920021e-01 1.925182e-01 1.913249e-01 1.922347e-01 1.913749e-01 1.909179e-01 1.923394e-01 1.916460e-01 1.914429e-01 1.901203e-01 1.919267e-01 1.906165e-01 1.928153e-01 1.908220e-01 1.901288e-01 1.902356e-01 1.903412e-01 1.920555e-01 1.909333e-01 1.902247e-01 1.907225e-01 
12 169 1.864306e-01 0 0 1.851060e-01 1.849441e-01 1.841487e-01 1.841359e-01 1.868119e-01 1.870696e-01 1.841673e-01 1.839485e-01 1.828323e-01 1.855136e-01 1.840381e-01 1.868959e-01 1.848720e-01 1.854485e-01 1.860843e-01 1.849752e-01 1.858626e-01 1.849426e-01 1.843039e-01 1.857545e-01 1.853676e-01 1.855596e-01 1.838816e-01 1.854349e-01 1.848514e-01 1.863158e-01 1.844618e-01 1.836433e-01 1.838056e-01 1.838516e-01 1.857543e-01 1.843577e-01 1.836143e-01 1.842992e-01 
13 183 1.825392e-01 0 0 1.809274e-01 1.816529e-01 1.799780e-01 1.800753e-01 1.829709e-01 1.829890e-01 1.802062e-01 1.801173e-01 1.787732e-01 1.815766e-01 1.801790e-01 1.830781e-01 1.816723e-01 1.816546e-01 1.824372e-01 1.808175e-01 1.816934e-01 1.808030e-01 1.803603e-01 1.821624e-01 1.813030e-01 1.814768e-01 1.796716e-01 1.814612e-01 1.810353e-01 1.821076e-01 1.805802e-01 1.794574e-01 1.800735e-01 1.800642e-01 1.819201e-01 1.807842e-01 1.797554e-01 1.805421e-01 
14 197 1.811687e-01 0 0 1.794215e-01 1.804235e-01 1.786182e-01 1.786515e-01 1.814668e-01 1.814582e-01 1.786993e-01 1.785539e-01 1.775289e-01 1.809077e-01 1.787167e-01 1.816698e-01 1.801002e-01 1.801414e-01 1.812050e-01 1.795128e-01 1.806331e-01 1.791715e-01 1.788481e-01 1.809524e-01 1.802480e-01 1.799368e-01 1.782032e-01 1.803408e-01 1.794576e-01 1.804320e-01 1.790393e-01 1.778031e-01 1.784207e-01 1.783547e-01 1.810599e-01 1.792259e-01 1.781615e-01 1.790584e-01 
15 211 1.776684e-01 0 0 1.764909e-01 1.768510e-01 1.748155e-01 1.748958e-01 1.779519e-01 1.777490e-01 1.752377e-01 1.749717e-01 1.737431e-01 1.775341e-01 1.750000e-01 1.779372e-01 1.764687e-01 1.764214e-01 1.775770e-01 1.759372e-01 1.775804e-01 1.753715e-01 1.752074e-01 1.773720e-01 1.768076e-01 1.763469e-01 1.745503e-01 1.771481e-01 1.758065e-01 1.766169e-01 1.759841e-01 1.740919e-01 1.753220e-01 1.746221e-01 1.774430e-01 1.757878e-01 1.746448e-01 1.752674e-01 
16 225 1.748014e-01 0 0 1.736114e-01 1.740487e-01 1.718043e-01 1.718960e-01 1.750264e-01 1.745764e-01 1.724435e-01 1.720125e-01 1.711485e-01 1.748658e-01 1.718284e-01 1.750931e-01 1.736913e-01 1.744934e-01 1.749451e-01 1.729063e-01 1.748303e-01 1.723421e-01 1.724784e-01 1.742968e-01 1.737692e-01 1.731708e-01 1.714389e-01 1.740748e-01 1.728650e-01 1.734431e-01 1.728681e-01 1.710154e-01 1.722414e-01 1.714122e-01 1.742352e-01 1.734638e-01 1.716909e-01 1.723132e-01 
17 239 1.724071e-01 0 0 1.712791e-01 1.716393e-01 1.694007e-01 1.694386e-01 1.724541e-01 1.721997e-01 1.706220e-01 1.694421e-01 1.685005e-01 1.723003e-01 1.690767e-01 1.728045e-01 1.711022e-01 1.721148e-01 1.723731e-01 1.702892e-01 1.722822e-01 1.701235e-01 1.699203e-01 1.720604e-01 1.710939e-01 1.707412e-01 1.689966e-01 1.716150e-01 1.706564e-01 1.706654e-01 1.701353e-01 1.682889e-01 1.699057e-01 1.688352e-01 1.715406e-01 1.710317e-01 1.689940e-01 1.695743e-01 
18 253 1.677858e-01 0 0 1.665594e-01 1.669457e-01 1.647450e-01 1.647282e-01 1.678962e-01 1.676354e-01 1.661798e-01 1.648112e-01 1.637102e-01 1.674496e-01 1.642734e-01 1.679245e-01 1.675028e-01 1.672514e-01 1.678447e-01 1.657797e-01 1.677376e-01 1.654324e-01 1.651558e-01 1.675349e-01 1.666432e-01 1.659629e-01 1.642947e-01 1.668516e-01 1.661580e-01 1.666167e-01 1.654478e-01 1.634369e-01 1.653823e-01 1.642317e-01 1.665418e-01 1.664219e-01 1.641851e-01 1.649897e-01 
19 267 1.626006e-01 0 0 1.610650e-01 1.616385e-01 1.593545e-01 1.593396e-01 1.623256e-01 1.624792e-01 1.611649e-01 1.594520e-01 1.589770e-01 1.622998e-01 1.592227e-01 1.624948e-01 1.623898e-01 1.618635e-01 1.625976e-01 1.604446e-01 1.621743e-01 1.601616e-01 1.601300e-01 1.622673e-01 1.613544e-01 1.610182e-01 1.591714e-01 1.614403e-01 1.607331e-01 1.620881e-01 1.600354e-01 1.580577e-01 1.601023e-01 1.588460e-01 1.613439e-01 1.615253e-01 1.588456e-01 1.598067e-01 
20 281 1.552618e-01 0 0 1.537888e-01 1.541301e-01 1.519309e-01 1.523091e-01 1.546670e-01 1.548851e-01 1.537977e-01 1.518937e-01 1.515989e-01 1.547387e-01 1.519385e-01 1.549610e-01 1.547152e-01 1.547868e-01 1.549987e-01 1.529781e-01 1.546019e-01 1.527202e-01 1.527374e-01 1.547427e-01 1.537783e-01 1.534536e-01 1.522492e-01 1.539993e-01 1.534114e-01 1.554869e-01 1.527110e-01 1.506324e-01 1.532199e-01 1.517408e-01 1.537993e-01 1.539091e-01 1.515036e-01 1.524002e-01 
21 295 1.503223e-01 0 0 1.486836e-01 1.490235e-01 1.468602e-01 1.472471e-01 1.494274e-01 1.501105e-01 1.488219e-01 1.467776e-01 1.467361e-01 1.497515e-01 1.470026e-01 1.499893e-01 1.493908e-01 1.497326e-01 1.498617e-01 1.482111e-01 1.495900e-01 1.476297e-01 1.482222e-01 1.496075e-01 1.487865e-01 1.484333e-01 1.475273e-01 1.489502e-01 1.483105e-01 1.504867e-01 1.477409e-01 1.459762e-01 1.481716e-01 1.468332e-01 1.487351e-01 1.490046e-01 1.467640e-01 1.473853e-01 
22 309 2.025828e-01 0 0 2.001361e-01 2.004986e-01 1.978874e-01 1.988090e-01 2.015753e-01 2.020777e-01 2.006427e-01 1.977072e-01 1.978033e-01 2.025141e-01 1.978930e-01 2.018238e-01 2.009906e-01 2.015335e-01 2.023926e-01 1.994759e-01 2.016281e-01 1.988993e-01 1.996072e-01 2.017853e-01 2.002088e-01 1.997631e-01 1.986526e-01 2.005062e-01 1.995459e-01 2.026899e-01 1.988009e-01 1.968946e-01 1.994383e-01 1.980688e-01 2.002688e-01 2.003286e-01 1.981367e-01 1.983085e-01 
23 323 1.970643e-01 0 0 1.944339e-01 1.947624e-01 1.921828e-01 1.930120e-01 1.957543e-01 1.963119e-01 1.953712e-01 1.923737e-01 1.922805e-01 1.972535e-01 1.923724e-01 1.959013e-01 1.950292e-01 1.962336e-01 1.968726e-01 1.942298e-01 1.962205e-01 1.932987e-01 1.944212e-01 1.961396e-01 1.948376e-01 1.939249e-01 1.940155e-01 1.945552e-01 1.938813e-01 1.971198e-01 1.931538e-01 1.918093e-01 1.936397e-01 1.927245e-01 1.944481e-01 1.952760e-01 1.927531e-01 1.929389e-01 
24 337 1.900090e-01 0 0 1.871865e-01 1.875759e-01 1.849948e-01 1.863483e-01 1.886069e-01 1.891389e-01 1.885382e-01 1.852376e-01 1.861868e-01 1.900375e-01 1.856042e-01 1.886119e-01 1.876907e-01 1.892313e-01 1.898141e-01 1.872214e-01 1.889638e-01 1.862864e-01 1.882325e-01 1.893076e-01 1.875215e-01 1.865303e-01 1.870642e-01 1.874422e-01 1.868312e-01 1.896940e-01 1.858466e-01 1.847020e-01 1.870975e-01 1.859219e-01 1.874072e-01 1.883756e-01 1.857213e-01 1.858347e-01 
25 351 1.837011e-01 0 0 1.807841e-01 1.810468e-01 1.784982e-01 1.807458e-01 1.821718e-01 1.829034e-01 1.819822e-01 1.789201e-01 1.796168e-01 1.836228e-01 1.792893e-01 1.820357e-01 1.812303e-01 1.830192e-01 1.836096e-01 1.806023e-01 1.824760e-01 1.798796e-01 1.820964e-01 1.835585e-01 1.810128e-01 1.802978e-01 1.805926e-01 1.811024e-01 1.802660e-01 1.835753e-01 1.796730e-01 1.786345e-01 1.809312e-01 1.799795e-01 1.810428e-01 1.817066e-01 1.793034e-01 1.794047e-01 
26 365 1.813545e-01 0 0 1.784579e-01 1.786252e-01 1.758821e-01 1.783517e-01 1.795299e-01 1.803081e-01 1.794868e-01 1.763909e-01 1.772347e-01 1.809322e-01 1.767122e-01 1.798610e-01 1.786834e-01 1.807853e-01 1.809978e-01 1.778916e-01 1.799551e-01 1.774532e-01 1.794653e-01 1.815806e-01 1.790353e-01 1.780967e-01 1.786410e-01 1.790012e-01 1.779762e-01 1.809936e-01 1.771986e-01 1.769061e-01 1.784268e-01 1.781006e-01 1.787220e-01 1.794118e-01 1.768603e-01 1.768697e-01 
27 379 1.800504e-01 0 0 1.770482e-01 1.771055e-01 1.746767e-01 1.772004e-01 1.781293e-01 1.787373e-01 1.779902e-01 1.748851e-01 1.758184e-01 1.793217e-01 1.753315e-01 1.789980e-01 1.773825e-01 1.796987e-01 1.797563e-01 1.768024e-01 1.782683e-01 1.758678e-01 1.782579e-01 1.805038e-01 1.774516e-01 1.769377e-01 1.771609e-01 1.775850e-01 1.763067e-01 1.793957e-01 1.760490e-01 1.769363e-01 1.768455e-01 1.770389e-01 1.772107e-01 1.777305e-01 1.763033e-01 1.756091e-01 
28 393 1.748264e-01 0 0 1.717973e-01 1.719148e-01 1.693385e-01 1.719678e-01 1.726913e-01 1.736194e-01 1.729798e-01 1.701150e-01 1.716760e-01 1.738598e-01 1.699825e-01 1.735413e-01 1.720412e-01 1.742263e-01 1.742418e-01 1.717136e-01 1.732814e-01 1.704196e-01 1.728278e-01 1.753002e-01 1.719223e-01 1.722033e-01 1.722565e-01 1.723379e-01 1.714638e-01 1.739377e-01 1.707740e-01 1.721117e-01 1.714183e-01 1.720237e-01 1.719683e-01 1.724865e-01 1.711481e-01 1.705148e-01 
29 407 1.679089e-01 0 0 1.647906e-01 1.647740e-01 1.623945e-01 1.649271e-01 1.654902e-01 1.666837e-01 1.661300e-01 1.631036e-01 1.651071e-01 1.671996e-01 1.633897e-01 1.664837e-01 1.655582e-01 1.673026e-01 1.673787e-01 1.646389e-01 1.665403e-01 1.636032e-01 1.656134e-01 1.683238e-01 1.649321e-01 1.652613e-01 1.652960e-01 1.652458e-01 1.648382e-01 1.668850e-01 1.640269e-01 1.654068e-01 1.643428e-01 1.653238e-01 1.650057e-01 1.654219e-01 1.642304e-01 1.639805e-01 
30 421 2.256732e-01 0 0 2.221215e-01 2.209656e-01 2.178518e-01 2.218912e-01 2.220332e-01 2.240302e-01 2.229209e-01 2.191222e-01 2.216899e-01 2.243328e-01 2.193668e-01 2.235744e-01 2.226072e-01 2.248351e-01 2.250048e-01 2.207044e-01 2.235885e-01 2.194165e-01 2.225478e-01 2.263849e-01 2.213252e-01 2.218122e-01 2.216245e-01 2.220039e-01 2.217068e-01 2.238164e-01 2.206271e-01 2.221976e-01 2.204336e-01 2.218630e-01 2.216213e-01 2.226266e-01 2.206807e-01 2.201963e-01 
31 435 2.204398e-01 0 0 2.169880e-01 2.156682e-01 2.123062e-01 2.166693e-01 2.165809e-01 2.186246e-01 2.172536e-01 2.138731e-01 2.164719e-01 2.189717e-01 2.139791e-01 2.180403e-01 2.170095e-01 2.191945e-01 2.197968e-01 2.151193e-01 2.183585e-01 2.140248e-01 2.177209e-01 2.214574e-01 2.157937e-01 2.163775e-01 2.168659e-01 2.166165e-01 2.163686e-01 2.182937e-01 2.154640e-01 2.169271e-01 2.149138e-01 2.164514e-01 2.161200e-01 2.173908e-01 2.154929e-01 2.147675e-01 
32 449 2.184300e-01 0 0 2.151041e-01 2.131671e-01 2.099187e-01 2.143999e-01 2.141477e-01 2.162927e-01 2.148915e-01 2.114907e-01 2.147245e-01 2.168846e-01 2.118122e-01 2.163525e-01 2.146929e-01 2.172095e-01 2.174445e-01 2.128943e-01 2.164079e-01 2.118630e-01 2.159341e-01 2.195994e-01 2.135007e-01 2.141162e-01 2.149454e-01 2.148411e-01 2.142777e-01 2.162580e-01 2.135236e-01 2.147157e-01 2.128034e-01 2.146008e-01 2.139839e-01 2.152821e-01 2.131549e-01 2.131425e-01 
33 463 2.138498e-01 0 0 2.107465e-01 2.085524e-01 2.052357e-01 2.098200e-01 2.093303e-01 2.117262e-01 2.100212e-01 2.069556e-01 2.102671e-01 2.124835e-01 2.069302e-01 2.117287e-01 2.099453e-01 2.127400e-01 2.127793e-01 2.084455e-01 2.116019e-01 2.070463e-01 2.113632e-01 2.150912e-01 2.101987e-01 2.096741e-01 2.103864e-01 2.102460e-01 2.094845e-01 2.118508e-01 2.089392e-01 2.097181e-01 2.080963e-01 2.100204e-01 2.094049e-01 2.108463e-01 2.087584e-01 2.087203e-01 
34 477 2.103121e-01 0 0 2.075232e-01 2.052024e-01 2.015630e-01 2.061611e-01 2.058619e-01 2.082095e-01 2.061498e-01 2.032956e-01 2.068186e-01 2.086963e-01 2.031859e-01 2.082315e-01 2.063469e-01 2.095277e-01 2.089660e-01 2.046103e-01 2.076179e-01 2.035091e-01 2.079301e-01 2.116046e-01 2.077049e-01 2.060396e-01 2.067385e-01 2.066473e-01 2.059531e-01 2.084842e-01 2.051738e-01 2.062917e-01 2.047112e-01 2.063808e-01 2.064603e-01 2.068981e-01 2.055705e-01 2.051189e-01 
35 491 2.028213e-01 0 0 2.003354e-01 1.978470e-01 1.942822e-01 1.988437e-01 1.983492e-01 2.006233e-01 1.990120e-01 1.956696e-01 1.994304e-01 2.009347e-01 1.958900e-01 2.006773e-01 1.988861e-01 2.020954e-01 2.015182e-01 1.971028e-01 1.999926e-01 1.961800e-01 2.004763e-01 2.039839e-01 2.004893e-01 1.982799e-01 1.989300e-01 1.990244e-01 1.982971e-01 2.008944e-01 1.975974e-01 1.990323e-01 1.971939e-01 1.987946e-01 1.987259e-01 1.992414e-01 1.981406e-01 1.980153e-01 
36 505 1.923855e-01 0 0 1.896734e-01 1.878360e-01 1.839925e-01 1.884794e-01 1.878195e-01 1.902358e-01 1.887682e-01 1.852913e-01 1.899047e-01 1.912949e-01 1.853507e-01 1.900032e-01 1.883084e-01 1.913900e-01 1.909242e-01 1.868208e-01 1.896527e-01 1.860466e-01 1.899228e-01 1.934884e-01 1.900201e-01 1.878475e-01 1.883990e-01 1.884866e-01 1.877605e-01 1.904811e-01 1.874303e-01 1.884734e-01 1.868560e-01 1.888727e-01 1.884324e-01 1.886261e-01 1.877088e-01 1.880450e-01 
37 519 1.852211e-01 0 0 1.824550e-01 1.804999e-01 1.770598e-01 1.813401e-01 1.806248e-01 1.827027e-01 1.814430e-01 1.780426e-01 1.825397e-01 1.838020e-01 1.782568e-01 1.827128e-01 1.813098e-01 1.840380e-01 1.838478e-01 1.798197e-01 1.823741e-01 1.789212e-01 1.827031e-01 1.860322e-01 1.828291e-01 1.807226e-01 1.810092e-01 1.811082e-01 1.804355e-01 1.833934e-01 1.803030e-01 1.811603e-01 1.798627e-01 1.817371e-01 1.816513e-01 1.815057e-01 1.808688e-01 1.809500e-01 
38 533 1.805162e-01 0 0 1.780919e-01 1.757355e-01 1.723976e-01 1.766512e-01 1.758108e-01 1.778261e-01 1.765838e-01 1.734317e-01 1.775405e-01 1.796033e-01 1.734549e-01 1.788416e-01 1.763936e-01 1.794689e-01 1.792859e-01 1.749846e-01 1.777359e-01 1.742952e-01 1.776310e-01 1.812082e-01 1.786423e-01 1.759328e-01 1.759841e-01 1.762896e-01 1.754729e-01 1.784198e-01 1.759253e-01 1.762591e-01 1.752940e-01 1.768143e-01 1.768723e-01 1.767443e-01 1.759576e-01 1.762265e-01 
39 547 1.767713e-01 0 0 1.744827e-01 1.719926e-01 1.685697e-01 1.727297e-01 1.719737e-01 1.738345e-01 1.725877e-01 1.703461e-01 1.735625e-01 1.756424e-01 1.704105e-01 1.748868e-01 1.727528e-01 1.754836e-01 1.754405e-01 1.710144e-01 1.738201e-01 1.704622e-01 1.737798e-01 1.771101e-01 1.750804e-01 1.718933e-01 1.719696e-01 1.723804e-01 1.717250e-01 1.744420e-01 1.728363e-01 1.722524e-01 1.712994e-01 1.728349e-01 1.732035e-01 1.728186e-01 1.720541e-01 1.726534e-01 
40 561 1.705725e-01 0 0 1.680476e-01 1.656179e-01 1.626503e-01 1.665317e-01 1.657627e-01 1.677570e-01 1.665284e-01 1.642651e-01 1.672740e-01 1.692015e-01 1.642309e-01 1.684000e-01 1.667358e-01 1.692401e-01 1.691388e-01 1.651277e-01 1.674668e-01 1.643827e-01 1.676471e-01 1.706466e-01 1.687213e-01 1.658427e-01 1.661367e-01 1.662352e-01 1.659126e-01 1.682092e-01 1.668988e-01 1.664108e-01 1.656125e-01 1.671449e-01 1.669900e-01 1.665898e-01 1.659898e-01 1.663177e-01 
41 575 2.326487e-01 0 0 2.289296e-01 2.258208e-01 2.214885e-01 2.267713e-01 2.256584e-01 2.283823e-01 2.272906e-01 2.242308e-01 2.286904e-01 2.303791e-01 2.241064e-01 2.300885e-01 2.271021e-01 2.303991e-01 2.306130e-01 2.250844e-01 2.283178e-01 2.237706e-01 2.282558e-01 2.326426e-01 2.297068e-01 2.262013e-01 2.262965e-01 2.264064e-01 2.258921e-01 2.297292e-01 2.271219e-01 2.268214e-01 2.258826e-01 2.277445e-01 2.273233e-01 2.269813e-01 2.264901e-01 2.264053e-01 
42 589 2.286671e-01 0 0 2.247245e-01 2.222016e-01 2.181719e-01 2.227875e-01 2.213420e-01 2.240414e-01 2.237350e-01 2.204213e-01 2.245804e-01 2.258873e-01 2.203161e-01 2.261108e-01 2.230071e-01 2.261970e-01 2.265426e-01 2.208696e-01 2.242410e-01 2.195609e-01 2.241199e-01 2.282613e-01 2.254771e-01 2.218483e-01 2.225414e-01 2.221234e-01 2.215281e-01 2.254387e-01 2.231434e-01 2.230219e-01 2.219207e-01 2.238653e-01 2.232135e-01 2.229435e-01 2.223180e-01 2.226225e-01 
43 603 2.221655e-01 0 0 2.180172e-01 2.167232e-01 2.121951e-01 2.169570e-01 2.150007e-01 2.174663e-01 2.172113e-01 2.139172e-01 2.179729e-01 2.190990e-01 2.142186e-01 2.197546e-01 2.168000e-01 2.200997e-01 2.201529e-01 2.141213e-01 2.173955e-01 2.127700e-01 2.174948e-01 2.213406e-01 2.186073e-01 2.156350e-01 2.161115e-01 2.157679e-01 2.149116e-01 2.188889e-01 2.164771e-01 2.171633e-01 2.154804e-01 2.172399e-01 2.164629e-01 2.161678e-01 2.165928e-01 2.161398e-01 
44 617 2.153128e-01 0 0 2.109824e-01 2.097480e-01 2.054489e-01 2.099185e-01 2.082620e-01 2.106370e-01 2.102351e-01 2.071764e-01 2.113913e-01 2.118897e-01 2.080090e-01 2.133070e-01 2.101875e-01 2.131827e-01 2.132167e-01 2.072646e-01 2.103469e-01 2.059532e-01 2.103928e-01 2.147665e-01 2.122116e-01 2.085967e-01 2.093068e-01 2.089783e-01 2.085368e-01 2.120661e-01 2.094974e-01 2.103199e-01 2.090339e-01 2.105013e-01 2.094524e-01 2.092439e-01 2.100404e-01 2.090514e-01 
45 631 2.094375e-01 0 0 2.051200e-01 2.040893e-01 1.998117e-01 2.040022e-01 2.021584e-01 2.050244e-01 2.043844e-01 2.015518e-01 2.054813e-01 2.058159e-01 2.029716e-01 2.072731e-01 2.039946e-01 2.073735e-01 2.074472e-01 2.016067e-01 2.050571e-01 1.999782e-01 2.048319e-01 2.085218e-01 2.062463e-01 2.026929e-01 2.033570e-01 2.033806e-01 2.026723e-01 2.059856e-01 2.033928e-01 2.044398e-01 2.030158e-01 2.043177e-01 2.034018e-01 2.031034e-01 2.042316e-01 2.033239e-01 
46 645 2.009421e-01 0 0 1.968526e-01 1.957117e-01 1.914400e-01 1.954986e-01 1.935922e-01 1.964278e-01 1.958603e-01 1.931492e-01 1.967422e-01 1.977214e-01 1.943266e-01 1.986225e-01 1.956066e-01 1.989520e-01 1.989960e-01 1.932246e-01 1.968713e-01 1.915991e-01 1.965118e-01 1.997563e-01 1.976912e-01 1.944406e-01 1.946317e-01 1.948349e-01 1.946288e-01 1.972922e-01 1.947030e-01 1.959457e-01 1.943452e-01 1.957415e-01 1.947653e-01 1.952708e-01 1.956679e-01 1.949753e-01 
47 659 1.948543e-01 0 0 1.909714e-01 1.893305e-01 1.854156e-01 1.893512e-01 1.872747e-01 1.900986e-01 1.895689e-01 1.869400e-01 1.905241e-01 1.916800e-01 1.882804e-01 1.923525e-01 1.893555e-01 1.928152e-01 1.928735e-01 1.869717e-01 1.908378e-01 1.856698e-01 1.909561e-01 1.933738e-01 1.916367e-01 1.886953e-01 1.886542e-01 1.894360e-01 1.885159e-01 1.909029e-01 1.888688e-01 1.897636e-01 1.886038e-01 1.894464e-01 1.888538e-01 1.896261e-01 1.895839e-01 1.887410e-01 
48 673 1.874335e-01 0 0 1.835999e-01 1.823866e-01 1.782332e-01 1.820060e-01 1.801046e-01 1.824988e-01 1.822452e-01 1.793956e-01 1.831303e-01 1.842986e-01 1.807546e-01 1.853435e-01 1.819677e-01 1.852800e-01 1.854600e-01 1.799677e-01 1.834613e-01 1.782158e-01 1.836046e-01 1.857056e-01 1.841609e-01 1.817426e-01 1.810910e-01 1.823580e-01 1.813534e-01 1.834095e-01 1.813568e-01 1.821768e-01 1.811486e-01 1.821565e-01 1.813385e-01 1.823797e-01 1.821887e-01 1.812254e-01 
49 687 1.844434e-01 0 0 1.804054e-01 1.797083e-01 1.750680e-01 1.787159e-01 1.770655e-01 1.793295e-01 1.792145e-01 1.762839e-01 1.798929e-01 1.814871e-01 1.776900e-01 1.824880e-01 1.788466e-01 1.820651e-01 1.823199e-01 1.771325e-01 1.805143e-01 1.752238e-01 1.808037e-01 1.824626e-01 1.817672e-01 1.795224e-01 1.779852e-01 1.795522e-01 1.787335e-01 1.800658e-01 1.782414e-01 1.791128e-01 1.781780e-01 1.792318e-01 1.783668e-01 1.792234e-01 1.791356e-01 1.784933e-01 
50 701 1.786795e-01 0 0 1.748650e-01 1.738448e-01 1.692794e-01 1.729469e-01 1.713514e-01 1.734042e-01 1.736421e-01 1.704955e-01 1.738773e-01 1.757960e-01 1.719296e-01 1.767329e-01 1.733654e-01 1.760768e-01 1.761816e-01 1.714384e-01 1.747884e-01 1.703609e-01 1.753280e-01 1.764466e-01 1.760402e-01 1.741116e-01 1.725781e-01 1.736676e-01 1.731828e-01 1.740680e-01 1.726465e-01 1.733655e-01 1.729551e-01 1.733803e-01 1.725856e-01 1.734836e-01 1.735303e-01 1.726237e-01 
51 715 1.701030e-01 0 0 1.662864e-01 1.654052e-01 1.609130e-01 1.643042e-01 1.628994e-01 1.647611e-01 1.653287e-01 1.622191e-01 1.657167e-01 1.673092e-01 1.636654e-01 1.683443e-01 1.650630e-01 1.676814e-01 1.681099e-01 1.631830e-01 1.665976e-01 1.619652e-01 1.670256e-01 1.677898e-01 1.679408e-01 1.661523e-01 1.639805e-01 1.651483e-01 1.650485e-01 1.660288e-01 1.645702e-01 1.647003e-01 1.643851e-01 1.650810e-01 1.643990e-01 1.648251e-01 1.650616e-01 1.642058e-01 
52 729 1.613597e-01 0 0 1.574921e-01 1.567934e-01 1.524407e-01 1.560099e-01 1.541688e-01 1.560592e-01 1.573373e-01 1.545467e-01 1.568779e-01 1.586262e-01 1.551049e-01 1.594597e-01 1.570753e-01 1.590022e-01 1.593513e-01 1.552059e-01 1.582676e-01 1.535547e-01 1.586343e-01 1.588576e-01 1.595564e-01 1.576168e-01 1.553462e-01 1.566606e-01 1.569164e-01 1.571847e-01 1.557742e-01 1.558437e-01 1.557912e-01 1.564313e-01 1.558622e-01 1.561674e-01 1.565187e-01 1.564619e-01 
53 743 1.531389e-01 0 0 1.492186e-01 1.487438e-01 1.443375e-01 1.477909e-01 1.460802e-01 1.478664e-01 1.492922e-01 1.466764e-01 1.486661e-01 1.504522e-01 1.469617e-01 1.512606e-01 1.491089e-01 1.507790e-01 1.509981e-01 1.473442e-01 1.500829e-01 1.459666e-01 1.507646e-01 1.504033e-01 1.512414e-01 1.494686e-01 1.475583e-01 1.484401e-01 1.489935e-01 1.489588e-01 1.481919e-01 1.477693e-01 1.479502e-01 1.485243e-01 1.478004e-01 1.482169e-01 1.483594e-01 1.485616e-01 
54 757 2.001287e-01 0 0 1.948397e-01 1.943370e-01 1.882216e-01 1.928097e-01 1.905447e-01 1.929849e-01 1.950325e-01 1.916755e-01 1.940465e-01 1.962341e-01 1.917763e-01 1.974481e-01 1.948804e-01 1.966767e-01 1.970640e-01 1.921443e-01 1.960392e-01 1.912099e-01 1.970122e-01 1.963311e-01 1.974594e-01 1.952353e-01 1.925909e-01 1.936782e-01 1.945504e-01 1.944064e-01 1.933939e-01 1.929680e-01 1.933392e-01 1.938852e-01 1.930589e-01 1.933400e-01 1.938245e-01 1.939694e-01 
55 771 1.895736e-01 0 0 1.843933e-01 1.843831e-01 1.778791e-01 1.822901e-01 1.801771e-01 1.824125e-01 1.846176e-01 1.812247e-01 1.836733e-01 1.858631e-01 1.816143e-01 1.866200e-01 1.843423e-01 1.862877e-01 1.863967e-01 1.815975e-01 1.858601e-01 1.808708e-01 1.864112e-01 1.855307e-01 1.871409e-01 1.847401e-01 1.823178e-01 1.829789e-01 1.842987e-01 1.840492e-01 1.829261e-01 1.826732e-01 1.829484e-01 1.832889e-01 1.826018e-01 1.828662e-01 1.834987e-01 1.837442e-01 
56 785 1.804577e-01 0 0 1.756493e-01 1.756951e-01 1.690722e-01 1.731454e-01 1.712817e-01 1.734003e-01 1.755090e-01 1.722584e-01 1.746597e-01 1.766178e-01 1.728870e-01 1.778886e-01 1.752889e-01 1.776747e-01 1.774349e-01 1.725627e-01 1.767230e-01 1.720291e-01 1.772835e-01 1.766908e-01 1.779976e-01 1.756802e-01 1.735884e-01 1.739208e-01 1.753649e-01 1.751618e-01 1.739531e-01 1.734835e-01 1.738493e-01 1.747600e-01 1.734539e-01 1.737689e-01 1.751039e-01 1.750701e-01 
57 799 1.717290e-01 0 0 1.668169e-01 1.670107e-01 1.605287e-01 1.644865e-01 1.626119e-01 1.646554e-01 1.668547e-01 1.635293e-01 1.660243e-01 1.687274e-01 1.644015e-01 1.692491e-01 1.664921e-01 1.689809e-01 1.685570e-01 1.645706e-01 1.684056e-01 1.640462e-01 1.685807e-01 1.680200e-01 1.693840e-01 1.669785e-01 1.654375e-01 1.657341e-01 1.666529e-01 1.663743e-01 1.653633e-01 1.647659e-01 1.652429e-01 1.664468e-01 1.648954e-01 1.651511e-01 1.666410e-01 1.664169e-01 
58 813 2.332235e-01 0 0 2.260859e-01 2.267588e-01 2.175895e-01 2.233871e-01 2.205745e-01 2.231172e-01 2.268123e-01 2.219544e-01 2.274578e-01 2.290143e-01 2.235876e-01 2.293379e-01 2.259316e-01 2.295090e-01 2.288248e-01 2.237956e-01 2.282765e-01 2.231730e-01 2.291972e-01 2.281882e-01 2.297478e-01 2.264888e-01 2.247785e-01 2.247754e-01 2.263383e-01 2.258242e-01 2.241950e-01 2.237565e-01 2.245879e-01 2.255307e-01 2.236394e-01 2.240521e-01 2.262222e-01 2.257236e-01 
59 827 2.282110e-01 0 0 2.209074e-01 2.215159e-01 2.125219e-01 2.187431e-01 2.157615e-01 2.177401e-01 2.216453e-01 2.167325e-01 2.230938e-01 2.237286e-01 2.183919e-01 2.242391e-01 2.206057e-01 2.242309e-01 2.235208e-01 2.189122e-01 2.228126e-01 2.181396e-01 2.237770e-01 2.232501e-01 2.244485e-01 2.213948e-01 2.198127e-01 2.198638e-01 2.216070e-01 2.206664e-01 2.191629e-01 2.187965e-01 2.199226e-01 2.201615e-01 2.188459e-01 2.190010e-01 2.211044e-01 2.207101e-01 
60 841 2.197325e-01 0 0 2.129005e-01 2.130968e-01 2.047715e-01 2.112838e-01 2.072606e-01 2.092083e-01 2.131656e-01 2.082627e-01 2.144021e-01 2.148940e-01 2.099256e-01 2.160052e-01 2.121376e-01 2.155760e-01 2.147156e-01 2.105396e-01 2.140485e-01 2.100300e-01 2.152279e-01 2.146530e-01 2.159216e-01 2.129668e-01 2.113545e-01 2.112568e-01 2.142398e-01 2.123772e-01 2.109135e-01 2.102928e-01 2.115157e-01 2.115472e-01 2.112619e-01 2.105778e-01 2.127788e-01 2.123360e-01 
61 855 2.119013e-01 0 0 2.049859e-01 2.051689e-01 1.978075e-01 2.037504e-01 1.993519e-01 2.013956e-01 2.053794e-01 2.008833e-01 2.072746e-01 2.067137e-01 2.020576e-01 2.078191e-01 2.047842e-01 2.078330e-01 2.067190e-01 2.028257e-01 2.064587e-01 2.022725e-01 2.070906e-01 2.065795e-01 2.078756e-01 2.049389e-01 2.035400e-01 2.036531e-01 2.063143e-01 2.044530e-01 2.033017e-01 2.024464e-01 2.038844e-01 2.036660e-01 2.033564e-01 2.026696e-01 2.050092e-01 2.043516e-01 
62 869 2.049106e-01 0 0 1.979261e-01 1.984799e-01 1.913869e-01 1.973683e-01 1.925350e-01 1.943901e-01 1.982470e-01 1.940610e-01 2.005426e-01 1.998054e-01 1.950766e-01 2.007202e-01 1.980630e-01 2.006984e-01 1.995293e-01 1.961420e-01 1.992190e-01 1.954014e-01 2.001020e-01 1.992861e-01 2.012726e-01 1.978992e-01 1.967964e-01 1.967337e-01 1.993379e-01 1.977295e-01 1.964932e-01 1.953958e-01 1.970345e-01 1.965792e-01 1.966259e-01 1.955171e-01 1.981193e-01 1.975408e-01 
63 883 1.983900e-01 0 0 1.912261e-01 1.926051e-01 1.854157e-01 1.906962e-01 1.861386e-01 1.878686e-01 1.915997e-01 1.877609e-01 1.942686e-01 1.930266e-01 1.884415e-01 1.946984e-01 1.913869e-01 1.941584e-01 1.928852e-01 1.898522e-01 1.926547e-01 1.887654e-01 1.936334e-01 1.925308e-01 1.945807e-01 1.915083e-01 1.902713e-01 1.902691e-01 1.928502e-01 1.915977e-01 1.900099e-01 1.892151e-01 1.904649e-01 1.900912e-01 1.902388e-01 1.888565e-01 1.914470e-01 1.908894e-01 
64 897 1.972835e-01 0 0 1.901267e-01 1.931311e-01 1.846419e-01 1.895308e-01 1.847197e-01 1.865407e-01 1.905694e-01 1.870574e-01 1.934845e-01 1.923139e-01 1.873185e-01 1.932710e-01 1.909257e-01 1.928168e-01 1.915467e-01 1.888395e-01 1.911719e-01 1.873512e-01 1.922870e-01 1.910442e-01 1.931741e-01 1.900857e-01 1.889631e-01 1.888678e-01 1.918405e-01 1.911603e-01 1.888643e-01 1.877817e-01 1.891981e-01 1.892208e-01 1.893676e-01 1.878175e-01 1.901467e-01 1.896357e-01 
65 911 1.939271e-01 0 0 1.869490e-01 1.900684e-01 1.814638e-01 1.861921e-01 1.812606e-01 1.833537e-01 1.870435e-01 1.836479e-01 1.900857e-01 1.894309e-01 1.839033e-01 1.900238e-01 1.884430e-01 1.892205e-01 1.881638e-01 1.857037e-01 1.875728e-01 1.837892e-01 1.886535e-01 1.874542e-01 1.895820e-01 1.869015e-01 1.857336e-01 1.852387e-01 1.883016e-01 1.881024e-01 1.854386e-01 1.842798e-01 1.856630e-01 1.861276e-01 1.859586e-01 1.844366e-01 1.869041e-01 1.864731e-01 
66 925 1.913849e-01 0 0 1.840982e-01 1.875178e-01 1.789528e-01 1.835680e-01 1.787942e-01 1.811771e-01 1.846147e-01 1.810146e-01 1.873811e-01 1.869689e-01 1.812860e-01 1.873124e-01 1.856210e-01 1.871770e-01 1.857808e-01 1.835843e-01 1.849856e-01 1.812623e-01 1.857498e-01 1.849866e-01 1.869319e-01 1.841294e-01 1.829913e-01 1.826633e-01 1.863829e-01 1.857347e-01 1.826935e-01 1.814704e-01 1.833289e-01 1.835147e-01 1.836702e-01 1.822080e-01 1.842002e-01 1.837535e-01 
67 939 1.872034e-01 0 0 1.797777e-01 1.834568e-01 1.750496e-01 1.791426e-01 1.747153e-01 1.770447e-01 1.809030e-01 1.769997e-01 1.830193e-01 1.829354e-01 1.772435e-01 1.832546e-01 1.813370e-01 1.829692e-01 1.816581e-01 1.794436e-01 1.806177e-01 1.771923e-01 1.812884e-01 1.808502e-01 1.824277e-01 1.798454e-01 1.790012e-01 1.783601e-01 1.822282e-01 1.814901e-01 1.791056e-01 1.774301e-01 1.789557e-01 1.793970e-01 1.795224e-01 1.780555e-01 1.799921e-01 1.797670e-01 
68 953 1.814637e-01 0 0 1.742447e-01 1.776965e-01 1.698739e-01 1.734589e-01 1.690967e-01 1.712888e-01 1.751960e-01 1.713598e-01 1.774094e-01 1.770992e-01 1.715347e-01 1.774469e-01 1.754895e-01 1.774641e-01 1.757623e-01 1.738910e-01 1.747423e-01 1.716106e-01 1.754319e-01 1.753829e-01 1.767205e-01 1.742462e-01 1.733632e-01 1.727628e-01 1.765114e-01 1.756429e-01 1.734069e-01 1.717681e-01 1.733370e-01 1.736923e-01 1.740992e-01 1.728683e-01 1.743381e-01 1.742343e-01 
69 967 1.766254e-01 0 0 1.694890e-01 1.729160e-01 1.651524e-01 1.685626e-01 1.643836e-01 1.663272e-01 1.702178e-01 1.669604e-01 1.727393e-01 1.721774e-01 1.667809e-01 1.728468e-01 1.706218e-01 1.725069e-01 1.711224e-01 1.695991e-01 1.701273e-01 1.669007e-01 1.709513e-01 1.703827e-01 1.717567e-01 1.695967e-01 1.684894e-01 1.681115e-01 1.716856e-01 1.708000e-01 1.692514e-01 1.671649e-01 1.684042e-01 1.689197e-01 1.691747e-01 1.684388e-01 1.694738e-01 1.694295e-01 
70 981 1.701046e-01 0 0 1.631072e-01 1.663804e-01 1.587424e-01 1.621661e-01 1.580525e-01 1.601206e-01 1.637838e-01 1.607245e-01 1.664934e-01 1.658427e-01 1.606057e-01 1.668033e-01 1.647234e-01 1.662220e-01 1.647791e-01 1.637109e-01 1.639985e-01 1.605273e-01 1.646268e-01 1.646221e-01 1.653743e-01 1.631667e-01 1.619564e-01 1.619176e-01 1.651264e-01 1.643609e-01 1.628019e-01 1.608056e-01 1.620410e-01 1.625467e-01 1.631657e-01 1.620739e-01 1.633932e-01 1.630141e-01 
71 995 1.625545e-01 0 0 1.556188e-01 1.589938e-01 1.515396e-01 1.546965e-01 1.508176e-01 1.527448e-01 1.563277e-01 1.533381e-01 1.589238e-01 1.581834e-01 1.534184e-01 1.597398e-01 1.573108e-01 1.586594e-01 1.573491e-01 1.561792e-01 1.564578e-01 1.533529e-01 1.574571e-01 1.570421e-01 1.578127e-01 1.560545e-01 1.547866e-01 1.549651e-01 1.576102e-01 1.569543e-01 1.555274e-01 1.538547e-01 1.544796e-01 1.550334e-01 1.558782e-01 1.549466e-01 1.558813e-01 1.555803e-01 
72 1009 1.582835e-01 0 0 1.513550e-01 1.547979e-01 1.477191e-01 1.504122e-01 1.468475e-01 1.486403e-01 1.519033e-01 1.491008e-01 1.550818e-01 1.541517e-01 1.495725e-01 1.553342e-01 1.531356e-01 1.543408e-01 1.529867e-01 1.523405e-01 1.520260e-01 1.495477e-01 1.536898e-01 1.529135e-01 1.537219e-01 1.520560e-01 1.504827e-01 1.507656e-01 1.531212e-01 1.527580e-01 1.515777e-01 1.496008e-01 1.504592e-01 1.506626e-01 1.514820e-01 1.506992e-01 1.517369e-01 1.513867e-01 
73 1023 1.542533e-01 0 0 1.475567e-01 1.505957e-01 1.437267e-01 1.468264e-01 1.431676e-01 1.446326e-01 1.477447e-01 1.451440e-01 1.511722e-01 1.499642e-01 1.458563e-01 1.511851e-01 1.490115e-01 1.502597e-01 1.489034e-01 1.486991e-01 1.479488e-01 1.457154e-01 1.498537e-01 1.488033e-01 1.497241e-01 1.481449e-01 1.463324e-01 1.468389e-01 1.495375e-01 1.488284e-01 1.474910e-01 1.461821e-01 1.465218e-01 1.464745e-01 1.475300e-01 1.465240e-01 1.477807e-01 1.475099e-01 
74 1037 2.078965e-01 0 0 1.988382e-01 2.025107e-01 1.934842e-01 1.979527e-01 1.927147e-01 1.950055e-01 1.990232e-01 1.955584e-01 2.034910e-01 2.020019e-01 1.966222e-01 2.034453e-01 2.004411e-01 2.023545e-01 2.004901e-01 2.002022e-01 1.990142e-01 1.961005e-01 2.022823e-01 2.004527e-01 2.015998e-01 1.993947e-01 1.969605e-01 1.978691e-01 2.019015e-01 2.002057e-01 1.984947e-01 1.973003e-01 1.972831e-01 1.969754e-01 1.986134e-01 1.971384e-01 1.992261e-01 1.983867e-01 
75 1051 2.012744e-01 0 0 1.921646e-01 1.959497e-01 1.874061e-01 1.915274e-01 1.864611e-01 1.884899e-01 1.932093e-01 1.890113e-01 1.969958e-01 1.955497e-01 1.906102e-01 1.965788e-01 1.939852e-01 1.959052e-01 1.938627e-01 1.936502e-01 1.923663e-01 1.894866e-01 1.958394e-01 1.939218e-01 1.949624e-01 1.932533e-01 1.902518e-01 1.916114e-01 1.954292e-01 1.939263e-01 1.920905e-01 1.908020e-01 1.906352e-01 1.905612e-01 1.919774e-01 1.904458e-01 1.925313e-01 1.916654e-01 
76 1065 1.987046e-01 0 0 1.893635e-01 1.930436e-01 1.846808e-01 1.887887e-01 1.841037e-01 1.859982e-01 1.904605e-01 1.862906e-01 1.949018e-01 1.927877e-01 1.883474e-01 1.938016e-01 1.913333e-01 1.935009e-01 1.912720e-01 1.907957e-01 1.897562e-01 1.875767e-01 1.932830e-01 1.912196e-01 1.922234e-01 1.906146e-01 1.876683e-01 1.887801e-01 1.934829e-01 1.914273e-01 1.893333e-01 1.885684e-01 1.877977e-01 1.879060e-01 1.897468e-01 1.880269e-01 1.898696e-01 1.892027e-01 
77 1079 1.916097e-01 0 0 1.822370e-01 1.863653e-01 1.776908e-01 1.817565e-01 1.775154e-01 1.795542e-01 1.833061e-01 1.793880e-01 1.879297e-01 1.857289e-01 1.820690e-01 1.868407e-01 1.843313e-01 1.864534e-01 1.840930e-01 1.836060e-01 1.827496e-01 1.805523e-01 1.863518e-01 1.840720e-01 1.854768e-01 1.836811e-01 1.806812e-01 1.816320e-01 1.865301e-01 1.845613e-01 1.824057e-01 1.817228e-01 1.812006e-01 1.809884e-01 1.827146e-01 1.809315e-01 1.828426e-01 1.831781e-01 
78 1093 1.848474e-01 0 0 1.756288e-01 1.795212e-01 1.714996e-01 1.751103e-01 1.709712e-01 1.730836e-01 1.766976e-01 1.727162e-01 1.815912e-01 1.792851e-01 1.758673e-01 1.799168e-01 1.775295e-01 1.795133e-01 1.776688e-01 1.769545e-01 1.760361e-01 1.743090e-01 1.800734e-01 1.773689e-01 1.786523e-01 1.767979e-01 1.740210e-01 1.751863e-01 1.797728e-01 1.782159e-01 1.758006e-01 1.761540e-01 1.744407e-01 1.742293e-01 1.760779e-01 1.744048e-01 1.765685e-01 1.766264e-01 
79 1107 1.806961e-01 0 0 1.717277e-01 1.762067e-01 1.676210e-01 1.708223e-01 1.669811e-01 1.692134e-01 1.726146e-01 1.684876e-01 1.775896e-01 1.749956e-01 1.717082e-01 1.755828e-01 1.733892e-01 1.755094e-01 1.732702e-01 1.725803e-01 1.721474e-01 1.702882e-01 1.759499e-01 1.732530e-01 1.744529e-01 1.726240e-01 1.699295e-01 1.711770e-01 1.757694e-01 1.741019e-01 1.715508e-01 1.723834e-01 1.703335e-01 1.700338e-01 1.725342e-01 1.704750e-01 1.723993e-01 1.726719e-01 
80 1121 1.740114e-01 0 0 1.656179e-01 1.694640e-01 1.614880e-01 1.643073e-01 1.605176e-01 1.626579e-01 1.659551e-01 1.620172e-01 1.706691e-01 1.683482e-01 1.651353e-01 1.688252e-01 1.666504e-01 1.686291e-01 1.669701e-01 1.662628e-01 1.656811e-01 1.641167e-01 1.690895e-01 1.665056e-01 1.679247e-01 1.660140e-01 1.635037e-01 1.647607e-01 1.689076e-01 1.676051e-01 1.649432e-01 1.661961e-01 1.638815e-01 1.634590e-01 1.663796e-01 1.639014e-01 1.658304e-01 1.663661e-01 
81 1135 1.686519e-01 0 0 1.603694e-01 1.641296e-01 1.561615e-01 1.589563e-01 1.552728e-01 1.575410e-01 1.606349e-01 1.567644e-01 1.651922e-01 1.633468e-01 1.597544e-01 1.636129e-01 1.615254e-01 1.632829e-01 1.615584e-01 1.611361e-01 1.604455e-01 1.588965e-01 1.636867e-01 1.610773e-01 1.630175e-01 1.605142e-01 1.580699e-01 1.593989e-01 1.640116e-01 1.622834e-01 1.597452e-01 1.612176e-01 1.585964e-01 1.581066e-01 1.610944e-01 1.590755e-01 1.605577e-01 1.613194e-01 
82 1149 1.641827e-01 0 0 1.559843e-01 1.598052e-01 1.518436e-01 1.546962e-01 1.508340e-01 1.532752e-01 1.560344e-01 1.523306e-01 1.607421e-01 1.590934e-01 1.554320e-01 1.591149e-01 1.570589e-01 1.589587e-01 1.571375e-01 1.566111e-01 1.561780e-01 1.545302e-01 1.592735e-01 1.570151e-01 1.587103e-01 1.570953e-01 1.536995e-01 1.549811e-01 1.593789e-01 1.581702e-01 1.554776e-01 1.570053e-01 1.544020e-01 1.536623e-01 1.568142e-01 1.547033e-01 1.563458e-01 1.572022e-01 
83 1163 1.572856e-01 0 0 1.491471e-01 1.529472e-01 1.452557e-01 1.479910e-01 1.442830e-01 1.467455e-01 1.495032e-01 1.457752e-01 1.542966e-01 1.522942e-01 1.487321e-01 1.528824e-01 1.503436e-01 1.523770e-01 1.504829e-01 1.498287e-01 1.494589e-01 1.480190e-01 1.523883e-01 1.500440e-01 1.519273e-01 1.505598e-01 1.471166e-01 1.482012e-01 1.528503e-01 1.516099e-01 1.487578e-01 1.506101e-01 1.476958e-01 1.470111e-01 1.502713e-01 1.480173e-01 1.495549e-01 1.504044e-01 
84 1177 2.106178e-01 0 0 1.995891e-01 2.053929e-01 1.946307e-01 1.977409e-01 1.930130e-01 1.962941e-01 2.001691e-01 1.950341e-01 2.063806e-01 2.036930e-01 1.988086e-01 2.046367e-01 2.011779e-01 2.038106e-01 2.018665e-01 2.003047e-01 2.000541e-01 1.990130e-01 2.038439e-01 2.007279e-01 2.030357e-01 2.012194e-01 1.965887e-01 1.982450e-01 2.043791e-01 2.026114e-01 1.989651e-01 2.012603e-01 1.976570e-01 1.968702e-01 2.015582e-01 1.981204e-01 1.999685e-01 2.010139e-01 
85 1191 2.025840e-01 0 0 1.917226e-01 1.974170e-01 1.871276e-01 1.901594e-01 1.853362e-01 1.884192e-01 1.927063e-01 1.872713e-01 1.985231e-01 1.958955e-01 1.910696e-01 1.966598e-01 1.936157e-01 1.956587e-01 1.943456e-01 1.924108e-01 1.923476e-01 1.913196e-01 1.955554e-01 1.930438e-01 1.949518e-01 1.932349e-01 1.887932e-01 1.902743e-01 1.961449e-01 1.948009e-01 1.912326e-01 1.932955e-01 1.898571e-01 1.891751e-01 1.936246e-01 1.904176e-01 1.920833e-01 1.932166e-01 
86 1205 1.925613e-01 0 0 1.821320e-01 1.875247e-01 1.776405e-01 1.805547e-01 1.759283e-01 1.787541e-01 1.831709e-01 1.777000e-01 1.886524e-01 1.859753e-01 1.812641e-01 1.872142e-01 1.838579e-01 1.858306e-01 1.851141e-01 1.826042e-01 1.826843e-01 1.816175e-01 1.855523e-01 1.834259e-01 1.854517e-01 1.832185e-01 1.791344e-01 1.806599e-01 1.864789e-01 1.849580e-01 1.814263e-01 1.835666e-01 1.801521e-01 1.795539e-01 1.839174e-01 1.806177e-01 1.824206e-01 1.833631e-01 
87 1219 1.850951e-01 0 0 1.753036e-01 1.802994e-01 1.704125e-01 1.737357e-01 1.688147e-01 1.718927e-01 1.758243e-01 1.705492e-01 1.810647e-01 1.786168e-01 1.738437e-01 1.797829e-01 1.770551e-01 1.783067e-01 1.777904e-01 1.752891e-01 1.753859e-01 1.746183e-01 1.787180e-01 1.759814e-01 1.781415e-01 1.761977e-01 1.721832e-01 1.735524e-01 1.794703e-01 1.775020e-01 1.741917e-01 1.763498e-01 1.731221e-01 1.723532e-01 1.770703e-01 1.735746e-01 1.750377e-01 1.763067e-01 
88 1233 1.812128e-01 0 0 1.712740e-01 1.766276e-01 1.666321e-01 1.698007e-01 1.650917e-01 1.679422e-01 1.720479e-01 1.668066e-01 1.772743e-01 1.744821e-01 1.700252e-01 1.758914e-01 1.733734e-01 1.741891e-01 1.741125e-01 1.712836e-01 1.724566e-01 1.709817e-01 1.749554e-01 1.720933e-01 1.743305e-01 1.722096e-01 1.683862e-01 1.696570e-01 1.754354e-01 1.735940e-01 1.704528e-01 1.725577e-01 1.694591e-01 1.689458e-01 1.733762e-01 1.696956e-01 1.709982e-01 1.725690e-01 
89 1247 1.768045e-01 0 0 1.668046e-01 1.725391e-01 1.622882e-01 1.654884e-01 1.607766e-01 1.637564e-01 1.678499e-01 1.625181e-01 1.729202e-01 1.700161e-01 1.658847e-01 1.718237e-01 1.690219e-01 1.695921e-01 1.697915e-01 1.671375e-01 1.686421e-01 1.667073e-01 1.704876e-01 1.678457e-01 1.698062e-01 1.679251e-01 1.642287e-01 1.655549e-01 1.709142e-01 1.690305e-01 1.660461e-01 1.685467e-01 1.653865e-01 1.654687e-01 1.688017e-01 1.654722e-01 1.666816e-01 1.683263e-01 
90 1261 1.754509e-01 0 0 1.651293e-01 1.709637e-01 1.611070e-01 1.642837e-01 1.593871e-01 1.625848e-01 1.668160e-01 1.612693e-01 1.715153e-01 1.691705e-01 1.646784e-01 1.704199e-01 1.675304e-01 1.681099e-01 1.687623e-01 1.662283e-01 1.677565e-01 1.656462e-01 1.696387e-01 1.663287e-01 1.684324e-01 1.665035e-01 1.630362e-01 1.640459e-01 1.700388e-01 1.673741e-01 1.647413e-01 1.671348e-01 1.638886e-01 1.641612e-01 1.674893e-01 1.639704e-01 1.652390e-01 1.667202e-01 
91 1275 1.692831e-01 0 0 1.592085e-01 1.647737e-01 1.551315e-01 1.582837e-01 1.534863e-01 1.567007e-01 1.609771e-01 1.553638e-01 1.656386e-01 1.629127e-01 1.588044e-01 1.646194e-01 1.613478e-01 1.620243e-01 1.630575e-01 1.602978e-01 1.619238e-01 1.597975e-01 1.637553e-01 1.603690e-01 1.623457e-01 1.604717e-01 1.574073e-01 1.581680e-01 1.639382e-01 1.612103e-01 1.590030e-01 1.610836e-01 1.580562e-01 1.582564e-01 1.615894e-01 1.580892e-01 1.591447e-01 1.605092e-01 
92 1289 1.634594e-01 0 0 1.535670e-01 1.591614e-01 1.496251e-01 1.526942e-01 1.479498e-01 1.512973e-01 1.556806e-01 1.497407e-01 1.597745e-01 1.571486e-01 1.530713e-01 1.589046e-01 1.556903e-01 1.561238e-01 1.573904e-01 1.547364e-01 1.562853e-01 1.540131e-01 1.584473e-01 1.549887e-01 1.565126e-01 1.547533e-01 1.518485e-01 1.526649e-01 1.584262e-01 1.554731e-01 1.532727e-01 1.552877e-01 1.527547e-01 1.525910e-01 1.558756e-01 1.524204e-01 1.533350e-01 1.547445e-01 
93 1303 1.559943e-01 0 0 1.465027e-01 1.516885e-01 1.425213e-01 1.454942e-01 1.410019e-01 1.444129e-01 1.488970e-01 1.427881e-01 1.524347e-01 1.498536e-01 1.458779e-01 1.514934e-01 1.484176e-01 1.490933e-01 1.501709e-01 1.478012e-01 1.492716e-01 1.470077e-01 1.510916e-01 1.478475e-01 1.491264e-01 1.475694e-01 1.447508e-01 1.453901e-01 1.513812e-01 1.482414e-01 1.460929e-01 1.479705e-01 1.458547e-01 1.455416e-01 1.485720e-01 1.454163e-01 1.462362e-01 1.475438e-01 
94 1317 1.495866e-01 0 0 1.402467e-01 1.452722e-01 1.369758e-01 1.401341e-01 1.351367e-01 1.383166e-01 1.429314e-01 1.368027e-01 1.460954e-01 1.436917e-01 1.395783e-01 1.452647e-01 1.422825e-01 1.426639e-01 1.437820e-01 1.415730e-01 1.428719e-01 1.410953e-01 1.450447e-01 1.416483e-01 1.428457e-01 1.413637e-01 1.389374e-01 1.394240e-01 1.449262e-01 1.421270e-01 1.399794e-01 1.416864e-01 1.396801e-01 1.393712e-01 1.424868e-01 1.396258e-01 1.401050e-01 1.413395e-01 
95 1331 1.443565e-01 0 0 1.351741e-01 1.402432e-01 1.320443e-01 1.350593e-01 1.302467e-01 1.332578e-01 1.385300e-01 1.321236e-01 1.408558e-01 1.385998e-01 1.348422e-01 1.400620e-01 1.373562e-01 1.375820e-01 1.385493e-01 1.366012e-01 1.376212e-01 1.361118e-01 1.403807e-01 1.366411e-01 1.377647e-01 1.361870e-01 1.340009e-01 1.342287e-01 1.395935e-01 1.371239e-01 1.350801e-01 1.365235e-01 1.347459e-01 1.344006e-01 1.372601e-01 1.346957e-01 1.350095e-01 1.361934e-01 
96 1345 1.364689e-01 0 0 1.276798e-01 1.324030e-01 1.246294e-01 1.278122e-01 1.229366e-01 1.258359e-01 1.307157e-01 1.254685e-01 1.333732e-01 1.307805e-01 1.273823e-01 1.322604e-01 1.298318e-01 1.297874e-01 1.307261e-01 1.291661e-01 1.298908e-01 1.284452e-01 1.328468e-01 1.289923e-01 1.300225e-01 1.286451e-01 1.264704e-01 1.266355e-01 1.319326e-01 1.295809e-01 1.275309e-01 1.288587e-01 1.271598e-01 1.268748e-01 1.297358e-01 1.273173e-01 1.273065e-01 1.284654e-01 
97 1359 1.312292e-01 0 0 1.224980e-01 1.273045e-01 1.196295e-01 1.227290e-01 1.179817e-01 1.209839e-01 1.259175e-01 1.204869e-01 1.282638e-01 1.257757e-01 1.222248e-01 1.272170e-01 1.246986e-01 1.246570e-01 1.255357e-01 1.245434e-01 1.248724e-01 1.236984e-01 1.279997e-01 1.240579e-01 1.248207e-01 1.239061e-01 1.213445e-01 1.216379e-01 1.267255e-01 1.243900e-01 1.223520e-01 1.239178e-01 1.222369e-01 1.217782e-01 1.246200e-01 1.223238e-01 1.223954e-01 1.233166e-01 
98 1373 1.769890e-01 0 0 1.653338e-01 1.714788e-01 1.610331e-01 1.651799e-01 1.587808e-01 1.631668e-01 1.701118e-01 1.621762e-01 1.731764e-01 1.695065e-01 1.645549e-01 1.714609e-01 1.688849e-01 1.682824e-01 1.693068e-01 1.678606e-01 1.681203e-01 1.667673e-01 1.726608e-01 1.669932e-01 1.680876e-01 1.668646e-01 1.633894e-01 1.636935e-01 1.706259e-01 1.674093e-01 1.650248e-01 1.670782e-01 1.649193e-01 1.639768e-01 1.676797e-01 1.658051e-01 1.648046e-01 1.672959e-01 
99 1387 1.730938e-01 0 0 1.614127e-01 1.677636e-01 1.580927e-01 1.615856e-01 1.555667e-01 1.594676e-01 1.663606e-01 1.585229e-01 1.692957e-01 1.660846e-01 1.606311e-01 1.675727e-01 1.650119e-01 1.642954e-01 1.654009e-01 1.638522e-01 1.647063e-01 1.631687e-01 1.687089e-01 1.630568e-01 1.640563e-01 1.630536e-01 1.601671e-01 1.598204e-01 1.673930e-01 1.635322e-01 1.615029e-01 1.630712e-01 1.615063e-01 1.602395e-01 1.636869e-01 1.630101e-01 1.608157e-01 1.634239e-01 
100 1401 1.686831e-01 0 0 1.575227e-01 1.633213e-01 1.539752e-01 1.572429e-01 1.515414e-01 1.551405e-01 1.619163e-01 1.542234e-01 1.649498e-01 1.621434e-01 1.565763e-01 1.633434e-01 1.605394e-01 1.598841e-01 1.614863e-01 1.595244e-01 1.605397e-01 1.589164e-01 1.644140e-01 1.586216e-01 1.595656e-01 1.600838e-01 1.560849e-01 1.554964e-01 1.630518e-01 1.591169e-01 1.572313e-01 1.588267e-01 1.576608e-01 1.559543e-01 1.594102e-01 1.596368e-01 1.565514e-01 1.594009e-01 
101 1415 2.278096e-01 0 0 2.126736e-01 2.204212e-01 2.074488e-01 2.122237e-01 2.043902e-01 2.090653e-01 2.183161e-01 2.082534e-01 2.225688e-01 2.187153e-01 2.110728e-01 2.204858e-01 2.163925e-01 2.159128e-01 2.178079e-01 2.151795e-01 2.169016e-01 2.145741e-01 2.216394e-01 2.139580e-01 2.155989e-01 2.160108e-01 2.108052e-01 2.096929e-01 2.199061e-01 2.144964e-01 2.122895e-01 2.146197e-01 2.128458e-01 2.111934e-01 2.148390e-01 2.157631e-01 2.110418e-01 2.149007e-01 
102 1429 2.215273e-01 0 0 2.066638e-01 2.141109e-01 2.015797e-01 2.060043e-01 1.986776e-01 2.028881e-01 2.121777e-01 2.021958e-01 2.161729e-01 2.122698e-01 2.051666e-01 2.142446e-01 2.100906e-01 2.095191e-01 2.115973e-01 2.089941e-01 2.104544e-01 2.087183e-01 2.154491e-01 2.078191e-01 2.100131e-01 2.096320e-01 2.047683e-01 2.034551e-01 2.140381e-01 2.081659e-01 2.061305e-01 2.087845e-01 2.070067e-01 2.058270e-01 2.085995e-01 2.097548e-01 2.048780e-01 2.088238e-01 
103 1443 2.173106e-01 0 0 2.025558e-01 2.097827e-01 1.975303e-01 2.020898e-01 1.947015e-01 1.986829e-01 2.078585e-01 1.987502e-01 2.116057e-01 2.078336e-01 2.008777e-01 2.100777e-01 2.057061e-01 2.058805e-01 2.075753e-01 2.049718e-01 2.061070e-01 2.046960e-01 2.112597e-01 2.036093e-01 2.058520e-01 2.053739e-01 2.019055e-01 1.995462e-01 2.097674e-01 2.037530e-01 2.018272e-01 2.045211e-01 2.028749e-01 2.019814e-01 2.043896e-01 2.054149e-01 2.006408e-01 2.047030e-01 
104 1457 2.152496e-01 0 0 2.007306e-01 2.077956e-01 1.955448e-01 1.999084e-01 1.925253e-01 1.963891e-01 2.061782e-01 1.964805e-01 2.093398e-01 2.055169e-01 1.988607e-01 2.082207e-01 2.034345e-01 2.041899e-01 2.054581e-01 2.026459e-01 2.041342e-01 2.028628e-01 2.095345e-01 2.012383e-01 2.037947e-01 2.031565e-01 2.000860e-01 1.978763e-01 2.085619e-01 2.014882e-01 2.001225e-01 2.024429e-01 2.005485e-01 2.002828e-01 2.021092e-01 2.032798e-01 1.986765e-01 2.029948e-01 
105 1471 2.155479e-01 0 0 2.009686e-01 2.080471e-01 1.958795e-01 1.999255e-01 1.925410e-01 1.967272e-01 2.071181e-01 1.965065e-01 2.097150e-01 2.058281e-01 1.998063e-01 2.085456e-01 2.035535e-01 2.043790e-01 2.053894e-01 2.025935e-01 2.043907e-01 2.029213e-01 2.097562e-01 2.010696e-01 2.037063e-01 2.032528e-01 2.009480e-01 1.978870e-01 2.091805e-01 2.015337e-01 2.008906e-01 2.025902e-01 2.007992e-01 2.007054e-01 2.020761e-01 2.034613e-01 1.989209e-01 2.030245e-01 
106 1485 2.150820e-01 0 0 2.009951e-01 2.072442e-01 1.953154e-01 1.995155e-01 1.917918e-01 1.963571e-01 2.062475e-01 1.958898e-01 2.087496e-01 2.053259e-01 1.995055e-01 2.077330e-01 2.028414e-01 2.038704e-01 2.048921e-01 2.017958e-01 2.038708e-01 2.023303e-01 2.090815e-01 2.003550e-01 2.029993e-01 2.029273e-01 2.004986e-01 1.970711e-01 2.086116e-01 2.011483e-01 2.003275e-01 2.019665e-01 2.002740e-01 2.011527e-01 2.017024e-01 2.030014e-01 1.981677e-01 2.022748e-01 
107 1499 2.101908e-01 0 0 1.963889e-01 2.022392e-01 1.906712e-01 1.947147e-01 1.871109e-01 1.919565e-01 2.012815e-01 1.912139e-01 2.043896e-01 2.005282e-01 1.949048e-01 2.028985e-01 1.979132e-01 1.989657e-01 1.998481e-01 1.973803e-01 1.991236e-01 1.976260e-01 2.039812e-01 1.954339e-01 1.981850e-01 1.982317e-01 1.957818e-01 1.924965e-01 2.039297e-01 1.970573e-01 1.964327e-01 1.970112e-01 1.955708e-01 1.967329e-01 1.967503e-01 1.979586e-01 1.934788e-01 1.973064e-01 
108 1513 2.027833e-01 0 0 1.893184e-01 1.949242e-01 1.841409e-01 1.878137e-01 1.804315e-01 1.849179e-01 1.937279e-01 1.845431e-01 1.968464e-01 1.930849e-01 1.878440e-01 1.954135e-01 1.908326e-01 1.919422e-01 1.924018e-01 1.901524e-01 1.919013e-01 1.902943e-01 1.964172e-01 1.882382e-01 1.910020e-01 1.913357e-01 1.890140e-01 1.859286e-01 1.965429e-01 1.898582e-01 1.894338e-01 1.897221e-01 1.887405e-01 1.902827e-01 1.898678e-01 1.907644e-01 1.863455e-01 1.903576e-01 
109 1527 1.967389e-01 0 0 1.833219e-01 1.888350e-01 1.785680e-01 1.824331e-01 1.750554e-01 1.792589e-01 1.877937e-01 1.787881e-01 1.913664e-01 1.873110e-01 1.824800e-01 1.897359e-01 1.847480e-01 1.861974e-01 1.866665e-01 1.842154e-01 1.860045e-01 1.844997e-01 1.904739e-01 1.826433e-01 1.849139e-01 1.855999e-01 1.834144e-01 1.805602e-01 1.913325e-01 1.841213e-01 1.838532e-01 1.837919e-01 1.828686e-01 1.847377e-01 1.841383e-01 1.851367e-01 1.814168e-01 1.844163e-01 
110 1541 1.902815e-01 0 0 1.774302e-01 1.826022e-01 1.725708e-01 1.762203e-01 1.688855e-01 1.732826e-01 1.815985e-01 1.725166e-01 1.853758e-01 1.808006e-01 1.767840e-01 1.835112e-01 1.788017e-01 1.797098e-01 1.805316e-01 1.781254e-01 1.796992e-01 1.782638e-01 1.839288e-01 1.764601e-01 1.784740e-01 1.793824e-01 1.771504e-01 1.745984e-01 1.847725e-01 1.779851e-01 1.781648e-01 1.773730e-01 1.771611e-01 1.785756e-01 1.780746e-01 1.794082e-01 1.752322e-01 1.781013e-01 
111 1555 1.822843e-01 0 0 1.696983e-01 1.748029e-01 1.652401e-01 1.684860e-01 1.620428e-01 1.659989e-01 1.736848e-01 1.650156e-01 1.776204e-01 1.733100e-01 1.692243e-01 1.756206e-01 1.709169e-01 1.722042e-01 1.725562e-01 1.705560e-01 1.721862e-01 1.705655e-01 1.758067e-01 1.687583e-01 1.707401e-01 1.717498e-01 1.697008e-01 1.673682e-01 1.771159e-01 1.704168e-01 1.704410e-01 1.696277e-01 1.696949e-01 1.707903e-01 1.703842e-01 1.716125e-01 1.677923e-01 1.704906e-01 
112 1569 1.745332e-01 0 0 1.623264e-01 1.672234e-01 1.584073e-01 1.612140e-01 1.553159e-01 1.586728e-01 1.663563e-01 1.576195e-01 1.701102e-01 1.656440e-01 1.621137e-01 1.681050e-01 1.635634e-01 1.646150e-01 1.650899e-01 1.632705e-01 1.647214e-01 1.630705e-01 1.679116e-01 1.613641e-01 1.633927e-01 1.647933e-01 1.623358e-01 1.609549e-01 1.693516e-01 1.633465e-01 1.629828e-01 1.620599e-01 1.622533e-01 1.634509e-01 1.629074e-01 1.639647e-01 1.605274e-01 1.630538e-01 
113 1583 1.680196e-01 0 0 1.558911e-01 1.607728e-01 1.524215e-01 1.551128e-01 1.493457e-01 1.525848e-01 1.599956e-01 1.515081e-01 1.635797e-01 1.591637e-01 1.561547e-01 1.618222e-01 1.573568e-01 1.586790e-01 1.588775e-01 1.569112e-01 1.585596e-01 1.566944e-01 1.614711e-01 1.550161e-01 1.571621e-01 1.582950e-01 1.563016e-01 1.547090e-01 1.627724e-01 1.577451e-01 1.568496e-01 1.556602e-01 1.559011e-01 1.573932e-01 1.565539e-01 1.578703e-01 1.543086e-01 1.567397e-01 
114 1597 2.267810e-01 0 0 2.101434e-01 2.166139e-01 2.056947e-01 2.090233e-01 2.012514e-01 2.056260e-01 2.159459e-01 2.040252e-01 2.205558e-01 2.146764e-01 2.107152e-01 2.180266e-01 2.123460e-01 2.139180e-01 2.141004e-01 2.118991e-01 2.137951e-01 2.111035e-01 2.177049e-01 2.090829e-01 2.118358e-01 2.137074e-01 2.105485e-01 2.084049e-01 2.196168e-01 2.136766e-01 2.114540e-01 2.101209e-01 2.104340e-01 2.122315e-01 2.110004e-01 2.126623e-01 2.080704e-01 2.110520e-01 
115 1611 2.206809e-01 0 0 2.042235e-01 2.103358e-01 1.999535e-01 2.032670e-01 1.957323e-01 1.998159e-01 2.098328e-01 1.983496e-01 2.141876e-01 2.086479e-01 2.051319e-01 2.117968e-01 2.066205e-01 2.079357e-01 2.078646e-01 2.060833e-01 2.077686e-01 2.050095e-01 2.117707e-01 2.030628e-01 2.058682e-01 2.078088e-01 2.050784e-01 2.024623e-01 2.133689e-01 2.085936e-01 2.055404e-01 2.048242e-01 2.044444e-01 2.065110e-01 2.052142e-01 2.075399e-01 2.029421e-01 2.049517e-01 
116 1625 2.185533e-01 0 0 2.019795e-01 2.081037e-01 1.986639e-01 2.008701e-01 1.937496e-01 1.976160e-01 2.078325e-01 1.964367e-01 2.120214e-01 2.064537e-01 2.029595e-01 2.094739e-01 2.043790e-01 2.054940e-01 2.058792e-01 2.040641e-01 2.054742e-01 2.028516e-01 2.094856e-01 2.008741e-01 2.035066e-01 2.056979e-01 2.028306e-01 2.004449e-01 2.113577e-01 2.072822e-01 2.035584e-01 2.025489e-01 2.024395e-01 2.047486e-01 2.038190e-01 2.053678e-01 2.007353e-01 2.024667e-01 
117 1639 2.155377e-01 0 0 1.992071e-01 2.051910e-01 1.962747e-01 1.982169e-01 1.911109e-01 1.945949e-01 2.045494e-01 1.933846e-01 2.091074e-01 2.036857e-01 1.997224e-01 2.062191e-01 2.013486e-01 2.023367e-01 2.030201e-01 2.009394e-01 2.024111e-01 2.001514e-01 2.066743e-01 1.980331e-01 2.004036e-01 2.030601e-01 2.000199e-01 1.973896e-01 2.083215e-01 2.047263e-01 2.005650e-01 1.999163e-01 1.994277e-01 2.017261e-01 2.005869e-01 2.024374e-01 1.979449e-01 1.992921e-01 
118 1653 2.119088e-01 0 0 1.956879e-01 2.013532e-01 1.929213e-01 1.946712e-01 1.876730e-01 1.909971e-01 2.009997e-01 1.896770e-01 2.052776e-01 2.001033e-01 1.960821e-01 2.026171e-01 1.979873e-01 1.986713e-01 1.994359e-01 1.977026e-01 1.985824e-01 1.964814e-01 2.028240e-01 1.947681e-01 1.968944e-01 1.993148e-01 1.963387e-01 1.941791e-01 2.046581e-01 2.016050e-01 1.970702e-01 1.967340e-01 1.962317e-01 1.980191e-01 1.973825e-01 1.986414e-01 1.957568e-01 1.959989e-01 
119 1667 2.074984e-01 0 0 1.913355e-01 1.968289e-01 1.890898e-01 1.907030e-01 1.836309e-01 1.870658e-01 1.970684e-01 1.855737e-01 2.007251e-01 1.958125e-01 1.916754e-01 1.981362e-01 1.935292e-01 1.942268e-01 1.949850e-01 1.937878e-01 1.941709e-01 1.924321e-01 1.981784e-01 1.904947e-01 1.927598e-01 1.953089e-01 1.919588e-01 1.899241e-01 2.002091e-01 1.975008e-01 1.926963e-01 1.928224e-01 1.919749e-01 1.940542e-01 1.929775e-01 1.942943e-01 1.917103e-01 1.919825e-01 
120 1681 2.039754e-01 0 0 1.880587e-01 1.933418e-01 1.858576e-01 1.875977e-01 1.802009e-01 1.836609e-01 1.937510e-01 1.822220e-01 1.970233e-01 1.920793e-01 1.886098e-01 1.948332e-01 1.902486e-01 1.910735e-01 1.917146e-01 1.901665e-01 1.908890e-01 1.890944e-01 1.944228e-01 1.872521e-01 1.893428e-01 1.917808e-01 1.883545e-01 1.864709e-01 1.966244e-01 1.942867e-01 1.893091e-01 1.899668e-01 1.885264e-01 1.907518e-01 1.901887e-01 1.908634e-01 1.886233e-01 1.885157e-01 
121 1695 1.979585e-01 0 0 1.833212e-01 1.872170e-01 1.803027e-01 1.817171e-01 1.746359e-01 1.781768e-01 1.878101e-01 1.767245e-01 1.908938e-01 1.861586e-01 1.836575e-01 1.888731e-01 1.842390e-01 1.852811e-01 1.859944e-01 1.855961e-01 1.850806e-01 1.831890e-01 1.886026e-01 1.818136e-01 1.835634e-01 1.858444e-01 1.824286e-01 1.809462e-01 1.904138e-01 1.884267e-01 1.833953e-01 1.842989e-01 1.831659e-01 1.848858e-01 1.843945e-01 1.849760e-01 1.830173e-01 1.826418e-01 
122 1709 1.926136e-01 0 0 1.785765e-01 1.818945e-01 1.754871e-01 1.764804e-01 1.695760e-01 1.729704e-01 1.826587e-01 1.715860e-01 1.854814e-01 1.813904e-01 1.783722e-01 1.834198e-01 1.790025e-01 1.802902e-01 1.808160e-01 1.805729e-01 1.800389e-01 1.778925e-01 1.838968e-01 1.771720e-01 1.784546e-01 1.808507e-01 1.771090e-01 1.757856e-01 1.849443e-01 1.831765e-01 1.780184e-01 1.791640e-01 1.780138e-01 1.800244e-01 1.792238e-01 1.797938e-01 1.779629e-01 1.780596e-01 
123 1723 1.881257e-01 0 0 1.745440e-01 1.775517e-01 1.711768e-01 1.722769e-01 1.653352e-01 1.688515e-01 1.783375e-01 1.672435e-01 1.809300e-01 1.769180e-01 1.742008e-01 1.788364e-01 1.744997e-01 1.759632e-01 1.764280e-01 1.763751e-01 1.757945e-01 1.738108e-01 1.793161e-01 1.727574e-01 1.741714e-01 1.763132e-01 1.727872e-01 1.715056e-01 1.806644e-01 1.786539e-01 1.737452e-01 1.747466e-01 1.736282e-01 1.758086e-01 1.746896e-01 1.752032e-01 1.738193e-01 1.743506e-01 
124 1737 1.828305e-01 0 0 1.696391e-01 1.729232e-01 1.661157e-01 1.673798e-01 1.603979e-01 1.639581e-01 1.730880e-01 1.624974e-01 1.754975e-01 1.717450e-01 1.693000e-01 1.735468e-01 1.697798e-01 1.709495e-01 1.711531e-01 1.716364e-01 1.705501e-01 1.687953e-01 1.741804e-01 1.679388e-01 1.690833e-01 1.714593e-01 1.675848e-01 1.663328e-01 1.752628e-01 1.734305e-01 1.688745e-01 1.696489e-01 1.684136e-01 1.706277e-01 1.694827e-01 1.699707e-01 1.688118e-01 1.695581e-01 
125 1751 1.773394e-01 0 0 1.645916e-01 1.675429e-01 1.608997e-01 1.626225e-01 1.554323e-01 1.589855e-01 1.677854e-01 1.575192e-01 1.702783e-01 1.661744e-01 1.641483e-01 1.680389e-01 1.644349e-01 1.657949e-01 1.656280e-01 1.668698e-01 1.654625e-01 1.637783e-01 1.686832e-01 1.627360e-01 1.637413e-01 1.659802e-01 1.625122e-01 1.609980e-01 1.697730e-01 1.679967e-01 1.639017e-01 1.644816e-01 1.631187e-01 1.655642e-01 1.641169e-01 1.645896e-01 1.636658e-01 1.645124e-01 
126 1765 1.693362e-01 0 0 1.570106e-01 1.598302e-01 1.534171e-01 1.550894e-01 1.483636e-01 1.515592e-01 1.598452e-01 1.503889e-01 1.625688e-01 1.583539e-01 1.568554e-01 1.601777e-01 1.570606e-01 1.579956e-01 1.578025e-01 1.593108e-01 1.580759e-01 1.562402e-01 1.610271e-01 1.553987e-01 1.566625e-01 1.584494e-01 1.548467e-01 1.534143e-01 1.618493e-01 1.601763e-01 1.564477e-01 1.569352e-01 1.555355e-01 1.579872e-01 1.567712e-01 1.567587e-01 1.560635e-01 1.571133e-01 
127 1779 1.639627e-01 0 0 1.518590e-01 1.546748e-01 1.485861e-01 1.503308e-01 1.433921e-01 1.466145e-01 1.544844e-01 1.453556e-01 1.574382e-01 1.533962e-01 1.516584e-01 1.548024e-01 1.521044e-01 1.528305e-01 1.525279e-01 1.546248e-01 1.532974e-01 1.510406e-01 1.555950e-01 1.506483e-01 1.524218e-01 1.534511e-01 1.502648e-01 1.481776e-01 1.563858e-01 1.549321e-01 1.512547e-01 1.517646e-01 1.505338e-01 1.529142e-01 1.516158e-01 1.515716e-01 1.512146e-01 1.519928e-01 
128 1793 1.615796e-01 0 0 1.494008e-01 1.524218e-01 1.461366e-01 1.480237e-01 1.412799e-01 1.444243e-01 1.519314e-01 1.431224e-01 1.551821e-01 1.508840e-01 1.492145e-01 1.522848e-01 1.497402e-01 1.505918e-01 1.500566e-01 1.524567e-01 1.509583e-01 1.488755e-01 1.530817e-01 1.484109e-01 1.508673e-01 1.513840e-01 1.481350e-01 1.459157e-01 1.538564e-01 1.527715e-01 1.491266e-01 1.496001e-01 1.481435e-01 1.505419e-01 1.491033e-01 1.492952e-01 1.486653e-01 1.497247e-01 
129 1807 1.594284e-01 0 0 1.471617e-01 1.502939e-01 1.441873e-01 1.461165e-01 1.393007e-01 1.422575e-01 1.497167e-01 1.411364e-01 1.530234e-01 1.487117e-01 1.469823e-01 1.503330e-01 1.479974e-01 1.484341e-01 1.478192e-01 1.509123e-01 1.494496e-01 1.467402e-01 1.514198e-01 1.462239e-01 1.492896e-01 1.492746e-01 1.459304e-01 1.436380e-01 1.521352e-01 1.503758e-01 1.469638e-01 1.473144e-01 1.461394e-01 1.482934e-01 1.468926e-01 1.476811e-01 1.470320e-01 1.475992e-01 
130 1821 1.547423e-01 0 0 1.426797e-01 1.456005e-01 1.401809e-01 1.416691e-01 1.352938e-01 1.379308e-01 1.452205e-01 1.373752e-01 1.484789e-01 1.442129e-01 1.423082e-01 1.457126e-01 1.436205e-01 1.439911e-01 1.432018e-01 1.465815e-01 1.447519e-01 1.423243e-01 1.471143e-01 1.417381e-01 1.454841e-01 1.447103e-01 1.413179e-01 1.394837e-01 1.474906e-01 1.456790e-01 1.426404e-01 1.429088e-01 1.416096e-01 1.439570e-01 1.423747e-01 1.433587e-01 1.425776e-01 1.432531e-01 
131 1835 1.494875e-01 0 0 1.375685e-01 1.405865e-01 1.356306e-01 1.366941e-01 1.304336e-01 1.329946e-01 1.401925e-01 1.326115e-01 1.434453e-01 1.391070e-01 1.371630e-01 1.407574e-01 1.389163e-01 1.387999e-01 1.380803e-01 1.415453e-01 1.396174e-01 1.376634e-01 1.421213e-01 1.370308e-01 1.407465e-01 1.396423e-01 1.364671e-01 1.345905e-01 1.427812e-01 1.405138e-01 1.379054e-01 1.379559e-01 1.365263e-01 1.387280e-01 1.372011e-01 1.383615e-01 1.376296e-01 1.381639e-01 
132 1849 1.454987e-01 0 0 1.338894e-01 1.368362e-01 1.319076e-01 1.331325e-01 1.269461e-01 1.291533e-01 1.364847e-01 1.288219e-01 1.394395e-01 1.352299e-01 1.335209e-01 1.369411e-01 1.354032e-01 1.349201e-01 1.341913e-01 1.376602e-01 1.358404e-01 1.339284e-01 1.383548e-01 1.331943e-01 1.370061e-01 1.358789e-01 1.327210e-01 1.311931e-01 1.388637e-01 1.367063e-01 1.341777e-01 1.343690e-01 1.328673e-01 1.349035e-01 1.336343e-01 1.344202e-01 1.336909e-01 1.342700e-01 
133 1863 1.985576e-01 0 0 1.824036e-01 1.863688e-01 1.809587e-01 1.815496e-01 1.730272e-01 1.760445e-01 1.859896e-01 1.755620e-01 1.905084e-01 1.845387e-01 1.821793e-01 1.867322e-01 1.843898e-01 1.839497e-01 1.831140e-01 1.874564e-01 1.850643e-01 1.827771e-01 1.886846e-01 1.815923e-01 1.867450e-01 1.855332e-01 1.808140e-01 1.790000e-01 1.893240e-01 1.864110e-01 1.830236e-01 1.833892e-01 1.811670e-01 1.837902e-01 1.823849e-01 1.833623e-01 1.827443e-01 1.830904e-01 
134 1877 1.944667e-01 0 0 1.784955e-01 1.823711e-01 1.775532e-01 1.776120e-01 1.691589e-01 1.725208e-01 1.820195e-01 1.716660e-01 1.864481e-01 1.803904e-01 1.785295e-01 1.830271e-01 1.802818e-01 1.798741e-01 1.791421e-01 1.834254e-01 1.810365e-01 1.788950e-01 1.849244e-01 1.784688e-01 1.827889e-01 1.812801e-01 1.767348e-01 1.752915e-01 1.856268e-01 1.823062e-01 1.795089e-01 1.796086e-01 1.773707e-01 1.796658e-01 1.783789e-01 1.794478e-01 1.788681e-01 1.791656e-01 
135 1891 2.624634e-01 0 0 2.408862e-01 2.456908e-01 2.396097e-01 2.397962e-01 2.278552e-01 2.325544e-01 2.453999e-01 2.312100e-01 2.513038e-01 2.431173e-01 2.410349e-01 2.465189e-01 2.431912e-01 2.425319e-01 2.418382e-01 2.473127e-01 2.441127e-01 2.411142e-01 2.495817e-01 2.404306e-01 2.466691e-01 2.447430e-01 2.381174e-01 2.364710e-01 2.502746e-01 2.460172e-01 2.416864e-01 2.421994e-01 2.393203e-01 2.420641e-01 2.403707e-01 2.417068e-01 2.412210e-01 2.418513e-01 
