%  columns="iteration, evaluation, sigma, axis ratio, bestever, best, median, worst fitness function value, further objective values of best" (startseed=211367, 2023/08/26 18:4:34.68)
1 15 2.796256e-01 1.022344e+00  2.631696151615475969e+02  2.631696151615475969e+02  1.000000000000000000e+13  1.000000000000000000e+15
2 29 2.631297e-01 1.038799e+00  2.631696151615475969e+02  3.090367148204412047e+02  5.050000000000000000e+12  1.000000000000000000e+18
3 43 2.559516e-01 1.052113e+00  2.631696151615475969e+02  4.204902695053442585e+02  5.000005000000000000e+10  1.000000000000000000e+15
4 57 2.497375e-01 1.056156e+00  2.631696151615475969e+02  1.000000000000000000e+05  1.000000000000000000e+11  1.000000000000000000e+15
5 71 2.430740e-01 1.061421e+00  2.631696151615475969e+02  1.000000000000000000e+05  1.000000000000000000e+05  1.000000000000000000e+11
6 85 2.355566e-01 1.067737e+00  2.631696151615475969e+02  1.000000000000000000e+05  1.000000000000000000e+05  1.000000000000000000e+15
7 99 2.306740e-01 1.075894e+00  2.631696151615475969e+02  1.000000000000000000e+05  1.000000000000000000e+05  1.000000000000000000e+11
8 113 2.235147e-01 1.082119e+00  2.631696151615475969e+02  1.000000000000000000e+05  1.000000000000000000e+05  1.000000000000000000e+15
9 127 2.139607e-01 1.086096e+00  2.631696151615475969e+02  1.000000000000000000e+05  1.000000000000000000e+05  1.000000000000000000e+11
10 141 2.054987e-01 1.089726e+00  2.631696151615475969e+02  1.000000000000000000e+05  1.000000000000000000e+05  1.000000000000000000e+11
11 155 2.013025e-01 1.094780e+00  2.631696151615475969e+02  1.000000000000000000e+05  1.000000000000000000e+05  1.000000000000000000e+13
12 169 1.965671e-01 1.099775e+00  2.631696151615475969e+02  1.000000000000000000e+05  1.000000000000000000e+05  1.000000000000000000e+05
13 183 1.905396e-01 1.101908e+00  2.631696151615475969e+02  1.000000000000000000e+05  1.000000000000000000e+05  1.000000000000000000e+05
14 197 1.852395e-01 1.103028e+00  2.631696151615475969e+02  1.000000000000000000e+05  1.000000000000000000e+05  1.000000000000000000e+05
15 211 1.804847e-01 1.105343e+00  2.631696151615475969e+02  1.000000000000000000e+05  1.000000000000000000e+05  1.000000000000000000e+05
16 225 1.775912e-01 1.108279e+00  2.631696151615475969e+02  1.000000000000000000e+05  1.000000000000000000e+05  1.000000000000000000e+05
17 239 1.697515e-01 1.109998e+00  2.631696151615475969e+02  1.000000000000000000e+05  1.000000000000000000e+05  1.000000000000000000e+05
18 253 1.631013e-01 1.112910e+00  2.631696151615475969e+02  1.000000000000000000e+05  1.000000000000000000e+05  1.000000000000000000e+13
19 267 1.582229e-01 1.115710e+00  2.631696151615475969e+02  1.000000000000000000e+05  1.000000000000000000e+05  1.000000000000000000e+11
20 281 2.124616e-01 1.119446e+00  2.631696151615475969e+02  1.000000000000000000e+05  1.000000000000000000e+05  1.000000000000000000e+05
21 295 2.066831e-01 1.120765e+00  2.631696151615475969e+02  1.000000000000000000e+05  1.000000000000000000e+05  1.000000000000000000e+11
22 309 1.996481e-01 1.121262e+00  2.631696151615475969e+02  1.000000000000000000e+05  1.000000000000000000e+05  1.000000000000000000e+05
23 323 1.916511e-01 1.123419e+00  2.631696151615475969e+02  1.422083239607962696e+03  1.000000000000000000e+05  1.000000000000000000e+13
24 337 1.830558e-01 1.126519e+00  2.631696151615475969e+02  1.000000000000000000e+05  1.000000000000000000e+05  1.000000000000000000e+11
25 351 1.780415e-01 1.131152e+00  2.631696151615475969e+02  1.000000000000000000e+05  1.000000000000000000e+05  1.000000000000000000e+13
26 365 1.758077e-01 1.130017e+00  2.631696151615475969e+02  1.000000000000000000e+05  1.000000000000000000e+05  1.000000000000000000e+18
27 379 1.701218e-01 1.135316e+00  2.631696151615475969e+02  1.000000000000000000e+05  1.000000000000000000e+05  1.000000000000000000e+05
28 393 1.660007e-01 1.138197e+00  2.631696151615475969e+02  4.090141048444320973e+02  1.000000000000000000e+05  1.000000000000000000e+05
29 407 1.646618e-01 1.145014e+00  2.631696151615475969e+02  3.184776408987077616e+02  1.000000000000000000e+05  1.000000000000000000e+15
30 421 1.651145e-01 1.160837e+00  2.631430046903282687e+02  2.631430046903282687e+02  1.000000000000000000e+05  1.000000000000000000e+15
31 435 1.656756e-01 1.176582e+00  2.359193626255127185e+02  2.359193626255127185e+02  1.000000000000000000e+05  1.000000000000000000e+15
32 449 1.616575e-01 1.188839e+00  2.359193626255127185e+02  1.000000000000000000e+05  1.000000000000000000e+05  1.000000000000000000e+17
33 463 1.574089e-01 1.193489e+00  2.359193626255127185e+02  1.000000000000000000e+05  1.000000000000000000e+05  1.000000000000000000e+13
34 477 1.546816e-01 1.196314e+00  2.359193626255127185e+02  1.000000000000000000e+05  1.000000000000000000e+05  1.000000000000000000e+15
35 491 1.520031e-01 1.196636e+00  2.359193626255127185e+02  1.000000000000000000e+05  1.000000000000000000e+05  1.000000000000000000e+05
36 505 1.495601e-01 1.200918e+00  2.359193626255127185e+02  1.000000000000000000e+05  1.000000000000000000e+05  1.000000000000000000e+13
37 519 1.472494e-01 1.202698e+00  2.359193626255127185e+02  1.000000000000000000e+05  1.000000000000000000e+05  1.000000000000000000e+13
38 533 1.466621e-01 1.208182e+00  2.359193626255127185e+02  1.000000000000000000e+05  1.000000000000000000e+05  1.000000000000000000e+13
39 547 1.433658e-01 1.208497e+00  2.359193626255127185e+02  1.000000000000000000e+05  1.000000000000000000e+05  1.000000000000000000e+05
40 561 1.382587e-01 1.211888e+00  2.359193626255127185e+02  1.000000000000000000e+05  1.000000000000000000e+05  1.000000000000000000e+13
41 575 1.333258e-01 1.214718e+00  2.359193626255127185e+02  1.000000000000000000e+05  1.000000000000000000e+05  1.000000000000000000e+13
42 589 1.305866e-01 1.217199e+00  2.149485406403162813e+02  2.149485406403162813e+02  1.000000000000000000e+05  1.000000000000000000e+13
43 603 1.778768e-01 1.218437e+00  2.149485406403162813e+02  1.000000000000000000e+05  1.000000000000000000e+05  1.000000000000000000e+05
44 617 1.723651e-01 1.223148e+00  2.149485406403162813e+02  1.000000000000000000e+05  1.000000000000000000e+05  1.000000000000000000e+15
45 631 2.327240e-01 1.225104e+00  2.149485406403162813e+02  1.000000000000000000e+05  1.000000000000000000e+05  1.000000000000000000e+13
46 645 2.261706e-01 1.224447e+00  2.149485406403162813e+02  1.000000000000000000e+05  1.000000000000000000e+05  1.000000000000000000e+15
47 659 2.194460e-01 1.226396e+00  2.149485406403162813e+02  1.000000000000000000e+05  1.000000000000000000e+05  1.000000000000000000e+13
48 673 2.112282e-01 1.231573e+00  2.149485406403162813e+02  1.000000000000000000e+05  1.000000000000000000e+05  1.000000000000000000e+13
49 687 2.038448e-01 1.237183e+00  2.149485406403162813e+02  1.000000000000000000e+05  1.000000000000000000e+05  1.000000000000000000e+05
50 701 1.959786e-01 1.237523e+00  2.149485406403162813e+02  1.000000000000000000e+05  1.000000000000000000e+05  1.000000000000000000e+05
51 715 1.924465e-01 1.241513e+00  2.149485406403162813e+02  1.000000000000000000e+05  1.000000000000000000e+05  1.000000000000000000e+13
52 729 1.863363e-01 1.245056e+00  2.149485406403162813e+02  1.000000000000000000e+05  1.000000000000000000e+05  1.000000000000000000e+13
53 743 1.822106e-01 1.247904e+00  2.149485406403162813e+02  1.000000000000000000e+05  1.000000000000000000e+05  1.000000000000000000e+13
54 757 1.758599e-01 1.250686e+00  2.149485406403162813e+02  1.000000000000000000e+05  1.000000000000000000e+05  1.000000000000000000e+13
55 771 1.702776e-01 1.252876e+00  2.149485406403162813e+02  1.000000000000000000e+05  1.000000000000000000e+05  1.000000000000000000e+13
56 785 1.645588e-01 1.253961e+00  2.149485406403162813e+02  1.000000000000000000e+05  1.000000000000000000e+05  1.000000000000000000e+05
57 799 1.579414e-01 1.258172e+00  2.149485406403162813e+02  1.000000000000000000e+05  1.000000000000000000e+05  1.000000000000000000e+05
58 813 1.535589e-01 1.258593e+00  2.149485406403162813e+02  1.000000000000000000e+05  1.000000000000000000e+05  1.000000000000000000e+13
59 827 1.498151e-01 1.261392e+00  2.149485406403162813e+02  1.000000000000000000e+05  1.000000000000000000e+05  1.000000000000000000e+13
60 841 1.452686e-01 1.258534e+00  2.149485406403162813e+02  1.000000000000000000e+05  1.000000000000000000e+05  1.000000000000000000e+05
61 855 1.419245e-01 1.256140e+00  2.149485406403162813e+02  1.000000000000000000e+05  1.000000000000000000e+05  1.000000000000000000e+13
62 869 1.922565e-01 1.259673e+00  2.149485406403162813e+02  1.000000000000000000e+05  1.000000000000000000e+05  1.000000000000000000e+13
63 883 1.878562e-01 1.260152e+00  2.149485406403162813e+02  1.000000000000000000e+05  1.000000000000000000e+05  1.000000000000000000e+05
64 897 1.825640e-01 1.260569e+00  2.149485406403162813e+02  1.000000000000000000e+05  1.000000000000000000e+05  1.000000000000000000e+11
65 911 1.800532e-01 1.261839e+00  2.149485406403162813e+02  1.000000000000000000e+05  1.000000000000000000e+05  1.000000000000000000e+13
66 925 1.751872e-01 1.262785e+00  2.149485406403162813e+02  1.000000000000000000e+05  1.000000000000000000e+05  1.000000000000000000e+18
67 939 1.723781e-01 1.262155e+00  2.149485406403162813e+02  1.000000000000000000e+05  1.000000000000000000e+05  1.000000000000000000e+11
68 953 1.680901e-01 1.261601e+00  2.149485406403162813e+02  1.000000000000000000e+05  1.000000000000000000e+05  1.000000000000000000e+05
69 967 1.603299e-01 1.261841e+00  2.149485406403162813e+02  1.000000000000000000e+05  1.000000000000000000e+05  1.000000000000000000e+15
70 981 1.538380e-01 1.263550e+00  2.149485406403162813e+02  1.000000000000000000e+05  1.000000000000000000e+05  1.000000000000000000e+05
71 995 1.479317e-01 1.264110e+00  2.149485406403162813e+02  1.000000000000000000e+05  1.000000000000000000e+05  1.000000000000000000e+13
72 1009 1.980903e-01 1.263892e+00  2.149485406403162813e+02  1.000000000000000000e+05  1.000000000000000000e+05  1.000000000000000000e+05
73 1023 1.903962e-01 1.270137e+00  2.149485406403162813e+02  1.000000000000000000e+05  1.000000000000000000e+05  1.000000000000000000e+05
74 1037 1.840684e-01 1.271971e+00  2.149485406403162813e+02  1.000000000000000000e+05  1.000000000000000000e+05  1.000000000000000000e+05
75 1051 1.798203e-01 1.270237e+00  2.149485406403162813e+02  1.000000000000000000e+05  1.000000000000000000e+05  1.000000000000000000e+05
76 1065 1.748092e-01 1.270032e+00  2.149485406403162813e+02  1.000000000000000000e+05  1.000000000000000000e+05  1.000000000000000000e+05
77 1079 1.699687e-01 1.281432e+00  2.149485406403162813e+02  1.000000000000000000e+05  1.000000000000000000e+05  1.000000000000000000e+05
78 1093 1.639957e-01 1.285006e+00  2.149485406403162813e+02  1.000000000000000000e+05  1.000000000000000000e+05  1.000000000000000000e+05
79 1107 1.580818e-01 1.285088e+00  2.149485406403162813e+02  1.000000000000000000e+05  1.000000000000000000e+05  1.000000000000000000e+05
80 1121 1.553357e-01 1.285916e+00  2.149485406403162813e+02  1.000000000000000000e+05  1.000000000000000000e+05  1.000000000000000000e+05
81 1135 2.130524e-01 1.287880e+00  2.149485406403162813e+02  1.000000000000000000e+05  1.000000000000000000e+05  1.000000000000000000e+05
82 1149 2.077257e-01 1.288036e+00  2.149485406403162813e+02  1.000000000000000000e+05  1.000000000000000000e+05  1.000000000000000000e+05
83 1163 2.037460e-01 1.287570e+00  2.149485406403162813e+02  1.000000000000000000e+05  1.000000000000000000e+05  1.000000000000000000e+11
84 1177 1.993359e-01 1.288195e+00  2.149485406403162813e+02  4.916054357820625000e+02  1.000000000000000000e+05  1.000000000000000000e+05
85 1191 1.927036e-01 1.291506e+00  2.149485406403162813e+02  1.000000000000000000e+05  1.000000000000000000e+05  1.000000000000000000e+15
86 1205 1.884092e-01 1.293093e+00  2.149485406403162813e+02  1.000000000000000000e+05  1.000000000000000000e+05  1.000000000000000000e+13
87 1219 1.831658e-01 1.296931e+00  2.149485406403162813e+02  1.000000000000000000e+05  1.000000000000000000e+05  1.000000000000000000e+15
88 1233 1.808931e-01 1.295964e+00  2.149485406403162813e+02  1.000000000000000000e+05  1.000000000000000000e+05  1.000000000000000000e+15
89 1247 1.806423e-01 1.295358e+00  2.149485406403162813e+02  1.000000000000000000e+05  1.000000000000000000e+05  1.000000000000000000e+13
90 1261 1.786116e-01 1.300120e+00  2.149485406403162813e+02  1.000000000000000000e+05  1.000000000000000000e+05  1.000000000000000000e+13
91 1275 2.448764e-01 1.302988e+00  2.149485406403162813e+02  1.000000000000000000e+05  1.000000000000000000e+05  1.000000000000000000e+05
92 1289 2.402795e-01 1.302263e+00  2.149485406403162813e+02  1.000000000000000000e+05  1.000000000000000000e+05  1.000000000000000000e+13
93 1303 2.334621e-01 1.303167e+00  2.149485406403162813e+02  1.000000000000000000e+05  1.000000000000000000e+05  1.000000000000000000e+15
94 1317 2.279684e-01 1.306573e+00  2.149485406403162813e+02  1.000000000000000000e+05  1.000000000000000000e+05  1.000000000000000000e+15
95 1331 2.250141e-01 1.310304e+00  2.149485406403162813e+02  1.000000000000000000e+05  1.000000000000000000e+05  1.000000000000000000e+05
96 1345 2.213670e-01 1.310634e+00  2.149485406403162813e+02  1.000000000000000000e+05  1.000000000000000000e+05  1.000000000000000000e+15
97 1359 2.155214e-01 1.310105e+00  2.149485406403162813e+02  1.000000000000000000e+05  1.000000000000000000e+05  1.000000000000000000e+11
98 1373 2.105126e-01 1.307346e+00  2.149485406403162813e+02  1.000000000000000000e+05  1.000000000000000000e+05  1.000000000000000000e+11
99 1387 2.012569e-01 1.308633e+00  2.149485406403162813e+02  1.000000000000000000e+05  1.000000000000000000e+05  1.000000000000000000e+11
100 1401 1.952048e-01 1.306427e+00  2.149485406403162813e+02  1.000000000000000000e+05  1.000000000000000000e+05  1.000000000000000000e+11
101 1415 1.857219e-01 1.306771e+00  2.149485406403162813e+02  1.000000000000000000e+05  1.000000000000000000e+05  1.000000000000000000e+11
102 1429 1.789321e-01 1.314971e+00  2.149485406403162813e+02  1.000000000000000000e+05  1.000000000000000000e+05  1.000000000000000000e+11
103 1443 1.721785e-01 1.313973e+00  2.149485406403162813e+02  1.000000000000000000e+05  1.000000000000000000e+05  1.000000000000000000e+11
104 1457 1.670339e-01 1.314679e+00  2.149485406403162813e+02  1.000000000000000000e+05  1.000000000000000000e+05  1.000000000000000000e+15
105 1471 1.644278e-01 1.315879e+00  2.149485406403162813e+02  1.000000000000000000e+05  1.000000000000000000e+05  1.000000000000000000e+05
106 1485 1.595650e-01 1.315206e+00  2.149485406403162813e+02  1.000000000000000000e+05  1.000000000000000000e+05  1.000000000000000000e+05
107 1499 1.553580e-01 1.316700e+00  2.149485406403162813e+02  1.000000000000000000e+05  1.000000000000000000e+05  1.000000000000000000e+05
108 1513 2.114207e-01 1.316512e+00  2.149485406403162813e+02  1.000000000000000000e+05  1.000000000000000000e+05  1.000000000000000000e+05
109 1527 2.035358e-01 1.315152e+00  2.149485406403162813e+02  1.000000000000000000e+05  1.000000000000000000e+05  1.000000000000000000e+11
110 1541 1.959282e-01 1.314121e+00  2.149485406403162813e+02  1.000000000000000000e+05  1.000000000000000000e+05  1.000000000000000000e+05
111 1555 1.930843e-01 1.324144e+00  2.149485406403162813e+02  1.000000000000000000e+05  1.000000000000000000e+05  1.000000000000000000e+05
112 1569 1.905921e-01 1.326287e+00  2.149485406403162813e+02  1.000000000000000000e+05  1.000000000000000000e+05  1.000000000000000000e+05
113 1583 2.603824e-01 1.330241e+00  2.149485406403162813e+02  1.000000000000000000e+05  1.000000000000000000e+05  1.000000000000000000e+11
114 1597 2.539713e-01 1.329544e+00  2.149485406403162813e+02  1.000000000000000000e+05  1.000000000000000000e+05  1.000000000000000000e+15
115 1611 2.447446e-01 1.330948e+00  2.149485406403162813e+02  1.000000000000000000e+05  1.000000000000000000e+11  1.000000000000000000e+15
116 1625 2.338268e-01 1.334161e+00  2.149485406403162813e+02  1.000000000000000000e+05  5.000005000000000000e+10  1.000000000000000000e+15
117 1639 2.274041e-01 1.335280e+00  2.149485406403162813e+02  1.000000000000000000e+05  1.000000000000000000e+05  1.000000000000000000e+15
118 1653 2.201114e-01 1.336551e+00  2.149485406403162813e+02  1.000000000000000000e+05  1.000000000000000000e+05  1.000000000000000000e+15
119 1667 2.111771e-01 1.334506e+00  2.149485406403162813e+02  1.000000000000000000e+05  1.000000000000000000e+05  1.000000000000000000e+05
120 1681 2.000954e-01 1.333293e+00  2.149485406403162813e+02  1.000000000000000000e+05  1.000000000000000000e+05  1.000000000000000000e+05
121 1695 1.915077e-01 1.340745e+00  2.149485406403162813e+02  1.000000000000000000e+05  1.000000000000000000e+05  1.000000000000000000e+05
122 1709 1.845677e-01 1.343531e+00  2.149485406403162813e+02  1.000000000000000000e+05  1.000000000000000000e+05  1.000000000000000000e+15
123 1723 2.498861e-01 1.345186e+00  2.149485406403162813e+02  1.000000000000000000e+05  1.000000000000000000e+05  1.000000000000000000e+05
124 1737 2.428060e-01 1.345541e+00  2.149485406403162813e+02  1.000000000000000000e+05  1.000000000000000000e+05  1.000000000000000000e+11
125 1751 2.358133e-01 1.348485e+00  2.149485406403162813e+02  1.000000000000000000e+05  1.000000000000000000e+05  1.000000000000000000e+05
126 1765 2.272809e-01 1.353374e+00  2.149485406403162813e+02  1.000000000000000000e+05  1.000000000000000000e+05  1.000000000000000000e+11
127 1779 2.212170e-01 1.355839e+00  2.149485406403162813e+02  1.000000000000000000e+05  1.000000000000000000e+05  1.000000000000000000e+11
128 1793 2.157921e-01 1.358123e+00  2.149485406403162813e+02  1.000000000000000000e+05  1.000000000000000000e+05  1.000000000000000000e+11
129 1807 2.123020e-01 1.358106e+00  2.149485406403162813e+02  1.000000000000000000e+05  1.000000000000000000e+05  1.000000000000000000e+11
130 1821 2.092058e-01 1.366883e+00  2.149485406403162813e+02  1.000000000000000000e+05  1.000000000000000000e+05  1.000000000000000000e+05
131 1835 2.043389e-01 1.375163e+00  2.149485406403162813e+02  1.000000000000000000e+05  1.000000000000000000e+05  1.000000000000000000e+11
132 1849 2.007324e-01 1.375932e+00  2.149485406403162813e+02  1.000000000000000000e+05  1.000000000000000000e+05  1.000000000000000000e+05
133 1863 1.922625e-01 1.376934e+00  2.149485406403162813e+02  1.000000000000000000e+05  1.000000000000000000e+05  1.000000000000000000e+05
134 1877 1.863757e-01 1.382185e+00  2.149485406403162813e+02  1.000000000000000000e+05  1.000000000000000000e+05  1.000000000000000000e+05
135 1891 1.822235e-01 1.382799e+00  2.149485406403162813e+02  1.000000000000000000e+05  1.000000000000000000e+05  1.000000000000000000e+05
136 1905 1.812438e-01 1.383904e+00  2.149485406403162813e+02  1.000000000000000000e+05  1.000000000000000000e+05  1.000000000000000000e+05
137 1919 1.784403e-01 1.385259e+00  2.149485406403162813e+02  1.000000000000000000e+05  1.000000000000000000e+05  1.000000000000000000e+05
138 1933 1.745056e-01 1.385830e+00  2.149485406403162813e+02  1.000000000000000000e+05  1.000000000000000000e+05  1.000000000000000000e+05
139 1947 1.705683e-01 1.390023e+00  2.149485406403162813e+02  1.000000000000000000e+05  1.000000000000000000e+05  1.000000000000000000e+05
140 1961 1.683603e-01 1.386674e+00  2.149485406403162813e+02  1.000000000000000000e+05  1.000000000000000000e+05  1.000000000000000000e+11
141 1975 1.661267e-01 1.389859e+00  2.149485406403162813e+02  1.000000000000000000e+05  1.000000000000000000e+05  1.000000000000000000e+11
142 1989 1.644572e-01 1.388812e+00  2.149485406403162813e+02  1.000000000000000000e+05  1.000000000000000000e+05  1.000000000000000000e+05
143 2003 1.612025e-01 1.385628e+00  2.149485406403162813e+02  1.000000000000000000e+05  1.000000000000000000e+05  1.000000000000000000e+05
144 2017 1.571155e-01 1.391344e+00  2.149485406403162813e+02  1.000000000000000000e+05  1.000000000000000000e+05  1.000000000000000000e+05
145 2031 1.500090e-01 1.387958e+00  2.149485406403162813e+02  1.000000000000000000e+05  1.000000000000000000e+05  1.000000000000000000e+05
146 2045 1.451076e-01 1.396579e+00  2.149485406403162813e+02  1.000000000000000000e+05  1.000000000000000000e+05  1.000000000000000000e+05
147 2059 1.405331e-01 1.399625e+00  2.149485406403162813e+02  1.000000000000000000e+05  1.000000000000000000e+05  1.000000000000000000e+05
148 2073 1.917289e-01 1.402292e+00  2.149485406403162813e+02  1.000000000000000000e+05  1.000000000000000000e+05  1.000000000000000000e+05
149 2087 1.881526e-01 1.402978e+00  2.149485406403162813e+02  1.000000000000000000e+05  1.000000000000000000e+05  1.000000000000000000e+05
150 2101 1.860181e-01 1.405793e+00  2.149485406403162813e+02  1.000000000000000000e+05  1.000000000000000000e+05  1.000000000000000000e+05
151 2115 1.840402e-01 1.407031e+00  2.149485406403162813e+02  1.000000000000000000e+05  1.000000000000000000e+05  1.000000000000000000e+05
152 2129 1.811916e-01 1.406719e+00  2.149485406403162813e+02  1.000000000000000000e+05  1.000000000000000000e+05  1.000000000000000000e+05
153 2143 1.771921e-01 1.410300e+00  2.149485406403162813e+02  1.000000000000000000e+05  1.000000000000000000e+05  1.000000000000000000e+05
154 2157 1.727872e-01 1.410488e+00  2.149485406403162813e+02  1.000000000000000000e+05  1.000000000000000000e+05  1.000000000000000000e+05
155 2171 1.706641e-01 1.412194e+00  2.149485406403162813e+02  1.000000000000000000e+05  1.000000000000000000e+05  1.000000000000000000e+05
156 2185 1.668316e-01 1.418904e+00  2.149485406403162813e+02  1.000000000000000000e+05  1.000000000000000000e+05  1.000000000000000000e+05
157 2199 1.626216e-01 1.417751e+00  2.149485406403162813e+02  1.000000000000000000e+05  1.000000000000000000e+05  1.000000000000000000e+05
158 2213 1.548528e-01 1.419950e+00  2.149485406403162813e+02  1.000000000000000000e+05  1.000000000000000000e+05  1.000000000000000000e+05
159 2227 1.489731e-01 1.418902e+00  2.149485406403162813e+02  1.000000000000000000e+05  1.000000000000000000e+05  1.000000000000000000e+05
160 2241 2.028644e-01 1.421964e+00  2.149485406403162813e+02  1.000000000000000000e+05  1.000000000000000000e+05  1.000000000000000000e+05
161 2255 1.971447e-01 1.423956e+00  2.149485406403162813e+02  1.000000000000000000e+05  1.000000000000000000e+05  1.000000000000000000e+11
162 2269 1.939850e-01 1.425273e+00  2.149485406403162813e+02  1.000000000000000000e+05  1.000000000000000000e+05  1.000000000000000000e+05
163 2283 1.943031e-01 1.432150e+00  2.149485406403162813e+02  1.000000000000000000e+05  1.000000000000000000e+05  1.000000000000000000e+05
164 2297 1.911636e-01 1.432823e+00  2.149485406403162813e+02  1.000000000000000000e+05  1.000000000000000000e+05  1.000000000000000000e+05
165 2311 1.894361e-01 1.436890e+00  2.149485406403162813e+02  1.000000000000000000e+05  1.000000000000000000e+05  1.000000000000000000e+05
166 2325 1.838604e-01 1.438790e+00  2.149485406403162813e+02  1.000000000000000000e+05  1.000000000000000000e+05  1.000000000000000000e+05
167 2339 1.783810e-01 1.437819e+00  2.149485406403162813e+02  2.861440372666062331e+02  1.000000000000000000e+05  1.000000000000000000e+18
168 2353 2.425211e-01 1.436660e+00  2.149485406403162813e+02  1.000000000000000000e+05  1.000000000000000000e+05  1.000000000000000000e+18
169 2367 2.360045e-01 1.434498e+00  2.149485406403162813e+02  1.000000000000000000e+05  1.000000000000000000e+05  1.000000000000000000e+18
170 2381 2.258006e-01 1.432941e+00  2.149485406403162813e+02  1.000000000000000000e+05  1.000000000000000000e+05  1.000000000000000000e+13
171 2395 2.148983e-01 1.436802e+00  2.149485406403162813e+02  1.000000000000000000e+05  1.000000000000000000e+05  1.000000000000000000e+05
172 2409 2.032681e-01 1.433363e+00  2.149485406403162813e+02  1.000000000000000000e+05  1.000000000000000000e+05  1.000000000000000000e+05
173 2423 1.961615e-01 1.435705e+00  2.149485406403162813e+02  1.000000000000000000e+05  1.000000000000000000e+05  1.000000000000000000e+05
174 2437 1.875758e-01 1.436139e+00  2.149485406403162813e+02  8.264931223591640901e+02  1.000000000000000000e+05  1.000000000000000000e+05
175 2451 1.821619e-01 1.433287e+00  2.149485406403162813e+02  3.833882870445369235e+02  1.000000000000000000e+05  1.000000000000000000e+16
176 2465 1.754423e-01 1.435946e+00  2.149485406403162813e+02  1.000000000000000000e+05  1.000000000000000000e+05  1.000000000000000000e+05
177 2479 1.706198e-01 1.438347e+00  2.149485406403162813e+02  1.000000000000000000e+05  1.000000000000000000e+05  1.000000000000000000e+05
178 2493 1.684791e-01 1.443263e+00  2.149485406403162813e+02  1.000000000000000000e+05  1.000000000000000000e+05  1.000000000000000000e+18
179 2507 1.654080e-01 1.445072e+00  2.149485406403162813e+02  1.000000000000000000e+05  1.000000000000000000e+05  1.000000000000000000e+05
180 2521 1.646665e-01 1.441697e+00  2.149485406403162813e+02  1.000000000000000000e+05  1.000000000000000000e+05  1.000000000000000000e+05
181 2535 1.633983e-01 1.444250e+00  2.149485406403162813e+02  1.000000000000000000e+05  1.000000000000000000e+05  1.000000000000000000e+11
182 2549 1.630596e-01 1.445283e+00  2.149485406403162813e+02  1.000000000000000000e+05  1.000000000000000000e+05  1.000000000000000000e+15
183 2563 2.246757e-01 1.448768e+00  2.149485406403162813e+02  1.000000000000000000e+05  1.000000000000000000e+05  1.000000000000000000e+15
184 2577 2.226683e-01 1.444235e+00  2.149485406403162813e+02  7.348720905040786420e+02  1.000000000000000000e+05  1.000000000000000000e+05
185 2591 2.181509e-01 1.443387e+00  2.149485406403162813e+02  1.000000000000000000e+05  1.000000000000000000e+05  1.000000000000000000e+17
186 2605 2.114762e-01 1.443977e+00  2.149485406403162813e+02  1.000000000000000000e+05  1.000000000000000000e+05  1.000000000000000000e+15
187 2619 2.046259e-01 1.450024e+00  2.149485406403162813e+02  1.000000000000000000e+05  1.000000000000000000e+05  1.000000000000000000e+05
188 2633 2.009188e-01 1.451532e+00  2.149485406403162813e+02  1.000000000000000000e+05  1.000000000000000000e+05  1.000000000000000000e+13
189 2647 1.946023e-01 1.454685e+00  2.149485406403162813e+02  1.000000000000000000e+05  1.000000000000000000e+05  1.000000000000000000e+11
190 2661 1.881402e-01 1.452170e+00  2.149485406403162813e+02  2.869754859876527462e+02  1.000000000000000000e+05  1.000000000000000000e+11
191 2675 1.797410e-01 1.453113e+00  2.149485406403162813e+02  1.000000000000000000e+05  1.000000000000000000e+05  1.000000000000000000e+15
192 2689 1.718715e-01 1.450718e+00  2.149485406403162813e+02  1.000000000000000000e+05  1.000000000000000000e+05  1.000000000000000000e+18
193 2703 1.657052e-01 1.450918e+00  2.149485406403162813e+02  1.000000000000000000e+05  1.000000000000000000e+05  1.000000000000000000e+18
194 2717 2.221990e-01 1.454464e+00  2.149485406403162813e+02  1.000000000000000000e+05  1.000000000000000000e+05  1.000000000000000000e+18
195 2731 2.164463e-01 1.457064e+00  2.149485406403162813e+02  2.915050546111080507e+02  1.000000000000000000e+05  1.000000000000000000e+18
196 2745 2.081767e-01 1.453308e+00  2.149485406403162813e+02  1.000000000000000000e+05  1.000000000000000000e+05  1.000000000000000000e+18
197 2759 2.013762e-01 1.453501e+00  2.149485406403162813e+02  1.000000000000000000e+05  1.000000000000000000e+05  1.000000000000000000e+15
198 2773 1.937159e-01 1.452940e+00  2.149485406403162813e+02  1.000000000000000000e+05  1.000000000000000000e+05  1.000000000000000000e+11
199 2787 1.905692e-01 1.452451e+00  2.149485406403162813e+02  1.000000000000000000e+05  1.000000000000000000e+05  1.000000000000000000e+05
200 2801 1.903938e-01 1.455325e+00  2.149485406403162813e+02  1.000000000000000000e+05  1.000000000000000000e+05  1.000000000000000000e+11
201 2815 1.875269e-01 1.454230e+00  2.149485406403162813e+02  1.000000000000000000e+05  1.000000000000000000e+05  1.000000000000000000e+05
202 2829 1.842003e-01 1.456129e+00  2.149485406403162813e+02  1.000000000000000000e+05  1.000000000000000000e+05  1.000000000000000000e+11
203 2843 1.787628e-01 1.453961e+00  2.149485406403162813e+02  1.000000000000000000e+05  1.000000000000000000e+05  1.000000000000000000e+05
204 2857 1.740462e-01 1.457439e+00  2.149485406403162813e+02  1.000000000000000000e+05  1.000000000000000000e+05  1.000000000000000000e+05
205 2871 1.686420e-01 1.457484e+00  2.149485406403162813e+02  1.000000000000000000e+05  1.000000000000000000e+05  1.000000000000000000e+05
206 2885 1.647616e-01 1.458966e+00  2.149485406403162813e+02  1.000000000000000000e+05  1.000000000000000000e+05  1.000000000000000000e+18
207 2899 1.601220e-01 1.456277e+00  2.149485406403162813e+02  1.000000000000000000e+05  1.000000000000000000e+05  1.000000000000000000e+05
208 2913 1.539306e-01 1.454660e+00  2.149485406403162813e+02  1.000000000000000000e+05  1.000000000000000000e+05  1.000000000000000000e+05
209 2927 1.475614e-01 1.455972e+00  2.149485406403162813e+02  1.000000000000000000e+05  1.000000000000000000e+05  1.000000000000000000e+05
210 2941 1.972323e-01 1.456984e+00  2.149485406403162813e+02  1.000000000000000000e+05  1.000000000000000000e+05  1.000000000000000000e+05
211 2955 1.910801e-01 1.457302e+00  2.149485406403162813e+02  1.000000000000000000e+05  1.000000000000000000e+05  1.000000000000000000e+05
212 2969 1.852575e-01 1.467181e+00  2.149485406403162813e+02  1.000000000000000000e+05  1.000000000000000000e+05  1.000000000000000000e+05
213 2983 2.479954e-01 1.469340e+00  2.149485406403162813e+02  1.000000000000000000e+05  1.000000000000000000e+05  1.000000000000000000e+05
214 2997 2.348747e-01 1.471088e+00  2.149485406403162813e+02  1.000000000000000000e+05  1.000000000000000000e+05  1.000000000000000000e+05
215 3011 2.240507e-01 1.474694e+00  2.149485406403162813e+02  1.000000000000000000e+05  1.000000000000000000e+05  1.000000000000000000e+11
216 3025 2.137462e-01 1.477821e+00  2.149485406403162813e+02  1.000000000000000000e+05  1.000000000000000000e+05  1.000000000000000000e+11
217 3039 2.066665e-01 1.478274e+00  2.149485406403162813e+02  1.000000000000000000e+05  1.000000000000000000e+05  1.000000000000000000e+16
218 3053 1.987716e-01 1.478936e+00  2.149485406403162813e+02  1.000000000000000000e+05  1.000000000000000000e+05  1.000000000000000000e+13
219 3067 1.917039e-01 1.479018e+00  2.149485406403162813e+02  1.000000000000000000e+05  1.000000000000000000e+05  1.000000000000000000e+15
220 3081 1.853686e-01 1.485176e+00  2.149485406403162813e+02  1.000000000000000000e+05  1.000000000000000000e+05  1.000000000000000000e+15
221 3095 1.805077e-01 1.487085e+00  2.149485406403162813e+02  1.000000000000000000e+05  1.000000000000000000e+05  1.000000000000000000e+05
222 3109 1.736525e-01 1.488384e+00  2.149485406403162813e+02  1.000000000000000000e+05  1.000000000000000000e+05  1.000000000000000000e+15
223 3123 2.342334e-01 1.481215e+00  2.149485406403162813e+02  1.000000000000000000e+05  1.000000000000000000e+05  1.000000000000000000e+05
224 3137 2.246872e-01 1.480005e+00  2.149485406403162813e+02  1.000000000000000000e+05  1.000000000000000000e+05  1.000000000000000000e+13
225 3151 2.152206e-01 1.479292e+00  2.149485406403162813e+02  1.000000000000000000e+05  1.000000000000000000e+05  1.000000000000000000e+13
226 3165 2.038710e-01 1.483035e+00  2.149485406403162813e+02  4.531935225027315823e+02  1.000000000000000000e+05  1.000000000000000000e+15
227 3179 1.950998e-01 1.484880e+00  2.149485406403162813e+02  1.000000000000000000e+05  1.000000000000000000e+05  1.000000000000000000e+16
228 3193 1.878582e-01 1.487713e+00  2.149485406403162813e+02  4.358229277969472264e+02  1.000000000000000000e+05  1.000000000000000000e+16
229 3207 1.810891e-01 1.488504e+00  2.149485406403162813e+02  5.791649697167147224e+02  1.000000000000000000e+05  1.000000000000000000e+18
230 3221 1.783514e-01 1.489315e+00  2.149485406403162813e+02  1.000000000000000000e+05  1.000000000000000000e+05  1.000000000000000000e+18
231 3235 1.735265e-01 1.491636e+00  1.795534109093041764e+02  1.795534109093041764e+02  1.000000000000000000e+05  1.000000000000000000e+13
232 3249 1.726630e-01 1.503481e+00  1.795534109093041764e+02  2.601483075454924574e+02  1.000000000000000000e+05  1.000000000000000000e+15
233 3263 1.713836e-01 1.508302e+00  1.795534109093041764e+02  1.499764357749478449e+03  5.000005000000000000e+10  1.000000000000000000e+18
234 3277 1.700687e-01 1.513329e+00  1.795534109093041764e+02  2.534247397963801234e+02  1.000000000000000000e+05  1.000000000000000000e+18
235 3291 2.285409e-01 1.517674e+00  1.795534109093041764e+02  1.000000000000000000e+05  1.000000000000000000e+05  1.000000000000000000e+13
236 3305 2.192620e-01 1.520153e+00  1.795534109093041764e+02  1.000000000000000000e+05  1.000000000000000000e+05  1.000000000000000000e+18
237 3319 2.142322e-01 1.524145e+00  1.795534109093041764e+02  1.000000000000000000e+05  1.000000000000000000e+05  1.000000000000000000e+15
238 3333 2.104010e-01 1.523021e+00  1.795534109093041764e+02  1.000000000000000000e+05  1.000000000000000000e+05  1.000000000000000000e+15
239 3347 2.028747e-01 1.521724e+00  1.795534109093041764e+02  1.000000000000000000e+05  1.000000000000000000e+05  1.000000000000000000e+13
240 3361 2.739012e-01 1.520555e+00  1.795534109093041764e+02  1.000000000000000000e+05  1.000000000000000000e+05  1.000000000000000000e+05
241 3375 2.628875e-01 1.520074e+00  1.795534109093041764e+02  1.000000000000000000e+05  1.000000000000000000e+05  1.000000000000000000e+11
242 3389 2.581603e-01 1.519272e+00  1.795534109093041764e+02  1.000000000000000000e+05  1.000000000000000000e+05  1.000000000000000000e+11
243 3403 2.494248e-01 1.522396e+00  1.795534109093041764e+02  1.000000000000000000e+05  1.000000000000000000e+05  1.000000000000000000e+05
244 3417 2.399333e-01 1.523219e+00  1.795534109093041764e+02  1.000000000000000000e+05  1.000000000000000000e+05  1.000000000000000000e+11
245 3431 2.319467e-01 1.524564e+00  1.795534109093041764e+02  1.000000000000000000e+05  1.000000000000000000e+05  1.000000000000000000e+13
246 3445 2.250418e-01 1.522079e+00  1.795534109093041764e+02  1.000000000000000000e+05  1.000000000000000000e+05  1.000000000000000000e+15
247 3459 2.203009e-01 1.524072e+00  1.795534109093041764e+02  1.000000000000000000e+05  1.000000000000000000e+05  1.000000000000000000e+05
248 3473 2.147356e-01 1.526359e+00  1.795534109093041764e+02  1.000000000000000000e+05  1.000000000000000000e+05  1.000000000000000000e+15
249 3487 2.076948e-01 1.530234e+00  1.795534109093041764e+02  1.000000000000000000e+05  1.000000000000000000e+05  1.000000000000000000e+05
250 3501 2.007377e-01 1.535254e+00  1.795534109093041764e+02  1.000000000000000000e+05  1.000000000000000000e+05  1.000000000000000000e+05
251 3515 1.942980e-01 1.534949e+00  1.795534109093041764e+02  1.000000000000000000e+05  1.000000000000000000e+05  1.000000000000000000e+05
252 3529 1.877674e-01 1.538679e+00  1.795534109093041764e+02  1.000000000000000000e+05  1.000000000000000000e+05  1.000000000000000000e+13
253 3543 1.828187e-01 1.541932e+00  1.795534109093041764e+02  1.000000000000000000e+05  1.000000000000000000e+05  1.000000000000000000e+15
254 3557 1.782106e-01 1.543113e+00  1.795534109093041764e+02  1.000000000000000000e+05  1.000000000000000000e+05  1.000000000000000000e+13
255 3571 2.404597e-01 1.545720e+00  1.795534109093041764e+02  1.000000000000000000e+05  1.000000000000000000e+05  1.000000000000000000e+05
256 3585 2.325166e-01 1.550252e+00  1.795534109093041764e+02  1.000000000000000000e+05  1.000000000000000000e+05  1.000000000000000000e+13
257 3599 2.260011e-01 1.549472e+00  1.795534109093041764e+02  1.000000000000000000e+05  1.000000000000000000e+05  1.000000000000000000e+13
258 3613 2.222216e-01 1.548048e+00  1.795534109093041764e+02  1.000000000000000000e+05  1.000000000000000000e+05  1.000000000000000000e+05
259 3627 2.146500e-01 1.547427e+00  1.795534109093041764e+02  1.000000000000000000e+05  1.000000000000000000e+05  1.000000000000000000e+13
260 3641 2.065137e-01 1.547472e+00  1.795534109093041764e+02  1.000000000000000000e+05  1.000000000000000000e+05  1.000000000000000000e+13
261 3655 2.004627e-01 1.552896e+00  1.795534109093041764e+02  1.000000000000000000e+05  1.000000000000000000e+05  1.000000000000000000e+05
262 3669 1.965249e-01 1.556856e+00  1.795534109093041764e+02  1.000000000000000000e+05  1.000000000000000000e+05  1.000000000000000000e+05
263 3683 1.926634e-01 1.560581e+00  1.795534109093041764e+02  1.000000000000000000e+05  1.000000000000000000e+05  1.000000000000000000e+05
264 3697 1.881363e-01 1.564405e+00  1.795534109093041764e+02  1.000000000000000000e+05  1.000000000000000000e+05  1.000000000000000000e+05
265 3711 1.836617e-01 1.567884e+00  1.795534109093041764e+02  1.000000000000000000e+05  1.000000000000000000e+05  1.000000000000000000e+05
266 3725 1.769587e-01 1.572304e+00  1.795534109093041764e+02  1.000000000000000000e+05  1.000000000000000000e+05  1.000000000000000000e+05
267 3739 1.747658e-01 1.571870e+00  1.795534109093041764e+02  1.000000000000000000e+05  1.000000000000000000e+05  1.000000000000000000e+05
268 3753 1.704646e-01 1.568763e+00  1.795534109093041764e+02  1.000000000000000000e+05  1.000000000000000000e+05  1.000000000000000000e+05
269 3767 1.645859e-01 1.569121e+00  1.795534109093041764e+02  1.000000000000000000e+05  1.000000000000000000e+05  1.000000000000000000e+11
270 3781 1.604829e-01 1.570636e+00  1.795534109093041764e+02  1.000000000000000000e+05  1.000000000000000000e+05  1.000000000000000000e+05
271 3795 1.558292e-01 1.572718e+00  1.795534109093041764e+02  1.000000000000000000e+05  1.000000000000000000e+05  1.000000000000000000e+05
272 3809 1.504018e-01 1.573780e+00  1.795534109093041764e+02  1.000000000000000000e+05  1.000000000000000000e+05  1.000000000000000000e+13
273 3823 1.435884e-01 1.577091e+00  1.795534109093041764e+02  1.000000000000000000e+05  1.000000000000000000e+05  1.000000000000000000e+13
274 3837 1.938521e-01 1.579992e+00  1.795534109093041764e+02  1.000000000000000000e+05  1.000000000000000000e+05  1.000000000000000000e+05
275 3851 1.882279e-01 1.581409e+00  1.795534109093041764e+02  1.000000000000000000e+05  1.000000000000000000e+05  1.000000000000000000e+05
276 3865 1.813922e-01 1.578630e+00  1.795534109093041764e+02  1.000000000000000000e+05  1.000000000000000000e+05  1.000000000000000000e+05
277 3879 2.469132e-01 1.576898e+00  1.795534109093041764e+02  1.000000000000000000e+05  1.000000000000000000e+05  1.000000000000000000e+05
278 3893 2.403620e-01 1.576547e+00  1.795534109093041764e+02  1.000000000000000000e+05  1.000000000000000000e+05  1.000000000000000000e+11
279 3907 2.376811e-01 1.576661e+00  1.795534109093041764e+02  1.000000000000000000e+05  1.000000000000000000e+05  1.000000000000000000e+05
280 3921 2.320021e-01 1.576967e+00  1.795534109093041764e+02  1.000000000000000000e+05  1.000000000000000000e+05  1.000000000000000000e+13
281 3935 2.282634e-01 1.583355e+00  1.795534109093041764e+02  1.000000000000000000e+05  1.000000000000000000e+05  1.000000000000000000e+05
282 3949 2.256947e-01 1.584823e+00  1.795534109093041764e+02  1.000000000000000000e+05  1.000000000000000000e+05  1.000000000000000000e+05
283 3963 2.221369e-01 1.587415e+00  1.795534109093041764e+02  1.000000000000000000e+05  1.000000000000000000e+05  1.000000000000000000e+13
284 3977 2.206379e-01 1.591601e+00  1.795534109093041764e+02  1.000000000000000000e+05  1.000000000000000000e+05  1.000000000000000000e+18
285 3991 2.162875e-01 1.597341e+00  1.795534109093041764e+02  1.000000000000000000e+05  1.000000000000000000e+05  1.000000000000000000e+18
286 4005 2.160735e-01 1.599136e+00  1.795534109093041764e+02  1.464030163811763123e+04  1.000000000000000000e+05  1.000000000000000000e+18
287 4019 2.133778e-01 1.605939e+00  1.795534109093041764e+02  1.000000000000000000e+05  1.000000000000000000e+05  1.000000000000000000e+05
288 4033 2.089716e-01 1.609701e+00  1.795534109093041764e+02  1.000000000000000000e+05  1.000000000000000000e+05  1.000000000000000000e+13
289 4047 2.055827e-01 1.612274e+00  1.795534109093041764e+02  1.000000000000000000e+05  1.000000000000000000e+05  1.000000000000000000e+18
290 4061 2.021576e-01 1.603625e+00  1.795534109093041764e+02  1.430498913567148702e+04  1.000000000000000000e+05  1.000000000000000000e+18
291 4075 1.968477e-01 1.602621e+00  1.795534109093041764e+02  1.000000000000000000e+05  1.000000000000000000e+05  1.000000000000000000e+05
292 4089 1.905429e-01 1.604025e+00  1.795534109093041764e+02  1.000000000000000000e+05  1.000000000000000000e+05  1.000000000000000000e+05
293 4103 1.839395e-01 1.607208e+00  1.795534109093041764e+02  1.000000000000000000e+05  1.000000000000000000e+05  1.000000000000000000e+13
294 4117 1.789294e-01 1.613775e+00  1.795534109093041764e+02  1.000000000000000000e+05  1.000000000000000000e+05  1.000000000000000000e+05
295 4131 1.737000e-01 1.613444e+00  1.795534109093041764e+02  1.000000000000000000e+05  1.000000000000000000e+05  1.000000000000000000e+05
296 4145 1.708112e-01 1.613912e+00  1.795534109093041764e+02  1.000000000000000000e+05  1.000000000000000000e+05  1.000000000000000000e+05
297 4159 1.663594e-01 1.612632e+00  1.795534109093041764e+02  1.000000000000000000e+05  1.000000000000000000e+05  1.000000000000000000e+18
298 4173 2.284413e-01 1.611418e+00  1.795534109093041764e+02  1.000000000000000000e+05  1.000000000000000000e+05  1.000000000000000000e+05
299 4187 2.232568e-01 1.612507e+00  1.795534109093041764e+02  1.000000000000000000e+05  1.000000000000000000e+05  1.000000000000000000e+05
300 4201 2.156654e-01 1.617452e+00  1.795534109093041764e+02  1.000000000000000000e+05  1.000000000000000000e+05  1.000000000000000000e+05
301 4215 2.063468e-01 1.620755e+00  1.795534109093041764e+02  1.000000000000000000e+05  1.000000000000000000e+05  1.000000000000000000e+05
302 4229 1.978173e-01 1.615965e+00  1.795534109093041764e+02  1.000000000000000000e+05  1.000000000000000000e+05  1.000000000000000000e+05
303 4243 2.634373e-01 1.614605e+00  1.795534109093041764e+02  1.000000000000000000e+05  1.000000000000000000e+05  1.000000000000000000e+05
304 4257 2.512706e-01 1.613775e+00  1.795534109093041764e+02  1.000000000000000000e+05  1.000000000000000000e+05  1.000000000000000000e+05
305 4271 2.396977e-01 1.612991e+00  1.795534109093041764e+02  1.000000000000000000e+05  1.000000000000000000e+05  1.000000000000000000e+05
306 4285 2.313029e-01 1.615025e+00  1.795534109093041764e+02  1.000000000000000000e+05  1.000000000000000000e+05  1.000000000000000000e+13
307 4299 2.246075e-01 1.613806e+00  1.795534109093041764e+02  1.000000000000000000e+05  1.000000000000000000e+05  1.000000000000000000e+18
308 4313 2.166515e-01 1.611276e+00  1.795534109093041764e+02  1.000000000000000000e+05  1.000000000000000000e+05  1.000000000000000000e+15
309 4327 2.087243e-01 1.612520e+00  1.795534109093041764e+02  1.000000000000000000e+05  1.000000000000000000e+05  1.000000000000000000e+05
310 4341 2.010396e-01 1.616048e+00  1.795534109093041764e+02  1.000000000000000000e+05  1.000000000000000000e+05  1.000000000000000000e+11
311 4355 1.925167e-01 1.617046e+00  1.795534109093041764e+02  1.000000000000000000e+05  1.000000000000000000e+05  1.000000000000000000e+11
312 4369 2.619028e-01 1.615657e+00  1.795534109093041764e+02  1.000000000000000000e+05  1.000000000000000000e+05  1.000000000000000000e+18
313 4383 2.544951e-01 1.613467e+00  1.795534109093041764e+02  1.000000000000000000e+05  1.000000000000000000e+05  1.000000000000000000e+15
314 4397 2.447544e-01 1.614415e+00  1.795534109093041764e+02  1.000000000000000000e+05  1.000000000000000000e+05  1.000000000000000000e+11
315 4411 2.374440e-01 1.611309e+00  1.795534109093041764e+02  1.000000000000000000e+05  1.000000000000000000e+05  1.000000000000000000e+05
316 4425 2.311696e-01 1.612728e+00  1.795534109093041764e+02  1.000000000000000000e+05  1.000000000000000000e+05  1.000000000000000000e+13
317 4439 2.248570e-01 1.613296e+00  1.795534109093041764e+02  1.000000000000000000e+05  1.000000000000000000e+05  1.000000000000000000e+05
318 4453 2.215424e-01 1.613652e+00  1.795534109093041764e+02  4.936950035854908378e+02  1.000000000000000000e+05  1.000000000000000000e+05
319 4467 2.142406e-01 1.615916e+00  1.795534109093041764e+02  1.000000000000000000e+05  1.000000000000000000e+05  1.000000000000000000e+05
320 4481 2.043489e-01 1.619702e+00  1.795534109093041764e+02  1.000000000000000000e+05  1.000000000000000000e+05  1.000000000000000000e+11
321 4495 1.959720e-01 1.618477e+00  1.795534109093041764e+02  1.000000000000000000e+05  1.000000000000000000e+05  1.000000000000000000e+13
322 4509 1.907781e-01 1.619399e+00  1.795534109093041764e+02  1.000000000000000000e+05  1.000000000000000000e+05  1.000000000000000000e+11
323 4523 1.847885e-01 1.622560e+00  1.795534109093041764e+02  1.000000000000000000e+05  1.000000000000000000e+05  1.000000000000000000e+11
324 4537 1.781683e-01 1.626334e+00  1.795534109093041764e+02  1.000000000000000000e+05  1.000000000000000000e+05  1.000000000000000000e+15
325 4551 2.315840e-01 1.631845e+00  1.795534109093041764e+02  1.000000000000000000e+05  1.000000000000000000e+05  1.000000000000000000e+11
326 4565 2.204884e-01 1.633811e+00  1.795534109093041764e+02  1.000000000000000000e+05  1.000000000000000000e+05  1.000000000000000000e+11
327 4579 2.075505e-01 1.634678e+00  1.795534109093041764e+02  1.000000000000000000e+05  1.000000000000000000e+05  1.000000000000000000e+13
328 4593 1.969357e-01 1.635319e+00  1.795534109093041764e+02  1.000000000000000000e+05  1.000000000000000000e+05  1.000000000000000000e+18
329 4607 2.647616e-01 1.635104e+00  1.795534109093041764e+02  1.000000000000000000e+05  1.000000000000000000e+05  1.000000000000000000e+05
330 4621 2.545612e-01 1.634726e+00  1.795534109093041764e+02  1.000000000000000000e+05  1.000000000000000000e+05  1.000000000000000000e+11
331 4635 2.434530e-01 1.631953e+00  1.795534109093041764e+02  1.000000000000000000e+05  1.000000000000000000e+05  1.000000000000000000e+16
332 4649 2.369681e-01 1.637069e+00  1.795534109093041764e+02  1.000000000000000000e+05  1.000000000000000000e+05  1.000000000000000000e+05
333 4663 2.270973e-01 1.635822e+00  1.795534109093041764e+02  1.000000000000000000e+05  1.000000000000000000e+05  1.000000000000000000e+05
334 4677 2.189437e-01 1.633132e+00  1.795534109093041764e+02  1.000000000000000000e+05  1.000000000000000000e+05  1.000000000000000000e+05
335 4691 2.118892e-01 1.632804e+00  1.795534109093041764e+02  1.000000000000000000e+05  1.000000000000000000e+05  1.000000000000000000e+15
336 4705 2.029998e-01 1.633984e+00  1.795534109093041764e+02  1.000000000000000000e+05  1.000000000000000000e+05  1.000000000000000000e+13
337 4719 1.967348e-01 1.634636e+00  1.795534109093041764e+02  1.000000000000000000e+05  1.000000000000000000e+05  1.000000000000000000e+11
338 4733 1.910668e-01 1.634965e+00  1.795534109093041764e+02  1.000000000000000000e+05  1.000000000000000000e+05  1.000000000000000000e+05
339 4747 1.830376e-01 1.634705e+00  1.795534109093041764e+02  1.000000000000000000e+05  1.000000000000000000e+05  1.000000000000000000e+11
340 4761 1.783891e-01 1.632523e+00  1.795534109093041764e+02  1.000000000000000000e+05  1.000000000000000000e+05  1.000000000000000000e+11
341 4775 2.404280e-01 1.631025e+00  1.795534109093041764e+02  1.000000000000000000e+05  1.000000000000000000e+05  1.000000000000000000e+05
342 4789 2.322467e-01 1.630542e+00  1.795534109093041764e+02  1.000000000000000000e+05  1.000000000000000000e+05  1.000000000000000000e+05
343 4803 2.258644e-01 1.633085e+00  1.795534109093041764e+02  1.000000000000000000e+05  1.000000000000000000e+05  1.000000000000000000e+11
344 4817 3.080976e-01 1.637405e+00  1.795534109093041764e+02  1.000000000000000000e+05  1.000000000000000000e+05  1.000000000000000000e+05
345 4831 3.008331e-01 1.638275e+00  1.795534109093041764e+02  1.000000000000000000e+05  1.000000000000000000e+05  1.000000000000000000e+16
346 4845 2.947024e-01 1.642092e+00  1.795534109093041764e+02  1.000000000000000000e+05  1.000000000000000000e+05  1.000000000000000000e+15
347 4859 2.865354e-01 1.640422e+00  1.795534109093041764e+02  1.000000000000000000e+05  1.000000000000000000e+05  1.000000000000000000e+05
348 4873 2.778365e-01 1.640462e+00  1.795534109093041764e+02  1.000000000000000000e+05  1.000000000000000000e+05  1.000000000000000000e+11
349 4887 2.681010e-01 1.643420e+00  1.795534109093041764e+02  1.000000000000000000e+05  1.000000000000000000e+05  1.000000000000000000e+05
350 4901 2.588172e-01 1.641578e+00  1.795534109093041764e+02  1.000000000000000000e+05  1.000000000000000000e+05  1.000000000000000000e+13
351 4915 2.506830e-01 1.638998e+00  1.795534109093041764e+02  1.000000000000000000e+05  1.000000000000000000e+05  1.000000000000000000e+11
352 4929 2.420838e-01 1.640954e+00  1.795534109093041764e+02  1.000000000000000000e+05  1.000000000000000000e+05  1.000000000000000000e+13
353 4943 2.346014e-01 1.638651e+00  1.795534109093041764e+02  1.000000000000000000e+05  1.000000000000000000e+05  1.000000000000000000e+11
354 4957 2.244068e-01 1.641077e+00  1.795534109093041764e+02  1.000000000000000000e+05  1.000000000000000000e+05  1.000000000000000000e+15
355 4971 2.173344e-01 1.641554e+00  1.795534109093041764e+02  1.000000000000000000e+05  1.000000000000000000e+05  1.000000000000000000e+11
356 4985 2.098742e-01 1.640367e+00  1.795534109093041764e+02  1.000000000000000000e+05  1.000000000000000000e+05  1.000000000000000000e+11
357 4999 2.029570e-01 1.644830e+00  1.795534109093041764e+02  1.000000000000000000e+05  1.000000000000000000e+05  1.000000000000000000e+11
358 5013 1.983490e-01 1.644239e+00  1.795534109093041764e+02  1.000000000000000000e+05  1.000000000000000000e+05  1.000000000000000000e+18
359 5027 1.920048e-01 1.640998e+00  1.795534109093041764e+02  1.000000000000000000e+05  1.000000000000000000e+05  1.000000000000000000e+15
360 5041 1.842462e-01 1.640581e+00  1.795534109093041764e+02  1.000000000000000000e+05  1.000000000000000000e+05  1.000000000000000000e+05
361 5055 2.469264e-01 1.641183e+00  1.795534109093041764e+02  1.000000000000000000e+05  1.000000000000000000e+05  1.000000000000000000e+05
362 5069 2.384773e-01 1.640792e+00  1.795534109093041764e+02  1.000000000000000000e+05  1.000000000000000000e+05  1.000000000000000000e+11
363 5083 2.311710e-01 1.639353e+00  1.795534109093041764e+02  1.000000000000000000e+05  1.000000000000000000e+05  1.000000000000000000e+11
364 5097 2.275329e-01 1.643756e+00  1.795534109093041764e+02  1.000000000000000000e+05  1.000000000000000000e+05  1.000000000000000000e+05
365 5111 2.209477e-01 1.644216e+00  1.795534109093041764e+02  1.000000000000000000e+05  1.000000000000000000e+05  1.000000000000000000e+13
366 5125 2.155862e-01 1.645019e+00  1.795534109093041764e+02  1.000000000000000000e+05  1.000000000000000000e+05  1.000000000000000000e+13
367 5139 2.120951e-01 1.646241e+00  1.795534109093041764e+02  1.000000000000000000e+05  1.000000000000000000e+05  1.000000000000000000e+13
368 5153 2.100200e-01 1.643816e+00  1.795534109093041764e+02  1.000000000000000000e+05  1.000000000000000000e+05  1.000000000000000000e+11
369 5167 2.083486e-01 1.640368e+00  1.795534109093041764e+02  1.000000000000000000e+05  1.000000000000000000e+05  1.000000000000000000e+11
370 5181 2.032432e-01 1.641931e+00  1.795534109093041764e+02  1.000000000000000000e+05  1.000000000000000000e+05  1.000000000000000000e+11
371 5195 1.944645e-01 1.643137e+00  1.795534109093041764e+02  1.000000000000000000e+05  1.000000000000000000e+05  1.000000000000000000e+11
372 5209 1.873758e-01 1.641948e+00  1.795534109093041764e+02  1.000000000000000000e+05  1.000000000000000000e+05  1.000000000000000000e+05
373 5223 1.806582e-01 1.642851e+00  1.795534109093041764e+02  1.000000000000000000e+05  1.000000000000000000e+05  1.000000000000000000e+11
374 5237 1.731343e-01 1.639701e+00  1.795534109093041764e+02  1.000000000000000000e+05  1.000000000000000000e+05  1.000000000000000000e+11
375 5251 1.678596e-01 1.640491e+00  1.795534109093041764e+02  1.000000000000000000e+05  1.000000000000000000e+05  1.000000000000000000e+11
376 5265 1.634700e-01 1.630450e+00  1.795534109093041764e+02  1.000000000000000000e+05  1.000000000000000000e+05  1.000000000000000000e+05
377 5279 2.195174e-01 1.631669e+00  1.795534109093041764e+02  1.000000000000000000e+05  1.000000000000000000e+05  1.000000000000000000e+11
378 5293 2.143145e-01 1.632238e+00  1.795534109093041764e+02  1.000000000000000000e+05  1.000000000000000000e+05  1.000000000000000000e+13
379 5307 2.133977e-01 1.632837e+00  1.795534109093041764e+02  1.000000000000000000e+05  1.000000000000000000e+05  1.000000000000000000e+13
380 5321 2.114869e-01 1.634447e+00  1.795534109093041764e+02  1.000000000000000000e+05  1.000000000000000000e+05  1.000000000000000000e+05
381 5335 2.089222e-01 1.635166e+00  1.795534109093041764e+02  1.000000000000000000e+05  1.000000000000000000e+05  1.000000000000000000e+05
382 5349 2.089999e-01 1.642755e+00  1.795534109093041764e+02  1.000000000000000000e+05  1.000000000000000000e+05  1.000000000000000000e+13
383 5363 2.062104e-01 1.643219e+00  1.795534109093041764e+02  1.000000000000000000e+05  1.000000000000000000e+05  1.000000000000000000e+05
384 5377 2.042283e-01 1.646848e+00  1.795534109093041764e+02  1.000000000000000000e+05  1.000000000000000000e+05  1.000000000000000000e+05
385 5391 2.005748e-01 1.647172e+00  1.795534109093041764e+02  1.000000000000000000e+05  1.000000000000000000e+05  1.000000000000000000e+13
386 5405 1.955836e-01 1.651430e+00  1.795534109093041764e+02  1.000000000000000000e+05  1.000000000000000000e+05  1.000000000000000000e+05
387 5419 1.905241e-01 1.652883e+00  1.795534109093041764e+02  1.000000000000000000e+05  1.000000000000000000e+05  1.000000000000000000e+05
388 5433 1.832008e-01 1.654098e+00  1.795534109093041764e+02  1.000000000000000000e+05  1.000000000000000000e+05  1.000000000000000000e+05
389 5447 2.440735e-01 1.653852e+00  1.795534109093041764e+02  1.000000000000000000e+05  1.000000000000000000e+05  1.000000000000000000e+05
390 5461 2.353421e-01 1.654311e+00  1.795534109093041764e+02  1.000000000000000000e+05  1.000000000000000000e+05  1.000000000000000000e+13
391 5475 2.292272e-01 1.651981e+00  1.795534109093041764e+02  1.000000000000000000e+05  1.000000000000000000e+05  1.000000000000000000e+05
392 5489 2.224796e-01 1.656369e+00  1.795534109093041764e+02  1.000000000000000000e+05  1.000000000000000000e+05  1.000000000000000000e+11
393 5503 2.179165e-01 1.657483e+00  1.795534109093041764e+02  1.000000000000000000e+05  1.000000000000000000e+05  1.000000000000000000e+11
394 5517 2.150100e-01 1.656531e+00  1.795534109093041764e+02  3.959642237878744595e+02  1.000000000000000000e+05  1.000000000000000000e+13
395 5531 2.120323e-01 1.655084e+00  1.795534109093041764e+02  3.418877040408426069e+02  1.000000000000000000e+05  1.000000000000000000e+05
396 5545 2.119410e-01 1.661375e+00  1.795534109093041764e+02  1.000000000000000000e+05  1.000000000000000000e+05  1.000000000000000000e+05
397 5559 2.106664e-01 1.662208e+00  1.795534109093041764e+02  4.929033343029403227e+02  1.000000000000000000e+05  1.000000000000000000e+05
398 5573 2.063041e-01 1.657752e+00  1.795534109093041764e+02  1.000000000000000000e+05  1.000000000000000000e+05  1.000000000000000000e+11
399 5587 1.991630e-01 1.657405e+00  1.795534109093041764e+02  1.000000000000000000e+05  1.000000000000000000e+05  1.000000000000000000e+05
400 5601 2.724224e-01 1.656839e+00  1.795534109093041764e+02  1.000000000000000000e+05  1.000000000000000000e+05  1.000000000000000000e+05
401 5615 2.676164e-01 1.656073e+00  1.795534109093041764e+02  1.000000000000000000e+05  1.000000000000000000e+05  1.000000000000000000e+18
402 5629 2.602038e-01 1.658078e+00  1.795534109093041764e+02  1.000000000000000000e+05  1.000000000000000000e+05  1.000000000000000000e+11
403 5643 2.522873e-01 1.661333e+00  1.795534109093041764e+02  1.000000000000000000e+05  1.000000000000000000e+05  1.000000000000000000e+05
404 5657 2.482765e-01 1.660279e+00  1.795534109093041764e+02  1.000000000000000000e+05  1.000000000000000000e+05  1.000000000000000000e+15
405 5671 2.433995e-01 1.661550e+00  1.795534109093041764e+02  1.022291239488114797e+03  1.000000000000000000e+05  1.000000000000000000e+05
406 5685 2.409916e-01 1.660235e+00  1.795534109093041764e+02  1.000000000000000000e+05  1.000000000000000000e+05  1.000000000000000000e+18
407 5699 2.370232e-01 1.659125e+00  1.795534109093041764e+02  1.000000000000000000e+05  1.000000000000000000e+05  1.000000000000000000e+13
408 5713 2.336717e-01 1.663108e+00  1.795534109093041764e+02  5.757646895189176348e+02  1.000000000000000000e+05  1.000000000000000000e+05
409 5727 2.298025e-01 1.663173e+00  1.795534109093041764e+02  1.000000000000000000e+05  1.000000000000000000e+05  1.000000000000000000e+05
410 5741 2.249663e-01 1.664177e+00  1.795534109093041764e+02  1.000000000000000000e+05  1.000000000000000000e+05  1.000000000000000000e+05
411 5755 2.177100e-01 1.665097e+00  1.795534109093041764e+02  1.000000000000000000e+05  1.000000000000000000e+05  1.000000000000000000e+05
412 5769 2.106265e-01 1.666945e+00  1.795534109093041764e+02  1.000000000000000000e+05  1.000000000000000000e+05  1.000000000000000000e+05
413 5783 2.063888e-01 1.665191e+00  1.795534109093041764e+02  1.000000000000000000e+05  1.000000000000000000e+05  1.000000000000000000e+18
414 5797 1.996518e-01 1.667104e+00  1.795534109093041764e+02  1.000000000000000000e+05  1.000000000000000000e+05  1.000000000000000000e+18
415 5811 1.932377e-01 1.662870e+00  1.795534109093041764e+02  1.000000000000000000e+05  1.000000000000000000e+05  1.000000000000000000e+18
416 5825 2.563246e-01 1.660677e+00  1.795534109093041764e+02  1.000000000000000000e+05  1.000000000000000000e+05  1.000000000000000000e+05
417 5839 2.470551e-01 1.660923e+00  1.795534109093041764e+02  1.000000000000000000e+05  1.000000000000000000e+05  1.000000000000000000e+18
418 5853 2.394671e-01 1.665916e+00  1.795534109093041764e+02  1.000000000000000000e+05  1.000000000000000000e+05  1.000000000000000000e+11
419 5867 2.334514e-01 1.668276e+00  1.795534109093041764e+02  1.000000000000000000e+05  1.000000000000000000e+05  1.000000000000000000e+13
420 5881 2.238321e-01 1.668554e+00  1.795534109093041764e+02  1.000000000000000000e+05  1.000000000000000000e+05  1.000000000000000000e+05
421 5895 2.168703e-01 1.669523e+00  1.795534109093041764e+02  1.000000000000000000e+05  1.000000000000000000e+05  1.000000000000000000e+11
422 5909 2.095318e-01 1.668468e+00  1.795534109093041764e+02  5.138639540931944794e+02  1.000000000000000000e+05  1.000000000000000000e+05
423 5923 1.995341e-01 1.669865e+00  1.795534109093041764e+02  1.000000000000000000e+05  1.000000000000000000e+05  1.000000000000000000e+16
424 5937 1.912309e-01 1.675890e+00  1.795534109093041764e+02  1.000000000000000000e+05  1.000000000000000000e+05  1.000000000000000000e+11
425 5951 1.861718e-01 1.678471e+00  1.795534109093041764e+02  1.000000000000000000e+05  1.000000000000000000e+05  1.000000000000000000e+05
426 5965 1.799748e-01 1.677265e+00  1.795534109093041764e+02  1.000000000000000000e+05  1.000000000000000000e+05  1.000000000000000000e+11
427 5979 2.449618e-01 1.678893e+00  1.795534109093041764e+02  1.000000000000000000e+05  1.000000000000000000e+05  1.000000000000000000e+16
428 5993 2.427948e-01 1.686810e+00  1.795534109093041764e+02  1.000000000000000000e+05  1.000000000000000000e+05  1.000000000000000000e+11
429 6007 2.398639e-01 1.689070e+00  1.795534109093041764e+02  1.000000000000000000e+05  1.000000000000000000e+05  1.000000000000000000e+11
430 6021 2.357930e-01 1.690630e+00  1.795534109093041764e+02  1.000000000000000000e+05  1.000000000000000000e+05  1.000000000000000000e+18
431 6035 2.292782e-01 1.697089e+00  1.795534109093041764e+02  1.000000000000000000e+05  1.000000000000000000e+05  1.000000000000000000e+18
432 6049 2.227705e-01 1.698734e+00  1.795534109093041764e+02  1.000000000000000000e+05  1.000000000000000000e+05  1.000000000000000000e+05
433 6063 2.166151e-01 1.700164e+00  1.795534109093041764e+02  1.000000000000000000e+05  1.000000000000000000e+05  1.000000000000000000e+18
434 6077 2.874214e-01 1.699010e+00  1.795534109093041764e+02  1.000000000000000000e+05  1.000000000000000000e+05  1.000000000000000000e+18
435 6091 2.758594e-01 1.702292e+00  1.795534109093041764e+02  2.799194807161018730e+02  1.000000000000000000e+05  1.000000000000000000e+11
436 6105 2.660314e-01 1.700818e+00  1.795534109093041764e+02  1.000000000000000000e+05  1.000000000000000000e+05  1.000000000000000000e+18
437 6119 2.620068e-01 1.702162e+00  1.795534109093041764e+02  1.000000000000000000e+05  1.000000000000000000e+05  1.000000000000000000e+13
438 6133 2.543401e-01 1.703813e+00  1.795534109093041764e+02  1.000000000000000000e+05  5.000005000000000000e+10  1.000000000000000000e+11
439 6147 2.495403e-01 1.706552e+00  1.795534109093041764e+02  1.000000000000000000e+05  1.000000000000000000e+05  1.000000000000000000e+13
440 6161 2.450099e-01 1.708561e+00  1.795534109093041764e+02  1.000000000000000000e+05  1.000000000000000000e+05  1.000000000000000000e+11
441 6175 2.400150e-01 1.712891e+00  1.795534109093041764e+02  1.000000000000000000e+05  1.000000000000000000e+05  1.000000000000000000e+11
442 6189 2.337274e-01 1.712436e+00  1.795534109093041764e+02  1.000000000000000000e+05  1.000000000000000000e+05  1.000000000000000000e+05
443 6203 2.282873e-01 1.711283e+00  1.795534109093041764e+02  1.000000000000000000e+05  1.000000000000000000e+05  1.000000000000000000e+11
444 6217 2.187858e-01 1.707840e+00  1.795534109093041764e+02  1.000000000000000000e+05  1.000000000000000000e+05  1.000000000000000000e+05
445 6231 2.089908e-01 1.704618e+00  1.795534109093041764e+02  1.000000000000000000e+05  1.000000000000000000e+05  1.000000000000000000e+11
446 6245 1.995872e-01 1.708057e+00  1.795534109093041764e+02  1.000000000000000000e+05  1.000000000000000000e+05  1.000000000000000000e+05
447 6259 2.703433e-01 1.707818e+00  1.795534109093041764e+02  1.000000000000000000e+05  1.000000000000000000e+05  1.000000000000000000e+18
448 6273 2.633099e-01 1.709514e+00  1.795534109093041764e+02  1.000000000000000000e+05  1.000000000000000000e+05  1.000000000000000000e+11
449 6287 2.584077e-01 1.707120e+00  1.795534109093041764e+02  1.000000000000000000e+05  1.000000000000000000e+05  1.000000000000000000e+11
450 6301 2.536988e-01 1.709220e+00  1.795534109093041764e+02  1.000000000000000000e+05  1.000000000000000000e+05  1.000000000000000000e+11
451 6315 2.480057e-01 1.709590e+00  1.795534109093041764e+02  1.000000000000000000e+05  1.000000000000000000e+05  1.000000000000000000e+18
452 6329 2.427611e-01 1.707797e+00  1.795534109093041764e+02  1.000000000000000000e+05  1.000000000000000000e+05  1.000000000000000000e+18
453 6343 2.384825e-01 1.711998e+00  1.795534109093041764e+02  1.000000000000000000e+05  5.000005000000000000e+10  1.000000000000000000e+11
454 6357 2.319971e-01 1.716183e+00  1.795534109093041764e+02  1.000000000000000000e+05  1.000000000000000000e+05  1.000000000000000000e+11
455 6371 3.097915e-01 1.716704e+00  1.795534109093041764e+02  1.000000000000000000e+05  1.000000000000000000e+05  1.000000000000000000e+11
456 6385 2.972535e-01 1.718286e+00  1.795534109093041764e+02  1.000000000000000000e+05  1.000000000000000000e+05  1.000000000000000000e+11
457 6399 2.808245e-01 1.718441e+00  1.795534109093041764e+02  1.000000000000000000e+05  1.000000000000000000e+05  1.000000000000000000e+05
458 6413 2.697754e-01 1.720576e+00  1.795534109093041764e+02  1.000000000000000000e+05  1.000000000000000000e+05  1.000000000000000000e+11
459 6427 2.582281e-01 1.724623e+00  1.795534109093041764e+02  1.000000000000000000e+05  1.000000000000000000e+05  1.000000000000000000e+11
460 6441 2.456033e-01 1.724776e+00  1.795534109093041764e+02  1.000000000000000000e+05  1.000000000000000000e+05  1.000000000000000000e+11
461 6455 2.322023e-01 1.734186e+00  1.795534109093041764e+02  1.000000000000000000e+05  1.000000000000000000e+05  1.000000000000000000e+05
462 6469 2.218323e-01 1.735751e+00  1.795534109093041764e+02  1.000000000000000000e+05  1.000000000000000000e+05  1.000000000000000000e+11
463 6483 2.128210e-01 1.737377e+00  1.795534109093041764e+02  1.000000000000000000e+05  1.000000000000000000e+05  1.000000000000000000e+05
464 6497 2.880384e-01 1.752055e+00  1.795534109093041764e+02  1.000000000000000000e+05  1.000000000000000000e+05  1.000000000000000000e+05
465 6511 2.795994e-01 1.752576e+00  1.795534109093041764e+02  1.000000000000000000e+05  1.000000000000000000e+05  1.000000000000000000e+05
466 6525 2.721001e-01 1.753550e+00  1.795534109093041764e+02  1.000000000000000000e+05  1.000000000000000000e+05  1.000000000000000000e+11
467 6539 2.629155e-01 1.755812e+00  1.795534109093041764e+02  1.000000000000000000e+05  1.000000000000000000e+05  1.000000000000000000e+11
468 6553 2.486278e-01 1.755189e+00  1.795534109093041764e+02  1.000000000000000000e+05  1.000000000000000000e+05  1.000000000000000000e+11
469 6567 2.388648e-01 1.748513e+00  1.795534109093041764e+02  1.000000000000000000e+05  1.000000000000000000e+05  1.000000000000000000e+11
470 6581 2.302234e-01 1.752186e+00  1.795534109093041764e+02  3.881847956119902960e+02  1.000000000000000000e+05  1.000000000000000000e+11
471 6595 2.204420e-01 1.750888e+00  1.795534109093041764e+02  1.000000000000000000e+05  1.000000000000000000e+05  1.000000000000000000e+11
472 6609 2.157486e-01 1.750590e+00  1.795534109093041764e+02  1.000000000000000000e+05  1.000000000000000000e+05  1.000000000000000000e+13
473 6623 2.125215e-01 1.752520e+00  1.795534109093041764e+02  3.368077379460178804e+02  1.000000000000000000e+05  1.000000000000000000e+05
474 6637 2.097350e-01 1.755055e+00  1.795534109093041764e+02  1.000000000000000000e+05  1.000000000000000000e+05  1.000000000000000000e+11
475 6651 2.053725e-01 1.759027e+00  1.795534109093041764e+02  1.000000000000000000e+05  1.000000000000000000e+05  1.000000000000000000e+11
476 6665 2.030922e-01 1.761093e+00  1.795534109093041764e+02  2.890992529522612244e+02  1.000000000000000000e+05  1.000000000000000000e+05
477 6679 2.016043e-01 1.760682e+00  1.795534109093041764e+02  5.353502815115754174e+02  1.000000000000000000e+05  1.000000000000000000e+13
478 6693 1.993317e-01 1.758698e+00  1.795534109093041764e+02  1.000000000000000000e+05  1.000000000000000000e+05  1.000000000000000000e+11
479 6707 1.955000e-01 1.764626e+00  1.795534109093041764e+02  1.000000000000000000e+05  1.000000000000000000e+05  1.000000000000000000e+05
480 6721 1.913992e-01 1.768138e+00  1.795534109093041764e+02  1.000000000000000000e+05  1.000000000000000000e+05  1.000000000000000000e+11
481 6735 1.878991e-01 1.767580e+00  1.795534109093041764e+02  1.000000000000000000e+05  1.000000000000000000e+05  1.000000000000000000e+11
482 6749 1.835104e-01 1.765697e+00  1.795534109093041764e+02  1.000000000000000000e+05  1.000000000000000000e+05  1.000000000000000000e+11
483 6763 1.775409e-01 1.764414e+00  1.795534109093041764e+02  1.000000000000000000e+05  1.000000000000000000e+05  1.000000000000000000e+11
484 6777 1.751986e-01 1.760263e+00  1.795534109093041764e+02  3.208744448856079998e+03  1.000000000000000000e+05  1.000000000000000000e+11
485 6791 1.724096e-01 1.762945e+00  1.795534109093041764e+02  1.000000000000000000e+05  1.000000000000000000e+05  1.000000000000000000e+11
486 6805 1.690639e-01 1.762146e+00  1.795534109093041764e+02  1.000000000000000000e+05  1.000000000000000000e+05  1.000000000000000000e+11
487 6819 1.655336e-01 1.764913e+00  1.795534109093041764e+02  1.000000000000000000e+05  1.000000000000000000e+05  1.000000000000000000e+11
488 6833 2.259344e-01 1.766886e+00  1.795534109093041764e+02  1.000000000000000000e+05  1.000000000000000000e+05  1.000000000000000000e+05
489 6847 2.181744e-01 1.768152e+00  1.795534109093041764e+02  1.000000000000000000e+05  1.000000000000000000e+05  1.000000000000000000e+11
490 6861 2.131961e-01 1.767367e+00  1.795534109093041764e+02  1.388054691524712780e+03  5.000005000000000000e+10  1.000000000000000000e+11
491 6875 2.060298e-01 1.767202e+00  1.795534109093041764e+02  1.000000000000000000e+05  1.000000000000000000e+11  1.000000000000000000e+11
492 6889 2.024268e-01 1.769130e+00  1.795534109093041764e+02  1.000000000000000000e+05  1.000000000000000000e+05  1.000000000000000000e+18
493 6903 2.022699e-01 1.766706e+00  1.795534109093041764e+02  1.000000000000000000e+05  5.000005000000000000e+10  1.000000000000000000e+11
494 6917 2.035482e-01 1.770079e+00  1.795534109093041764e+02  1.000000000000000000e+05  1.000000000000000000e+05  1.000000000000000000e+05
495 6931 1.994053e-01 1.773440e+00  1.795534109093041764e+02  1.000000000000000000e+05  1.000000000000000000e+05  1.000000000000000000e+11
496 6945 1.950367e-01 1.773795e+00  1.795534109093041764e+02  1.000000000000000000e+05  1.000000000000000000e+05  1.000000000000000000e+11
497 6959 1.910803e-01 1.773364e+00  1.795534109093041764e+02  1.000000000000000000e+05  1.000000000000000000e+05  1.000000000000000000e+11
498 6973 1.837829e-01 1.771740e+00  1.795534109093041764e+02  6.051731386230344469e+02  1.000000000000000000e+05  1.000000000000000000e+18
499 6987 1.802915e-01 1.771803e+00  1.795534109093041764e+02  1.000000000000000000e+05  1.000000000000000000e+05  1.000000000000000000e+18
500 7001 1.747506e-01 1.774216e+00  1.795534109093041764e+02  1.000000000000000000e+05  1.000000000000000000e+05  1.000000000000000000e+05
501 7015 1.702331e-01 1.774121e+00  1.795534109093041764e+02  1.000000000000000000e+05  1.000000000000000000e+05  1.000000000000000000e+05
502 7029 2.339052e-01 1.773697e+00  1.795534109093041764e+02  1.000000000000000000e+05  1.000000000000000000e+05  1.000000000000000000e+05
503 7043 2.281846e-01 1.775489e+00  1.795534109093041764e+02  1.000000000000000000e+05  1.000000000000000000e+05  1.000000000000000000e+18
504 7057 2.238193e-01 1.777124e+00  1.795534109093041764e+02  1.000000000000000000e+05  1.000000000000000000e+05  1.000000000000000000e+15
505 7071 3.050751e-01 1.771119e+00  1.795534109093041764e+02  1.000000000000000000e+05  1.000000000000000000e+05  1.000000000000000000e+11
506 7085 3.023205e-01 1.775594e+00  1.795534109093041764e+02  1.000000000000000000e+05  1.000000000000000000e+05  1.000000000000000000e+18
507 7099 2.954812e-01 1.776660e+00  1.795534109093041764e+02  1.000000000000000000e+05  1.000000000000000000e+05  1.000000000000000000e+05
508 7113 2.894924e-01 1.778527e+00  1.795534109093041764e+02  1.000000000000000000e+05  1.000000000000000000e+05  1.000000000000000000e+05
509 7127 2.818619e-01 1.782407e+00  1.795534109093041764e+02  1.000000000000000000e+05  1.000000000000000000e+05  1.000000000000000000e+05
510 7141 2.769343e-01 1.782147e+00  1.795534109093041764e+02  1.000000000000000000e+05  1.000000000000000000e+05  1.000000000000000000e+05
511 7155 3.763526e-01 1.780303e+00  1.795534109093041764e+02  1.000000000000000000e+05  1.000000000000000000e+05  1.000000000000000000e+05
512 7169 3.767311e-01 1.783499e+00  1.795534109093041764e+02  1.000000000000000000e+05  1.000000000000000000e+05  1.000000000000000000e+13
513 7183 3.696839e-01 1.786209e+00  1.795534109093041764e+02  1.000000000000000000e+05  1.000000000000000000e+05  1.000000000000000000e+13
514 7197 3.601141e-01 1.791012e+00  1.795534109093041764e+02  1.000000000000000000e+05  1.000000000000000000e+05  1.000000000000000000e+05
515 7211 3.541276e-01 1.798108e+00  1.795534109093041764e+02  1.000000000000000000e+05  1.000000000000000000e+05  1.000000000000000000e+05
516 7225 3.522908e-01 1.800713e+00  1.795534109093041764e+02  1.000000000000000000e+05  1.000000000000000000e+05  1.000000000000000000e+11
517 7239 3.497879e-01 1.801558e+00  1.795534109093041764e+02  1.000000000000000000e+05  1.000000000000000000e+05  1.000000000000000000e+15
518 7253 3.434032e-01 1.805369e+00  1.795534109093041764e+02  1.000000000000000000e+05  1.000000000000000000e+05  1.000000000000000000e+05
519 7267 3.353777e-01 1.806352e+00  1.795534109093041764e+02  1.000000000000000000e+05  1.000000000000000000e+05  1.000000000000000000e+15
520 7281 3.255886e-01 1.803224e+00  1.795534109093041764e+02  1.000000000000000000e+05  1.000000000000000000e+05  1.000000000000000000e+15
521 7295 3.147762e-01 1.802255e+00  1.795534109093041764e+02  1.000000000000000000e+05  1.000000000000000000e+05  1.000000000000000000e+11
522 7309 3.056219e-01 1.803483e+00  1.795534109093041764e+02  1.000000000000000000e+05  5.000005000000000000e+10  1.000000000000000000e+11
523 7323 2.951171e-01 1.807015e+00  1.795534109093041764e+02  1.000000000000000000e+05  1.000000000000000000e+11  1.000000000000000000e+15
524 7337 2.839016e-01 1.804092e+00  1.795534109093041764e+02  1.000000000000000000e+05  5.000005000000000000e+10  1.000000000000000000e+11
525 7351 2.741695e-01 1.802926e+00  1.795534109093041764e+02  1.000000000000000000e+05  1.000000000000000000e+05  1.000000000000000000e+15
526 7365 2.649309e-01 1.799022e+00  1.795534109093041764e+02  1.000000000000000000e+05  1.000000000000000000e+05  1.000000000000000000e+11
527 7379 2.540574e-01 1.794001e+00  1.795534109093041764e+02  1.000000000000000000e+05  5.000005000000000000e+10  1.000000000000000000e+15
528 7393 2.466870e-01 1.792606e+00  1.795534109093041764e+02  1.000000000000000000e+05  1.000000000000000000e+05  1.000000000000000000e+11
529 7407 2.392388e-01 1.795945e+00  1.795534109093041764e+02  1.000000000000000000e+05  1.000000000000000000e+05  1.000000000000000000e+11
530 7421 2.350677e-01 1.793883e+00  1.795534109093041764e+02  1.000000000000000000e+05  1.000000000000000000e+05  1.000000000000000000e+11
531 7435 3.232566e-01 1.794634e+00  1.795534109093041764e+02  1.000000000000000000e+05  1.000000000000000000e+05  1.000000000000000000e+11
532 7449 3.194106e-01 1.801526e+00  1.795534109093041764e+02  1.000000000000000000e+05  1.000000000000000000e+05  1.000000000000000000e+11
533 7463 3.128282e-01 1.803073e+00  1.795534109093041764e+02  1.000000000000000000e+05  1.000000000000000000e+05  1.000000000000000000e+11
534 7477 3.087502e-01 1.803452e+00  1.795534109093041764e+02  1.000000000000000000e+05  1.000000000000000000e+05  1.000000000000000000e+11
535 7491 3.022132e-01 1.803297e+00  1.795534109093041764e+02  1.000000000000000000e+05  1.000000000000000000e+05  1.000000000000000000e+05
536 7505 2.897110e-01 1.797967e+00  1.795534109093041764e+02  1.000000000000000000e+05  1.000000000000000000e+05  1.000000000000000000e+05
537 7519 2.806643e-01 1.794827e+00  1.795534109093041764e+02  1.000000000000000000e+05  1.000000000000000000e+05  1.000000000000000000e+11
538 7533 2.726084e-01 1.796478e+00  1.795534109093041764e+02  1.000000000000000000e+05  1.000000000000000000e+05  1.000000000000000000e+05
539 7547 2.625290e-01 1.795856e+00  1.795534109093041764e+02  1.000000000000000000e+05  1.000000000000000000e+05  1.000000000000000000e+05
540 7561 2.539938e-01 1.795634e+00  1.795534109093041764e+02  1.000000000000000000e+05  1.000000000000000000e+05  1.000000000000000000e+05
541 7575 2.462406e-01 1.793828e+00  1.795534109093041764e+02  1.000000000000000000e+05  1.000000000000000000e+05  1.000000000000000000e+05
542 7589 2.347192e-01 1.796022e+00  1.795534109093041764e+02  1.000000000000000000e+05  1.000000000000000000e+05  1.000000000000000000e+05
543 7603 2.228516e-01 1.793342e+00  1.795534109093041764e+02  1.000000000000000000e+05  1.000000000000000000e+05  1.000000000000000000e+05
544 7617 2.115959e-01 1.791736e+00  1.795534109093041764e+02  1.000000000000000000e+05  1.000000000000000000e+05  1.000000000000000000e+05
545 7631 2.035576e-01 1.791724e+00  1.795534109093041764e+02  1.000000000000000000e+05  1.000000000000000000e+05  1.000000000000000000e+11
546 7645 1.948020e-01 1.793653e+00  1.795534109093041764e+02  1.000000000000000000e+05  1.000000000000000000e+05  1.000000000000000000e+05
547 7659 1.846717e-01 1.799021e+00  1.795534109093041764e+02  1.000000000000000000e+05  1.000000000000000000e+05  1.000000000000000000e+05
548 7673 2.470957e-01 1.796868e+00  1.795534109093041764e+02  1.000000000000000000e+05  1.000000000000000000e+05  1.000000000000000000e+05
549 7687 2.403604e-01 1.795913e+00  1.795534109093041764e+02  1.000000000000000000e+05  1.000000000000000000e+05  1.000000000000000000e+05
550 7701 3.313922e-01 1.797974e+00  1.795534109093041764e+02  1.000000000000000000e+05  1.000000000000000000e+05  1.000000000000000000e+05
551 7715 3.228611e-01 1.805783e+00  1.795534109093041764e+02  1.000000000000000000e+05  1.000000000000000000e+05  1.000000000000000000e+05
552 7729 3.124478e-01 1.804852e+00  1.795534109093041764e+02  1.000000000000000000e+05  1.000000000000000000e+05  1.000000000000000000e+05
553 7743 3.026715e-01 1.805954e+00  1.795534109093041764e+02  1.000000000000000000e+05  1.000000000000000000e+05  1.000000000000000000e+11
554 7757 2.917543e-01 1.808297e+00  1.795534109093041764e+02  1.000000000000000000e+05  1.000000000000000000e+05  1.000000000000000000e+11
555 7771 2.859293e-01 1.811861e+00  1.795534109093041764e+02  1.000000000000000000e+05  1.000000000000000000e+05  1.000000000000000000e+11
556 7785 2.800855e-01 1.812439e+00  1.795534109093041764e+02  1.000000000000000000e+05  1.000000000000000000e+05  1.000000000000000000e+05
557 7799 2.758195e-01 1.812193e+00  1.795534109093041764e+02  1.000000000000000000e+05  1.000000000000000000e+05  1.000000000000000000e+11
558 7813 2.703934e-01 1.808287e+00  1.795534109093041764e+02  1.000000000000000000e+05  1.000000000000000000e+05  1.000000000000000000e+18
559 7827 2.657854e-01 1.809704e+00  1.795534109093041764e+02  1.000000000000000000e+05  1.000000000000000000e+05  1.000000000000000000e+05
560 7841 2.622265e-01 1.811802e+00  1.795534109093041764e+02  1.000000000000000000e+05  1.000000000000000000e+05  1.000000000000000000e+05
561 7855 2.547355e-01 1.817343e+00  1.795534109093041764e+02  1.000000000000000000e+05  1.000000000000000000e+05  1.000000000000000000e+18
562 7869 2.480249e-01 1.820973e+00  1.795534109093041764e+02  1.000000000000000000e+05  1.000000000000000000e+05  1.000000000000000000e+11
563 7883 2.402095e-01 1.821471e+00  1.795534109093041764e+02  1.000000000000000000e+05  1.000000000000000000e+05  1.000000000000000000e+11
564 7897 2.331908e-01 1.829162e+00  1.795534109093041764e+02  1.000000000000000000e+05  1.000000000000000000e+05  1.000000000000000000e+05
565 7911 2.243835e-01 1.832272e+00  1.795534109093041764e+02  1.000000000000000000e+05  1.000000000000000000e+05  1.000000000000000000e+05
566 7925 2.160704e-01 1.834655e+00  1.795534109093041764e+02  1.000000000000000000e+05  1.000000000000000000e+05  1.000000000000000000e+05
567 7939 2.124455e-01 1.826547e+00  1.795534109093041764e+02  1.000000000000000000e+05  1.000000000000000000e+05  1.000000000000000000e+05
568 7953 2.090884e-01 1.819616e+00  1.795534109093041764e+02  1.000000000000000000e+05  1.000000000000000000e+05  1.000000000000000000e+05
569 7967 2.039431e-01 1.820702e+00  1.795534109093041764e+02  1.000000000000000000e+05  1.000000000000000000e+05  1.000000000000000000e+05
570 7981 1.972551e-01 1.818303e+00  1.795534109093041764e+02  1.000000000000000000e+05  1.000000000000000000e+05  1.000000000000000000e+05
571 7995 1.913553e-01 1.814259e+00  1.795534109093041764e+02  1.000000000000000000e+05  1.000000000000000000e+05  1.000000000000000000e+05
572 8009 1.886430e-01 1.818860e+00  1.795534109093041764e+02  1.000000000000000000e+05  1.000000000000000000e+05  1.000000000000000000e+05
573 8023 1.894161e-01 1.818703e+00  1.795534109093041764e+02  1.000000000000000000e+05  1.000000000000000000e+05  1.000000000000000000e+05
574 8037 1.892478e-01 1.818916e+00  1.795534109093041764e+02  1.000000000000000000e+05  1.000000000000000000e+05  1.000000000000000000e+05
575 8051 1.866259e-01 1.818509e+00  1.795534109093041764e+02  1.000000000000000000e+05  1.000000000000000000e+05  1.000000000000000000e+05
576 8065 1.792223e-01 1.817830e+00  1.795534109093041764e+02  1.000000000000000000e+05  1.000000000000000000e+05  1.000000000000000000e+05
577 8079 1.736203e-01 1.814808e+00  1.795534109093041764e+02  1.000000000000000000e+05  1.000000000000000000e+05  1.000000000000000000e+05
578 8093 2.323637e-01 1.814219e+00  1.795534109093041764e+02  1.000000000000000000e+05  1.000000000000000000e+05  1.000000000000000000e+05
579 8107 2.241371e-01 1.810589e+00  1.795534109093041764e+02  1.000000000000000000e+05  1.000000000000000000e+05  1.000000000000000000e+05
580 8121 2.154849e-01 1.810019e+00  1.795534109093041764e+02  1.000000000000000000e+05  1.000000000000000000e+05  1.000000000000000000e+15
581 8135 2.920658e-01 1.804839e+00  1.795534109093041764e+02  1.000000000000000000e+05  1.000000000000000000e+05  1.000000000000000000e+05
