%  columns="iteration, evaluation, void, void, void, xmean" (startseed=210565, 2023/08/19 5:0:50.67)
0 1 0 0 0 5.000000e-01 2.500000e-01 5.000000e-01 2.500000e-01 5.000000e-01 5.000000e-01 2.500000e-01 2.500000e-01 5.000000e-01 2.500000e-01 7.500000e-01 7.500000e-01 7.500000e-01 5.000000e-01 5.000000e-01 2.500000e-01 7.500000e-01 7.500000e-01 7.500000e-01 2.500000e-01 5.000000e-01 2.500000e-01 5.000000e-01 2.500000e-01 2.500000e-01 2.500000e-01 5.000000e-01 2.500000e-01 5.000000e-01 5.000000e-01 7.500000e-01 7.500000e-01 5.000000e-01 2.500000e-01 
1 15 0 0 0 4.520069e-01 1.467135e-01 4.535532e-01 2.219060e-01 2.408257e-01 2.227806e-01 -2.340001e-02 2.812811e-01 4.613004e-01 2.635494e-01 8.418456e-01 6.030081e-01 7.083047e-01 3.432153e-01 5.969273e-01 1.315137e-01 6.113790e-01 8.815875e-01 7.911132e-01 2.587329e-01 5.072311e-01 3.093599e-01 5.782980e-01 2.862523e-01 -1.063318e-01 2.399533e-01 5.360339e-01 2.428788e-01 6.297534e-01 7.853508e-01 6.257955e-01 5.025037e-01 3.945028e-01 -2.218569e-03 
2 29 0 0 0 4.378433e-01 -5.889111e-02 5.677174e-01 2.550103e-01 -5.688892e-02 3.810905e-01 9.312865e-02 3.193276e-01 4.466127e-01 2.439163e-01 8.491129e-01 4.624977e-01 7.196149e-01 2.976899e-01 3.694592e-01 2.378844e-01 4.902088e-01 8.420183e-01 6.273516e-01 3.685513e-01 7.341389e-01 5.236910e-01 3.215351e-01 3.888182e-01 2.192517e-02 2.574116e-01 4.877951e-01 2.767642e-01 6.156581e-01 8.739731e-01 5.770464e-01 7.219768e-01 6.480878e-02 5.146370e-02 
3 43 0 0 0 3.761044e-01 9.559794e-02 7.844551e-01 2.658532e-01 -2.416076e-03 5.200121e-01 2.697925e-01 2.415936e-01 4.259448e-01 3.094461e-01 8.082831e-01 6.772493e-01 9.378532e-01 1.644724e-01 5.580452e-01 1.807877e-01 4.144391e-01 8.650921e-01 4.641977e-01 2.313577e-01 8.982509e-01 5.668154e-01 3.881672e-01 3.285373e-01 2.706567e-01 3.135087e-01 4.710595e-01 2.817093e-01 5.809933e-01 8.047532e-01 6.312083e-01 6.898145e-01 1.488139e-01 5.770773e-02 
4 57 0 0 0 3.362143e-01 1.631567e-01 8.336276e-01 2.750082e-01 -2.363196e-03 8.218904e-01 3.553624e-01 1.891756e-01 3.336755e-01 3.097374e-01 8.146823e-01 7.613258e-01 8.730357e-01 3.335641e-01 4.708409e-01 2.217866e-01 4.371865e-01 6.786787e-01 3.148451e-01 -3.114938e-02 6.994988e-01 7.536270e-01 2.498532e-01 3.669852e-01 4.249319e-01 3.234414e-01 5.983231e-01 3.823538e-01 5.378784e-01 7.698813e-01 8.235986e-01 8.836090e-01 1.896629e-01 5.119663e-02 
5 71 0 0 0 3.220900e-01 1.988331e-01 8.183137e-01 2.407079e-01 8.377147e-02 8.880644e-01 6.392460e-01 3.233628e-01 3.441395e-01 1.925196e-01 7.758032e-01 8.542306e-01 9.360676e-01 2.733185e-01 4.965420e-01 1.999853e-01 3.397381e-01 7.147235e-01 3.279523e-01 -2.419878e-02 6.823397e-01 6.940697e-01 3.968983e-01 4.016545e-01 3.200106e-01 3.444509e-01 4.274160e-01 4.982388e-01 7.181437e-01 8.291888e-01 8.227322e-01 7.964883e-01 1.937941e-01 4.582104e-02 
6 85 0 0 0 4.046407e-01 3.164357e-01 8.043684e-01 1.526080e-01 1.031485e-01 8.751635e-01 7.433397e-01 2.262257e-01 4.308267e-01 1.028768e-01 8.581329e-01 9.285765e-01 9.580475e-01 2.536568e-01 3.893033e-01 2.794430e-01 2.539745e-01 5.790545e-01 2.274248e-01 1.957166e-01 5.770349e-01 6.936178e-01 5.479615e-01 5.697290e-01 3.954287e-01 3.060732e-01 3.542895e-01 4.846145e-01 5.653703e-01 7.760392e-01 8.650594e-01 5.860568e-01 1.992298e-01 1.318705e-01 
7 99 0 0 0 3.143399e-01 2.938101e-01 7.886083e-01 1.295932e-01 4.091071e-02 7.313423e-01 8.071390e-01 2.014468e-01 4.135583e-01 8.284030e-02 7.547275e-01 7.380453e-01 9.672527e-01 2.097992e-01 5.023510e-01 3.862403e-01 2.291232e-01 7.476892e-01 2.357583e-01 2.304023e-01 5.188049e-01 6.423546e-01 5.366342e-01 7.250686e-01 3.346870e-01 3.929630e-01 2.285422e-01 4.990778e-01 5.026547e-01 8.445459e-01 8.186681e-01 7.571467e-01 3.296094e-01 3.616980e-01 
8 113 0 0 0 3.299419e-01 3.078817e-01 7.206941e-01 1.623161e-01 1.221980e-01 7.912295e-01 8.872525e-01 3.463458e-01 5.520295e-01 1.445008e-01 6.106316e-01 5.569819e-01 9.854924e-01 3.061021e-01 6.330089e-01 4.827573e-01 3.396618e-01 6.647956e-01 2.180927e-01 4.060244e-02 2.779364e-01 7.620891e-01 5.682717e-01 6.206836e-01 3.498553e-01 4.047563e-01 3.216944e-01 4.859477e-01 5.134090e-01 7.858551e-01 8.373546e-01 6.798865e-01 8.838274e-02 5.205850e-01 
9 127 0 0 0 1.810368e-01 1.431280e-01 5.971414e-01 1.799879e-01 1.786529e-01 8.152440e-01 7.927669e-01 1.704963e-01 4.240759e-01 1.380765e-01 6.522760e-01 5.847743e-01 1.049331e+00 3.185120e-01 5.354995e-01 2.842250e-01 1.921693e-01 6.106614e-01 2.068229e-01 5.209576e-02 3.195176e-01 7.490848e-01 5.191983e-01 5.182148e-01 2.753988e-01 5.295004e-01 2.154097e-01 4.378341e-01 3.341510e-01 6.181644e-01 5.783489e-01 6.655327e-01 2.259138e-01 6.981912e-01 
10 141 0 0 0 3.177753e-01 2.143980e-01 7.301574e-01 3.940735e-01 2.120436e-01 8.303423e-01 8.485906e-01 3.286598e-01 4.801486e-01 3.738335e-01 6.045454e-01 6.197033e-01 9.537959e-01 2.193776e-01 6.485149e-01 3.979989e-01 1.177104e-01 4.629925e-01 2.515026e-01 6.258536e-02 2.552688e-01 9.269997e-01 6.874728e-01 3.640449e-01 2.256489e-01 5.688016e-01 1.444008e-01 2.870324e-01 2.971896e-01 6.493615e-01 6.355802e-01 6.785453e-01 2.267655e-01 5.982646e-01 
11 155 0 0 0 4.133230e-01 1.712374e-01 7.884259e-01 3.883841e-01 2.940362e-01 9.351069e-01 9.297207e-01 4.389393e-01 5.712299e-01 3.213202e-01 6.125424e-01 6.853019e-01 9.381795e-01 2.501024e-01 4.357091e-01 1.731156e-01 1.808411e-01 5.535054e-01 1.476603e-01 2.307497e-01 1.526187e-01 9.398292e-01 5.814225e-01 3.269840e-01 1.979550e-01 6.573475e-01 1.192686e-01 4.488949e-01 3.053189e-01 6.226837e-01 6.354102e-01 7.048980e-01 2.047726e-01 6.039919e-01 
12 169 0 0 0 4.353771e-01 1.125895e-01 7.288157e-01 5.193790e-01 2.211372e-01 9.266431e-01 8.100260e-01 3.025419e-01 6.489383e-01 4.073531e-01 6.806618e-01 5.984210e-01 9.870683e-01 3.282305e-01 3.959849e-01 1.973743e-01 1.257585e-01 4.374778e-01 1.564754e-01 2.984811e-01 2.041255e-01 9.175347e-01 6.942662e-01 3.643441e-01 3.127986e-01 7.584903e-01 1.553154e-01 4.343428e-01 3.136323e-01 6.190239e-01 6.342591e-01 7.194011e-01 3.106210e-01 6.673317e-01 
13 183 0 0 0 5.034672e-01 2.519597e-01 6.570599e-01 3.660213e-01 2.039098e-01 9.487104e-01 8.458685e-01 2.338693e-01 7.055020e-01 4.466776e-01 5.757256e-01 5.265151e-01 9.159371e-01 3.795930e-01 4.142211e-01 7.756983e-02 1.425828e-01 5.248280e-01 2.130549e-01 1.817984e-01 2.702641e-01 9.692748e-01 7.961890e-01 3.131147e-01 3.856693e-01 7.648012e-01 2.074396e-01 3.932369e-01 4.231189e-01 5.463870e-01 5.276265e-01 6.826602e-01 4.216369e-01 6.500982e-01 
14 197 0 0 0 5.224992e-01 3.323969e-01 5.658670e-01 2.570700e-01 3.525918e-01 8.707276e-01 6.457827e-01 2.806851e-01 7.693305e-01 5.008435e-01 5.917011e-01 5.713973e-01 8.545200e-01 3.249637e-01 4.504732e-01 1.878357e-01 6.477222e-02 5.686670e-01 2.229467e-01 3.617560e-01 2.661374e-01 9.346431e-01 8.050780e-01 2.435061e-01 4.206892e-01 8.938290e-01 3.002662e-01 4.479735e-01 4.138599e-01 5.108053e-01 5.022139e-01 5.292786e-01 3.844573e-01 7.124703e-01 
15 211 0 0 0 4.991308e-01 2.880865e-01 4.989558e-01 2.380610e-01 3.695800e-01 7.257412e-01 7.417605e-01 1.513155e-01 7.702162e-01 4.891174e-01 4.915596e-01 6.437710e-01 7.119216e-01 2.320668e-01 6.305492e-01 2.788654e-01 1.859355e-01 5.003649e-01 2.675103e-01 2.960337e-01 1.482255e-01 8.154566e-01 8.609347e-01 3.453010e-01 4.898307e-01 8.355262e-01 3.760900e-01 3.173037e-01 4.328551e-01 5.277412e-01 3.862450e-01 4.935341e-01 2.638986e-01 7.825642e-01 
16 225 0 0 0 5.433071e-01 3.193293e-01 4.650865e-01 3.390200e-01 3.034148e-01 7.514538e-01 7.319719e-01 1.636781e-01 7.989304e-01 4.178236e-01 5.078049e-01 7.161849e-01 5.887526e-01 3.651795e-01 6.180831e-01 3.723971e-01 1.318870e-01 4.814709e-01 2.259411e-01 2.866768e-01 2.615626e-01 8.203043e-01 9.015572e-01 4.655165e-01 3.753418e-01 7.872627e-01 4.062441e-01 3.755463e-01 3.616457e-01 6.286746e-01 5.632015e-01 6.120159e-01 2.629124e-01 7.256742e-01 
17 239 0 0 0 4.684402e-01 3.796237e-01 5.358934e-01 3.752149e-01 3.527190e-01 6.389715e-01 6.608780e-01 1.845928e-01 8.668951e-01 4.914843e-01 4.917166e-01 7.512947e-01 5.785104e-01 4.411176e-01 5.644666e-01 4.448527e-01 1.541059e-01 4.212569e-01 1.872340e-01 2.889022e-01 2.533688e-01 8.109998e-01 6.998776e-01 3.550690e-01 4.095508e-01 8.349737e-01 5.172059e-01 4.224622e-01 5.753315e-01 6.749855e-01 5.972647e-01 7.133587e-01 3.007889e-01 5.543460e-01 
18 253 0 0 0 5.895046e-01 3.954942e-01 5.896718e-01 4.717058e-01 5.361364e-01 6.816112e-01 7.295935e-01 2.495742e-01 7.867362e-01 4.939292e-01 5.992378e-01 6.804843e-01 6.776924e-01 5.033225e-01 7.537774e-01 3.880809e-01 2.842350e-01 3.237693e-01 1.833649e-01 3.284255e-01 4.140572e-01 8.625736e-01 7.744205e-01 3.346714e-01 2.713614e-01 7.741064e-01 5.123233e-01 4.417055e-01 5.432400e-01 5.880704e-01 6.255026e-01 6.946835e-01 3.218547e-01 7.201591e-01 
19 267 0 0 0 5.404900e-01 3.933806e-01 5.766391e-01 5.797753e-01 5.090602e-01 8.093979e-01 6.165147e-01 1.730867e-01 8.423805e-01 4.816401e-01 6.514781e-01 6.412045e-01 6.721569e-01 5.431897e-01 7.983279e-01 4.545227e-01 2.514635e-01 3.039117e-01 2.508365e-01 3.416996e-01 4.621373e-01 8.477969e-01 7.545506e-01 4.969522e-01 3.307880e-01 8.677965e-01 3.872313e-01 4.887595e-01 6.890404e-01 5.441993e-01 6.932369e-01 6.377261e-01 3.625961e-01 7.354082e-01 
20 281 0 0 0 3.486015e-01 6.587196e-01 6.505337e-01 7.267701e-01 5.161317e-01 8.603983e-01 6.064218e-01 2.364218e-01 7.994216e-01 3.798750e-01 6.013883e-01 5.224677e-01 7.889088e-01 4.497088e-01 8.395323e-01 3.667542e-01 9.485479e-02 2.891395e-01 4.489074e-01 3.127772e-01 3.220002e-01 8.229267e-01 7.028501e-01 4.959201e-01 3.274024e-01 8.217296e-01 3.657045e-01 4.261269e-01 6.485398e-01 4.101169e-01 6.510466e-01 4.448548e-01 4.229479e-01 7.386679e-01 
21 295 0 0 0 4.031028e-01 5.452592e-01 7.059038e-01 7.355491e-01 5.387478e-01 9.544440e-01 4.858059e-01 1.585978e-01 7.693383e-01 6.042351e-01 5.297190e-01 4.537060e-01 6.581079e-01 2.875751e-01 8.975042e-01 4.638909e-01 2.639274e-01 2.789921e-01 3.995413e-01 1.636013e-01 4.130087e-01 6.791027e-01 6.713271e-01 5.738205e-01 4.704034e-01 8.153106e-01 6.179660e-01 4.316404e-01 5.865496e-01 3.214749e-01 6.497712e-01 5.152971e-01 2.817686e-01 6.349605e-01 
22 309 0 0 0 4.096897e-01 6.489173e-01 4.325424e-01 7.783704e-01 4.298593e-01 9.328628e-01 4.874363e-01 2.791616e-01 6.002533e-01 6.945567e-01 5.714794e-01 4.749491e-01 6.755702e-01 3.414873e-01 8.704481e-01 4.112308e-01 1.207263e-01 2.727905e-01 4.566681e-01 2.003557e-01 4.151782e-01 5.585899e-01 6.859185e-01 3.569432e-01 4.110783e-01 7.131281e-01 5.206322e-01 4.327422e-01 5.063024e-01 3.161716e-01 6.836808e-01 5.071929e-01 3.876397e-01 6.386561e-01 
23 323 0 0 0 3.370260e-01 5.865445e-01 6.587271e-01 6.995050e-01 3.943530e-01 8.842370e-01 5.390301e-01 3.856186e-01 5.402336e-01 5.926458e-01 6.254112e-01 5.521693e-01 6.909960e-01 4.162345e-01 8.509227e-01 4.061285e-01 2.768583e-01 2.719128e-01 2.911033e-01 2.795095e-01 5.359011e-01 5.740000e-01 7.890644e-01 5.564625e-01 3.317299e-01 6.304639e-01 6.026610e-01 4.834338e-01 4.632075e-01 3.920570e-01 6.297280e-01 6.184568e-01 3.166975e-01 6.111427e-01 
24 337 0 0 0 4.237064e-01 5.154948e-01 7.995795e-01 7.618156e-01 4.110581e-01 7.754888e-01 5.546352e-01 3.425974e-01 5.398352e-01 5.254755e-01 6.370180e-01 5.243058e-01 7.529270e-01 3.241189e-01 8.786559e-01 3.213567e-01 2.873564e-01 2.683293e-01 2.636266e-01 2.585369e-01 5.083375e-01 4.709700e-01 7.401606e-01 4.985345e-01 3.314160e-01 5.841296e-01 6.597807e-01 3.795064e-01 5.341054e-01 4.808332e-01 6.224072e-01 6.067229e-01 4.367095e-01 6.211386e-01 
25 351 0 0 0 5.461180e-01 3.570017e-01 7.356942e-01 7.881723e-01 4.573695e-01 8.293168e-01 4.024465e-01 3.501293e-01 5.234850e-01 4.872402e-01 6.412479e-01 5.540354e-01 7.527341e-01 3.258773e-01 7.682885e-01 3.396318e-01 2.521687e-01 2.125222e-01 2.294603e-01 3.030855e-01 4.975577e-01 3.993467e-01 7.143720e-01 3.784659e-01 2.945005e-01 5.488814e-01 7.810358e-01 3.757577e-01 6.607708e-01 5.068511e-01 6.146992e-01 6.297498e-01 4.846867e-01 5.774402e-01 
26 365 0 0 0 6.302556e-01 4.624654e-01 7.014978e-01 6.392987e-01 3.380902e-01 7.851837e-01 4.047741e-01 3.497252e-01 4.436164e-01 4.544857e-01 5.504234e-01 5.649614e-01 6.969012e-01 3.031634e-01 6.934482e-01 2.524457e-01 2.686354e-01 3.251314e-01 3.688786e-01 2.762106e-01 5.342143e-01 4.061183e-01 7.440941e-01 2.874397e-01 2.866666e-01 6.382423e-01 8.214237e-01 5.235291e-01 7.420940e-01 5.638686e-01 6.415357e-01 6.080603e-01 4.546091e-01 5.398349e-01 
27 379 0 0 0 5.870719e-01 4.459775e-01 6.823664e-01 7.621812e-01 2.447360e-01 7.400468e-01 4.448887e-01 2.510163e-01 4.223928e-01 6.562171e-01 5.873545e-01 4.989766e-01 6.640637e-01 2.660367e-01 7.149816e-01 2.847838e-01 1.911697e-01 3.029436e-01 4.024911e-01 2.106819e-01 5.946564e-01 3.951117e-01 7.654592e-01 3.290113e-01 2.666763e-01 4.712370e-01 8.534739e-01 5.548265e-01 7.284006e-01 4.994153e-01 7.283744e-01 6.203909e-01 3.984844e-01 5.462058e-01 
28 393 0 0 0 5.298125e-01 4.433026e-01 6.333504e-01 6.785145e-01 2.502167e-01 7.883243e-01 4.249674e-01 2.011647e-01 3.344699e-01 4.206689e-01 7.740034e-01 3.750586e-01 7.564435e-01 2.164578e-01 8.420355e-01 3.262211e-01 2.510429e-01 2.830397e-01 4.512877e-01 1.998305e-01 5.111617e-01 4.561533e-01 7.776144e-01 3.757971e-01 1.883796e-01 3.594146e-01 6.524125e-01 5.837974e-01 7.158028e-01 4.137740e-01 7.534365e-01 5.619551e-01 4.631068e-01 4.543186e-01 
29 407 0 0 0 5.746753e-01 4.479266e-01 5.997690e-01 6.723332e-01 3.334374e-01 8.055042e-01 4.555475e-01 3.293091e-01 3.208579e-01 4.939092e-01 8.652957e-01 4.874522e-01 7.188375e-01 2.030194e-01 8.437171e-01 3.156403e-01 3.888318e-01 3.305525e-01 5.012369e-01 2.351240e-01 3.286820e-01 4.106044e-01 7.105432e-01 3.445274e-01 1.652168e-01 3.807766e-01 6.051047e-01 6.550425e-01 7.113245e-01 3.749519e-01 7.870521e-01 5.069839e-01 2.734756e-01 4.113772e-01 
30 421 0 0 0 5.115466e-01 3.382222e-01 5.510371e-01 7.625765e-01 2.554395e-01 8.652823e-01 5.337952e-01 3.766218e-01 2.641937e-01 5.182947e-01 7.473355e-01 3.898737e-01 7.108769e-01 2.972983e-01 7.937554e-01 3.016941e-01 5.098887e-01 1.525652e-01 3.865787e-01 3.518148e-01 2.702458e-01 5.442436e-01 7.528934e-01 4.042175e-01 9.080642e-02 3.542019e-01 6.820338e-01 7.320862e-01 5.687595e-01 5.290867e-01 7.671846e-01 6.966615e-01 2.509235e-01 5.218026e-01 
31 435 0 0 0 5.374015e-01 5.254377e-01 5.113375e-01 6.127233e-01 2.960257e-01 8.172698e-01 3.660560e-01 3.948388e-01 2.412166e-01 3.541586e-01 7.685113e-01 3.278182e-01 7.829068e-01 4.051351e-01 6.522500e-01 3.892500e-01 6.219794e-01 2.270923e-01 5.463509e-01 5.940170e-01 2.315590e-01 4.856740e-01 6.945334e-01 2.323226e-01 1.505279e-01 2.324453e-01 5.750142e-01 8.610125e-01 5.385234e-01 5.430596e-01 7.540519e-01 5.939967e-01 3.365666e-01 3.930799e-01 
32 449 0 0 0 6.614430e-01 6.103043e-01 4.768712e-01 6.476836e-01 2.782801e-01 6.665773e-01 5.110473e-01 3.598717e-01 2.793763e-01 4.620722e-01 8.156815e-01 3.929374e-01 7.102506e-01 5.404523e-01 5.837274e-01 3.928239e-01 7.321521e-01 2.009384e-01 6.266572e-01 5.659500e-01 3.314656e-01 3.207737e-01 6.631265e-01 2.593631e-01 4.283576e-01 2.096020e-01 6.675688e-01 8.443720e-01 4.220730e-01 5.181107e-01 7.612898e-01 6.698331e-01 3.915569e-01 2.108049e-01 
33 463 0 0 0 6.211190e-01 6.153820e-01 5.597682e-01 7.262719e-01 2.147240e-01 6.632868e-01 4.121753e-01 2.415558e-01 2.182094e-01 5.668436e-01 8.280129e-01 2.932934e-01 5.473985e-01 5.414251e-01 4.626702e-01 5.180302e-01 6.964221e-01 2.066917e-01 5.445445e-01 6.232830e-01 1.689576e-01 2.924334e-01 4.104901e-01 2.429799e-01 5.950579e-01 1.646144e-01 7.091662e-01 8.903482e-01 4.640352e-01 4.558706e-01 7.428258e-01 6.331190e-01 5.591070e-01 1.933952e-01 
34 477 0 0 0 6.029724e-01 5.822394e-01 5.927581e-01 6.447040e-01 3.875712e-01 6.992740e-01 1.992153e-01 2.380568e-01 3.235932e-01 5.829866e-01 9.030531e-01 3.817948e-01 5.635084e-01 5.086266e-01 5.585647e-01 6.058343e-01 7.676307e-01 2.983346e-01 5.809026e-01 6.525324e-01 2.316423e-01 2.359059e-01 4.163765e-01 1.427778e-01 5.795014e-01 3.943459e-01 6.406506e-01 7.321449e-01 6.016525e-01 4.893692e-01 8.045877e-01 7.266429e-01 5.655430e-01 2.299084e-01 
35 491 0 0 0 5.315939e-01 7.301878e-01 5.735401e-01 5.984848e-01 2.750776e-01 6.979861e-01 2.256380e-01 2.053544e-01 4.924182e-01 6.949624e-01 7.143323e-01 3.426302e-01 5.802926e-01 4.517683e-01 4.303032e-01 6.056343e-01 8.341267e-01 2.998299e-01 4.773539e-01 5.981725e-01 1.226929e-01 2.912958e-01 4.581981e-01 2.245634e-01 6.699815e-01 3.331098e-01 5.508982e-01 6.475874e-01 6.284371e-01 5.369306e-01 7.617787e-01 7.195462e-01 5.992497e-01 2.517690e-01 
36 505 0 0 0 5.128768e-01 6.946736e-01 8.133155e-01 4.987780e-01 2.862781e-01 5.538396e-01 3.358466e-01 2.031232e-01 3.888948e-01 8.588514e-01 7.065985e-01 4.248835e-01 5.882534e-01 5.717453e-01 4.747651e-01 6.600336e-01 8.720157e-01 2.838363e-01 3.892410e-01 7.730221e-01 1.758480e-01 2.920916e-01 4.892890e-01 2.023048e-01 6.659156e-01 2.610714e-01 6.416284e-01 6.075123e-01 5.264913e-01 4.332996e-01 7.615182e-01 6.451534e-01 6.029138e-01 2.164587e-01 
37 519 0 0 0 4.705908e-01 5.617427e-01 7.691517e-01 5.498534e-01 2.271583e-01 5.843143e-01 3.140844e-01 1.593450e-01 3.750215e-01 8.816841e-01 6.755862e-01 5.210117e-01 5.117774e-01 5.120733e-01 5.109170e-01 5.120301e-01 6.848109e-01 3.604703e-01 4.631957e-01 6.800577e-01 2.947501e-01 3.522630e-01 4.069843e-01 2.247594e-01 6.063820e-01 3.108013e-01 6.224961e-01 4.892685e-01 4.856463e-01 4.540222e-01 7.358378e-01 5.101337e-01 7.502181e-01 2.271972e-01 
38 533 0 0 0 4.662433e-01 5.722435e-01 7.666240e-01 5.439669e-01 3.569079e-01 5.592097e-01 4.739414e-01 1.732902e-01 3.013240e-01 7.747227e-01 5.383868e-01 4.718830e-01 4.065246e-01 4.678421e-01 6.236777e-01 5.020059e-01 7.092504e-01 3.372454e-01 4.904223e-01 6.902887e-01 3.396972e-01 3.681709e-01 5.151694e-01 1.038611e-01 5.508224e-01 4.371945e-01 6.045500e-01 5.745892e-01 5.002994e-01 4.677858e-01 7.544645e-01 3.792845e-01 6.782127e-01 2.925122e-01 
39 547 0 0 0 4.443151e-01 4.290095e-01 5.096776e-01 4.375240e-01 3.071178e-01 6.588196e-01 4.168313e-01 2.456555e-01 4.421288e-01 7.476038e-01 5.092047e-01 5.489837e-01 4.706461e-01 4.828900e-01 7.230026e-01 5.596819e-01 5.564071e-01 2.959120e-01 4.140496e-01 6.840247e-01 3.805849e-01 3.261420e-01 5.042234e-01 1.851150e-01 4.558703e-01 5.058286e-01 5.440041e-01 5.328064e-01 4.301934e-01 6.470965e-01 6.718488e-01 3.113568e-01 6.493038e-01 4.471250e-01 
40 561 0 0 0 4.107251e-01 5.144933e-01 5.545645e-01 5.266389e-01 3.570262e-01 6.649505e-01 5.258581e-01 2.085758e-01 4.790755e-01 6.835812e-01 5.090738e-01 4.939185e-01 4.736410e-01 4.335889e-01 6.334847e-01 5.532357e-01 4.821945e-01 3.657843e-01 5.426898e-01 7.818162e-01 4.108313e-01 4.137935e-01 5.968806e-01 1.559473e-01 3.865483e-01 3.899089e-01 4.983240e-01 5.106800e-01 5.107321e-01 7.048547e-01 6.992283e-01 2.651848e-01 6.894906e-01 3.981979e-01 
41 575 0 0 0 3.554895e-01 4.502182e-01 6.516837e-01 5.635719e-01 2.883911e-01 6.458047e-01 5.667140e-01 3.780345e-01 5.343514e-01 5.813450e-01 6.166052e-01 6.315156e-01 4.446799e-01 4.650122e-01 8.832989e-01 7.441307e-01 2.982028e-01 4.689617e-01 6.550611e-01 8.330158e-01 4.247547e-01 3.056835e-01 6.610892e-01 2.339409e-01 3.655964e-01 3.945432e-01 5.409319e-01 4.441333e-01 5.184119e-01 6.136676e-01 7.197361e-01 1.622288e-01 5.651101e-01 3.556059e-01 
42 589 0 0 0 4.270463e-01 5.160497e-01 7.685527e-01 5.685833e-01 2.790976e-01 7.069737e-01 6.079777e-01 3.980466e-01 6.576344e-01 4.802182e-01 6.910236e-01 5.701811e-01 4.891533e-01 3.313404e-01 9.407560e-01 8.471230e-01 4.920976e-01 2.793907e-01 5.177608e-01 9.052058e-01 4.537968e-01 4.222028e-01 6.020082e-01 3.114198e-01 5.263696e-01 4.490210e-01 5.919083e-01 4.835354e-01 6.334474e-01 5.541161e-01 6.077287e-01 1.196865e-01 4.105553e-01 4.193913e-01 
43 603 0 0 0 4.172609e-01 5.328731e-01 7.220420e-01 5.180157e-01 2.162009e-01 6.849349e-01 5.157620e-01 3.889603e-01 6.413296e-01 3.494497e-01 7.967775e-01 3.488002e-01 6.377751e-01 4.954755e-01 9.998363e-01 7.819199e-01 6.145233e-01 3.173690e-01 6.371124e-01 8.789831e-01 5.504105e-01 3.934340e-01 7.681266e-01 3.638514e-01 5.924014e-01 4.900926e-01 7.188992e-01 5.033025e-01 5.880297e-01 5.852732e-01 4.570246e-01 1.857435e-01 4.749267e-01 3.845876e-01 
44 617 0 0 0 3.890186e-01 5.939465e-01 7.864880e-01 5.585038e-01 2.034470e-01 6.876482e-01 4.842073e-01 3.590372e-01 7.051972e-01 2.538318e-01 6.329305e-01 4.493277e-01 9.069701e-01 3.974597e-01 9.479396e-01 8.161329e-01 5.890062e-01 3.089364e-01 6.985698e-01 8.666090e-01 4.433256e-01 3.450701e-01 7.814552e-01 2.329842e-01 5.589462e-01 5.327851e-01 5.898987e-01 5.120631e-01 5.045405e-01 5.064467e-01 3.940096e-01 1.086735e-01 3.549732e-01 4.255340e-01 
45 631 0 0 0 2.473109e-01 7.626282e-01 5.674327e-01 7.297835e-01 2.298551e-01 5.532466e-01 4.570244e-01 3.101479e-01 6.398394e-01 3.595506e-01 4.597094e-01 5.791425e-01 8.512061e-01 3.782014e-01 8.444018e-01 6.952812e-01 6.691703e-01 3.704131e-01 7.722185e-01 7.680209e-01 4.754093e-01 3.875125e-01 7.918097e-01 3.045187e-01 5.067196e-01 5.119900e-01 3.394782e-01 4.798734e-01 5.630706e-01 4.801398e-01 3.647860e-01 2.881486e-01 4.123488e-01 2.610372e-01 
46 645 0 0 0 2.024713e-01 8.763413e-01 5.675827e-01 7.884126e-01 1.513407e-01 6.203206e-01 4.417711e-01 3.047957e-01 7.099857e-01 3.591540e-01 2.993604e-01 5.209310e-01 7.069714e-01 3.508687e-01 8.709846e-01 6.094921e-01 6.422052e-01 4.411342e-01 7.355959e-01 6.697349e-01 4.511672e-01 1.905422e-01 7.159615e-01 2.840750e-01 5.350506e-01 5.333566e-01 3.094840e-01 5.028601e-01 4.465091e-01 4.223363e-01 3.332282e-01 3.407179e-01 5.247135e-01 2.501212e-01 
47 659 0 0 0 1.312068e-01 7.740595e-01 7.076160e-01 7.831677e-01 1.402867e-01 6.197829e-01 4.543010e-01 2.298708e-01 6.617345e-01 3.145868e-01 2.074169e-01 4.822828e-01 7.176157e-01 3.004160e-01 8.747780e-01 6.245771e-01 5.673703e-01 4.440969e-01 7.746073e-01 5.442289e-01 3.820950e-01 2.300905e-01 7.407469e-01 3.648576e-01 4.542367e-01 6.058653e-01 2.652433e-01 3.549450e-01 5.140808e-01 3.585791e-01 2.292633e-01 3.780611e-01 4.179131e-01 2.482333e-01 
48 673 0 0 0 8.397726e-02 7.524980e-01 7.829361e-01 7.347216e-01 2.002950e-01 5.981880e-01 2.756898e-01 2.152950e-01 4.940276e-01 3.870894e-01 2.667402e-01 4.160045e-01 8.258707e-01 2.553507e-01 9.195481e-01 7.219204e-01 4.162242e-01 4.445835e-01 8.561178e-01 4.768656e-01 2.901285e-01 3.020625e-01 8.513330e-01 3.116524e-01 4.888644e-01 5.072209e-01 2.807439e-01 1.870272e-01 4.422302e-01 3.143905e-01 2.086584e-01 4.935289e-01 3.352811e-01 3.083932e-01 
49 687 0 0 0 1.986136e-01 7.833341e-01 6.892856e-01 7.376261e-01 3.402295e-01 5.490761e-01 2.632227e-01 2.019414e-01 5.765954e-01 4.514463e-01 2.435713e-01 3.376190e-01 7.167890e-01 3.176710e-01 8.288545e-01 8.365967e-01 3.493212e-01 3.914902e-01 7.838771e-01 4.335948e-01 4.145132e-01 2.533457e-01 8.288555e-01 3.394646e-01 5.558672e-01 6.643122e-01 1.779420e-01 2.803286e-01 4.505667e-01 3.332434e-01 2.203181e-01 4.881979e-01 3.534004e-01 4.052104e-01 
50 701 0 0 0 2.336226e-01 7.593825e-01 7.578018e-01 6.850325e-01 4.450194e-01 6.682977e-01 1.631827e-01 1.929720e-01 5.305899e-01 4.570505e-01 3.009863e-01 2.811518e-01 5.698302e-01 3.381024e-01 7.214042e-01 6.820613e-01 2.006635e-01 3.077754e-01 8.493957e-01 4.246363e-01 3.283882e-01 3.038986e-01 7.470157e-01 3.463475e-01 4.768318e-01 7.353777e-01 1.712828e-01 3.157967e-01 5.072684e-01 3.047758e-01 2.639790e-01 6.677834e-01 2.037647e-01 3.332229e-01 
51 715 0 0 0 2.722598e-01 7.509507e-01 7.349061e-01 7.686459e-01 3.659122e-01 7.732849e-01 2.638684e-01 1.739122e-01 5.793249e-01 5.834000e-01 2.489445e-01 2.968187e-01 6.035743e-01 3.409153e-01 7.358441e-01 6.485433e-01 2.696687e-01 3.353801e-01 8.568554e-01 4.005414e-01 3.749986e-01 3.361782e-01 8.037670e-01 3.522485e-01 3.904120e-01 7.146214e-01 1.983468e-01 3.032304e-01 4.663688e-01 3.265599e-01 2.576877e-01 5.715827e-01 6.814859e-02 2.183207e-01 
52 729 0 0 0 4.646305e-01 6.633553e-01 7.506035e-01 7.055216e-01 4.218864e-01 7.248608e-01 1.805589e-01 1.566031e-01 5.700519e-01 5.735849e-01 2.863955e-01 3.905470e-01 6.382441e-01 3.758615e-01 7.277184e-01 5.446165e-01 2.972237e-01 4.969857e-01 7.973544e-01 4.712949e-01 4.073689e-01 4.846076e-01 8.854222e-01 3.428003e-01 4.154452e-01 6.897915e-01 3.347118e-01 4.116736e-01 5.535454e-01 4.778125e-01 2.421746e-01 4.696761e-01 1.194384e-01 2.745487e-01 
53 743 0 0 0 3.859392e-01 6.047309e-01 7.362474e-01 7.958602e-01 4.150541e-01 8.111053e-01 1.292328e-01 1.546169e-01 5.986701e-01 4.857222e-01 2.954487e-01 3.970121e-01 6.453261e-01 3.587878e-01 5.949811e-01 5.146965e-01 3.248758e-01 6.065264e-01 8.141517e-01 4.827093e-01 3.734214e-01 6.106031e-01 8.712416e-01 3.659557e-01 3.488315e-01 5.996471e-01 1.588290e-01 4.077298e-01 5.721273e-01 4.565381e-01 1.878632e-01 4.556382e-01 1.273959e-01 2.377126e-01 
54 757 0 0 0 3.547918e-01 5.540188e-01 7.260944e-01 7.938385e-01 3.874338e-01 7.055117e-01 1.787187e-01 1.093180e-01 6.574020e-01 4.116969e-01 4.414916e-01 4.149232e-01 6.332418e-01 3.918602e-01 7.303647e-01 4.921931e-01 3.292325e-01 5.783796e-01 7.075003e-01 6.597200e-01 4.095658e-01 7.056291e-01 8.971539e-01 5.649619e-01 3.835887e-01 6.455562e-01 3.147410e-01 2.537069e-01 6.084443e-01 5.798766e-01 1.582444e-01 3.498536e-01 6.601351e-02 8.333651e-02 
55 771 0 0 0 3.668984e-01 5.186972e-01 6.903929e-01 9.266186e-01 4.838046e-01 7.896697e-01 1.884269e-01 1.653795e-01 5.818605e-01 4.251015e-01 5.307831e-01 2.149473e-01 8.120840e-01 3.683661e-01 7.885530e-01 2.790775e-01 2.655609e-01 6.440987e-01 5.595078e-01 8.299663e-01 4.935300e-01 7.575999e-01 9.173608e-01 5.255874e-01 4.909391e-01 6.630270e-01 2.739623e-01 3.295701e-01 5.012998e-01 5.100313e-01 2.890577e-01 4.088075e-01 1.298855e-01 2.023084e-01 
56 785 0 0 0 4.549496e-01 5.238453e-01 7.534238e-01 8.621045e-01 4.074328e-01 7.844018e-01 1.398758e-01 1.762314e-01 4.891638e-01 4.456564e-01 4.856489e-01 1.483741e-01 7.171777e-01 3.199624e-01 7.444242e-01 3.289058e-01 1.834378e-01 5.310207e-01 5.370450e-01 9.217981e-01 3.383013e-01 7.890423e-01 8.909424e-01 4.501433e-01 5.325252e-01 6.929696e-01 3.987581e-01 3.974004e-01 3.539672e-01 4.116226e-01 3.656774e-01 4.468794e-01 1.554558e-01 1.046129e-01 
57 799 0 0 0 3.440352e-01 6.054943e-01 8.213420e-01 9.101204e-01 1.561699e-01 6.390957e-01 2.902618e-01 2.187936e-01 4.342728e-01 5.649281e-01 4.915315e-01 1.383432e-01 5.575592e-01 3.360836e-01 6.783904e-01 4.044164e-01 1.425137e-01 4.959122e-01 5.239294e-01 7.935968e-01 6.028825e-01 7.654769e-01 9.352630e-01 3.982389e-01 4.986132e-01 7.461336e-01 4.169140e-01 4.547838e-01 4.372293e-01 5.092427e-01 3.521464e-01 3.137449e-01 3.051102e-01 2.242792e-01 
58 813 0 0 0 3.841661e-01 4.776037e-01 6.862862e-01 8.232493e-01 2.354961e-01 6.025227e-01 3.121112e-01 2.592475e-01 4.875727e-01 6.775082e-01 6.161949e-01 2.385794e-01 5.695149e-01 4.554527e-01 6.209466e-01 4.220563e-01 1.956434e-01 6.223978e-01 4.889831e-01 6.564939e-01 5.853204e-01 8.401607e-01 9.389382e-01 3.849583e-01 6.048092e-01 6.836781e-01 3.861882e-01 5.065383e-01 3.155999e-01 4.554081e-01 4.367650e-01 1.428781e-01 3.761163e-01 3.450940e-01 
59 827 0 0 0 1.717846e-01 4.398189e-01 4.912908e-01 7.992715e-01 1.657453e-01 6.126107e-01 3.342802e-01 2.298175e-01 5.252250e-01 7.504742e-01 6.142853e-01 2.079638e-01 6.086416e-01 3.718447e-01 5.591979e-01 3.869793e-01 1.852808e-01 4.948719e-01 4.512761e-01 6.345652e-01 5.376259e-01 9.003252e-01 8.453919e-01 4.966087e-01 5.678388e-01 6.389347e-01 3.951111e-01 4.861886e-01 3.221251e-01 4.082802e-01 4.007812e-01 2.032378e-01 3.287954e-01 3.895604e-01 
60 841 0 0 0 2.515072e-01 4.483515e-01 5.713342e-01 6.299725e-01 1.620455e-01 6.439209e-01 4.829782e-01 3.125077e-01 6.468467e-01 6.540771e-01 5.485262e-01 3.676942e-01 5.905655e-01 4.036368e-01 4.687224e-01 3.241506e-01 1.395617e-01 5.172198e-01 4.714011e-01 5.983619e-01 5.692571e-01 8.912989e-01 8.070382e-01 5.563769e-01 5.165051e-01 6.593295e-01 4.419264e-01 4.405135e-01 2.929611e-01 4.173311e-01 4.762937e-01 2.303869e-01 2.947651e-01 3.864431e-01 
61 855 0 0 0 3.308915e-01 4.868774e-01 5.022193e-01 6.685029e-01 1.630507e-01 6.435271e-01 5.392107e-01 3.785056e-01 6.434772e-01 6.393411e-01 3.682134e-01 2.874020e-01 5.454881e-01 3.949242e-01 6.318773e-01 4.230740e-01 3.174054e-01 4.422478e-01 5.351479e-01 7.096273e-01 5.938796e-01 7.203295e-01 7.933711e-01 4.965998e-01 4.087381e-01 7.032322e-01 5.573417e-01 2.940269e-01 3.748647e-01 3.764958e-01 4.437991e-01 2.532282e-01 4.271399e-01 3.694394e-01 
62 869 0 0 0 3.137311e-01 3.496266e-01 5.246985e-01 5.265318e-01 1.604094e-01 7.868838e-01 4.285784e-01 2.506174e-01 6.390630e-01 6.290112e-01 3.427886e-01 2.421504e-01 4.509971e-01 4.686544e-01 4.868381e-01 4.599517e-01 3.821170e-01 6.034529e-01 6.760412e-01 6.352706e-01 5.361135e-01 6.228109e-01 6.146549e-01 4.426290e-01 5.154748e-01 6.767302e-01 4.871298e-01 4.497427e-01 5.406164e-01 2.761031e-01 4.370985e-01 3.031514e-01 3.125825e-01 3.887233e-01 
63 883 0 0 0 4.236174e-01 3.543808e-01 5.616176e-01 5.108774e-01 1.083456e-01 6.790993e-01 3.485488e-01 2.970300e-01 7.660483e-01 6.288644e-01 3.296979e-01 5.814788e-01 5.859809e-01 5.796471e-01 5.276535e-01 4.152307e-01 4.330648e-01 6.387910e-01 6.328176e-01 7.114007e-01 5.355025e-01 7.103957e-01 6.346776e-01 4.890643e-01 4.504146e-01 6.777561e-01 5.693488e-01 4.902662e-01 6.314307e-01 3.028148e-01 4.534250e-01 3.764874e-01 3.145394e-01 4.105150e-01 
64 897 0 0 0 4.485100e-01 3.423565e-01 4.249689e-01 5.661209e-01 4.763760e-02 7.476278e-01 2.807511e-01 3.082013e-01 7.451162e-01 5.422477e-01 2.813132e-01 5.885272e-01 8.205811e-01 7.013614e-01 6.116707e-01 5.021035e-01 3.813572e-01 8.351133e-01 6.141685e-01 7.751655e-01 4.095549e-01 8.107467e-01 6.597168e-01 4.075346e-01 4.759839e-01 6.818325e-01 4.646040e-01 7.304990e-01 7.124235e-01 2.277721e-01 3.839358e-01 3.513607e-01 4.673883e-01 5.151917e-01 
65 911 0 0 0 4.909693e-01 3.766354e-01 4.697532e-01 5.081965e-01 1.881486e-01 5.954354e-01 2.519631e-01 3.186433e-01 8.672109e-01 4.651672e-01 2.025549e-01 7.058227e-01 7.741105e-01 6.111936e-01 5.316415e-01 5.756612e-01 3.803301e-01 8.132853e-01 3.964632e-01 6.489830e-01 2.926063e-01 6.289906e-01 5.929693e-01 4.457514e-01 3.918426e-01 6.200571e-01 5.256251e-01 6.064038e-01 7.403613e-01 3.826818e-01 5.688050e-01 2.970497e-01 4.712283e-01 4.491001e-01 
66 925 0 0 0 5.588777e-01 4.208036e-01 4.531990e-01 4.862377e-01 2.097616e-01 6.202022e-01 3.004311e-01 3.149755e-01 8.244159e-01 4.219237e-01 1.223137e-01 7.039995e-01 7.552107e-01 6.514147e-01 5.324304e-01 6.464859e-01 5.186089e-01 7.145111e-01 4.107147e-01 7.400385e-01 2.260895e-01 6.200246e-01 6.557560e-01 2.466368e-01 5.291003e-01 4.882530e-01 6.161774e-01 6.038805e-01 8.287880e-01 6.141823e-01 5.523591e-01 2.777219e-01 3.347361e-01 3.394827e-01 
67 939 0 0 0 4.800021e-01 3.866537e-01 4.237817e-01 6.218870e-01 2.457659e-01 6.056698e-01 1.323310e-01 2.217803e-01 7.041903e-01 5.346526e-01 1.100042e-01 7.344921e-01 7.433160e-01 3.311955e-01 6.530551e-01 6.755602e-01 4.024402e-01 7.158969e-01 3.765478e-01 8.273097e-01 1.501997e-01 6.605128e-01 6.020288e-01 1.550193e-01 4.603678e-01 5.239731e-01 5.890929e-01 4.762700e-01 8.674915e-01 5.442748e-01 5.789575e-01 2.135188e-01 3.593423e-01 5.173644e-01 
68 953 0 0 0 4.690234e-01 5.907965e-01 3.893879e-01 5.846038e-01 2.952358e-01 7.234126e-01 2.827814e-01 1.700667e-01 6.759542e-01 6.336687e-01 2.153850e-01 6.598668e-01 7.667596e-01 2.974180e-01 5.315008e-01 6.226994e-01 4.319352e-01 6.620270e-01 3.577438e-01 7.250301e-01 2.430255e-01 6.663792e-01 6.909782e-01 1.452870e-01 4.784017e-01 6.414349e-01 5.709707e-01 3.862544e-01 9.151752e-01 5.064646e-01 6.408308e-01 1.781019e-01 4.048590e-01 5.758151e-01 
69 967 0 0 0 3.423677e-01 4.375002e-01 4.507979e-01 5.703708e-01 3.181029e-01 7.411213e-01 2.401437e-01 1.251508e-01 6.708631e-01 7.119600e-01 1.844114e-01 5.206771e-01 6.628602e-01 2.858228e-01 5.331377e-01 5.925530e-01 4.239259e-01 5.643408e-01 3.040583e-01 5.548641e-01 4.073437e-01 6.313015e-01 7.290534e-01 2.112529e-01 4.100059e-01 4.893052e-01 4.663572e-01 5.080556e-01 7.486868e-01 5.821315e-01 4.835148e-01 1.594426e-01 3.779645e-01 6.522349e-01 
70 981 0 0 0 2.395414e-01 3.929261e-01 5.619524e-01 5.354776e-01 2.844337e-01 7.954923e-01 2.878813e-01 2.566087e-01 6.997331e-01 8.054371e-01 7.440069e-02 4.086325e-01 5.613649e-01 3.780569e-01 6.250333e-01 6.665480e-01 4.779726e-01 5.712801e-01 3.778022e-01 7.609706e-01 4.098197e-01 5.912873e-01 7.311728e-01 1.959609e-01 3.714360e-01 5.430150e-01 4.797750e-01 4.953248e-01 6.365671e-01 5.336710e-01 4.722348e-01 2.107282e-01 4.417009e-01 5.552197e-01 
71 995 0 0 0 3.243889e-01 2.695516e-01 6.216290e-01 5.304550e-01 2.903427e-01 8.322280e-01 2.731808e-01 3.069456e-01 5.339063e-01 7.557653e-01 1.136019e-01 3.523482e-01 5.288341e-01 3.441558e-01 6.151471e-01 7.104401e-01 4.575311e-01 5.673612e-01 3.451977e-01 6.925585e-01 4.365009e-01 4.447428e-01 7.643412e-01 2.494731e-01 3.377023e-01 4.433370e-01 5.339210e-01 3.866353e-01 5.611763e-01 4.610479e-01 4.703337e-01 3.011699e-01 4.959092e-01 5.086416e-01 
72 1009 0 0 0 3.094666e-01 3.252696e-01 5.691421e-01 4.880095e-01 3.108567e-01 8.189268e-01 3.745644e-01 3.112460e-01 5.078224e-01 7.574728e-01 1.288591e-01 3.384177e-01 5.276023e-01 3.543210e-01 5.467962e-01 7.396231e-01 4.982793e-01 5.226185e-01 3.510784e-01 6.323769e-01 4.965487e-01 3.793780e-01 6.966757e-01 1.977953e-01 3.209271e-01 4.232771e-01 4.761709e-01 3.762549e-01 5.422845e-01 5.497766e-01 3.922030e-01 2.591541e-01 5.941679e-01 6.850501e-01 
73 1023 0 0 0 2.828585e-01 2.548994e-01 6.807382e-01 3.561064e-01 2.145777e-01 8.486371e-01 3.810356e-01 1.855699e-01 6.327713e-01 8.135413e-01 2.037075e-01 2.420105e-01 5.067811e-01 1.543650e-01 4.658396e-01 6.745270e-01 3.599028e-01 6.701925e-01 3.526082e-01 7.168930e-01 5.017738e-01 3.536402e-01 6.576595e-01 2.072167e-01 3.026791e-01 4.366723e-01 3.637369e-01 4.569006e-01 6.429066e-01 5.894484e-01 4.890229e-01 2.565535e-01 5.925130e-01 5.170143e-01 
74 1037 0 0 0 2.473899e-01 1.981380e-01 7.570515e-01 3.716536e-01 3.406177e-01 8.300536e-01 4.008325e-01 1.625686e-01 5.900092e-01 7.028159e-01 1.711792e-01 2.325987e-01 5.132394e-01 2.273603e-01 3.077256e-01 7.011098e-01 2.589939e-01 7.768561e-01 2.896297e-01 6.414244e-01 4.386014e-01 1.996821e-01 6.877599e-01 3.694365e-01 3.384817e-01 3.537650e-01 3.220360e-01 4.682268e-01 6.952525e-01 7.509257e-01 4.973442e-01 2.697637e-01 7.427396e-01 5.471876e-01 
75 1051 0 0 0 3.860045e-01 2.985386e-01 7.020309e-01 4.150311e-01 2.854816e-01 8.648990e-01 3.292325e-01 1.031893e-01 5.469068e-01 6.927448e-01 2.909031e-01 2.105978e-01 6.259822e-01 1.592523e-01 4.046284e-01 7.032442e-01 1.822635e-01 7.079222e-01 2.386001e-01 7.458520e-01 3.239485e-01 1.903512e-01 7.365010e-01 2.560635e-01 4.794806e-01 3.558894e-01 2.088886e-01 3.805301e-01 6.303995e-01 8.069123e-01 4.935090e-01 2.414715e-01 6.151600e-01 4.097034e-01 
76 1065 0 0 0 2.956847e-01 5.548420e-01 8.176741e-01 4.674544e-01 2.734830e-01 8.031645e-01 4.021374e-01 2.250511e-01 6.525167e-01 5.954913e-01 3.693210e-01 1.018456e-01 8.044762e-01 3.080084e-01 3.873553e-01 8.158540e-01 1.590337e-01 7.852139e-01 2.618680e-01 7.836201e-01 2.051228e-01 2.565216e-01 7.657708e-01 2.132484e-01 5.295441e-01 3.348443e-01 1.053934e-01 5.061592e-01 5.486894e-01 8.013957e-01 5.459128e-01 2.601956e-01 4.321875e-01 3.800041e-01 
77 1079 0 0 0 2.633077e-01 4.550677e-01 7.016405e-01 3.212387e-01 2.046068e-01 7.133500e-01 4.026513e-01 3.003109e-01 6.110783e-01 5.961049e-01 4.080332e-01 2.940970e-01 7.248749e-01 3.639135e-01 4.093267e-01 8.435097e-01 3.510583e-01 7.960405e-01 3.817508e-01 7.007280e-01 1.624263e-01 1.674395e-01 7.608651e-01 1.011920e-01 7.657566e-01 3.874487e-01 9.790702e-02 5.659653e-01 6.147171e-01 8.534200e-01 5.807800e-01 3.340670e-01 5.972842e-01 3.284591e-01 
78 1093 0 0 0 3.490647e-01 4.096376e-01 8.015292e-01 3.487589e-01 3.167118e-01 8.773809e-01 4.561749e-01 2.898000e-01 6.173323e-01 5.600750e-01 4.655741e-01 3.143954e-01 7.377554e-01 2.723631e-01 4.400800e-01 8.084685e-01 4.295726e-01 6.789129e-01 2.198994e-01 7.393605e-01 3.603612e-01 2.659369e-01 7.830493e-01 1.574835e-01 8.370389e-01 2.757058e-01 2.398783e-01 4.532859e-01 5.834306e-01 8.416828e-01 6.589323e-01 4.893383e-01 5.143768e-01 2.087249e-01 
79 1107 0 0 0 2.395401e-01 3.745987e-01 8.487053e-01 3.768003e-01 3.310502e-01 8.966261e-01 2.851528e-01 4.172501e-01 5.540159e-01 6.277726e-01 6.096404e-01 3.387075e-01 7.976585e-01 3.316584e-01 4.861278e-01 8.964500e-01 3.391027e-01 7.315980e-01 1.854281e-01 7.604974e-01 4.104189e-01 2.936242e-01 6.027472e-01 2.725675e-01 8.543382e-01 2.646739e-01 1.505812e-01 5.867798e-01 6.594753e-01 8.388565e-01 6.272326e-01 5.920772e-01 4.716965e-01 2.860386e-01 
80 1121 0 0 0 2.887871e-01 2.924451e-01 9.029174e-01 4.131997e-01 2.838369e-01 9.264525e-01 2.916052e-01 5.138008e-01 5.641023e-01 5.538798e-01 5.321585e-01 3.786988e-01 7.617512e-01 2.200679e-01 4.698262e-01 7.486461e-01 3.517698e-01 7.638544e-01 2.177211e-01 7.260593e-01 3.831758e-01 2.833245e-01 6.277679e-01 3.571137e-01 7.977601e-01 2.231218e-01 1.469324e-01 4.980455e-01 4.722607e-01 8.132648e-01 5.325171e-01 5.281294e-01 3.877161e-01 3.499583e-01 
81 1135 0 0 0 2.965411e-01 3.393857e-01 9.116589e-01 3.410493e-01 4.253922e-01 8.333420e-01 2.146568e-01 4.787950e-01 5.020032e-01 6.275987e-01 3.951866e-01 4.462794e-01 6.972399e-01 2.334240e-01 3.511394e-01 7.198003e-01 3.534529e-01 8.398767e-01 2.041425e-01 6.669378e-01 3.595310e-01 2.563558e-01 5.766875e-01 3.233777e-01 8.425643e-01 2.498121e-01 1.284509e-01 3.902537e-01 4.994857e-01 6.709033e-01 5.004462e-01 4.349636e-01 3.102403e-01 2.464239e-01 
82 1149 0 0 0 3.058567e-01 3.448800e-01 8.525623e-01 2.927559e-01 3.941797e-01 9.017543e-01 2.390385e-01 4.869117e-01 6.155671e-01 5.943800e-01 3.897360e-01 5.021493e-01 7.020980e-01 2.309557e-01 3.112618e-01 6.691878e-01 3.821962e-01 8.420840e-01 1.171914e-01 7.612244e-01 3.096318e-01 2.253956e-01 4.560041e-01 4.283866e-01 8.027000e-01 3.508273e-01 5.374071e-02 5.205690e-01 4.875967e-01 7.467776e-01 5.200270e-01 4.809710e-01 3.365679e-01 2.962370e-01 
83 1163 0 0 0 3.259564e-01 2.920326e-01 9.227708e-01 3.654076e-01 5.832923e-01 9.820167e-01 1.342869e-01 3.661904e-01 5.810666e-01 4.902490e-01 4.077081e-01 5.880339e-01 6.920770e-01 1.972219e-01 2.310467e-01 6.691065e-01 3.745860e-01 8.384200e-01 1.223474e-01 7.661143e-01 1.571704e-01 1.584092e-01 3.328801e-01 3.812731e-01 8.037913e-01 3.821137e-01 9.895759e-02 5.438717e-01 5.204791e-01 6.043560e-01 4.402937e-01 4.278612e-01 2.700192e-01 2.887187e-01 
84 1177 0 0 0 3.113060e-01 1.936495e-01 9.009584e-01 3.632083e-01 5.514289e-01 9.305189e-01 1.624398e-01 1.705122e-01 7.067023e-01 4.716540e-01 3.923160e-01 6.737511e-01 6.253886e-01 2.228604e-01 1.605252e-01 6.604238e-01 3.311286e-01 8.582532e-01 2.392324e-01 8.443597e-01 1.203860e-01 2.346322e-01 5.041976e-01 4.153631e-01 8.425008e-01 3.656467e-01 8.666358e-02 5.198006e-01 6.066056e-01 5.896683e-01 2.849394e-01 4.545876e-01 2.512987e-01 3.228028e-01 
85 1191 0 0 0 2.217551e-01 1.118707e-01 8.277424e-01 2.736371e-01 4.763456e-01 9.283282e-01 1.949392e-01 1.795280e-01 8.282609e-01 4.946018e-01 4.308881e-01 6.040941e-01 6.647367e-01 1.958664e-01 3.191980e-01 6.092135e-01 5.895004e-01 8.971747e-01 3.502192e-01 8.356236e-01 2.166618e-01 2.217715e-01 4.705320e-01 5.151763e-01 8.515512e-01 3.642662e-01 1.427189e-01 4.962642e-01 7.554070e-01 6.439915e-01 2.701296e-01 5.196352e-01 2.346325e-01 3.888070e-01 
86 1205 0 0 0 2.557800e-01 1.498165e-01 7.208722e-01 4.101367e-01 3.687560e-01 8.116632e-01 1.457247e-01 1.347223e-01 7.348607e-01 5.161446e-01 5.622729e-01 6.315906e-01 8.557993e-01 2.613334e-01 3.546667e-01 6.955308e-01 7.304458e-01 8.786761e-01 3.725744e-01 7.910366e-01 2.204385e-01 2.084212e-01 5.274731e-01 5.716282e-01 8.643776e-01 3.674274e-01 2.194116e-01 5.552429e-01 8.258655e-01 6.621361e-01 3.748557e-01 5.918425e-01 1.899541e-01 4.156559e-01 
87 1219 0 0 0 2.551706e-01 6.797580e-02 7.404376e-01 4.427422e-01 4.289430e-01 7.697050e-01 2.430355e-01 2.574304e-01 7.114067e-01 4.820735e-01 5.088050e-01 6.474771e-01 8.634639e-01 3.089233e-01 5.050917e-01 8.019983e-01 8.468051e-01 8.465808e-01 3.003258e-01 9.009521e-01 2.775875e-01 1.539418e-01 4.809545e-01 5.200507e-01 8.249982e-01 4.267092e-01 1.830375e-01 5.816798e-01 9.152416e-01 5.608293e-01 4.673758e-01 6.719232e-01 1.743474e-01 5.388537e-01 
88 1233 0 0 0 2.161332e-01 6.231773e-02 6.792816e-01 4.439543e-01 4.252579e-01 7.235204e-01 2.311380e-01 2.482102e-01 6.538205e-01 5.574501e-01 5.844711e-01 6.575900e-01 8.638115e-01 4.216282e-01 3.766133e-01 8.298719e-01 7.568770e-01 8.663076e-01 3.313479e-01 8.852350e-01 3.302480e-01 1.868875e-01 3.492602e-01 4.499075e-01 8.858177e-01 4.751117e-01 1.380586e-01 6.135599e-01 8.549903e-01 5.598857e-01 3.949513e-01 6.997795e-01 1.549302e-01 5.734998e-01 
89 1247 0 0 0 1.685966e-01 8.019248e-02 5.915585e-01 4.018628e-01 4.861503e-01 6.362401e-01 3.410210e-01 2.110033e-01 7.706122e-01 5.794732e-01 5.233208e-01 7.607931e-01 8.059629e-01 4.447867e-01 3.366855e-01 8.632069e-01 7.416172e-01 7.881061e-01 4.532801e-01 8.720066e-01 3.251368e-01 2.020886e-01 3.114873e-01 4.853438e-01 8.601213e-01 4.049146e-01 1.774592e-01 7.424577e-01 8.033023e-01 6.164582e-01 3.389369e-01 6.681484e-01 1.984678e-01 5.799753e-01 
90 1261 0 0 0 2.430472e-01 1.497626e-01 6.456639e-01 3.689251e-01 4.799563e-01 5.718659e-01 2.379558e-01 1.884220e-01 8.338991e-01 6.021214e-01 5.795193e-01 7.860553e-01 7.890116e-01 4.362308e-01 2.753560e-01 8.816259e-01 6.654510e-01 8.579150e-01 3.951253e-01 8.682097e-01 3.469900e-01 1.079298e-01 2.448269e-01 4.145090e-01 8.754759e-01 4.303974e-01 1.266196e-01 7.491201e-01 7.728365e-01 5.784325e-01 3.418845e-01 7.467295e-01 2.027171e-01 5.115263e-01 
91 1275 0 0 0 1.181623e-01 1.190299e-01 5.468063e-01 2.641360e-01 4.045473e-01 6.329307e-01 2.839943e-01 2.186276e-01 8.596004e-01 5.250928e-01 5.626593e-01 7.701071e-01 7.649157e-01 4.103857e-01 3.177547e-01 7.860603e-01 7.274383e-01 8.586079e-01 4.617330e-01 9.405228e-01 3.975257e-01 7.000742e-02 2.408104e-01 4.330773e-01 8.788094e-01 5.278898e-01 8.636559e-02 7.384819e-01 6.717429e-01 6.113096e-01 3.706561e-01 6.632790e-01 2.916594e-01 5.147175e-01 
92 1289 0 0 0 1.989399e-01 1.062758e-01 4.506566e-01 2.799345e-01 4.165463e-01 7.057902e-01 2.899148e-01 2.656902e-01 8.707354e-01 5.019228e-01 5.675147e-01 7.122813e-01 7.568800e-01 4.266129e-01 4.968464e-01 7.836013e-01 7.256289e-01 7.728678e-01 4.695896e-01 8.804142e-01 3.547685e-01 2.099794e-01 1.634514e-01 4.518541e-01 7.521067e-01 5.936562e-01 5.782467e-02 7.348101e-01 7.333175e-01 5.846279e-01 2.931103e-01 7.091100e-01 2.278576e-01 6.255450e-01 
93 1303 0 0 0 2.118817e-01 1.660661e-01 4.672926e-01 2.561794e-01 4.450049e-01 7.224882e-01 4.023147e-01 2.060059e-01 8.872245e-01 4.812663e-01 4.943199e-01 8.126567e-01 6.413982e-01 4.041195e-01 3.976707e-01 8.017199e-01 7.310360e-01 6.776553e-01 5.249853e-01 9.103966e-01 3.169371e-01 2.832067e-01 1.897008e-01 4.077886e-01 6.510655e-01 5.967516e-01 1.920027e-02 7.482400e-01 7.624249e-01 5.919619e-01 3.569373e-01 5.300667e-01 2.760608e-01 5.824477e-01 
94 1317 0 0 0 1.732172e-01 1.597314e-01 4.182347e-01 2.692592e-01 4.493116e-01 7.728151e-01 3.324690e-01 2.177792e-01 7.415685e-01 5.282966e-01 3.240073e-01 8.453887e-01 6.155196e-01 3.408036e-01 3.325021e-01 7.935771e-01 7.759835e-01 5.030635e-01 5.716390e-01 8.228785e-01 2.728453e-01 2.984238e-01 1.165797e-01 2.757755e-01 6.633663e-01 6.138649e-01 9.737889e-02 6.254913e-01 6.224687e-01 6.074857e-01 4.289144e-01 6.226117e-01 1.976146e-01 6.184453e-01 
95 1331 0 0 0 2.059644e-01 1.759822e-01 5.794872e-01 4.101217e-01 2.912001e-01 6.860285e-01 3.019440e-01 1.560681e-01 6.785307e-01 5.971945e-01 2.082669e-01 6.884531e-01 5.811051e-01 3.744585e-01 5.350665e-01 8.601061e-01 8.382720e-01 5.066296e-01 4.585120e-01 8.290490e-01 3.372332e-01 1.694041e-01 2.795346e-01 3.207826e-01 5.969030e-01 5.621621e-01 2.752397e-01 5.050430e-01 7.608399e-01 8.332750e-01 4.268644e-01 7.366518e-01 3.576433e-01 4.784374e-01 
96 1345 0 0 0 2.830667e-01 3.849892e-01 4.901168e-01 4.113563e-01 2.935250e-01 7.198759e-01 2.279777e-01 1.244529e-01 7.392176e-01 6.613077e-01 9.607911e-02 6.695766e-01 5.109979e-01 4.289916e-01 4.189571e-01 8.615644e-01 8.957110e-01 3.092606e-01 4.412949e-01 8.602272e-01 2.533071e-01 1.870597e-01 1.851000e-01 2.303162e-01 6.228122e-01 5.366599e-01 2.696207e-01 4.332844e-01 7.966340e-01 7.478271e-01 4.271330e-01 6.273507e-01 2.276532e-01 4.219598e-01 
97 1359 0 0 0 2.676793e-01 4.291705e-01 5.192601e-01 3.489614e-01 3.996639e-01 7.962452e-01 2.377789e-01 6.972998e-02 6.617043e-01 5.706254e-01 1.126184e-01 6.334688e-01 5.141382e-01 4.043236e-01 4.526228e-01 7.908001e-01 8.304154e-01 4.116418e-01 4.504094e-01 8.279100e-01 2.847803e-01 2.696692e-01 2.071973e-01 2.682810e-01 7.011558e-01 6.553690e-01 1.463487e-01 4.852786e-01 5.810315e-01 6.261159e-01 3.692343e-01 6.552682e-01 2.507292e-01 4.643547e-01 
98 1373 0 0 0 3.338736e-01 4.141215e-01 5.214259e-01 4.103045e-01 2.987503e-01 6.578855e-01 1.827536e-01 2.182017e-01 6.484736e-01 5.511154e-01 1.292271e-01 5.852552e-01 5.990863e-01 3.746181e-01 4.729290e-01 7.038407e-01 8.640154e-01 4.759516e-01 5.897969e-01 6.769756e-01 4.577277e-01 2.248145e-01 2.294244e-01 2.518896e-01 6.739411e-01 7.951594e-01 2.363854e-01 6.686091e-01 5.433091e-01 5.692997e-01 3.042472e-01 6.370654e-01 2.919855e-01 5.339869e-01 
99 1387 0 0 0 4.414046e-01 3.395405e-01 4.008474e-01 4.344471e-01 3.936674e-01 7.001197e-01 2.220117e-01 3.291509e-01 6.704713e-01 5.196286e-01 2.737890e-01 5.078762e-01 6.717218e-01 3.856492e-01 5.930410e-01 7.492087e-01 8.013764e-01 4.052909e-01 5.776739e-01 7.100045e-01 3.952624e-01 1.521404e-01 2.608698e-01 3.465747e-01 8.061734e-01 8.250412e-01 2.080133e-01 4.101460e-01 4.856043e-01 5.956563e-01 2.287044e-01 6.395998e-01 2.701594e-01 5.987223e-01 
100 1401 0 0 0 2.976091e-01 3.163050e-01 2.748670e-01 4.578894e-01 4.466644e-01 7.317779e-01 2.044483e-01 1.912728e-01 7.252336e-01 4.564275e-01 3.419982e-01 5.390422e-01 7.252928e-01 3.677765e-01 6.465301e-01 8.308219e-01 7.889741e-01 5.144107e-01 5.967193e-01 7.347349e-01 3.828725e-01 2.677539e-01 2.625530e-01 2.047771e-01 8.139801e-01 7.695863e-01 2.867910e-01 3.370895e-01 4.472688e-01 5.358990e-01 2.050462e-01 6.232577e-01 3.503415e-01 5.505672e-01 
101 1415 0 0 0 3.310827e-01 2.922680e-01 5.015581e-01 4.734614e-01 4.057552e-01 7.487566e-01 3.190797e-01 2.863420e-01 6.422235e-01 5.154055e-01 2.886908e-01 4.768642e-01 7.757198e-01 4.338796e-01 6.451904e-01 8.488974e-01 6.678021e-01 4.910043e-01 4.425001e-01 8.818538e-01 4.110647e-01 3.240008e-01 3.442069e-01 2.690413e-01 8.222643e-01 7.869728e-01 2.566426e-01 3.194791e-01 3.473120e-01 5.176970e-01 2.409844e-01 6.151873e-01 4.362454e-01 4.234052e-01 
102 1429 0 0 0 3.849171e-01 1.842508e-01 5.838311e-01 3.876280e-01 3.425228e-01 7.827343e-01 3.518024e-01 2.543834e-01 6.248446e-01 5.365220e-01 4.459165e-01 5.464809e-01 6.277746e-01 3.636134e-01 5.328720e-01 8.853116e-01 6.522000e-01 4.361934e-01 4.958353e-01 8.412866e-01 4.083501e-01 2.722774e-01 4.406117e-01 2.411184e-01 8.652755e-01 7.837187e-01 1.635554e-01 2.457969e-01 3.567309e-01 4.907476e-01 2.111328e-01 5.698135e-01 4.488965e-01 5.621310e-01 
103 1443 0 0 0 3.972474e-01 2.193912e-01 6.443410e-01 3.331939e-01 3.962794e-01 9.098533e-01 3.392780e-01 2.725160e-01 6.660366e-01 5.253212e-01 5.811341e-01 6.479595e-01 8.632581e-01 2.790277e-01 4.001822e-01 8.862610e-01 8.140979e-01 3.701483e-01 5.036256e-01 9.083541e-01 4.785978e-01 2.928263e-01 5.317633e-01 2.697628e-01 8.847354e-01 5.976023e-01 7.803525e-02 3.834387e-01 3.463643e-01 5.147022e-01 1.929769e-01 4.491818e-01 4.130966e-01 5.226010e-01 
104 1457 0 0 0 3.474025e-01 1.269684e-01 6.180036e-01 1.742878e-01 3.568032e-01 9.159526e-01 2.338448e-01 2.648550e-01 7.335873e-01 5.280852e-01 4.598363e-01 6.554006e-01 8.599990e-01 2.267928e-01 2.933899e-01 7.446926e-01 8.496523e-01 3.684827e-01 4.609154e-01 9.321378e-01 2.584080e-01 3.102517e-01 5.461762e-01 2.614881e-01 7.636048e-01 5.872100e-01 8.578344e-02 4.262663e-01 3.931620e-01 5.492634e-01 1.734217e-01 4.331976e-01 2.430880e-01 5.271128e-01 
105 1471 0 0 0 2.833992e-01 1.464459e-01 5.521169e-01 2.049921e-01 2.803435e-01 9.138673e-01 2.640988e-01 2.100121e-01 7.474773e-01 5.762026e-01 3.177603e-01 6.549970e-01 6.101708e-01 2.072175e-01 2.608345e-01 6.405436e-01 8.904942e-01 4.454293e-01 3.720036e-01 7.926035e-01 2.380633e-01 3.114241e-01 5.816554e-01 2.995838e-01 6.103503e-01 5.884534e-01 2.543163e-01 4.232051e-01 3.277118e-01 5.691968e-01 2.894918e-01 3.728797e-01 4.102913e-01 5.658562e-01 
106 1485 0 0 0 1.317768e-01 7.187211e-02 5.687027e-01 3.245114e-01 2.780650e-01 9.777905e-01 4.226735e-01 1.562532e-01 6.258768e-01 4.934792e-01 4.103087e-01 5.501418e-01 5.363376e-01 2.180791e-01 2.651014e-01 6.929358e-01 9.154314e-01 3.647359e-01 2.992414e-01 7.142628e-01 3.889989e-01 3.114236e-01 5.245841e-01 4.670311e-01 6.137614e-01 7.148700e-01 7.560688e-02 4.728128e-01 3.437877e-01 5.505303e-01 2.712607e-01 5.976630e-01 3.063119e-01 5.456571e-01 
107 1499 0 0 0 1.543386e-02 6.049499e-02 5.284744e-01 3.035251e-01 2.625681e-01 8.537806e-01 4.673350e-01 1.423727e-01 6.639419e-01 5.313202e-01 3.841675e-01 5.439265e-01 6.996434e-01 1.206199e-01 1.555437e-01 6.762698e-01 8.641749e-01 4.123671e-01 3.006037e-01 7.656160e-01 4.462193e-01 3.060833e-01 4.138615e-01 5.854849e-01 6.029520e-01 7.507285e-01 6.888908e-03 4.497124e-01 2.642576e-01 5.781834e-01 2.791275e-01 7.185693e-01 3.271325e-01 4.448402e-01 
108 1513 0 0 0 1.872115e-02 5.331526e-02 6.420744e-01 4.410751e-01 1.843761e-01 7.545695e-01 4.191179e-01 2.029795e-01 6.788220e-01 6.137300e-01 3.280187e-01 5.668680e-01 7.038613e-01 1.712573e-01 1.990488e-01 6.539659e-01 6.701295e-01 4.355582e-01 2.065672e-01 8.027021e-01 4.415521e-01 1.854186e-01 3.629638e-01 5.109648e-01 5.989867e-01 6.883464e-01 1.136916e-01 4.492410e-01 2.472264e-01 5.408305e-01 4.382557e-01 6.847088e-01 2.346333e-01 4.113562e-01 
109 1527 0 0 0 5.824254e-02 8.359383e-02 6.580341e-01 5.119848e-01 1.561272e-01 6.367083e-01 5.302788e-01 1.116153e-01 5.492876e-01 5.637423e-01 3.738352e-01 5.334856e-01 6.607246e-01 1.724887e-01 6.702744e-02 5.914227e-01 5.990385e-01 3.674923e-01 8.971247e-02 8.407872e-01 4.609129e-01 2.026804e-01 4.160043e-01 4.290738e-01 7.259971e-01 7.582095e-01 1.282616e-01 4.862411e-01 1.824260e-01 5.417864e-01 4.107147e-01 5.757652e-01 3.686525e-01 4.023634e-01 
110 1541 0 0 0 1.177491e-01 1.243385e-01 6.462137e-01 5.596725e-01 1.260488e-01 6.733872e-01 5.122853e-01 9.741690e-02 6.979202e-01 5.329394e-01 3.388263e-01 6.554597e-01 6.174857e-01 1.827108e-01 1.850625e-01 6.922183e-01 5.649599e-01 4.783692e-01 7.816564e-02 7.746578e-01 5.355830e-01 2.327583e-01 4.795347e-01 4.863709e-01 7.246620e-01 7.961512e-01 1.778325e-01 4.478556e-01 1.826621e-01 4.565253e-01 2.900309e-01 5.013669e-01 4.051743e-01 3.941709e-01 
111 1555 0 0 0 9.436752e-02 1.503795e-01 5.971885e-01 4.704308e-01 1.880213e-01 7.121211e-01 4.325177e-01 1.420571e-01 5.846385e-01 4.812945e-01 3.237051e-01 6.294857e-01 5.253005e-01 1.969143e-01 2.909310e-01 7.170176e-01 5.890987e-01 4.783001e-01 1.399781e-01 7.469529e-01 4.890988e-01 1.902849e-01 4.251516e-01 4.044709e-01 6.644247e-01 8.781489e-01 2.810722e-01 5.782258e-01 2.713891e-01 4.661525e-01 2.971429e-01 5.097594e-01 3.951823e-01 3.897108e-01 
112 1569 0 0 0 1.629879e-01 1.081550e-01 6.394929e-01 4.986323e-01 3.179258e-01 6.816738e-01 4.253019e-01 1.502694e-01 6.436075e-01 4.476545e-01 2.459742e-01 6.469749e-01 4.894822e-01 1.846401e-01 2.460776e-01 6.694411e-01 5.850407e-01 3.801839e-01 2.041078e-01 7.559646e-01 5.231506e-01 2.571248e-01 4.309970e-01 5.100736e-01 7.158874e-01 8.149285e-01 1.954766e-01 5.541151e-01 2.632089e-01 3.976385e-01 2.615748e-01 4.637362e-01 3.619090e-01 3.736486e-01 
113 1583 0 0 0 2.646152e-01 1.405190e-01 6.166553e-01 3.180314e-01 3.331927e-01 6.368911e-01 5.612720e-01 1.348455e-01 6.572287e-01 3.896542e-01 2.669752e-01 6.335277e-01 4.494066e-01 2.474819e-01 1.862803e-01 6.940719e-01 6.291982e-01 4.273680e-01 8.899974e-02 8.181938e-01 5.924155e-01 3.113093e-01 4.667446e-01 4.844556e-01 7.353361e-01 7.407104e-01 2.151900e-01 5.566654e-01 3.444194e-01 3.945285e-01 2.704966e-01 4.047062e-01 4.149807e-01 4.226458e-01 
