%  columns="iteration, evaluation, void, void, void, xmean" (startseed=216481, 2023/08/30 1:57:45.81)
0 1 0 0 0 2.500000e-01 5.000000e-01 7.500000e-01 2.500000e-01 2.500000e-01 2.500000e-01 5.000000e-01 7.500000e-01 5.000000e-01 5.000000e-01 5.000000e-01 2.500000e-01 7.500000e-01 2.500000e-01 7.500000e-01 2.500000e-01 5.000000e-01 5.000000e-01 7.500000e-01 2.500000e-01 7.500000e-01 7.500000e-01 5.000000e-01 5.000000e-01 5.000000e-01 2.500000e-01 5.000000e-01 5.000000e-01 7.500000e-01 7.500000e-01 5.000000e-01 5.000000e-01 7.500000e-01 5.000000e-01 
1 15 0 0 0 4.378727e-01 5.978590e-01 7.694851e-01 2.974711e-01 1.680317e-01 4.719660e-01 4.685537e-01 4.257939e-01 5.404114e-01 4.250572e-01 6.834486e-01 2.320602e-01 9.011257e-01 4.455091e-01 5.710862e-01 3.902829e-01 3.598614e-01 7.335455e-01 6.658503e-01 1.297150e-01 7.043341e-01 8.425025e-01 4.830727e-01 4.958711e-01 7.158455e-01 1.817460e-01 5.595594e-01 5.668881e-01 7.870458e-01 7.294923e-01 7.129186e-01 4.975775e-01 5.526462e-01 7.106397e-01 
2 29 0 0 0 2.495254e-01 5.771266e-01 1.066977e+00 5.357425e-01 2.013441e-01 6.262954e-01 4.941709e-01 3.133588e-01 4.015835e-01 5.700529e-01 8.893566e-01 2.987239e-01 7.769342e-01 7.302356e-01 1.443324e-01 4.795372e-01 4.769012e-01 8.947091e-01 8.308464e-01 1.140282e-01 7.760463e-01 8.841862e-01 8.308093e-01 4.686335e-01 9.636003e-01 1.959230e-01 4.979611e-01 2.939810e-01 6.600185e-01 3.857623e-01 8.085918e-01 7.409107e-01 1.886245e-01 5.644135e-01 
3 43 0 0 0 1.239454e-01 9.262453e-01 1.179456e+00 5.207290e-01 2.480724e-01 6.673421e-01 5.415736e-01 4.510179e-01 2.149994e-01 3.607034e-01 9.653397e-01 1.832199e-01 6.765524e-01 2.774921e-01 4.339592e-01 6.726850e-01 3.750709e-01 8.176623e-01 5.657786e-01 5.501006e-01 7.415212e-01 8.947938e-01 5.889748e-01 8.061430e-01 5.946124e-01 3.917311e-01 1.450381e-01 6.116720e-01 5.937149e-01 6.792961e-01 7.788791e-01 7.294875e-01 -3.667875e-02 6.018035e-01 
4 57 0 0 0 5.656218e-01 7.210906e-01 8.575188e-01 9.279747e-01 3.558967e-01 6.166957e-01 3.736956e-01 4.557730e-01 3.018901e-01 3.842227e-01 1.069197e+00 7.735008e-02 5.423429e-01 2.500973e-01 4.189064e-01 6.626587e-01 4.006650e-01 5.868123e-01 8.995888e-01 4.039767e-01 9.800904e-02 8.717913e-01 7.625110e-01 9.322763e-01 6.543471e-01 3.124897e-01 7.361139e-03 1.729380e-01 4.961660e-01 8.379969e-01 9.460725e-01 7.598699e-01 1.933363e-01 4.742251e-01 
5 71 0 0 0 6.214557e-01 5.602787e-01 8.549441e-01 5.796683e-01 3.723103e-01 2.557114e-01 2.623077e-01 4.085051e-01 3.961517e-01 2.873440e-01 1.003916e+00 -7.173438e-02 2.656802e-01 5.866494e-01 8.011574e-01 8.458212e-01 9.531099e-01 6.701858e-01 9.011562e-01 1.791798e-01 4.035136e-01 1.268592e+00 6.071945e-01 9.867827e-01 7.165766e-01 1.908684e-01 -2.456110e-01 -9.943083e-02 4.540866e-01 7.670603e-01 1.027749e+00 7.039425e-01 1.546732e-01 6.531092e-01 
6 85 0 0 0 6.092962e-01 4.049063e-01 9.406648e-01 7.295462e-01 4.022876e-01 3.218299e-01 -4.227024e-02 1.868898e-01 1.370668e-01 -1.620133e-01 8.685329e-01 -1.946804e-01 2.533846e-01 8.466538e-01 6.707338e-01 8.340958e-01 9.429172e-01 5.366486e-01 6.483759e-01 3.756776e-01 9.642352e-02 1.165696e+00 7.920812e-01 7.025855e-01 1.026423e+00 3.254144e-01 7.077473e-02 2.002272e-02 5.930550e-01 7.350017e-01 7.378275e-01 5.544065e-01 2.057761e-01 8.723703e-01 
7 99 0 0 0 8.301540e-01 4.380598e-01 8.789737e-01 7.607682e-01 1.634731e-01 6.251845e-01 3.686437e-02 1.269487e-01 -3.981325e-02 2.384550e-01 9.090012e-01 -4.219876e-02 9.393701e-02 8.948874e-01 8.033907e-01 1.093756e+00 5.499288e-01 2.925940e-01 6.193120e-01 1.958663e-01 1.634891e-01 1.020670e+00 8.183578e-01 8.602707e-01 7.487213e-01 5.378574e-01 7.138550e-01 4.045592e-01 4.365637e-01 5.688140e-01 1.135279e+00 3.233428e-01 1.188897e-01 6.448186e-01 
8 113 0 0 0 6.796020e-01 5.368004e-01 7.324352e-01 4.590793e-01 6.332883e-01 8.364993e-01 1.824316e-01 -3.916873e-02 -1.096021e-02 1.667765e-01 8.263604e-01 1.995733e-01 4.042894e-02 7.529304e-01 5.352721e-01 9.286481e-01 9.511154e-01 4.495623e-01 8.795188e-01 5.082321e-01 -2.219942e-01 9.114463e-01 8.175896e-01 9.493854e-01 7.833848e-01 7.604109e-01 5.794532e-01 4.956376e-01 3.953925e-01 4.017014e-01 9.136196e-01 1.850357e-01 8.080220e-02 6.839819e-01 
9 127 0 0 0 8.081368e-01 4.719129e-01 7.543324e-01 2.313779e-01 5.822809e-01 1.007876e+00 5.530134e-01 2.872702e-01 -1.615865e-01 2.997272e-01 6.462104e-01 1.478540e-01 1.539725e-01 9.198139e-01 2.549331e-01 8.151537e-01 8.542074e-01 4.293027e-01 7.896075e-01 2.072324e-01 6.981063e-02 9.565447e-01 7.562457e-01 9.815306e-01 7.305335e-01 9.555441e-01 5.324666e-01 6.966226e-01 4.330693e-01 4.539182e-01 7.666489e-01 4.401211e-01 3.959273e-01 8.027513e-01 
10 141 0 0 0 5.888310e-01 3.144944e-01 6.440791e-01 6.706452e-02 1.072374e+00 1.071657e+00 3.867073e-01 4.458511e-01 3.388836e-02 1.706341e-01 1.095174e+00 -8.831560e-02 2.690455e-01 5.687342e-01 5.327063e-01 7.208232e-01 8.508307e-01 2.850820e-01 4.551978e-01 4.388054e-02 9.356277e-02 1.292288e+00 8.583297e-01 1.045272e+00 6.253790e-01 8.096334e-01 7.317238e-01 5.149059e-01 4.604436e-01 4.144411e-01 6.016959e-01 2.949976e-01 6.849888e-01 7.612794e-01 
11 155 0 0 0 5.454187e-01 4.928893e-01 6.770008e-01 -1.144119e-01 9.780439e-01 1.175870e+00 2.711436e-01 5.072254e-01 -9.391765e-02 1.850902e-01 9.571143e-01 -3.285336e-01 4.956433e-01 3.620417e-01 4.921481e-01 7.644515e-01 8.225661e-01 1.434016e-01 2.971458e-01 -1.180862e-02 1.398196e-01 1.148061e+00 6.642945e-01 9.855954e-01 8.578297e-01 8.546425e-01 3.975516e-01 7.699404e-01 1.624032e-01 4.611022e-01 3.518895e-01 2.552796e-01 5.760645e-01 6.703396e-01 
12 169 0 0 0 5.532333e-01 4.168443e-01 6.153442e-01 -2.698941e-02 8.964189e-01 1.104286e+00 4.154404e-01 4.156163e-01 -1.349389e-01 1.633896e-01 9.817848e-01 -1.540626e-01 6.255859e-01 4.488568e-01 5.676558e-01 7.809832e-01 5.964840e-01 2.499493e-01 6.546007e-01 3.039314e-01 2.395750e-01 1.104949e+00 8.960306e-01 1.100667e+00 1.109640e+00 6.656640e-01 5.295049e-01 5.072997e-01 2.266774e-01 6.160462e-01 1.377983e-01 2.639128e-01 6.914300e-01 3.994521e-01 
13 183 0 0 0 5.362548e-01 4.996470e-01 6.787330e-01 1.524405e-01 7.643713e-01 1.083648e+00 3.363746e-01 6.193787e-01 7.133138e-03 1.854539e-01 9.059207e-01 -2.455732e-01 5.572132e-01 3.862600e-01 4.023649e-01 6.567254e-01 6.011325e-01 4.145998e-01 6.075589e-01 1.242003e-01 3.354536e-01 1.068078e+00 6.551374e-01 9.383838e-01 9.130196e-01 8.832230e-01 4.667095e-01 6.022506e-01 1.068305e-02 7.796779e-01 -1.834721e-02 2.982359e-01 9.957117e-01 2.569416e-01 
14 197 0 0 0 5.733933e-01 2.183321e-01 6.393102e-01 2.791190e-01 7.192386e-01 1.047403e+00 3.005521e-01 4.029080e-01 1.124015e-01 2.685012e-01 5.909845e-01 -5.143319e-02 5.761913e-01 3.090618e-01 3.914336e-01 6.589384e-01 7.831680e-01 2.359873e-01 8.129872e-01 1.654111e-01 7.235165e-01 8.694606e-01 7.144393e-01 8.914503e-01 7.955654e-01 9.435106e-01 6.695585e-01 9.007973e-01 1.537421e-01 8.174564e-01 1.831599e-01 5.253571e-01 7.761078e-01 -7.519222e-03 
15 211 0 0 0 4.506128e-01 3.067307e-01 8.313575e-01 5.592540e-02 7.758982e-01 1.199710e+00 1.675376e-01 6.833714e-01 8.593549e-02 9.233532e-02 7.251025e-01 1.505359e-01 3.989785e-01 6.331771e-02 4.208756e-01 6.201821e-01 7.155140e-01 1.459529e-01 7.790406e-01 3.790198e-01 7.266329e-01 8.041751e-01 5.823965e-01 1.019889e+00 9.105669e-01 8.972479e-01 6.277824e-01 7.144625e-01 6.214713e-02 7.689523e-01 9.239385e-02 6.326018e-01 9.650573e-01 3.297631e-01 
16 225 0 0 0 5.407084e-01 5.261205e-01 1.032136e+00 1.639465e-02 6.704459e-01 1.003780e+00 4.404051e-01 6.609862e-01 4.166074e-02 1.322662e-01 7.087691e-01 2.751963e-01 2.494898e-01 9.500401e-02 2.968488e-01 6.345887e-01 7.302616e-01 2.487416e-01 7.475573e-01 4.411724e-01 9.197567e-01 8.971761e-01 6.999366e-01 9.931730e-01 9.255125e-01 8.271784e-01 6.366745e-01 7.825541e-01 1.484477e-01 7.835823e-01 1.225863e-01 5.237296e-01 6.488588e-01 4.284910e-01 
17 239 0 0 0 8.174101e-01 5.362061e-01 9.227145e-01 -1.790224e-02 8.234014e-01 1.003470e+00 3.592335e-01 5.797646e-01 1.426188e-01 1.096407e-01 7.393554e-01 6.839281e-02 9.606736e-02 9.452982e-02 3.933343e-01 4.298808e-01 8.573945e-01 1.353028e-01 8.842601e-01 3.909879e-01 1.136362e+00 7.581844e-01 7.601287e-01 1.124469e+00 6.926371e-01 9.234990e-01 3.728672e-01 7.235534e-01 1.936186e-01 8.184160e-01 5.457303e-02 4.976112e-01 5.339241e-01 2.618683e-01 
18 253 0 0 0 9.216744e-01 3.863951e-01 7.778121e-01 -2.019478e-02 3.961236e-01 8.580948e-01 5.976595e-01 6.462178e-01 -2.839010e-02 5.563083e-02 6.170289e-01 4.238164e-03 2.536471e-01 -1.798070e-02 4.738966e-01 5.560665e-01 9.346612e-01 8.130154e-02 9.281026e-01 4.967242e-01 1.029104e+00 6.509708e-01 5.482208e-01 9.033846e-01 8.896942e-01 9.482735e-01 3.287132e-01 9.861778e-01 3.234839e-01 6.703657e-01 -4.481507e-02 5.382708e-01 6.406820e-01 4.118585e-01 
19 267 0 0 0 9.686089e-01 4.454270e-01 7.179874e-01 6.242586e-02 3.725121e-01 7.506014e-01 4.743707e-01 6.127847e-01 -2.743594e-02 -1.280642e-01 5.928791e-01 -8.058052e-03 4.992138e-01 1.577953e-01 5.092470e-01 6.083719e-01 9.166231e-01 2.309908e-01 8.621618e-01 3.547056e-01 1.001039e+00 4.755086e-01 4.730936e-01 9.275010e-01 7.443391e-01 8.803154e-01 4.389575e-01 9.810779e-01 4.457483e-01 8.947979e-01 -1.716236e-02 3.676531e-01 6.296854e-01 4.940596e-01 
20 281 0 0 0 8.930684e-01 6.546773e-01 6.871926e-01 -3.403685e-02 4.080362e-01 7.029193e-01 4.530481e-01 7.440758e-01 -4.795138e-02 -7.789959e-02 6.310633e-01 -9.518628e-02 4.640867e-01 1.667227e-01 3.930671e-01 3.733506e-01 9.444034e-01 2.851759e-01 9.018405e-01 4.779994e-01 1.043928e+00 7.651821e-01 3.818535e-01 1.002717e+00 5.944707e-01 1.044982e+00 4.558779e-01 9.531169e-01 5.026941e-01 8.491316e-01 -3.683974e-02 5.767621e-01 5.844263e-01 4.497842e-01 
21 295 0 0 0 8.196989e-01 6.936733e-01 6.150359e-01 1.444414e-01 3.241066e-01 6.951357e-01 5.319043e-01 8.112818e-01 9.206918e-02 -1.349515e-02 6.476477e-01 -8.218599e-02 2.302864e-01 8.028858e-02 3.069782e-01 3.867018e-01 1.019745e+00 9.930482e-02 8.081170e-01 2.810089e-01 9.007527e-01 7.323163e-01 5.118361e-01 1.004378e+00 5.512611e-01 9.473605e-01 4.445512e-01 9.527467e-01 5.535040e-01 9.065254e-01 1.706732e-01 3.060305e-01 4.710435e-01 3.837961e-01 
22 309 0 0 0 8.641541e-01 7.299539e-01 6.801872e-01 1.233033e-02 2.006717e-01 6.866060e-01 6.961472e-01 6.718145e-01 1.206990e-01 1.533735e-01 5.655284e-01 -3.147100e-02 4.369275e-01 -1.986330e-02 3.728182e-01 3.494289e-01 9.858517e-01 1.742235e-01 7.983184e-01 2.417523e-01 1.047694e+00 7.716015e-01 6.781646e-01 9.863849e-01 4.496344e-01 8.947656e-01 5.985261e-01 9.065476e-01 5.804053e-01 8.856406e-01 8.908206e-02 3.114260e-01 5.307711e-01 3.230110e-01 
23 323 0 0 0 9.360736e-01 5.511258e-01 7.630525e-01 7.829052e-02 9.401827e-02 7.512171e-01 4.521900e-01 7.579205e-01 2.651098e-01 8.127815e-02 6.895140e-01 4.186906e-02 3.596183e-01 -1.169723e-01 2.882917e-01 4.634332e-01 1.043450e+00 1.025218e-01 7.553712e-01 3.474849e-01 9.998886e-01 8.007650e-01 7.544743e-01 9.769555e-01 3.334633e-01 1.011380e+00 8.022580e-01 9.207810e-01 5.164753e-01 9.062260e-01 1.876610e-01 3.112619e-01 5.033491e-01 2.615402e-01 
24 337 0 0 0 8.798022e-01 3.807674e-01 6.823349e-01 3.122757e-01 1.751869e-01 8.372331e-01 3.305488e-01 7.720368e-01 2.294446e-01 -5.112392e-02 7.438243e-01 9.612946e-02 4.006832e-01 -1.168984e-04 4.113997e-01 2.993792e-01 8.762078e-01 7.835407e-02 7.648552e-01 3.507039e-01 9.890634e-01 9.287613e-01 8.325140e-01 9.509521e-01 2.509000e-01 1.058006e+00 9.915574e-01 8.638862e-01 4.289079e-01 9.201101e-01 2.291591e-01 2.640951e-01 5.747389e-01 1.369132e-01 
25 351 0 0 0 7.905963e-01 4.114808e-01 4.391620e-01 3.493860e-01 4.056758e-02 7.999276e-01 3.972435e-01 7.390671e-01 2.929259e-01 1.104721e-01 7.688217e-01 5.791961e-02 4.305082e-01 1.596557e-01 4.404511e-01 3.014964e-01 8.471557e-01 7.179573e-02 7.345407e-01 2.001991e-01 1.009280e+00 9.963392e-01 8.904196e-01 9.956288e-01 4.112462e-01 9.925838e-01 9.605928e-01 7.471593e-01 4.825842e-01 9.924575e-01 3.127673e-01 2.460199e-01 6.131283e-01 1.864161e-01 
26 365 0 0 0 8.739283e-01 4.156491e-01 4.907334e-01 2.885439e-01 3.957800e-02 7.458493e-01 4.346920e-01 6.536341e-01 2.833644e-01 2.710212e-01 7.283450e-01 1.055570e-01 4.550953e-01 2.869737e-01 3.564452e-01 2.923956e-01 8.157698e-01 1.400903e-01 6.501759e-01 1.220656e-01 9.219174e-01 1.044622e+00 8.863041e-01 9.525504e-01 5.068376e-01 7.691718e-01 9.006025e-01 8.026163e-01 4.551582e-01 1.009356e+00 4.382653e-01 4.198415e-01 6.032895e-01 1.720120e-01 
27 379 0 0 0 9.895057e-01 4.526267e-01 5.638420e-01 3.100923e-01 9.458642e-02 6.767993e-01 3.910382e-01 6.900148e-01 2.223043e-01 2.137947e-01 6.645635e-01 9.512439e-02 6.591071e-01 3.898033e-01 4.052762e-01 2.734271e-01 7.765871e-01 2.320867e-01 6.413352e-01 2.301369e-01 9.415417e-01 1.072193e+00 8.177100e-01 9.656253e-01 5.893317e-01 6.363375e-01 6.450190e-01 8.474571e-01 5.248218e-01 9.370917e-01 5.139267e-01 4.100868e-01 6.802984e-01 2.641034e-01 
28 393 0 0 0 9.552097e-01 4.659185e-01 5.946217e-01 1.856203e-01 1.549242e-01 6.684128e-01 3.052735e-01 6.624717e-01 1.505037e-01 1.000015e-01 7.794667e-01 7.280080e-02 5.705321e-01 2.929004e-01 5.208812e-01 1.634535e-01 8.301818e-01 6.420951e-02 6.318263e-01 1.906924e-01 9.712965e-01 9.772133e-01 7.369398e-01 9.780054e-01 7.259283e-01 5.764058e-01 6.698731e-01 8.181539e-01 5.512508e-01 9.962742e-01 3.217338e-01 3.618857e-01 6.542474e-01 1.946410e-01 
29 407 0 0 0 8.180657e-01 4.299540e-01 6.488556e-01 3.380325e-01 1.993713e-01 5.830204e-01 1.705471e-01 6.890851e-01 3.029292e-02 6.923799e-02 7.456960e-01 1.703336e-01 6.240704e-01 3.896423e-01 3.769112e-01 3.160437e-01 8.908054e-01 1.102097e-01 5.791265e-01 1.613834e-01 9.584714e-01 7.933130e-01 6.611952e-01 8.362046e-01 6.829347e-01 7.547145e-01 5.189250e-01 8.079674e-01 5.813815e-01 1.035464e+00 3.092830e-01 2.445588e-01 7.091505e-01 2.340344e-01 
30 421 0 0 0 8.166788e-01 4.232336e-01 6.803042e-01 2.695244e-01 1.956305e-01 5.888508e-01 2.398403e-01 5.824596e-01 9.057362e-02 1.149615e-01 7.478170e-01 1.593992e-01 7.021674e-01 4.559834e-01 2.674734e-01 2.338003e-01 8.421151e-01 1.874040e-01 7.002631e-01 2.189169e-01 9.424043e-01 7.922935e-01 8.052795e-01 8.211510e-01 8.309772e-01 7.362551e-01 5.665725e-01 8.835181e-01 4.797610e-01 9.278934e-01 2.696414e-01 3.216891e-01 7.313363e-01 2.957500e-01 
31 435 0 0 0 7.734066e-01 4.773896e-01 6.884395e-01 4.060108e-01 1.018921e-01 5.159327e-01 3.113989e-01 5.754670e-01 7.903921e-02 9.014747e-02 7.089985e-01 1.227548e-01 6.857490e-01 4.365930e-01 3.390864e-01 2.257064e-01 8.592530e-01 2.426757e-01 6.146678e-01 2.247216e-01 8.877080e-01 7.132508e-01 8.040495e-01 7.909065e-01 7.816664e-01 7.087863e-01 6.167554e-01 8.757360e-01 5.157809e-01 8.350904e-01 2.854368e-01 2.254476e-01 7.393279e-01 2.702992e-01 
32 449 0 0 0 7.312674e-01 3.658595e-01 6.915458e-01 5.125205e-01 1.230446e-01 6.027265e-01 2.778949e-01 6.492820e-01 5.452295e-02 1.431646e-01 7.567806e-01 1.468243e-01 6.502928e-01 3.558566e-01 3.069340e-01 1.745727e-01 7.993042e-01 1.239188e-01 6.037429e-01 3.152966e-01 7.659493e-01 7.159843e-01 8.759844e-01 7.173173e-01 8.381402e-01 7.519202e-01 6.544762e-01 8.504323e-01 4.892349e-01 8.460741e-01 4.398442e-01 1.590760e-01 7.026957e-01 3.053951e-01 
33 463 0 0 0 7.918747e-01 3.395859e-01 6.032227e-01 6.329343e-01 9.750829e-02 6.901286e-01 3.576638e-01 6.862816e-01 1.455688e-01 2.420003e-01 7.578138e-01 1.062349e-01 5.351001e-01 3.700322e-01 2.642031e-01 2.140601e-01 8.787315e-01 6.653084e-02 6.070413e-01 3.590044e-01 7.266095e-01 7.404761e-01 8.289750e-01 6.582714e-01 7.429365e-01 6.271441e-01 8.327646e-01 8.119818e-01 5.298277e-01 8.809635e-01 4.334794e-01 1.938212e-01 7.335019e-01 3.914010e-01 
34 477 0 0 0 7.291927e-01 4.162443e-01 6.595420e-01 5.693394e-01 8.738645e-02 8.046407e-01 2.844984e-01 6.613045e-01 2.066161e-01 2.356871e-01 7.937486e-01 1.785552e-01 4.380276e-01 3.660351e-01 2.596404e-01 2.806922e-01 8.977485e-01 9.751772e-02 5.977950e-01 3.863865e-01 7.676183e-01 7.568243e-01 7.428786e-01 6.879950e-01 6.893044e-01 5.774812e-01 8.891338e-01 7.975882e-01 5.507210e-01 8.656590e-01 3.744679e-01 1.905780e-01 6.954595e-01 4.556941e-01 
35 491 0 0 0 6.558912e-01 4.567397e-01 5.981008e-01 5.109688e-01 1.537447e-01 7.053930e-01 2.945424e-01 6.996830e-01 2.187724e-01 2.997391e-01 7.783118e-01 2.010737e-01 4.743214e-01 3.250009e-01 2.324168e-01 2.082848e-01 8.908781e-01 1.391837e-01 7.401600e-01 3.233532e-01 7.166624e-01 7.346802e-01 6.955616e-01 6.343124e-01 7.237440e-01 6.094490e-01 9.536865e-01 8.086001e-01 5.917151e-01 7.733863e-01 4.029883e-01 2.491064e-01 6.597211e-01 4.707635e-01 
36 505 0 0 0 6.164413e-01 5.355905e-01 6.413934e-01 4.465659e-01 1.048163e-01 7.528087e-01 2.649355e-01 6.989785e-01 2.805720e-01 2.173989e-01 7.497117e-01 2.346410e-01 5.539324e-01 3.773110e-01 2.063356e-01 2.414203e-01 8.455363e-01 1.446948e-01 6.814007e-01 4.045582e-01 6.900870e-01 6.862409e-01 7.269068e-01 5.568091e-01 7.261464e-01 7.487018e-01 8.918879e-01 8.557504e-01 6.018045e-01 7.381968e-01 3.748474e-01 1.606602e-01 5.884356e-01 5.412589e-01 
37 519 0 0 0 5.567111e-01 4.823606e-01 6.343503e-01 5.198085e-01 1.754051e-01 8.305218e-01 2.437310e-01 7.924203e-01 3.116752e-01 3.011958e-01 7.703623e-01 2.024853e-01 5.872371e-01 3.898466e-01 1.741827e-01 2.510691e-01 8.674073e-01 1.686740e-01 6.708497e-01 3.486590e-01 6.964863e-01 6.552396e-01 7.984526e-01 5.593679e-01 5.566614e-01 7.941582e-01 8.872119e-01 8.784227e-01 5.593606e-01 7.191867e-01 4.232264e-01 1.821264e-01 5.540585e-01 4.226306e-01 
38 533 0 0 0 4.683636e-01 4.765448e-01 6.883841e-01 5.180640e-01 1.164210e-01 6.450640e-01 3.194180e-01 6.210831e-01 1.498002e-01 3.129693e-01 8.411543e-01 2.018359e-01 5.653491e-01 4.604749e-01 3.086573e-01 4.099707e-01 9.029010e-01 1.723475e-01 6.686285e-01 2.646445e-01 7.676377e-01 7.273863e-01 6.714287e-01 5.790015e-01 3.495389e-01 7.113928e-01 8.101765e-01 7.694815e-01 5.297418e-01 7.157773e-01 4.537644e-01 1.949912e-01 5.729582e-01 4.799660e-01 
39 547 0 0 0 4.042774e-01 4.996940e-01 6.681594e-01 4.710847e-01 1.439596e-01 6.107636e-01 3.608887e-01 5.171610e-01 1.049022e-01 3.865512e-01 8.813905e-01 2.484803e-01 5.216502e-01 4.361240e-01 1.418978e-01 3.519606e-01 8.882750e-01 2.024383e-01 6.562411e-01 1.574467e-01 8.100324e-01 7.703108e-01 6.924934e-01 5.743336e-01 4.670998e-01 6.821252e-01 7.831868e-01 9.095139e-01 4.488972e-01 6.758335e-01 4.777660e-01 2.773628e-01 5.601793e-01 4.618920e-01 
40 561 0 0 0 3.499060e-01 5.272197e-01 5.565537e-01 5.325507e-01 2.675571e-01 7.131354e-01 3.798854e-01 4.008833e-01 9.853217e-02 2.617982e-01 8.559267e-01 2.231508e-01 5.208727e-01 4.366105e-01 1.351316e-01 4.659619e-01 8.139820e-01 2.419594e-01 6.728062e-01 1.609769e-01 6.844796e-01 7.350522e-01 5.878207e-01 6.622139e-01 4.460467e-01 5.309241e-01 7.437744e-01 8.662994e-01 4.610108e-01 5.970351e-01 5.536079e-01 1.839909e-01 5.485424e-01 3.218030e-01 
41 575 0 0 0 2.877031e-01 6.654853e-01 5.776298e-01 6.413594e-01 3.621809e-01 7.563867e-01 4.491865e-01 4.450257e-01 2.986901e-01 2.697225e-01 8.235816e-01 1.552504e-01 5.320009e-01 4.196269e-01 1.905081e-01 4.875618e-01 8.487137e-01 2.413841e-01 7.050989e-01 1.989873e-01 6.566027e-01 8.467648e-01 7.636310e-01 7.589385e-01 4.295044e-01 4.597209e-01 7.763031e-01 8.073932e-01 4.557241e-01 7.296275e-01 4.766472e-01 2.571589e-01 6.040959e-01 3.692889e-01 
42 589 0 0 0 2.388156e-01 7.986632e-01 5.914511e-01 7.858066e-01 3.578157e-01 7.906894e-01 4.793950e-01 2.578709e-01 3.662478e-01 3.100463e-01 8.375125e-01 1.394554e-01 4.355199e-01 3.112853e-01 2.555731e-01 7.088623e-01 6.841258e-01 2.467100e-01 7.311016e-01 2.342212e-01 7.114704e-01 9.037828e-01 8.007938e-01 7.244139e-01 4.349711e-01 4.420457e-01 8.672953e-01 8.077173e-01 6.306500e-01 6.347769e-01 6.140063e-01 2.637213e-01 6.813677e-01 2.514801e-01 
43 603 0 0 0 2.376715e-01 7.567305e-01 4.679170e-01 7.495564e-01 4.276091e-01 8.424547e-01 6.425311e-01 1.802050e-01 2.807258e-01 4.045160e-01 9.326476e-01 1.090544e-01 4.907660e-01 2.969938e-01 2.529534e-01 6.739045e-01 7.133210e-01 1.948870e-01 7.127114e-01 2.470461e-01 6.555159e-01 8.723210e-01 8.048498e-01 8.220862e-01 4.336582e-01 4.024267e-01 8.246907e-01 7.607027e-01 6.372004e-01 5.841709e-01 7.725169e-01 2.409021e-01 6.817983e-01 2.720281e-01 
44 617 0 0 0 1.605818e-01 8.215678e-01 4.361913e-01 7.668186e-01 4.983729e-01 9.053861e-01 6.699651e-01 1.885265e-01 3.780131e-01 4.797131e-01 8.859495e-01 2.614560e-01 5.916200e-01 3.045805e-01 1.950784e-01 6.360593e-01 7.289147e-01 3.260466e-01 7.782164e-01 2.402102e-01 7.449848e-01 8.542718e-01 7.757897e-01 7.875158e-01 4.158240e-01 4.413500e-01 8.031878e-01 8.119987e-01 5.470936e-01 5.877485e-01 8.168203e-01 2.381592e-01 7.660330e-01 1.738641e-01 
45 631 0 0 0 2.952014e-01 8.209993e-01 4.008087e-01 7.994101e-01 4.631480e-01 8.473902e-01 7.176358e-01 3.162489e-01 3.044094e-01 4.019357e-01 8.645694e-01 3.038077e-01 5.716983e-01 2.330019e-01 2.621915e-01 6.624249e-01 6.701678e-01 3.356252e-01 6.955773e-01 1.997136e-01 7.870729e-01 8.696612e-01 7.074190e-01 8.087488e-01 3.601765e-01 5.623726e-01 8.305893e-01 8.297729e-01 6.377122e-01 7.287032e-01 7.682886e-01 1.502924e-01 9.193665e-01 2.713209e-01 
46 645 0 0 0 2.893514e-01 8.314957e-01 4.678834e-01 7.527721e-01 5.329427e-01 8.070598e-01 6.872704e-01 3.494824e-01 2.618311e-01 5.339660e-01 8.505451e-01 2.831801e-01 5.340851e-01 1.437232e-01 2.051306e-01 5.363622e-01 6.347798e-01 3.872969e-01 8.352444e-01 2.347358e-01 7.288160e-01 7.777471e-01 6.046838e-01 8.615461e-01 3.413596e-01 5.844736e-01 6.557929e-01 7.974307e-01 6.538699e-01 6.710760e-01 7.710570e-01 1.159202e-01 8.367132e-01 3.279897e-01 
47 659 0 0 0 3.286381e-01 6.978041e-01 3.892022e-01 7.779235e-01 4.925047e-01 7.554266e-01 8.236191e-01 2.138317e-01 2.999609e-01 6.620357e-01 7.252311e-01 2.972706e-01 5.589511e-01 1.122317e-01 1.977656e-01 6.621347e-01 5.695550e-01 4.116717e-01 8.093020e-01 2.749983e-01 7.135553e-01 7.637988e-01 5.851760e-01 8.310373e-01 3.283657e-01 5.293046e-01 5.463038e-01 7.312970e-01 5.914174e-01 6.569008e-01 7.902012e-01 1.151941e-01 8.080585e-01 2.044538e-01 
48 673 0 0 0 2.349938e-01 6.547709e-01 4.206115e-01 8.007851e-01 4.451708e-01 7.059853e-01 7.426623e-01 2.618640e-01 4.031479e-01 7.803745e-01 7.903755e-01 3.927596e-01 5.842113e-01 2.074456e-01 2.309919e-01 6.698457e-01 5.276810e-01 4.789408e-01 8.270537e-01 2.612047e-01 6.563357e-01 7.131793e-01 5.948137e-01 9.405623e-01 2.942991e-01 5.747134e-01 4.554964e-01 7.427557e-01 5.943644e-01 7.317686e-01 7.995606e-01 5.244866e-02 9.162628e-01 1.947210e-01 
49 687 0 0 0 2.501182e-01 5.094286e-01 3.936754e-01 5.853503e-01 5.439586e-01 7.036228e-01 6.464741e-01 3.995726e-01 3.140425e-01 8.174706e-01 6.821956e-01 3.901088e-01 5.203334e-01 3.431553e-01 1.370291e-01 6.145094e-01 6.090971e-01 5.342160e-01 7.647182e-01 2.300968e-01 6.682202e-01 7.679088e-01 5.997736e-01 8.427818e-01 1.681615e-01 5.959876e-01 4.936196e-01 5.417503e-01 5.256336e-01 7.083011e-01 7.914175e-01 1.248024e-01 8.970589e-01 1.820281e-01 
50 701 0 0 0 4.307682e-01 6.287210e-01 4.871717e-01 6.304293e-01 5.648026e-01 6.686507e-01 7.083957e-01 2.525002e-01 3.019342e-01 8.036580e-01 7.562165e-01 4.070971e-01 5.697330e-01 3.067073e-01 2.304029e-01 6.548311e-01 6.180849e-01 4.793548e-01 7.008250e-01 2.468655e-01 6.822702e-01 8.458863e-01 6.531036e-01 8.548507e-01 1.812001e-01 7.313264e-01 6.023661e-01 4.489648e-01 5.197967e-01 6.345997e-01 7.392800e-01 1.848379e-01 8.911753e-01 2.938720e-01 
51 715 0 0 0 4.072454e-01 5.990871e-01 5.344864e-01 6.111304e-01 6.297929e-01 5.917365e-01 8.851764e-01 2.945262e-01 3.151021e-01 7.506749e-01 7.125026e-01 2.978746e-01 6.054213e-01 3.644073e-01 2.970366e-01 6.540074e-01 5.311549e-01 4.484571e-01 7.565443e-01 3.088627e-01 6.581828e-01 8.376908e-01 5.717762e-01 8.801581e-01 1.529076e-01 7.810676e-01 5.292571e-01 3.822893e-01 4.819787e-01 6.158804e-01 8.141305e-01 2.641799e-01 8.099540e-01 2.321323e-01 
52 729 0 0 0 3.249681e-01 6.179190e-01 5.250361e-01 6.050293e-01 5.777689e-01 6.978746e-01 8.209783e-01 2.154591e-01 3.670164e-01 6.020230e-01 7.462079e-01 3.133672e-01 6.381630e-01 3.753485e-01 2.164163e-01 6.055394e-01 4.994435e-01 4.963922e-01 7.122517e-01 3.296343e-01 5.317568e-01 9.015039e-01 6.351793e-01 8.394406e-01 2.078561e-01 6.537266e-01 4.878194e-01 2.764255e-01 4.211898e-01 7.019513e-01 8.274602e-01 2.406333e-01 7.597527e-01 2.882789e-01 
53 743 0 0 0 2.622054e-01 5.454091e-01 6.218678e-01 5.862520e-01 5.383688e-01 6.038249e-01 8.376571e-01 3.165109e-01 3.205956e-01 5.210221e-01 8.277291e-01 2.194408e-01 6.592081e-01 3.472165e-01 2.505928e-01 5.327860e-01 3.980897e-01 3.890538e-01 6.998917e-01 1.809276e-01 4.346058e-01 8.937073e-01 6.429536e-01 7.701326e-01 1.831283e-01 6.077169e-01 4.503273e-01 2.287450e-01 3.209340e-01 7.476321e-01 6.560711e-01 3.138293e-01 7.263600e-01 3.706883e-01 
54 757 0 0 0 1.523437e-01 6.069350e-01 5.864528e-01 6.685992e-01 5.352345e-01 6.389359e-01 8.817078e-01 2.402555e-01 3.738929e-01 5.316098e-01 7.566050e-01 2.141479e-01 6.417891e-01 2.715432e-01 2.651081e-01 5.611915e-01 4.111022e-01 2.896707e-01 7.709587e-01 2.969764e-01 4.656573e-01 8.640609e-01 6.468687e-01 7.448750e-01 2.445479e-01 6.174562e-01 3.738890e-01 2.055922e-01 2.637045e-01 6.154530e-01 6.461505e-01 3.937558e-01 6.661254e-01 3.892370e-01 
55 771 0 0 0 2.469773e-01 5.278424e-01 5.609263e-01 6.788043e-01 5.231307e-01 6.774613e-01 8.433277e-01 3.347585e-01 3.170832e-01 6.070149e-01 8.502049e-01 1.329950e-01 7.523972e-01 1.930557e-01 4.061691e-01 6.452579e-01 3.897656e-01 3.045992e-01 7.369021e-01 2.317968e-01 5.655147e-01 8.519829e-01 6.926562e-01 7.229520e-01 4.402203e-01 5.891548e-01 4.351133e-01 2.358778e-01 4.552198e-01 6.945178e-01 5.987176e-01 5.437704e-01 7.603257e-01 4.838626e-01 
56 785 0 0 0 3.694000e-01 6.369247e-01 4.019222e-01 6.590129e-01 4.954819e-01 8.220653e-01 7.985578e-01 2.925366e-01 5.412316e-01 6.687648e-01 8.239995e-01 1.562216e-01 8.578985e-01 2.643889e-01 3.844532e-01 6.561854e-01 4.981213e-01 2.676548e-01 6.592452e-01 9.882233e-02 6.470093e-01 8.437392e-01 7.324722e-01 6.175535e-01 4.220353e-01 5.736625e-01 4.269171e-01 3.040350e-01 5.010872e-01 6.888370e-01 5.633517e-01 4.357784e-01 6.683340e-01 4.392261e-01 
57 799 0 0 0 2.792573e-01 5.033516e-01 2.928680e-01 6.191128e-01 3.998688e-01 8.041073e-01 8.390610e-01 3.875090e-01 5.553442e-01 5.826696e-01 8.505101e-01 3.294812e-01 6.910060e-01 3.899139e-01 4.852426e-01 5.953704e-01 7.051393e-01 3.509147e-01 5.594922e-01 1.670721e-01 6.976750e-01 7.577995e-01 6.532887e-01 6.810322e-01 4.028474e-01 6.770756e-01 4.956735e-01 2.171390e-01 4.441218e-01 8.371863e-01 4.808370e-01 4.941647e-01 4.820785e-01 4.943486e-01 
58 813 0 0 0 2.007195e-01 6.032505e-01 3.084472e-01 5.288480e-01 5.003091e-01 8.544590e-01 7.390990e-01 3.924518e-01 6.727629e-01 7.034775e-01 8.608913e-01 2.985125e-01 5.904142e-01 3.955235e-01 4.065788e-01 7.452247e-01 7.108273e-01 2.802859e-01 5.592418e-01 1.409234e-01 7.839225e-01 7.379028e-01 6.218995e-01 7.497779e-01 3.778006e-01 6.272221e-01 4.857846e-01 1.962634e-01 5.015746e-01 8.404954e-01 4.364457e-01 4.001436e-01 5.487793e-01 4.701723e-01 
59 827 0 0 0 1.405582e-01 5.589706e-01 4.392020e-01 5.307891e-01 4.825596e-01 8.252204e-01 7.274114e-01 4.278973e-01 6.626423e-01 6.312018e-01 7.948098e-01 1.767024e-01 5.929230e-01 3.016053e-01 5.164445e-01 6.647063e-01 7.147063e-01 3.614017e-01 4.796525e-01 1.496874e-01 6.195605e-01 6.734281e-01 6.959129e-01 8.571338e-01 3.803075e-01 6.666720e-01 4.881293e-01 3.145202e-01 3.567606e-01 8.446310e-01 4.109991e-01 3.589117e-01 4.306927e-01 3.722589e-01 
60 841 0 0 0 2.178705e-01 3.634334e-01 3.937457e-01 6.554594e-01 5.002824e-01 8.435929e-01 8.380425e-01 3.110536e-01 6.316597e-01 7.044388e-01 7.097360e-01 1.701323e-01 4.501464e-01 3.165965e-01 4.260055e-01 6.184205e-01 7.880860e-01 4.520663e-01 6.253507e-01 2.067025e-01 7.182023e-01 6.566801e-01 7.066465e-01 8.087904e-01 3.950265e-01 7.472380e-01 4.635179e-01 2.480165e-01 3.881734e-01 7.475548e-01 3.645364e-01 3.193665e-01 3.896050e-01 2.988693e-01 
61 855 0 0 0 1.312496e-01 4.857475e-01 4.353225e-01 6.214880e-01 4.151144e-01 7.644059e-01 8.101234e-01 3.484942e-01 6.081772e-01 7.417916e-01 7.104421e-01 2.494583e-01 5.532579e-01 2.816382e-01 4.465726e-01 7.591563e-01 7.756855e-01 3.900956e-01 6.401736e-01 1.601055e-01 6.910524e-01 6.703717e-01 5.996701e-01 6.912756e-01 4.073210e-01 7.365387e-01 3.809068e-01 1.847120e-01 5.642754e-01 6.479929e-01 4.450862e-01 3.403119e-01 4.852079e-01 3.343593e-01 
62 869 0 0 0 1.226301e-01 4.715169e-01 4.315226e-01 6.388154e-01 5.422506e-01 7.491766e-01 8.369103e-01 2.985832e-01 7.013583e-01 6.861451e-01 6.561208e-01 2.337674e-01 5.046534e-01 2.077598e-01 3.697790e-01 7.745070e-01 6.838331e-01 4.112240e-01 6.416029e-01 1.340459e-01 6.934000e-01 7.250667e-01 6.164222e-01 7.225914e-01 3.253628e-01 7.482472e-01 4.609598e-01 1.900097e-01 5.219195e-01 5.893657e-01 4.902192e-01 3.223086e-01 5.115694e-01 3.730863e-01 
63 883 0 0 0 1.518897e-01 4.308578e-01 3.195337e-01 6.182249e-01 4.064317e-01 8.468011e-01 7.742044e-01 2.958549e-01 6.366639e-01 7.394694e-01 4.801689e-01 3.058175e-01 4.663835e-01 2.684139e-01 3.788572e-01 6.323582e-01 6.816375e-01 3.513745e-01 6.242838e-01 5.200139e-02 7.945663e-01 6.237402e-01 5.565667e-01 7.573633e-01 3.974683e-01 7.173396e-01 4.951248e-01 1.015160e-01 5.388207e-01 4.843901e-01 4.957890e-01 4.004640e-01 4.702926e-01 4.244863e-01 
64 897 0 0 0 1.290894e-01 4.366216e-01 2.775962e-01 6.319521e-01 4.806169e-01 8.213233e-01 7.318791e-01 2.756098e-01 7.306982e-01 7.731550e-01 4.991036e-01 3.845042e-01 5.119046e-01 2.381123e-01 4.155746e-01 5.895507e-01 6.018869e-01 4.516104e-01 6.647357e-01 1.316374e-01 7.242918e-01 6.218473e-01 6.109114e-01 7.985135e-01 3.684950e-01 7.011806e-01 5.050911e-01 1.037633e-01 4.709243e-01 4.772793e-01 5.100626e-01 5.091300e-01 3.623336e-01 3.383812e-01 
65 911 0 0 0 1.470650e-01 5.246933e-01 3.544675e-01 7.217711e-01 5.067980e-01 9.189606e-01 6.734385e-01 2.776247e-01 6.629407e-01 7.219124e-01 4.283477e-01 3.571530e-01 4.897877e-01 2.722400e-01 4.610265e-01 6.341782e-01 4.859299e-01 4.685716e-01 7.161451e-01 2.037430e-01 6.909315e-01 6.368372e-01 6.735791e-01 7.541632e-01 4.853352e-01 7.075062e-01 6.491988e-01 1.786833e-01 4.292626e-01 4.479240e-01 5.559893e-01 5.269403e-01 3.900316e-01 3.053783e-01 
66 925 0 0 0 2.289786e-01 5.136927e-01 4.168790e-01 6.916222e-01 5.537785e-01 9.426404e-01 6.858825e-01 2.753915e-01 6.804324e-01 7.191294e-01 3.876018e-01 3.186215e-01 4.226143e-01 2.842811e-01 4.675651e-01 6.554717e-01 5.534310e-01 4.559751e-01 6.824214e-01 1.849126e-01 6.529955e-01 5.942105e-01 6.708432e-01 7.392369e-01 4.455032e-01 5.942256e-01 6.522140e-01 1.939774e-01 3.414434e-01 4.458246e-01 6.145845e-01 4.790560e-01 2.935380e-01 3.043376e-01 
67 939 0 0 0 3.507290e-01 5.170724e-01 3.564959e-01 7.240690e-01 4.850950e-01 8.726859e-01 8.152003e-01 2.690011e-01 6.575476e-01 7.127860e-01 4.495618e-01 4.369180e-01 5.102267e-01 1.760152e-01 3.116629e-01 6.300841e-01 4.988055e-01 4.652647e-01 7.848405e-01 7.203745e-02 6.232008e-01 6.242659e-01 6.781727e-01 7.092678e-01 2.833200e-01 5.188076e-01 6.178505e-01 2.618996e-01 5.025013e-01 4.154783e-01 6.239409e-01 5.383387e-01 3.289965e-01 4.129198e-01 
68 953 0 0 0 3.478001e-01 5.560974e-01 2.989510e-01 6.544086e-01 4.621444e-01 7.477146e-01 7.592838e-01 3.060203e-01 5.468400e-01 6.110185e-01 4.292332e-01 6.111157e-01 4.843916e-01 1.961321e-01 2.989559e-01 6.028550e-01 5.746921e-01 3.845209e-01 7.629890e-01 7.332576e-02 6.451973e-01 6.242833e-01 7.523073e-01 5.175841e-01 1.751070e-01 4.032382e-01 6.278510e-01 2.108806e-01 4.192046e-01 5.087811e-01 6.018333e-01 4.638733e-01 4.007629e-01 4.050093e-01 
69 967 0 0 0 2.637438e-01 7.380922e-01 3.177059e-01 7.809633e-01 3.638365e-01 7.340821e-01 8.474681e-01 3.032419e-01 4.738023e-01 5.411840e-01 4.300082e-01 5.731123e-01 5.999293e-01 1.950091e-01 3.133364e-01 6.435617e-01 6.591212e-01 4.133567e-01 8.598214e-01 1.103131e-01 6.045418e-01 6.479769e-01 7.576006e-01 4.422594e-01 1.161500e-01 5.346155e-01 6.290164e-01 2.056851e-01 5.260212e-01 4.701705e-01 5.664542e-01 5.367046e-01 4.488987e-01 3.723091e-01 
70 981 0 0 0 2.067677e-01 7.380167e-01 4.617828e-01 8.571742e-01 3.113424e-01 6.548917e-01 7.036483e-01 2.860264e-01 4.689809e-01 5.168717e-01 4.790369e-01 5.933078e-01 6.094773e-01 1.091992e-01 2.820022e-01 6.651896e-01 7.092056e-01 3.432767e-01 7.896517e-01 6.947664e-02 5.216703e-01 5.382581e-01 7.565777e-01 3.275649e-01 1.136732e-01 6.579498e-01 5.662764e-01 2.645889e-01 5.554613e-01 4.958677e-01 5.790855e-01 5.305978e-01 4.214686e-01 3.325610e-01 
71 995 0 0 0 2.364326e-01 6.889910e-01 4.378413e-01 7.648106e-01 3.534149e-01 7.427838e-01 6.911991e-01 1.979068e-01 4.205477e-01 4.676065e-01 5.926708e-01 6.647430e-01 6.276329e-01 1.289296e-01 2.150928e-01 6.381178e-01 7.498482e-01 2.988822e-01 8.977049e-01 2.335258e-01 5.517196e-01 4.031362e-01 6.811294e-01 3.882835e-01 1.764761e-01 6.809392e-01 5.714171e-01 2.673962e-01 5.438008e-01 6.329110e-01 5.455336e-01 5.542270e-01 4.124992e-01 3.023569e-01 
72 1009 0 0 0 1.402133e-01 5.156151e-01 4.839100e-01 8.080937e-01 3.919700e-01 8.134875e-01 7.803662e-01 2.046967e-01 3.604879e-01 4.827962e-01 5.168736e-01 6.950651e-01 7.357288e-01 1.153651e-01 3.317425e-01 6.403006e-01 7.055933e-01 2.935247e-01 7.857658e-01 2.068951e-01 4.972285e-01 3.025573e-01 7.830220e-01 3.637184e-01 2.749396e-01 7.880081e-01 5.963027e-01 2.320891e-01 5.335021e-01 5.838192e-01 6.052374e-01 4.571636e-01 4.492808e-01 2.763461e-01 
73 1023 0 0 0 2.506541e-01 5.599070e-01 4.894959e-01 8.684850e-01 4.379767e-01 7.459610e-01 7.055332e-01 2.064003e-01 4.156040e-01 4.412638e-01 5.220350e-01 7.035398e-01 7.571179e-01 1.386035e-01 3.190052e-01 6.776282e-01 7.613326e-01 2.593721e-01 8.249359e-01 2.512611e-01 4.985306e-01 3.827417e-01 7.498007e-01 3.404400e-01 1.753231e-01 6.753553e-01 5.750314e-01 2.016673e-01 5.075049e-01 6.281404e-01 5.845589e-01 3.633364e-01 4.128105e-01 1.955670e-01 
74 1037 0 0 0 2.232611e-01 5.460067e-01 3.610129e-01 5.679316e-01 2.936854e-01 6.330854e-01 8.534335e-01 3.299298e-01 4.273233e-01 4.618743e-01 4.196747e-01 7.062134e-01 6.625846e-01 1.116951e-01 4.651869e-01 7.960674e-01 8.549321e-01 3.498848e-01 8.559409e-01 1.636724e-01 6.237009e-01 3.639160e-01 7.611156e-01 3.460483e-01 9.703252e-02 8.250954e-01 6.385208e-01 3.595970e-01 5.610655e-01 7.979268e-01 4.729781e-01 3.236733e-01 5.474465e-01 1.480677e-01 
75 1051 0 0 0 3.301908e-01 6.654724e-01 3.471719e-01 5.858278e-01 3.301062e-01 6.111435e-01 6.948840e-01 3.398733e-01 3.671837e-01 4.954440e-01 3.709852e-01 7.432679e-01 7.341762e-01 2.592498e-01 5.358117e-01 6.306073e-01 7.361759e-01 4.035361e-01 8.979638e-01 2.053482e-01 7.821162e-01 3.130676e-01 9.332297e-01 2.951674e-01 1.288922e-01 7.995919e-01 6.369399e-01 2.236007e-01 5.711490e-01 8.876844e-01 5.246721e-01 5.428968e-01 6.495076e-01 1.995197e-01 
76 1065 0 0 0 3.198201e-01 6.736494e-01 4.004303e-01 6.322900e-01 3.005851e-01 6.508101e-01 7.794802e-01 4.117956e-01 2.895117e-01 4.239193e-01 4.160175e-01 7.632675e-01 6.577848e-01 1.479959e-01 5.978291e-01 7.021530e-01 8.031618e-01 4.338065e-01 7.502686e-01 2.797447e-01 7.783369e-01 3.463925e-01 8.676101e-01 2.399733e-01 1.995943e-01 8.020277e-01 7.556382e-01 4.482811e-01 5.805844e-01 8.898231e-01 5.598507e-01 5.181184e-01 7.760347e-01 1.672203e-01 
77 1079 0 0 0 4.224912e-01 5.735794e-01 2.784001e-01 6.129197e-01 4.117761e-01 5.937346e-01 5.688922e-01 3.763405e-01 3.209553e-01 4.226545e-01 4.067624e-01 7.723956e-01 7.035638e-01 2.985692e-01 5.890085e-01 7.675998e-01 8.010809e-01 4.200802e-01 6.794248e-01 3.316608e-01 7.859192e-01 4.769340e-01 8.239864e-01 2.747534e-01 3.000686e-01 7.993067e-01 7.124142e-01 5.753601e-01 5.000071e-01 9.187441e-01 5.442360e-01 5.408824e-01 8.080369e-01 1.238766e-01 
78 1093 0 0 0 4.554765e-01 6.423181e-01 3.040334e-01 6.018449e-01 3.940093e-01 6.468643e-01 5.966505e-01 3.656452e-01 1.915652e-01 3.587753e-01 3.861678e-01 7.259952e-01 5.696027e-01 2.851761e-01 5.793470e-01 7.782925e-01 8.487896e-01 4.071468e-01 6.892108e-01 3.784065e-01 7.523717e-01 5.245663e-01 8.267184e-01 2.516406e-01 3.040676e-01 7.780776e-01 7.622787e-01 5.530205e-01 4.134684e-01 8.327461e-01 4.931171e-01 5.280545e-01 7.420195e-01 1.530483e-01 
79 1107 0 0 0 5.065863e-01 6.975402e-01 2.817548e-01 7.405874e-01 2.895232e-01 6.396373e-01 6.622540e-01 4.290954e-01 1.694343e-01 4.708549e-01 4.132812e-01 6.350535e-01 5.745335e-01 3.340727e-01 4.904677e-01 7.611627e-01 8.718484e-01 4.022360e-01 5.861761e-01 3.913373e-01 5.430093e-01 6.629659e-01 8.626888e-01 2.306615e-01 2.623104e-01 7.270080e-01 7.638261e-01 5.093692e-01 4.851978e-01 8.162055e-01 5.320333e-01 5.746098e-01 8.077882e-01 1.809160e-01 
80 1121 0 0 0 6.426919e-01 7.121872e-01 2.804816e-01 7.739029e-01 2.163811e-01 5.779492e-01 7.340950e-01 2.296525e-01 2.265023e-01 5.315916e-01 3.359988e-01 5.306166e-01 5.253275e-01 3.264010e-01 4.463689e-01 6.843449e-01 8.108034e-01 4.484702e-01 5.442868e-01 4.148329e-01 6.096547e-01 6.732642e-01 8.794744e-01 2.984716e-01 2.020145e-01 6.974401e-01 8.369346e-01 4.685356e-01 5.381046e-01 7.675577e-01 4.346629e-01 5.987880e-01 7.002788e-01 2.061114e-01 
81 1135 0 0 0 6.002939e-01 7.670705e-01 3.039328e-01 7.682609e-01 2.923552e-01 4.245015e-01 6.794134e-01 8.369251e-02 1.814968e-01 6.432098e-01 3.142280e-01 4.980638e-01 4.827587e-01 1.829438e-01 6.031855e-01 7.919155e-01 7.268352e-01 3.658225e-01 5.028310e-01 3.919118e-01 4.825398e-01 7.874560e-01 8.846091e-01 3.846646e-01 1.592154e-01 7.004414e-01 5.636016e-01 3.692901e-01 5.240480e-01 6.615020e-01 4.944028e-01 7.038423e-01 7.044922e-01 1.312834e-01 
82 1149 0 0 0 4.861523e-01 7.799551e-01 4.104486e-01 7.822541e-01 2.204039e-01 4.394106e-01 7.117039e-01 2.991909e-02 2.253567e-01 6.191294e-01 1.272830e-01 4.998342e-01 5.333063e-01 1.480334e-01 5.813829e-01 8.470397e-01 6.087914e-01 4.601583e-01 3.660370e-01 3.657812e-01 4.877687e-01 7.114443e-01 9.050006e-01 2.684649e-01 1.614787e-01 6.976294e-01 5.372677e-01 3.255492e-01 6.047063e-01 6.029727e-01 3.152905e-01 6.806320e-01 5.947962e-01 1.877002e-01 
83 1163 0 0 0 3.779721e-01 7.623005e-01 2.161341e-01 6.776158e-01 1.613926e-01 4.811065e-01 6.067547e-01 1.909370e-01 3.132796e-01 5.902999e-01 2.624024e-01 6.518093e-01 5.837586e-01 1.271558e-01 7.259180e-01 9.275625e-01 6.647328e-01 5.319445e-01 3.202745e-01 3.694603e-01 4.003364e-01 8.014660e-01 8.605495e-01 2.451983e-01 1.387708e-01 5.418642e-01 5.228693e-01 4.254708e-01 4.233327e-01 6.154240e-01 2.754449e-01 7.929300e-01 6.712723e-01 2.293422e-01 
84 1177 0 0 0 3.991222e-01 5.964743e-01 4.202198e-01 5.763243e-01 2.156967e-01 4.522490e-01 7.703853e-01 2.281762e-01 4.167048e-01 7.101741e-01 2.814770e-01 5.875681e-01 5.739577e-01 1.209259e-01 6.124197e-01 7.672627e-01 4.858327e-01 4.826080e-01 3.023112e-01 3.522917e-01 2.989065e-01 7.230920e-01 7.392736e-01 2.504951e-01 1.786773e-01 4.999846e-01 5.403700e-01 4.919527e-01 5.768601e-01 4.575042e-01 4.128855e-01 7.666331e-01 6.342474e-01 1.654707e-01 
85 1191 0 0 0 2.543679e-01 5.999953e-01 5.338503e-01 5.151321e-01 1.127660e-01 4.029086e-01 7.515645e-01 2.586719e-01 5.157444e-01 7.071188e-01 3.282813e-01 6.137431e-01 7.783851e-01 1.816432e-01 5.772826e-01 8.562258e-01 4.609497e-01 7.191015e-01 2.907976e-01 3.471757e-01 2.892369e-01 6.545911e-01 8.461927e-01 3.021917e-01 1.066594e-01 4.408271e-01 3.341581e-01 4.713526e-01 5.190139e-01 4.544070e-01 4.487001e-01 6.668440e-01 5.995121e-01 2.062378e-01 
86 1205 0 0 0 3.021048e-01 6.335852e-01 5.243839e-01 5.790342e-01 1.284740e-01 3.168970e-01 7.231634e-01 3.367433e-01 5.032021e-01 7.499444e-01 3.401182e-01 5.372417e-01 8.103173e-01 2.406746e-01 5.623653e-01 8.634938e-01 5.428602e-01 6.309586e-01 2.021411e-01 3.922143e-01 3.577596e-01 6.256972e-01 7.251923e-01 4.476576e-01 9.545016e-02 3.607834e-01 2.038532e-01 4.311275e-01 5.294759e-01 5.918700e-01 4.017338e-01 6.015874e-01 4.886730e-01 2.160765e-01 
87 1219 0 0 0 3.278113e-01 6.055253e-01 4.548131e-01 5.070184e-01 2.553373e-01 2.853893e-01 7.622466e-01 1.989237e-01 5.459039e-01 8.305073e-01 3.710164e-01 4.134998e-01 8.045015e-01 2.771083e-01 4.623602e-01 8.305719e-01 6.112245e-01 7.278070e-01 2.608939e-01 3.058141e-01 3.761695e-01 6.170378e-01 6.603605e-01 4.739248e-01 2.878716e-01 4.874002e-01 3.155607e-01 4.156868e-01 5.290213e-01 5.444619e-01 4.870298e-01 5.525690e-01 3.567441e-01 1.882634e-01 
88 1233 0 0 0 2.162281e-01 6.267695e-01 3.751151e-01 4.717768e-01 1.934932e-01 3.267623e-01 7.349081e-01 2.864580e-01 5.217236e-01 7.736704e-01 4.009737e-01 3.370814e-01 6.341567e-01 2.323143e-01 5.122546e-01 5.587478e-01 6.592004e-01 6.416387e-01 2.581853e-01 2.263178e-01 3.995818e-01 6.361306e-01 5.791281e-01 4.318387e-01 3.101254e-01 5.311776e-01 2.726067e-01 3.267485e-01 4.931929e-01 5.375890e-01 4.429925e-01 6.767680e-01 3.375817e-01 1.810250e-01 
89 1247 0 0 0 2.352932e-01 7.313700e-01 4.483106e-01 4.506729e-01 1.710299e-01 2.910984e-01 7.746370e-01 3.509183e-01 4.963418e-01 8.200575e-01 5.471053e-01 3.633092e-01 7.901578e-01 1.882493e-01 6.171555e-01 5.567608e-01 6.723276e-01 4.232947e-01 2.005271e-01 3.087384e-01 3.643240e-01 5.714943e-01 5.782520e-01 2.304532e-01 3.147511e-01 6.401909e-01 2.039187e-01 4.318559e-01 3.965537e-01 4.924144e-01 4.792303e-01 6.571339e-01 3.499404e-01 2.060174e-01 
90 1261 0 0 0 3.814059e-01 6.136760e-01 4.695998e-01 4.961657e-01 1.559960e-01 3.741814e-01 7.025210e-01 4.348542e-01 3.765972e-01 7.351705e-01 4.371980e-01 4.735632e-01 8.394046e-01 2.098200e-01 7.346759e-01 5.291351e-01 5.818278e-01 2.917964e-01 2.801687e-01 3.409437e-01 4.164040e-01 6.237566e-01 5.588518e-01 3.284991e-01 3.705140e-01 5.390033e-01 2.421629e-01 5.481976e-01 3.615263e-01 5.717116e-01 4.672731e-01 5.075062e-01 4.116537e-01 2.722774e-01 
91 1275 0 0 0 3.784095e-01 5.241635e-01 5.289178e-01 5.347392e-01 1.612702e-01 3.791723e-01 7.548323e-01 3.449823e-01 4.616821e-01 7.471876e-01 4.427922e-01 5.389625e-01 8.265422e-01 1.720566e-01 7.697578e-01 5.084738e-01 6.101294e-01 3.095266e-01 3.585369e-01 3.593840e-01 4.221978e-01 6.252640e-01 3.960658e-01 3.547395e-01 3.577005e-01 4.170893e-01 1.991721e-01 6.011518e-01 2.885221e-01 5.148206e-01 4.947279e-01 4.834686e-01 4.659086e-01 3.867638e-01 
92 1289 0 0 0 3.658874e-01 5.029035e-01 5.985056e-01 5.774075e-01 2.501391e-01 4.711492e-01 7.127101e-01 3.456331e-01 4.162498e-01 7.443644e-01 3.439124e-01 5.497184e-01 7.773502e-01 1.554822e-01 8.794465e-01 4.681824e-01 7.569309e-01 2.335062e-01 3.881187e-01 5.189429e-01 3.156279e-01 5.905313e-01 4.403168e-01 3.862863e-01 3.109696e-01 5.735242e-01 2.763825e-01 7.008659e-01 3.711087e-01 5.593700e-01 4.822464e-01 4.034322e-01 3.978608e-01 3.964046e-01 
93 1303 0 0 0 4.976550e-01 5.129188e-01 4.894333e-01 6.835135e-01 2.811327e-01 5.161237e-01 6.137473e-01 3.491576e-01 4.116123e-01 6.708376e-01 3.214460e-01 4.606552e-01 8.410510e-01 2.130378e-01 8.241795e-01 2.930226e-01 7.030867e-01 2.883852e-01 3.747696e-01 4.169880e-01 2.438842e-01 5.977635e-01 6.108021e-01 4.361665e-01 3.424894e-01 6.395974e-01 3.250228e-01 5.268076e-01 4.324446e-01 6.057569e-01 5.075752e-01 4.308675e-01 4.713787e-01 3.731326e-01 
94 1317 0 0 0 5.789225e-01 3.297099e-01 5.266823e-01 6.542396e-01 3.463497e-01 5.671063e-01 6.491341e-01 3.006258e-01 3.586871e-01 6.457576e-01 4.630769e-01 3.749725e-01 7.409409e-01 3.221325e-01 6.452899e-01 4.171785e-01 6.018394e-01 3.420220e-01 2.575585e-01 3.281331e-01 2.658659e-01 6.534307e-01 5.458092e-01 4.444662e-01 3.367341e-01 7.606477e-01 3.842709e-01 3.844902e-01 4.197461e-01 4.838932e-01 5.095263e-01 3.109212e-01 4.748934e-01 2.054419e-01 
95 1331 0 0 0 4.370551e-01 3.842952e-01 4.654778e-01 7.762834e-01 4.195963e-01 6.390499e-01 6.847892e-01 2.675399e-01 4.152411e-01 7.383613e-01 5.473055e-01 2.508775e-01 7.293270e-01 2.610072e-01 4.768726e-01 4.442978e-01 8.149552e-01 3.078404e-01 3.718543e-01 2.904562e-01 2.521085e-01 6.373752e-01 5.438664e-01 5.040135e-01 4.150033e-01 6.994257e-01 4.384511e-01 4.096404e-01 4.770522e-01 4.926244e-01 7.210159e-01 2.774154e-01 4.408642e-01 1.613648e-01 
96 1345 0 0 0 3.689863e-01 4.876270e-01 4.902164e-01 7.843352e-01 3.626457e-01 4.801883e-01 7.348725e-01 2.225839e-01 5.389128e-01 6.178703e-01 4.591748e-01 2.401196e-01 6.379216e-01 2.924164e-01 5.145071e-01 4.948588e-01 6.801668e-01 3.801215e-01 2.965077e-01 3.889271e-01 2.996305e-01 4.939149e-01 6.327322e-01 4.465475e-01 3.809801e-01 6.263560e-01 4.502084e-01 3.181905e-01 5.854934e-01 4.758871e-01 7.074241e-01 1.502345e-01 4.656837e-01 3.582267e-01 
97 1359 0 0 0 2.733415e-01 3.921283e-01 5.406517e-01 6.311618e-01 2.747290e-01 4.331078e-01 7.258899e-01 2.635676e-01 4.678953e-01 5.945608e-01 3.512747e-01 1.904608e-01 6.341063e-01 1.055695e-01 5.778276e-01 5.739452e-01 7.147252e-01 4.648571e-01 2.269633e-01 4.639656e-01 3.428086e-01 4.692368e-01 4.790471e-01 4.700148e-01 3.911848e-01 5.163382e-01 4.983463e-01 3.874532e-01 6.626184e-01 3.911540e-01 8.170396e-01 1.996387e-01 5.517074e-01 3.706033e-01 
98 1373 0 0 0 2.393686e-01 3.566653e-01 4.587510e-01 6.192857e-01 3.630995e-01 5.257220e-01 5.788338e-01 1.609014e-01 5.623635e-01 6.926019e-01 4.443272e-01 1.652468e-01 6.492184e-01 1.519525e-01 4.632938e-01 4.798733e-01 7.295517e-01 4.077982e-01 1.323139e-01 4.900439e-01 1.930453e-01 4.807711e-01 4.450811e-01 4.990965e-01 3.540698e-01 4.349815e-01 4.938010e-01 4.285235e-01 6.646687e-01 3.548692e-01 8.259227e-01 1.747607e-01 5.507523e-01 4.164398e-01 
99 1387 0 0 0 4.020360e-01 2.511816e-01 3.248986e-01 6.179067e-01 2.885479e-01 5.730909e-01 7.344585e-01 2.081862e-01 4.078287e-01 7.284529e-01 5.734634e-01 1.766539e-01 6.306737e-01 1.786891e-01 4.610639e-01 5.294922e-01 7.207279e-01 2.327555e-01 1.251391e-01 4.039235e-01 3.555239e-01 5.813004e-01 4.391061e-01 4.541863e-01 4.889155e-01 6.477442e-01 5.139887e-01 3.515944e-01 6.874046e-01 5.492877e-01 6.786912e-01 2.972230e-01 5.395845e-01 4.966988e-01 
100 1401 0 0 0 2.455712e-01 3.889209e-01 2.753612e-01 6.887540e-01 3.996600e-01 4.629302e-01 7.879334e-01 1.018592e-01 5.543342e-01 5.700136e-01 4.637286e-01 1.504075e-01 7.532932e-01 9.499596e-02 1.888031e-01 3.035734e-01 6.935707e-01 2.715918e-01 4.354463e-02 4.987015e-01 2.949404e-01 6.904733e-01 4.526116e-01 4.416759e-01 5.539979e-01 5.485560e-01 6.054953e-01 2.922137e-01 6.421849e-01 5.583906e-01 7.157682e-01 5.066765e-01 4.189906e-01 5.778340e-01 
101 1415 0 0 0 2.534928e-01 4.139422e-01 1.883793e-01 9.062279e-01 4.445012e-01 4.214982e-01 8.853377e-01 1.491552e-01 4.963233e-01 8.534414e-01 3.578947e-01 3.217590e-01 6.831849e-01 1.630870e-01 2.846008e-01 2.615804e-01 7.487711e-01 3.297652e-01 4.899068e-02 3.944169e-01 3.736340e-01 6.736382e-01 4.459669e-01 6.071086e-01 6.456364e-01 5.549887e-01 6.020080e-01 2.604400e-01 5.670449e-01 4.534001e-01 7.415911e-01 5.992443e-01 4.209267e-01 5.939937e-01 
102 1429 0 0 0 1.608556e-01 4.581675e-01 2.562935e-01 8.094865e-01 4.201973e-01 6.475540e-01 7.352455e-01 1.184880e-01 4.642839e-01 8.635299e-01 3.294282e-01 2.734202e-01 8.953519e-01 1.925381e-01 3.579177e-01 2.608615e-01 8.537772e-01 2.041282e-01 -2.218314e-02 3.781623e-01 3.872629e-01 4.908986e-01 4.090916e-01 6.195677e-01 7.148031e-01 7.567691e-01 6.209720e-01 2.252944e-01 5.428454e-01 5.327478e-01 7.373538e-01 3.326609e-01 3.737212e-01 5.147382e-01 
103 1443 0 0 0 1.217733e-01 5.719795e-01 3.167019e-01 9.157935e-01 4.740647e-01 6.655246e-01 6.991291e-01 1.042350e-01 4.991689e-01 8.744118e-01 3.044590e-01 3.006158e-01 7.470774e-01 2.491803e-01 3.433920e-01 3.653413e-01 8.636310e-01 1.909308e-01 1.754292e-01 3.727897e-01 5.699515e-01 3.483752e-01 4.534941e-01 5.608552e-01 7.806970e-01 7.589712e-01 5.734748e-01 3.685412e-01 7.044981e-01 3.568800e-01 6.781233e-01 4.248821e-01 3.895546e-01 4.703706e-01 
104 1457 0 0 0 1.073037e-01 6.558395e-01 3.805797e-01 8.213247e-01 4.385065e-01 7.189964e-01 7.149189e-01 1.634321e-01 5.292846e-01 7.382348e-01 3.966658e-01 2.801220e-01 8.694913e-01 3.209473e-01 3.162595e-01 5.583425e-01 8.035274e-01 2.161581e-01 1.839226e-01 3.004250e-01 6.576565e-01 5.110126e-01 3.567636e-01 5.495225e-01 6.475579e-01 7.227252e-01 6.421706e-01 3.770693e-01 7.840211e-01 3.681036e-01 7.002705e-01 3.759643e-01 5.222139e-01 3.580032e-01 
105 1471 0 0 0 2.548941e-01 6.085513e-01 3.585559e-01 7.306491e-01 5.710536e-01 8.839550e-01 7.467115e-01 1.458892e-01 6.895282e-01 7.591531e-01 4.752845e-01 4.216171e-01 8.968163e-01 3.250598e-01 4.019101e-01 7.415236e-01 7.768446e-01 2.393093e-01 1.950478e-01 2.905788e-01 7.373030e-01 6.040227e-01 2.286416e-01 5.470698e-01 6.528182e-01 6.640023e-01 5.716744e-01 3.416807e-01 7.615106e-01 4.562633e-01 7.680150e-01 2.486358e-01 4.686840e-01 2.948225e-01 
106 1485 0 0 0 2.550481e-01 5.898618e-01 3.979311e-01 6.926439e-01 6.175186e-01 1.008927e+00 6.028943e-01 1.531809e-01 7.454397e-01 8.111900e-01 4.771346e-01 4.824438e-01 8.592075e-01 4.290105e-01 4.773101e-01 7.079877e-01 7.838958e-01 5.663342e-02 1.536935e-01 2.003018e-01 7.629347e-01 6.517955e-01 3.964404e-01 5.522630e-01 6.004055e-01 6.783215e-01 7.246020e-01 4.041830e-01 7.666137e-01 5.365583e-01 7.499342e-01 2.518279e-01 6.323403e-01 2.830900e-01 
107 1499 0 0 0 3.242743e-01 4.878813e-01 5.534384e-01 7.309596e-01 5.951816e-01 7.565731e-01 5.831279e-01 1.061873e-01 7.506365e-01 7.155409e-01 4.021781e-01 3.300980e-01 7.734203e-01 2.987054e-01 4.985036e-01 7.839678e-01 7.078415e-01 1.093659e-01 1.432931e-01 2.719785e-01 7.311526e-01 6.649963e-01 3.264326e-01 5.817852e-01 6.921775e-01 5.547842e-01 7.419886e-01 2.451333e-01 7.458282e-01 5.462168e-01 6.648176e-01 2.579576e-01 6.057870e-01 3.602674e-01 
108 1513 0 0 0 3.109856e-01 5.506028e-01 5.141889e-01 6.648088e-01 6.491867e-01 7.930006e-01 6.977991e-01 1.648816e-01 7.189419e-01 6.649826e-01 4.707929e-01 4.125690e-01 6.594949e-01 3.002404e-01 4.152933e-01 7.874903e-01 7.526109e-01 1.838783e-01 1.914132e-01 4.525539e-01 7.106989e-01 6.200911e-01 4.221708e-01 6.331045e-01 5.861434e-01 6.317349e-01 6.825025e-01 2.399026e-01 7.338200e-01 4.286592e-01 7.075182e-01 1.467423e-01 5.140591e-01 5.223508e-01 
109 1527 0 0 0 4.829171e-01 6.106022e-01 5.143303e-01 6.709175e-01 5.880039e-01 7.790957e-01 7.195922e-01 1.783733e-01 6.859966e-01 6.823128e-01 6.084990e-01 4.241378e-01 7.003611e-01 3.667018e-01 4.870826e-01 7.517791e-01 7.105266e-01 2.839309e-01 2.017245e-01 2.998776e-01 7.985015e-01 5.951811e-01 4.568894e-01 6.790972e-01 6.151363e-01 6.746799e-01 8.311666e-01 2.716501e-01 5.994866e-01 2.924044e-01 8.020414e-01 1.942624e-01 4.398401e-01 5.744155e-01 
110 1541 0 0 0 5.060210e-01 6.089897e-01 5.690894e-01 7.129544e-01 5.817916e-01 8.659315e-01 6.642795e-01 2.212132e-01 7.466467e-01 6.193325e-01 6.284562e-01 2.843224e-01 7.424120e-01 3.513095e-01 4.130051e-01 8.524173e-01 7.211722e-01 1.683592e-01 2.425389e-01 2.284007e-01 8.813629e-01 6.594284e-01 5.446972e-01 7.226138e-01 6.172721e-01 7.385129e-01 8.280185e-01 2.366331e-01 5.776559e-01 3.164531e-01 7.516400e-01 1.689169e-01 5.500686e-01 5.769417e-01 
111 1555 0 0 0 5.241202e-01 5.262100e-01 6.128688e-01 7.744492e-01 4.663025e-01 7.836985e-01 6.751935e-01 2.304327e-01 5.827651e-01 7.252938e-01 6.164125e-01 2.206523e-01 7.231307e-01 3.568869e-01 4.864849e-01 8.710990e-01 7.540145e-01 1.222848e-01 2.151835e-01 1.681722e-01 9.203111e-01 5.814625e-01 6.361591e-01 7.971863e-01 6.527891e-01 7.098362e-01 8.839906e-01 1.979964e-01 6.945847e-01 2.688578e-01 7.003104e-01 2.664482e-01 4.888518e-01 5.568423e-01 
112 1569 0 0 0 4.713358e-01 5.276293e-01 5.920034e-01 6.831664e-01 3.394155e-01 8.802884e-01 6.324691e-01 1.821305e-01 5.901216e-01 8.331063e-01 6.180999e-01 2.058335e-01 8.177619e-01 3.356743e-01 4.804294e-01 7.731865e-01 8.462146e-01 4.502401e-02 1.465555e-01 1.330124e-01 9.794528e-01 5.300550e-01 6.303697e-01 8.230156e-01 7.273610e-01 6.576724e-01 8.714196e-01 1.636741e-01 6.884951e-01 1.830670e-01 7.057583e-01 2.823975e-01 4.134952e-01 5.917634e-01 
113 1583 0 0 0 5.484266e-01 6.549387e-01 5.417171e-01 6.726025e-01 4.299593e-01 8.758862e-01 6.770912e-01 1.834982e-01 6.661256e-01 7.430697e-01 5.089452e-01 1.561627e-01 7.437132e-01 3.699278e-01 5.023767e-01 7.449553e-01 9.085578e-01 1.061173e-01 1.531742e-01 2.222330e-01 8.904994e-01 5.365498e-01 6.210700e-01 7.657579e-01 5.973502e-01 6.579924e-01 8.340094e-01 2.062442e-01 6.564490e-01 1.635610e-01 5.904687e-01 4.437932e-01 4.087628e-01 6.673932e-01 
114 1597 0 0 0 5.167842e-01 5.781844e-01 5.259784e-01 8.025018e-01 4.954385e-01 8.083354e-01 5.576482e-01 2.471478e-01 5.146235e-01 8.131804e-01 4.930909e-01 1.622081e-01 6.327609e-01 3.999550e-01 5.150463e-01 6.559680e-01 9.360695e-01 4.828815e-02 1.130379e-01 2.989418e-01 6.828307e-01 4.787500e-01 5.814343e-01 7.317497e-01 6.569966e-01 6.525530e-01 7.968985e-01 2.708539e-01 6.041637e-01 1.845065e-01 6.667095e-01 4.371625e-01 3.068969e-01 6.484967e-01 
115 1611 0 0 0 5.249797e-01 5.734451e-01 5.141522e-01 8.050902e-01 3.789528e-01 8.593074e-01 6.237797e-01 1.237210e-01 3.945815e-01 8.321092e-01 4.083919e-01 9.857553e-02 6.527024e-01 4.935033e-01 5.601601e-01 7.521495e-01 8.925214e-01 8.464693e-02 1.176070e-01 2.129487e-01 6.134678e-01 5.318364e-01 5.674729e-01 7.969980e-01 6.547546e-01 6.912520e-01 7.214103e-01 3.054940e-01 5.386854e-01 1.960439e-01 5.851262e-01 4.143344e-01 2.704044e-01 6.656484e-01 
116 1625 0 0 0 4.627880e-01 5.522252e-01 5.345578e-01 8.887675e-01 4.505363e-01 8.650730e-01 5.668569e-01 1.077444e-01 4.530073e-01 8.076683e-01 4.631828e-01 9.348211e-02 6.807445e-01 5.155022e-01 5.035655e-01 7.623495e-01 9.003220e-01 1.684760e-01 1.141289e-01 2.451597e-01 5.858954e-01 6.954697e-01 6.234214e-01 7.429737e-01 6.696983e-01 5.937945e-01 6.523922e-01 3.040325e-01 5.413448e-01 1.919024e-01 6.343301e-01 3.633509e-01 2.385883e-01 6.413715e-01 
117 1639 0 0 0 4.593618e-01 5.614012e-01 5.633853e-01 8.639400e-01 4.388412e-01 8.440635e-01 5.058076e-01 1.726285e-01 3.779109e-01 8.379493e-01 3.984465e-01 1.123418e-01 6.704170e-01 5.737948e-01 5.070105e-01 7.187277e-01 9.089595e-01 1.417345e-01 1.132838e-01 2.144048e-01 5.686131e-01 6.275353e-01 6.117026e-01 7.119451e-01 7.335021e-01 5.807803e-01 6.969092e-01 3.961673e-01 5.017230e-01 1.245016e-01 7.266270e-01 4.388129e-01 2.676052e-01 7.975027e-01 
118 1653 0 0 0 4.416651e-01 5.085833e-01 5.814885e-01 8.321506e-01 3.704685e-01 9.205717e-01 5.406247e-01 1.278575e-01 3.166157e-01 8.464273e-01 4.013027e-01 1.343827e-01 5.501999e-01 5.229296e-01 3.935902e-01 7.335297e-01 8.329274e-01 2.344282e-01 1.069861e-01 2.215309e-01 5.252126e-01 6.911074e-01 6.268334e-01 7.546380e-01 7.157445e-01 5.137231e-01 7.227330e-01 3.404562e-01 4.112015e-01 1.133677e-01 7.342635e-01 3.746012e-01 2.322887e-01 7.540989e-01 
119 1667 0 0 0 4.240612e-01 6.271846e-01 6.345089e-01 8.052464e-01 5.332911e-01 8.178649e-01 4.592367e-01 1.759131e-01 3.913682e-01 8.921316e-01 5.502363e-01 1.457421e-01 5.625610e-01 5.203692e-01 2.317371e-01 7.739463e-01 7.572627e-01 1.839058e-01 1.238527e-01 2.657014e-01 5.272275e-01 6.434353e-01 5.913971e-01 7.684603e-01 7.925267e-01 5.610244e-01 7.440511e-01 3.779860e-01 3.463385e-01 1.679476e-01 7.442523e-01 4.067041e-01 2.378302e-01 7.660773e-01 
120 1681 0 0 0 3.317921e-01 6.345101e-01 7.371096e-01 6.651386e-01 5.006794e-01 7.929130e-01 4.970005e-01 2.797824e-01 3.518870e-01 9.134960e-01 6.806270e-01 1.532295e-01 5.087087e-01 4.744223e-01 2.142187e-01 7.661837e-01 7.999388e-01 9.897659e-02 3.447821e-02 2.804764e-01 5.268207e-01 5.770797e-01 7.348125e-01 7.185608e-01 7.747657e-01 5.165886e-01 6.908589e-01 3.729147e-01 3.180144e-01 1.093420e-01 6.683916e-01 4.329624e-01 1.712494e-01 7.218413e-01 
121 1695 0 0 0 3.106001e-01 6.632868e-01 6.600381e-01 6.758854e-01 3.453996e-01 7.300416e-01 5.176584e-01 3.541949e-01 3.607576e-01 7.710826e-01 7.392366e-01 6.050290e-02 6.477630e-01 4.601077e-01 3.133509e-01 7.508940e-01 6.577136e-01 2.143506e-01 1.389047e-01 3.182066e-01 5.419848e-01 5.641010e-01 7.844630e-01 7.126944e-01 8.739117e-01 5.702955e-01 6.894756e-01 2.229118e-01 2.781616e-01 7.717866e-02 5.962809e-01 5.093481e-01 2.088724e-01 7.664270e-01 
122 1709 0 0 0 2.662691e-01 7.386252e-01 5.591831e-01 7.092698e-01 3.488756e-01 7.579284e-01 5.561377e-01 3.378263e-01 3.014902e-01 6.428641e-01 6.943538e-01 1.381956e-01 5.611467e-01 5.001246e-01 3.561537e-01 7.438769e-01 7.166957e-01 2.201193e-01 1.289180e-01 2.801206e-01 5.461015e-01 5.658761e-01 7.316523e-01 6.707876e-01 8.944499e-01 6.552586e-01 7.194154e-01 2.596473e-01 2.389151e-01 1.409361e-01 5.671784e-01 5.385599e-01 2.140450e-01 7.697497e-01 
123 1723 0 0 0 2.468657e-01 7.934225e-01 5.238588e-01 8.081573e-01 4.286395e-01 7.251773e-01 6.538425e-01 3.087200e-01 3.079643e-01 5.782806e-01 7.316323e-01 1.675816e-01 5.903508e-01 4.608128e-01 3.871279e-01 8.435111e-01 8.327185e-01 2.766007e-01 1.499950e-01 2.268608e-01 6.903948e-01 6.869580e-01 7.155421e-01 7.221363e-01 8.906056e-01 5.952537e-01 5.704284e-01 2.497416e-01 2.441803e-01 2.311861e-01 6.888334e-01 4.890358e-01 1.749171e-01 7.801328e-01 
124 1737 0 0 0 1.799546e-01 8.803682e-01 5.848106e-01 8.406627e-01 4.072871e-01 8.214958e-01 6.081875e-01 3.406602e-01 2.399920e-01 6.028963e-01 7.292313e-01 1.304171e-01 5.328864e-01 4.491823e-01 4.737038e-01 7.577496e-01 8.803237e-01 2.689006e-01 2.989737e-01 2.993625e-01 7.163224e-01 7.096135e-01 6.999539e-01 7.636937e-01 9.673810e-01 5.333522e-01 5.538892e-01 2.447001e-01 2.990756e-01 2.405452e-01 6.753892e-01 5.895478e-01 1.880679e-01 6.911902e-01 
125 1751 0 0 0 2.004738e-01 8.865008e-01 5.940504e-01 8.384978e-01 3.854483e-01 7.855806e-01 6.563902e-01 4.144773e-01 2.617116e-01 5.214251e-01 6.014039e-01 1.764693e-01 5.278409e-01 4.429507e-01 5.848921e-01 7.269281e-01 8.700156e-01 3.656447e-01 2.387949e-01 4.425893e-01 7.661063e-01 7.465144e-01 6.832962e-01 8.274638e-01 8.489774e-01 6.326126e-01 5.431221e-01 1.794187e-01 3.887555e-01 2.573856e-01 5.825565e-01 5.923593e-01 2.410771e-01 7.744375e-01 
126 1765 0 0 0 1.571488e-01 8.281058e-01 6.657691e-01 7.729037e-01 4.307568e-01 7.647596e-01 6.969531e-01 4.036181e-01 3.576343e-01 4.353580e-01 5.292589e-01 1.287841e-01 5.503149e-01 5.102631e-01 6.086826e-01 7.690450e-01 8.409806e-01 3.460871e-01 3.051117e-01 4.364018e-01 6.869266e-01 6.713646e-01 6.262849e-01 7.740530e-01 7.234032e-01 5.656753e-01 4.888056e-01 9.828766e-02 3.617366e-01 2.962771e-01 5.395592e-01 5.040785e-01 2.293094e-01 7.024794e-01 
127 1779 0 0 0 8.689188e-02 8.884652e-01 7.498439e-01 7.132589e-01 3.469505e-01 8.597640e-01 5.813072e-01 4.184180e-01 3.641212e-01 4.854723e-01 4.607130e-01 1.713954e-01 5.497155e-01 6.070595e-01 5.962327e-01 7.662298e-01 8.390412e-01 3.885325e-01 2.328132e-01 5.049976e-01 6.643565e-01 6.902801e-01 6.385227e-01 8.239073e-01 7.127470e-01 5.546018e-01 4.744055e-01 9.983431e-02 2.847072e-01 2.867905e-01 5.024638e-01 4.089076e-01 1.948286e-01 7.131660e-01 
128 1793 0 0 0 9.101118e-02 8.709755e-01 7.245566e-01 7.331348e-01 3.855079e-01 9.259132e-01 6.291842e-01 4.265192e-01 3.573627e-01 3.096833e-01 4.014207e-01 2.051088e-01 5.902040e-01 7.648072e-01 5.258303e-01 8.157323e-01 7.862587e-01 2.951812e-01 3.491553e-01 5.315577e-01 7.246938e-01 5.731525e-01 7.311182e-01 7.807181e-01 8.230709e-01 5.635032e-01 4.936348e-01 7.518792e-02 3.899684e-01 3.836511e-01 2.840811e-01 5.583746e-01 1.092275e-01 7.667311e-01 
129 1807 0 0 0 1.838130e-01 9.167905e-01 6.748281e-01 7.411534e-01 4.295335e-01 9.563616e-01 7.165907e-01 4.467421e-01 4.264208e-01 1.839354e-01 3.653137e-01 1.458441e-01 5.538580e-01 6.845469e-01 6.885040e-01 6.894751e-01 6.746986e-01 2.909792e-01 3.410808e-01 5.856038e-01 7.491958e-01 5.578900e-01 7.769684e-01 6.459965e-01 6.373966e-01 6.386655e-01 3.836904e-01 2.304606e-01 4.473565e-01 4.439106e-01 3.561155e-01 6.575397e-01 4.297505e-02 6.787017e-01 
130 1821 0 0 0 1.814048e-01 7.348969e-01 6.058607e-01 7.287248e-01 4.227675e-01 9.352724e-01 8.154283e-01 4.878218e-01 4.986349e-01 3.175287e-01 2.380970e-01 5.066952e-02 4.889194e-01 6.995277e-01 6.994572e-01 7.835928e-01 6.984942e-01 3.236035e-01 3.512836e-01 6.145913e-01 6.188647e-01 6.656097e-01 7.647897e-01 6.481677e-01 5.611459e-01 5.947267e-01 3.064826e-01 8.780605e-02 5.284407e-01 3.705886e-01 5.017345e-01 5.981505e-01 1.708408e-01 5.821809e-01 
131 1835 0 0 0 1.774199e-01 8.120232e-01 6.124040e-01 6.917517e-01 4.016833e-01 8.931395e-01 8.876591e-01 5.095665e-01 4.469980e-01 3.519804e-01 2.947209e-01 1.713905e-01 4.265802e-01 8.662423e-01 7.639253e-01 8.995087e-01 7.209181e-01 3.672029e-01 3.832445e-01 6.464591e-01 6.584744e-01 7.238643e-01 7.159719e-01 7.882147e-01 6.090956e-01 4.939197e-01 3.851489e-01 1.582428e-01 5.321700e-01 6.211274e-01 5.084261e-01 5.611440e-01 3.128138e-01 6.039204e-01 
132 1849 0 0 0 2.142501e-01 8.836779e-01 5.014766e-01 6.206931e-01 4.227784e-01 8.081769e-01 8.206880e-01 4.632130e-01 4.255631e-01 4.142980e-01 3.333069e-01 2.544709e-01 2.838278e-01 9.325312e-01 7.777994e-01 8.796628e-01 7.051343e-01 3.363292e-01 2.728308e-01 6.388722e-01 6.985161e-01 6.787385e-01 6.285774e-01 7.161893e-01 7.474480e-01 6.094678e-01 5.152641e-01 1.581445e-01 6.035124e-01 6.111912e-01 3.758795e-01 6.673734e-01 3.885329e-01 6.500894e-01 
133 1863 0 0 0 3.409623e-01 9.015613e-01 4.810891e-01 4.680372e-01 3.610504e-01 9.033004e-01 8.292815e-01 4.672894e-01 3.618437e-01 2.549055e-01 3.463052e-01 3.070221e-01 2.052687e-01 8.395024e-01 7.683644e-01 9.187726e-01 7.797686e-01 2.982393e-01 2.946906e-01 7.517530e-01 7.517834e-01 5.906706e-01 4.983948e-01 6.389082e-01 7.256024e-01 6.253421e-01 5.135513e-01 1.760592e-01 4.740774e-01 5.738388e-01 3.680498e-01 5.527709e-01 3.870274e-01 5.436648e-01 
134 1877 0 0 0 2.716244e-01 7.377645e-01 4.878525e-01 4.087870e-01 3.263693e-01 8.579806e-01 6.839479e-01 5.397514e-01 2.106200e-01 2.330195e-01 3.836172e-01 3.436322e-01 3.314853e-01 8.301614e-01 6.950849e-01 8.163173e-01 7.646478e-01 4.064129e-01 2.822634e-01 7.354543e-01 8.081624e-01 6.807121e-01 5.341624e-01 4.952614e-01 8.260921e-01 6.446162e-01 4.362232e-01 2.332589e-01 6.106358e-01 5.721836e-01 3.154172e-01 5.664114e-01 3.042262e-01 5.422719e-01 
135 1891 0 0 0 1.472609e-01 7.618891e-01 5.244534e-01 4.953547e-01 2.158132e-01 8.872361e-01 7.529723e-01 3.826033e-01 2.165115e-01 2.300410e-01 3.486144e-01 3.139771e-01 2.814169e-01 7.157173e-01 6.206113e-01 9.500430e-01 7.669478e-01 3.860595e-01 2.268467e-01 6.427532e-01 8.417944e-01 6.673156e-01 5.288098e-01 5.376334e-01 8.217257e-01 4.979961e-01 3.628326e-01 2.927187e-01 5.971836e-01 5.256421e-01 3.079666e-01 3.915081e-01 2.827693e-01 5.918847e-01 
136 1905 0 0 0 8.217065e-02 7.877609e-01 5.239535e-01 5.392442e-01 1.364479e-01 8.657420e-01 7.143926e-01 3.682575e-01 1.938660e-01 3.011271e-01 3.677513e-01 3.748988e-01 2.156170e-01 7.651944e-01 5.624496e-01 9.240440e-01 8.622394e-01 3.235981e-01 2.299719e-01 6.025965e-01 7.743201e-01 6.022550e-01 5.285668e-01 6.067806e-01 7.788690e-01 7.020926e-01 3.302777e-01 2.411029e-01 6.815862e-01 5.681193e-01 3.116517e-01 3.967946e-01 3.467816e-01 4.608854e-01 
137 1919 0 0 0 2.249464e-01 7.485156e-01 5.963839e-01 4.866396e-01 2.158732e-01 7.677648e-01 6.334605e-01 2.703459e-01 1.695017e-01 2.713810e-01 4.764228e-01 2.826004e-01 3.030331e-01 8.186436e-01 5.053047e-01 8.541445e-01 9.282253e-01 3.288930e-01 2.950491e-01 5.200572e-01 8.606739e-01 6.724491e-01 5.251396e-01 6.164804e-01 7.407352e-01 7.971746e-01 2.496489e-01 1.874928e-01 6.683101e-01 6.536656e-01 4.289426e-01 2.841270e-01 3.682599e-01 4.766999e-01 
138 1933 0 0 0 2.434726e-01 7.572812e-01 5.364778e-01 3.963188e-01 2.701268e-01 7.016691e-01 7.990881e-01 1.687803e-01 2.996487e-01 1.726022e-01 4.046183e-01 2.839054e-01 3.095705e-01 7.027687e-01 4.997139e-01 8.979563e-01 8.767718e-01 3.638896e-01 2.258581e-01 6.193204e-01 9.077970e-01 7.936524e-01 5.333132e-01 5.457141e-01 7.847928e-01 8.978199e-01 2.674893e-01 2.234333e-01 6.214549e-01 6.125593e-01 4.319279e-01 3.197150e-01 3.227574e-01 4.735254e-01 
139 1947 0 0 0 3.826526e-01 7.021402e-01 5.668084e-01 3.173634e-01 3.552333e-01 6.267829e-01 7.798275e-01 1.343862e-01 3.187761e-01 2.699927e-01 4.004391e-01 2.736368e-01 3.178238e-01 7.105410e-01 4.349744e-01 8.154790e-01 8.718320e-01 4.616200e-01 2.003662e-01 4.401624e-01 8.314562e-01 8.174847e-01 4.003848e-01 6.360273e-01 8.535008e-01 8.638871e-01 4.165090e-01 4.211432e-01 6.022731e-01 5.835378e-01 6.152359e-01 3.984517e-01 3.488829e-01 4.815317e-01 
140 1961 0 0 0 5.380382e-01 7.461424e-01 5.691039e-01 1.884686e-01 2.439390e-01 5.242895e-01 7.456014e-01 3.015580e-01 3.095442e-01 3.396176e-01 4.066974e-01 3.218673e-01 2.189580e-01 7.236277e-01 4.214709e-01 7.179378e-01 7.501186e-01 5.226437e-01 1.794675e-01 4.966510e-01 8.849913e-01 7.710127e-01 3.900635e-01 6.132627e-01 8.124632e-01 8.822554e-01 3.110841e-01 4.027946e-01 7.086946e-01 6.293346e-01 6.612074e-01 3.854792e-01 4.320100e-01 4.536362e-01 
141 1975 0 0 0 4.568762e-01 5.853371e-01 5.213483e-01 2.442123e-01 3.194316e-01 6.437539e-01 6.994055e-01 2.833063e-01 4.194218e-01 2.594906e-01 4.154838e-01 2.844406e-01 1.146781e-01 6.523937e-01 4.521939e-01 6.585986e-01 7.072454e-01 5.309961e-01 2.745016e-01 5.142187e-01 8.317942e-01 7.952763e-01 3.715889e-01 5.513684e-01 7.413288e-01 7.968919e-01 3.926507e-01 3.981436e-01 6.787001e-01 6.451818e-01 7.753861e-01 3.879672e-01 4.820248e-01 5.738865e-01 
142 1989 0 0 0 4.213193e-01 3.916708e-01 5.241459e-01 3.191373e-01 3.183165e-01 6.556926e-01 6.362032e-01 2.673955e-01 4.681317e-01 2.999051e-01 3.496361e-01 2.742873e-01 1.220468e-01 6.960799e-01 4.353140e-01 5.693037e-01 6.622516e-01 4.227465e-01 1.981102e-01 4.327552e-01 7.890981e-01 7.824991e-01 2.067485e-01 5.552093e-01 7.513926e-01 6.932202e-01 3.787060e-01 4.628221e-01 6.980798e-01 7.022656e-01 7.403417e-01 3.437958e-01 4.859050e-01 6.830182e-01 
143 2003 0 0 0 3.065245e-01 3.000491e-01 4.612957e-01 4.810914e-01 2.616617e-01 6.388663e-01 5.237283e-01 2.847895e-01 4.941431e-01 3.672570e-01 3.563793e-01 2.460874e-01 2.221402e-01 5.648875e-01 5.989892e-01 5.623460e-01 6.362155e-01 4.359355e-01 1.911899e-01 4.084120e-01 8.327179e-01 7.720754e-01 3.172967e-01 5.353288e-01 6.364280e-01 5.677923e-01 3.607299e-01 3.538801e-01 6.830739e-01 7.057140e-01 7.069673e-01 4.083895e-01 5.881028e-01 7.656845e-01 
144 2017 0 0 0 2.820909e-01 5.266105e-01 4.073128e-01 4.899633e-01 2.432530e-01 7.409382e-01 5.644123e-01 3.261349e-01 3.355523e-01 3.781932e-01 3.294605e-01 1.411402e-01 3.332276e-01 4.670184e-01 5.036761e-01 6.884774e-01 6.713081e-01 5.515621e-01 2.843003e-01 4.377579e-01 7.033234e-01 7.471512e-01 2.626093e-01 5.566860e-01 6.111271e-01 7.890541e-01 4.905552e-01 3.147326e-01 8.085307e-01 7.885587e-01 6.416932e-01 3.454037e-01 4.564963e-01 7.012612e-01 
145 2031 0 0 0 4.683377e-01 3.962827e-01 5.033230e-01 4.871814e-01 3.270355e-01 6.696829e-01 4.038210e-01 3.780540e-01 2.565429e-01 2.119779e-01 4.114925e-01 5.911865e-02 3.890993e-01 5.003361e-01 3.996640e-01 8.396829e-01 6.237947e-01 4.772037e-01 3.393755e-01 5.075606e-01 7.621866e-01 6.953912e-01 3.512210e-01 4.108535e-01 6.158945e-01 7.807587e-01 4.625220e-01 2.741141e-01 8.164903e-01 8.151189e-01 4.929255e-01 3.396153e-01 5.326069e-01 4.936693e-01 
146 2045 0 0 0 3.322467e-01 6.859097e-01 5.327355e-01 4.197555e-01 3.836821e-01 7.237351e-01 3.675330e-01 2.084861e-01 3.902099e-01 1.791094e-01 3.120352e-01 3.096984e-02 3.509963e-01 5.088285e-01 3.847582e-01 8.880046e-01 6.522353e-01 3.829170e-01 3.544322e-01 4.191239e-01 7.772892e-01 7.083377e-01 2.786852e-01 5.866910e-01 5.579808e-01 7.399723e-01 5.012770e-01 3.693912e-01 7.274502e-01 8.961535e-01 5.817722e-01 3.050506e-01 5.252432e-01 4.965956e-01 
147 2059 0 0 0 2.090611e-01 7.270377e-01 5.134956e-01 5.158242e-01 2.889560e-01 5.608821e-01 3.859961e-01 1.979719e-01 4.895103e-01 1.971857e-01 2.982531e-01 -6.789255e-03 2.359631e-01 5.718557e-01 3.533076e-01 8.269537e-01 6.596104e-01 4.029808e-01 3.326991e-01 4.307248e-01 5.525544e-01 7.057774e-01 3.802935e-01 6.088370e-01 4.192967e-01 7.256912e-01 6.023579e-01 3.518101e-01 7.668894e-01 7.666466e-01 6.456562e-01 3.843314e-01 4.642308e-01 6.239831e-01 
148 2073 0 0 0 3.223668e-01 7.345028e-01 5.628642e-01 3.805832e-01 4.290525e-01 6.546690e-01 4.479725e-01 2.107894e-01 6.457116e-01 2.691661e-01 3.399037e-01 1.774387e-01 2.831471e-01 6.344699e-01 3.975961e-01 8.331900e-01 5.256018e-01 5.046731e-01 4.296236e-01 4.391335e-01 4.530691e-01 7.504159e-01 3.928189e-01 7.127939e-01 3.638583e-01 7.102347e-01 5.489570e-01 3.056767e-01 8.637068e-01 7.195349e-01 6.684720e-01 2.775059e-01 5.000881e-01 5.902097e-01 
149 2087 0 0 0 2.824619e-01 7.672159e-01 6.553081e-01 5.680518e-01 5.007737e-01 7.639628e-01 4.536434e-01 2.363743e-01 7.495074e-01 2.145216e-01 4.526096e-01 2.977477e-01 2.422034e-01 5.940670e-01 3.709922e-01 7.642722e-01 4.543884e-01 4.565874e-01 3.557796e-01 5.708146e-01 4.247738e-01 7.422981e-01 5.558122e-01 7.410066e-01 4.707032e-01 6.624849e-01 5.025422e-01 3.165934e-01 7.273162e-01 7.308168e-01 6.324198e-01 2.072172e-01 3.570592e-01 5.349799e-01 
150 2101 0 0 0 3.405618e-01 6.301512e-01 7.070548e-01 5.545557e-01 5.170878e-01 7.702391e-01 4.349022e-01 2.265202e-01 8.054058e-01 2.854046e-01 5.254548e-01 3.390795e-01 3.380856e-01 7.186405e-01 3.097079e-01 6.767263e-01 4.957482e-01 3.657671e-01 3.686183e-01 5.659696e-01 3.596658e-01 7.449963e-01 6.343589e-01 6.829546e-01 5.184071e-01 6.600809e-01 5.276293e-01 3.777137e-01 6.960253e-01 7.214280e-01 5.943496e-01 2.159339e-01 4.536179e-01 5.102422e-01 
