%  columns="iteration, evaluation, sigma, axis ratio, bestever, best, median, worst fitness function value, further objective values of best" (startseed=213124, 2023/08/27 8:55:10.25)
1 15 2.816546e-01 1.031400e+00  1.000000000000000000e+05  1.000000000000000000e+05  1.000000000000000000e+11  1.000000000000000000e+15
2 29 2.752393e-01 1.048946e+00  1.000000000000000000e+05  1.000000000000000000e+05  1.000000000000000000e+11  1.000000000000000000e+13
3 43 2.711269e-01 1.061236e+00  1.000000000000000000e+05  1.000000000000000000e+05  1.000000000000000000e+11  1.000000000000000000e+13
4 57 2.658021e-01 1.069609e+00  1.000000000000000000e+05  1.000000000000000000e+05  1.000000000000000000e+05  1.000000000000000000e+11
5 71 2.600827e-01 1.078686e+00  1.000000000000000000e+05  1.000000000000000000e+05  1.000000000000000000e+05  1.000000000000000000e+17
6 85 2.505899e-01 1.085567e+00  1.000000000000000000e+05  1.000000000000000000e+05  1.000000000000000000e+05  1.000000000000000000e+11
7 99 2.408171e-01 1.089592e+00  1.000000000000000000e+05  1.000000000000000000e+05  1.000000000000000000e+05  1.000000000000000000e+13
8 113 2.344577e-01 1.091144e+00  1.000000000000000000e+05  1.000000000000000000e+05  1.000000000000000000e+05  1.000000000000000000e+15
9 127 2.267836e-01 1.096660e+00  1.000000000000000000e+05  1.000000000000000000e+05  1.000000000000000000e+05  1.000000000000000000e+11
10 141 2.173280e-01 1.096710e+00  1.000000000000000000e+05  1.000000000000000000e+05  1.000000000000000000e+05  1.000000000000000000e+15
11 155 2.082656e-01 1.098247e+00  1.000000000000000000e+05  1.000000000000000000e+05  1.000000000000000000e+05  1.000000000000000000e+11
12 169 2.032188e-01 1.105594e+00  1.000000000000000000e+05  1.000000000000000000e+05  1.000000000000000000e+05  1.000000000000000000e+18
13 183 1.946618e-01 1.108645e+00  1.000000000000000000e+05  1.000000000000000000e+05  1.000000000000000000e+05  1.000000000000000000e+11
14 197 1.879740e-01 1.110429e+00  1.000000000000000000e+05  1.000000000000000000e+05  1.000000000000000000e+05  1.000000000000000000e+18
15 211 1.850973e-01 1.113245e+00  1.000000000000000000e+05  1.000000000000000000e+05  1.000000000000000000e+05  1.000000000000000000e+11
16 225 1.799213e-01 1.115829e+00  1.000000000000000000e+05  1.000000000000000000e+05  1.000000000000000000e+05  1.000000000000000000e+15
17 239 1.747786e-01 1.118215e+00  1.000000000000000000e+05  1.000000000000000000e+05  1.000000000000000000e+05  1.000000000000000000e+16
18 253 1.678045e-01 1.120096e+00  1.000000000000000000e+05  1.000000000000000000e+05  1.000000000000000000e+05  1.000000000000000000e+11
19 267 1.632357e-01 1.121002e+00  1.000000000000000000e+05  1.000000000000000000e+05  1.000000000000000000e+05  1.000000000000000000e+05
20 281 1.593371e-01 1.125176e+00  1.000000000000000000e+05  1.000000000000000000e+05  1.000000000000000000e+05  1.000000000000000000e+11
21 295 1.540311e-01 1.131631e+00  1.000000000000000000e+05  1.000000000000000000e+05  1.000000000000000000e+05  1.000000000000000000e+11
22 309 1.494801e-01 1.137109e+00  1.000000000000000000e+05  1.000000000000000000e+05  1.000000000000000000e+05  1.000000000000000000e+05
23 323 1.459915e-01 1.146386e+00  1.000000000000000000e+05  1.000000000000000000e+05  1.000000000000000000e+05  1.000000000000000000e+05
24 337 1.413814e-01 1.150849e+00  1.000000000000000000e+05  1.000000000000000000e+05  1.000000000000000000e+05  1.000000000000000000e+11
25 351 1.373399e-01 1.156173e+00  1.000000000000000000e+05  1.000000000000000000e+05  1.000000000000000000e+05  1.000000000000000000e+11
26 365 1.892012e-01 1.166177e+00  1.000000000000000000e+05  1.000000000000000000e+05  1.000000000000000000e+05  1.000000000000000000e+11
27 379 1.879460e-01 1.175184e+00  1.000000000000000000e+05  1.000000000000000000e+05  1.000000000000000000e+05  1.000000000000000000e+11
28 393 1.827098e-01 1.181050e+00  1.000000000000000000e+05  1.000000000000000000e+05  1.000000000000000000e+05  1.000000000000000000e+11
29 407 1.781924e-01 1.185974e+00  1.000000000000000000e+05  1.000000000000000000e+05  1.000000000000000000e+05  1.000000000000000000e+11
30 421 1.730436e-01 1.188998e+00  1.000000000000000000e+05  1.000000000000000000e+05  1.000000000000000000e+05  1.000000000000000000e+11
31 435 2.325963e-01 1.190706e+00  1.000000000000000000e+05  1.000000000000000000e+05  1.000000000000000000e+05  1.000000000000000000e+05
32 449 2.263065e-01 1.190448e+00  1.000000000000000000e+05  1.000000000000000000e+05  1.000000000000000000e+05  1.000000000000000000e+11
33 463 2.207111e-01 1.191847e+00  1.000000000000000000e+05  1.000000000000000000e+05  1.000000000000000000e+05  1.000000000000000000e+15
34 477 2.129424e-01 1.192382e+00  1.000000000000000000e+05  1.000000000000000000e+05  1.000000000000000000e+05  1.000000000000000000e+05
35 491 2.072141e-01 1.193364e+00  1.000000000000000000e+05  1.000000000000000000e+05  1.000000000000000000e+05  1.000000000000000000e+11
36 505 2.010314e-01 1.196396e+00  1.000000000000000000e+05  1.000000000000000000e+05  1.000000000000000000e+05  1.000000000000000000e+13
37 519 1.944485e-01 1.196937e+00  1.000000000000000000e+05  1.000000000000000000e+05  1.000000000000000000e+05  1.000000000000000000e+05
38 533 1.893858e-01 1.197641e+00  1.000000000000000000e+05  1.000000000000000000e+05  1.000000000000000000e+05  1.000000000000000000e+11
39 547 1.824728e-01 1.198020e+00  1.000000000000000000e+05  1.000000000000000000e+05  1.000000000000000000e+05  1.000000000000000000e+13
40 561 1.740625e-01 1.198851e+00  1.000000000000000000e+05  1.000000000000000000e+05  1.000000000000000000e+05  1.000000000000000000e+13
41 575 1.674731e-01 1.201337e+00  1.000000000000000000e+05  1.000000000000000000e+05  1.000000000000000000e+05  1.000000000000000000e+05
42 589 1.611511e-01 1.203187e+00  1.000000000000000000e+05  1.000000000000000000e+05  1.000000000000000000e+05  1.000000000000000000e+13
43 603 1.563276e-01 1.203990e+00  1.000000000000000000e+05  1.000000000000000000e+05  1.000000000000000000e+05  1.000000000000000000e+13
44 617 1.512570e-01 1.207894e+00  1.000000000000000000e+05  1.000000000000000000e+05  1.000000000000000000e+05  1.000000000000000000e+05
45 631 1.471188e-01 1.211056e+00  1.000000000000000000e+05  1.000000000000000000e+05  1.000000000000000000e+05  1.000000000000000000e+05
46 645 1.960668e-01 1.210273e+00  1.000000000000000000e+05  1.000000000000000000e+05  1.000000000000000000e+05  1.000000000000000000e+16
47 659 1.904640e-01 1.212261e+00  1.000000000000000000e+05  1.000000000000000000e+05  1.000000000000000000e+05  1.000000000000000000e+05
48 673 1.849318e-01 1.216194e+00  1.000000000000000000e+05  1.000000000000000000e+05  1.000000000000000000e+05  1.000000000000000000e+05
49 687 1.801396e-01 1.218625e+00  1.000000000000000000e+05  1.000000000000000000e+05  1.000000000000000000e+05  1.000000000000000000e+05
50 701 2.476357e-01 1.219065e+00  1.000000000000000000e+05  1.000000000000000000e+05  1.000000000000000000e+05  1.000000000000000000e+16
51 715 2.439433e-01 1.222805e+00  1.000000000000000000e+05  1.000000000000000000e+05  1.000000000000000000e+05  1.000000000000000000e+13
52 729 2.355340e-01 1.222554e+00  1.000000000000000000e+05  1.000000000000000000e+05  1.000000000000000000e+05  1.000000000000000000e+13
53 743 2.282060e-01 1.221924e+00  1.000000000000000000e+05  1.000000000000000000e+05  1.000000000000000000e+05  1.000000000000000000e+18
54 757 2.235246e-01 1.224202e+00  1.000000000000000000e+05  1.000000000000000000e+05  1.000000000000000000e+05  1.000000000000000000e+18
55 771 2.202574e-01 1.228011e+00  1.000000000000000000e+05  1.000000000000000000e+05  1.000000000000000000e+05  1.000000000000000000e+18
56 785 2.149543e-01 1.232182e+00  1.000000000000000000e+05  1.000000000000000000e+05  1.000000000000000000e+05  1.000000000000000000e+18
57 799 2.050354e-01 1.235299e+00  1.340435379399738622e+03  1.340435379399738622e+03  1.000000000000000000e+05  1.000000000000000000e+18
58 813 1.941396e-01 1.235765e+00  1.340435379399738622e+03  1.000000000000000000e+05  1.000000000000000000e+05  1.000000000000000000e+15
59 827 1.855587e-01 1.242709e+00  1.340435379399738622e+03  1.000000000000000000e+05  1.000000000000000000e+05  1.000000000000000000e+18
60 841 1.782789e-01 1.242278e+00  1.340435379399738622e+03  1.000000000000000000e+05  1.000000000000000000e+05  1.000000000000000000e+18
61 855 2.435912e-01 1.239815e+00  1.340435379399738622e+03  1.000000000000000000e+05  1.000000000000000000e+05  1.000000000000000000e+13
62 869 2.364154e-01 1.240137e+00  1.340435379399738622e+03  1.000000000000000000e+05  1.000000000000000000e+05  1.000000000000000000e+05
63 883 2.295589e-01 1.240648e+00  1.340435379399738622e+03  1.000000000000000000e+05  1.000000000000000000e+05  1.000000000000000000e+18
64 897 2.227211e-01 1.245567e+00  1.340435379399738622e+03  1.000000000000000000e+05  1.000000000000000000e+05  1.000000000000000000e+18
65 911 2.124896e-01 1.247705e+00  1.340435379399738622e+03  1.000000000000000000e+05  1.000000000000000000e+05  1.000000000000000000e+13
66 925 2.021066e-01 1.248596e+00  1.340435379399738622e+03  1.000000000000000000e+05  1.000000000000000000e+05  1.000000000000000000e+05
67 939 1.953446e-01 1.249413e+00  1.340435379399738622e+03  1.000000000000000000e+05  1.000000000000000000e+05  1.000000000000000000e+13
68 953 1.874990e-01 1.248789e+00  1.340435379399738622e+03  1.000000000000000000e+05  1.000000000000000000e+05  1.000000000000000000e+05
69 967 1.842709e-01 1.252662e+00  1.340435379399738622e+03  1.000000000000000000e+05  1.000000000000000000e+05  1.000000000000000000e+05
70 981 1.794359e-01 1.259191e+00  1.340435379399738622e+03  1.000000000000000000e+05  1.000000000000000000e+05  1.000000000000000000e+05
71 995 1.722575e-01 1.262368e+00  1.340435379399738622e+03  1.000000000000000000e+05  1.000000000000000000e+05  1.000000000000000000e+13
72 1009 1.669862e-01 1.264030e+00  1.340435379399738622e+03  1.000000000000000000e+05  1.000000000000000000e+05  1.000000000000000000e+18
73 1023 1.633922e-01 1.264239e+00  1.340435379399738622e+03  1.000000000000000000e+05  1.000000000000000000e+05  1.000000000000000000e+05
74 1037 1.580072e-01 1.264589e+00  1.340435379399738622e+03  1.000000000000000000e+05  1.000000000000000000e+05  1.000000000000000000e+13
75 1051 1.547904e-01 1.267700e+00  1.340435379399738622e+03  1.000000000000000000e+05  1.000000000000000000e+05  1.000000000000000000e+05
76 1065 1.520295e-01 1.268520e+00  1.340435379399738622e+03  2.415596182812540519e+03  1.000000000000000000e+05  1.000000000000000000e+13
77 1079 1.491438e-01 1.273874e+00  1.340435379399738622e+03  2.093165357685410982e+03  1.000000000000000000e+05  1.000000000000000000e+18
78 1093 2.044239e-01 1.276443e+00  1.340435379399738622e+03  1.000000000000000000e+05  1.000000000000000000e+05  1.000000000000000000e+13
79 1107 2.017133e-01 1.277543e+00  1.340435379399738622e+03  1.000000000000000000e+05  1.000000000000000000e+05  1.000000000000000000e+05
80 1121 2.005911e-01 1.281529e+00  1.340435379399738622e+03  1.000000000000000000e+05  1.000000000000000000e+05  1.000000000000000000e+13
81 1135 1.949053e-01 1.283857e+00  1.340435379399738622e+03  1.000000000000000000e+05  1.000000000000000000e+05  1.000000000000000000e+11
82 1149 1.915507e-01 1.284001e+00  1.340435379399738622e+03  1.000000000000000000e+05  1.000000000000000000e+05  1.000000000000000000e+05
83 1163 1.860580e-01 1.288251e+00  1.340435379399738622e+03  1.000000000000000000e+05  1.000000000000000000e+05  1.000000000000000000e+05
84 1177 1.782151e-01 1.297892e+00  1.340435379399738622e+03  1.000000000000000000e+05  1.000000000000000000e+05  1.000000000000000000e+13
85 1191 1.710716e-01 1.300810e+00  1.340435379399738622e+03  1.000000000000000000e+05  1.000000000000000000e+05  1.000000000000000000e+18
86 1205 1.644050e-01 1.301740e+00  1.340435379399738622e+03  1.000000000000000000e+05  1.000000000000000000e+05  1.000000000000000000e+05
87 1219 1.582567e-01 1.301308e+00  1.340435379399738622e+03  1.000000000000000000e+05  1.000000000000000000e+05  1.000000000000000000e+05
88 1233 1.515627e-01 1.302867e+00  1.340435379399738622e+03  1.000000000000000000e+05  1.000000000000000000e+05  1.000000000000000000e+13
89 1247 1.462259e-01 1.302112e+00  1.340435379399738622e+03  1.000000000000000000e+05  1.000000000000000000e+05  1.000000000000000000e+13
90 1261 1.998418e-01 1.313247e+00  1.308207699202838967e+03  1.308207699202838967e+03  1.000000000000000000e+05  1.000000000000000000e+13
91 1275 1.949216e-01 1.319072e+00  1.308207699202838967e+03  3.267809428768288853e+03  1.000000000000000000e+05  1.000000000000000000e+18
92 1289 1.892409e-01 1.321164e+00  1.308207699202838967e+03  1.000000000000000000e+05  1.000000000000000000e+05  1.000000000000000000e+11
93 1303 1.858017e-01 1.325364e+00  1.308207699202838967e+03  1.000000000000000000e+05  1.000000000000000000e+05  1.000000000000000000e+13
94 1317 1.834901e-01 1.326811e+00  6.159370422171459722e+02  6.159370422171459722e+02  1.000000000000000000e+05  1.000000000000000000e+11
95 1331 1.810379e-01 1.326399e+00  6.159370422171459722e+02  1.000000000000000000e+05  1.000000000000000000e+05  1.000000000000000000e+13
96 1345 1.801678e-01 1.325897e+00  6.159370422171459722e+02  1.000000000000000000e+05  1.000000000000000000e+05  1.000000000000000000e+05
97 1359 1.779857e-01 1.327871e+00  6.159370422171459722e+02  1.000000000000000000e+05  1.000000000000000000e+05  1.000000000000000000e+05
98 1373 1.744139e-01 1.329775e+00  6.159370422171459722e+02  1.000000000000000000e+05  1.000000000000000000e+05  1.000000000000000000e+05
99 1387 1.704943e-01 1.329979e+00  6.159370422171459722e+02  1.000000000000000000e+05  1.000000000000000000e+05  1.000000000000000000e+13
100 1401 2.317627e-01 1.329980e+00  6.159370422171459722e+02  1.000000000000000000e+05  1.000000000000000000e+05  1.000000000000000000e+15
101 1415 2.262801e-01 1.330049e+00  6.159370422171459722e+02  1.000000000000000000e+05  1.000000000000000000e+05  1.000000000000000000e+11
102 1429 2.197891e-01 1.328436e+00  6.159370422171459722e+02  1.000000000000000000e+05  1.000000000000000000e+05  1.000000000000000000e+11
103 1443 2.120282e-01 1.329200e+00  6.159370422171459722e+02  1.000000000000000000e+05  1.000000000000000000e+05  1.000000000000000000e+11
104 1457 2.042131e-01 1.329781e+00  6.159370422171459722e+02  1.000000000000000000e+05  1.000000000000000000e+05  1.000000000000000000e+11
105 1471 2.006376e-01 1.330056e+00  6.159370422171459722e+02  1.000000000000000000e+05  1.000000000000000000e+05  1.000000000000000000e+15
106 1485 1.986416e-01 1.330016e+00  6.159370422171459722e+02  1.000000000000000000e+05  1.000000000000000000e+05  1.000000000000000000e+13
107 1499 1.919488e-01 1.331011e+00  6.159370422171459722e+02  1.584374513829969601e+03  1.000000000000000000e+05  1.000000000000000000e+13
108 1513 1.874779e-01 1.333593e+00  6.159370422171459722e+02  1.000000000000000000e+05  1.000000000000000000e+05  1.000000000000000000e+11
109 1527 1.811048e-01 1.338783e+00  6.159370422171459722e+02  1.000000000000000000e+05  1.000000000000000000e+05  1.000000000000000000e+18
110 1541 1.749844e-01 1.345232e+00  6.159370422171459722e+02  1.000000000000000000e+05  1.000000000000000000e+05  1.000000000000000000e+18
111 1555 1.713435e-01 1.346718e+00  6.159370422171459722e+02  1.000000000000000000e+05  1.000000000000000000e+05  1.000000000000000000e+18
112 1569 1.673788e-01 1.348491e+00  6.159370422171459722e+02  1.000000000000000000e+05  5.000000050000000000e+12  1.000000000000000000e+18
113 1583 1.609633e-01 1.349993e+00  6.159370422171459722e+02  1.000000000000000000e+05  1.000000000000000000e+05  1.000000000000000000e+18
114 1597 1.533620e-01 1.350271e+00  6.159370422171459722e+02  1.000000000000000000e+05  1.000000000000000000e+05  1.000000000000000000e+13
115 1611 1.486542e-01 1.349772e+00  6.159370422171459722e+02  1.000000000000000000e+05  1.000000000000000000e+05  1.000000000000000000e+05
116 1625 1.444449e-01 1.348976e+00  6.159370422171459722e+02  1.000000000000000000e+05  1.000000000000000000e+05  1.000000000000000000e+13
117 1639 1.398614e-01 1.348498e+00  6.159370422171459722e+02  1.000000000000000000e+05  1.000000000000000000e+05  1.000000000000000000e+05
118 1653 1.358711e-01 1.351932e+00  6.159370422171459722e+02  1.000000000000000000e+05  1.000000000000000000e+05  1.000000000000000000e+05
119 1667 1.331763e-01 1.352072e+00  6.159370422171459722e+02  1.000000000000000000e+05  1.000000000000000000e+05  1.000000000000000000e+05
120 1681 1.302583e-01 1.351289e+00  6.159370422171459722e+02  1.955200725620162530e+03  1.000000000000000000e+05  1.000000000000000000e+05
121 1695 1.299348e-01 1.356596e+00  6.159370422171459722e+02  1.000000000000000000e+05  1.000000000000000000e+05  1.000000000000000000e+18
122 1709 1.291987e-01 1.356044e+00  6.159370422171459722e+02  1.000000000000000000e+05  1.000000000000000000e+05  1.000000000000000000e+05
123 1723 1.262204e-01 1.358467e+00  6.159370422171459722e+02  1.000000000000000000e+05  1.000000000000000000e+05  1.000000000000000000e+05
124 1737 1.222294e-01 1.359206e+00  6.159370422171459722e+02  1.000000000000000000e+05  1.000000000000000000e+05  1.000000000000000000e+05
125 1751 1.653911e-01 1.358801e+00  6.159370422171459722e+02  1.000000000000000000e+05  1.000000000000000000e+05  1.000000000000000000e+05
126 1765 1.621642e-01 1.359595e+00  6.159370422171459722e+02  1.000000000000000000e+05  1.000000000000000000e+05  1.000000000000000000e+05
127 1779 1.627205e-01 1.357797e+00  6.159370422171459722e+02  1.000000000000000000e+05  1.000000000000000000e+05  1.000000000000000000e+05
128 1793 1.598934e-01 1.355609e+00  6.159370422171459722e+02  1.000000000000000000e+05  1.000000000000000000e+05  1.000000000000000000e+05
129 1807 1.590999e-01 1.359688e+00  6.159370422171459722e+02  1.000000000000000000e+05  1.000000000000000000e+05  1.000000000000000000e+05
130 1821 1.581231e-01 1.363563e+00  6.159370422171459722e+02  1.000000000000000000e+05  1.000000000000000000e+05  1.000000000000000000e+05
131 1835 1.561804e-01 1.373159e+00  6.159370422171459722e+02  1.000000000000000000e+05  1.000000000000000000e+05  1.000000000000000000e+05
132 1849 1.521075e-01 1.381423e+00  6.159370422171459722e+02  1.000000000000000000e+05  1.000000000000000000e+05  1.000000000000000000e+05
133 1863 1.489292e-01 1.385012e+00  6.159370422171459722e+02  1.000000000000000000e+05  1.000000000000000000e+05  1.000000000000000000e+05
134 1877 1.455702e-01 1.388336e+00  6.159370422171459722e+02  1.000000000000000000e+05  1.000000000000000000e+05  1.000000000000000000e+05
135 1891 2.016317e-01 1.392038e+00  6.159370422171459722e+02  1.000000000000000000e+05  1.000000000000000000e+05  1.000000000000000000e+05
136 1905 2.038712e-01 1.396890e+00  6.159370422171459722e+02  1.000000000000000000e+05  1.000000000000000000e+05  1.000000000000000000e+05
137 1919 2.000348e-01 1.396245e+00  6.159370422171459722e+02  1.000000000000000000e+05  1.000000000000000000e+05  1.000000000000000000e+05
138 1933 1.952186e-01 1.399203e+00  6.159370422171459722e+02  1.000000000000000000e+05  1.000000000000000000e+05  1.000000000000000000e+05
139 1947 1.984255e-01 1.397613e+00  6.159370422171459722e+02  1.000000000000000000e+05  1.000000000000000000e+05  1.000000000000000000e+05
140 1961 1.973071e-01 1.396585e+00  6.159370422171459722e+02  1.000000000000000000e+05  1.000000000000000000e+05  1.000000000000000000e+05
141 1975 1.937583e-01 1.402239e+00  6.159370422171459722e+02  1.000000000000000000e+05  1.000000000000000000e+05  1.000000000000000000e+05
142 1989 1.877153e-01 1.402840e+00  6.159370422171459722e+02  1.000000000000000000e+05  1.000000000000000000e+05  1.000000000000000000e+11
143 2003 1.827608e-01 1.410134e+00  6.159370422171459722e+02  1.000000000000000000e+05  1.000000000000000000e+05  1.000000000000000000e+05
144 2017 1.797061e-01 1.425199e+00  6.159370422171459722e+02  1.000000000000000000e+05  1.000000000000000000e+05  1.000000000000000000e+05
145 2031 1.767843e-01 1.435816e+00  6.159370422171459722e+02  1.000000000000000000e+05  1.000000000000000000e+05  1.000000000000000000e+11
146 2045 1.717428e-01 1.444274e+00  6.159370422171459722e+02  1.000000000000000000e+05  1.000000000000000000e+05  1.000000000000000000e+13
147 2059 1.648034e-01 1.449258e+00  6.159370422171459722e+02  1.000000000000000000e+05  1.000000000000000000e+05  1.000000000000000000e+05
148 2073 2.219798e-01 1.458034e+00  6.159370422171459722e+02  1.000000000000000000e+05  1.000000000000000000e+05  1.000000000000000000e+05
149 2087 2.187655e-01 1.462686e+00  6.159370422171459722e+02  1.000000000000000000e+05  1.000000000000000000e+05  1.000000000000000000e+18
150 2101 2.120042e-01 1.461064e+00  6.159370422171459722e+02  1.000000000000000000e+05  1.000000000000000000e+05  1.000000000000000000e+13
151 2115 2.067476e-01 1.463535e+00  6.159370422171459722e+02  1.000000000000000000e+05  1.000000000000000000e+05  1.000000000000000000e+18
152 2129 2.007689e-01 1.465605e+00  6.159370422171459722e+02  1.000000000000000000e+05  1.000000000000000000e+05  1.000000000000000000e+15
153 2143 1.955518e-01 1.473012e+00  6.159370422171459722e+02  1.000000000000000000e+05  1.000000000000000000e+05  1.000000000000000000e+15
154 2157 1.909283e-01 1.477223e+00  6.159370422171459722e+02  1.000000000000000000e+05  1.000000000000000000e+05  1.000000000000000000e+13
155 2171 1.861479e-01 1.476204e+00  6.159370422171459722e+02  1.000000000000000000e+05  1.000000000000000000e+05  1.000000000000000000e+05
156 2185 1.841019e-01 1.476204e+00  6.159370422171459722e+02  1.000000000000000000e+05  1.000000000000000000e+05  1.000000000000000000e+11
157 2199 1.813754e-01 1.480779e+00  6.159370422171459722e+02  1.000000000000000000e+05  1.000000000000000000e+05  1.000000000000000000e+11
158 2213 1.801902e-01 1.480679e+00  6.159370422171459722e+02  1.000000000000000000e+05  1.000000000000000000e+05  1.000000000000000000e+05
159 2227 1.791522e-01 1.484822e+00  6.159370422171459722e+02  1.000000000000000000e+05  1.000000000000000000e+05  1.000000000000000000e+18
160 2241 1.754364e-01 1.484058e+00  6.159370422171459722e+02  1.000000000000000000e+05  1.000000000000000000e+05  1.000000000000000000e+18
161 2255 2.394437e-01 1.482054e+00  6.159370422171459722e+02  1.000000000000000000e+05  1.000000000000000000e+05  1.000000000000000000e+13
162 2269 2.343497e-01 1.482043e+00  6.159370422171459722e+02  1.000000000000000000e+05  1.000000000000000000e+05  1.000000000000000000e+13
163 2283 2.267107e-01 1.479780e+00  6.159370422171459722e+02  1.000000000000000000e+05  1.000000000000000000e+05  1.000000000000000000e+11
164 2297 2.182890e-01 1.477708e+00  6.159370422171459722e+02  1.000000000000000000e+05  1.000000000000000000e+05  1.000000000000000000e+13
165 2311 2.122498e-01 1.475666e+00  6.159370422171459722e+02  1.000000000000000000e+05  1.000000000000000000e+05  1.000000000000000000e+18
166 2325 2.075353e-01 1.474356e+00  6.159370422171459722e+02  3.035160060447037267e+03  1.000000000000000000e+05  1.000000000000000000e+13
167 2339 2.021858e-01 1.476593e+00  6.159370422171459722e+02  1.000000000000000000e+05  1.000000000000000000e+05  1.000000000000000000e+11
168 2353 1.966204e-01 1.477394e+00  6.159370422171459722e+02  1.000000000000000000e+05  1.000000000000000000e+05  1.000000000000000000e+05
169 2367 1.868439e-01 1.479966e+00  6.159370422171459722e+02  1.000000000000000000e+05  1.000000000000000000e+05  1.000000000000000000e+11
170 2381 1.764961e-01 1.478574e+00  6.159370422171459722e+02  1.000000000000000000e+05  1.000000000000000000e+05  1.000000000000000000e+18
171 2395 2.342021e-01 1.481058e+00  6.159370422171459722e+02  1.000000000000000000e+05  1.000000000000000000e+05  1.000000000000000000e+11
172 2409 3.117591e-01 1.480721e+00  6.159370422171459722e+02  1.000000000000000000e+05  1.000000000000000000e+05  1.000000000000000000e+11
173 2423 2.976270e-01 1.478618e+00  6.159370422171459722e+02  1.000000000000000000e+05  1.000000000000000000e+05  1.000000000000000000e+11
174 2437 2.849799e-01 1.475527e+00  6.159370422171459722e+02  1.000000000000000000e+05  1.000000000000000000e+05  1.000000000000000000e+13
175 2451 2.723788e-01 1.474346e+00  6.159370422171459722e+02  1.000000000000000000e+05  1.000000000000000000e+05  1.000000000000000000e+11
176 2465 2.573307e-01 1.475974e+00  6.159370422171459722e+02  1.000000000000000000e+05  1.000000000000000000e+05  1.000000000000000000e+05
177 2479 2.459504e-01 1.476352e+00  6.159370422171459722e+02  1.000000000000000000e+05  1.000000000000000000e+05  1.000000000000000000e+05
178 2493 2.361836e-01 1.471663e+00  6.159370422171459722e+02  1.000000000000000000e+05  1.000000000000000000e+05  1.000000000000000000e+05
179 2507 2.295248e-01 1.473962e+00  6.159370422171459722e+02  1.000000000000000000e+05  1.000000000000000000e+05  1.000000000000000000e+05
180 2521 2.224327e-01 1.475801e+00  6.159370422171459722e+02  1.000000000000000000e+05  1.000000000000000000e+05  1.000000000000000000e+05
181 2535 2.142495e-01 1.481759e+00  6.159370422171459722e+02  1.000000000000000000e+05  1.000000000000000000e+05  1.000000000000000000e+13
182 2549 2.079731e-01 1.482097e+00  6.159370422171459722e+02  1.000000000000000000e+05  1.000000000000000000e+05  1.000000000000000000e+05
183 2563 2.039819e-01 1.481679e+00  6.159370422171459722e+02  1.000000000000000000e+05  1.000000000000000000e+05  1.000000000000000000e+13
184 2577 2.022419e-01 1.479375e+00  6.159370422171459722e+02  1.000000000000000000e+05  1.000000000000000000e+05  1.000000000000000000e+13
185 2591 1.992829e-01 1.479330e+00  6.159370422171459722e+02  1.000000000000000000e+05  1.000000000000000000e+05  1.000000000000000000e+05
186 2605 1.944429e-01 1.484497e+00  6.159370422171459722e+02  1.000000000000000000e+05  1.000000000000000000e+05  1.000000000000000000e+13
187 2619 1.901509e-01 1.487222e+00  6.159370422171459722e+02  1.000000000000000000e+05  1.000000000000000000e+05  1.000000000000000000e+05
188 2633 1.781583e-01 1.491419e+00  6.159370422171459722e+02  1.000000000000000000e+05  1.000000000000000000e+05  1.000000000000000000e+05
189 2647 1.685008e-01 1.490675e+00  6.159370422171459722e+02  1.000000000000000000e+05  1.000000000000000000e+05  1.000000000000000000e+13
190 2661 1.610513e-01 1.488917e+00  6.159370422171459722e+02  1.000000000000000000e+05  1.000000000000000000e+05  1.000000000000000000e+13
191 2675 1.556364e-01 1.489239e+00  6.159370422171459722e+02  1.000000000000000000e+05  1.000000000000000000e+05  1.000000000000000000e+13
192 2689 2.132688e-01 1.490541e+00  6.159370422171459722e+02  1.000000000000000000e+05  1.000000000000000000e+05  1.000000000000000000e+05
193 2703 2.072334e-01 1.495100e+00  6.159370422171459722e+02  1.000000000000000000e+05  1.000000000000000000e+05  1.000000000000000000e+13
194 2717 2.015580e-01 1.496495e+00  6.159370422171459722e+02  1.000000000000000000e+05  1.000000000000000000e+05  1.000000000000000000e+13
195 2731 1.989180e-01 1.497850e+00  6.159370422171459722e+02  1.000000000000000000e+05  1.000000000000000000e+05  1.000000000000000000e+05
196 2745 1.958899e-01 1.502350e+00  6.159370422171459722e+02  1.000000000000000000e+05  1.000000000000000000e+05  1.000000000000000000e+05
197 2759 1.935063e-01 1.502385e+00  6.159370422171459722e+02  1.000000000000000000e+05  1.000000000000000000e+05  1.000000000000000000e+11
198 2773 1.918768e-01 1.502490e+00  6.159370422171459722e+02  1.000000000000000000e+05  1.000000000000000000e+05  1.000000000000000000e+05
199 2787 1.890649e-01 1.506160e+00  6.159370422171459722e+02  1.000000000000000000e+05  1.000000000000000000e+05  1.000000000000000000e+13
200 2801 1.815435e-01 1.506971e+00  6.159370422171459722e+02  1.000000000000000000e+05  1.000000000000000000e+05  1.000000000000000000e+05
201 2815 2.423297e-01 1.508653e+00  6.159370422171459722e+02  1.000000000000000000e+05  1.000000000000000000e+05  1.000000000000000000e+05
202 2829 2.335965e-01 1.507574e+00  6.159370422171459722e+02  1.000000000000000000e+05  1.000000000000000000e+05  1.000000000000000000e+05
203 2843 2.238884e-01 1.507513e+00  6.159370422171459722e+02  1.000000000000000000e+05  1.000000000000000000e+05  1.000000000000000000e+13
204 2857 2.170810e-01 1.508822e+00  6.159370422171459722e+02  1.000000000000000000e+05  1.000000000000000000e+05  1.000000000000000000e+11
205 2871 2.105295e-01 1.509263e+00  6.159370422171459722e+02  1.000000000000000000e+05  1.000000000000000000e+05  1.000000000000000000e+13
206 2885 2.036680e-01 1.512360e+00  6.159370422171459722e+02  1.000000000000000000e+05  1.000000000000000000e+05  1.000000000000000000e+13
207 2899 2.001231e-01 1.520664e+00  6.159370422171459722e+02  1.000000000000000000e+05  1.000000000000000000e+05  1.000000000000000000e+13
208 2913 1.970277e-01 1.522690e+00  6.159370422171459722e+02  1.000000000000000000e+05  1.000000000000000000e+05  1.000000000000000000e+13
209 2927 1.885036e-01 1.524893e+00  6.159370422171459722e+02  1.000000000000000000e+05  1.000000000000000000e+05  1.000000000000000000e+05
210 2941 1.776328e-01 1.523734e+00  6.159370422171459722e+02  1.000000000000000000e+05  1.000000000000000000e+05  1.000000000000000000e+05
211 2955 1.688543e-01 1.524077e+00  6.159370422171459722e+02  1.000000000000000000e+05  1.000000000000000000e+05  1.000000000000000000e+05
212 2969 1.632692e-01 1.526937e+00  6.159370422171459722e+02  1.000000000000000000e+05  1.000000000000000000e+05  1.000000000000000000e+05
213 2983 1.582568e-01 1.526616e+00  6.159370422171459722e+02  1.000000000000000000e+05  1.000000000000000000e+05  1.000000000000000000e+05
214 2997 1.540390e-01 1.533933e+00  6.159370422171459722e+02  1.000000000000000000e+05  1.000000000000000000e+05  1.000000000000000000e+05
215 3011 1.513303e-01 1.535172e+00  6.159370422171459722e+02  1.000000000000000000e+05  1.000000000000000000e+05  1.000000000000000000e+11
216 3025 2.051245e-01 1.537587e+00  6.159370422171459722e+02  1.000000000000000000e+05  1.000000000000000000e+05  1.000000000000000000e+05
217 3039 1.992011e-01 1.538482e+00  6.159370422171459722e+02  1.000000000000000000e+05  1.000000000000000000e+05  1.000000000000000000e+11
218 3053 1.940149e-01 1.539973e+00  6.159370422171459722e+02  1.000000000000000000e+05  1.000000000000000000e+05  1.000000000000000000e+11
219 3067 1.875847e-01 1.539683e+00  6.159370422171459722e+02  1.000000000000000000e+05  1.000000000000000000e+05  1.000000000000000000e+05
220 3081 1.822910e-01 1.539933e+00  6.159370422171459722e+02  1.000000000000000000e+05  1.000000000000000000e+05  1.000000000000000000e+05
221 3095 2.541086e-01 1.538466e+00  6.159370422171459722e+02  1.000000000000000000e+05  1.000000000000000000e+05  1.000000000000000000e+05
222 3109 2.511492e-01 1.534867e+00  6.159370422171459722e+02  1.000000000000000000e+05  1.000000000000000000e+05  1.000000000000000000e+05
223 3123 2.460323e-01 1.535083e+00  6.159370422171459722e+02  1.000000000000000000e+05  1.000000000000000000e+05  1.000000000000000000e+11
224 3137 2.410998e-01 1.534885e+00  6.159370422171459722e+02  3.027273252161674009e+03  1.000000000000000000e+05  1.000000000000000000e+13
225 3151 2.354708e-01 1.533555e+00  6.159370422171459722e+02  1.000000000000000000e+05  1.000000000000000000e+05  1.000000000000000000e+13
226 3165 2.295031e-01 1.533280e+00  6.159370422171459722e+02  1.000000000000000000e+05  1.000000000000000000e+05  1.000000000000000000e+11
227 3179 2.212494e-01 1.532392e+00  6.159370422171459722e+02  1.818727470730245614e+03  1.000000000000000000e+05  1.000000000000000000e+15
228 3193 2.132426e-01 1.531717e+00  6.159370422171459722e+02  1.000000000000000000e+05  1.000000000000000000e+05  1.000000000000000000e+05
229 3207 2.094197e-01 1.530805e+00  6.159370422171459722e+02  1.000000000000000000e+05  1.000000000000000000e+05  1.000000000000000000e+13
230 3221 2.027503e-01 1.528345e+00  6.159370422171459722e+02  1.000000000000000000e+05  1.000000000000000000e+05  1.000000000000000000e+05
231 3235 1.951433e-01 1.523333e+00  6.159370422171459722e+02  1.000000000000000000e+05  1.000000000000000000e+05  1.000000000000000000e+11
232 3249 1.853348e-01 1.523814e+00  6.159370422171459722e+02  1.000000000000000000e+05  1.000000000000000000e+05  1.000000000000000000e+05
233 3263 1.782696e-01 1.523135e+00  6.159370422171459722e+02  1.000000000000000000e+05  1.000000000000000000e+05  1.000000000000000000e+11
234 3277 1.687393e-01 1.526870e+00  6.159370422171459722e+02  1.000000000000000000e+05  1.000000000000000000e+05  1.000000000000000000e+11
235 3291 2.256903e-01 1.526381e+00  6.159370422171459722e+02  1.000000000000000000e+05  1.000000000000000000e+05  1.000000000000000000e+05
236 3305 2.162225e-01 1.526030e+00  6.159370422171459722e+02  1.000000000000000000e+05  1.000000000000000000e+05  1.000000000000000000e+11
237 3319 2.923525e-01 1.535452e+00  6.159370422171459722e+02  1.000000000000000000e+05  1.000000000000000000e+05  1.000000000000000000e+05
238 3333 2.852628e-01 1.536886e+00  6.159370422171459722e+02  1.000000000000000000e+05  1.000000000000000000e+05  1.000000000000000000e+13
239 3347 2.807058e-01 1.537916e+00  6.159370422171459722e+02  1.000000000000000000e+05  1.000000000000000000e+05  1.000000000000000000e+13
240 3361 2.782898e-01 1.539226e+00  6.159370422171459722e+02  1.000000000000000000e+05  1.000000000000000000e+05  1.000000000000000000e+05
241 3375 2.710960e-01 1.541400e+00  6.159370422171459722e+02  1.000000000000000000e+05  1.000000000000000000e+05  1.000000000000000000e+11
242 3389 2.620529e-01 1.539729e+00  6.159370422171459722e+02  1.000000000000000000e+05  1.000000000000000000e+05  1.000000000000000000e+13
243 3403 2.557270e-01 1.539884e+00  6.159370422171459722e+02  1.000000000000000000e+05  1.000000000000000000e+05  1.000000000000000000e+05
244 3417 2.501542e-01 1.541773e+00  6.159370422171459722e+02  1.000000000000000000e+05  1.000000000000000000e+05  1.000000000000000000e+13
245 3431 2.417200e-01 1.545478e+00  6.159370422171459722e+02  1.000000000000000000e+05  1.000000000000000000e+05  1.000000000000000000e+05
246 3445 2.346398e-01 1.548373e+00  6.159370422171459722e+02  1.000000000000000000e+05  1.000000000000000000e+05  1.000000000000000000e+05
247 3459 2.261365e-01 1.548369e+00  6.159370422171459722e+02  1.000000000000000000e+05  1.000000000000000000e+05  1.000000000000000000e+13
248 3473 2.163120e-01 1.546643e+00  6.159370422171459722e+02  1.000000000000000000e+05  1.000000000000000000e+05  1.000000000000000000e+05
249 3487 2.062481e-01 1.545137e+00  6.159370422171459722e+02  1.000000000000000000e+05  1.000000000000000000e+05  1.000000000000000000e+05
250 3501 1.992483e-01 1.546733e+00  6.159370422171459722e+02  1.000000000000000000e+05  1.000000000000000000e+05  1.000000000000000000e+05
251 3515 1.926956e-01 1.547149e+00  6.159370422171459722e+02  1.000000000000000000e+05  1.000000000000000000e+05  1.000000000000000000e+11
252 3529 1.867865e-01 1.543342e+00  6.159370422171459722e+02  1.000000000000000000e+05  1.000000000000000000e+05  1.000000000000000000e+13
253 3543 1.850580e-01 1.543161e+00  6.159370422171459722e+02  1.000000000000000000e+05  1.000000000000000000e+05  1.000000000000000000e+05
254 3557 2.558494e-01 1.552891e+00  6.159370422171459722e+02  1.000000000000000000e+05  1.000000000000000000e+05  1.000000000000000000e+05
255 3571 2.511138e-01 1.556041e+00  6.159370422171459722e+02  1.000000000000000000e+05  1.000000000000000000e+05  1.000000000000000000e+05
256 3585 2.485044e-01 1.566125e+00  6.159370422171459722e+02  1.000000000000000000e+05  1.000000000000000000e+05  1.000000000000000000e+05
257 3599 2.446189e-01 1.574815e+00  6.159370422171459722e+02  1.000000000000000000e+05  1.000000000000000000e+05  1.000000000000000000e+05
258 3613 2.367201e-01 1.583714e+00  6.159370422171459722e+02  1.000000000000000000e+05  1.000000000000000000e+05  1.000000000000000000e+05
259 3627 2.313809e-01 1.588614e+00  6.159370422171459722e+02  1.000000000000000000e+05  1.000000000000000000e+05  1.000000000000000000e+05
260 3641 2.233746e-01 1.594017e+00  6.159370422171459722e+02  4.663271145904344849e+03  1.000000000000000000e+05  1.000000000000000000e+13
261 3655 2.131063e-01 1.596590e+00  6.159370422171459722e+02  1.000000000000000000e+05  1.000000000000000000e+05  1.000000000000000000e+13
262 3669 2.050395e-01 1.597758e+00  6.159370422171459722e+02  1.000000000000000000e+05  1.000000000000000000e+05  1.000000000000000000e+13
263 3683 1.936120e-01 1.599291e+00  6.159370422171459722e+02  1.000000000000000000e+05  1.000000000000000000e+05  1.000000000000000000e+13
264 3697 1.848834e-01 1.601635e+00  6.159370422171459722e+02  1.000000000000000000e+05  1.000000000000000000e+05  1.000000000000000000e+13
265 3711 1.787988e-01 1.602404e+00  6.159370422171459722e+02  1.000000000000000000e+05  1.000000000000000000e+05  1.000000000000000000e+05
266 3725 2.399829e-01 1.604026e+00  6.159370422171459722e+02  1.000000000000000000e+05  1.000000000000000000e+05  1.000000000000000000e+05
267 3739 2.310542e-01 1.607150e+00  6.159370422171459722e+02  1.000000000000000000e+05  1.000000000000000000e+05  1.000000000000000000e+13
268 3753 2.205104e-01 1.610781e+00  6.159370422171459722e+02  1.000000000000000000e+05  1.000000000000000000e+05  1.000000000000000000e+13
269 3767 2.131516e-01 1.616241e+00  4.265126394311431000e+02  4.265126394311431000e+02  1.000000000000000000e+05  1.000000000000000000e+18
270 3781 2.053370e-01 1.623662e+00  4.265126394311431000e+02  1.000000000000000000e+05  1.000000000000000000e+05  1.000000000000000000e+11
271 3795 1.968915e-01 1.624093e+00  4.265126394311431000e+02  1.000000000000000000e+05  1.000000000000000000e+05  1.000000000000000000e+13
272 3809 1.918352e-01 1.621536e+00  4.265126394311431000e+02  1.000000000000000000e+05  1.000000000000000000e+05  1.000000000000000000e+11
273 3823 1.838413e-01 1.620568e+00  4.265126394311431000e+02  1.000000000000000000e+05  1.000000000000000000e+05  1.000000000000000000e+18
274 3837 1.778490e-01 1.634965e+00  4.265126394311431000e+02  1.000000000000000000e+05  1.000000000000000000e+05  1.000000000000000000e+05
275 3851 1.703624e-01 1.639721e+00  4.265126394311431000e+02  1.000000000000000000e+05  1.000000000000000000e+05  1.000000000000000000e+05
276 3865 2.274763e-01 1.643565e+00  4.265126394311431000e+02  1.000000000000000000e+05  1.000000000000000000e+05  1.000000000000000000e+05
277 3879 2.210406e-01 1.646518e+00  4.265126394311431000e+02  1.000000000000000000e+05  1.000000000000000000e+05  1.000000000000000000e+05
278 3893 2.142238e-01 1.647149e+00  4.265126394311431000e+02  1.000000000000000000e+05  1.000000000000000000e+05  1.000000000000000000e+05
279 3907 2.115393e-01 1.651304e+00  4.265126394311431000e+02  1.000000000000000000e+05  1.000000000000000000e+05  1.000000000000000000e+18
280 3921 2.100542e-01 1.650208e+00  4.265126394311431000e+02  1.000000000000000000e+05  1.000000000000000000e+05  1.000000000000000000e+05
281 3935 2.059315e-01 1.647978e+00  2.971618304302900242e+02  2.971618304302900242e+02  1.000000000000000000e+05  1.000000000000000000e+05
282 3949 2.009951e-01 1.653212e+00  2.971618304302900242e+02  1.000000000000000000e+05  1.000000000000000000e+05  1.000000000000000000e+05
283 3963 2.696473e-01 1.654905e+00  2.971618304302900242e+02  1.000000000000000000e+05  1.000000000000000000e+05  1.000000000000000000e+05
284 3977 2.598229e-01 1.655161e+00  2.971618304302900242e+02  1.000000000000000000e+05  1.000000000000000000e+05  1.000000000000000000e+13
285 3991 2.533379e-01 1.659188e+00  2.971618304302900242e+02  1.000000000000000000e+05  1.000000000000000000e+05  1.000000000000000000e+13
286 4005 2.487605e-01 1.661026e+00  2.971618304302900242e+02  1.000000000000000000e+05  1.000000000000000000e+05  1.000000000000000000e+05
287 4019 2.447406e-01 1.661712e+00  2.971618304302900242e+02  1.000000000000000000e+05  1.000000000000000000e+05  1.000000000000000000e+05
288 4033 2.377780e-01 1.663439e+00  2.971618304302900242e+02  1.000000000000000000e+05  1.000000000000000000e+05  1.000000000000000000e+11
289 4047 2.280336e-01 1.661219e+00  2.971618304302900242e+02  1.000000000000000000e+05  1.000000000000000000e+05  1.000000000000000000e+05
290 4061 3.029736e-01 1.659887e+00  2.971618304302900242e+02  1.000000000000000000e+05  1.000000000000000000e+05  1.000000000000000000e+05
291 4075 2.873673e-01 1.661737e+00  2.971618304302900242e+02  1.000000000000000000e+05  1.000000000000000000e+05  1.000000000000000000e+11
292 4089 2.822901e-01 1.661074e+00  2.971618304302900242e+02  1.000000000000000000e+05  1.000000000000000000e+05  1.000000000000000000e+18
293 4103 2.730544e-01 1.662036e+00  2.971618304302900242e+02  1.000000000000000000e+05  1.000000000000000000e+05  1.000000000000000000e+05
294 4117 2.625705e-01 1.663141e+00  2.971618304302900242e+02  1.000000000000000000e+05  1.000000000000000000e+05  1.000000000000000000e+18
295 4131 2.529414e-01 1.663112e+00  2.971618304302900242e+02  1.000000000000000000e+05  1.000000000000000000e+05  1.000000000000000000e+05
296 4145 2.460814e-01 1.664529e+00  2.971618304302900242e+02  1.000000000000000000e+05  1.000000000000000000e+05  1.000000000000000000e+11
297 4159 2.410948e-01 1.669305e+00  2.971618304302900242e+02  1.000000000000000000e+05  1.000000000000000000e+05  1.000000000000000000e+05
298 4173 2.346418e-01 1.673462e+00  2.971618304302900242e+02  1.000000000000000000e+05  1.000000000000000000e+05  1.000000000000000000e+13
299 4187 2.318112e-01 1.666665e+00  2.971618304302900242e+02  1.000000000000000000e+05  1.000000000000000000e+05  1.000000000000000000e+05
300 4201 2.256120e-01 1.669367e+00  2.971618304302900242e+02  1.000000000000000000e+05  1.000000000000000000e+05  1.000000000000000000e+05
301 4215 2.193221e-01 1.671787e+00  2.971618304302900242e+02  1.000000000000000000e+05  1.000000000000000000e+05  1.000000000000000000e+05
302 4229 2.126339e-01 1.669512e+00  2.971618304302900242e+02  1.000000000000000000e+05  1.000000000000000000e+05  1.000000000000000000e+11
303 4243 2.089753e-01 1.672383e+00  2.971618304302900242e+02  1.000000000000000000e+05  1.000000000000000000e+05  1.000000000000000000e+11
304 4257 2.060517e-01 1.672974e+00  2.971618304302900242e+02  1.000000000000000000e+05  1.000000000000000000e+05  1.000000000000000000e+05
305 4271 2.018611e-01 1.675720e+00  2.971618304302900242e+02  1.000000000000000000e+05  1.000000000000000000e+05  1.000000000000000000e+05
306 4285 1.985198e-01 1.677077e+00  2.971618304302900242e+02  1.000000000000000000e+05  1.000000000000000000e+05  1.000000000000000000e+05
307 4299 1.924202e-01 1.684704e+00  2.971618304302900242e+02  1.000000000000000000e+05  1.000000000000000000e+05  1.000000000000000000e+05
308 4313 1.892778e-01 1.684419e+00  2.971618304302900242e+02  1.000000000000000000e+05  1.000000000000000000e+05  1.000000000000000000e+05
309 4327 1.842442e-01 1.687218e+00  2.971618304302900242e+02  1.000000000000000000e+05  1.000000000000000000e+05  1.000000000000000000e+05
310 4341 1.791700e-01 1.688379e+00  2.971618304302900242e+02  1.000000000000000000e+05  1.000000000000000000e+05  1.000000000000000000e+05
311 4355 1.743300e-01 1.687219e+00  2.971618304302900242e+02  1.000000000000000000e+05  1.000000000000000000e+05  1.000000000000000000e+05
312 4369 1.706616e-01 1.687004e+00  2.971618304302900242e+02  1.000000000000000000e+05  1.000000000000000000e+05  1.000000000000000000e+05
313 4383 1.718538e-01 1.688999e+00  2.971618304302900242e+02  1.000000000000000000e+05  1.000000000000000000e+05  1.000000000000000000e+05
314 4397 1.737850e-01 1.693269e+00  2.971618304302900242e+02  1.000000000000000000e+05  1.000000000000000000e+05  1.000000000000000000e+05
315 4411 1.743588e-01 1.695595e+00  2.971618304302900242e+02  1.000000000000000000e+05  1.000000000000000000e+05  1.000000000000000000e+05
316 4425 1.730064e-01 1.696927e+00  2.971618304302900242e+02  1.000000000000000000e+05  1.000000000000000000e+05  1.000000000000000000e+05
317 4439 1.729749e-01 1.696772e+00  2.971618304302900242e+02  1.000000000000000000e+05  1.000000000000000000e+05  1.000000000000000000e+05
318 4453 2.372006e-01 1.708619e+00  2.971618304302900242e+02  1.000000000000000000e+05  1.000000000000000000e+05  1.000000000000000000e+05
319 4467 2.287913e-01 1.712371e+00  2.971618304302900242e+02  1.000000000000000000e+05  1.000000000000000000e+05  1.000000000000000000e+05
320 4481 2.246426e-01 1.713162e+00  2.971618304302900242e+02  1.000000000000000000e+05  1.000000000000000000e+05  1.000000000000000000e+05
321 4495 2.180281e-01 1.713560e+00  2.971618304302900242e+02  1.000000000000000000e+05  1.000000000000000000e+05  1.000000000000000000e+05
322 4509 2.127241e-01 1.718155e+00  2.971618304302900242e+02  1.000000000000000000e+05  1.000000000000000000e+05  1.000000000000000000e+05
323 4523 2.086069e-01 1.720589e+00  2.971618304302900242e+02  1.000000000000000000e+05  1.000000000000000000e+05  1.000000000000000000e+05
324 4537 2.079158e-01 1.718139e+00  2.971618304302900242e+02  1.000000000000000000e+05  1.000000000000000000e+05  1.000000000000000000e+05
325 4551 2.051577e-01 1.722541e+00  2.971618304302900242e+02  1.000000000000000000e+05  1.000000000000000000e+05  1.000000000000000000e+05
326 4565 1.992818e-01 1.724000e+00  2.971618304302900242e+02  1.000000000000000000e+05  1.000000000000000000e+05  1.000000000000000000e+05
327 4579 1.970677e-01 1.720454e+00  2.971618304302900242e+02  1.000000000000000000e+05  1.000000000000000000e+05  1.000000000000000000e+05
328 4593 1.903497e-01 1.726983e+00  2.971618304302900242e+02  1.000000000000000000e+05  1.000000000000000000e+05  1.000000000000000000e+05
329 4607 1.844053e-01 1.725170e+00  2.971618304302900242e+02  1.000000000000000000e+05  1.000000000000000000e+05  1.000000000000000000e+05
330 4621 1.797474e-01 1.719667e+00  2.971618304302900242e+02  1.000000000000000000e+05  1.000000000000000000e+05  1.000000000000000000e+05
331 4635 1.740641e-01 1.722251e+00  2.971618304302900242e+02  1.000000000000000000e+05  1.000000000000000000e+05  1.000000000000000000e+11
332 4649 1.698500e-01 1.719087e+00  2.971618304302900242e+02  1.000000000000000000e+05  1.000000000000000000e+05  1.000000000000000000e+05
333 4663 1.672252e-01 1.722778e+00  2.971618304302900242e+02  1.000000000000000000e+05  1.000000000000000000e+05  1.000000000000000000e+05
334 4677 1.671529e-01 1.724310e+00  2.971618304302900242e+02  1.000000000000000000e+05  1.000000000000000000e+05  1.000000000000000000e+05
335 4691 1.620566e-01 1.724378e+00  2.971618304302900242e+02  1.000000000000000000e+05  1.000000000000000000e+05  1.000000000000000000e+05
336 4705 1.570437e-01 1.723759e+00  2.971618304302900242e+02  1.000000000000000000e+05  1.000000000000000000e+05  1.000000000000000000e+05
337 4719 2.171082e-01 1.725186e+00  2.971618304302900242e+02  1.000000000000000000e+05  1.000000000000000000e+05  1.000000000000000000e+05
338 4733 2.132991e-01 1.727522e+00  2.971618304302900242e+02  1.000000000000000000e+05  1.000000000000000000e+05  1.000000000000000000e+05
339 4747 2.076083e-01 1.731144e+00  2.971618304302900242e+02  1.000000000000000000e+05  1.000000000000000000e+05  1.000000000000000000e+05
340 4761 2.032656e-01 1.732138e+00  2.971618304302900242e+02  1.000000000000000000e+05  1.000000000000000000e+05  1.000000000000000000e+05
341 4775 1.983175e-01 1.731008e+00  2.971618304302900242e+02  1.000000000000000000e+05  1.000000000000000000e+05  1.000000000000000000e+05
342 4789 1.940873e-01 1.730915e+00  2.971618304302900242e+02  1.000000000000000000e+05  1.000000000000000000e+05  1.000000000000000000e+05
343 4803 1.895624e-01 1.737556e+00  2.971618304302900242e+02  1.000000000000000000e+05  1.000000000000000000e+05  1.000000000000000000e+05
344 4817 1.871066e-01 1.732741e+00  2.971618304302900242e+02  1.000000000000000000e+05  1.000000000000000000e+05  1.000000000000000000e+05
345 4831 1.794055e-01 1.736470e+00  2.971618304302900242e+02  1.000000000000000000e+05  1.000000000000000000e+05  1.000000000000000000e+05
346 4845 1.696454e-01 1.739570e+00  2.971618304302900242e+02  1.000000000000000000e+05  1.000000000000000000e+05  1.000000000000000000e+05
347 4859 1.640681e-01 1.737162e+00  2.971618304302900242e+02  1.000000000000000000e+05  1.000000000000000000e+05  1.000000000000000000e+05
348 4873 1.610513e-01 1.746584e+00  2.971618304302900242e+02  1.000000000000000000e+05  1.000000000000000000e+05  1.000000000000000000e+05
349 4887 2.192489e-01 1.752835e+00  2.971618304302900242e+02  1.000000000000000000e+05  1.000000000000000000e+05  1.000000000000000000e+05
350 4901 2.199774e-01 1.754436e+00  2.971618304302900242e+02  1.000000000000000000e+05  1.000000000000000000e+05  1.000000000000000000e+05
351 4915 2.181212e-01 1.757723e+00  2.971618304302900242e+02  1.000000000000000000e+05  1.000000000000000000e+05  1.000000000000000000e+05
352 4929 2.137070e-01 1.756586e+00  2.971618304302900242e+02  1.000000000000000000e+05  1.000000000000000000e+05  1.000000000000000000e+05
353 4943 2.088980e-01 1.757807e+00  2.971618304302900242e+02  1.000000000000000000e+05  1.000000000000000000e+05  1.000000000000000000e+11
354 4957 1.960027e-01 1.754287e+00  2.971618304302900242e+02  1.000000000000000000e+05  1.000000000000000000e+05  1.000000000000000000e+13
355 4971 2.635161e-01 1.753636e+00  2.971618304302900242e+02  1.000000000000000000e+05  1.000000000000000000e+05  1.000000000000000000e+11
356 4985 2.543057e-01 1.755466e+00  2.971618304302900242e+02  1.000000000000000000e+05  1.000000000000000000e+05  1.000000000000000000e+18
357 4999 2.467653e-01 1.754277e+00  2.971618304302900242e+02  1.000000000000000000e+05  1.000000000000000000e+05  1.000000000000000000e+11
358 5013 2.383943e-01 1.759585e+00  2.971618304302900242e+02  6.471432486875823997e+02  1.000000000000000000e+05  1.000000000000000000e+18
359 5027 2.312810e-01 1.762912e+00  2.971618304302900242e+02  2.537141080601867543e+03  1.000000000000000000e+05  1.000000000000000000e+18
360 5041 2.249985e-01 1.766149e+00  2.971618304302900242e+02  5.167099322017119221e+02  1.000000000000000000e+05  1.000000000000000000e+18
361 5055 2.222584e-01 1.771404e+00  2.971618304302900242e+02  1.000000000000000000e+05  1.000000000000000000e+05  1.000000000000000000e+16
362 5069 2.177503e-01 1.776181e+00  2.971618304302900242e+02  1.000000000000000000e+05  1.000000000000000000e+05  1.000000000000000000e+05
363 5083 2.127935e-01 1.776123e+00  2.971618304302900242e+02  1.000000000000000000e+05  1.000000000000000000e+05  1.000000000000000000e+11
364 5097 2.108318e-01 1.772353e+00  2.971618304302900242e+02  1.356199045782046824e+03  1.000000000000000000e+05  1.000000000000000000e+11
365 5111 2.087764e-01 1.775181e+00  2.971618304302900242e+02  1.000000000000000000e+05  1.000000000000000000e+05  1.000000000000000000e+05
366 5125 2.047311e-01 1.768977e+00  2.971618304302900242e+02  1.000000000000000000e+05  1.000000000000000000e+05  1.000000000000000000e+13
367 5139 1.981380e-01 1.767930e+00  2.971618304302900242e+02  1.000000000000000000e+05  1.000000000000000000e+05  1.000000000000000000e+13
368 5153 1.936808e-01 1.771574e+00  2.971618304302900242e+02  1.000000000000000000e+05  1.000000000000000000e+05  1.000000000000000000e+05
369 5167 1.908919e-01 1.765310e+00  2.971618304302900242e+02  1.000000000000000000e+05  1.000000000000000000e+05  1.000000000000000000e+05
370 5181 1.873063e-01 1.765923e+00  2.971618304302900242e+02  1.000000000000000000e+05  1.000000000000000000e+05  1.000000000000000000e+11
371 5195 2.569715e-01 1.761253e+00  2.971618304302900242e+02  1.000000000000000000e+05  1.000000000000000000e+05  1.000000000000000000e+05
372 5209 2.482442e-01 1.764478e+00  2.971618304302900242e+02  1.000000000000000000e+05  1.000000000000000000e+05  1.000000000000000000e+05
373 5223 2.364982e-01 1.765867e+00  2.971618304302900242e+02  1.000000000000000000e+05  1.000000000000000000e+05  1.000000000000000000e+05
374 5237 2.275128e-01 1.763207e+00  2.971618304302900242e+02  1.000000000000000000e+05  1.000000000000000000e+05  1.000000000000000000e+11
375 5251 2.156193e-01 1.769255e+00  2.971618304302900242e+02  1.000000000000000000e+05  1.000000000000000000e+05  1.000000000000000000e+05
376 5265 2.844937e-01 1.772407e+00  2.971618304302900242e+02  1.000000000000000000e+05  1.000000000000000000e+05  1.000000000000000000e+15
377 5279 2.687287e-01 1.773373e+00  2.971618304302900242e+02  1.000000000000000000e+05  1.000000000000000000e+05  1.000000000000000000e+05
378 5293 2.576808e-01 1.776805e+00  2.971618304302900242e+02  1.000000000000000000e+05  1.000000000000000000e+05  1.000000000000000000e+11
379 5307 2.482186e-01 1.778366e+00  2.971618304302900242e+02  1.000000000000000000e+05  1.000000000000000000e+05  1.000000000000000000e+05
380 5321 2.380793e-01 1.778369e+00  2.971618304302900242e+02  1.000000000000000000e+05  1.000000000000000000e+05  1.000000000000000000e+05
381 5335 2.311744e-01 1.778995e+00  2.808057838202945504e+02  2.808057838202945504e+02  1.000000000000000000e+05  1.000000000000000000e+11
382 5349 2.240252e-01 1.779770e+00  2.808057838202945504e+02  7.141023880186194219e+02  1.000000000000000000e+05  1.000000000000000000e+13
383 5363 2.156340e-01 1.784197e+00  2.808057838202945504e+02  1.000000000000000000e+05  1.000000000000000000e+05  1.000000000000000000e+18
384 5377 2.077550e-01 1.782272e+00  2.808057838202945504e+02  3.392353634175373145e+02  1.000000000000000000e+05  1.000000000000000000e+18
385 5391 1.983792e-01 1.783036e+00  2.808057838202945504e+02  1.000000000000000000e+05  1.000000000000000000e+05  1.000000000000000000e+11
386 5405 1.916081e-01 1.780793e+00  2.808057838202945504e+02  1.000000000000000000e+05  1.000000000000000000e+05  1.000000000000000000e+11
387 5419 1.863257e-01 1.786486e+00  2.808057838202945504e+02  1.000000000000000000e+05  1.000000000000000000e+05  1.000000000000000000e+05
388 5433 1.821678e-01 1.784014e+00  2.808057838202945504e+02  1.000000000000000000e+05  1.000000000000000000e+05  1.000000000000000000e+05
389 5447 2.449131e-01 1.780189e+00  2.699590216015120063e+02  2.699590216015120063e+02  1.000000000000000000e+05  1.000000000000000000e+11
390 5461 2.332667e-01 1.778717e+00  2.699590216015120063e+02  1.000000000000000000e+05  1.000000000000000000e+05  1.000000000000000000e+05
391 5475 2.294050e-01 1.779136e+00  2.699590216015120063e+02  1.000000000000000000e+05  1.000000000000000000e+05  1.000000000000000000e+11
392 5489 2.251685e-01 1.784006e+00  2.699590216015120063e+02  1.000000000000000000e+05  1.000000000000000000e+05  1.000000000000000000e+11
393 5503 2.217430e-01 1.785533e+00  2.699590216015120063e+02  1.000000000000000000e+05  1.000000000000000000e+05  1.000000000000000000e+11
394 5517 2.135091e-01 1.785721e+00  2.699590216015120063e+02  1.000000000000000000e+05  1.000000000000000000e+05  1.000000000000000000e+16
395 5531 2.060597e-01 1.783848e+00  2.699590216015120063e+02  1.000000000000000000e+05  1.000000000000000000e+05  1.000000000000000000e+11
396 5545 2.001347e-01 1.784987e+00  2.699590216015120063e+02  9.257335972949750840e+02  1.000000000000000000e+05  1.000000000000000000e+11
397 5559 1.966339e-01 1.783659e+00  2.699590216015120063e+02  4.558804734530097562e+02  1.000000000000000000e+05  1.000000000000000000e+18
398 5573 1.926195e-01 1.789554e+00  2.699590216015120063e+02  1.000000000000000000e+05  1.000000000000000000e+05  1.000000000000000000e+18
399 5587 1.871300e-01 1.792787e+00  2.699590216015120063e+02  1.000000000000000000e+05  1.000000000000000000e+05  1.000000000000000000e+05
400 5601 1.820593e-01 1.791532e+00  2.699590216015120063e+02  1.000000000000000000e+05  1.000000000000000000e+05  1.000000000000000000e+05
401 5615 1.763950e-01 1.790728e+00  2.699590216015120063e+02  1.000000000000000000e+05  1.000000000000000000e+05  1.000000000000000000e+05
402 5629 1.694511e-01 1.796637e+00  2.699590216015120063e+02  1.000000000000000000e+05  1.000000000000000000e+05  1.000000000000000000e+05
403 5643 2.281616e-01 1.795017e+00  2.699590216015120063e+02  1.000000000000000000e+05  1.000000000000000000e+05  1.000000000000000000e+05
404 5657 2.210747e-01 1.793712e+00  2.699590216015120063e+02  1.000000000000000000e+05  1.000000000000000000e+05  1.000000000000000000e+05
405 5671 2.153318e-01 1.792705e+00  2.699590216015120063e+02  1.000000000000000000e+05  1.000000000000000000e+05  1.000000000000000000e+05
406 5685 2.073843e-01 1.794011e+00  2.699590216015120063e+02  1.000000000000000000e+05  1.000000000000000000e+05  1.000000000000000000e+05
407 5699 1.987989e-01 1.794522e+00  2.699590216015120063e+02  1.000000000000000000e+05  1.000000000000000000e+05  1.000000000000000000e+13
408 5713 1.886107e-01 1.793411e+00  2.699590216015120063e+02  1.000000000000000000e+05  1.000000000000000000e+05  1.000000000000000000e+05
409 5727 1.790059e-01 1.789696e+00  2.699590216015120063e+02  1.000000000000000000e+05  1.000000000000000000e+05  1.000000000000000000e+05
410 5741 2.382680e-01 1.792391e+00  2.699590216015120063e+02  1.000000000000000000e+05  1.000000000000000000e+05  1.000000000000000000e+05
411 5755 2.273618e-01 1.795303e+00  2.699590216015120063e+02  1.000000000000000000e+05  1.000000000000000000e+05  1.000000000000000000e+05
412 5769 2.192240e-01 1.791672e+00  2.699590216015120063e+02  1.000000000000000000e+05  1.000000000000000000e+05  1.000000000000000000e+05
413 5783 2.951370e-01 1.792509e+00  2.699590216015120063e+02  1.000000000000000000e+05  1.000000000000000000e+05  1.000000000000000000e+05
414 5797 2.869332e-01 1.791822e+00  2.699590216015120063e+02  1.000000000000000000e+05  1.000000000000000000e+05  1.000000000000000000e+11
415 5811 2.808646e-01 1.792274e+00  2.699590216015120063e+02  1.000000000000000000e+05  1.000000000000000000e+05  1.000000000000000000e+11
416 5825 2.711422e-01 1.793877e+00  2.699590216015120063e+02  1.000000000000000000e+05  1.000000000000000000e+05  1.000000000000000000e+05
417 5839 2.623193e-01 1.787827e+00  2.699590216015120063e+02  1.000000000000000000e+05  1.000000000000000000e+05  1.000000000000000000e+05
418 5853 2.508737e-01 1.788010e+00  2.699590216015120063e+02  1.000000000000000000e+05  1.000000000000000000e+05  1.000000000000000000e+05
419 5867 2.378449e-01 1.784617e+00  2.699590216015120063e+02  1.000000000000000000e+05  1.000000000000000000e+05  1.000000000000000000e+05
420 5881 2.273759e-01 1.786056e+00  2.699590216015120063e+02  1.000000000000000000e+05  1.000000000000000000e+05  1.000000000000000000e+11
421 5895 2.178344e-01 1.785280e+00  2.699590216015120063e+02  1.000000000000000000e+05  1.000000000000000000e+05  1.000000000000000000e+05
422 5909 2.087854e-01 1.781471e+00  2.699590216015120063e+02  1.000000000000000000e+05  1.000000000000000000e+05  1.000000000000000000e+05
423 5923 2.013441e-01 1.782233e+00  2.699590216015120063e+02  1.000000000000000000e+05  1.000000000000000000e+05  1.000000000000000000e+05
424 5937 1.961103e-01 1.786427e+00  2.699590216015120063e+02  1.000000000000000000e+05  1.000000000000000000e+05  1.000000000000000000e+11
425 5951 2.660558e-01 1.786495e+00  2.699590216015120063e+02  1.000000000000000000e+05  1.000000000000000000e+05  1.000000000000000000e+05
426 5965 2.616222e-01 1.784856e+00  2.699590216015120063e+02  1.000000000000000000e+05  1.000000000000000000e+05  1.000000000000000000e+05
427 5979 2.525377e-01 1.783524e+00  2.699590216015120063e+02  1.000000000000000000e+05  1.000000000000000000e+05  1.000000000000000000e+05
428 5993 2.457401e-01 1.781520e+00  2.699590216015120063e+02  1.000000000000000000e+05  1.000000000000000000e+05  1.000000000000000000e+05
429 6007 2.385323e-01 1.782361e+00  2.699590216015120063e+02  1.000000000000000000e+05  1.000000000000000000e+05  1.000000000000000000e+05
430 6021 2.306054e-01 1.782627e+00  2.699590216015120063e+02  1.000000000000000000e+05  1.000000000000000000e+05  1.000000000000000000e+05
431 6035 2.230943e-01 1.783859e+00  2.699590216015120063e+02  1.000000000000000000e+05  1.000000000000000000e+05  1.000000000000000000e+05
432 6049 2.153267e-01 1.782214e+00  2.699590216015120063e+02  1.000000000000000000e+05  1.000000000000000000e+05  1.000000000000000000e+05
433 6063 2.111754e-01 1.783146e+00  2.699590216015120063e+02  1.000000000000000000e+05  1.000000000000000000e+05  1.000000000000000000e+05
434 6077 2.048984e-01 1.781215e+00  2.699590216015120063e+02  1.000000000000000000e+05  1.000000000000000000e+05  1.000000000000000000e+05
435 6091 1.976903e-01 1.783697e+00  2.699590216015120063e+02  1.000000000000000000e+05  1.000000000000000000e+05  1.000000000000000000e+05
436 6105 1.909886e-01 1.790052e+00  2.699590216015120063e+02  1.000000000000000000e+05  1.000000000000000000e+05  1.000000000000000000e+05
437 6119 2.636934e-01 1.785574e+00  2.699590216015120063e+02  1.000000000000000000e+05  1.000000000000000000e+05  1.000000000000000000e+05
438 6133 2.594465e-01 1.786786e+00  2.699590216015120063e+02  1.000000000000000000e+05  1.000000000000000000e+05  1.000000000000000000e+11
439 6147 2.511484e-01 1.789863e+00  2.699590216015120063e+02  1.000000000000000000e+05  1.000000000000000000e+05  1.000000000000000000e+05
440 6161 2.455173e-01 1.788696e+00  2.699590216015120063e+02  1.000000000000000000e+05  1.000000000000000000e+05  1.000000000000000000e+18
441 6175 2.360373e-01 1.792725e+00  2.699590216015120063e+02  1.000000000000000000e+05  1.000000000000000000e+05  1.000000000000000000e+13
442 6189 2.280563e-01 1.794352e+00  2.699590216015120063e+02  1.000000000000000000e+05  1.000000000000000000e+05  1.000000000000000000e+05
443 6203 2.206505e-01 1.797601e+00  2.699590216015120063e+02  1.000000000000000000e+05  1.000000000000000000e+05  1.000000000000000000e+17
444 6217 2.139365e-01 1.800506e+00  2.699590216015120063e+02  1.000000000000000000e+05  1.000000000000000000e+05  1.000000000000000000e+11
445 6231 2.077075e-01 1.802841e+00  2.699590216015120063e+02  1.000000000000000000e+05  1.000000000000000000e+05  1.000000000000000000e+05
446 6245 2.003336e-01 1.797632e+00  2.699590216015120063e+02  1.000000000000000000e+05  1.000000000000000000e+05  1.000000000000000000e+05
447 6259 1.939493e-01 1.795496e+00  2.699590216015120063e+02  1.000000000000000000e+05  1.000000000000000000e+05  1.000000000000000000e+05
448 6273 2.625923e-01 1.793739e+00  2.699590216015120063e+02  1.000000000000000000e+05  1.000000000000000000e+05  1.000000000000000000e+05
449 6287 2.547398e-01 1.792111e+00  2.699590216015120063e+02  1.000000000000000000e+05  1.000000000000000000e+05  1.000000000000000000e+18
450 6301 2.507252e-01 1.790654e+00  2.699590216015120063e+02  2.734872115290219767e+02  1.000000000000000000e+05  1.000000000000000000e+11
451 6315 2.496196e-01 1.790585e+00  2.699590216015120063e+02  2.806012169864411590e+02  1.000000000000000000e+05  1.000000000000000000e+18
452 6329 2.458163e-01 1.787857e+00  2.699590216015120063e+02  9.832947744826844882e+02  1.000000000000000000e+05  1.000000000000000000e+15
453 6343 2.414754e-01 1.787101e+00  2.699590216015120063e+02  2.734849595475989759e+02  1.000000000000000000e+05  1.000000000000000000e+05
454 6357 2.363082e-01 1.786555e+00  2.699590216015120063e+02  5.241306933445580398e+03  1.000000000000000000e+05  1.000000000000000000e+05
455 6371 2.282072e-01 1.784524e+00  2.699590216015120063e+02  1.000000000000000000e+05  1.000000000000000000e+05  1.000000000000000000e+05
456 6385 2.192637e-01 1.786867e+00  2.699590216015120063e+02  1.000000000000000000e+05  1.000000000000000000e+05  1.000000000000000000e+05
457 6399 2.129626e-01 1.781744e+00  2.699590216015120063e+02  1.000000000000000000e+05  1.000000000000000000e+05  1.000000000000000000e+05
458 6413 2.071996e-01 1.781457e+00  2.699590216015120063e+02  1.000000000000000000e+05  1.000000000000000000e+05  1.000000000000000000e+05
459 6427 2.838350e-01 1.782348e+00  2.699590216015120063e+02  1.000000000000000000e+05  1.000000000000000000e+05  1.000000000000000000e+05
460 6441 2.759783e-01 1.785434e+00  2.699590216015120063e+02  1.000000000000000000e+05  1.000000000000000000e+05  1.000000000000000000e+05
461 6455 2.667414e-01 1.786878e+00  2.699590216015120063e+02  1.000000000000000000e+05  1.000000000000000000e+05  1.000000000000000000e+05
462 6469 2.599399e-01 1.786280e+00  2.699590216015120063e+02  1.000000000000000000e+05  1.000000000000000000e+05  1.000000000000000000e+05
463 6483 2.531880e-01 1.783323e+00  2.699590216015120063e+02  1.000000000000000000e+05  1.000000000000000000e+05  1.000000000000000000e+05
464 6497 2.458905e-01 1.776094e+00  2.699590216015120063e+02  1.000000000000000000e+05  1.000000000000000000e+05  1.000000000000000000e+05
465 6511 2.374026e-01 1.775793e+00  2.699590216015120063e+02  1.000000000000000000e+05  1.000000000000000000e+05  1.000000000000000000e+05
466 6525 2.315040e-01 1.775789e+00  2.699590216015120063e+02  1.000000000000000000e+05  1.000000000000000000e+05  1.000000000000000000e+05
467 6539 2.313067e-01 1.777452e+00  2.699590216015120063e+02  1.000000000000000000e+05  1.000000000000000000e+05  1.000000000000000000e+05
468 6553 2.293537e-01 1.777148e+00  2.699590216015120063e+02  1.000000000000000000e+05  1.000000000000000000e+05  1.000000000000000000e+05
469 6567 2.221712e-01 1.781928e+00  2.699590216015120063e+02  1.000000000000000000e+05  1.000000000000000000e+05  1.000000000000000000e+05
470 6581 2.143717e-01 1.780715e+00  2.699590216015120063e+02  1.000000000000000000e+05  1.000000000000000000e+05  1.000000000000000000e+05
471 6595 2.044146e-01 1.782331e+00  2.699590216015120063e+02  1.000000000000000000e+05  1.000000000000000000e+05  1.000000000000000000e+05
472 6609 1.945233e-01 1.786033e+00  2.699590216015120063e+02  1.000000000000000000e+05  1.000000000000000000e+05  1.000000000000000000e+05
473 6623 1.850789e-01 1.785631e+00  2.699590216015120063e+02  1.000000000000000000e+05  1.000000000000000000e+05  1.000000000000000000e+05
474 6637 1.766356e-01 1.782899e+00  2.699590216015120063e+02  1.000000000000000000e+05  1.000000000000000000e+05  1.000000000000000000e+05
475 6651 2.368813e-01 1.782022e+00  2.699590216015120063e+02  1.000000000000000000e+05  1.000000000000000000e+05  1.000000000000000000e+05
476 6665 2.282854e-01 1.781449e+00  2.699590216015120063e+02  1.000000000000000000e+05  1.000000000000000000e+05  1.000000000000000000e+05
477 6679 2.236183e-01 1.784226e+00  2.699590216015120063e+02  1.000000000000000000e+05  1.000000000000000000e+05  1.000000000000000000e+05
478 6693 2.179142e-01 1.784365e+00  2.699590216015120063e+02  1.000000000000000000e+05  1.000000000000000000e+05  1.000000000000000000e+05
479 6707 2.141086e-01 1.785341e+00  2.699590216015120063e+02  1.000000000000000000e+05  1.000000000000000000e+05  1.000000000000000000e+05
480 6721 2.047390e-01 1.781823e+00  2.699590216015120063e+02  1.000000000000000000e+05  1.000000000000000000e+05  1.000000000000000000e+13
481 6735 1.968754e-01 1.779893e+00  2.699590216015120063e+02  1.000000000000000000e+05  1.000000000000000000e+05  1.000000000000000000e+05
482 6749 2.643127e-01 1.781283e+00  2.699590216015120063e+02  1.000000000000000000e+05  1.000000000000000000e+05  1.000000000000000000e+05
483 6763 2.553864e-01 1.784845e+00  2.699590216015120063e+02  1.000000000000000000e+05  1.000000000000000000e+05  1.000000000000000000e+05
484 6777 2.528950e-01 1.783035e+00  2.699590216015120063e+02  1.000000000000000000e+05  1.000000000000000000e+05  1.000000000000000000e+05
485 6791 2.463254e-01 1.780222e+00  2.699590216015120063e+02  8.101129261566438799e+02  1.000000000000000000e+05  1.000000000000000000e+05
486 6805 3.308490e-01 1.779336e+00  2.699590216015120063e+02  1.000000000000000000e+05  1.000000000000000000e+05  1.000000000000000000e+11
487 6819 3.180993e-01 1.776850e+00  2.699590216015120063e+02  1.000000000000000000e+05  1.000000000000000000e+05  1.000000000000000000e+05
488 6833 3.048467e-01 1.778692e+00  2.699590216015120063e+02  1.000000000000000000e+05  1.000000000000000000e+05  1.000000000000000000e+05
489 6847 2.955372e-01 1.780315e+00  2.699590216015120063e+02  1.000000000000000000e+05  1.000000000000000000e+05  1.000000000000000000e+05
490 6861 2.895462e-01 1.780506e+00  2.699590216015120063e+02  1.000000000000000000e+05  1.000000000000000000e+05  1.000000000000000000e+05
491 6875 2.781485e-01 1.782028e+00  2.699590216015120063e+02  1.000000000000000000e+05  1.000000000000000000e+05  1.000000000000000000e+05
492 6889 2.684680e-01 1.784458e+00  2.699590216015120063e+02  6.453419808638415816e+03  1.000000000000000000e+05  1.000000000000000000e+05
493 6903 2.573615e-01 1.784792e+00  2.699590216015120063e+02  1.000000000000000000e+05  1.000000000000000000e+05  1.000000000000000000e+13
494 6917 2.460802e-01 1.777712e+00  2.699590216015120063e+02  1.195843223431634215e+03  1.000000000000000000e+05  1.000000000000000000e+11
495 6931 2.357295e-01 1.777249e+00  2.699590216015120063e+02  2.029571403989183182e+03  1.000000000000000000e+05  1.000000000000000000e+15
496 6945 2.280313e-01 1.775029e+00  2.699590216015120063e+02  1.000000000000000000e+05  1.000000000000000000e+05  1.000000000000000000e+13
497 6959 3.100699e-01 1.769301e+00  2.699590216015120063e+02  1.000000000000000000e+05  1.000000000000000000e+05  1.000000000000000000e+13
498 6973 3.026873e-01 1.770136e+00  2.241313391594752886e+02  2.241313391594752886e+02  1.000000000000000000e+05  1.000000000000000000e+18
499 6987 2.972406e-01 1.770463e+00  2.241313391594752886e+02  2.411493653512313244e+02  1.000000000000000000e+05  1.000000000000000000e+15
500 7001 2.928111e-01 1.771920e+00  2.241313391594752886e+02  1.890619210371641429e+03  1.000000000000000000e+05  1.000000000000000000e+13
501 7015 2.869183e-01 1.776226e+00  2.241313391594752886e+02  5.785944370149236420e+02  1.000000000000000000e+05  1.000000000000000000e+13
502 7029 2.786637e-01 1.777541e+00  2.241313391594752886e+02  5.419525435109478622e+02  1.000000000000000000e+05  1.000000000000000000e+11
503 7043 2.724575e-01 1.780354e+00  2.241313391594752886e+02  1.000000000000000000e+05  1.000000000000000000e+05  1.000000000000000000e+18
504 7057 2.620733e-01 1.779825e+00  2.241313391594752886e+02  1.000000000000000000e+05  1.000000000000000000e+05  1.000000000000000000e+11
505 7071 2.563077e-01 1.775802e+00  2.241313391594752886e+02  1.000000000000000000e+05  1.000000000000000000e+05  1.000000000000000000e+18
506 7085 2.471205e-01 1.778024e+00  2.241313391594752886e+02  1.000000000000000000e+05  1.000000000000000000e+05  1.000000000000000000e+05
507 7099 2.428287e-01 1.775315e+00  2.241313391594752886e+02  1.000000000000000000e+05  1.000000000000000000e+05  1.000000000000000000e+05
508 7113 2.431145e-01 1.771497e+00  2.241313391594752886e+02  1.000000000000000000e+05  1.000000000000000000e+05  1.000000000000000000e+05
509 7127 2.395640e-01 1.769277e+00  2.241313391594752886e+02  1.000000000000000000e+05  1.000000000000000000e+05  1.000000000000000000e+05
510 7141 2.362373e-01 1.767913e+00  2.241313391594752886e+02  1.000000000000000000e+05  1.000000000000000000e+05  1.000000000000000000e+05
511 7155 2.300068e-01 1.767104e+00  2.241313391594752886e+02  1.000000000000000000e+05  1.000000000000000000e+05  1.000000000000000000e+05
512 7169 2.251512e-01 1.767455e+00  2.241313391594752886e+02  1.000000000000000000e+05  1.000000000000000000e+05  1.000000000000000000e+05
513 7183 2.192787e-01 1.775615e+00  2.241313391594752886e+02  1.000000000000000000e+05  1.000000000000000000e+05  1.000000000000000000e+05
514 7197 2.113796e-01 1.775096e+00  2.241313391594752886e+02  1.000000000000000000e+05  1.000000000000000000e+05  1.000000000000000000e+05
515 7211 2.042687e-01 1.777675e+00  2.241313391594752886e+02  1.000000000000000000e+05  1.000000000000000000e+05  1.000000000000000000e+05
516 7225 1.968668e-01 1.776984e+00  2.241313391594752886e+02  1.000000000000000000e+05  1.000000000000000000e+05  1.000000000000000000e+05
517 7239 2.632600e-01 1.776833e+00  2.241313391594752886e+02  1.000000000000000000e+05  1.000000000000000000e+05  1.000000000000000000e+05
518 7253 2.524204e-01 1.779929e+00  2.241313391594752886e+02  1.000000000000000000e+05  1.000000000000000000e+05  1.000000000000000000e+11
519 7267 2.472008e-01 1.783277e+00  2.241313391594752886e+02  1.000000000000000000e+05  1.000000000000000000e+05  1.000000000000000000e+05
520 7281 2.406476e-01 1.786670e+00  2.241313391594752886e+02  1.000000000000000000e+05  1.000000000000000000e+05  1.000000000000000000e+05
521 7295 2.356936e-01 1.788303e+00  2.241313391594752886e+02  1.000000000000000000e+05  1.000000000000000000e+05  1.000000000000000000e+05
522 7309 2.317971e-01 1.787156e+00  2.241313391594752886e+02  1.000000000000000000e+05  1.000000000000000000e+05  1.000000000000000000e+05
523 7323 2.263924e-01 1.787986e+00  2.241313391594752886e+02  1.000000000000000000e+05  1.000000000000000000e+05  1.000000000000000000e+05
524 7337 2.226997e-01 1.788011e+00  2.241313391594752886e+02  1.000000000000000000e+05  1.000000000000000000e+05  1.000000000000000000e+13
525 7351 2.182609e-01 1.785440e+00  2.241313391594752886e+02  1.000000000000000000e+05  1.000000000000000000e+05  1.000000000000000000e+05
526 7365 2.109057e-01 1.788139e+00  2.241313391594752886e+02  1.000000000000000000e+05  1.000000000000000000e+05  1.000000000000000000e+05
527 7379 2.874613e-01 1.788022e+00  2.241313391594752886e+02  1.000000000000000000e+05  1.000000000000000000e+05  1.000000000000000000e+05
528 7393 2.746259e-01 1.791181e+00  2.241313391594752886e+02  1.000000000000000000e+05  1.000000000000000000e+05  1.000000000000000000e+05
529 7407 2.642512e-01 1.793650e+00  2.241313391594752886e+02  1.000000000000000000e+05  1.000000000000000000e+05  1.000000000000000000e+13
530 7421 2.534784e-01 1.797240e+00  2.241313391594752886e+02  1.000000000000000000e+05  1.000000000000000000e+05  1.000000000000000000e+16
531 7435 2.424556e-01 1.799895e+00  2.241313391594752886e+02  1.000000000000000000e+05  1.000000000000000000e+05  1.000000000000000000e+05
532 7449 2.308501e-01 1.801593e+00  2.241313391594752886e+02  1.000000000000000000e+05  1.000000000000000000e+05  1.000000000000000000e+13
533 7463 3.037060e-01 1.806341e+00  2.241313391594752886e+02  1.000000000000000000e+05  1.000000000000000000e+05  1.000000000000000000e+05
534 7477 2.896149e-01 1.806910e+00  2.241313391594752886e+02  1.000000000000000000e+05  1.000000000000000000e+05  1.000000000000000000e+16
535 7491 2.786697e-01 1.807949e+00  2.241313391594752886e+02  1.000000000000000000e+05  1.000000000000000000e+05  1.000000000000000000e+13
536 7505 2.668964e-01 1.814664e+00  2.241313391594752886e+02  1.000000000000000000e+05  1.000000000000000000e+05  1.000000000000000000e+11
537 7519 2.560049e-01 1.817561e+00  2.241313391594752886e+02  1.000000000000000000e+05  1.000000000000000000e+05  1.000000000000000000e+11
538 7533 2.458320e-01 1.817312e+00  2.241313391594752886e+02  1.000000000000000000e+05  1.000000000000000000e+05  1.000000000000000000e+05
539 7547 2.366406e-01 1.816390e+00  2.241313391594752886e+02  1.000000000000000000e+05  1.000000000000000000e+05  1.000000000000000000e+05
540 7561 2.293699e-01 1.815188e+00  2.241313391594752886e+02  1.000000000000000000e+05  1.000000000000000000e+05  1.000000000000000000e+05
541 7575 3.114329e-01 1.817417e+00  2.241313391594752886e+02  1.000000000000000000e+05  1.000000000000000000e+05  1.000000000000000000e+05
542 7589 3.063086e-01 1.817308e+00  2.241313391594752886e+02  1.000000000000000000e+05  1.000000000000000000e+05  1.000000000000000000e+13
543 7603 3.015290e-01 1.820076e+00  2.241313391594752886e+02  1.000000000000000000e+05  1.000000000000000000e+05  1.000000000000000000e+13
544 7617 2.920283e-01 1.829200e+00  2.241313391594752886e+02  1.000000000000000000e+05  1.000000000000000000e+05  1.000000000000000000e+13
545 7631 2.863803e-01 1.834039e+00  2.241313391594752886e+02  1.000000000000000000e+05  1.000000000000000000e+05  1.000000000000000000e+05
546 7645 2.771573e-01 1.834345e+00  2.241313391594752886e+02  1.000000000000000000e+05  1.000000000000000000e+05  1.000000000000000000e+05
547 7659 2.657383e-01 1.832674e+00  2.241313391594752886e+02  1.000000000000000000e+05  1.000000000000000000e+05  1.000000000000000000e+11
548 7673 2.520461e-01 1.834073e+00  2.241313391594752886e+02  1.000000000000000000e+05  1.000000000000000000e+05  1.000000000000000000e+13
549 7687 2.423448e-01 1.835824e+00  2.241313391594752886e+02  1.000000000000000000e+05  1.000000000000000000e+05  1.000000000000000000e+13
550 7701 2.307324e-01 1.836336e+00  2.241313391594752886e+02  1.000000000000000000e+05  1.000000000000000000e+05  1.000000000000000000e+05
551 7715 2.215627e-01 1.834148e+00  2.241313391594752886e+02  1.000000000000000000e+05  1.000000000000000000e+05  1.000000000000000000e+05
552 7729 2.128572e-01 1.839658e+00  2.241313391594752886e+02  1.000000000000000000e+05  1.000000000000000000e+05  1.000000000000000000e+11
553 7743 2.031554e-01 1.842992e+00  2.241313391594752886e+02  1.000000000000000000e+05  1.000000000000000000e+05  1.000000000000000000e+13
554 7757 1.953835e-01 1.846243e+00  2.241313391594752886e+02  1.000000000000000000e+05  1.000000000000000000e+05  1.000000000000000000e+05
555 7771 1.877410e-01 1.843248e+00  2.241313391594752886e+02  1.000000000000000000e+05  1.000000000000000000e+05  1.000000000000000000e+05
556 7785 1.831466e-01 1.842092e+00  2.241313391594752886e+02  1.000000000000000000e+05  1.000000000000000000e+05  1.000000000000000000e+13
557 7799 1.779316e-01 1.840424e+00  2.241313391594752886e+02  1.000000000000000000e+05  1.000000000000000000e+05  1.000000000000000000e+13
558 7813 2.430098e-01 1.838840e+00  2.241313391594752886e+02  1.000000000000000000e+05  1.000000000000000000e+05  1.000000000000000000e+13
559 7827 2.351089e-01 1.841177e+00  2.241313391594752886e+02  1.000000000000000000e+05  1.000000000000000000e+05  1.000000000000000000e+11
560 7841 2.274701e-01 1.837746e+00  2.241313391594752886e+02  1.000000000000000000e+05  1.000000000000000000e+05  1.000000000000000000e+05
561 7855 2.159584e-01 1.836390e+00  2.241313391594752886e+02  1.000000000000000000e+05  1.000000000000000000e+05  1.000000000000000000e+13
562 7869 2.040494e-01 1.836310e+00  2.241313391594752886e+02  1.000000000000000000e+05  1.000000000000000000e+05  1.000000000000000000e+13
563 7883 2.665769e-01 1.837129e+00  2.241313391594752886e+02  1.000000000000000000e+05  1.000000000000000000e+05  1.000000000000000000e+05
564 7897 2.521868e-01 1.841812e+00  2.241313391594752886e+02  1.000000000000000000e+05  1.000000000000000000e+05  1.000000000000000000e+15
565 7911 2.390152e-01 1.847604e+00  2.241313391594752886e+02  1.000000000000000000e+05  1.000000000000000000e+05  1.000000000000000000e+05
566 7925 2.326822e-01 1.855301e+00  2.241313391594752886e+02  1.000000000000000000e+05  1.000000000000000000e+05  1.000000000000000000e+05
567 7939 2.284923e-01 1.852930e+00  2.241313391594752886e+02  1.000000000000000000e+05  1.000000000000000000e+05  1.000000000000000000e+11
568 7953 2.196436e-01 1.852529e+00  2.241313391594752886e+02  1.000000000000000000e+05  1.000000000000000000e+05  1.000000000000000000e+05
569 7967 2.121547e-01 1.851994e+00  2.241313391594752886e+02  1.000000000000000000e+05  1.000000000000000000e+05  1.000000000000000000e+05
570 7981 2.025374e-01 1.849734e+00  2.241313391594752886e+02  1.000000000000000000e+05  1.000000000000000000e+05  1.000000000000000000e+11
571 7995 2.746398e-01 1.845826e+00  2.241313391594752886e+02  1.000000000000000000e+05  1.000000000000000000e+05  1.000000000000000000e+05
572 8009 2.671840e-01 1.847222e+00  2.241313391594752886e+02  1.000000000000000000e+05  1.000000000000000000e+05  1.000000000000000000e+05
573 8023 2.602919e-01 1.846311e+00  2.241313391594752886e+02  1.000000000000000000e+05  1.000000000000000000e+05  1.000000000000000000e+15
574 8037 2.547648e-01 1.850850e+00  2.241313391594752886e+02  1.000000000000000000e+05  1.000000000000000000e+05  1.000000000000000000e+11
575 8051 2.505576e-01 1.851775e+00  2.241313391594752886e+02  1.000000000000000000e+05  1.000000000000000000e+05  1.000000000000000000e+15
576 8065 2.479162e-01 1.851528e+00  2.241313391594752886e+02  1.000000000000000000e+05  1.000000000000000000e+05  1.000000000000000000e+05
577 8079 2.450939e-01 1.859236e+00  2.241313391594752886e+02  1.000000000000000000e+05  1.000000000000000000e+05  1.000000000000000000e+11
578 8093 2.382314e-01 1.860702e+00  2.241313391594752886e+02  1.000000000000000000e+05  1.000000000000000000e+05  1.000000000000000000e+05
579 8107 2.326370e-01 1.858829e+00  2.241313391594752886e+02  1.000000000000000000e+05  1.000000000000000000e+05  1.000000000000000000e+05
580 8121 2.256218e-01 1.857673e+00  2.241313391594752886e+02  1.000000000000000000e+05  1.000000000000000000e+05  1.000000000000000000e+05
581 8135 2.202538e-01 1.861486e+00  2.241313391594752886e+02  1.000000000000000000e+05  1.000000000000000000e+05  1.000000000000000000e+11
582 8149 2.176367e-01 1.859352e+00  2.241313391594752886e+02  1.000000000000000000e+05  1.000000000000000000e+05  1.000000000000000000e+11
583 8163 2.131320e-01 1.858158e+00  2.241313391594752886e+02  1.000000000000000000e+05  1.000000000000000000e+05  1.000000000000000000e+05
584 8177 2.083177e-01 1.865051e+00  2.241313391594752886e+02  1.000000000000000000e+05  1.000000000000000000e+05  1.000000000000000000e+05
585 8191 2.826558e-01 1.867721e+00  2.241313391594752886e+02  1.000000000000000000e+05  1.000000000000000000e+05  1.000000000000000000e+05
