%  columns="iteration, evaluation, void, void, void, xmean" (startseed=211883, 2023/08/19 5:37:26.83)
0 1 0 0 0 2.500000e-01 5.000000e-01 7.500000e-01 2.500000e-01 2.500000e-01 2.500000e-01 5.000000e-01 7.500000e-01 5.000000e-01 5.000000e-01 5.000000e-01 2.500000e-01 7.500000e-01 2.500000e-01 7.500000e-01 2.500000e-01 5.000000e-01 5.000000e-01 7.500000e-01 2.500000e-01 7.500000e-01 7.500000e-01 5.000000e-01 5.000000e-01 5.000000e-01 2.500000e-01 5.000000e-01 5.000000e-01 7.500000e-01 7.500000e-01 5.000000e-01 5.000000e-01 7.500000e-01 5.000000e-01 
1 15 0 0 0 3.072439e-03 3.207228e-01 8.417894e-01 2.321020e-01 1.985578e-01 5.476858e-01 7.186063e-01 8.140648e-01 4.613024e-01 6.568700e-01 4.210981e-01 2.033777e-01 7.206328e-01 2.209903e-01 8.673507e-01 1.751025e-01 5.606201e-01 2.749388e-01 6.420928e-01 8.896343e-02 7.125004e-01 6.370900e-01 6.355044e-01 3.658148e-01 2.723402e-01 1.988754e-01 5.693156e-01 5.894285e-01 6.705764e-01 7.668981e-01 3.796168e-01 3.351833e-01 8.133913e-01 6.049784e-01 
2 29 0 0 0 1.193658e-01 2.605061e-01 8.462107e-01 1.848547e-01 2.298777e-01 4.939104e-01 8.019058e-01 4.317989e-01 3.009383e-01 8.175886e-01 5.936527e-01 7.004449e-02 6.165166e-01 -4.129422e-02 9.249262e-01 2.972628e-01 5.039263e-01 3.142788e-01 8.548280e-01 1.891286e-01 5.691082e-01 3.653246e-01 6.145094e-01 3.139129e-01 4.865756e-01 2.280559e-01 7.100344e-01 8.245957e-01 7.769310e-01 7.681222e-01 3.553035e-01 1.632918e-01 5.175285e-01 4.585248e-01 
3 43 0 0 0 7.586533e-02 2.977710e-01 7.449336e-01 6.111091e-02 2.518353e-01 7.060514e-01 8.836644e-01 2.648847e-01 2.607699e-01 5.459563e-01 6.060241e-01 1.849045e-01 5.133178e-01 -2.881074e-02 8.217070e-01 2.146038e-01 3.982667e-01 2.783001e-01 8.409114e-01 2.515274e-01 5.877044e-01 5.913564e-01 6.140694e-01 2.569855e-01 5.129953e-01 1.446807e-01 6.406561e-01 8.355007e-01 5.750792e-01 7.687571e-01 2.151238e-01 4.628581e-02 4.491782e-01 5.362944e-01 
4 57 0 0 0 1.222222e-02 1.765114e-01 8.802206e-01 2.619169e-01 1.177162e-02 7.127380e-01 8.590355e-01 3.006437e-01 3.739904e-01 6.770565e-01 4.925861e-01 2.321908e-01 5.584943e-01 8.880693e-02 7.077654e-01 5.450111e-01 4.464064e-01 4.435419e-01 8.315163e-01 2.430896e-01 8.143979e-01 6.966439e-01 6.459052e-01 3.431142e-01 6.511443e-01 7.464327e-02 5.801509e-01 7.181854e-01 5.940647e-01 7.336561e-01 3.873574e-01 3.130418e-01 4.014556e-01 5.346300e-01 
5 71 0 0 0 6.524485e-02 9.885168e-02 7.697607e-01 2.010532e-01 -1.125602e-01 6.823173e-01 8.482918e-01 2.483383e-01 4.769271e-01 4.078061e-01 3.142360e-01 1.502124e-01 4.914499e-01 1.383884e-01 6.163600e-01 4.989217e-01 4.741030e-01 4.140847e-01 5.587239e-01 3.666096e-01 8.021075e-01 6.470313e-01 6.401503e-01 3.981474e-01 7.001167e-01 2.194812e-01 4.910111e-01 6.090663e-01 6.491359e-01 8.170067e-01 4.550101e-01 1.776363e-01 2.804683e-01 6.238846e-01 
6 85 0 0 0 1.517121e-01 2.104297e-01 5.564487e-01 3.223997e-01 -1.282247e-01 7.862375e-01 6.261878e-01 2.627571e-01 6.036924e-01 3.095060e-01 1.973220e-01 8.992720e-02 5.126919e-01 2.553717e-01 6.226441e-01 4.416424e-01 5.135778e-01 4.224054e-01 5.570355e-01 5.178654e-01 6.923270e-01 7.888769e-01 5.869033e-01 3.127899e-01 8.057137e-01 2.554467e-01 5.132996e-01 8.307925e-01 7.041244e-01 8.677475e-01 4.375222e-01 1.809321e-01 2.431696e-01 6.271472e-01 
7 99 0 0 0 1.241493e-01 2.109416e-01 4.746854e-01 4.226371e-01 -7.540129e-02 8.216391e-01 5.566979e-01 4.630924e-01 6.535744e-01 2.982815e-01 3.816775e-01 1.883246e-01 4.618208e-01 3.144920e-01 6.656916e-01 5.078414e-01 5.467232e-01 3.598233e-01 5.485007e-01 5.531283e-01 8.057828e-01 7.940051e-01 4.912724e-01 3.232563e-01 9.633015e-01 2.194385e-01 3.281221e-01 7.464379e-01 5.454751e-01 8.224679e-01 5.157014e-01 3.599306e-01 3.180318e-01 7.925532e-01 
8 113 0 0 0 1.630982e-01 3.497645e-01 5.165197e-01 3.495807e-01 3.097542e-02 8.791016e-01 5.626065e-01 4.158033e-01 5.741717e-01 4.584509e-01 2.923228e-01 2.644825e-01 3.799283e-01 4.773212e-02 7.961640e-01 3.505936e-01 5.804622e-01 2.723982e-01 4.873657e-01 4.325888e-01 6.593142e-01 6.834291e-01 5.918113e-01 4.053118e-01 8.293372e-01 3.174830e-01 2.086611e-01 6.556345e-01 4.332804e-01 7.932702e-01 3.626171e-01 3.094475e-01 1.696148e-01 9.349046e-01 
9 127 0 0 0 2.759551e-01 2.429702e-01 5.638026e-01 4.140166e-01 1.793118e-01 7.500144e-01 7.643540e-01 4.270958e-01 5.097339e-01 5.224848e-01 5.035415e-01 3.303656e-01 5.232734e-01 -6.240994e-02 9.360115e-01 2.949915e-01 7.053365e-01 2.830717e-01 5.465728e-01 5.352058e-01 7.702400e-01 6.069467e-01 5.797985e-01 4.749921e-01 7.432420e-01 4.011829e-01 1.965960e-01 6.838520e-01 5.899835e-01 8.355287e-01 3.340884e-01 3.158044e-01 1.696391e-01 8.529410e-01 
10 141 0 0 0 3.877756e-01 2.568206e-01 5.282002e-01 2.292769e-01 1.251440e-01 7.654395e-01 7.345321e-01 2.520059e-01 3.420050e-01 5.298705e-01 5.763144e-01 4.778643e-01 6.560470e-01 7.167749e-02 9.869418e-01 2.885699e-01 6.409910e-01 3.739777e-01 6.558589e-01 6.640032e-01 7.369202e-01 7.291336e-01 6.125630e-01 4.640533e-01 8.189526e-01 3.851494e-01 1.849637e-01 6.531277e-01 8.714762e-01 7.834558e-01 3.989996e-01 2.894182e-01 2.066957e-01 7.197916e-01 
11 155 0 0 0 3.973056e-01 3.059219e-01 5.613851e-01 3.369201e-01 3.264908e-01 7.589377e-01 6.333129e-01 2.386909e-01 2.572307e-01 5.815421e-01 5.756584e-01 4.819370e-01 6.713710e-01 1.855933e-01 9.093322e-01 1.613470e-01 6.318128e-01 3.176082e-01 7.096175e-01 7.099137e-01 6.655110e-01 8.006912e-01 5.614118e-01 3.427758e-01 8.315616e-01 3.961407e-01 2.238063e-01 5.601071e-01 9.370283e-01 8.624251e-01 3.295347e-01 2.318184e-01 3.152039e-01 6.786836e-01 
12 169 0 0 0 2.508628e-01 1.400373e-01 5.004630e-01 2.357103e-01 2.854324e-01 8.215993e-01 6.736947e-01 3.685408e-01 2.922591e-01 5.366848e-01 4.022313e-01 5.745277e-01 6.912803e-01 2.047636e-01 8.282467e-01 1.071343e-01 7.116769e-01 3.132911e-01 6.575178e-01 7.977296e-01 5.660871e-01 6.597286e-01 5.479126e-01 3.714628e-01 7.902070e-01 2.560478e-01 2.035891e-01 5.352262e-01 8.545386e-01 8.097346e-01 3.662538e-01 3.227993e-01 2.589690e-01 6.720763e-01 
13 183 0 0 0 3.644425e-01 6.594245e-02 6.573852e-01 1.888015e-01 2.289921e-01 7.549514e-01 6.590689e-01 4.015499e-01 3.800262e-01 7.620236e-01 4.863533e-01 6.450130e-01 6.107083e-01 2.231841e-01 7.947822e-01 1.310553e-01 6.790648e-01 3.838111e-01 5.024337e-01 6.427536e-01 6.666162e-01 7.170641e-01 5.166472e-01 3.950228e-01 7.299260e-01 2.212807e-01 1.352724e-01 5.104571e-01 8.233019e-01 7.789368e-01 3.768468e-01 3.816724e-01 1.030898e-01 7.696976e-01 
14 197 0 0 0 2.349881e-01 2.056161e-01 6.664454e-01 1.138588e-01 2.261335e-01 8.094603e-01 6.790319e-01 1.772626e-01 3.678740e-01 9.062440e-01 4.554936e-01 7.181274e-01 5.274502e-01 2.338205e-01 7.134787e-01 1.789325e-01 5.215944e-01 5.024196e-01 3.951902e-01 4.876972e-01 7.516686e-01 7.370647e-01 4.382998e-01 3.973281e-01 7.348120e-01 2.189841e-01 9.364880e-02 4.698871e-01 7.222984e-01 7.525263e-01 1.423732e-01 4.358582e-01 6.639219e-02 7.939158e-01 
15 211 0 0 0 2.811730e-01 1.429396e-01 6.134721e-01 1.339302e-01 1.373590e-01 7.944327e-01 7.310708e-01 2.373364e-01 3.304800e-01 7.925365e-01 5.444769e-01 6.956371e-01 5.116175e-01 2.533943e-01 8.522395e-01 1.760105e-01 4.699227e-01 5.405419e-01 4.385099e-01 5.784209e-01 9.131954e-01 7.132675e-01 4.789860e-01 3.783899e-01 7.306966e-01 2.534292e-01 1.465421e-01 5.076828e-01 7.601607e-01 8.249543e-01 2.166384e-01 4.417900e-01 1.158813e-01 7.442945e-01 
16 225 0 0 0 4.063216e-01 9.344709e-02 5.939657e-01 2.325515e-01 1.816230e-01 7.070486e-01 7.521354e-01 4.507366e-01 1.602255e-01 8.315356e-01 5.714774e-01 7.529112e-01 4.536946e-01 2.809352e-01 8.613018e-01 9.921832e-02 4.703592e-01 4.629343e-01 3.516978e-01 5.586861e-01 9.325356e-01 7.759546e-01 5.474162e-01 4.903556e-01 6.531806e-01 1.100944e-01 1.155783e-01 4.617148e-01 6.984412e-01 8.749915e-01 2.799593e-01 5.000453e-01 1.231803e-01 7.715747e-01 
17 239 0 0 0 4.146218e-01 1.237252e-01 5.698735e-01 2.023955e-01 1.299330e-01 7.030881e-01 6.118677e-01 4.801672e-01 2.465496e-01 7.203344e-01 5.191236e-01 8.716694e-01 4.176363e-01 3.428381e-01 8.537606e-01 3.318168e-02 3.810984e-01 4.902026e-01 3.899054e-01 5.936186e-01 9.123699e-01 8.764840e-01 5.278751e-01 4.185194e-01 6.297060e-01 1.372829e-01 2.321872e-01 4.564299e-01 5.700110e-01 8.494680e-01 1.894625e-01 5.560043e-01 2.673110e-01 8.504666e-01 
18 253 0 0 0 3.570265e-01 2.549327e-01 4.812644e-01 4.983614e-02 9.434303e-02 7.697481e-01 6.495261e-01 5.031687e-01 2.924389e-01 7.937599e-01 3.852634e-01 8.743572e-01 3.706278e-01 4.686850e-01 8.074365e-01 6.673034e-02 3.493062e-01 5.389510e-01 2.547142e-01 4.662394e-01 8.380964e-01 8.710901e-01 6.744574e-01 3.496055e-01 6.345891e-01 1.312037e-01 2.667530e-01 5.318002e-01 6.459851e-01 8.959222e-01 2.097858e-01 4.812724e-01 2.730459e-01 7.997072e-01 
19 267 0 0 0 3.257561e-01 4.055708e-01 4.895519e-01 1.242207e-01 4.489408e-02 7.244166e-01 5.817486e-01 5.954261e-01 2.338381e-01 8.758701e-01 2.158328e-01 7.455245e-01 3.699465e-01 4.190748e-01 9.218856e-01 1.670262e-01 4.538369e-01 6.280490e-01 2.655021e-01 5.661314e-01 8.585170e-01 8.891917e-01 5.814357e-01 2.878730e-01 5.682474e-01 1.642297e-01 2.587748e-01 4.518046e-01 6.382206e-01 8.583161e-01 2.696345e-01 4.055128e-01 3.411780e-01 7.298086e-01 
20 281 0 0 0 3.931370e-01 3.016330e-01 4.827095e-01 1.079318e-01 1.047445e-01 7.483041e-01 6.216635e-01 5.393577e-01 1.726284e-01 7.795967e-01 2.846822e-01 6.728247e-01 3.538048e-01 3.855171e-01 9.552734e-01 1.060336e-01 4.204637e-01 5.206526e-01 2.947236e-01 6.296026e-01 8.497334e-01 9.091569e-01 6.752511e-01 2.420902e-01 7.630481e-01 9.867924e-02 1.450784e-01 3.637002e-01 6.564102e-01 8.110458e-01 3.607980e-01 4.036450e-01 3.074813e-01 8.501498e-01 
21 295 0 0 0 4.157725e-01 3.458852e-01 5.423050e-01 1.920549e-01 3.583938e-02 7.950616e-01 5.392819e-01 5.040287e-01 1.293802e-01 7.129804e-01 2.767245e-01 6.412397e-01 3.183919e-01 3.859051e-01 8.643771e-01 8.839799e-02 5.634665e-01 4.966237e-01 2.859065e-01 6.098940e-01 8.165603e-01 8.387832e-01 6.586372e-01 2.251646e-01 7.356760e-01 4.794191e-02 1.629050e-01 4.143710e-01 6.382818e-01 8.022037e-01 3.332274e-01 3.704682e-01 3.462307e-01 8.929425e-01 
22 309 0 0 0 4.423136e-01 3.503712e-01 6.530982e-01 2.474924e-01 7.163420e-02 8.400527e-01 5.557426e-01 5.679351e-01 1.347342e-01 5.877393e-01 2.133874e-01 6.391016e-01 3.897274e-01 3.164607e-01 7.828830e-01 1.375476e-01 6.025941e-01 4.661713e-01 3.471323e-01 5.654385e-01 7.885659e-01 7.355950e-01 5.179222e-01 2.932336e-01 7.916091e-01 1.117439e-01 2.484550e-01 3.609850e-01 6.171657e-01 8.026587e-01 3.504687e-01 3.393391e-01 2.985204e-01 7.997216e-01 
23 323 0 0 0 4.479550e-01 3.279910e-01 4.778115e-01 1.742821e-01 5.144092e-02 8.454438e-01 5.561797e-01 5.688305e-01 1.292647e-01 5.557398e-01 2.617665e-01 6.166274e-01 4.924301e-01 3.051867e-01 8.073499e-01 2.074221e-01 6.368094e-01 5.269404e-01 3.625163e-01 5.877663e-01 7.145668e-01 6.869865e-01 4.599478e-01 3.019194e-01 8.231128e-01 1.316082e-01 3.037027e-01 3.779602e-01 6.738545e-01 7.854097e-01 3.645616e-01 3.824133e-01 4.077836e-01 7.325119e-01 
24 337 0 0 0 4.103648e-01 3.200416e-01 4.634346e-01 1.898181e-01 5.726499e-02 9.414464e-01 5.071876e-01 6.485353e-01 1.463996e-01 6.469112e-01 2.697849e-01 6.573427e-01 4.995142e-01 3.073017e-01 7.784369e-01 1.640056e-01 7.099648e-01 6.068596e-01 3.616521e-01 6.326320e-01 7.704139e-01 6.605585e-01 4.229789e-01 3.210013e-01 8.643996e-01 2.133758e-01 2.576402e-01 4.397539e-01 7.814662e-01 7.537657e-01 4.307853e-01 4.304459e-01 4.516823e-01 6.945717e-01 
25 351 0 0 0 4.656065e-01 2.628192e-01 4.455748e-01 1.207123e-01 1.293590e-01 9.229007e-01 4.683835e-01 6.562984e-01 9.491357e-02 6.618794e-01 3.001900e-01 6.810318e-01 4.385843e-01 2.692551e-01 8.039216e-01 1.768423e-01 6.934052e-01 5.551817e-01 3.671125e-01 6.766171e-01 7.224482e-01 6.778294e-01 4.693418e-01 3.641117e-01 9.522107e-01 2.728789e-01 3.043162e-01 5.355138e-01 8.081112e-01 7.559208e-01 4.621316e-01 3.771106e-01 5.091240e-01 6.780399e-01 
26 365 0 0 0 4.613365e-01 4.266152e-01 3.768139e-01 1.888164e-01 1.173552e-01 9.321750e-01 5.026010e-01 6.343912e-01 1.512709e-01 6.328726e-01 2.774412e-01 6.190092e-01 3.782910e-01 3.685933e-01 7.546343e-01 1.164744e-01 7.654550e-01 4.613306e-01 2.313616e-01 8.012580e-01 7.219139e-01 7.556373e-01 4.928312e-01 3.987740e-01 8.968163e-01 2.300018e-01 3.151795e-01 5.293167e-01 6.979262e-01 6.455169e-01 3.320399e-01 3.372508e-01 5.866968e-01 6.222970e-01 
27 379 0 0 0 5.065248e-01 4.021835e-01 4.016714e-01 1.420035e-01 1.513295e-01 8.596411e-01 5.584457e-01 7.074790e-01 2.337385e-01 6.172164e-01 2.607040e-01 6.558073e-01 3.372533e-01 4.669505e-01 7.242502e-01 1.262611e-01 7.912001e-01 3.878428e-01 2.358578e-01 7.590189e-01 6.805158e-01 7.210705e-01 4.549545e-01 4.372037e-01 8.683124e-01 1.565533e-01 3.781228e-01 4.841288e-01 6.857101e-01 7.604495e-01 2.562638e-01 3.166717e-01 5.953255e-01 5.058590e-01 
28 393 0 0 0 5.542605e-01 3.980769e-01 4.305782e-01 2.145443e-01 2.054125e-01 8.528219e-01 5.070117e-01 6.652291e-01 1.838699e-01 5.614608e-01 2.313896e-01 6.928906e-01 3.275730e-01 3.852308e-01 7.682233e-01 2.154340e-01 8.412999e-01 3.633895e-01 2.493305e-01 7.507604e-01 5.591867e-01 7.307672e-01 4.683674e-01 3.162924e-01 8.525363e-01 1.289419e-01 3.863337e-01 4.348130e-01 6.031284e-01 8.023881e-01 2.768866e-01 2.656897e-01 6.126350e-01 5.463292e-01 
29 407 0 0 0 5.094742e-01 4.369567e-01 4.851551e-01 2.564718e-01 1.525872e-01 8.057197e-01 5.173412e-01 6.959887e-01 1.415455e-01 6.159323e-01 1.575641e-01 7.176605e-01 3.829285e-01 3.326437e-01 7.274948e-01 2.956604e-01 7.678458e-01 4.278991e-01 1.840648e-01 7.851725e-01 5.597143e-01 6.748599e-01 4.234178e-01 3.321219e-01 7.873584e-01 2.061241e-01 3.733158e-01 3.285422e-01 6.068819e-01 7.451824e-01 2.841092e-01 2.727013e-01 5.934773e-01 4.701252e-01 
30 421 0 0 0 5.699916e-01 4.896279e-01 4.005850e-01 2.398101e-01 1.560833e-01 8.153668e-01 5.098792e-01 7.640370e-01 1.494414e-01 6.518121e-01 1.428051e-01 6.448546e-01 4.301504e-01 3.924794e-01 7.080283e-01 3.136179e-01 7.509515e-01 4.757326e-01 2.029054e-01 7.389828e-01 4.780363e-01 7.507415e-01 5.636165e-01 3.048221e-01 7.446313e-01 2.692997e-01 3.339938e-01 2.672185e-01 5.885173e-01 7.176576e-01 2.933817e-01 2.166238e-01 6.305717e-01 4.335993e-01 
31 435 0 0 0 6.462742e-01 4.627847e-01 5.211045e-01 2.653555e-01 1.785869e-01 8.592856e-01 5.156360e-01 6.276443e-01 1.209051e-01 6.982785e-01 1.269154e-01 5.620141e-01 3.737382e-01 4.386544e-01 6.879730e-01 3.777935e-01 8.355658e-01 4.057833e-01 1.120230e-01 7.581275e-01 4.309499e-01 8.185742e-01 4.946095e-01 2.210783e-01 7.357803e-01 1.504789e-01 3.535618e-01 3.523373e-01 6.081824e-01 6.615925e-01 3.961095e-01 1.763458e-01 5.690342e-01 4.194286e-01 
32 449 0 0 0 5.428495e-01 5.538182e-01 4.622558e-01 3.385885e-01 2.180410e-01 8.852028e-01 4.633327e-01 6.279045e-01 1.441081e-01 7.290397e-01 2.399545e-01 6.365005e-01 2.753006e-01 3.683905e-01 6.546898e-01 3.732781e-01 8.085761e-01 4.478117e-01 1.113963e-01 7.769844e-01 5.533113e-01 9.225493e-01 4.909841e-01 3.893200e-01 7.424129e-01 1.876842e-01 3.601737e-01 3.720367e-01 4.713130e-01 6.977832e-01 4.744648e-01 1.239375e-01 5.582014e-01 3.903146e-01 
33 463 0 0 0 5.758217e-01 6.087829e-01 4.599410e-01 2.816302e-01 1.766712e-01 8.559764e-01 5.085488e-01 6.604549e-01 1.915110e-01 7.598225e-01 2.008637e-01 7.200450e-01 3.565029e-01 4.160224e-01 7.303832e-01 2.334972e-01 7.329799e-01 4.178018e-01 6.095667e-02 7.770242e-01 4.776889e-01 8.697252e-01 5.364428e-01 3.123817e-01 7.132194e-01 1.839085e-01 3.191010e-01 4.347378e-01 4.714874e-01 6.815042e-01 4.275014e-01 1.973035e-01 5.009715e-01 4.333041e-01 
34 477 0 0 0 5.147319e-01 5.148695e-01 2.931992e-01 3.722533e-01 1.924806e-01 7.826739e-01 4.197104e-01 6.516059e-01 1.377765e-01 6.548304e-01 1.488450e-01 5.758309e-01 2.183240e-01 3.514597e-01 7.919595e-01 2.625911e-01 7.804492e-01 2.588674e-01 1.209295e-01 7.251395e-01 3.793518e-01 8.643098e-01 4.806887e-01 2.284552e-01 6.669441e-01 2.368752e-01 3.178539e-01 3.371249e-01 4.798362e-01 6.536152e-01 4.320610e-01 1.600510e-01 4.756882e-01 3.358255e-01 
35 491 0 0 0 4.373811e-01 5.857188e-01 2.209958e-01 3.181821e-01 2.154346e-01 8.772400e-01 4.367456e-01 5.915394e-01 1.170872e-01 6.465319e-01 1.598880e-01 6.535587e-01 1.924665e-01 4.148306e-01 7.458776e-01 2.291399e-01 7.414165e-01 2.206191e-01 1.024576e-01 7.179130e-01 4.688805e-01 9.113064e-01 5.360773e-01 2.375112e-01 6.036401e-01 3.016632e-01 2.805232e-01 2.875054e-01 5.121417e-01 6.275601e-01 4.117789e-01 1.351536e-01 4.551715e-01 3.371328e-01 
36 505 0 0 0 3.581408e-01 6.045225e-01 1.990973e-01 3.411771e-01 1.930289e-01 9.029075e-01 4.062388e-01 6.677609e-01 1.131529e-01 7.672299e-01 1.318990e-01 5.905676e-01 1.683738e-01 4.727989e-01 7.388391e-01 2.361416e-01 7.651232e-01 2.120638e-01 2.118313e-01 6.443834e-01 5.572779e-01 9.222316e-01 4.968948e-01 2.257277e-01 6.287454e-01 2.813124e-01 3.921155e-01 1.978729e-01 4.451852e-01 6.505853e-01 3.203419e-01 2.343919e-01 4.769394e-01 3.562811e-01 
37 519 0 0 0 3.576324e-01 6.131200e-01 1.454569e-01 3.871234e-01 1.781077e-01 9.715367e-01 3.827848e-01 6.769031e-01 4.445471e-02 7.531006e-01 1.010926e-01 5.430693e-01 1.893799e-01 3.811499e-01 7.127770e-01 2.430905e-01 8.523553e-01 1.088312e-01 2.402209e-01 7.068387e-01 5.657034e-01 8.374881e-01 5.123909e-01 1.383459e-01 6.556774e-01 1.794953e-01 5.087958e-01 2.138122e-01 4.405147e-01 6.754522e-01 2.040598e-01 1.119643e-01 4.934386e-01 2.838365e-01 
38 533 0 0 0 3.346276e-01 7.081690e-01 2.745954e-01 3.641632e-01 1.892461e-01 9.770442e-01 2.593283e-01 6.580063e-01 4.435728e-02 7.352575e-01 1.055368e-01 5.450056e-01 1.666049e-01 3.339222e-01 8.194146e-01 1.879428e-01 7.708463e-01 2.036319e-01 1.926769e-01 6.961153e-01 5.046669e-01 8.838587e-01 4.778319e-01 7.937921e-02 6.903328e-01 2.816767e-01 5.528622e-01 1.697172e-01 4.879106e-01 6.832617e-01 2.624820e-01 9.875193e-02 4.749933e-01 1.663724e-01 
39 547 0 0 0 2.829935e-01 6.540400e-01 2.346343e-01 3.522782e-01 1.811629e-01 9.079838e-01 3.059042e-01 5.984652e-01 -2.020545e-03 8.327925e-01 3.365580e-02 6.104584e-01 8.817728e-02 3.345434e-01 7.776881e-01 3.196050e-01 8.078224e-01 2.087756e-01 2.034870e-01 6.250541e-01 5.141152e-01 8.104487e-01 4.332323e-01 1.758959e-01 6.607252e-01 2.422720e-01 5.750699e-01 2.414345e-01 4.779905e-01 6.548087e-01 3.335655e-01 1.643007e-01 4.267320e-01 1.662724e-01 
40 561 0 0 0 2.451090e-01 6.489013e-01 1.816814e-01 3.223459e-01 1.929142e-01 8.762121e-01 3.111792e-01 6.151182e-01 1.073691e-01 8.717142e-01 7.686908e-02 6.492277e-01 4.145261e-03 3.528982e-01 8.548673e-01 3.990280e-01 7.631250e-01 2.262501e-01 2.248662e-01 7.335329e-01 5.471766e-01 8.568950e-01 3.102395e-01 1.616817e-01 7.284062e-01 2.374942e-01 5.871935e-01 2.309542e-01 4.581050e-01 7.289267e-01 3.538272e-01 7.002996e-02 3.669597e-01 1.467678e-01 
41 575 0 0 0 2.291313e-01 6.238645e-01 2.012574e-01 3.019831e-01 1.841998e-01 8.484922e-01 2.170117e-01 6.511062e-01 1.410718e-01 8.467108e-01 4.988645e-02 6.965382e-01 8.240918e-02 3.050302e-01 8.614216e-01 3.780573e-01 8.100000e-01 1.414304e-01 2.549309e-01 7.215014e-01 7.375721e-01 8.685546e-01 4.134095e-01 1.284427e-01 7.522799e-01 2.521558e-01 5.123674e-01 1.689127e-01 4.906837e-01 7.086603e-01 2.597653e-01 1.473587e-01 4.041642e-01 1.562442e-01 
42 589 0 0 0 2.011116e-01 6.893360e-01 1.426757e-01 3.598642e-01 1.169306e-01 7.823806e-01 1.197261e-01 5.859248e-01 1.462089e-01 9.043900e-01 8.988192e-02 6.772861e-01 2.373898e-01 3.640830e-01 7.760426e-01 3.689458e-01 7.496807e-01 2.210707e-01 2.115658e-01 6.976218e-01 7.293628e-01 7.737617e-01 4.382986e-01 1.684074e-01 7.450524e-01 2.855823e-01 5.101649e-01 1.791549e-01 5.327689e-01 7.135685e-01 2.807617e-01 8.460410e-02 2.993552e-01 1.862258e-01 
43 603 0 0 0 2.102080e-01 7.014721e-01 1.531090e-01 3.754343e-01 5.993745e-02 7.148310e-01 1.198079e-01 5.726151e-01 1.584591e-01 9.309302e-01 2.477653e-01 6.698124e-01 2.502263e-01 3.893524e-01 6.987576e-01 3.345663e-01 7.191967e-01 1.372422e-01 2.091830e-01 7.603274e-01 6.595683e-01 7.826224e-01 3.333098e-01 1.588117e-01 7.822763e-01 2.989464e-01 4.826195e-01 1.795101e-01 5.541554e-01 6.579570e-01 2.726763e-01 2.262796e-01 3.487765e-01 1.249937e-01 
44 617 0 0 0 1.448169e-01 7.523456e-01 1.262427e-01 3.011217e-01 6.483554e-02 7.908661e-01 1.110136e-01 5.980551e-01 1.399853e-01 9.030246e-01 1.976312e-01 6.504589e-01 3.124233e-01 4.759252e-01 7.012610e-01 3.407914e-01 7.939427e-01 1.521510e-01 2.578425e-01 8.266941e-01 7.219232e-01 8.243564e-01 2.425099e-01 1.739143e-01 8.332496e-01 3.617535e-01 4.892821e-01 1.701256e-01 5.145707e-01 5.943198e-01 2.733814e-01 1.524760e-01 3.136775e-01 9.456669e-02 
45 631 0 0 0 1.740709e-01 7.371962e-01 1.488566e-01 3.489156e-01 6.526982e-02 8.641188e-01 6.865505e-02 5.780201e-01 1.911560e-01 9.641968e-01 2.260202e-01 6.266659e-01 3.412553e-01 4.984251e-01 5.937206e-01 2.690295e-01 8.324350e-01 1.207412e-01 1.925520e-01 8.407210e-01 7.325988e-01 9.033004e-01 1.149389e-01 1.382468e-01 8.310943e-01 2.920439e-01 3.730071e-01 1.952779e-01 5.398149e-01 5.565102e-01 2.678181e-01 2.010089e-01 3.026175e-01 9.459656e-02 
46 645 0 0 0 6.399007e-02 8.273795e-01 2.281868e-01 2.663506e-01 3.323698e-02 8.443853e-01 1.151807e-01 5.124813e-01 3.319570e-01 9.514489e-01 1.486607e-01 5.912336e-01 3.577092e-01 5.441984e-01 5.510520e-01 2.442713e-01 8.343276e-01 1.858483e-01 1.522626e-01 7.935989e-01 6.185270e-01 8.150431e-01 1.111005e-01 1.515361e-01 7.977566e-01 2.936153e-01 4.011501e-01 2.528921e-01 6.379799e-01 5.735681e-01 3.064860e-01 2.152929e-01 3.582693e-01 9.171281e-02 
47 659 0 0 0 7.675718e-02 7.762198e-01 1.786746e-01 3.126387e-01 1.344436e-01 8.173511e-01 1.461479e-01 5.048211e-01 4.134700e-01 9.302120e-01 1.592539e-01 6.428285e-01 3.692457e-01 4.846866e-01 4.469565e-01 2.278992e-01 8.935902e-01 1.744777e-01 1.216344e-01 7.796992e-01 6.227919e-01 8.216820e-01 1.020625e-01 2.334299e-01 7.802475e-01 2.762693e-01 2.928835e-01 3.044023e-01 5.474084e-01 5.405337e-01 3.358681e-01 2.473115e-01 3.974950e-01 1.167302e-01 
48 673 0 0 0 1.059253e-02 7.282637e-01 2.314732e-01 3.378431e-01 1.280944e-01 7.694020e-01 9.262904e-02 4.442047e-01 4.406483e-01 9.248543e-01 1.186974e-01 6.784108e-01 2.955009e-01 4.089924e-01 4.194994e-01 2.170172e-01 8.669575e-01 8.865823e-02 7.875086e-02 7.539363e-01 6.504858e-01 7.969938e-01 8.444465e-02 2.853430e-01 8.314268e-01 2.098062e-01 2.565775e-01 2.708626e-01 5.709446e-01 5.288792e-01 3.287824e-01 2.516501e-01 4.553188e-01 1.521341e-01 
49 687 0 0 0 5.512999e-02 7.168276e-01 2.921731e-01 3.461913e-01 7.942501e-02 7.850308e-01 9.801345e-02 4.523079e-01 5.257796e-01 9.734066e-01 1.395332e-01 7.239961e-01 3.188651e-01 3.928258e-01 3.951046e-01 2.463524e-01 9.144298e-01 2.037920e-02 7.198522e-02 6.365299e-01 7.075637e-01 8.014730e-01 7.104706e-02 3.185452e-01 8.464557e-01 2.882039e-01 2.205951e-01 2.145794e-01 6.091242e-01 5.931531e-01 2.944163e-01 2.806363e-01 4.790699e-01 1.260239e-01 
50 701 0 0 0 9.353433e-02 6.583967e-01 3.073609e-01 2.937468e-01 1.447432e-01 7.390442e-01 1.396521e-01 4.600113e-01 3.655272e-01 1.001909e+00 2.853634e-01 7.630755e-01 3.265959e-01 4.796517e-01 3.587753e-01 2.602314e-01 7.712544e-01 4.756482e-02 1.077143e-01 7.664284e-01 7.260567e-01 8.496138e-01 5.823893e-02 3.565894e-01 7.884621e-01 3.062922e-01 2.150540e-01 2.078739e-01 6.010623e-01 5.467343e-01 3.313489e-01 2.047200e-01 4.898071e-01 2.171765e-01 
51 715 0 0 0 1.608808e-01 7.132207e-01 1.885725e-01 2.679829e-01 1.813112e-01 7.964872e-01 1.267019e-01 5.002664e-01 2.611615e-01 8.753210e-01 2.691752e-01 7.752927e-01 3.354407e-01 4.526848e-01 3.344547e-01 2.647800e-01 7.819563e-01 1.017788e-01 1.220648e-01 7.491223e-01 6.790915e-01 8.148810e-01 1.893630e-01 3.911656e-01 7.443571e-01 2.407088e-01 3.079465e-01 2.390749e-01 6.192159e-01 5.619348e-01 3.238525e-01 1.181983e-01 5.046038e-01 2.006484e-01 
52 729 0 0 0 1.905594e-01 7.392105e-01 1.658439e-01 2.371585e-01 1.295178e-01 8.146220e-01 2.015384e-01 5.236723e-01 2.577045e-01 8.275283e-01 2.757992e-01 7.164938e-01 3.659225e-01 4.544740e-01 3.712423e-01 3.313610e-01 8.205055e-01 8.027683e-02 1.395751e-01 7.137566e-01 6.412129e-01 7.871487e-01 1.903929e-01 4.070601e-01 7.340786e-01 2.068943e-01 3.644757e-01 2.573743e-01 6.328334e-01 4.787176e-01 1.766457e-01 1.903465e-01 4.411184e-01 1.965258e-01 
53 743 0 0 0 1.583132e-01 7.492763e-01 2.606320e-01 1.910490e-01 2.294142e-01 8.156123e-01 1.934840e-01 4.595779e-01 2.921128e-01 8.677890e-01 1.918535e-01 7.149433e-01 3.492117e-01 5.062049e-01 3.748365e-01 3.063481e-01 8.242129e-01 2.030177e-01 1.927973e-01 8.901063e-01 6.725809e-01 7.688206e-01 1.999438e-01 3.738241e-01 8.042039e-01 1.952873e-01 3.916976e-01 1.599669e-01 6.898990e-01 5.209420e-01 2.741476e-01 1.437523e-01 4.507713e-01 2.283560e-01 
54 757 0 0 0 2.183483e-01 7.451171e-01 2.366794e-01 1.553217e-01 2.322309e-01 7.741366e-01 1.441081e-01 4.986512e-01 2.331293e-01 8.165458e-01 2.078546e-01 6.912217e-01 3.296574e-01 4.776380e-01 4.835315e-01 3.062388e-01 7.920482e-01 2.557564e-01 3.382506e-01 7.890219e-01 6.418377e-01 7.649143e-01 2.328030e-01 3.603724e-01 7.023140e-01 1.659633e-01 3.425474e-01 1.040017e-01 7.407195e-01 5.728670e-01 2.884422e-01 1.744921e-01 5.490839e-01 1.897369e-01 
55 771 0 0 0 2.326775e-01 6.887367e-01 2.943920e-01 2.402513e-01 2.197739e-01 8.269192e-01 1.235538e-01 5.239247e-01 2.023221e-01 7.865640e-01 1.027972e-01 7.772283e-01 3.814025e-01 4.451719e-01 4.047035e-01 2.255660e-01 8.293277e-01 3.713339e-01 3.202338e-01 7.658491e-01 6.944016e-01 8.065525e-01 3.311053e-01 3.964234e-01 7.150722e-01 1.926550e-01 3.203663e-01 7.525565e-02 7.532683e-01 5.723013e-01 2.289836e-01 2.230448e-01 4.622710e-01 2.246793e-01 
56 785 0 0 0 2.394384e-01 7.043994e-01 3.368938e-01 1.842892e-01 9.863012e-02 7.796703e-01 1.244985e-01 4.552200e-01 1.595832e-01 8.386810e-01 9.151622e-02 7.621970e-01 4.226565e-01 3.958678e-01 4.528873e-01 2.480544e-01 7.680323e-01 4.079511e-01 2.750117e-01 7.355639e-01 7.376803e-01 8.214324e-01 3.277133e-01 3.977705e-01 7.958902e-01 2.072983e-01 4.169312e-01 8.617940e-02 8.078624e-01 5.509185e-01 1.941696e-01 1.979885e-01 5.351284e-01 2.630518e-01 
57 799 0 0 0 2.499982e-01 7.215400e-01 3.657878e-01 1.919347e-01 1.377466e-01 8.371638e-01 2.098185e-01 4.923163e-01 1.007006e-01 8.801285e-01 9.530426e-02 7.322024e-01 3.870627e-01 4.487554e-01 5.115565e-01 1.882876e-01 7.875362e-01 4.539690e-01 2.853876e-01 7.470775e-01 7.073027e-01 8.347868e-01 2.980986e-01 4.022765e-01 8.347251e-01 2.463144e-01 4.562273e-01 7.783586e-02 8.060499e-01 5.801641e-01 1.504710e-01 1.858110e-01 5.374402e-01 2.723080e-01 
58 813 0 0 0 2.424361e-01 6.699058e-01 4.849412e-01 2.400856e-01 1.642271e-01 7.829890e-01 3.364888e-01 4.652381e-01 2.750392e-01 8.383389e-01 1.271392e-01 7.715781e-01 3.795731e-01 5.081391e-01 5.442011e-01 1.241377e-01 8.463156e-01 4.016863e-01 2.201274e-01 6.982779e-01 6.062966e-01 7.147536e-01 3.047720e-01 2.955299e-01 7.057683e-01 3.589993e-01 4.774063e-01 1.179622e-01 7.323983e-01 6.084586e-01 1.955874e-01 2.353114e-01 4.321146e-01 1.705754e-01 
59 827 0 0 0 1.462172e-01 6.539743e-01 3.624432e-01 3.028811e-01 1.946161e-01 8.660058e-01 2.892655e-01 3.345893e-01 2.435303e-01 8.936038e-01 1.355342e-01 8.138656e-01 4.335421e-01 5.236173e-01 5.687227e-01 1.017703e-01 8.589042e-01 3.541875e-01 1.145799e-01 6.575075e-01 5.753856e-01 7.491949e-01 4.268525e-01 3.483653e-01 7.479233e-01 4.055391e-01 5.409481e-01 1.633937e-01 6.098894e-01 5.881625e-01 2.330605e-01 2.902072e-01 3.955776e-01 2.760411e-01 
60 841 0 0 0 8.658552e-02 7.356145e-01 3.694959e-01 1.986374e-01 1.690030e-01 8.419682e-01 3.229262e-01 4.003852e-01 2.179083e-01 8.376894e-01 2.013627e-01 8.523868e-01 4.282289e-01 5.251664e-01 6.531734e-01 1.192279e-01 7.501844e-01 3.487793e-01 5.993507e-02 6.460152e-01 5.321718e-01 7.578080e-01 4.903672e-01 3.092143e-01 7.934171e-01 2.999955e-01 6.735745e-01 1.769618e-01 5.489729e-01 6.026168e-01 2.042539e-01 3.338329e-01 5.440210e-01 2.185456e-01 
61 855 0 0 0 1.721731e-01 7.439656e-01 3.410103e-01 1.744244e-01 1.051611e-01 8.539310e-01 3.665386e-01 4.037651e-01 2.818524e-01 8.210493e-01 2.702867e-01 8.224464e-01 4.770598e-01 5.083242e-01 6.171799e-01 2.158999e-01 6.317146e-01 2.989476e-01 1.320998e-01 5.809043e-01 5.533109e-01 7.127779e-01 4.356699e-01 2.403514e-01 7.645497e-01 3.165368e-01 7.225559e-01 2.440359e-01 6.340140e-01 6.457008e-01 2.327566e-01 3.500513e-01 5.543960e-01 2.715547e-01 
62 869 0 0 0 2.274778e-01 6.792752e-01 2.590501e-01 1.493512e-01 1.804559e-01 8.206248e-01 4.623773e-01 4.377083e-01 2.731404e-01 7.225658e-01 2.100924e-01 8.136758e-01 4.449732e-01 5.123796e-01 5.826332e-01 1.760348e-01 6.533120e-01 1.998073e-01 3.041335e-01 6.103724e-01 6.204418e-01 6.609595e-01 4.234481e-01 1.955150e-01 7.799014e-01 4.284876e-01 7.744516e-01 2.986132e-01 6.567258e-01 7.115743e-01 2.889609e-01 3.106789e-01 5.969301e-01 2.906789e-01 
63 883 0 0 0 2.454763e-01 7.460422e-01 2.517433e-01 1.780840e-01 1.500534e-01 9.052553e-01 4.656719e-01 3.416155e-01 3.166102e-01 6.805063e-01 1.794385e-01 7.111759e-01 5.203644e-01 4.665492e-01 6.023835e-01 2.009208e-01 6.994412e-01 1.507401e-01 1.814737e-01 5.952083e-01 5.999109e-01 6.315632e-01 4.411718e-01 1.878279e-01 7.121536e-01 3.035521e-01 7.737265e-01 3.283784e-01 7.102425e-01 7.587643e-01 2.162117e-01 2.571359e-01 6.445616e-01 4.058160e-01 
64 897 0 0 0 2.602804e-01 7.671007e-01 2.003135e-01 2.027171e-01 1.632134e-01 8.830057e-01 3.640045e-01 4.496124e-01 3.716019e-01 6.182509e-01 2.449568e-01 6.056240e-01 6.462250e-01 4.788252e-01 5.103714e-01 2.095327e-01 7.376215e-01 1.445190e-01 2.434197e-01 5.718546e-01 6.844528e-01 5.611647e-01 5.182734e-01 1.608182e-01 6.079201e-01 3.166911e-01 7.492631e-01 3.683149e-01 8.325322e-01 7.399556e-01 1.762702e-01 3.030696e-01 5.691591e-01 5.085642e-01 
65 911 0 0 0 2.918282e-01 7.432801e-01 2.448928e-01 2.154265e-01 2.735287e-01 8.539162e-01 2.964259e-01 5.183150e-01 3.930875e-01 7.361302e-01 1.833191e-01 5.892193e-01 5.099654e-01 3.993080e-01 5.038742e-01 2.350601e-01 6.427435e-01 2.814888e-01 2.053911e-01 5.921048e-01 6.694941e-01 5.752788e-01 4.421130e-01 2.391539e-01 6.084658e-01 2.104332e-01 8.246501e-01 4.560832e-01 9.075974e-01 7.432022e-01 1.576296e-01 3.569131e-01 5.625531e-01 4.851172e-01 
66 925 0 0 0 2.683526e-01 6.648561e-01 2.541249e-01 3.479919e-01 3.276271e-01 7.938695e-01 4.342390e-01 4.686714e-01 3.597244e-01 6.878710e-01 3.238023e-01 7.371076e-01 4.860653e-01 4.438316e-01 4.649255e-01 2.574240e-01 5.872734e-01 3.364257e-01 1.787754e-01 4.890720e-01 6.317600e-01 5.921454e-01 4.344942e-01 1.790905e-01 5.336505e-01 3.733330e-01 8.835587e-01 6.103961e-01 8.092684e-01 8.791725e-01 4.070794e-01 2.731014e-01 5.721033e-01 5.945968e-01 
67 939 0 0 0 2.201139e-01 6.233149e-01 2.263996e-01 2.872352e-01 3.194409e-01 7.877738e-01 3.881272e-01 4.060372e-01 4.896166e-01 6.075320e-01 3.463086e-01 7.149367e-01 4.025787e-01 4.102335e-01 5.891884e-01 2.184610e-01 5.106276e-01 1.349701e-01 2.051454e-01 4.496595e-01 4.885709e-01 5.487618e-01 4.081878e-01 3.041023e-01 6.696550e-01 4.087168e-01 8.178020e-01 5.878895e-01 7.647062e-01 8.951429e-01 2.700091e-01 1.729022e-01 5.060209e-01 5.318496e-01 
68 953 0 0 0 2.162527e-01 5.115841e-01 1.554975e-01 2.239334e-01 3.653537e-01 8.127568e-01 3.515975e-01 5.001834e-01 5.660773e-01 5.770672e-01 4.305812e-01 6.987130e-01 3.998549e-01 5.582331e-01 5.759933e-01 1.312406e-01 3.785645e-01 1.706933e-01 1.098216e-01 4.148002e-01 4.194386e-01 4.727213e-01 3.579782e-01 4.052272e-01 7.314086e-01 4.921590e-01 8.973602e-01 5.724214e-01 6.768884e-01 8.239599e-01 3.247823e-01 2.550177e-01 5.496663e-01 3.701720e-01 
69 967 0 0 0 1.280892e-01 5.848476e-01 1.235145e-01 2.489908e-01 3.069272e-01 7.967232e-01 2.530533e-01 3.504322e-01 4.889506e-01 5.258414e-01 6.066646e-01 6.424481e-01 4.369196e-01 6.573432e-01 5.748870e-01 1.550622e-01 4.648816e-01 2.022634e-01 1.203894e-01 5.293517e-01 5.137678e-01 4.108920e-01 3.877520e-01 3.713648e-01 7.535117e-01 5.339482e-01 8.381645e-01 5.396954e-01 5.468835e-01 9.182738e-01 2.987040e-01 3.097186e-01 5.302724e-01 3.961824e-01 
70 981 0 0 0 2.085249e-01 6.697249e-01 2.273821e-01 3.159200e-01 3.340510e-01 8.131125e-01 3.306563e-01 2.769181e-01 7.130343e-01 5.130115e-01 5.752517e-01 6.870101e-01 4.855015e-01 5.822270e-01 5.169285e-01 2.260747e-01 5.826284e-01 2.730129e-01 1.176317e-01 4.400265e-01 4.916130e-01 3.938210e-01 3.802558e-01 2.777575e-01 6.752515e-01 4.939220e-01 8.235787e-01 5.012820e-01 5.474641e-01 9.060768e-01 4.024124e-01 3.050634e-01 5.367367e-01 3.590304e-01 
71 995 0 0 0 1.980777e-01 6.439672e-01 2.431919e-01 3.203124e-01 3.285377e-01 7.917168e-01 2.901214e-01 3.568649e-01 5.412758e-01 5.652278e-01 5.566105e-01 7.089869e-01 4.639800e-01 5.189432e-01 4.711974e-01 1.283763e-01 5.937765e-01 3.182700e-01 1.652996e-01 5.562038e-01 4.860519e-01 3.692142e-01 3.351041e-01 3.562483e-01 6.833560e-01 4.756300e-01 6.188073e-01 4.928223e-01 5.371806e-01 7.980591e-01 3.515057e-01 4.131475e-01 5.490727e-01 3.869902e-01 
72 1009 0 0 0 2.616988e-01 5.857648e-01 2.810644e-01 3.020630e-01 2.930278e-01 7.063936e-01 2.557975e-01 3.683431e-01 5.582023e-01 5.884027e-01 6.490976e-01 6.504773e-01 4.955742e-01 4.952349e-01 5.853276e-01 1.526444e-01 5.212269e-01 1.879013e-01 2.277884e-01 5.778095e-01 4.614817e-01 4.586970e-01 4.201556e-01 2.741109e-01 6.710194e-01 5.188939e-01 5.426412e-01 6.108849e-01 5.450845e-01 8.373599e-01 3.745030e-01 2.447778e-01 5.344049e-01 3.754310e-01 
73 1023 0 0 0 2.747948e-01 6.260921e-01 3.022579e-01 3.925367e-01 2.697439e-01 6.989063e-01 1.781293e-01 2.381721e-01 5.859158e-01 5.728022e-01 5.782505e-01 7.161706e-01 3.625470e-01 5.735730e-01 6.564738e-01 1.561185e-01 4.882508e-01 2.819182e-01 2.199422e-01 5.724435e-01 5.030811e-01 5.016531e-01 3.563139e-01 2.995672e-01 6.090912e-01 4.492715e-01 4.728877e-01 5.329874e-01 2.449104e-01 7.599731e-01 4.344465e-01 2.879241e-01 6.256303e-01 4.107025e-01 
74 1037 0 0 0 2.393682e-01 6.536703e-01 2.767750e-01 4.888474e-01 3.699498e-01 8.383668e-01 2.101050e-01 1.731902e-01 5.684165e-01 6.496258e-01 5.304424e-01 7.951818e-01 4.108699e-01 6.583160e-01 6.033281e-01 1.266402e-01 5.709929e-01 2.654245e-01 2.540735e-01 5.834689e-01 4.543859e-01 5.450482e-01 3.729043e-01 2.588312e-01 5.710735e-01 3.716221e-01 4.032134e-01 4.559962e-01 3.754788e-01 6.892796e-01 3.650864e-01 4.373792e-01 6.068374e-01 4.554129e-01 
75 1051 0 0 0 2.709891e-01 5.348791e-01 2.300178e-01 3.986012e-01 3.580580e-01 7.942484e-01 2.938185e-01 2.019162e-01 6.989842e-01 6.385103e-01 6.572159e-01 7.958831e-01 4.132526e-01 7.038181e-01 5.506445e-01 1.085363e-01 6.068727e-01 1.516398e-01 1.973389e-01 5.482347e-01 3.898836e-01 4.148060e-01 3.340598e-01 3.060431e-01 4.947599e-01 5.345961e-01 5.123284e-01 5.411339e-01 3.385518e-01 6.403706e-01 4.298580e-01 4.572114e-01 6.267739e-01 4.216823e-01 
76 1065 0 0 0 2.863751e-01 5.734182e-01 2.432943e-01 4.605735e-01 2.198785e-01 7.248429e-01 1.315318e-01 3.236617e-01 7.643792e-01 6.237729e-01 5.654888e-01 7.545166e-01 4.015571e-01 7.401253e-01 4.820568e-01 1.568317e-01 6.293379e-01 1.943829e-01 2.240197e-01 6.792552e-01 3.813196e-01 4.494363e-01 3.304149e-01 2.936578e-01 5.002191e-01 4.957121e-01 4.910300e-01 4.247646e-01 4.029601e-01 6.591124e-01 5.545075e-01 3.886118e-01 6.884150e-01 4.029443e-01 
77 1079 0 0 0 4.605070e-01 5.452290e-01 2.469121e-01 4.490589e-01 1.876144e-01 7.986899e-01 1.072750e-01 2.505350e-01 8.336055e-01 5.723876e-01 5.647422e-01 7.868457e-01 3.412749e-01 7.298145e-01 4.348027e-01 2.469814e-01 7.387637e-01 1.779747e-01 2.179572e-01 6.613209e-01 3.261039e-01 5.386302e-01 3.364421e-01 3.469278e-01 4.364142e-01 6.543628e-01 3.792497e-01 4.353443e-01 3.443513e-01 7.944825e-01 5.842956e-01 3.625247e-01 7.537457e-01 4.381219e-01 
78 1093 0 0 0 4.832258e-01 5.846085e-01 3.155461e-01 4.669837e-01 1.666193e-01 7.860811e-01 9.028001e-02 2.933512e-01 6.812851e-01 4.329300e-01 6.659461e-01 6.607130e-01 3.685868e-01 8.215878e-01 4.418584e-01 3.012468e-01 7.663876e-01 1.640674e-01 2.944102e-01 6.091467e-01 3.792548e-01 4.039131e-01 5.008279e-01 2.799760e-01 3.649651e-01 5.528513e-01 3.664753e-01 5.624938e-01 4.025810e-01 7.852251e-01 5.965330e-01 3.645656e-01 6.701354e-01 4.954624e-01 
79 1107 0 0 0 6.910328e-01 5.654696e-01 2.997600e-01 5.097047e-01 9.061506e-02 7.248569e-01 2.113613e-01 3.749450e-01 6.830487e-01 3.835961e-01 8.362679e-01 5.604252e-01 5.096850e-01 8.624157e-01 4.813255e-01 2.761379e-01 6.883588e-01 2.253249e-01 2.752746e-01 6.782542e-01 3.448428e-01 4.466865e-01 6.725615e-01 1.523589e-01 4.390012e-01 5.066472e-01 4.202368e-01 5.970096e-01 4.460933e-01 7.018420e-01 5.307799e-01 3.494615e-01 6.819262e-01 3.973769e-01 
80 1121 0 0 0 7.042072e-01 5.705375e-01 3.127236e-01 6.104609e-01 1.691957e-01 6.423290e-01 2.345344e-01 4.650392e-01 6.683511e-01 4.268221e-01 7.652680e-01 4.008197e-01 4.735286e-01 9.195068e-01 4.771608e-01 2.462731e-01 6.255308e-01 1.539893e-01 4.447221e-01 7.289517e-01 3.018431e-01 3.800071e-01 6.544435e-01 2.218080e-01 3.038974e-01 5.552052e-01 4.819879e-01 5.738867e-01 4.163044e-01 7.876661e-01 6.043533e-01 4.210619e-01 6.877739e-01 2.132545e-01 
81 1135 0 0 0 7.595395e-01 6.728970e-01 2.723849e-01 6.537812e-01 1.639515e-01 7.178290e-01 1.025478e-01 4.721418e-01 6.665047e-01 4.398849e-01 6.886768e-01 3.626317e-01 4.669503e-01 7.413565e-01 3.907861e-01 2.834371e-01 6.826545e-01 1.697266e-01 3.298770e-01 6.551017e-01 3.050758e-01 4.210278e-01 5.941289e-01 2.539518e-01 3.669293e-01 4.663425e-01 4.128098e-01 6.304951e-01 3.648238e-01 8.742649e-01 5.477213e-01 5.240042e-01 7.125014e-01 3.140764e-01 
82 1149 0 0 0 7.800331e-01 7.125807e-01 3.942683e-01 4.624199e-01 1.686369e-01 6.854766e-01 1.663493e-01 4.372825e-01 7.978745e-01 4.527465e-01 6.755728e-01 2.303029e-01 5.707929e-01 8.954607e-01 4.140688e-01 2.421031e-01 7.345942e-01 1.373915e-01 3.863802e-01 8.076446e-01 3.283047e-01 5.241196e-01 5.789199e-01 3.873775e-01 2.758320e-01 6.978270e-01 3.429144e-01 6.726374e-01 4.620503e-01 8.701599e-01 5.394909e-01 6.057603e-01 8.332765e-01 4.825102e-01 
83 1163 0 0 0 9.141679e-01 7.754093e-01 2.794200e-01 4.725735e-01 2.840216e-01 7.768161e-01 2.879481e-01 4.007460e-01 7.735441e-01 3.496666e-01 5.717349e-01 3.745364e-01 6.231457e-01 7.874154e-01 4.051077e-01 2.095837e-01 7.152719e-01 2.743358e-01 3.418143e-01 6.692977e-01 5.260783e-01 4.525525e-01 4.113846e-01 2.551293e-01 3.222532e-01 7.060016e-01 4.420021e-01 7.857000e-01 4.720745e-01 7.892830e-01 5.166663e-01 4.520801e-01 7.814518e-01 6.218287e-01 
