%  columns=["iteration, evaluation, sigma, void, void, stds==sigma*sqrt(diag(C))" (startseed=211958, 2023/08/27 3:8:50.59)
1 15 2.813759e-01 0 0 2.807420e-01 2.813605e-01 2.811586e-01 2.827278e-01 2.810722e-01 2.810490e-01 2.814663e-01 2.816163e-01 2.810477e-01 2.812376e-01 2.808299e-01 2.811235e-01 2.817250e-01 2.815743e-01 2.818566e-01 2.820372e-01 2.815454e-01 2.807709e-01 2.809733e-01 2.812992e-01 2.812290e-01 2.819602e-01 2.809198e-01 2.810541e-01 2.816054e-01 2.809025e-01 2.807422e-01 2.809374e-01 2.815855e-01 2.808349e-01 2.811594e-01 2.811437e-01 2.810015e-01 2.811570e-01 
2 29 3.813049e-01 0 0 3.801998e-01 3.810382e-01 3.804758e-01 3.827368e-01 3.817564e-01 3.803448e-01 3.836681e-01 3.811441e-01 3.803963e-01 3.803529e-01 3.814290e-01 3.803114e-01 3.820433e-01 3.814175e-01 3.814401e-01 3.838445e-01 3.806361e-01 3.798392e-01 3.799000e-01 3.805647e-01 3.806139e-01 3.819913e-01 3.799433e-01 3.802925e-01 3.807453e-01 3.801856e-01 3.801693e-01 3.800600e-01 3.819593e-01 3.800254e-01 3.815800e-01 3.819201e-01 3.815055e-01 3.806946e-01 
3 43 3.760079e-01 0 0 3.743793e-01 3.751878e-01 3.749782e-01 3.767123e-01 3.759631e-01 3.743153e-01 3.785242e-01 3.759286e-01 3.745053e-01 3.742071e-01 3.760206e-01 3.747834e-01 3.768648e-01 3.762410e-01 3.758927e-01 3.782398e-01 3.753808e-01 3.748559e-01 3.744850e-01 3.746754e-01 3.749367e-01 3.765352e-01 3.740509e-01 3.755397e-01 3.747804e-01 3.742994e-01 3.740850e-01 3.755403e-01 3.773791e-01 3.740106e-01 3.761798e-01 3.772946e-01 3.755463e-01 3.749073e-01 
4 57 3.672619e-01 0 0 3.650632e-01 3.659761e-01 3.658861e-01 3.676171e-01 3.671807e-01 3.653500e-01 3.708328e-01 3.668445e-01 3.653581e-01 3.646515e-01 3.670080e-01 3.655558e-01 3.685935e-01 3.678988e-01 3.664145e-01 3.685312e-01 3.660781e-01 3.655986e-01 3.650785e-01 3.654197e-01 3.659322e-01 3.676666e-01 3.656042e-01 3.673392e-01 3.652058e-01 3.647907e-01 3.646380e-01 3.680171e-01 3.681627e-01 3.650990e-01 3.674183e-01 3.681449e-01 3.663826e-01 3.654808e-01 
5 71 3.605079e-01 0 0 3.578778e-01 3.585641e-01 3.588726e-01 3.601632e-01 3.610389e-01 3.580463e-01 3.648977e-01 3.597311e-01 3.580164e-01 3.575804e-01 3.601426e-01 3.587082e-01 3.622332e-01 3.612054e-01 3.591625e-01 3.615639e-01 3.590023e-01 3.583925e-01 3.578811e-01 3.582388e-01 3.591874e-01 3.610986e-01 3.580952e-01 3.606484e-01 3.580491e-01 3.574670e-01 3.572580e-01 3.611619e-01 3.607321e-01 3.580107e-01 3.599448e-01 3.611084e-01 3.594203e-01 3.582243e-01 
6 85 3.465980e-01 0 0 3.438970e-01 3.444812e-01 3.446785e-01 3.455588e-01 3.469618e-01 3.437930e-01 3.509493e-01 3.452387e-01 3.436605e-01 3.435509e-01 3.454957e-01 3.448623e-01 3.479294e-01 3.474872e-01 3.450044e-01 3.469168e-01 3.450693e-01 3.449883e-01 3.435733e-01 3.442411e-01 3.449953e-01 3.470244e-01 3.440705e-01 3.470217e-01 3.441604e-01 3.448594e-01 3.428688e-01 3.469691e-01 3.464996e-01 3.443283e-01 3.454545e-01 3.465315e-01 3.456783e-01 3.439152e-01 
7 99 3.354011e-01 0 0 3.328758e-01 3.337503e-01 3.331805e-01 3.349367e-01 3.352469e-01 3.329152e-01 3.395019e-01 3.344386e-01 3.319627e-01 3.320033e-01 3.335874e-01 3.338569e-01 3.361257e-01 3.362209e-01 3.337174e-01 3.349422e-01 3.336319e-01 3.335689e-01 3.321820e-01 3.326326e-01 3.331714e-01 3.356850e-01 3.327062e-01 3.363651e-01 3.328266e-01 3.334045e-01 3.316156e-01 3.354796e-01 3.348371e-01 3.336611e-01 3.351470e-01 3.350644e-01 3.337915e-01 3.320817e-01 
8 113 3.223013e-01 0 0 3.192385e-01 3.206742e-01 3.197398e-01 3.214047e-01 3.217564e-01 3.196286e-01 3.260496e-01 3.209641e-01 3.188825e-01 3.184018e-01 3.201321e-01 3.200721e-01 3.227392e-01 3.229251e-01 3.200282e-01 3.213882e-01 3.214334e-01 3.203907e-01 3.188513e-01 3.194117e-01 3.199878e-01 3.223553e-01 3.196599e-01 3.233496e-01 3.192500e-01 3.199155e-01 3.185032e-01 3.225122e-01 3.213081e-01 3.201182e-01 3.220134e-01 3.221087e-01 3.207653e-01 3.185328e-01 
9 127 3.044979e-01 0 0 3.009073e-01 3.024814e-01 3.017300e-01 3.036974e-01 3.035359e-01 3.016846e-01 3.075469e-01 3.034921e-01 3.015514e-01 3.018980e-01 3.021347e-01 3.019716e-01 3.051524e-01 3.049036e-01 3.031026e-01 3.032719e-01 3.041504e-01 3.020960e-01 3.011422e-01 3.013842e-01 3.018551e-01 3.055240e-01 3.026819e-01 3.053058e-01 3.009135e-01 3.018715e-01 3.010006e-01 3.044954e-01 3.036696e-01 3.024656e-01 3.038624e-01 3.045200e-01 3.030984e-01 3.002535e-01 
10 141 2.861050e-01 0 0 2.823667e-01 2.835389e-01 2.830460e-01 2.854115e-01 2.849464e-01 2.830275e-01 2.889526e-01 2.844901e-01 2.829631e-01 2.834751e-01 2.832682e-01 2.832029e-01 2.860592e-01 2.859438e-01 2.842162e-01 2.849350e-01 2.856262e-01 2.842041e-01 2.833375e-01 2.826397e-01 2.837449e-01 2.864836e-01 2.848001e-01 2.875250e-01 2.821248e-01 2.833802e-01 2.825764e-01 2.854859e-01 2.848174e-01 2.838756e-01 2.850468e-01 2.858393e-01 2.845504e-01 2.819411e-01 
11 155 2.735980e-01 0 0 2.693397e-01 2.710527e-01 2.704381e-01 2.726476e-01 2.725413e-01 2.710510e-01 2.760845e-01 2.718137e-01 2.700405e-01 2.706641e-01 2.707203e-01 2.702413e-01 2.740979e-01 2.733292e-01 2.711612e-01 2.720796e-01 2.729326e-01 2.717789e-01 2.704789e-01 2.698886e-01 2.709628e-01 2.739032e-01 2.721103e-01 2.745823e-01 2.693695e-01 2.710564e-01 2.701982e-01 2.725070e-01 2.717981e-01 2.710925e-01 2.721997e-01 2.728155e-01 2.724120e-01 2.690619e-01 
12 169 2.659015e-01 0 0 2.615211e-01 2.631384e-01 2.623416e-01 2.645609e-01 2.648482e-01 2.631890e-01 2.693474e-01 2.642310e-01 2.620984e-01 2.630203e-01 2.626643e-01 2.625847e-01 2.672956e-01 2.651134e-01 2.635801e-01 2.641976e-01 2.651823e-01 2.641743e-01 2.627882e-01 2.620238e-01 2.634595e-01 2.657384e-01 2.641202e-01 2.666425e-01 2.614323e-01 2.632694e-01 2.626451e-01 2.642285e-01 2.636814e-01 2.630049e-01 2.642487e-01 2.649744e-01 2.646354e-01 2.610567e-01 
13 183 2.556608e-01 0 0 2.511277e-01 2.528692e-01 2.517015e-01 2.540758e-01 2.547339e-01 2.526442e-01 2.588038e-01 2.536810e-01 2.517125e-01 2.529004e-01 2.521364e-01 2.522140e-01 2.567062e-01 2.548258e-01 2.531914e-01 2.534955e-01 2.548075e-01 2.537691e-01 2.531658e-01 2.522309e-01 2.533879e-01 2.552539e-01 2.537416e-01 2.563229e-01 2.514360e-01 2.526942e-01 2.526558e-01 2.535644e-01 2.535918e-01 2.525082e-01 2.536318e-01 2.552819e-01 2.540152e-01 2.506078e-01 
14 197 2.448778e-01 0 0 2.402309e-01 2.422955e-01 2.405909e-01 2.430622e-01 2.438066e-01 2.418647e-01 2.477180e-01 2.428671e-01 2.409244e-01 2.419952e-01 2.410869e-01 2.411833e-01 2.458641e-01 2.437756e-01 2.428307e-01 2.429027e-01 2.437316e-01 2.426276e-01 2.422165e-01 2.411226e-01 2.424705e-01 2.440572e-01 2.429508e-01 2.452066e-01 2.406280e-01 2.418274e-01 2.420455e-01 2.423524e-01 2.428901e-01 2.422677e-01 2.427337e-01 2.442577e-01 2.430685e-01 2.398924e-01 
15 211 2.352545e-01 0 0 2.305233e-01 2.327137e-01 2.313918e-01 2.343620e-01 2.338571e-01 2.320849e-01 2.380332e-01 2.334207e-01 2.320359e-01 2.325334e-01 2.311718e-01 2.316185e-01 2.360245e-01 2.342593e-01 2.330636e-01 2.329935e-01 2.337051e-01 2.329609e-01 2.326759e-01 2.311810e-01 2.325249e-01 2.354799e-01 2.330049e-01 2.353352e-01 2.308634e-01 2.322025e-01 2.324669e-01 2.323779e-01 2.328245e-01 2.329267e-01 2.333042e-01 2.344079e-01 2.333076e-01 2.308025e-01 
16 225 2.297532e-01 0 0 2.247198e-01 2.271080e-01 2.257058e-01 2.290284e-01 2.282137e-01 2.262935e-01 2.327659e-01 2.281501e-01 2.263238e-01 2.266938e-01 2.253298e-01 2.260415e-01 2.304012e-01 2.286222e-01 2.273327e-01 2.279429e-01 2.280735e-01 2.272753e-01 2.269779e-01 2.254170e-01 2.268489e-01 2.294509e-01 2.272502e-01 2.293671e-01 2.250726e-01 2.266307e-01 2.273327e-01 2.266116e-01 2.269536e-01 2.271060e-01 2.279393e-01 2.288374e-01 2.276002e-01 2.258631e-01 
17 239 2.253511e-01 0 0 2.200152e-01 2.230818e-01 2.212123e-01 2.245715e-01 2.235791e-01 2.218033e-01 2.278787e-01 2.234496e-01 2.216348e-01 2.218997e-01 2.210213e-01 2.214400e-01 2.267855e-01 2.239848e-01 2.227546e-01 2.231842e-01 2.234813e-01 2.227304e-01 2.225828e-01 2.207415e-01 2.221392e-01 2.248359e-01 2.224953e-01 2.244919e-01 2.205920e-01 2.228252e-01 2.226821e-01 2.221229e-01 2.223317e-01 2.222866e-01 2.231965e-01 2.244654e-01 2.232460e-01 2.221458e-01 
18 253 2.199104e-01 0 0 2.144886e-01 2.174906e-01 2.156035e-01 2.187869e-01 2.179222e-01 2.163877e-01 2.231319e-01 2.181401e-01 2.162297e-01 2.164513e-01 2.152923e-01 2.157723e-01 2.220617e-01 2.181963e-01 2.175537e-01 2.173909e-01 2.177235e-01 2.174867e-01 2.168925e-01 2.149358e-01 2.164933e-01 2.191960e-01 2.170628e-01 2.194349e-01 2.149259e-01 2.170774e-01 2.168951e-01 2.169618e-01 2.166773e-01 2.174709e-01 2.180712e-01 2.190893e-01 2.177313e-01 2.173008e-01 
19 267 2.116204e-01 0 0 2.060106e-01 2.093646e-01 2.071559e-01 2.101800e-01 2.092191e-01 2.080045e-01 2.144544e-01 2.096263e-01 2.075557e-01 2.085378e-01 2.067788e-01 2.074849e-01 2.141323e-01 2.101604e-01 2.092893e-01 2.091937e-01 2.094754e-01 2.091212e-01 2.085197e-01 2.064922e-01 2.078956e-01 2.107346e-01 2.085514e-01 2.108719e-01 2.067542e-01 2.092683e-01 2.084010e-01 2.084941e-01 2.080625e-01 2.093943e-01 2.096220e-01 2.106336e-01 2.093952e-01 2.090656e-01 
20 281 2.045678e-01 0 0 1.987974e-01 2.021782e-01 2.000606e-01 2.028436e-01 2.018166e-01 2.005730e-01 2.072928e-01 2.026121e-01 2.001317e-01 2.017148e-01 1.997759e-01 2.003055e-01 2.067033e-01 2.032034e-01 2.020488e-01 2.021454e-01 2.027916e-01 2.023739e-01 2.017545e-01 1.992547e-01 2.006267e-01 2.036231e-01 2.016518e-01 2.035604e-01 1.998045e-01 2.023939e-01 2.011089e-01 2.011628e-01 2.013451e-01 2.022721e-01 2.024525e-01 2.034148e-01 2.027380e-01 2.019079e-01 
21 295 1.995112e-01 0 0 1.936375e-01 1.971632e-01 1.950349e-01 1.978227e-01 1.965268e-01 1.953616e-01 2.021124e-01 1.972877e-01 1.951172e-01 1.965643e-01 1.948018e-01 1.952120e-01 2.013331e-01 1.980348e-01 1.966085e-01 1.973529e-01 1.976925e-01 1.972920e-01 1.964620e-01 1.941840e-01 1.952624e-01 1.986398e-01 1.973608e-01 1.985204e-01 1.949377e-01 1.976052e-01 1.957335e-01 1.961190e-01 1.969724e-01 1.974869e-01 1.976366e-01 1.980080e-01 1.976852e-01 1.966982e-01 
22 309 1.943093e-01 0 0 1.884199e-01 1.916404e-01 1.898784e-01 1.924905e-01 1.910909e-01 1.900142e-01 1.966746e-01 1.917676e-01 1.898765e-01 1.913534e-01 1.893750e-01 1.896974e-01 1.959153e-01 1.932259e-01 1.911559e-01 1.922675e-01 1.927294e-01 1.920207e-01 1.913372e-01 1.892176e-01 1.897859e-01 1.935112e-01 1.920922e-01 1.930884e-01 1.899405e-01 1.922540e-01 1.903806e-01 1.906707e-01 1.921048e-01 1.919982e-01 1.920878e-01 1.924029e-01 1.923414e-01 1.914921e-01 
23 323 1.885898e-01 0 0 1.828077e-01 1.860114e-01 1.843134e-01 1.865094e-01 1.850774e-01 1.842770e-01 1.906742e-01 1.859587e-01 1.841418e-01 1.857835e-01 1.838662e-01 1.840320e-01 1.899874e-01 1.875478e-01 1.851560e-01 1.866022e-01 1.872711e-01 1.860588e-01 1.853328e-01 1.835923e-01 1.840809e-01 1.878336e-01 1.869170e-01 1.870824e-01 1.842994e-01 1.861709e-01 1.846167e-01 1.847202e-01 1.864484e-01 1.860298e-01 1.864891e-01 1.865501e-01 1.863909e-01 1.854161e-01 
24 337 1.828748e-01 0 0 1.774727e-01 1.801648e-01 1.787064e-01 1.806794e-01 1.790686e-01 1.785331e-01 1.847855e-01 1.800504e-01 1.784670e-01 1.798050e-01 1.779540e-01 1.783559e-01 1.842488e-01 1.821485e-01 1.793790e-01 1.809068e-01 1.812804e-01 1.807766e-01 1.794425e-01 1.777703e-01 1.781416e-01 1.817885e-01 1.812756e-01 1.810879e-01 1.789961e-01 1.801845e-01 1.787235e-01 1.790476e-01 1.808977e-01 1.802750e-01 1.806087e-01 1.806107e-01 1.804857e-01 1.796113e-01 
25 351 1.807412e-01 0 0 1.753387e-01 1.777702e-01 1.763913e-01 1.783702e-01 1.767249e-01 1.764197e-01 1.824052e-01 1.778472e-01 1.761340e-01 1.783996e-01 1.758846e-01 1.762405e-01 1.817970e-01 1.798004e-01 1.773221e-01 1.785878e-01 1.788532e-01 1.784177e-01 1.772267e-01 1.764196e-01 1.758299e-01 1.796938e-01 1.791048e-01 1.786323e-01 1.772588e-01 1.778346e-01 1.762541e-01 1.765442e-01 1.786412e-01 1.781453e-01 1.784504e-01 1.787585e-01 1.783191e-01 1.773426e-01 
26 365 1.789288e-01 0 0 1.734559e-01 1.757435e-01 1.751774e-01 1.763654e-01 1.746444e-01 1.742349e-01 1.803205e-01 1.758784e-01 1.740600e-01 1.765907e-01 1.738091e-01 1.746191e-01 1.797213e-01 1.779780e-01 1.752759e-01 1.766394e-01 1.767582e-01 1.767617e-01 1.752261e-01 1.752056e-01 1.737740e-01 1.775658e-01 1.771059e-01 1.764164e-01 1.758034e-01 1.757206e-01 1.741183e-01 1.747924e-01 1.768486e-01 1.762218e-01 1.764315e-01 1.767848e-01 1.762438e-01 1.752447e-01 
27 379 1.761723e-01 0 0 1.706829e-01 1.728169e-01 1.731599e-01 1.733778e-01 1.715790e-01 1.717449e-01 1.774115e-01 1.731082e-01 1.714063e-01 1.736024e-01 1.708221e-01 1.718707e-01 1.767500e-01 1.749265e-01 1.722466e-01 1.737746e-01 1.737153e-01 1.736479e-01 1.723240e-01 1.729056e-01 1.711944e-01 1.746288e-01 1.742331e-01 1.734319e-01 1.732370e-01 1.727442e-01 1.710664e-01 1.719638e-01 1.740263e-01 1.738259e-01 1.737303e-01 1.744821e-01 1.731569e-01 1.724220e-01 
28 393 1.706020e-01 0 0 1.656254e-01 1.670873e-01 1.675218e-01 1.675894e-01 1.659722e-01 1.665297e-01 1.715476e-01 1.682056e-01 1.663020e-01 1.679530e-01 1.652195e-01 1.663559e-01 1.708903e-01 1.692441e-01 1.666006e-01 1.680783e-01 1.679269e-01 1.677596e-01 1.668762e-01 1.675506e-01 1.656892e-01 1.690864e-01 1.685217e-01 1.676308e-01 1.675734e-01 1.669950e-01 1.655910e-01 1.662199e-01 1.683309e-01 1.682028e-01 1.679054e-01 1.693626e-01 1.675045e-01 1.667608e-01 
29 407 1.659724e-01 0 0 1.612587e-01 1.625441e-01 1.636234e-01 1.626617e-01 1.612375e-01 1.617773e-01 1.666405e-01 1.635302e-01 1.618490e-01 1.635955e-01 1.604389e-01 1.620971e-01 1.660469e-01 1.655198e-01 1.620229e-01 1.633711e-01 1.633151e-01 1.635527e-01 1.620925e-01 1.633467e-01 1.612160e-01 1.642630e-01 1.638332e-01 1.630975e-01 1.630822e-01 1.629729e-01 1.611425e-01 1.617456e-01 1.637232e-01 1.634980e-01 1.635559e-01 1.647805e-01 1.626135e-01 1.620312e-01 
30 421 1.631963e-01 0 0 1.585555e-01 1.595621e-01 1.606786e-01 1.595685e-01 1.583420e-01 1.588704e-01 1.644332e-01 1.605431e-01 1.589616e-01 1.606595e-01 1.577198e-01 1.594152e-01 1.632736e-01 1.626328e-01 1.593090e-01 1.606612e-01 1.602069e-01 1.608140e-01 1.595748e-01 1.606858e-01 1.582047e-01 1.617378e-01 1.608976e-01 1.607223e-01 1.604750e-01 1.600348e-01 1.581119e-01 1.588387e-01 1.607727e-01 1.612784e-01 1.607906e-01 1.618293e-01 1.598435e-01 1.590772e-01 
31 435 1.599206e-01 0 0 1.557478e-01 1.562259e-01 1.575616e-01 1.561554e-01 1.550035e-01 1.558507e-01 1.612078e-01 1.570851e-01 1.558390e-01 1.574587e-01 1.543118e-01 1.559613e-01 1.598374e-01 1.591093e-01 1.557974e-01 1.572380e-01 1.566543e-01 1.574216e-01 1.560641e-01 1.578646e-01 1.546978e-01 1.585562e-01 1.576000e-01 1.572573e-01 1.568855e-01 1.568001e-01 1.546464e-01 1.555550e-01 1.572779e-01 1.579117e-01 1.574524e-01 1.585923e-01 1.566217e-01 1.557049e-01 
32 449 1.532605e-01 0 0 1.492844e-01 1.496059e-01 1.509793e-01 1.497945e-01 1.485983e-01 1.492178e-01 1.541058e-01 1.502695e-01 1.491010e-01 1.506319e-01 1.477225e-01 1.493155e-01 1.531014e-01 1.521403e-01 1.490147e-01 1.505463e-01 1.498386e-01 1.507022e-01 1.493888e-01 1.514471e-01 1.482548e-01 1.517888e-01 1.508345e-01 1.505367e-01 1.504385e-01 1.502310e-01 1.482112e-01 1.487780e-01 1.505621e-01 1.514331e-01 1.507481e-01 1.517884e-01 1.499638e-01 1.490187e-01 
33 463 1.447574e-01 0 0 1.408510e-01 1.411816e-01 1.424721e-01 1.411614e-01 1.401756e-01 1.410174e-01 1.454136e-01 1.417040e-01 1.405536e-01 1.420455e-01 1.392031e-01 1.410788e-01 1.444483e-01 1.434051e-01 1.404980e-01 1.419390e-01 1.415983e-01 1.420727e-01 1.408714e-01 1.432456e-01 1.397238e-01 1.433762e-01 1.422508e-01 1.423169e-01 1.420026e-01 1.416199e-01 1.396586e-01 1.415777e-01 1.418801e-01 1.429296e-01 1.420838e-01 1.431595e-01 1.414850e-01 1.406015e-01 
34 477 1.951575e-01 0 0 1.904601e-01 1.899846e-01 1.923384e-01 1.900421e-01 1.887339e-01 1.903025e-01 1.958928e-01 1.908970e-01 1.890449e-01 1.914510e-01 1.875750e-01 1.901327e-01 1.945529e-01 1.930533e-01 1.889936e-01 1.915811e-01 1.905492e-01 1.912056e-01 1.894328e-01 1.930207e-01 1.880215e-01 1.929468e-01 1.921989e-01 1.916031e-01 1.916068e-01 1.905944e-01 1.882200e-01 1.905017e-01 1.909949e-01 1.931025e-01 1.914233e-01 1.933206e-01 1.907282e-01 1.895798e-01 
35 491 1.881564e-01 0 0 1.836442e-01 1.830851e-01 1.850820e-01 1.829127e-01 1.819650e-01 1.833085e-01 1.884536e-01 1.837736e-01 1.820058e-01 1.844878e-01 1.806195e-01 1.830573e-01 1.874394e-01 1.860463e-01 1.818631e-01 1.847951e-01 1.836080e-01 1.841022e-01 1.826905e-01 1.860059e-01 1.813989e-01 1.859165e-01 1.855507e-01 1.844958e-01 1.849931e-01 1.834005e-01 1.813685e-01 1.834813e-01 1.840133e-01 1.860939e-01 1.843161e-01 1.863005e-01 1.836398e-01 1.829171e-01 
36 505 1.822957e-01 0 0 1.779090e-01 1.773373e-01 1.789120e-01 1.770624e-01 1.761672e-01 1.775288e-01 1.824119e-01 1.779860e-01 1.759712e-01 1.787373e-01 1.749979e-01 1.770319e-01 1.815430e-01 1.804068e-01 1.757987e-01 1.793924e-01 1.776551e-01 1.785632e-01 1.767823e-01 1.798488e-01 1.754195e-01 1.799170e-01 1.798114e-01 1.787242e-01 1.791627e-01 1.774186e-01 1.754097e-01 1.774792e-01 1.779670e-01 1.801538e-01 1.785555e-01 1.800881e-01 1.776386e-01 1.772108e-01 
37 519 1.782782e-01 0 0 1.743335e-01 1.733642e-01 1.749181e-01 1.728361e-01 1.721415e-01 1.736774e-01 1.781709e-01 1.737146e-01 1.719930e-01 1.749677e-01 1.708955e-01 1.729778e-01 1.779593e-01 1.767954e-01 1.715555e-01 1.762294e-01 1.740638e-01 1.744196e-01 1.730514e-01 1.758043e-01 1.711249e-01 1.760085e-01 1.755255e-01 1.749234e-01 1.752100e-01 1.731765e-01 1.714143e-01 1.734873e-01 1.737108e-01 1.760660e-01 1.744125e-01 1.758751e-01 1.735324e-01 1.729715e-01 
38 533 2.464266e-01 0 0 2.410418e-01 2.403007e-01 2.412465e-01 2.388715e-01 2.375732e-01 2.400118e-01 2.461397e-01 2.397005e-01 2.377130e-01 2.415199e-01 2.361267e-01 2.392435e-01 2.455840e-01 2.443967e-01 2.377341e-01 2.448893e-01 2.408280e-01 2.420326e-01 2.390121e-01 2.423938e-01 2.362289e-01 2.429700e-01 2.428151e-01 2.418146e-01 2.417611e-01 2.395538e-01 2.373241e-01 2.395380e-01 2.400392e-01 2.431493e-01 2.408020e-01 2.428088e-01 2.395985e-01 2.391727e-01 
39 547 2.451927e-01 0 0 2.400505e-01 2.399176e-01 2.395217e-01 2.375584e-01 2.362578e-01 2.386548e-01 2.449813e-01 2.385176e-01 2.366428e-01 2.402035e-01 2.345892e-01 2.374535e-01 2.438201e-01 2.432443e-01 2.363638e-01 2.439360e-01 2.395709e-01 2.407119e-01 2.376121e-01 2.413126e-01 2.348026e-01 2.413627e-01 2.414881e-01 2.405902e-01 2.401101e-01 2.381447e-01 2.356530e-01 2.380833e-01 2.385892e-01 2.413903e-01 2.395113e-01 2.413543e-01 2.390364e-01 2.380623e-01 
40 561 2.442806e-01 0 0 2.389809e-01 2.392475e-01 2.382851e-01 2.370808e-01 2.350532e-01 2.378366e-01 2.441248e-01 2.373235e-01 2.354333e-01 2.388424e-01 2.335300e-01 2.366162e-01 2.425058e-01 2.426671e-01 2.355610e-01 2.428533e-01 2.388295e-01 2.397097e-01 2.368126e-01 2.398471e-01 2.350923e-01 2.404292e-01 2.404108e-01 2.396655e-01 2.388227e-01 2.369536e-01 2.343741e-01 2.370375e-01 2.373768e-01 2.398826e-01 2.380482e-01 2.398854e-01 2.379326e-01 2.371314e-01 
41 575 2.414275e-01 0 0 2.358507e-01 2.362450e-01 2.354975e-01 2.341161e-01 2.320584e-01 2.350364e-01 2.414537e-01 2.339975e-01 2.323540e-01 2.358615e-01 2.306535e-01 2.337434e-01 2.391593e-01 2.398052e-01 2.334175e-01 2.401581e-01 2.359135e-01 2.365982e-01 2.342227e-01 2.370875e-01 2.320698e-01 2.377778e-01 2.372972e-01 2.367109e-01 2.362457e-01 2.339759e-01 2.315823e-01 2.341641e-01 2.349428e-01 2.365882e-01 2.347779e-01 2.365648e-01 2.348304e-01 2.343664e-01 
42 589 2.364664e-01 0 0 2.305198e-01 2.313069e-01 2.304004e-01 2.296044e-01 2.267761e-01 2.300837e-01 2.367293e-01 2.289106e-01 2.274907e-01 2.307737e-01 2.258944e-01 2.286365e-01 2.339917e-01 2.350126e-01 2.292019e-01 2.354819e-01 2.308991e-01 2.312243e-01 2.295512e-01 2.318764e-01 2.269252e-01 2.326333e-01 2.325732e-01 2.316211e-01 2.310775e-01 2.289854e-01 2.273545e-01 2.290712e-01 2.297049e-01 2.321682e-01 2.294749e-01 2.316389e-01 2.295493e-01 2.298637e-01 
43 603 2.274946e-01 0 0 2.219458e-01 2.220659e-01 2.213412e-01 2.211434e-01 2.177611e-01 2.211267e-01 2.279068e-01 2.202152e-01 2.185397e-01 2.217350e-01 2.172353e-01 2.197983e-01 2.246449e-01 2.261202e-01 2.206341e-01 2.272009e-01 2.219498e-01 2.220715e-01 2.212742e-01 2.232105e-01 2.179960e-01 2.234423e-01 2.235510e-01 2.227886e-01 2.221239e-01 2.202920e-01 2.188275e-01 2.209728e-01 2.207357e-01 2.229989e-01 2.205746e-01 2.229721e-01 2.204850e-01 2.209188e-01 
44 617 2.204734e-01 0 0 2.147560e-01 2.156054e-01 2.143624e-01 2.138450e-01 2.105895e-01 2.142444e-01 2.208337e-01 2.132078e-01 2.113407e-01 2.145026e-01 2.101184e-01 2.126984e-01 2.182548e-01 2.191708e-01 2.140578e-01 2.201797e-01 2.146842e-01 2.150440e-01 2.144699e-01 2.159900e-01 2.113485e-01 2.162944e-01 2.164179e-01 2.158850e-01 2.150832e-01 2.132970e-01 2.117547e-01 2.137040e-01 2.142572e-01 2.159132e-01 2.135187e-01 2.156960e-01 2.134742e-01 2.138552e-01 
45 631 2.141495e-01 0 0 2.088302e-01 2.092186e-01 2.079727e-01 2.073062e-01 2.042376e-01 2.076326e-01 2.141346e-01 2.067219e-01 2.048297e-01 2.086193e-01 2.040449e-01 2.062029e-01 2.119993e-01 2.129544e-01 2.080546e-01 2.137588e-01 2.082812e-01 2.086130e-01 2.080495e-01 2.094589e-01 2.049111e-01 2.101768e-01 2.101458e-01 2.093316e-01 2.088011e-01 2.076507e-01 2.054873e-01 2.074345e-01 2.078168e-01 2.094327e-01 2.072757e-01 2.093755e-01 2.069681e-01 2.074628e-01 
46 645 2.074442e-01 0 0 2.018908e-01 2.022879e-01 2.012790e-01 2.010350e-01 1.988226e-01 2.007322e-01 2.073512e-01 2.000386e-01 1.982111e-01 2.021428e-01 1.973800e-01 1.996347e-01 2.059099e-01 2.062099e-01 2.014911e-01 2.070259e-01 2.014011e-01 2.017109e-01 2.014694e-01 2.025763e-01 1.986892e-01 2.031682e-01 2.032555e-01 2.026995e-01 2.022262e-01 2.008284e-01 1.989853e-01 2.010584e-01 2.013504e-01 2.025422e-01 2.005744e-01 2.024473e-01 2.003158e-01 2.006122e-01 
47 659 1.997446e-01 0 0 1.942187e-01 1.944754e-01 1.935581e-01 1.933739e-01 1.911499e-01 1.932706e-01 1.998459e-01 1.923298e-01 1.903874e-01 1.943107e-01 1.900636e-01 1.920796e-01 1.979948e-01 1.982241e-01 1.942278e-01 1.996110e-01 1.937482e-01 1.945880e-01 1.935420e-01 1.947033e-01 1.914901e-01 1.957326e-01 1.957895e-01 1.951854e-01 1.944450e-01 1.933773e-01 1.913228e-01 1.933098e-01 1.939394e-01 1.950611e-01 1.932195e-01 1.945549e-01 1.925286e-01 1.929215e-01 
48 673 1.887346e-01 0 0 1.835699e-01 1.836361e-01 1.825836e-01 1.825656e-01 1.805360e-01 1.826681e-01 1.884606e-01 1.813262e-01 1.794845e-01 1.833314e-01 1.793117e-01 1.813922e-01 1.868795e-01 1.871639e-01 1.834363e-01 1.887322e-01 1.830661e-01 1.835764e-01 1.824457e-01 1.837200e-01 1.805535e-01 1.845200e-01 1.850497e-01 1.841707e-01 1.835059e-01 1.828735e-01 1.806781e-01 1.826128e-01 1.830560e-01 1.843597e-01 1.821605e-01 1.835394e-01 1.817394e-01 1.826648e-01 
49 687 1.802750e-01 0 0 1.752298e-01 1.751669e-01 1.742137e-01 1.742731e-01 1.724861e-01 1.741309e-01 1.799017e-01 1.731081e-01 1.712492e-01 1.748006e-01 1.712043e-01 1.729809e-01 1.781667e-01 1.786316e-01 1.752935e-01 1.801782e-01 1.745538e-01 1.750989e-01 1.741696e-01 1.751646e-01 1.724043e-01 1.760743e-01 1.764945e-01 1.757979e-01 1.752854e-01 1.745041e-01 1.727784e-01 1.739946e-01 1.745344e-01 1.759905e-01 1.737003e-01 1.751499e-01 1.735720e-01 1.754146e-01 
50 701 1.730084e-01 0 0 1.677468e-01 1.677377e-01 1.668874e-01 1.668786e-01 1.652576e-01 1.668422e-01 1.723901e-01 1.659108e-01 1.641810e-01 1.678681e-01 1.641916e-01 1.656965e-01 1.707880e-01 1.714249e-01 1.682611e-01 1.728166e-01 1.674894e-01 1.677200e-01 1.668994e-01 1.682797e-01 1.653632e-01 1.702486e-01 1.689751e-01 1.685578e-01 1.680256e-01 1.671909e-01 1.655959e-01 1.668019e-01 1.674493e-01 1.687972e-01 1.664076e-01 1.686203e-01 1.664668e-01 1.682407e-01 
51 715 1.696066e-01 0 0 1.645926e-01 1.648187e-01 1.634703e-01 1.638894e-01 1.619517e-01 1.633047e-01 1.686784e-01 1.623541e-01 1.609895e-01 1.645465e-01 1.606803e-01 1.621792e-01 1.671641e-01 1.678264e-01 1.646548e-01 1.692856e-01 1.638607e-01 1.642120e-01 1.633917e-01 1.649013e-01 1.617721e-01 1.671057e-01 1.657390e-01 1.650153e-01 1.644291e-01 1.635547e-01 1.621027e-01 1.636844e-01 1.640117e-01 1.652102e-01 1.631241e-01 1.656879e-01 1.628508e-01 1.649651e-01 
52 729 1.644115e-01 0 0 1.594527e-01 1.597511e-01 1.584091e-01 1.588777e-01 1.577053e-01 1.582606e-01 1.633672e-01 1.570227e-01 1.558043e-01 1.594597e-01 1.556702e-01 1.571285e-01 1.617805e-01 1.628841e-01 1.596771e-01 1.638359e-01 1.587793e-01 1.593828e-01 1.581531e-01 1.601417e-01 1.565721e-01 1.619864e-01 1.605567e-01 1.601089e-01 1.594007e-01 1.583196e-01 1.570698e-01 1.583629e-01 1.586244e-01 1.598579e-01 1.580276e-01 1.606554e-01 1.577790e-01 1.597768e-01 
53 743 1.600809e-01 0 0 1.550416e-01 1.556036e-01 1.539451e-01 1.547265e-01 1.535598e-01 1.538565e-01 1.590200e-01 1.526459e-01 1.520063e-01 1.551920e-01 1.514808e-01 1.528417e-01 1.574189e-01 1.588289e-01 1.551575e-01 1.594219e-01 1.544421e-01 1.550141e-01 1.539992e-01 1.557536e-01 1.521717e-01 1.577654e-01 1.561625e-01 1.558268e-01 1.552818e-01 1.541066e-01 1.526482e-01 1.543603e-01 1.545587e-01 1.554346e-01 1.535532e-01 1.567763e-01 1.533987e-01 1.553056e-01 
54 757 1.562307e-01 0 0 1.518098e-01 1.521947e-01 1.498870e-01 1.507679e-01 1.495444e-01 1.502317e-01 1.550040e-01 1.486706e-01 1.483330e-01 1.511915e-01 1.478383e-01 1.488580e-01 1.533787e-01 1.552466e-01 1.511746e-01 1.560503e-01 1.509661e-01 1.512568e-01 1.500903e-01 1.519430e-01 1.484665e-01 1.537856e-01 1.521764e-01 1.518325e-01 1.514317e-01 1.505641e-01 1.487853e-01 1.503985e-01 1.508958e-01 1.513450e-01 1.499679e-01 1.529299e-01 1.495573e-01 1.516215e-01 
55 771 1.542759e-01 0 0 1.500536e-01 1.499937e-01 1.480920e-01 1.489692e-01 1.475155e-01 1.480900e-01 1.527934e-01 1.465562e-01 1.469638e-01 1.491567e-01 1.460376e-01 1.466119e-01 1.513794e-01 1.535059e-01 1.492479e-01 1.540314e-01 1.487775e-01 1.492593e-01 1.479383e-01 1.502210e-01 1.465904e-01 1.516772e-01 1.500704e-01 1.503535e-01 1.495336e-01 1.487468e-01 1.466276e-01 1.482746e-01 1.493536e-01 1.493516e-01 1.479698e-01 1.511387e-01 1.475962e-01 1.496952e-01 
56 785 2.142146e-01 0 0 2.079653e-01 2.080490e-01 2.051874e-01 2.067421e-01 2.047004e-01 2.052840e-01 2.118724e-01 2.032697e-01 2.050463e-01 2.069106e-01 2.024377e-01 2.034481e-01 2.099611e-01 2.134627e-01 2.069387e-01 2.142889e-01 2.066195e-01 2.076633e-01 2.052020e-01 2.082275e-01 2.033846e-01 2.102537e-01 2.080422e-01 2.086664e-01 2.076955e-01 2.061408e-01 2.032487e-01 2.053528e-01 2.074240e-01 2.070321e-01 2.052625e-01 2.101239e-01 2.045813e-01 2.081367e-01 
57 799 2.114450e-01 0 0 2.054865e-01 2.051344e-01 2.023169e-01 2.043521e-01 2.016299e-01 2.021451e-01 2.086145e-01 2.005581e-01 2.028282e-01 2.037968e-01 1.995591e-01 2.009616e-01 2.069463e-01 2.109356e-01 2.038311e-01 2.114821e-01 2.035830e-01 2.057867e-01 2.025377e-01 2.053627e-01 2.012744e-01 2.070319e-01 2.050456e-01 2.056299e-01 2.047352e-01 2.031555e-01 2.009512e-01 2.023381e-01 2.053015e-01 2.039573e-01 2.027691e-01 2.073513e-01 2.015419e-01 2.056810e-01 
58 813 2.059225e-01 0 0 1.998511e-01 1.993966e-01 1.967487e-01 1.988735e-01 1.962280e-01 1.970115e-01 2.035173e-01 1.949526e-01 1.982227e-01 1.981843e-01 1.940453e-01 1.954233e-01 2.012502e-01 2.055104e-01 1.982541e-01 2.056932e-01 1.985241e-01 2.004150e-01 1.973722e-01 1.996633e-01 1.956866e-01 2.014217e-01 1.998293e-01 2.003464e-01 1.991221e-01 1.978191e-01 1.954540e-01 1.972518e-01 2.000248e-01 1.985361e-01 1.976394e-01 2.021481e-01 1.963368e-01 2.000135e-01 
59 827 1.991824e-01 0 0 1.930531e-01 1.928389e-01 1.901021e-01 1.927086e-01 1.900426e-01 1.909413e-01 1.967082e-01 1.884904e-01 1.914736e-01 1.917054e-01 1.872724e-01 1.886864e-01 1.950354e-01 1.991112e-01 1.914182e-01 1.989492e-01 1.918821e-01 1.938635e-01 1.907868e-01 1.930805e-01 1.891718e-01 1.949715e-01 1.930873e-01 1.937098e-01 1.923712e-01 1.910633e-01 1.888924e-01 1.905468e-01 1.934594e-01 1.919102e-01 1.909190e-01 1.952153e-01 1.896653e-01 1.931429e-01 
60 841 1.907165e-01 0 0 1.845054e-01 1.844957e-01 1.817577e-01 1.843244e-01 1.819022e-01 1.829318e-01 1.881268e-01 1.801652e-01 1.829210e-01 1.831430e-01 1.792071e-01 1.805378e-01 1.865601e-01 1.905769e-01 1.832861e-01 1.902241e-01 1.835845e-01 1.858594e-01 1.823898e-01 1.847632e-01 1.808325e-01 1.863608e-01 1.846524e-01 1.853309e-01 1.841405e-01 1.829403e-01 1.808679e-01 1.823593e-01 1.849638e-01 1.833375e-01 1.830430e-01 1.867388e-01 1.819239e-01 1.846903e-01 
61 855 1.822658e-01 0 0 1.765082e-01 1.762971e-01 1.734762e-01 1.762165e-01 1.734768e-01 1.755757e-01 1.797342e-01 1.717601e-01 1.744266e-01 1.749011e-01 1.711134e-01 1.723620e-01 1.781219e-01 1.819756e-01 1.749665e-01 1.817890e-01 1.757761e-01 1.774108e-01 1.740201e-01 1.762583e-01 1.724253e-01 1.781868e-01 1.762123e-01 1.768701e-01 1.760089e-01 1.745806e-01 1.725869e-01 1.741134e-01 1.767201e-01 1.756970e-01 1.746371e-01 1.780870e-01 1.735996e-01 1.768101e-01 
62 869 1.753817e-01 0 0 1.696794e-01 1.694679e-01 1.666015e-01 1.694538e-01 1.666670e-01 1.690996e-01 1.728277e-01 1.650855e-01 1.674792e-01 1.680098e-01 1.644166e-01 1.654940e-01 1.712210e-01 1.748939e-01 1.680704e-01 1.748182e-01 1.691407e-01 1.705549e-01 1.672483e-01 1.692806e-01 1.660743e-01 1.711350e-01 1.693188e-01 1.703248e-01 1.690073e-01 1.681566e-01 1.659108e-01 1.672910e-01 1.702526e-01 1.688679e-01 1.681377e-01 1.715468e-01 1.667901e-01 1.704202e-01 
63 883 1.702814e-01 0 0 1.647359e-01 1.641798e-01 1.613956e-01 1.642679e-01 1.618349e-01 1.644876e-01 1.674138e-01 1.601098e-01 1.626425e-01 1.629333e-01 1.595899e-01 1.606130e-01 1.660390e-01 1.696112e-01 1.630556e-01 1.693990e-01 1.647734e-01 1.652979e-01 1.622145e-01 1.640550e-01 1.614151e-01 1.661715e-01 1.642437e-01 1.652877e-01 1.640447e-01 1.628921e-01 1.607623e-01 1.621513e-01 1.651147e-01 1.638171e-01 1.633045e-01 1.663042e-01 1.616122e-01 1.654222e-01 
64 897 1.654540e-01 0 0 1.598996e-01 1.595097e-01 1.569118e-01 1.595376e-01 1.571315e-01 1.598967e-01 1.627984e-01 1.553817e-01 1.578506e-01 1.582091e-01 1.549539e-01 1.557594e-01 1.611080e-01 1.645747e-01 1.587194e-01 1.644113e-01 1.599941e-01 1.602246e-01 1.572668e-01 1.591395e-01 1.566337e-01 1.612730e-01 1.596893e-01 1.606564e-01 1.594730e-01 1.580789e-01 1.561387e-01 1.572043e-01 1.606139e-01 1.592616e-01 1.584100e-01 1.612967e-01 1.567520e-01 1.607264e-01 
65 911 1.602695e-01 0 0 1.547767e-01 1.542385e-01 1.517410e-01 1.544875e-01 1.519633e-01 1.547814e-01 1.573550e-01 1.503105e-01 1.526703e-01 1.530700e-01 1.498490e-01 1.506201e-01 1.563256e-01 1.595133e-01 1.537019e-01 1.588477e-01 1.550159e-01 1.552077e-01 1.522962e-01 1.540563e-01 1.517273e-01 1.559454e-01 1.553606e-01 1.553817e-01 1.543361e-01 1.533587e-01 1.515040e-01 1.519620e-01 1.555204e-01 1.541374e-01 1.530752e-01 1.563481e-01 1.516509e-01 1.555793e-01 
66 925 1.542206e-01 0 0 1.488968e-01 1.484809e-01 1.457346e-01 1.485410e-01 1.459023e-01 1.487703e-01 1.512533e-01 1.447826e-01 1.466420e-01 1.471267e-01 1.440901e-01 1.447432e-01 1.505239e-01 1.533943e-01 1.476485e-01 1.525861e-01 1.488959e-01 1.493882e-01 1.463525e-01 1.479527e-01 1.459237e-01 1.499779e-01 1.493061e-01 1.491763e-01 1.486732e-01 1.473303e-01 1.458043e-01 1.462941e-01 1.495683e-01 1.482839e-01 1.471398e-01 1.505558e-01 1.460306e-01 1.496089e-01 
67 939 1.476670e-01 0 0 1.433561e-01 1.419716e-01 1.394246e-01 1.422741e-01 1.394427e-01 1.421464e-01 1.445647e-01 1.385591e-01 1.403075e-01 1.406290e-01 1.376800e-01 1.385076e-01 1.438556e-01 1.465943e-01 1.410990e-01 1.460952e-01 1.427197e-01 1.436852e-01 1.398482e-01 1.413876e-01 1.394749e-01 1.433819e-01 1.426486e-01 1.429834e-01 1.420904e-01 1.410955e-01 1.395126e-01 1.401236e-01 1.432529e-01 1.420376e-01 1.408443e-01 1.444279e-01 1.394846e-01 1.432892e-01 
68 953 1.418099e-01 0 0 1.379413e-01 1.361899e-01 1.336538e-01 1.364724e-01 1.337834e-01 1.365678e-01 1.388061e-01 1.328542e-01 1.345567e-01 1.349079e-01 1.322112e-01 1.327925e-01 1.379053e-01 1.405826e-01 1.352233e-01 1.400884e-01 1.369223e-01 1.377592e-01 1.342700e-01 1.355151e-01 1.338554e-01 1.376116e-01 1.368294e-01 1.374490e-01 1.365760e-01 1.354082e-01 1.337075e-01 1.344116e-01 1.374263e-01 1.364064e-01 1.351606e-01 1.389226e-01 1.337429e-01 1.376404e-01 
69 967 1.912682e-01 0 0 1.859152e-01 1.835338e-01 1.801043e-01 1.838191e-01 1.801721e-01 1.840892e-01 1.870077e-01 1.788794e-01 1.811808e-01 1.818873e-01 1.781851e-01 1.792818e-01 1.856724e-01 1.893756e-01 1.820162e-01 1.889081e-01 1.844884e-01 1.859212e-01 1.810115e-01 1.828346e-01 1.803185e-01 1.856798e-01 1.848519e-01 1.852318e-01 1.840601e-01 1.822857e-01 1.803464e-01 1.808738e-01 1.854059e-01 1.840388e-01 1.819856e-01 1.871571e-01 1.803298e-01 1.856057e-01 
70 981 1.844595e-01 0 0 1.794945e-01 1.766686e-01 1.733700e-01 1.771755e-01 1.737374e-01 1.774794e-01 1.803214e-01 1.722451e-01 1.744292e-01 1.758455e-01 1.716855e-01 1.725698e-01 1.795266e-01 1.822638e-01 1.756846e-01 1.821111e-01 1.776047e-01 1.790777e-01 1.743191e-01 1.761838e-01 1.738289e-01 1.788874e-01 1.779650e-01 1.785681e-01 1.776185e-01 1.754074e-01 1.737284e-01 1.741151e-01 1.786628e-01 1.772287e-01 1.753271e-01 1.802118e-01 1.736457e-01 1.787557e-01 
71 995 1.779984e-01 0 0 1.728799e-01 1.703195e-01 1.671008e-01 1.708278e-01 1.675376e-01 1.713005e-01 1.739073e-01 1.662112e-01 1.682611e-01 1.695819e-01 1.653574e-01 1.663381e-01 1.729782e-01 1.754660e-01 1.697158e-01 1.756510e-01 1.713512e-01 1.723901e-01 1.678900e-01 1.697620e-01 1.674073e-01 1.726260e-01 1.715727e-01 1.722633e-01 1.712650e-01 1.689884e-01 1.681634e-01 1.676805e-01 1.722028e-01 1.706692e-01 1.692192e-01 1.738570e-01 1.673198e-01 1.722428e-01 
72 1009 1.744235e-01 0 0 1.691456e-01 1.668147e-01 1.636133e-01 1.672185e-01 1.639064e-01 1.678464e-01 1.704399e-01 1.629086e-01 1.645268e-01 1.661769e-01 1.618937e-01 1.627289e-01 1.695449e-01 1.719212e-01 1.663501e-01 1.720894e-01 1.677805e-01 1.687457e-01 1.646335e-01 1.662412e-01 1.641013e-01 1.689986e-01 1.678135e-01 1.685616e-01 1.676942e-01 1.654059e-01 1.648874e-01 1.639411e-01 1.685220e-01 1.669569e-01 1.661256e-01 1.703704e-01 1.639385e-01 1.684961e-01 
73 1023 1.715682e-01 0 0 1.661001e-01 1.638647e-01 1.609251e-01 1.642240e-01 1.610241e-01 1.650051e-01 1.672971e-01 1.604518e-01 1.615277e-01 1.639047e-01 1.590109e-01 1.602486e-01 1.671294e-01 1.689817e-01 1.634560e-01 1.691481e-01 1.648465e-01 1.659613e-01 1.617283e-01 1.633379e-01 1.611956e-01 1.660018e-01 1.647852e-01 1.654944e-01 1.648405e-01 1.624515e-01 1.622505e-01 1.609046e-01 1.655900e-01 1.640115e-01 1.633979e-01 1.673315e-01 1.611287e-01 1.653602e-01 
74 1037 1.692902e-01 0 0 1.636727e-01 1.625599e-01 1.585371e-01 1.617299e-01 1.587477e-01 1.631020e-01 1.647867e-01 1.587248e-01 1.591694e-01 1.619916e-01 1.568653e-01 1.577900e-01 1.649922e-01 1.672514e-01 1.611854e-01 1.668363e-01 1.630028e-01 1.634876e-01 1.593321e-01 1.609983e-01 1.590044e-01 1.635359e-01 1.623147e-01 1.632304e-01 1.624307e-01 1.600739e-01 1.601654e-01 1.586703e-01 1.630365e-01 1.615330e-01 1.611516e-01 1.647206e-01 1.587114e-01 1.628373e-01 
75 1051 1.605534e-01 0 0 1.553298e-01 1.542820e-01 1.502056e-01 1.530788e-01 1.502890e-01 1.546348e-01 1.561497e-01 1.503775e-01 1.512999e-01 1.532943e-01 1.484900e-01 1.497154e-01 1.565906e-01 1.589248e-01 1.527659e-01 1.582737e-01 1.543219e-01 1.547827e-01 1.507752e-01 1.526012e-01 1.506200e-01 1.550838e-01 1.537476e-01 1.546337e-01 1.540738e-01 1.517706e-01 1.516677e-01 1.502052e-01 1.542820e-01 1.530150e-01 1.528263e-01 1.562384e-01 1.502630e-01 1.542198e-01 
76 1065 2.142562e-01 0 0 2.070433e-01 2.060189e-01 2.004873e-01 2.040380e-01 2.001167e-01 2.063590e-01 2.080437e-01 2.006327e-01 2.015863e-01 2.047130e-01 1.982446e-01 1.994566e-01 2.089792e-01 2.128902e-01 2.037739e-01 2.110865e-01 2.056830e-01 2.062048e-01 2.008948e-01 2.034605e-01 2.008151e-01 2.068365e-01 2.048376e-01 2.068944e-01 2.054039e-01 2.023162e-01 2.020219e-01 2.000225e-01 2.054603e-01 2.037441e-01 2.035134e-01 2.081107e-01 2.001891e-01 2.058692e-01 
77 1079 2.062595e-01 0 0 1.990467e-01 1.980715e-01 1.929098e-01 1.965555e-01 1.922521e-01 1.988613e-01 2.000091e-01 1.931052e-01 1.937702e-01 1.972306e-01 1.914931e-01 1.918858e-01 2.011448e-01 2.048044e-01 1.964648e-01 2.029788e-01 1.983536e-01 1.982246e-01 1.931962e-01 1.955839e-01 1.930077e-01 1.990159e-01 1.969977e-01 1.992216e-01 1.974371e-01 1.945567e-01 1.943116e-01 1.924097e-01 1.975726e-01 1.956919e-01 1.957632e-01 2.000557e-01 1.924680e-01 1.979558e-01 
78 1093 2.023226e-01 0 0 1.956272e-01 1.940494e-01 1.889093e-01 1.929950e-01 1.882900e-01 1.951346e-01 1.961852e-01 1.892312e-01 1.897407e-01 1.934713e-01 1.879506e-01 1.880081e-01 1.971008e-01 2.008746e-01 1.924575e-01 1.988623e-01 1.942520e-01 1.943701e-01 1.893837e-01 1.918291e-01 1.889870e-01 1.955858e-01 1.932359e-01 1.958246e-01 1.932894e-01 1.907024e-01 1.906851e-01 1.889513e-01 1.934034e-01 1.917286e-01 1.921057e-01 1.958270e-01 1.888055e-01 1.938399e-01 
79 1107 1.984825e-01 0 0 1.916920e-01 1.901284e-01 1.850925e-01 1.889853e-01 1.844098e-01 1.912907e-01 1.927240e-01 1.858189e-01 1.859381e-01 1.899835e-01 1.845853e-01 1.841654e-01 1.934153e-01 1.972211e-01 1.885288e-01 1.948053e-01 1.902347e-01 1.905935e-01 1.855163e-01 1.879527e-01 1.850377e-01 1.923808e-01 1.895668e-01 1.922964e-01 1.891882e-01 1.866695e-01 1.867457e-01 1.851036e-01 1.894159e-01 1.878252e-01 1.886395e-01 1.921127e-01 1.849649e-01 1.901229e-01 
80 1121 1.924851e-01 0 0 1.856795e-01 1.847944e-01 1.790949e-01 1.832889e-01 1.786465e-01 1.855869e-01 1.866910e-01 1.802147e-01 1.800743e-01 1.842653e-01 1.789637e-01 1.784345e-01 1.873191e-01 1.909159e-01 1.825128e-01 1.886531e-01 1.843831e-01 1.849770e-01 1.795244e-01 1.820770e-01 1.790936e-01 1.864439e-01 1.840282e-01 1.864319e-01 1.832131e-01 1.809830e-01 1.811211e-01 1.794782e-01 1.833155e-01 1.818770e-01 1.828144e-01 1.860609e-01 1.791157e-01 1.840325e-01 
81 1135 1.863965e-01 0 0 1.797382e-01 1.785304e-01 1.731692e-01 1.774717e-01 1.726168e-01 1.794344e-01 1.804336e-01 1.743888e-01 1.742155e-01 1.783780e-01 1.731830e-01 1.725221e-01 1.811034e-01 1.852492e-01 1.768246e-01 1.826127e-01 1.782539e-01 1.789418e-01 1.735084e-01 1.761384e-01 1.732656e-01 1.802658e-01 1.781097e-01 1.803805e-01 1.770478e-01 1.751300e-01 1.750130e-01 1.736116e-01 1.772410e-01 1.759906e-01 1.769942e-01 1.797701e-01 1.732821e-01 1.789975e-01 
82 1149 1.815287e-01 0 0 1.748507e-01 1.737274e-01 1.684834e-01 1.725645e-01 1.678291e-01 1.746087e-01 1.754356e-01 1.697683e-01 1.694144e-01 1.735729e-01 1.683780e-01 1.681106e-01 1.761747e-01 1.810472e-01 1.724642e-01 1.776263e-01 1.735578e-01 1.741780e-01 1.687053e-01 1.718426e-01 1.691680e-01 1.753607e-01 1.735345e-01 1.754716e-01 1.723372e-01 1.704556e-01 1.701407e-01 1.687857e-01 1.723906e-01 1.720224e-01 1.720628e-01 1.747859e-01 1.685267e-01 1.741846e-01 
83 1163 1.748434e-01 0 0 1.681375e-01 1.673883e-01 1.622145e-01 1.660930e-01 1.613749e-01 1.679783e-01 1.688026e-01 1.634388e-01 1.629320e-01 1.670361e-01 1.623599e-01 1.618203e-01 1.693429e-01 1.747079e-01 1.657725e-01 1.712063e-01 1.668798e-01 1.679099e-01 1.622900e-01 1.662280e-01 1.629281e-01 1.686637e-01 1.669682e-01 1.686686e-01 1.657494e-01 1.642363e-01 1.636762e-01 1.624810e-01 1.657977e-01 1.655547e-01 1.657321e-01 1.679892e-01 1.619822e-01 1.675555e-01 
84 1177 1.664100e-01 0 0 1.596718e-01 1.590583e-01 1.540985e-01 1.580079e-01 1.533842e-01 1.598041e-01 1.602865e-01 1.553172e-01 1.547561e-01 1.587975e-01 1.543565e-01 1.538254e-01 1.610542e-01 1.663455e-01 1.574868e-01 1.627430e-01 1.589607e-01 1.597696e-01 1.542805e-01 1.581200e-01 1.549840e-01 1.603074e-01 1.585848e-01 1.602197e-01 1.576654e-01 1.559588e-01 1.555659e-01 1.545685e-01 1.574236e-01 1.572675e-01 1.578087e-01 1.596977e-01 1.541905e-01 1.592603e-01 
85 1191 1.574689e-01 0 0 1.508253e-01 1.502439e-01 1.457544e-01 1.493224e-01 1.449015e-01 1.509547e-01 1.513288e-01 1.469696e-01 1.460918e-01 1.504631e-01 1.458748e-01 1.455121e-01 1.521219e-01 1.571996e-01 1.489086e-01 1.540457e-01 1.500607e-01 1.512103e-01 1.458176e-01 1.497192e-01 1.467651e-01 1.515902e-01 1.499724e-01 1.517758e-01 1.492178e-01 1.476977e-01 1.470537e-01 1.461355e-01 1.485992e-01 1.486034e-01 1.497204e-01 1.509373e-01 1.456267e-01 1.504939e-01 
86 1205 2.076920e-01 0 0 1.991032e-01 1.977023e-01 1.920735e-01 1.967378e-01 1.911281e-01 1.987792e-01 1.995419e-01 1.936844e-01 1.922555e-01 1.981117e-01 1.922155e-01 1.921724e-01 2.003683e-01 2.069525e-01 1.961421e-01 2.027015e-01 1.979679e-01 1.990726e-01 1.928030e-01 1.976087e-01 1.935149e-01 1.998105e-01 1.975200e-01 2.000336e-01 1.966128e-01 1.944077e-01 1.937381e-01 1.924887e-01 1.955014e-01 1.963350e-01 1.971064e-01 1.988268e-01 1.924914e-01 1.987851e-01 
87 1219 2.013340e-01 0 0 1.928564e-01 1.915335e-01 1.859797e-01 1.903600e-01 1.852240e-01 1.922607e-01 1.937542e-01 1.875683e-01 1.858921e-01 1.917516e-01 1.863075e-01 1.858420e-01 1.937978e-01 2.003896e-01 1.898315e-01 1.966812e-01 1.919197e-01 1.931397e-01 1.867964e-01 1.915385e-01 1.877449e-01 1.933634e-01 1.911215e-01 1.938789e-01 1.904702e-01 1.885461e-01 1.878434e-01 1.865551e-01 1.896643e-01 1.904150e-01 1.914961e-01 1.924486e-01 1.862339e-01 1.928507e-01 
88 1233 1.941952e-01 0 0 1.857500e-01 1.843693e-01 1.791619e-01 1.834775e-01 1.785252e-01 1.851611e-01 1.867843e-01 1.806151e-01 1.789735e-01 1.847820e-01 1.794048e-01 1.790915e-01 1.869024e-01 1.931194e-01 1.830078e-01 1.894288e-01 1.849577e-01 1.860355e-01 1.801725e-01 1.844850e-01 1.815062e-01 1.864155e-01 1.841251e-01 1.870096e-01 1.833730e-01 1.817166e-01 1.809835e-01 1.800506e-01 1.826568e-01 1.833512e-01 1.844238e-01 1.852688e-01 1.796927e-01 1.859074e-01 
89 1247 2.637925e-01 0 0 2.517942e-01 2.509969e-01 2.430075e-01 2.492407e-01 2.424423e-01 2.511941e-01 2.535984e-01 2.453290e-01 2.426547e-01 2.510755e-01 2.440020e-01 2.429947e-01 2.541326e-01 2.623482e-01 2.480727e-01 2.571820e-01 2.515947e-01 2.527828e-01 2.453777e-01 2.502083e-01 2.465118e-01 2.530403e-01 2.499407e-01 2.536270e-01 2.486258e-01 2.464001e-01 2.456890e-01 2.445201e-01 2.481701e-01 2.486515e-01 2.503229e-01 2.513179e-01 2.444882e-01 2.524964e-01 
90 1261 2.549121e-01 0 0 2.432793e-01 2.421322e-01 2.347489e-01 2.403326e-01 2.341026e-01 2.428156e-01 2.447489e-01 2.371844e-01 2.342505e-01 2.426094e-01 2.357071e-01 2.344204e-01 2.452934e-01 2.533926e-01 2.394776e-01 2.481336e-01 2.430600e-01 2.438444e-01 2.372670e-01 2.416718e-01 2.380038e-01 2.441840e-01 2.416065e-01 2.446361e-01 2.400722e-01 2.378146e-01 2.370218e-01 2.359510e-01 2.394815e-01 2.402104e-01 2.414964e-01 2.427789e-01 2.360837e-01 2.444529e-01 
91 1275 2.459843e-01 0 0 2.343885e-01 2.332092e-01 2.260375e-01 2.315785e-01 2.253547e-01 2.342407e-01 2.364772e-01 2.288233e-01 2.256112e-01 2.336140e-01 2.272315e-01 2.258518e-01 2.365432e-01 2.442867e-01 2.306761e-01 2.395288e-01 2.344865e-01 2.348594e-01 2.286889e-01 2.335346e-01 2.296960e-01 2.352091e-01 2.327214e-01 2.359583e-01 2.318449e-01 2.293430e-01 2.284466e-01 2.275059e-01 2.306289e-01 2.320360e-01 2.331237e-01 2.342795e-01 2.275977e-01 2.357284e-01 
92 1289 2.345787e-01 0 0 2.232407e-01 2.222570e-01 2.153345e-01 2.207349e-01 2.147072e-01 2.230143e-01 2.251445e-01 2.180583e-01 2.150768e-01 2.222728e-01 2.166434e-01 2.148408e-01 2.252288e-01 2.327594e-01 2.199822e-01 2.280646e-01 2.234578e-01 2.238925e-01 2.180052e-01 2.223807e-01 2.192594e-01 2.242520e-01 2.222521e-01 2.249192e-01 2.207257e-01 2.184033e-01 2.177124e-01 2.166398e-01 2.197791e-01 2.211420e-01 2.225229e-01 2.237960e-01 2.169996e-01 2.251638e-01 
93 1303 2.259287e-01 0 0 2.152406e-01 2.136628e-01 2.070718e-01 2.121433e-01 2.064360e-01 2.144689e-01 2.164819e-01 2.099022e-01 2.069171e-01 2.137960e-01 2.084798e-01 2.066837e-01 2.168186e-01 2.238745e-01 2.114549e-01 2.191743e-01 2.149916e-01 2.154775e-01 2.100615e-01 2.136449e-01 2.110592e-01 2.160300e-01 2.136773e-01 2.163081e-01 2.124097e-01 2.098631e-01 2.097153e-01 2.088587e-01 2.114642e-01 2.128651e-01 2.146983e-01 2.156687e-01 2.089560e-01 2.168806e-01 
94 1317 2.197502e-01 0 0 2.091679e-01 2.075039e-01 2.011278e-01 2.061573e-01 2.004471e-01 2.090435e-01 2.103179e-01 2.039757e-01 2.022858e-01 2.076831e-01 2.027881e-01 2.011288e-01 2.109667e-01 2.174680e-01 2.055216e-01 2.128871e-01 2.087198e-01 2.092677e-01 2.040583e-01 2.080674e-01 2.051138e-01 2.102249e-01 2.081127e-01 2.100507e-01 2.061167e-01 2.038143e-01 2.040215e-01 2.028792e-01 2.053925e-01 2.068212e-01 2.087321e-01 2.095726e-01 2.032249e-01 2.108326e-01 
95 1331 2.122482e-01 0 0 2.018264e-01 2.001874e-01 1.939085e-01 1.987251e-01 1.934420e-01 2.017245e-01 2.029085e-01 1.969953e-01 1.954396e-01 2.005276e-01 1.956028e-01 1.943509e-01 2.033533e-01 2.099878e-01 1.983266e-01 2.053591e-01 2.014373e-01 2.016897e-01 1.967071e-01 2.007840e-01 1.983160e-01 2.028406e-01 2.007467e-01 2.028109e-01 1.986788e-01 1.965023e-01 1.967867e-01 1.956628e-01 1.979464e-01 1.993885e-01 2.012938e-01 2.023555e-01 1.964125e-01 2.035340e-01 
96 1345 2.047169e-01 0 0 1.947093e-01 1.931831e-01 1.866034e-01 1.914078e-01 1.862185e-01 1.944243e-01 1.955784e-01 1.896472e-01 1.884342e-01 1.929571e-01 1.885932e-01 1.879162e-01 1.961027e-01 2.021923e-01 1.910941e-01 1.979774e-01 1.941325e-01 1.948859e-01 1.896190e-01 1.935869e-01 1.913011e-01 1.953429e-01 1.932000e-01 1.960045e-01 1.912940e-01 1.893903e-01 1.897088e-01 1.884958e-01 1.906431e-01 1.921953e-01 1.942632e-01 1.951750e-01 1.900170e-01 1.964050e-01 
97 1359 1.948590e-01 0 0 1.853780e-01 1.838999e-01 1.774441e-01 1.820928e-01 1.769367e-01 1.847384e-01 1.860532e-01 1.803846e-01 1.792443e-01 1.834867e-01 1.796309e-01 1.788006e-01 1.864445e-01 1.922850e-01 1.815226e-01 1.882905e-01 1.845473e-01 1.852494e-01 1.802009e-01 1.840904e-01 1.818356e-01 1.857129e-01 1.837173e-01 1.863615e-01 1.816346e-01 1.801045e-01 1.807927e-01 1.795689e-01 1.816827e-01 1.824848e-01 1.847285e-01 1.853297e-01 1.807185e-01 1.866968e-01 
98 1373 2.613317e-01 0 0 2.487206e-01 2.463240e-01 2.380806e-01 2.441382e-01 2.368994e-01 2.474572e-01 2.492820e-01 2.415030e-01 2.400157e-01 2.456731e-01 2.406925e-01 2.398566e-01 2.502210e-01 2.576986e-01 2.429498e-01 2.526230e-01 2.475440e-01 2.480411e-01 2.416805e-01 2.463212e-01 2.435713e-01 2.486384e-01 2.464511e-01 2.498877e-01 2.434245e-01 2.410758e-01 2.424303e-01 2.405064e-01 2.436001e-01 2.446147e-01 2.476522e-01 2.483006e-01 2.419735e-01 2.501196e-01 
