%  columns="iteration, evaluation, sigma, max axis length, min axis length, all principle axes lengths (sorted square roots of eigenvalues of C)" (startseed=212083, 2023/08/22 21:28:18.84)
1 15 2.853609e-01 1.030383e+00 9.972581e-01 9.972581e-01 9.972581e-01 9.972581e-01 9.972581e-01 9.972581e-01 9.972581e-01 9.972581e-01 9.972581e-01 9.972581e-01 9.972581e-01 9.972581e-01 9.972581e-01 9.972581e-01 9.972581e-01 9.972581e-01 9.972581e-01 9.972581e-01 9.972581e-01 9.972581e-01 9.972581e-01 9.972581e-01 9.972581e-01 9.972581e-01 9.972581e-01 9.972581e-01 9.972581e-01 9.972581e-01 9.980389e-01 9.982599e-01 9.999004e-01 1.003883e+00 1.006737e+00 1.017964e+00 1.030383e+00 
2 29 2.679492e-01 1.034042e+00 9.945238e-01 9.945238e-01 9.945238e-01 9.945238e-01 9.945238e-01 9.945238e-01 9.945238e-01 9.945238e-01 9.945238e-01 9.945238e-01 9.945238e-01 9.945238e-01 9.945238e-01 9.945238e-01 9.945238e-01 9.945238e-01 9.945238e-01 9.945238e-01 9.945238e-01 9.945238e-01 9.945238e-01 9.949555e-01 9.951317e-01 9.954074e-01 9.958987e-01 9.968218e-01 9.979491e-01 9.999155e-01 1.001134e+00 1.002901e+00 1.005298e+00 1.008828e+00 1.013978e+00 1.016188e+00 1.034042e+00 
3 43 2.508241e-01 1.035435e+00 9.917970e-01 9.917970e-01 9.917970e-01 9.917970e-01 9.917970e-01 9.917970e-01 9.917970e-01 9.917970e-01 9.917970e-01 9.917970e-01 9.917970e-01 9.917970e-01 9.917970e-01 9.917970e-01 9.919862e-01 9.920799e-01 9.923543e-01 9.924438e-01 9.927171e-01 9.935784e-01 9.937301e-01 9.940245e-01 9.947713e-01 9.965568e-01 9.967020e-01 9.980245e-01 9.990351e-01 1.001495e+00 1.003618e+00 1.006145e+00 1.006382e+00 1.009678e+00 1.015181e+00 1.021588e+00 1.035435e+00 
4 57 2.425675e-01 1.035935e+00 9.890776e-01 9.890776e-01 9.890776e-01 9.890776e-01 9.890776e-01 9.890776e-01 9.890776e-01 9.891473e-01 9.892258e-01 9.892761e-01 9.893218e-01 9.894041e-01 9.896473e-01 9.901828e-01 9.905025e-01 9.908361e-01 9.911936e-01 9.916616e-01 9.920619e-01 9.927172e-01 9.941161e-01 9.943876e-01 9.949908e-01 9.953726e-01 9.968140e-01 9.981539e-01 1.000578e+00 1.001955e+00 1.004230e+00 1.007835e+00 1.008725e+00 1.013232e+00 1.018190e+00 1.026094e+00 1.035935e+00 
5 71 2.311878e-01 1.040266e+00 9.863678e-01 9.863678e-01 9.863786e-01 9.863971e-01 9.864353e-01 9.865761e-01 9.866078e-01 9.867496e-01 9.870409e-01 9.874221e-01 9.875163e-01 9.878365e-01 9.883259e-01 9.885890e-01 9.888995e-01 9.889857e-01 9.894286e-01 9.900770e-01 9.913248e-01 9.916297e-01 9.924154e-01 9.934832e-01 9.941731e-01 9.957529e-01 9.968552e-01 9.992897e-01 9.999332e-01 1.002208e+00 1.004067e+00 1.005532e+00 1.009081e+00 1.013445e+00 1.017331e+00 1.029049e+00 1.040266e+00 
6 85 2.210838e-01 1.040510e+00 9.837027e-01 9.837027e-01 9.837702e-01 9.838854e-01 9.840243e-01 9.842363e-01 9.846231e-01 9.847421e-01 9.848911e-01 9.853494e-01 9.856128e-01 9.856953e-01 9.859736e-01 9.864188e-01 9.868972e-01 9.873706e-01 9.886913e-01 9.889883e-01 9.900513e-01 9.911501e-01 9.913050e-01 9.927553e-01 9.946367e-01 9.951286e-01 9.977263e-01 9.983279e-01 1.000919e+00 1.002352e+00 1.003392e+00 1.009502e+00 1.011862e+00 1.016004e+00 1.017529e+00 1.031776e+00 1.040510e+00 
7 99 2.130598e-01 1.040093e+00 9.811904e-01 9.811904e-01 9.812374e-01 9.814793e-01 9.817473e-01 9.820621e-01 9.823293e-01 9.825660e-01 9.829620e-01 9.832469e-01 9.836513e-01 9.841582e-01 9.843580e-01 9.848884e-01 9.854070e-01 9.866886e-01 9.868798e-01 9.882824e-01 9.891402e-01 9.909343e-01 9.923242e-01 9.942650e-01 9.952529e-01 9.959801e-01 9.969328e-01 9.989141e-01 9.991410e-01 1.005489e+00 1.006254e+00 1.009233e+00 1.012889e+00 1.014237e+00 1.016936e+00 1.032664e+00 1.040093e+00 
8 113 2.069268e-01 1.040731e+00 9.785946e-01 9.785946e-01 9.790807e-01 9.792947e-01 9.794556e-01 9.798887e-01 9.803708e-01 9.806833e-01 9.807776e-01 9.811326e-01 9.817295e-01 9.823364e-01 9.827703e-01 9.833423e-01 9.841146e-01 9.857260e-01 9.860855e-01 9.871191e-01 9.889492e-01 9.896000e-01 9.916205e-01 9.937818e-01 9.946627e-01 9.952215e-01 9.979291e-01 1.000889e+00 1.001000e+00 1.003443e+00 1.006062e+00 1.009318e+00 1.013025e+00 1.014559e+00 1.021550e+00 1.033523e+00 1.040731e+00 
9 127 2.009430e-01 1.044992e+00 9.763906e-01 9.763906e-01 9.765251e-01 9.771969e-01 9.774014e-01 9.774639e-01 9.780429e-01 9.785907e-01 9.790986e-01 9.796051e-01 9.802542e-01 9.804101e-01 9.814413e-01 9.821547e-01 9.833429e-01 9.841486e-01 9.853589e-01 9.857874e-01 9.872741e-01 9.894031e-01 9.898538e-01 9.925794e-01 9.935020e-01 9.968109e-01 9.982644e-01 1.000913e+00 1.002000e+00 1.005718e+00 1.007010e+00 1.010151e+00 1.014928e+00 1.020185e+00 1.023860e+00 1.034144e+00 1.044992e+00 
10 141 1.945285e-01 1.045316e+00 9.739320e-01 9.739320e-01 9.744966e-01 9.747388e-01 9.750348e-01 9.754553e-01 9.764137e-01 9.769045e-01 9.773268e-01 9.777363e-01 9.778637e-01 9.790242e-01 9.803828e-01 9.808392e-01 9.822032e-01 9.833265e-01 9.848760e-01 9.855673e-01 9.867841e-01 9.879255e-01 9.896458e-01 9.933009e-01 9.940252e-01 9.961999e-01 9.974348e-01 9.996342e-01 1.002036e+00 1.005772e+00 1.008122e+00 1.011799e+00 1.013773e+00 1.021905e+00 1.029550e+00 1.035373e+00 1.045316e+00 
11 155 1.875501e-01 1.045865e+00 9.713795e-01 9.713795e-01 9.720459e-01 9.730094e-01 9.733057e-01 9.734017e-01 9.739983e-01 9.748523e-01 9.752234e-01 9.756627e-01 9.767963e-01 9.768827e-01 9.786395e-01 9.800321e-01 9.810800e-01 9.819225e-01 9.828665e-01 9.854525e-01 9.870389e-01 9.893096e-01 9.896593e-01 9.932001e-01 9.940245e-01 9.961267e-01 9.973821e-01 9.999281e-01 1.001069e+00 1.005020e+00 1.007748e+00 1.011053e+00 1.012492e+00 1.024723e+00 1.030264e+00 1.036823e+00 1.045865e+00 
12 169 1.802903e-01 1.047739e+00 9.696885e-01 9.696885e-01 9.705124e-01 9.707096e-01 9.711445e-01 9.718996e-01 9.725176e-01 9.729221e-01 9.736343e-01 9.744298e-01 9.748041e-01 9.757346e-01 9.782890e-01 9.785934e-01 9.796805e-01 9.809868e-01 9.840405e-01 9.844981e-01 9.870685e-01 9.874560e-01 9.880798e-01 9.914873e-01 9.940935e-01 9.945954e-01 9.955329e-01 9.991942e-01 9.998604e-01 1.005428e+00 1.008280e+00 1.011963e+00 1.016734e+00 1.027042e+00 1.031381e+00 1.036354e+00 1.047739e+00 
13 183 1.732818e-01 1.048828e+00 9.675079e-01 9.675079e-01 9.684291e-01 9.687734e-01 9.693534e-01 9.698337e-01 9.705107e-01 9.711076e-01 9.721034e-01 9.724868e-01 9.732220e-01 9.751917e-01 9.764494e-01 9.773402e-01 9.783313e-01 9.795482e-01 9.821280e-01 9.840063e-01 9.854945e-01 9.871335e-01 9.875441e-01 9.915919e-01 9.923948e-01 9.928529e-01 9.962277e-01 9.981773e-01 1.001392e+00 1.004487e+00 1.007862e+00 1.012224e+00 1.021292e+00 1.025634e+00 1.035877e+00 1.036862e+00 1.048828e+00 
14 197 1.681990e-01 1.051847e+00 9.654939e-01 9.654939e-01 9.665565e-01 9.668791e-01 9.675729e-01 9.682092e-01 9.688044e-01 9.692242e-01 9.701711e-01 9.713087e-01 9.723594e-01 9.745206e-01 9.751287e-01 9.764371e-01 9.781716e-01 9.790548e-01 9.820152e-01 9.825106e-01 9.838912e-01 9.852281e-01 9.883653e-01 9.900750e-01 9.909378e-01 9.927959e-01 9.951102e-01 9.961017e-01 1.001034e+00 1.006105e+00 1.006625e+00 1.012031e+00 1.020495e+00 1.025689e+00 1.037181e+00 1.042313e+00 1.051847e+00 
15 211 1.655269e-01 1.061108e+00 9.636902e-01 9.636902e-01 9.646098e-01 9.650398e-01 9.660860e-01 9.668728e-01 9.677718e-01 9.682315e-01 9.687210e-01 9.708454e-01 9.715999e-01 9.727319e-01 9.734643e-01 9.752803e-01 9.774437e-01 9.796068e-01 9.800874e-01 9.813173e-01 9.828432e-01 9.833252e-01 9.882589e-01 9.891306e-01 9.906320e-01 9.931350e-01 9.935100e-01 9.996400e-01 1.000375e+00 1.004135e+00 1.006350e+00 1.012539e+00 1.019745e+00 1.027006e+00 1.036248e+00 1.042020e+00 1.061108e+00 
16 225 1.628623e-01 1.071779e+00 9.616432e-01 9.616432e-01 9.621843e-01 9.629769e-01 9.643977e-01 9.654225e-01 9.658603e-01 9.668814e-01 9.673191e-01 9.694228e-01 9.699462e-01 9.719097e-01 9.734503e-01 9.736930e-01 9.762892e-01 9.777321e-01 9.788208e-01 9.809712e-01 9.826169e-01 9.835237e-01 9.867473e-01 9.879862e-01 9.896008e-01 9.912150e-01 9.933877e-01 9.982045e-01 1.001202e+00 1.002889e+00 1.005859e+00 1.011163e+00 1.018206e+00 1.027095e+00 1.034929e+00 1.042088e+00 1.071779e+00 
17 239 1.601564e-01 1.079260e+00 9.597315e-01 9.597315e-01 9.598980e-01 9.614752e-01 9.624818e-01 9.631863e-01 9.637646e-01 9.649615e-01 9.656720e-01 9.673211e-01 9.678390e-01 9.709486e-01 9.720013e-01 9.721870e-01 9.757894e-01 9.763593e-01 9.786110e-01 9.794961e-01 9.819134e-01 9.843204e-01 9.856710e-01 9.873893e-01 9.892515e-01 9.910494e-01 9.950551e-01 9.994420e-01 9.999880e-01 1.004696e+00 1.005724e+00 1.010314e+00 1.016704e+00 1.027863e+00 1.034306e+00 1.042782e+00 1.079260e+00 
18 253 1.558692e-01 1.086167e+00 9.576496e-01 9.576496e-01 9.587951e-01 9.593685e-01 9.602601e-01 9.608371e-01 9.615229e-01 9.636688e-01 9.648994e-01 9.652874e-01 9.667036e-01 9.688706e-01 9.702390e-01 9.720540e-01 9.740383e-01 9.756907e-01 9.778447e-01 9.795685e-01 9.820437e-01 9.831610e-01 9.857802e-01 9.861020e-01 9.903499e-01 9.933936e-01 9.957187e-01 9.974644e-01 1.000105e+00 1.003636e+00 1.007599e+00 1.009346e+00 1.015303e+00 1.025863e+00 1.034304e+00 1.042374e+00 1.086167e+00 
19 267 1.525046e-01 1.091962e+00 9.554457e-01 9.554457e-01 9.564798e-01 9.571997e-01 9.585335e-01 9.588423e-01 9.600890e-01 9.626111e-01 9.635179e-01 9.649876e-01 9.664845e-01 9.670006e-01 9.681188e-01 9.702569e-01 9.743625e-01 9.757658e-01 9.769143e-01 9.798711e-01 9.806360e-01 9.824789e-01 9.861281e-01 9.885991e-01 9.904208e-01 9.919706e-01 9.957995e-01 9.969657e-01 1.000714e+00 1.002351e+00 1.010523e+00 1.012776e+00 1.021040e+00 1.024321e+00 1.037674e+00 1.040675e+00 1.091962e+00 
20 281 1.492260e-01 1.090869e+00 9.538440e-01 9.538440e-01 9.544879e-01 9.551088e-01 9.562030e-01 9.579741e-01 9.586731e-01 9.606883e-01 9.630974e-01 9.640491e-01 9.652036e-01 9.664085e-01 9.671405e-01 9.692851e-01 9.723220e-01 9.753860e-01 9.769179e-01 9.780149e-01 9.796665e-01 9.826455e-01 9.841903e-01 9.870879e-01 9.893027e-01 9.910745e-01 9.957926e-01 9.962817e-01 9.989195e-01 1.001499e+00 1.012443e+00 1.015916e+00 1.023142e+00 1.027458e+00 1.036645e+00 1.041150e+00 1.090869e+00 
21 295 1.458732e-01 1.094481e+00 9.518596e-01 9.518596e-01 9.526292e-01 9.534933e-01 9.542278e-01 9.574465e-01 9.590349e-01 9.593431e-01 9.615772e-01 9.619746e-01 9.644065e-01 9.651873e-01 9.679819e-01 9.681844e-01 9.718795e-01 9.744260e-01 9.756427e-01 9.776623e-01 9.793838e-01 9.821680e-01 9.852692e-01 9.854967e-01 9.885125e-01 9.917855e-01 9.938370e-01 9.943901e-01 9.968697e-01 1.001737e+00 1.010342e+00 1.016050e+00 1.021060e+00 1.033538e+00 1.038101e+00 1.042514e+00 1.094481e+00 
22 309 1.403468e-01 1.094819e+00 9.497134e-01 9.497134e-01 9.513810e-01 9.520633e-01 9.522544e-01 9.554564e-01 9.573065e-01 9.589524e-01 9.596707e-01 9.616704e-01 9.634651e-01 9.653158e-01 9.661173e-01 9.673606e-01 9.699499e-01 9.742628e-01 9.751406e-01 9.772865e-01 9.784527e-01 9.817981e-01 9.830959e-01 9.854476e-01 9.873053e-01 9.903192e-01 9.920248e-01 9.975540e-01 9.983446e-01 1.002435e+00 1.008526e+00 1.016075e+00 1.020998e+00 1.034868e+00 1.037111e+00 1.047746e+00 1.094819e+00 
23 323 1.903454e-01 1.093479e+00 9.473607e-01 9.473607e-01 9.491348e-01 9.500268e-01 9.504246e-01 9.537139e-01 9.551693e-01 9.574995e-01 9.580831e-01 9.596194e-01 9.617510e-01 9.634695e-01 9.651379e-01 9.674329e-01 9.684811e-01 9.732793e-01 9.743265e-01 9.755393e-01 9.768779e-01 9.808080e-01 9.819935e-01 9.834551e-01 9.876984e-01 9.896805e-01 9.914258e-01 9.964333e-01 9.979495e-01 1.007079e+00 1.007378e+00 1.017070e+00 1.019125e+00 1.036089e+00 1.037462e+00 1.051858e+00 1.093479e+00 
24 337 1.862031e-01 1.093357e+00 9.455419e-01 9.455419e-01 9.469957e-01 9.477801e-01 9.485304e-01 9.518094e-01 9.537373e-01 9.555204e-01 9.572115e-01 9.587815e-01 9.604577e-01 9.622496e-01 9.653832e-01 9.672233e-01 9.675748e-01 9.719921e-01 9.730393e-01 9.736739e-01 9.749701e-01 9.787624e-01 9.797048e-01 9.830188e-01 9.877565e-01 9.888478e-01 9.922471e-01 9.953251e-01 9.996067e-01 1.006092e+00 1.012366e+00 1.015304e+00 1.020872e+00 1.034679e+00 1.035957e+00 1.055046e+00 1.093357e+00 
25 351 1.844823e-01 1.092743e+00 9.442898e-01 9.442898e-01 9.451191e-01 9.455640e-01 9.469629e-01 9.496286e-01 9.525960e-01 9.541707e-01 9.552318e-01 9.571509e-01 9.583349e-01 9.633742e-01 9.645375e-01 9.647849e-01 9.659457e-01 9.707637e-01 9.713019e-01 9.723094e-01 9.741481e-01 9.772147e-01 9.792568e-01 9.817526e-01 9.860862e-01 9.887053e-01 9.930999e-01 9.964902e-01 9.985865e-01 1.006436e+00 1.012451e+00 1.017129e+00 1.023396e+00 1.032686e+00 1.035410e+00 1.060074e+00 1.092743e+00 
26 365 1.810010e-01 1.095156e+00 9.420931e-01 9.420931e-01 9.433051e-01 9.442123e-01 9.458838e-01 9.481300e-01 9.515965e-01 9.524209e-01 9.538968e-01 9.559828e-01 9.570745e-01 9.622805e-01 9.629822e-01 9.640385e-01 9.650893e-01 9.686525e-01 9.698308e-01 9.719152e-01 9.742075e-01 9.769783e-01 9.783001e-01 9.811261e-01 9.848047e-01 9.877675e-01 9.934511e-01 9.950210e-01 9.963778e-01 1.005700e+00 1.010751e+00 1.015913e+00 1.023297e+00 1.031807e+00 1.035646e+00 1.067239e+00 1.095156e+00 
27 379 1.767572e-01 1.097948e+00 9.401293e-01 9.401293e-01 9.416629e-01 9.434050e-01 9.453825e-01 9.471477e-01 9.499909e-01 9.514659e-01 9.521967e-01 9.538843e-01 9.561543e-01 9.612133e-01 9.618164e-01 9.625739e-01 9.651477e-01 9.680673e-01 9.692103e-01 9.722003e-01 9.731218e-01 9.766769e-01 9.787219e-01 9.798127e-01 9.873778e-01 9.881983e-01 9.916357e-01 9.946312e-01 9.961287e-01 1.005180e+00 1.008815e+00 1.013752e+00 1.023147e+00 1.030545e+00 1.035932e+00 1.070204e+00 1.097948e+00 
28 393 1.715138e-01 1.098812e+00 9.381976e-01 9.381976e-01 9.396557e-01 9.411751e-01 9.440705e-01 9.462021e-01 9.482388e-01 9.492403e-01 9.499764e-01 9.526355e-01 9.564096e-01 9.588248e-01 9.602301e-01 9.623862e-01 9.639645e-01 9.674443e-01 9.696160e-01 9.715918e-01 9.719078e-01 9.762646e-01 9.785414e-01 9.809509e-01 9.862687e-01 9.876922e-01 9.905761e-01 9.939045e-01 9.976193e-01 1.004248e+00 1.007411e+00 1.013652e+00 1.023014e+00 1.028710e+00 1.033979e+00 1.071638e+00 1.098812e+00 
29 407 1.667589e-01 1.099122e+00 9.363538e-01 9.363538e-01 9.387895e-01 9.395597e-01 9.426483e-01 9.446630e-01 9.473440e-01 9.480352e-01 9.484363e-01 9.516867e-01 9.553887e-01 9.581734e-01 9.598848e-01 9.609017e-01 9.638189e-01 9.661717e-01 9.686001e-01 9.695088e-01 9.711937e-01 9.760683e-01 9.776895e-01 9.802755e-01 9.863687e-01 9.880500e-01 9.903329e-01 9.921895e-01 9.963161e-01 1.003471e+00 1.004949e+00 1.012987e+00 1.023645e+00 1.029251e+00 1.032197e+00 1.072206e+00 1.099122e+00 
30 421 1.626453e-01 1.099402e+00 9.348728e-01 9.348728e-01 9.371306e-01 9.381863e-01 9.409487e-01 9.442227e-01 9.456345e-01 9.459540e-01 9.469141e-01 9.514788e-01 9.539302e-01 9.574479e-01 9.580903e-01 9.600716e-01 9.615497e-01 9.640837e-01 9.668606e-01 9.682647e-01 9.695285e-01 9.746451e-01 9.788232e-01 9.822743e-01 9.846823e-01 9.873638e-01 9.898119e-01 9.913180e-01 9.979754e-01 1.003196e+00 1.008139e+00 1.015363e+00 1.023859e+00 1.026937e+00 1.037701e+00 1.071831e+00 1.099402e+00 
31 435 1.566888e-01 1.098031e+00 9.331778e-01 9.331778e-01 9.354905e-01 9.363445e-01 9.397198e-01 9.424897e-01 9.438025e-01 9.445643e-01 9.472825e-01 9.511929e-01 9.526141e-01 9.559586e-01 9.563657e-01 9.598901e-01 9.603882e-01 9.650431e-01 9.663298e-01 9.675650e-01 9.703566e-01 9.725958e-01 9.796993e-01 9.806974e-01 9.832072e-01 9.865681e-01 9.892462e-01 9.927779e-01 9.977284e-01 1.002997e+00 1.009868e+00 1.017130e+00 1.024365e+00 1.029970e+00 1.041301e+00 1.070898e+00 1.098031e+00 
32 449 1.526801e-01 1.096286e+00 9.310433e-01 9.310433e-01 9.340258e-01 9.346208e-01 9.374038e-01 9.405582e-01 9.415309e-01 9.433006e-01 9.455898e-01 9.491657e-01 9.510346e-01 9.542105e-01 9.554065e-01 9.576261e-01 9.611423e-01 9.631145e-01 9.662178e-01 9.672993e-01 9.706855e-01 9.724416e-01 9.779644e-01 9.804407e-01 9.820693e-01 9.856046e-01 9.881607e-01 9.912187e-01 9.963694e-01 1.000672e+00 1.011822e+00 1.014955e+00 1.023869e+00 1.027755e+00 1.048915e+00 1.070347e+00 1.096286e+00 
33 463 1.485022e-01 1.095305e+00 9.291112e-01 9.291112e-01 9.329048e-01 9.346252e-01 9.371560e-01 9.388817e-01 9.405190e-01 9.427007e-01 9.448623e-01 9.480993e-01 9.495423e-01 9.532101e-01 9.553319e-01 9.594648e-01 9.596579e-01 9.620748e-01 9.649117e-01 9.669618e-01 9.724628e-01 9.755272e-01 9.756867e-01 9.798203e-01 9.805498e-01 9.876387e-01 9.890992e-01 9.901899e-01 9.973658e-01 1.001725e+00 1.011387e+00 1.015099e+00 1.024147e+00 1.026325e+00 1.051991e+00 1.069103e+00 1.095305e+00 
34 477 1.438325e-01 1.093288e+00 9.271265e-01 9.271265e-01 9.322982e-01 9.357291e-01 9.369435e-01 9.385921e-01 9.397276e-01 9.407208e-01 9.426764e-01 9.466197e-01 9.480856e-01 9.525892e-01 9.546439e-01 9.578456e-01 9.593560e-01 9.615449e-01 9.640300e-01 9.656728e-01 9.724975e-01 9.745151e-01 9.766910e-01 9.788001e-01 9.807771e-01 9.864410e-01 9.884911e-01 9.903494e-01 1.000372e+00 1.000914e+00 1.013472e+00 1.018117e+00 1.023753e+00 1.032339e+00 1.054630e+00 1.068011e+00 1.093288e+00 
35 491 1.414211e-01 1.091438e+00 9.261130e-01 9.261130e-01 9.300452e-01 9.349917e-01 9.363538e-01 9.380729e-01 9.390693e-01 9.397643e-01 9.428338e-01 9.447835e-01 9.461775e-01 9.507680e-01 9.543992e-01 9.560234e-01 9.603954e-01 9.613170e-01 9.632836e-01 9.645443e-01 9.712590e-01 9.740725e-01 9.757017e-01 9.802939e-01 9.812986e-01 9.845004e-01 9.878953e-01 9.893572e-01 9.987179e-01 1.004509e+00 1.012181e+00 1.017732e+00 1.021825e+00 1.031239e+00 1.055712e+00 1.068760e+00 1.091438e+00 
36 505 1.378005e-01 1.090707e+00 9.260493e-01 9.260493e-01 9.295537e-01 9.334836e-01 9.346774e-01 9.364350e-01 9.380735e-01 9.403288e-01 9.406756e-01 9.433123e-01 9.445811e-01 9.490091e-01 9.530095e-01 9.547659e-01 9.586841e-01 9.602584e-01 9.617015e-01 9.632930e-01 9.707012e-01 9.740427e-01 9.744837e-01 9.794912e-01 9.814078e-01 9.865616e-01 9.879815e-01 9.885830e-01 9.977562e-01 1.006238e+00 1.010426e+00 1.017878e+00 1.024354e+00 1.031416e+00 1.057602e+00 1.068972e+00 1.090707e+00 
37 519 1.341739e-01 1.091049e+00 9.240698e-01 9.240698e-01 9.276547e-01 9.319930e-01 9.329332e-01 9.355184e-01 9.370382e-01 9.383709e-01 9.395443e-01 9.425311e-01 9.439364e-01 9.473668e-01 9.524162e-01 9.533275e-01 9.575805e-01 9.594598e-01 9.602651e-01 9.616610e-01 9.706110e-01 9.719366e-01 9.743712e-01 9.797466e-01 9.800605e-01 9.863899e-01 9.901013e-01 9.912677e-01 9.985719e-01 1.006129e+00 1.009797e+00 1.020195e+00 1.026545e+00 1.032355e+00 1.058513e+00 1.069804e+00 1.091049e+00 
38 533 1.322772e-01 1.090839e+00 9.217729e-01 9.217729e-01 9.262897e-01 9.306877e-01 9.320319e-01 9.351373e-01 9.355393e-01 9.378040e-01 9.382764e-01 9.411238e-01 9.427827e-01 9.475228e-01 9.504862e-01 9.535382e-01 9.559002e-01 9.572822e-01 9.588602e-01 9.608335e-01 9.690787e-01 9.706897e-01 9.723510e-01 9.775887e-01 9.818344e-01 9.852935e-01 9.881233e-01 9.968509e-01 9.993229e-01 1.005515e+00 1.009685e+00 1.021390e+00 1.025890e+00 1.032295e+00 1.057929e+00 1.072602e+00 1.090839e+00 
39 547 1.812623e-01 1.092035e+00 9.198548e-01 9.198548e-01 9.241636e-01 9.295119e-01 9.297251e-01 9.332934e-01 9.344113e-01 9.363875e-01 9.373913e-01 9.404530e-01 9.416676e-01 9.463182e-01 9.489571e-01 9.521040e-01 9.554250e-01 9.565006e-01 9.572702e-01 9.612133e-01 9.676295e-01 9.711384e-01 9.732096e-01 9.754005e-01 9.829379e-01 9.836149e-01 9.861639e-01 9.955459e-01 9.998900e-01 1.004068e+00 1.009474e+00 1.022068e+00 1.024902e+00 1.035015e+00 1.059401e+00 1.073943e+00 1.092035e+00 
40 561 1.774545e-01 1.098467e+00 9.182410e-01 9.182410e-01 9.223391e-01 9.277024e-01 9.286298e-01 9.311106e-01 9.340888e-01 9.352543e-01 9.362302e-01 9.383337e-01 9.412295e-01 9.450757e-01 9.493164e-01 9.513683e-01 9.534452e-01 9.548683e-01 9.574780e-01 9.595472e-01 9.657393e-01 9.703892e-01 9.716363e-01 9.745316e-01 9.808097e-01 9.824613e-01 9.873705e-01 9.936241e-01 1.000340e+00 1.004871e+00 1.009397e+00 1.020951e+00 1.023064e+00 1.035093e+00 1.060682e+00 1.077659e+00 1.098467e+00 
41 575 1.731149e-01 1.102377e+00 9.170006e-01 9.170006e-01 9.200959e-01 9.273112e-01 9.281155e-01 9.290661e-01 9.321709e-01 9.335967e-01 9.354265e-01 9.364541e-01 9.401741e-01 9.457884e-01 9.475752e-01 9.505101e-01 9.538287e-01 9.543130e-01 9.552322e-01 9.581473e-01 9.651670e-01 9.689686e-01 9.713190e-01 9.727802e-01 9.788679e-01 9.805040e-01 9.915644e-01 9.930618e-01 9.992014e-01 1.005479e+00 1.008628e+00 1.019705e+00 1.028528e+00 1.034303e+00 1.059086e+00 1.079317e+00 1.102377e+00 
42 589 1.697426e-01 1.114320e+00 9.155672e-01 9.155672e-01 9.181291e-01 9.256693e-01 9.269646e-01 9.279941e-01 9.315576e-01 9.333383e-01 9.345036e-01 9.362749e-01 9.404121e-01 9.445203e-01 9.463347e-01 9.482969e-01 9.518447e-01 9.524274e-01 9.544667e-01 9.572257e-01 9.634603e-01 9.665932e-01 9.696144e-01 9.718958e-01 9.775587e-01 9.785806e-01 9.908458e-01 9.936663e-01 9.989351e-01 1.004524e+00 1.007651e+00 1.017661e+00 1.028397e+00 1.032860e+00 1.058242e+00 1.079576e+00 1.114320e+00 
43 603 1.639355e-01 1.120195e+00 9.136142e-01 9.136142e-01 9.161751e-01 9.248944e-01 9.255050e-01 9.263504e-01 9.306655e-01 9.321391e-01 9.333504e-01 9.355020e-01 9.392164e-01 9.441050e-01 9.446534e-01 9.481204e-01 9.497933e-01 9.507016e-01 9.531108e-01 9.559366e-01 9.628074e-01 9.656131e-01 9.673335e-01 9.718093e-01 9.771008e-01 9.780216e-01 9.903373e-01 9.926978e-01 9.976431e-01 1.008260e+00 1.014461e+00 1.016524e+00 1.027613e+00 1.031236e+00 1.058130e+00 1.081174e+00 1.120195e+00 
44 617 2.230054e-01 1.124241e+00 9.119760e-01 9.119760e-01 9.149840e-01 9.228096e-01 9.239536e-01 9.253702e-01 9.291043e-01 9.300734e-01 9.319929e-01 9.347908e-01 9.394427e-01 9.433325e-01 9.457543e-01 9.468481e-01 9.478292e-01 9.499549e-01 9.542950e-01 9.555303e-01 9.611823e-01 9.641804e-01 9.671992e-01 9.729308e-01 9.747709e-01 9.800927e-01 9.897647e-01 9.930227e-01 9.976623e-01 1.009522e+00 1.012765e+00 1.016804e+00 1.027956e+00 1.030476e+00 1.056123e+00 1.081235e+00 1.124241e+00 
45 631 2.172829e-01 1.130041e+00 9.102552e-01 9.102552e-01 9.131421e-01 9.209206e-01 9.230598e-01 9.233467e-01 9.276241e-01 9.280596e-01 9.300443e-01 9.350167e-01 9.389214e-01 9.423323e-01 9.455026e-01 9.467445e-01 9.481559e-01 9.492513e-01 9.537617e-01 9.554392e-01 9.597243e-01 9.630931e-01 9.655088e-01 9.716514e-01 9.766856e-01 9.835679e-01 9.880734e-01 9.920774e-01 9.973440e-01 1.010489e+00 1.011624e+00 1.014842e+00 1.025853e+00 1.028435e+00 1.057354e+00 1.079528e+00 1.130041e+00 
46 645 2.129877e-01 1.134009e+00 9.099291e-01 9.099291e-01 9.110291e-01 9.197508e-01 9.210578e-01 9.231438e-01 9.259004e-01 9.278556e-01 9.313759e-01 9.330666e-01 9.385404e-01 9.420829e-01 9.441747e-01 9.467370e-01 9.475665e-01 9.489621e-01 9.532363e-01 9.583867e-01 9.620500e-01 9.628427e-01 9.648384e-01 9.725528e-01 9.779140e-01 9.834649e-01 9.857652e-01 9.931793e-01 1.000762e+00 1.009847e+00 1.013595e+00 1.018256e+00 1.023912e+00 1.030697e+00 1.056812e+00 1.079047e+00 1.134009e+00 
47 659 2.102966e-01 1.139111e+00 9.077206e-01 9.077206e-01 9.099677e-01 9.190013e-01 9.196476e-01 9.215000e-01 9.238535e-01 9.260475e-01 9.297156e-01 9.313140e-01 9.383587e-01 9.408430e-01 9.424028e-01 9.454822e-01 9.475203e-01 9.491685e-01 9.531381e-01 9.582579e-01 9.603968e-01 9.634273e-01 9.677265e-01 9.719726e-01 9.782153e-01 9.831252e-01 9.873218e-01 9.928248e-01 1.005228e+00 1.008163e+00 1.011138e+00 1.017515e+00 1.025070e+00 1.030826e+00 1.055424e+00 1.078787e+00 1.139111e+00 
48 673 2.066017e-01 1.142714e+00 9.054529e-01 9.054529e-01 9.078206e-01 9.171998e-01 9.181939e-01 9.196676e-01 9.222985e-01 9.246106e-01 9.282684e-01 9.309167e-01 9.371163e-01 9.395103e-01 9.419805e-01 9.456698e-01 9.486597e-01 9.490024e-01 9.531225e-01 9.565911e-01 9.588709e-01 9.620561e-01 9.680605e-01 9.711738e-01 9.766938e-01 9.828156e-01 9.858616e-01 9.929228e-01 1.005396e+00 1.008055e+00 1.009177e+00 1.021302e+00 1.025354e+00 1.033039e+00 1.056857e+00 1.078515e+00 1.142714e+00 
49 687 2.008364e-01 1.144574e+00 9.035166e-01 9.035166e-01 9.059540e-01 9.151707e-01 9.172220e-01 9.182556e-01 9.215205e-01 9.230158e-01 9.271240e-01 9.307646e-01 9.349266e-01 9.382109e-01 9.404845e-01 9.459327e-01 9.473427e-01 9.488408e-01 9.509358e-01 9.566764e-01 9.572217e-01 9.608063e-01 9.680928e-01 9.715796e-01 9.760391e-01 9.805944e-01 9.853165e-01 9.924635e-01 1.003492e+00 1.007184e+00 1.012415e+00 1.023747e+00 1.027253e+00 1.033456e+00 1.057865e+00 1.077355e+00 1.144574e+00 
50 701 1.972785e-01 1.148647e+00 9.017976e-01 9.017976e-01 9.039958e-01 9.137445e-01 9.152394e-01 9.160520e-01 9.203327e-01 9.226591e-01 9.251901e-01 9.305925e-01 9.339320e-01 9.387614e-01 9.388982e-01 9.438691e-01 9.460561e-01 9.477664e-01 9.497024e-01 9.559152e-01 9.578034e-01 9.595988e-01 9.668302e-01 9.700208e-01 9.740314e-01 9.807668e-01 9.835238e-01 9.908116e-01 1.002212e+00 1.008770e+00 1.011239e+00 1.022246e+00 1.027756e+00 1.035924e+00 1.057795e+00 1.076899e+00 1.148647e+00 
51 715 1.913474e-01 1.151921e+00 9.001509e-01 9.001509e-01 9.029025e-01 9.122746e-01 9.142660e-01 9.158516e-01 9.187258e-01 9.206465e-01 9.233366e-01 9.303612e-01 9.324834e-01 9.371395e-01 9.382210e-01 9.421605e-01 9.447566e-01 9.479214e-01 9.490407e-01 9.552981e-01 9.572061e-01 9.594852e-01 9.654965e-01 9.710643e-01 9.773507e-01 9.804602e-01 9.839673e-01 9.944873e-01 1.000491e+00 1.008394e+00 1.014813e+00 1.021862e+00 1.026298e+00 1.036572e+00 1.056996e+00 1.077292e+00 1.151921e+00 
52 729 1.883433e-01 1.158593e+00 8.994229e-01 8.994229e-01 9.005185e-01 9.120911e-01 9.130534e-01 9.147917e-01 9.177367e-01 9.191194e-01 9.211907e-01 9.291709e-01 9.320707e-01 9.358489e-01 9.401569e-01 9.403489e-01 9.433963e-01 9.468729e-01 9.484666e-01 9.530276e-01 9.555242e-01 9.595679e-01 9.642951e-01 9.722441e-01 9.759003e-01 9.789215e-01 9.816159e-01 9.929759e-01 1.002863e+00 1.009418e+00 1.013953e+00 1.020628e+00 1.024916e+00 1.038769e+00 1.057300e+00 1.082269e+00 1.158593e+00 
53 743 1.842462e-01 1.165114e+00 8.984292e-01 8.984292e-01 8.987500e-01 9.108671e-01 9.139547e-01 9.153812e-01 9.172878e-01 9.195299e-01 9.215121e-01 9.273043e-01 9.299950e-01 9.337552e-01 9.382341e-01 9.389031e-01 9.424844e-01 9.456813e-01 9.485444e-01 9.510169e-01 9.571874e-01 9.590373e-01 9.643946e-01 9.706161e-01 9.757514e-01 9.787013e-01 9.813172e-01 9.922091e-01 1.005232e+00 1.007636e+00 1.012563e+00 1.021273e+00 1.025369e+00 1.037505e+00 1.056524e+00 1.084881e+00 1.165114e+00 
54 757 1.782914e-01 1.167007e+00 8.969414e-01 8.969414e-01 8.981167e-01 9.101520e-01 9.123489e-01 9.141839e-01 9.152849e-01 9.175632e-01 9.204663e-01 9.270674e-01 9.281647e-01 9.324724e-01 9.366444e-01 9.396655e-01 9.416408e-01 9.467552e-01 9.477947e-01 9.504354e-01 9.549141e-01 9.584691e-01 9.640583e-01 9.699595e-01 9.746941e-01 9.777820e-01 9.806078e-01 9.920643e-01 1.003406e+00 1.006310e+00 1.010031e+00 1.020356e+00 1.025788e+00 1.035826e+00 1.055237e+00 1.085744e+00 1.167007e+00 
55 771 1.718504e-01 1.167897e+00 8.958126e-01 8.958126e-01 8.977996e-01 9.082215e-01 9.110429e-01 9.127619e-01 9.135460e-01 9.173248e-01 9.228099e-01 9.256319e-01 9.280454e-01 9.313148e-01 9.356969e-01 9.387515e-01 9.423233e-01 9.446200e-01 9.464433e-01 9.486624e-01 9.541584e-01 9.567554e-01 9.642296e-01 9.699318e-01 9.737800e-01 9.776085e-01 9.798731e-01 9.899634e-01 1.003758e+00 1.006475e+00 1.009680e+00 1.018645e+00 1.029258e+00 1.034564e+00 1.055775e+00 1.088758e+00 1.167897e+00 
56 785 1.675408e-01 1.168109e+00 8.942692e-01 8.942692e-01 8.966564e-01 9.063718e-01 9.096847e-01 9.114423e-01 9.122298e-01 9.173953e-01 9.208395e-01 9.241309e-01 9.260438e-01 9.299541e-01 9.338115e-01 9.386279e-01 9.407656e-01 9.433422e-01 9.450284e-01 9.476010e-01 9.528214e-01 9.555176e-01 9.625002e-01 9.680340e-01 9.726668e-01 9.787821e-01 9.820537e-01 9.896027e-01 1.002453e+00 1.007383e+00 1.011465e+00 1.019884e+00 1.027661e+00 1.036423e+00 1.054543e+00 1.090179e+00 1.168109e+00 
57 799 1.607587e-01 1.166395e+00 8.923312e-01 8.923312e-01 8.956058e-01 9.052482e-01 9.083877e-01 9.112170e-01 9.129601e-01 9.152077e-01 9.191841e-01 9.230587e-01 9.242944e-01 9.294305e-01 9.320949e-01 9.372945e-01 9.398258e-01 9.408798e-01 9.461034e-01 9.469530e-01 9.524784e-01 9.539581e-01 9.613697e-01 9.691385e-01 9.751473e-01 9.783012e-01 9.840625e-01 9.885225e-01 1.000916e+00 1.006551e+00 1.011879e+00 1.018237e+00 1.025973e+00 1.040314e+00 1.052605e+00 1.091785e+00 1.166395e+00 
58 813 2.179916e-01 1.165747e+00 8.908902e-01 8.908902e-01 8.960005e-01 9.051021e-01 9.088414e-01 9.093074e-01 9.113659e-01 9.141686e-01 9.174878e-01 9.211440e-01 9.228167e-01 9.287356e-01 9.300798e-01 9.358096e-01 9.391253e-01 9.393538e-01 9.450647e-01 9.466499e-01 9.521435e-01 9.547577e-01 9.615018e-01 9.687155e-01 9.741364e-01 9.772349e-01 9.868961e-01 9.880786e-01 1.000147e+00 1.005812e+00 1.015013e+00 1.017513e+00 1.023805e+00 1.041167e+00 1.055494e+00 1.095923e+00 1.165747e+00 
59 827 2.112342e-01 1.163837e+00 8.900861e-01 8.900861e-01 8.951734e-01 9.041420e-01 9.069314e-01 9.084658e-01 9.109351e-01 9.143777e-01 9.173940e-01 9.198239e-01 9.209037e-01 9.273306e-01 9.293418e-01 9.352778e-01 9.375433e-01 9.403906e-01 9.443904e-01 9.465775e-01 9.512989e-01 9.533932e-01 9.592702e-01 9.673368e-01 9.727023e-01 9.766850e-01 9.864545e-01 9.884541e-01 9.985861e-01 1.006012e+00 1.014025e+00 1.016933e+00 1.021966e+00 1.043488e+00 1.053768e+00 1.098697e+00 1.163837e+00 
60 841 2.041249e-01 1.164186e+00 8.894646e-01 8.894646e-01 8.934369e-01 9.024524e-01 9.049596e-01 9.074079e-01 9.103341e-01 9.139396e-01 9.155664e-01 9.188278e-01 9.205770e-01 9.268904e-01 9.290173e-01 9.334511e-01 9.356169e-01 9.397909e-01 9.428404e-01 9.473685e-01 9.505369e-01 9.517490e-01 9.586445e-01 9.687481e-01 9.747072e-01 9.763681e-01 9.855185e-01 9.867541e-01 9.970949e-01 1.004183e+00 1.011935e+00 1.016453e+00 1.020175e+00 1.050408e+00 1.052883e+00 1.100031e+00 1.164186e+00 
61 855 1.967380e-01 1.164888e+00 8.876606e-01 8.876606e-01 8.919713e-01 9.006573e-01 9.038716e-01 9.076762e-01 9.096034e-01 9.123825e-01 9.140131e-01 9.165293e-01 9.194106e-01 9.269296e-01 9.277714e-01 9.335422e-01 9.365713e-01 9.398741e-01 9.427148e-01 9.462789e-01 9.497249e-01 9.518484e-01 9.591474e-01 9.713973e-01 9.733456e-01 9.755754e-01 9.843808e-01 9.845576e-01 9.965803e-01 1.003368e+00 1.010410e+00 1.015134e+00 1.018915e+00 1.048615e+00 1.051109e+00 1.100415e+00 1.164888e+00 
62 869 1.895926e-01 1.163831e+00 8.856167e-01 8.856167e-01 8.919235e-01 8.987399e-01 9.032937e-01 9.065119e-01 9.090898e-01 9.106771e-01 9.125390e-01 9.162242e-01 9.186997e-01 9.252663e-01 9.265046e-01 9.325926e-01 9.348650e-01 9.402384e-01 9.409621e-01 9.448507e-01 9.495616e-01 9.500126e-01 9.578198e-01 9.708262e-01 9.719452e-01 9.749750e-01 9.834531e-01 9.909645e-01 9.943119e-01 1.003413e+00 1.008224e+00 1.015024e+00 1.017177e+00 1.046999e+00 1.053803e+00 1.100244e+00 1.163831e+00 
63 883 1.859857e-01 1.163346e+00 8.859701e-01 8.859701e-01 8.914084e-01 8.982459e-01 9.014302e-01 9.053991e-01 9.087447e-01 9.098304e-01 9.116503e-01 9.144079e-01 9.196760e-01 9.235064e-01 9.246659e-01 9.324114e-01 9.341941e-01 9.389169e-01 9.405934e-01 9.440884e-01 9.475497e-01 9.530952e-01 9.556629e-01 9.691461e-01 9.702773e-01 9.738463e-01 9.827122e-01 9.908835e-01 9.944841e-01 1.001593e+00 1.005669e+00 1.015739e+00 1.016420e+00 1.045962e+00 1.055227e+00 1.104388e+00 1.163346e+00 
64 897 1.799343e-01 1.162320e+00 8.839830e-01 8.839830e-01 8.896271e-01 8.982026e-01 9.006573e-01 9.036263e-01 9.071922e-01 9.084550e-01 9.098697e-01 9.133621e-01 9.181396e-01 9.224726e-01 9.307131e-01 9.321911e-01 9.344395e-01 9.371667e-01 9.401349e-01 9.426764e-01 9.460687e-01 9.530408e-01 9.541090e-01 9.672584e-01 9.692645e-01 9.721062e-01 9.835444e-01 9.931102e-01 9.980073e-01 1.001214e+00 1.004315e+00 1.014432e+00 1.022326e+00 1.048308e+00 1.053347e+00 1.103092e+00 1.162320e+00 
65 911 1.719203e-01 1.163166e+00 8.831991e-01 8.831991e-01 8.877177e-01 8.964747e-01 8.997483e-01 9.023708e-01 9.056936e-01 9.072071e-01 9.097491e-01 9.121704e-01 9.167541e-01 9.223304e-01 9.297044e-01 9.300709e-01 9.345855e-01 9.352332e-01 9.391658e-01 9.414743e-01 9.455438e-01 9.520676e-01 9.535288e-01 9.664264e-01 9.698858e-01 9.717279e-01 9.833714e-01 9.950170e-01 9.993860e-01 9.999580e-01 1.002345e+00 1.014953e+00 1.020954e+00 1.047544e+00 1.053854e+00 1.101078e+00 1.163166e+00 
66 925 1.668872e-01 1.163194e+00 8.825419e-01 8.825419e-01 8.873647e-01 8.949703e-01 8.997672e-01 9.011530e-01 9.036907e-01 9.051493e-01 9.085713e-01 9.106289e-01 9.146557e-01 9.230564e-01 9.289717e-01 9.299627e-01 9.326388e-01 9.360815e-01 9.374632e-01 9.410458e-01 9.440193e-01 9.517257e-01 9.536740e-01 9.656462e-01 9.682430e-01 9.713178e-01 9.825877e-01 9.952396e-01 9.979046e-01 1.000816e+00 1.011675e+00 1.016041e+00 1.021930e+00 1.047632e+00 1.053006e+00 1.100115e+00 1.163194e+00 
67 939 1.634643e-01 1.161911e+00 8.803911e-01 8.803911e-01 8.863334e-01 8.951418e-01 8.977349e-01 8.997078e-01 9.024491e-01 9.035372e-01 9.066224e-01 9.098693e-01 9.147305e-01 9.236985e-01 9.267096e-01 9.291197e-01 9.310591e-01 9.350646e-01 9.363217e-01 9.399585e-01 9.472574e-01 9.515367e-01 9.530103e-01 9.664767e-01 9.690042e-01 9.697653e-01 9.808906e-01 9.939629e-01 9.968039e-01 9.998670e-01 1.010064e+00 1.019721e+00 1.022216e+00 1.047012e+00 1.051969e+00 1.099671e+00 1.161911e+00 
68 953 1.611336e-01 1.161462e+00 8.800252e-01 8.800252e-01 8.872366e-01 8.930824e-01 8.960380e-01 8.987095e-01 9.017650e-01 9.021998e-01 9.048026e-01 9.092263e-01 9.134020e-01 9.236897e-01 9.252051e-01 9.273866e-01 9.305018e-01 9.332582e-01 9.363827e-01 9.383915e-01 9.476922e-01 9.502579e-01 9.519399e-01 9.647819e-01 9.685111e-01 9.696651e-01 9.801218e-01 9.933606e-01 9.966137e-01 1.000830e+00 1.012303e+00 1.020596e+00 1.022766e+00 1.047488e+00 1.052556e+00 1.101806e+00 1.161462e+00 
69 967 2.213192e-01 1.160529e+00 8.779014e-01 8.779014e-01 8.857709e-01 8.918845e-01 8.956180e-01 8.965825e-01 8.998690e-01 9.017786e-01 9.063949e-01 9.104713e-01 9.128485e-01 9.219846e-01 9.234377e-01 9.264965e-01 9.306957e-01 9.356079e-01 9.359395e-01 9.372667e-01 9.474254e-01 9.503878e-01 9.584703e-01 9.638667e-01 9.675801e-01 9.692306e-01 9.790877e-01 9.917993e-01 9.950327e-01 1.000303e+00 1.010770e+00 1.019927e+00 1.023820e+00 1.047301e+00 1.050728e+00 1.106082e+00 1.160529e+00 
70 981 2.116492e-01 1.159348e+00 8.766423e-01 8.766423e-01 8.846822e-01 8.911482e-01 8.953879e-01 8.963584e-01 8.987194e-01 9.005153e-01 9.047646e-01 9.103107e-01 9.120892e-01 9.207140e-01 9.236936e-01 9.259654e-01 9.303062e-01 9.345200e-01 9.358176e-01 9.364045e-01 9.458015e-01 9.498055e-01 9.588195e-01 9.620271e-01 9.668568e-01 9.686437e-01 9.776733e-01 9.892602e-01 9.948052e-01 1.001559e+00 1.008631e+00 1.018907e+00 1.024001e+00 1.045559e+00 1.048527e+00 1.110007e+00 1.159348e+00 
71 995 2.074802e-01 1.157462e+00 8.759637e-01 8.759637e-01 8.831454e-01 8.897646e-01 8.933522e-01 8.959865e-01 8.969689e-01 9.001918e-01 9.056507e-01 9.087231e-01 9.110541e-01 9.187678e-01 9.221365e-01 9.251154e-01 9.305308e-01 9.329029e-01 9.342153e-01 9.374227e-01 9.460170e-01 9.476726e-01 9.571195e-01 9.614891e-01 9.659829e-01 9.733366e-01 9.779725e-01 9.905399e-01 9.933803e-01 1.000844e+00 1.009324e+00 1.017308e+00 1.025809e+00 1.043578e+00 1.048013e+00 1.115044e+00 1.157462e+00 
72 1009 1.993174e-01 1.155014e+00 8.741439e-01 8.741439e-01 8.809946e-01 8.888690e-01 8.919249e-01 8.950736e-01 8.964906e-01 9.004246e-01 9.051109e-01 9.079488e-01 9.108113e-01 9.174930e-01 9.201131e-01 9.235514e-01 9.288656e-01 9.317908e-01 9.339957e-01 9.394423e-01 9.454632e-01 9.459491e-01 9.549926e-01 9.605676e-01 9.678771e-01 9.730781e-01 9.796634e-01 9.894522e-01 9.930862e-01 9.984973e-01 1.007370e+00 1.015620e+00 1.024799e+00 1.046062e+00 1.049009e+00 1.114673e+00 1.155014e+00 
73 1023 1.925732e-01 1.158645e+00 8.728530e-01 8.728530e-01 8.806989e-01 8.884049e-01 8.914360e-01 8.934302e-01 8.952514e-01 8.995817e-01 9.036671e-01 9.080649e-01 9.093243e-01 9.155578e-01 9.194163e-01 9.243267e-01 9.272152e-01 9.317852e-01 9.327535e-01 9.389523e-01 9.448739e-01 9.527560e-01 9.564998e-01 9.589393e-01 9.659437e-01 9.726215e-01 9.818476e-01 9.891847e-01 9.932446e-01 9.962311e-01 1.005539e+00 1.013967e+00 1.022803e+00 1.045655e+00 1.049794e+00 1.114298e+00 1.158645e+00 
74 1037 1.870354e-01 1.159052e+00 8.713321e-01 8.713321e-01 8.791932e-01 8.869895e-01 8.903778e-01 8.918926e-01 8.952161e-01 8.978323e-01 9.025991e-01 9.066513e-01 9.072392e-01 9.171326e-01 9.187762e-01 9.224278e-01 9.261621e-01 9.311587e-01 9.320582e-01 9.387387e-01 9.435037e-01 9.510150e-01 9.564465e-01 9.580961e-01 9.638441e-01 9.724640e-01 9.811811e-01 9.892732e-01 9.926573e-01 9.951628e-01 1.004478e+00 1.014046e+00 1.025093e+00 1.043766e+00 1.052954e+00 1.113019e+00 1.159052e+00 
75 1051 1.824612e-01 1.157604e+00 8.701425e-01 8.701425e-01 8.788688e-01 8.855867e-01 8.895878e-01 8.903208e-01 8.939948e-01 8.974564e-01 9.031101e-01 9.050964e-01 9.072534e-01 9.154105e-01 9.173279e-01 9.235900e-01 9.249069e-01 9.293238e-01 9.318865e-01 9.398119e-01 9.436253e-01 9.488718e-01 9.550546e-01 9.576808e-01 9.626235e-01 9.743405e-01 9.802686e-01 9.899350e-01 9.930081e-01 9.962709e-01 1.004896e+00 1.013461e+00 1.024194e+00 1.041650e+00 1.052473e+00 1.111348e+00 1.157604e+00 
76 1065 1.759140e-01 1.160115e+00 8.691596e-01 8.691596e-01 8.768752e-01 8.838272e-01 8.877449e-01 8.891712e-01 8.922342e-01 8.964086e-01 9.016935e-01 9.051671e-01 9.076791e-01 9.138806e-01 9.156405e-01 9.231761e-01 9.238847e-01 9.273963e-01 9.302122e-01 9.397069e-01 9.439096e-01 9.496525e-01 9.543907e-01 9.559621e-01 9.618850e-01 9.732073e-01 9.788157e-01 9.888028e-01 9.933906e-01 9.965370e-01 1.007650e+00 1.012928e+00 1.023409e+00 1.039755e+00 1.051255e+00 1.111810e+00 1.160115e+00 
77 1079 2.358949e-01 1.159130e+00 8.673551e-01 8.673551e-01 8.750474e-01 8.829594e-01 8.873353e-01 8.898127e-01 8.905920e-01 8.947185e-01 8.993813e-01 9.035373e-01 9.074483e-01 9.131936e-01 9.141395e-01 9.217059e-01 9.220295e-01 9.261250e-01 9.287733e-01 9.408481e-01 9.432712e-01 9.515477e-01 9.550980e-01 9.565367e-01 9.602212e-01 9.722034e-01 9.783727e-01 9.871965e-01 9.929358e-01 9.975503e-01 1.007884e+00 1.011480e+00 1.022583e+00 1.041733e+00 1.051739e+00 1.110129e+00 1.159130e+00 
78 1093 2.240259e-01 1.158820e+00 8.656503e-01 8.656503e-01 8.739218e-01 8.813884e-01 8.855316e-01 8.887234e-01 8.909917e-01 8.943191e-01 8.980262e-01 9.017122e-01 9.059054e-01 9.119036e-01 9.144498e-01 9.199311e-01 9.208661e-01 9.243117e-01 9.273230e-01 9.413468e-01 9.446354e-01 9.503408e-01 9.556538e-01 9.558213e-01 9.591125e-01 9.714822e-01 9.769667e-01 9.852544e-01 9.914353e-01 9.965875e-01 1.007529e+00 1.010952e+00 1.020656e+00 1.039909e+00 1.050547e+00 1.108620e+00 1.158820e+00 
79 1107 2.144497e-01 1.161394e+00 8.637732e-01 8.637732e-01 8.719527e-01 8.812369e-01 8.857414e-01 8.868563e-01 8.897561e-01 8.937442e-01 8.957725e-01 9.000564e-01 9.041847e-01 9.107817e-01 9.137480e-01 9.181343e-01 9.199982e-01 9.224826e-01 9.276523e-01 9.411714e-01 9.432574e-01 9.484301e-01 9.533908e-01 9.542319e-01 9.576994e-01 9.713609e-01 9.756982e-01 9.834278e-01 9.892534e-01 9.968355e-01 1.007881e+00 1.009801e+00 1.019763e+00 1.039247e+00 1.052087e+00 1.110026e+00 1.161394e+00 
80 1121 2.019719e-01 1.160826e+00 8.623946e-01 8.623946e-01 8.711061e-01 8.798034e-01 8.839194e-01 8.844914e-01 8.878620e-01 8.925961e-01 8.962648e-01 8.992605e-01 9.022815e-01 9.108932e-01 9.122315e-01 9.178512e-01 9.180373e-01 9.230195e-01 9.260433e-01 9.402808e-01 9.431007e-01 9.467434e-01 9.517087e-01 9.529941e-01 9.570641e-01 9.703241e-01 9.737915e-01 9.815287e-01 9.885725e-01 9.952661e-01 1.007043e+00 1.008624e+00 1.017330e+00 1.039300e+00 1.053863e+00 1.109351e+00 1.160826e+00 
81 1135 1.930919e-01 1.161035e+00 8.605030e-01 8.605030e-01 8.696621e-01 8.783020e-01 8.824076e-01 8.827887e-01 8.868641e-01 8.936557e-01 8.972765e-01 8.992075e-01 9.014200e-01 9.095220e-01 9.108522e-01 9.155150e-01 9.178364e-01 9.211730e-01 9.247808e-01 9.391035e-01 9.414385e-01 9.455077e-01 9.501608e-01 9.534066e-01 9.559681e-01 9.693005e-01 9.723648e-01 9.831220e-01 9.867943e-01 9.948948e-01 1.006644e+00 1.007547e+00 1.015531e+00 1.038411e+00 1.054854e+00 1.106947e+00 1.161035e+00 
82 1149 1.847623e-01 1.160833e+00 8.585966e-01 8.585966e-01 8.682086e-01 8.772632e-01 8.813553e-01 8.828584e-01 8.855149e-01 8.944475e-01 8.963880e-01 8.973204e-01 9.013972e-01 9.080676e-01 9.095300e-01 9.145062e-01 9.169473e-01 9.203017e-01 9.257696e-01 9.378406e-01 9.398382e-01 9.438651e-01 9.496584e-01 9.523057e-01 9.541837e-01 9.691753e-01 9.719935e-01 9.814884e-01 9.890292e-01 9.943013e-01 1.005577e+00 1.005891e+00 1.014214e+00 1.039209e+00 1.054378e+00 1.104760e+00 1.160833e+00 
83 1163 2.481953e-01 1.159348e+00 8.570606e-01 8.570606e-01 8.676603e-01 8.760658e-01 8.803032e-01 8.812181e-01 8.849827e-01 8.925728e-01 8.944464e-01 8.957872e-01 8.999215e-01 9.068438e-01 9.092227e-01 9.127222e-01 9.161510e-01 9.201580e-01 9.278570e-01 9.376501e-01 9.391864e-01 9.427785e-01 9.489927e-01 9.508932e-01 9.530106e-01 9.688813e-01 9.710908e-01 9.815163e-01 9.884569e-01 9.922858e-01 1.003427e+00 1.005620e+00 1.015786e+00 1.039216e+00 1.053208e+00 1.103841e+00 1.159348e+00 
84 1177 2.390194e-01 1.156777e+00 8.573881e-01 8.573881e-01 8.668556e-01 8.743831e-01 8.785916e-01 8.789762e-01 8.849548e-01 8.913322e-01 8.934232e-01 8.958504e-01 8.988827e-01 9.058181e-01 9.098751e-01 9.121356e-01 9.153385e-01 9.189457e-01 9.283938e-01 9.355824e-01 9.370517e-01 9.414438e-01 9.481453e-01 9.510062e-01 9.540415e-01 9.678140e-01 9.708926e-01 9.826726e-01 9.881932e-01 9.900294e-01 1.001818e+00 1.004477e+00 1.014256e+00 1.038607e+00 1.052919e+00 1.101155e+00 1.156777e+00 
85 1191 2.312000e-01 1.155231e+00 8.561327e-01 8.561327e-01 8.661266e-01 8.743965e-01 8.766792e-01 8.790878e-01 8.839682e-01 8.905156e-01 8.917527e-01 8.960068e-01 8.973893e-01 9.046495e-01 9.085725e-01 9.118799e-01 9.137343e-01 9.181734e-01 9.273312e-01 9.333325e-01 9.352980e-01 9.394680e-01 9.463229e-01 9.495831e-01 9.579924e-01 9.661983e-01 9.689257e-01 9.812849e-01 9.877943e-01 9.904974e-01 1.000103e+00 1.003326e+00 1.013377e+00 1.040319e+00 1.056523e+00 1.100063e+00 1.155231e+00 
86 1205 2.255866e-01 1.157067e+00 8.578970e-01 8.578970e-01 8.648788e-01 8.724523e-01 8.777014e-01 8.783638e-01 8.827811e-01 8.895278e-01 8.905386e-01 8.941053e-01 8.971842e-01 9.028766e-01 9.089860e-01 9.105587e-01 9.140683e-01 9.175776e-01 9.261229e-01 9.311716e-01 9.332468e-01 9.394947e-01 9.455636e-01 9.484173e-01 9.586259e-01 9.659371e-01 9.677318e-01 9.806471e-01 9.867722e-01 9.890597e-01 9.983701e-01 1.003617e+00 1.013677e+00 1.039094e+00 1.057451e+00 1.099568e+00 1.157067e+00 
87 1219 2.146288e-01 1.157028e+00 8.574508e-01 8.574508e-01 8.632278e-01 8.708166e-01 8.761605e-01 8.772540e-01 8.818968e-01 8.878082e-01 8.897537e-01 8.935151e-01 8.964564e-01 9.013298e-01 9.074762e-01 9.095657e-01 9.124778e-01 9.159684e-01 9.259510e-01 9.308185e-01 9.322478e-01 9.387520e-01 9.441460e-01 9.481673e-01 9.576053e-01 9.657495e-01 9.684095e-01 9.797696e-01 9.862177e-01 9.883683e-01 9.974947e-01 1.001438e+00 1.012479e+00 1.038564e+00 1.055407e+00 1.098986e+00 1.157028e+00 
88 1233 2.024758e-01 1.156417e+00 8.568798e-01 8.568798e-01 8.614527e-01 8.691707e-01 8.751843e-01 8.773372e-01 8.807705e-01 8.860534e-01 8.888723e-01 8.921814e-01 8.957973e-01 9.004402e-01 9.058646e-01 9.080772e-01 9.132024e-01 9.181876e-01 9.247363e-01 9.297337e-01 9.310426e-01 9.368887e-01 9.435364e-01 9.481535e-01 9.567680e-01 9.650050e-01 9.670414e-01 9.791111e-01 9.853504e-01 9.893740e-01 9.956418e-01 1.000035e+00 1.011391e+00 1.042123e+00 1.053519e+00 1.097108e+00 1.156417e+00 
89 1247 1.924075e-01 1.154841e+00 8.555518e-01 8.555518e-01 8.597290e-01 8.683281e-01 8.736498e-01 8.775692e-01 8.795940e-01 8.849270e-01 8.869575e-01 8.907750e-01 8.959990e-01 8.983040e-01 9.049273e-01 9.062260e-01 9.121735e-01 9.163458e-01 9.235684e-01 9.278660e-01 9.292355e-01 9.382467e-01 9.432297e-01 9.481176e-01 9.601898e-01 9.635359e-01 9.668713e-01 9.799168e-01 9.841466e-01 9.915492e-01 9.947140e-01 9.997147e-01 1.009327e+00 1.039857e+00 1.055756e+00 1.095543e+00 1.154841e+00 
90 1261 1.857724e-01 1.152819e+00 8.545645e-01 8.545645e-01 8.587001e-01 8.663507e-01 8.759774e-01 8.777855e-01 8.788563e-01 8.853585e-01 8.862661e-01 8.886189e-01 8.955542e-01 8.976398e-01 9.049809e-01 9.071570e-01 9.118681e-01 9.161087e-01 9.213941e-01 9.267867e-01 9.297621e-01 9.394455e-01 9.418767e-01 9.475398e-01 9.597647e-01 9.620708e-01 9.665153e-01 9.782392e-01 9.851705e-01 9.906739e-01 9.944555e-01 9.998657e-01 1.013013e+00 1.038449e+00 1.054743e+00 1.096802e+00 1.152819e+00 
91 1275 1.777794e-01 1.150563e+00 8.531402e-01 8.531402e-01 8.570590e-01 8.648309e-01 8.750874e-01 8.765795e-01 8.788090e-01 8.837424e-01 8.846390e-01 8.882843e-01 8.949732e-01 8.961487e-01 9.035324e-01 9.066491e-01 9.105529e-01 9.164659e-01 9.214141e-01 9.258056e-01 9.290274e-01 9.382325e-01 9.404997e-01 9.462359e-01 9.601914e-01 9.617175e-01 9.653219e-01 9.781272e-01 9.831777e-01 9.890962e-01 9.930594e-01 9.994188e-01 1.012212e+00 1.037527e+00 1.056002e+00 1.095811e+00 1.150563e+00 
92 1289 1.695956e-01 1.147599e+00 8.516542e-01 8.516542e-01 8.569912e-01 8.630504e-01 8.742518e-01 8.762358e-01 8.773658e-01 8.817449e-01 8.860295e-01 8.883335e-01 8.935446e-01 8.967093e-01 9.018064e-01 9.055029e-01 9.099729e-01 9.159077e-01 9.197115e-01 9.253882e-01 9.291096e-01 9.359926e-01 9.395271e-01 9.468979e-01 9.585188e-01 9.638102e-01 9.705279e-01 9.776332e-01 9.811705e-01 9.879337e-01 9.954114e-01 9.970379e-01 1.011474e+00 1.036067e+00 1.055597e+00 1.093581e+00 1.147599e+00 
93 1303 1.634683e-01 1.147596e+00 8.503917e-01 8.503917e-01 8.556811e-01 8.662871e-01 8.725626e-01 8.742383e-01 8.756557e-01 8.802847e-01 8.844230e-01 8.864881e-01 8.926129e-01 8.956597e-01 9.011868e-01 9.044694e-01 9.081225e-01 9.153673e-01 9.203203e-01 9.229853e-01 9.283657e-01 9.338358e-01 9.401237e-01 9.467310e-01 9.567207e-01 9.628647e-01 9.711674e-01 9.786732e-01 9.818281e-01 9.860183e-01 9.944743e-01 1.002114e+00 1.012709e+00 1.036163e+00 1.054970e+00 1.094958e+00 1.147596e+00 
94 1317 1.559010e-01 1.147368e+00 8.493980e-01 8.493980e-01 8.539429e-01 8.647548e-01 8.718998e-01 8.733053e-01 8.750888e-01 8.792479e-01 8.835014e-01 8.853137e-01 8.912983e-01 8.957977e-01 8.996316e-01 9.034361e-01 9.068756e-01 9.138057e-01 9.195909e-01 9.225635e-01 9.286861e-01 9.340397e-01 9.384621e-01 9.481900e-01 9.549175e-01 9.622052e-01 9.703604e-01 9.785107e-01 9.805706e-01 9.839812e-01 9.962153e-01 1.001178e+00 1.011294e+00 1.034592e+00 1.053550e+00 1.094680e+00 1.147368e+00 
95 1331 1.521924e-01 1.147140e+00 8.478639e-01 8.478639e-01 8.519602e-01 8.634196e-01 8.699484e-01 8.719350e-01 8.732634e-01 8.773662e-01 8.824213e-01 8.840926e-01 8.898673e-01 8.948794e-01 8.995523e-01 9.024115e-01 9.104147e-01 9.118250e-01 9.188899e-01 9.237120e-01 9.295416e-01 9.324906e-01 9.367209e-01 9.514419e-01 9.529052e-01 9.619198e-01 9.681259e-01 9.783041e-01 9.820304e-01 9.874593e-01 9.963810e-01 1.001287e+00 1.011356e+00 1.034383e+00 1.051968e+00 1.093157e+00 1.147140e+00 
96 1345 2.033922e-01 1.144719e+00 8.458852e-01 8.458852e-01 8.501434e-01 8.619179e-01 8.688564e-01 8.698644e-01 8.719915e-01 8.766720e-01 8.814156e-01 8.831518e-01 8.886927e-01 8.942184e-01 8.982313e-01 9.029471e-01 9.092942e-01 9.108503e-01 9.169510e-01 9.238682e-01 9.277883e-01 9.318021e-01 9.346316e-01 9.509605e-01 9.532990e-01 9.602466e-01 9.673375e-01 9.764862e-01 9.802991e-01 9.872339e-01 9.955831e-01 1.001281e+00 1.010503e+00 1.034552e+00 1.051780e+00 1.091044e+00 1.144719e+00 
97 1359 1.929088e-01 1.143318e+00 8.452108e-01 8.452108e-01 8.491487e-01 8.608081e-01 8.684722e-01 8.686103e-01 8.706463e-01 8.756112e-01 8.796244e-01 8.812635e-01 8.868381e-01 8.935710e-01 8.966237e-01 9.037576e-01 9.096372e-01 9.114637e-01 9.155078e-01 9.225798e-01 9.294341e-01 9.302884e-01 9.336323e-01 9.489604e-01 9.533207e-01 9.590923e-01 9.669650e-01 9.756142e-01 9.794020e-01 9.859249e-01 9.945387e-01 1.001298e+00 1.011227e+00 1.034015e+00 1.050128e+00 1.089573e+00 1.143318e+00 
98 1373 1.824296e-01 1.143304e+00 8.448469e-01 8.448469e-01 8.487235e-01 8.601584e-01 8.666460e-01 8.677274e-01 8.694849e-01 8.759372e-01 8.786363e-01 8.804172e-01 8.894069e-01 8.932478e-01 8.968171e-01 9.031041e-01 9.092191e-01 9.116591e-01 9.145186e-01 9.210914e-01 9.281903e-01 9.308960e-01 9.330851e-01 9.475207e-01 9.532628e-01 9.577176e-01 9.659386e-01 9.737325e-01 9.783163e-01 9.869326e-01 9.923628e-01 1.001667e+00 1.012136e+00 1.031421e+00 1.050726e+00 1.095134e+00 1.143304e+00 
99 1387 1.703013e-01 1.141209e+00 8.432495e-01 8.432495e-01 8.491112e-01 8.590304e-01 8.654516e-01 8.663639e-01 8.676335e-01 8.752743e-01 8.767075e-01 8.810435e-01 8.889927e-01 8.923624e-01 8.956602e-01 9.030365e-01 9.071886e-01 9.116725e-01 9.135044e-01 9.210325e-01 9.262690e-01 9.308604e-01 9.315399e-01 9.466670e-01 9.517913e-01 9.583035e-01 9.648606e-01 9.720172e-01 9.775749e-01 9.862983e-01 9.907652e-01 1.002403e+00 1.012335e+00 1.030261e+00 1.052190e+00 1.093811e+00 1.141209e+00 
100 1401 1.617185e-01 1.140526e+00 8.425684e-01 8.425684e-01 8.478227e-01 8.572518e-01 8.642907e-01 8.661374e-01 8.662777e-01 8.743734e-01 8.762955e-01 8.794506e-01 8.898063e-01 8.915860e-01 8.941256e-01 9.013328e-01 9.057313e-01 9.106393e-01 9.122126e-01 9.204689e-01 9.241786e-01 9.293710e-01 9.300377e-01 9.449816e-01 9.502769e-01 9.566646e-01 9.644587e-01 9.725972e-01 9.762959e-01 9.861817e-01 9.888082e-01 1.003790e+00 1.009989e+00 1.030457e+00 1.051441e+00 1.092422e+00 1.140526e+00 
101 1415 2.183491e-01 1.137908e+00 8.406470e-01 8.406470e-01 8.480123e-01 8.576281e-01 8.639590e-01 8.648776e-01 8.668527e-01 8.738917e-01 8.750364e-01 8.786435e-01 8.900341e-01 8.904633e-01 8.950838e-01 8.995478e-01 9.041475e-01 9.098342e-01 9.113079e-01 9.187500e-01 9.236148e-01 9.274327e-01 9.308714e-01 9.431194e-01 9.494284e-01 9.557786e-01 9.638284e-01 9.726325e-01 9.776318e-01 9.860354e-01 9.896192e-01 1.006697e+00 1.009005e+00 1.031392e+00 1.052817e+00 1.090662e+00 1.137908e+00 
102 1429 2.115864e-01 1.135861e+00 8.389166e-01 8.389166e-01 8.460305e-01 8.573217e-01 8.622525e-01 8.634767e-01 8.660049e-01 8.729795e-01 8.738613e-01 8.767664e-01 8.878352e-01 8.907133e-01 8.940027e-01 8.976323e-01 9.031776e-01 9.079189e-01 9.099485e-01 9.175357e-01 9.215970e-01 9.260089e-01 9.293496e-01 9.415473e-01 9.489803e-01 9.551448e-01 9.621294e-01 9.713392e-01 9.786197e-01 9.841757e-01 9.911571e-01 1.006392e+00 1.009505e+00 1.032409e+00 1.054617e+00 1.088825e+00 1.135861e+00 
103 1443 2.059345e-01 1.135317e+00 8.373126e-01 8.373126e-01 8.454027e-01 8.551735e-01 8.607612e-01 8.624427e-01 8.646471e-01 8.716406e-01 8.725504e-01 8.756173e-01 8.869193e-01 8.892738e-01 8.938627e-01 8.962102e-01 9.018286e-01 9.075054e-01 9.115230e-01 9.167640e-01 9.204882e-01 9.258102e-01 9.285461e-01 9.405136e-01 9.482573e-01 9.542975e-01 9.624872e-01 9.729030e-01 9.784356e-01 9.846126e-01 9.914538e-01 1.005713e+00 1.008527e+00 1.032529e+00 1.054656e+00 1.087726e+00 1.135317e+00 
104 1457 1.999174e-01 1.135883e+00 8.369989e-01 8.369989e-01 8.452124e-01 8.536272e-01 8.591812e-01 8.607905e-01 8.643957e-01 8.703647e-01 8.739356e-01 8.762072e-01 8.855189e-01 8.883237e-01 8.937350e-01 8.964082e-01 9.021958e-01 9.067042e-01 9.108119e-01 9.157372e-01 9.186217e-01 9.262830e-01 9.301265e-01 9.394870e-01 9.475218e-01 9.538220e-01 9.630414e-01 9.712276e-01 9.777919e-01 9.830544e-01 9.931062e-01 1.007814e+00 1.010976e+00 1.031411e+00 1.054027e+00 1.086775e+00 1.135883e+00 
105 1471 1.969890e-01 1.134904e+00 8.363039e-01 8.363039e-01 8.436608e-01 8.527134e-01 8.580843e-01 8.595959e-01 8.628885e-01 8.692372e-01 8.743935e-01 8.774746e-01 8.842773e-01 8.884699e-01 8.928262e-01 8.970899e-01 9.007270e-01 9.060116e-01 9.107125e-01 9.146396e-01 9.171629e-01 9.286029e-01 9.301673e-01 9.387235e-01 9.464258e-01 9.531650e-01 9.619008e-01 9.698384e-01 9.761568e-01 9.819996e-01 9.945147e-01 1.007405e+00 1.010286e+00 1.034720e+00 1.055062e+00 1.085277e+00 1.134904e+00 
106 1485 1.928574e-01 1.134484e+00 8.344286e-01 8.344286e-01 8.427726e-01 8.509745e-01 8.578921e-01 8.585458e-01 8.628905e-01 8.674372e-01 8.737718e-01 8.768528e-01 8.826278e-01 8.870603e-01 8.911851e-01 8.982684e-01 9.001932e-01 9.048965e-01 9.109072e-01 9.149366e-01 9.180880e-01 9.287331e-01 9.301216e-01 9.375296e-01 9.449836e-01 9.538907e-01 9.605856e-01 9.699975e-01 9.758526e-01 9.809713e-01 9.920138e-01 1.006157e+00 1.013413e+00 1.035641e+00 1.056432e+00 1.083101e+00 1.134484e+00 
107 1499 1.894123e-01 1.133849e+00 8.324232e-01 8.324232e-01 8.406728e-01 8.502311e-01 8.564833e-01 8.573142e-01 8.636932e-01 8.668143e-01 8.720055e-01 8.752127e-01 8.823467e-01 8.855496e-01 8.891025e-01 8.979866e-01 8.993914e-01 9.032057e-01 9.122885e-01 9.144174e-01 9.174640e-01 9.271143e-01 9.297854e-01 9.392144e-01 9.436276e-01 9.530415e-01 9.596946e-01 9.689443e-01 9.740085e-01 9.811629e-01 9.921260e-01 1.004738e+00 1.017544e+00 1.034868e+00 1.059809e+00 1.082156e+00 1.133849e+00 
108 1513 1.842297e-01 1.134654e+00 8.303209e-01 8.303209e-01 8.399120e-01 8.488694e-01 8.546671e-01 8.554246e-01 8.619490e-01 8.655222e-01 8.711705e-01 8.741589e-01 8.808784e-01 8.863352e-01 8.872190e-01 8.962724e-01 8.994103e-01 9.027405e-01 9.109724e-01 9.148826e-01 9.174573e-01 9.258007e-01 9.293063e-01 9.377071e-01 9.422665e-01 9.522580e-01 9.591177e-01 9.706838e-01 9.755100e-01 9.823811e-01 9.936641e-01 1.003921e+00 1.020483e+00 1.034344e+00 1.063471e+00 1.079964e+00 1.134654e+00 
109 1527 1.777651e-01 1.133308e+00 8.285053e-01 8.285053e-01 8.385919e-01 8.474386e-01 8.528120e-01 8.533617e-01 8.615128e-01 8.650393e-01 8.707005e-01 8.730846e-01 8.799977e-01 8.854573e-01 8.872657e-01 8.953574e-01 8.999112e-01 9.016285e-01 9.087847e-01 9.133530e-01 9.175866e-01 9.252022e-01 9.291043e-01 9.360802e-01 9.450169e-01 9.506742e-01 9.588230e-01 9.710948e-01 9.739011e-01 9.829391e-01 9.947448e-01 1.002921e+00 1.019777e+00 1.036129e+00 1.064108e+00 1.079053e+00 1.133308e+00 
110 1541 1.703780e-01 1.131839e+00 8.270232e-01 8.270232e-01 8.367519e-01 8.460080e-01 8.508057e-01 8.531081e-01 8.608609e-01 8.649092e-01 8.713772e-01 8.724555e-01 8.808205e-01 8.836149e-01 8.861415e-01 8.944094e-01 8.983919e-01 9.006458e-01 9.077913e-01 9.117054e-01 9.169693e-01 9.238638e-01 9.272647e-01 9.363837e-01 9.447758e-01 9.504134e-01 9.577330e-01 9.694823e-01 9.760375e-01 9.849649e-01 9.941539e-01 1.001766e+00 1.020838e+00 1.035288e+00 1.068004e+00 1.077133e+00 1.131839e+00 
111 1555 2.280388e-01 1.130687e+00 8.262288e-01 8.262288e-01 8.349321e-01 8.451433e-01 8.494917e-01 8.518386e-01 8.586997e-01 8.642935e-01 8.692137e-01 8.711998e-01 8.813643e-01 8.819642e-01 8.838217e-01 8.926499e-01 8.977090e-01 8.988800e-01 9.087666e-01 9.103469e-01 9.162930e-01 9.237688e-01 9.264145e-01 9.350438e-01 9.438770e-01 9.496043e-01 9.562126e-01 9.708878e-01 9.746001e-01 9.825437e-01 9.963286e-01 1.000852e+00 1.019975e+00 1.034056e+00 1.068164e+00 1.077637e+00 1.130687e+00 
112 1569 2.185868e-01 1.128439e+00 8.262108e-01 8.262108e-01 8.344612e-01 8.435608e-01 8.479500e-01 8.509531e-01 8.572601e-01 8.625219e-01 8.682888e-01 8.700594e-01 8.794319e-01 8.812925e-01 8.832153e-01 8.927809e-01 8.979028e-01 8.996499e-01 9.071604e-01 9.090837e-01 9.162989e-01 9.230231e-01 9.254337e-01 9.355358e-01 9.422254e-01 9.504558e-01 9.563515e-01 9.687077e-01 9.730690e-01 9.812947e-01 9.972568e-01 1.000075e+00 1.018939e+00 1.032318e+00 1.068587e+00 1.077524e+00 1.128439e+00 
113 1583 2.108063e-01 1.127026e+00 8.259148e-01 8.259148e-01 8.336891e-01 8.422780e-01 8.471208e-01 8.496384e-01 8.558506e-01 8.609484e-01 8.670874e-01 8.696933e-01 8.783110e-01 8.804509e-01 8.826272e-01 8.912011e-01 8.959398e-01 8.978894e-01 9.056941e-01 9.094462e-01 9.156948e-01 9.234878e-01 9.259669e-01 9.347640e-01 9.412872e-01 9.493213e-01 9.570471e-01 9.672904e-01 9.724568e-01 9.817630e-01 9.957640e-01 9.984283e-01 1.017492e+00 1.029943e+00 1.068253e+00 1.076135e+00 1.127026e+00 
114 1597 2.021042e-01 1.127018e+00 8.247600e-01 8.247600e-01 8.339909e-01 8.405775e-01 8.459679e-01 8.497485e-01 8.547080e-01 8.588300e-01 8.663961e-01 8.676818e-01 8.764873e-01 8.792730e-01 8.826545e-01 8.899570e-01 8.939772e-01 8.960268e-01 9.052403e-01 9.096250e-01 9.157399e-01 9.222052e-01 9.240069e-01 9.369829e-01 9.418606e-01 9.486085e-01 9.583690e-01 9.678117e-01 9.717623e-01 9.803946e-01 9.961485e-01 9.981686e-01 1.017238e+00 1.028654e+00 1.068418e+00 1.074901e+00 1.127018e+00 
115 1611 1.932986e-01 1.125293e+00 8.243532e-01 8.243532e-01 8.329370e-01 8.401727e-01 8.454414e-01 8.498427e-01 8.528850e-01 8.577443e-01 8.643359e-01 8.664891e-01 8.762544e-01 8.799739e-01 8.839320e-01 8.882446e-01 8.934949e-01 8.965398e-01 9.030743e-01 9.079920e-01 9.157429e-01 9.211619e-01 9.238296e-01 9.373363e-01 9.400899e-01 9.485180e-01 9.573118e-01 9.675611e-01 9.725598e-01 9.786416e-01 9.947901e-01 9.982303e-01 1.017482e+00 1.027626e+00 1.068357e+00 1.075624e+00 1.125293e+00 
116 1625 1.871139e-01 1.125201e+00 8.231092e-01 8.231092e-01 8.326869e-01 8.406027e-01 8.450178e-01 8.485314e-01 8.535334e-01 8.556743e-01 8.629208e-01 8.661771e-01 8.749646e-01 8.802269e-01 8.847150e-01 8.873104e-01 8.926566e-01 8.960612e-01 9.009237e-01 9.066282e-01 9.157817e-01 9.209003e-01 9.225694e-01 9.373643e-01 9.391451e-01 9.481314e-01 9.552592e-01 9.659277e-01 9.721426e-01 9.784780e-01 9.930211e-01 9.971030e-01 1.018241e+00 1.028268e+00 1.067925e+00 1.075680e+00 1.125201e+00 
117 1639 1.849977e-01 1.126620e+00 8.214242e-01 8.214242e-01 8.324605e-01 8.394679e-01 8.439624e-01 8.476799e-01 8.517114e-01 8.545727e-01 8.606594e-01 8.647305e-01 8.748640e-01 8.785898e-01 8.839896e-01 8.871120e-01 8.910282e-01 8.963870e-01 9.027121e-01 9.054640e-01 9.136543e-01 9.198602e-01 9.224390e-01 9.360638e-01 9.380138e-01 9.459249e-01 9.540548e-01 9.676662e-01 9.729581e-01 9.783220e-01 9.946216e-01 1.001468e+00 1.017614e+00 1.031577e+00 1.066231e+00 1.074626e+00 1.126620e+00 
118 1653 1.813806e-01 1.124962e+00 8.196336e-01 8.196336e-01 8.327133e-01 8.395601e-01 8.434860e-01 8.485273e-01 8.505897e-01 8.534378e-01 8.585063e-01 8.627158e-01 8.740635e-01 8.781353e-01 8.850774e-01 8.866888e-01 8.895497e-01 8.966006e-01 9.012419e-01 9.051867e-01 9.119566e-01 9.193960e-01 9.216312e-01 9.348660e-01 9.417243e-01 9.485923e-01 9.563826e-01 9.691422e-01 9.721558e-01 9.776681e-01 9.933872e-01 1.001148e+00 1.017573e+00 1.036653e+00 1.065659e+00 1.074369e+00 1.124962e+00 
119 1667 1.750266e-01 1.122884e+00 8.179033e-01 8.179033e-01 8.309741e-01 8.401524e-01 8.416505e-01 8.476176e-01 8.491952e-01 8.533044e-01 8.584637e-01 8.618292e-01 8.726095e-01 8.773858e-01 8.845469e-01 8.856276e-01 8.892254e-01 8.962372e-01 8.995203e-01 9.069272e-01 9.122116e-01 9.184604e-01 9.200762e-01 9.334655e-01 9.403065e-01 9.482490e-01 9.554943e-01 9.682084e-01 9.707235e-01 9.766743e-01 9.914869e-01 9.999261e-01 1.019829e+00 1.041345e+00 1.064184e+00 1.073095e+00 1.122884e+00 
120 1681 1.711222e-01 1.127041e+00 8.180859e-01 8.180859e-01 8.291710e-01 8.387122e-01 8.427577e-01 8.473441e-01 8.498214e-01 8.518381e-01 8.579936e-01 8.603212e-01 8.708993e-01 8.764892e-01 8.841308e-01 8.843774e-01 8.886961e-01 8.947783e-01 8.984250e-01 9.063687e-01 9.114563e-01 9.174691e-01 9.185328e-01 9.342870e-01 9.396964e-01 9.474457e-01 9.575249e-01 9.660004e-01 9.709406e-01 9.782475e-01 9.896400e-01 9.986988e-01 1.018674e+00 1.042685e+00 1.062551e+00 1.073872e+00 1.127041e+00 
121 1695 1.646695e-01 1.126473e+00 8.162360e-01 8.162360e-01 8.285311e-01 8.384569e-01 8.406744e-01 8.464071e-01 8.489860e-01 8.506851e-01 8.566953e-01 8.601273e-01 8.687133e-01 8.749631e-01 8.826259e-01 8.835642e-01 8.867421e-01 8.936130e-01 8.982775e-01 9.051985e-01 9.103442e-01 9.162623e-01 9.213905e-01 9.343422e-01 9.399968e-01 9.455792e-01 9.585757e-01 9.640105e-01 9.699321e-01 9.803833e-01 9.891342e-01 1.000015e+00 1.019181e+00 1.043736e+00 1.062799e+00 1.071312e+00 1.126473e+00 
122 1709 1.594263e-01 1.128352e+00 8.144044e-01 8.144044e-01 8.268022e-01 8.371526e-01 8.399092e-01 8.463626e-01 8.483542e-01 8.490011e-01 8.550998e-01 8.603688e-01 8.673537e-01 8.734016e-01 8.818126e-01 8.823665e-01 8.869872e-01 8.946774e-01 8.975008e-01 9.038044e-01 9.095465e-01 9.169228e-01 9.210449e-01 9.338726e-01 9.402161e-01 9.450298e-01 9.589985e-01 9.650199e-01 9.701599e-01 9.828760e-01 9.910262e-01 9.981765e-01 1.020667e+00 1.043303e+00 1.061634e+00 1.071004e+00 1.128352e+00 
123 1723 1.531704e-01 1.128949e+00 8.137743e-01 8.137743e-01 8.258049e-01 8.368613e-01 8.394568e-01 8.449183e-01 8.466975e-01 8.511785e-01 8.537558e-01 8.607107e-01 8.661484e-01 8.736096e-01 8.801443e-01 8.811773e-01 8.856443e-01 8.945059e-01 8.978432e-01 9.018425e-01 9.092003e-01 9.156099e-01 9.214760e-01 9.339753e-01 9.385093e-01 9.434642e-01 9.592952e-01 9.640602e-01 9.686234e-01 9.821883e-01 9.940768e-01 1.000651e+00 1.018433e+00 1.041345e+00 1.059764e+00 1.074198e+00 1.128949e+00 
124 1737 2.055946e-01 1.130529e+00 8.135794e-01 8.135794e-01 8.240116e-01 8.366968e-01 8.380188e-01 8.437030e-01 8.464120e-01 8.505421e-01 8.527391e-01 8.601556e-01 8.665287e-01 8.733555e-01 8.786444e-01 8.825294e-01 8.841469e-01 8.939844e-01 8.961265e-01 8.997387e-01 9.105960e-01 9.143751e-01 9.199258e-01 9.343901e-01 9.367828e-01 9.464538e-01 9.580684e-01 9.635608e-01 9.669556e-01 9.867089e-01 9.928357e-01 9.985644e-01 1.016253e+00 1.040209e+00 1.058447e+00 1.075733e+00 1.130529e+00 
125 1751 1.969121e-01 1.129962e+00 8.121983e-01 8.121983e-01 8.234177e-01 8.356580e-01 8.373205e-01 8.433613e-01 8.449945e-01 8.491837e-01 8.513036e-01 8.591577e-01 8.647488e-01 8.719541e-01 8.787128e-01 8.828674e-01 8.850002e-01 8.936079e-01 8.948747e-01 8.977183e-01 9.097506e-01 9.148937e-01 9.193999e-01 9.328147e-01 9.365162e-01 9.469671e-01 9.620285e-01 9.630196e-01 9.653451e-01 9.850029e-01 9.910455e-01 9.963339e-01 1.015213e+00 1.037830e+00 1.056347e+00 1.075565e+00 1.129962e+00 
126 1765 1.895040e-01 1.129539e+00 8.109875e-01 8.109875e-01 8.217431e-01 8.350409e-01 8.380021e-01 8.428744e-01 8.434975e-01 8.485290e-01 8.493398e-01 8.582587e-01 8.627026e-01 8.702152e-01 8.785715e-01 8.813162e-01 8.846372e-01 8.923249e-01 8.938221e-01 8.975251e-01 9.081144e-01 9.144725e-01 9.172672e-01 9.314242e-01 9.364082e-01 9.459425e-01 9.605437e-01 9.610303e-01 9.638734e-01 9.828733e-01 9.896214e-01 9.963096e-01 1.015454e+00 1.036192e+00 1.056332e+00 1.076102e+00 1.129539e+00 
127 1779 1.828025e-01 1.130033e+00 8.091881e-01 8.091881e-01 8.217331e-01 8.347954e-01 8.366340e-01 8.410129e-01 8.420314e-01 8.463702e-01 8.480812e-01 8.573659e-01 8.623199e-01 8.685022e-01 8.776524e-01 8.813697e-01 8.833497e-01 8.911179e-01 8.928112e-01 8.973755e-01 9.062449e-01 9.160877e-01 9.183353e-01 9.296392e-01 9.365321e-01 9.475056e-01 9.599203e-01 9.618736e-01 9.627702e-01 9.807432e-01 9.882918e-01 9.956495e-01 1.014464e+00 1.035151e+00 1.053916e+00 1.082066e+00 1.130033e+00 
128 1793 1.749186e-01 1.132522e+00 8.075680e-01 8.075680e-01 8.198042e-01 8.333253e-01 8.355212e-01 8.393171e-01 8.411600e-01 8.450714e-01 8.474586e-01 8.560787e-01 8.614593e-01 8.683094e-01 8.765679e-01 8.797424e-01 8.849992e-01 8.912884e-01 8.932038e-01 8.966516e-01 9.048960e-01 9.144844e-01 9.185407e-01 9.281960e-01 9.363503e-01 9.479468e-01 9.589125e-01 9.602502e-01 9.618776e-01 9.790937e-01 9.877998e-01 9.960432e-01 1.018069e+00 1.034200e+00 1.055787e+00 1.081990e+00 1.132522e+00 
129 1807 1.697377e-01 1.134480e+00 8.064050e-01 8.064050e-01 8.179610e-01 8.322462e-01 8.352676e-01 8.385620e-01 8.399470e-01 8.459420e-01 8.508137e-01 8.551355e-01 8.610607e-01 8.666553e-01 8.751091e-01 8.812264e-01 8.861606e-01 8.897818e-01 8.922412e-01 8.959264e-01 9.037802e-01 9.141803e-01 9.201017e-01 9.303930e-01 9.363226e-01 9.505334e-01 9.573987e-01 9.601031e-01 9.670643e-01 9.776754e-01 9.891815e-01 9.952453e-01 1.017327e+00 1.033077e+00 1.053406e+00 1.079396e+00 1.134480e+00 
130 1821 1.623422e-01 1.136770e+00 8.044525e-01 8.044525e-01 8.163998e-01 8.309075e-01 8.336418e-01 8.381613e-01 8.396917e-01 8.447421e-01 8.501353e-01 8.532359e-01 8.608637e-01 8.646573e-01 8.738449e-01 8.809813e-01 8.845542e-01 8.878462e-01 8.905634e-01 8.956577e-01 9.030503e-01 9.138469e-01 9.207872e-01 9.295472e-01 9.359749e-01 9.495787e-01 9.553831e-01 9.579052e-01 9.663842e-01 9.759689e-01 9.898686e-01 9.958758e-01 1.015331e+00 1.034140e+00 1.052937e+00 1.079741e+00 1.136770e+00 
131 1835 2.176543e-01 1.135531e+00 8.028146e-01 8.028146e-01 8.147994e-01 8.298662e-01 8.320585e-01 8.365407e-01 8.406571e-01 8.436090e-01 8.486148e-01 8.522315e-01 8.602235e-01 8.641961e-01 8.734876e-01 8.797746e-01 8.826919e-01 8.890921e-01 8.899020e-01 8.961067e-01 9.012550e-01 9.124528e-01 9.200275e-01 9.278286e-01 9.383321e-01 9.480716e-01 9.561646e-01 9.570864e-01 9.659785e-01 9.760340e-01 9.889679e-01 9.963771e-01 1.014643e+00 1.033041e+00 1.052320e+00 1.077904e+00 1.135531e+00 
132 1849 2.103548e-01 1.137562e+00 8.017170e-01 8.017170e-01 8.131181e-01 8.276900e-01 8.305553e-01 8.347562e-01 8.397805e-01 8.427131e-01 8.473316e-01 8.524550e-01 8.604669e-01 8.634999e-01 8.729034e-01 8.779370e-01 8.819268e-01 8.872598e-01 8.882783e-01 8.957349e-01 9.011736e-01 9.124787e-01 9.241957e-01 9.286206e-01 9.396199e-01 9.478341e-01 9.543592e-01 9.560265e-01 9.650548e-01 9.769092e-01 9.879609e-01 9.960320e-01 1.014274e+00 1.030908e+00 1.052266e+00 1.077773e+00 1.137562e+00 
133 1863 2.002554e-01 1.137539e+00 8.001701e-01 8.001701e-01 8.140709e-01 8.272524e-01 8.290866e-01 8.337107e-01 8.390103e-01 8.409095e-01 8.472826e-01 8.511282e-01 8.603642e-01 8.634972e-01 8.711563e-01 8.766271e-01 8.814378e-01 8.853872e-01 8.869328e-01 8.940401e-01 9.004569e-01 9.119102e-01 9.232273e-01 9.283006e-01 9.385697e-01 9.460793e-01 9.535521e-01 9.563515e-01 9.647092e-01 9.766022e-01 9.868157e-01 9.945281e-01 1.012793e+00 1.029578e+00 1.052440e+00 1.077694e+00 1.137539e+00 
134 1877 1.912332e-01 1.136958e+00 8.004275e-01 8.004275e-01 8.135241e-01 8.264487e-01 8.272398e-01 8.356308e-01 8.386660e-01 8.407048e-01 8.458616e-01 8.498786e-01 8.586207e-01 8.619223e-01 8.700084e-01 8.752895e-01 8.799953e-01 8.840780e-01 8.853465e-01 8.933746e-01 8.990855e-01 9.114528e-01 9.231296e-01 9.275069e-01 9.400087e-01 9.460060e-01 9.516063e-01 9.545548e-01 9.634796e-01 9.769282e-01 9.866868e-01 9.945466e-01 1.013144e+00 1.031679e+00 1.051604e+00 1.077876e+00 1.136958e+00 
135 1891 1.880545e-01 1.142788e+00 7.988171e-01 7.988171e-01 8.117826e-01 8.249307e-01 8.259202e-01 8.343016e-01 8.395276e-01 8.410810e-01 8.460635e-01 8.482477e-01 8.608999e-01 8.616388e-01 8.688918e-01 8.740083e-01 8.779166e-01 8.822791e-01 8.839421e-01 8.916933e-01 8.980265e-01 9.099585e-01 9.232230e-01 9.281409e-01 9.400592e-01 9.485632e-01 9.504418e-01 9.538850e-01 9.652972e-01 9.765321e-01 9.862975e-01 9.937733e-01 1.011403e+00 1.029646e+00 1.049144e+00 1.076688e+00 1.142788e+00 
136 1905 1.834874e-01 1.142409e+00 7.974901e-01 7.974901e-01 8.103009e-01 8.236508e-01 8.241551e-01 8.324538e-01 8.380041e-01 8.398756e-01 8.449527e-01 8.476146e-01 8.592108e-01 8.615354e-01 8.686503e-01 8.730808e-01 8.760706e-01 8.805300e-01 8.850906e-01 8.918447e-01 8.970842e-01 9.101172e-01 9.232977e-01 9.287122e-01 9.385346e-01 9.478940e-01 9.490637e-01 9.558204e-01 9.658470e-01 9.754913e-01 9.865659e-01 9.915393e-01 1.009721e+00 1.031635e+00 1.049105e+00 1.074277e+00 1.142409e+00 
137 1919 1.784140e-01 1.141730e+00 7.965797e-01 7.965797e-01 8.083592e-01 8.221720e-01 8.257169e-01 8.350786e-01 8.370482e-01 8.405002e-01 8.442320e-01 8.462107e-01 8.577304e-01 8.611480e-01 8.678533e-01 8.721983e-01 8.769386e-01 8.807316e-01 8.854206e-01 8.900443e-01 8.964650e-01 9.084870e-01 9.242436e-01 9.276621e-01 9.370482e-01 9.470100e-01 9.491360e-01 9.567151e-01 9.657252e-01 9.744035e-01 9.871527e-01 9.910378e-01 1.016202e+00 1.030282e+00 1.049326e+00 1.076969e+00 1.141730e+00 
138 1933 2.403155e-01 1.141815e+00 7.953710e-01 7.953710e-01 8.072202e-01 8.206298e-01 8.247293e-01 8.341509e-01 8.358810e-01 8.398272e-01 8.444403e-01 8.461054e-01 8.576606e-01 8.616000e-01 8.661917e-01 8.709876e-01 8.752004e-01 8.794505e-01 8.844891e-01 8.892302e-01 8.985913e-01 9.080724e-01 9.221934e-01 9.271681e-01 9.360734e-01 9.452991e-01 9.469423e-01 9.547010e-01 9.648745e-01 9.723452e-01 9.855773e-01 9.901953e-01 1.016188e+00 1.031004e+00 1.048057e+00 1.080436e+00 1.141815e+00 
139 1947 2.340286e-01 1.142213e+00 7.936029e-01 7.936029e-01 8.063397e-01 8.191214e-01 8.229069e-01 8.321344e-01 8.346524e-01 8.390769e-01 8.438825e-01 8.441783e-01 8.562604e-01 8.616585e-01 8.662180e-01 8.699603e-01 8.747063e-01 8.792488e-01 8.873712e-01 8.888120e-01 8.967374e-01 9.076151e-01 9.209503e-01 9.263502e-01 9.343282e-01 9.431179e-01 9.451784e-01 9.543129e-01 9.661051e-01 9.733455e-01 9.853332e-01 9.909870e-01 1.015208e+00 1.029126e+00 1.045820e+00 1.081286e+00 1.142213e+00 
140 1961 2.270297e-01 1.141890e+00 7.923823e-01 7.923823e-01 8.051930e-01 8.178339e-01 8.208608e-01 8.310626e-01 8.336512e-01 8.393345e-01 8.428012e-01 8.443593e-01 8.542839e-01 8.605631e-01 8.642053e-01 8.689619e-01 8.732861e-01 8.775690e-01 8.865339e-01 8.877741e-01 8.953251e-01 9.062804e-01 9.199860e-01 9.247328e-01 9.338627e-01 9.430505e-01 9.457745e-01 9.551729e-01 9.673091e-01 9.725969e-01 9.844834e-01 9.897403e-01 1.014056e+00 1.028378e+00 1.045652e+00 1.081163e+00 1.141890e+00 
141 1975 2.212721e-01 1.141753e+00 7.914263e-01 7.914263e-01 8.035443e-01 8.160320e-01 8.189013e-01 8.303316e-01 8.318307e-01 8.382392e-01 8.417313e-01 8.446149e-01 8.541948e-01 8.595572e-01 8.634121e-01 8.688996e-01 8.723672e-01 8.779226e-01 8.850272e-01 8.877971e-01 8.934804e-01 9.042808e-01 9.190606e-01 9.235435e-01 9.336531e-01 9.416254e-01 9.468336e-01 9.545871e-01 9.663902e-01 9.753887e-01 9.845835e-01 9.880445e-01 1.013755e+00 1.030995e+00 1.043627e+00 1.079360e+00 1.141753e+00 
142 1989 2.125454e-01 1.142820e+00 7.909500e-01 7.909500e-01 8.025962e-01 8.175924e-01 8.197953e-01 8.287567e-01 8.306605e-01 8.369203e-01 8.398956e-01 8.426112e-01 8.534196e-01 8.601438e-01 8.619707e-01 8.683081e-01 8.719321e-01 8.760443e-01 8.834606e-01 8.889893e-01 8.919329e-01 9.053100e-01 9.184423e-01 9.220094e-01 9.316089e-01 9.408449e-01 9.462129e-01 9.531055e-01 9.646031e-01 9.755367e-01 9.849448e-01 9.865718e-01 1.013989e+00 1.031420e+00 1.044366e+00 1.078402e+00 1.142820e+00 
143 2003 2.079823e-01 1.140898e+00 7.918813e-01 7.918813e-01 8.018192e-01 8.166439e-01 8.187064e-01 8.281979e-01 8.316985e-01 8.353038e-01 8.389610e-01 8.410683e-01 8.512890e-01 8.591616e-01 8.605537e-01 8.702115e-01 8.717773e-01 8.745054e-01 8.817204e-01 8.875059e-01 8.920760e-01 9.055012e-01 9.171346e-01 9.218541e-01 9.299297e-01 9.398160e-01 9.441512e-01 9.517226e-01 9.657753e-01 9.793678e-01 9.833306e-01 9.852554e-01 1.013147e+00 1.032658e+00 1.042593e+00 1.076712e+00 1.140898e+00 
144 2017 2.005071e-01 1.138497e+00 7.904544e-01 7.904544e-01 8.019027e-01 8.150983e-01 8.182763e-01 8.275612e-01 8.300805e-01 8.348453e-01 8.390064e-01 8.413678e-01 8.518151e-01 8.585220e-01 8.609327e-01 8.685540e-01 8.713545e-01 8.745253e-01 8.816289e-01 8.875332e-01 8.919580e-01 9.038423e-01 9.170405e-01 9.212962e-01 9.288668e-01 9.383699e-01 9.424211e-01 9.503641e-01 9.643888e-01 9.802982e-01 9.834596e-01 9.846110e-01 1.012168e+00 1.034485e+00 1.041319e+00 1.075166e+00 1.138497e+00 
145 2031 1.926656e-01 1.136520e+00 7.896469e-01 7.896469e-01 8.017570e-01 8.132859e-01 8.169544e-01 8.264122e-01 8.282165e-01 8.333194e-01 8.383928e-01 8.421599e-01 8.516168e-01 8.566452e-01 8.597845e-01 8.684991e-01 8.700403e-01 8.728945e-01 8.798517e-01 8.870033e-01 8.900906e-01 9.056842e-01 9.152466e-01 9.203409e-01 9.283446e-01 9.380774e-01 9.409561e-01 9.481814e-01 9.635926e-01 9.793556e-01 9.823818e-01 9.829107e-01 1.011528e+00 1.037171e+00 1.041273e+00 1.077331e+00 1.136520e+00 
146 2045 1.857664e-01 1.134279e+00 7.885602e-01 7.885602e-01 7.998037e-01 8.121118e-01 8.182025e-01 8.252186e-01 8.307484e-01 8.322281e-01 8.371765e-01 8.407957e-01 8.498729e-01 8.556277e-01 8.593062e-01 8.667148e-01 8.691884e-01 8.731422e-01 8.787574e-01 8.861597e-01 8.916540e-01 9.036588e-01 9.133556e-01 9.202485e-01 9.279467e-01 9.365867e-01 9.399397e-01 9.469503e-01 9.642397e-01 9.789227e-01 9.804240e-01 9.824890e-01 1.009284e+00 1.038039e+00 1.039250e+00 1.076539e+00 1.134279e+00 
147 2059 1.782609e-01 1.132687e+00 7.877146e-01 7.877146e-01 7.980886e-01 8.110635e-01 8.167593e-01 8.232604e-01 8.299834e-01 8.323897e-01 8.363359e-01 8.395208e-01 8.482625e-01 8.548377e-01 8.603078e-01 8.662288e-01 8.672511e-01 8.718523e-01 8.770103e-01 8.849278e-01 8.914370e-01 9.026427e-01 9.129333e-01 9.186385e-01 9.292417e-01 9.346932e-01 9.380571e-01 9.462110e-01 9.628673e-01 9.787192e-01 9.799642e-01 9.808645e-01 1.008757e+00 1.037622e+00 1.040112e+00 1.075288e+00 1.132687e+00 
148 2073 2.409430e-01 1.129680e+00 7.862596e-01 7.862596e-01 7.966428e-01 8.104046e-01 8.161307e-01 8.222717e-01 8.292650e-01 8.330403e-01 8.360933e-01 8.400703e-01 8.474263e-01 8.552410e-01 8.593930e-01 8.647251e-01 8.664736e-01 8.702588e-01 8.776915e-01 8.840504e-01 8.918290e-01 9.010465e-01 9.147982e-01 9.167400e-01 9.306772e-01 9.339875e-01 9.377497e-01 9.451988e-01 9.641027e-01 9.778010e-01 9.800039e-01 9.852324e-01 1.007466e+00 1.036733e+00 1.041343e+00 1.076755e+00 1.129680e+00 
149 2087 2.314804e-01 1.127119e+00 7.851969e-01 7.851969e-01 7.950457e-01 8.092410e-01 8.146052e-01 8.212402e-01 8.285192e-01 8.323639e-01 8.375319e-01 8.399639e-01 8.459478e-01 8.540267e-01 8.582056e-01 8.632777e-01 8.646010e-01 8.746624e-01 8.803201e-01 8.818433e-01 8.912700e-01 9.004385e-01 9.140674e-01 9.168275e-01 9.308828e-01 9.337017e-01 9.359360e-01 9.446367e-01 9.626253e-01 9.782614e-01 9.791390e-01 9.867334e-01 1.006600e+00 1.036859e+00 1.042187e+00 1.077892e+00 1.127119e+00 
150 2101 2.225326e-01 1.124628e+00 7.836785e-01 7.836785e-01 7.941216e-01 8.083475e-01 8.125805e-01 8.201049e-01 8.266428e-01 8.318262e-01 8.366371e-01 8.384897e-01 8.466528e-01 8.532746e-01 8.582222e-01 8.625212e-01 8.659099e-01 8.746066e-01 8.786815e-01 8.803799e-01 8.917161e-01 8.999713e-01 9.139557e-01 9.179923e-01 9.304330e-01 9.338284e-01 9.354621e-01 9.464844e-01 9.652567e-01 9.775258e-01 9.811562e-01 9.903413e-01 1.004814e+00 1.037058e+00 1.041236e+00 1.075992e+00 1.124628e+00 
151 2115 2.159627e-01 1.122839e+00 7.831586e-01 7.831586e-01 7.954438e-01 8.066073e-01 8.134325e-01 8.192426e-01 8.256197e-01 8.301293e-01 8.384608e-01 8.387220e-01 8.470148e-01 8.527004e-01 8.585209e-01 8.633086e-01 8.652058e-01 8.747274e-01 8.776345e-01 8.804777e-01 8.910705e-01 8.980456e-01 9.127296e-01 9.170113e-01 9.289923e-01 9.332869e-01 9.369989e-01 9.454451e-01 9.652870e-01 9.758992e-01 9.794053e-01 9.900092e-01 1.002781e+00 1.036469e+00 1.042099e+00 1.075788e+00 1.122839e+00 
152 2129 2.081993e-01 1.122516e+00 7.815961e-01 7.815961e-01 7.937056e-01 8.055069e-01 8.126283e-01 8.183906e-01 8.264776e-01 8.298263e-01 8.381732e-01 8.401573e-01 8.462568e-01 8.522733e-01 8.571048e-01 8.627742e-01 8.636863e-01 8.728003e-01 8.795980e-01 8.809140e-01 8.892495e-01 8.973675e-01 9.119488e-01 9.181523e-01 9.274049e-01 9.322024e-01 9.368060e-01 9.454532e-01 9.653620e-01 9.745152e-01 9.777472e-01 9.909918e-01 1.001578e+00 1.033958e+00 1.042026e+00 1.075113e+00 1.122516e+00 
153 2143 2.013725e-01 1.120482e+00 7.798020e-01 7.798020e-01 7.945696e-01 8.059191e-01 8.135041e-01 8.174679e-01 8.258571e-01 8.281023e-01 8.364524e-01 8.389976e-01 8.454029e-01 8.514958e-01 8.569061e-01 8.618234e-01 8.624836e-01 8.709615e-01 8.784458e-01 8.808605e-01 8.875776e-01 8.979854e-01 9.109241e-01 9.166970e-01 9.273335e-01 9.321892e-01 9.366730e-01 9.454269e-01 9.639150e-01 9.727280e-01 9.819081e-01 9.901045e-01 1.000829e+00 1.034982e+00 1.041130e+00 1.075881e+00 1.120482e+00 
154 2157 1.970718e-01 1.118473e+00 7.782299e-01 7.782299e-01 7.938927e-01 8.077774e-01 8.126619e-01 8.160013e-01 8.240407e-01 8.282563e-01 8.355237e-01 8.372896e-01 8.454740e-01 8.497639e-01 8.555045e-01 8.611525e-01 8.621257e-01 8.694267e-01 8.764687e-01 8.808923e-01 8.856956e-01 8.983196e-01 9.117824e-01 9.178385e-01 9.270922e-01 9.319909e-01 9.368815e-01 9.438680e-01 9.620782e-01 9.705929e-01 9.816874e-01 9.920844e-01 1.000437e+00 1.033237e+00 1.041067e+00 1.075602e+00 1.118473e+00 
155 2171 1.907417e-01 1.118122e+00 7.768711e-01 7.768711e-01 7.920372e-01 8.063258e-01 8.112604e-01 8.144190e-01 8.225290e-01 8.279246e-01 8.342007e-01 8.369421e-01 8.450649e-01 8.515911e-01 8.552811e-01 8.600613e-01 8.633331e-01 8.710839e-01 8.789345e-01 8.809719e-01 8.839526e-01 8.962240e-01 9.103530e-01 9.173422e-01 9.264857e-01 9.311735e-01 9.367970e-01 9.439656e-01 9.617976e-01 9.690866e-01 9.816916e-01 9.924459e-01 1.000662e+00 1.033356e+00 1.042311e+00 1.075117e+00 1.118122e+00 
156 2185 1.834559e-01 1.116576e+00 7.767958e-01 7.767958e-01 7.929304e-01 8.057428e-01 8.101854e-01 8.144704e-01 8.210073e-01 8.273483e-01 8.345043e-01 8.357786e-01 8.445132e-01 8.505239e-01 8.549300e-01 8.592985e-01 8.627223e-01 8.692327e-01 8.773958e-01 8.815913e-01 8.838516e-01 8.954847e-01 9.084893e-01 9.173291e-01 9.252208e-01 9.292141e-01 9.392771e-01 9.421186e-01 9.615810e-01 9.673072e-01 9.802345e-01 9.921937e-01 9.990848e-01 1.032653e+00 1.039987e+00 1.074585e+00 1.116576e+00 
157 2199 1.782753e-01 1.116999e+00 7.751808e-01 7.751808e-01 7.914089e-01 8.055560e-01 8.090803e-01 8.140441e-01 8.230847e-01 8.257864e-01 8.334498e-01 8.351244e-01 8.445908e-01 8.500722e-01 8.549600e-01 8.612525e-01 8.618862e-01 8.684070e-01 8.759403e-01 8.798799e-01 8.844161e-01 8.937056e-01 9.077603e-01 9.177439e-01 9.240929e-01 9.289678e-01 9.379505e-01 9.409936e-01 9.597982e-01 9.665443e-01 9.784186e-01 9.913504e-01 9.988617e-01 1.034400e+00 1.040050e+00 1.077945e+00 1.116999e+00 
158 2213 1.708915e-01 1.117865e+00 7.737482e-01 7.737482e-01 7.907561e-01 8.046279e-01 8.075535e-01 8.137077e-01 8.222498e-01 8.240296e-01 8.328887e-01 8.336431e-01 8.438263e-01 8.504531e-01 8.548490e-01 8.610393e-01 8.628860e-01 8.697713e-01 8.756393e-01 8.808625e-01 8.839248e-01 8.939783e-01 9.101095e-01 9.176623e-01 9.232103e-01 9.273380e-01 9.382409e-01 9.445840e-01 9.577672e-01 9.654256e-01 9.787525e-01 9.904884e-01 9.990185e-01 1.034071e+00 1.038252e+00 1.075479e+00 1.117865e+00 
159 2227 1.629735e-01 1.118327e+00 7.739379e-01 7.739379e-01 7.901861e-01 8.040054e-01 8.073484e-01 8.120867e-01 8.208472e-01 8.228926e-01 8.311796e-01 8.320053e-01 8.428270e-01 8.491614e-01 8.531731e-01 8.589404e-01 8.661595e-01 8.682164e-01 8.765495e-01 8.814710e-01 8.839640e-01 8.919633e-01 9.087941e-01 9.164007e-01 9.245183e-01 9.273821e-01 9.372341e-01 9.443131e-01 9.556031e-01 9.666553e-01 9.798175e-01 9.897903e-01 9.984115e-01 1.032757e+00 1.037254e+00 1.072989e+00 1.118327e+00 
160 2241 2.181690e-01 1.117878e+00 7.726032e-01 7.726032e-01 7.885283e-01 8.040108e-01 8.070018e-01 8.106672e-01 8.200879e-01 8.219171e-01 8.300506e-01 8.315788e-01 8.417384e-01 8.472136e-01 8.519686e-01 8.576962e-01 8.645435e-01 8.673962e-01 8.766737e-01 8.804103e-01 8.832376e-01 8.926957e-01 9.067412e-01 9.145442e-01 9.242759e-01 9.266524e-01 9.386270e-01 9.468402e-01 9.538757e-01 9.644040e-01 9.804325e-01 9.893322e-01 9.969161e-01 1.031818e+00 1.037227e+00 1.071653e+00 1.117878e+00 
161 2255 2.093618e-01 1.118237e+00 7.712020e-01 7.712020e-01 7.875420e-01 8.027160e-01 8.060181e-01 8.098410e-01 8.184222e-01 8.204775e-01 8.291656e-01 8.316829e-01 8.398148e-01 8.475441e-01 8.508672e-01 8.576554e-01 8.633005e-01 8.660375e-01 8.754146e-01 8.791520e-01 8.820537e-01 8.909811e-01 9.067469e-01 9.139459e-01 9.254680e-01 9.281482e-01 9.380736e-01 9.467403e-01 9.528331e-01 9.641028e-01 9.789974e-01 9.903645e-01 9.963642e-01 1.029948e+00 1.035728e+00 1.068881e+00 1.118237e+00 
162 2269 2.014652e-01 1.117033e+00 7.710355e-01 7.710355e-01 7.874620e-01 8.012880e-01 8.043105e-01 8.093495e-01 8.179448e-01 8.194712e-01 8.276904e-01 8.313460e-01 8.379701e-01 8.463012e-01 8.526720e-01 8.561720e-01 8.632454e-01 8.673231e-01 8.735854e-01 8.776033e-01 8.851082e-01 8.913914e-01 9.061944e-01 9.135065e-01 9.243103e-01 9.274227e-01 9.381048e-01 9.471986e-01 9.515950e-01 9.623989e-01 9.804323e-01 9.893197e-01 9.970199e-01 1.027999e+00 1.034413e+00 1.071437e+00 1.117033e+00 
163 2283 1.971032e-01 1.116659e+00 7.701491e-01 7.701491e-01 7.865274e-01 8.006597e-01 8.035095e-01 8.089685e-01 8.172767e-01 8.180414e-01 8.267412e-01 8.315972e-01 8.372391e-01 8.451387e-01 8.511541e-01 8.559749e-01 8.621685e-01 8.675281e-01 8.724809e-01 8.788797e-01 8.872519e-01 8.896088e-01 9.053001e-01 9.126687e-01 9.225670e-01 9.254507e-01 9.368035e-01 9.489691e-01 9.510461e-01 9.618701e-01 9.786925e-01 9.889015e-01 9.993968e-01 1.026116e+00 1.036286e+00 1.070288e+00 1.116659e+00 
164 2297 1.921216e-01 1.116537e+00 7.695792e-01 7.695792e-01 7.858360e-01 7.995359e-01 8.023555e-01 8.074566e-01 8.155179e-01 8.164041e-01 8.255582e-01 8.313377e-01 8.356479e-01 8.441651e-01 8.493049e-01 8.557700e-01 8.625354e-01 8.665973e-01 8.729184e-01 8.777193e-01 8.877185e-01 8.890230e-01 9.033204e-01 9.135010e-01 9.224813e-01 9.260591e-01 9.361588e-01 9.483179e-01 9.494270e-01 9.636879e-01 9.792158e-01 9.877951e-01 9.977876e-01 1.024865e+00 1.035745e+00 1.069956e+00 1.116537e+00 
165 2311 1.883688e-01 1.118866e+00 7.706771e-01 7.706771e-01 7.858881e-01 7.980297e-01 8.011105e-01 8.066157e-01 8.138271e-01 8.180665e-01 8.234789e-01 8.302504e-01 8.339052e-01 8.431590e-01 8.489468e-01 8.537240e-01 8.617517e-01 8.670322e-01 8.724416e-01 8.759782e-01 8.860701e-01 8.896586e-01 9.051574e-01 9.134598e-01 9.210693e-01 9.249556e-01 9.359985e-01 9.467713e-01 9.504800e-01 9.630186e-01 9.768946e-01 9.870889e-01 9.972005e-01 1.024507e+00 1.037092e+00 1.067461e+00 1.118866e+00 
166 2325 1.855178e-01 1.120641e+00 7.715395e-01 7.715395e-01 7.866787e-01 7.971347e-01 8.008877e-01 8.064881e-01 8.123560e-01 8.175380e-01 8.245769e-01 8.292122e-01 8.326457e-01 8.425573e-01 8.480273e-01 8.542856e-01 8.608676e-01 8.654631e-01 8.712855e-01 8.743507e-01 8.862244e-01 8.889859e-01 9.048313e-01 9.124634e-01 9.189027e-01 9.255456e-01 9.349183e-01 9.451997e-01 9.489006e-01 9.626974e-01 9.763160e-01 9.857863e-01 9.972298e-01 1.023768e+00 1.041650e+00 1.066375e+00 1.120641e+00 
167 2339 1.832100e-01 1.120846e+00 7.702983e-01 7.702983e-01 7.854097e-01 7.961247e-01 7.998221e-01 8.070806e-01 8.106735e-01 8.189979e-01 8.274596e-01 8.292879e-01 8.314829e-01 8.417236e-01 8.461551e-01 8.534097e-01 8.607688e-01 8.678383e-01 8.704373e-01 8.778564e-01 8.844693e-01 8.901614e-01 9.043575e-01 9.118484e-01 9.192257e-01 9.255201e-01 9.335711e-01 9.433629e-01 9.490692e-01 9.617254e-01 9.741218e-01 9.856369e-01 9.969084e-01 1.024070e+00 1.042573e+00 1.065474e+00 1.120846e+00 
168 2353 1.794747e-01 1.120661e+00 7.693129e-01 7.693129e-01 7.845794e-01 7.954668e-01 7.982855e-01 8.059482e-01 8.128924e-01 8.176507e-01 8.269914e-01 8.310065e-01 8.321201e-01 8.431015e-01 8.451377e-01 8.512957e-01 8.593297e-01 8.677490e-01 8.689013e-01 8.768027e-01 8.864019e-01 8.902876e-01 9.032841e-01 9.122870e-01 9.221096e-01 9.256688e-01 9.340979e-01 9.420107e-01 9.489211e-01 9.597864e-01 9.728170e-01 9.842461e-01 9.961373e-01 1.023570e+00 1.042661e+00 1.065124e+00 1.120661e+00 
169 2367 2.433215e-01 1.122560e+00 7.681635e-01 7.681635e-01 7.832028e-01 7.938875e-01 7.989622e-01 8.053164e-01 8.115666e-01 8.157294e-01 8.252213e-01 8.313263e-01 8.329098e-01 8.432551e-01 8.436421e-01 8.498829e-01 8.591581e-01 8.668551e-01 8.702948e-01 8.763619e-01 8.855707e-01 8.902596e-01 9.018593e-01 9.130665e-01 9.221756e-01 9.240438e-01 9.359617e-01 9.408165e-01 9.500535e-01 9.576500e-01 9.705409e-01 9.819156e-01 9.945442e-01 1.022677e+00 1.042870e+00 1.063420e+00 1.122560e+00 
170 2381 2.362039e-01 1.122816e+00 7.675029e-01 7.675029e-01 7.821222e-01 7.926138e-01 7.993850e-01 8.037732e-01 8.101146e-01 8.148200e-01 8.261237e-01 8.302153e-01 8.324249e-01 8.422974e-01 8.441631e-01 8.495512e-01 8.574733e-01 8.657576e-01 8.680291e-01 8.764872e-01 8.845018e-01 8.889859e-01 9.007380e-01 9.113173e-01 9.210779e-01 9.236752e-01 9.368710e-01 9.409564e-01 9.503130e-01 9.564389e-01 9.700724e-01 9.834374e-01 9.974425e-01 1.022018e+00 1.044767e+00 1.061313e+00 1.122816e+00 
171 2395 2.327842e-01 1.120925e+00 7.671194e-01 7.671194e-01 7.810617e-01 7.913571e-01 7.984998e-01 8.025143e-01 8.099277e-01 8.140031e-01 8.246180e-01 8.309879e-01 8.344851e-01 8.404454e-01 8.425997e-01 8.477383e-01 8.562554e-01 8.636864e-01 8.674241e-01 8.762901e-01 8.829376e-01 8.915159e-01 9.009112e-01 9.100018e-01 9.208361e-01 9.229019e-01 9.380232e-01 9.430289e-01 9.504552e-01 9.567775e-01 9.681106e-01 9.825109e-01 9.964945e-01 1.022190e+00 1.054240e+00 1.061153e+00 1.120925e+00 
172 2409 2.275834e-01 1.124996e+00 7.667246e-01 7.667246e-01 7.804474e-01 7.897702e-01 7.969791e-01 8.019244e-01 8.084485e-01 8.126508e-01 8.243865e-01 8.302623e-01 8.336927e-01 8.385362e-01 8.421842e-01 8.470359e-01 8.553995e-01 8.630883e-01 8.675540e-01 8.753036e-01 8.859733e-01 8.899664e-01 9.012873e-01 9.091676e-01 9.191334e-01 9.212158e-01 9.381181e-01 9.437240e-01 9.495565e-01 9.555347e-01 9.664012e-01 9.808738e-01 9.962039e-01 1.022529e+00 1.058983e+00 1.062411e+00 1.124996e+00 
173 2423 2.202315e-01 1.125470e+00 7.654431e-01 7.654431e-01 7.790368e-01 7.879113e-01 7.951768e-01 8.010399e-01 8.067338e-01 8.110362e-01 8.230011e-01 8.292948e-01 8.326038e-01 8.365558e-01 8.423353e-01 8.454396e-01 8.541724e-01 8.623070e-01 8.676726e-01 8.738651e-01 8.840869e-01 8.893333e-01 8.999851e-01 9.077979e-01 9.176247e-01 9.218685e-01 9.375476e-01 9.431749e-01 9.494160e-01 9.538635e-01 9.644985e-01 9.790035e-01 9.984614e-01 1.021835e+00 1.060756e+00 1.067225e+00 1.125470e+00 
174 2437 2.116127e-01 1.125242e+00 7.645205e-01 7.645205e-01 7.786960e-01 7.862158e-01 7.941786e-01 8.003262e-01 8.060423e-01 8.113916e-01 8.215740e-01 8.307695e-01 8.315989e-01 8.348354e-01 8.418550e-01 8.440748e-01 8.532947e-01 8.617904e-01 8.671151e-01 8.726160e-01 8.832646e-01 8.890787e-01 8.995385e-01 9.058948e-01 9.174094e-01 9.207786e-01 9.370852e-01 9.417274e-01 9.482358e-01 9.531613e-01 9.621362e-01 9.771571e-01 9.965464e-01 1.020316e+00 1.060382e+00 1.069657e+00 1.125242e+00 
175 2451 2.068022e-01 1.131583e+00 7.629861e-01 7.629861e-01 7.780945e-01 7.849650e-01 7.930983e-01 7.998628e-01 8.048167e-01 8.096453e-01 8.201875e-01 8.298751e-01 8.303712e-01 8.338842e-01 8.414069e-01 8.442391e-01 8.532088e-01 8.606864e-01 8.660333e-01 8.717344e-01 8.818590e-01 8.895289e-01 9.007135e-01 9.048180e-01 9.163822e-01 9.197779e-01 9.381531e-01 9.416898e-01 9.470980e-01 9.511499e-01 9.615281e-01 9.764696e-01 9.953462e-01 1.019261e+00 1.059243e+00 1.072936e+00 1.131583e+00 
176 2465 2.000265e-01 1.133829e+00 7.617720e-01 7.617720e-01 7.765619e-01 7.840721e-01 7.918626e-01 7.986862e-01 8.033544e-01 8.100539e-01 8.196611e-01 8.284640e-01 8.287860e-01 8.343853e-01 8.418162e-01 8.461814e-01 8.527438e-01 8.599332e-01 8.655306e-01 8.714075e-01 8.818186e-01 8.880410e-01 8.997736e-01 9.070038e-01 9.149305e-01 9.191350e-01 9.372773e-01 9.397655e-01 9.462468e-01 9.520950e-01 9.596160e-01 9.785561e-01 9.935007e-01 1.017540e+00 1.057790e+00 1.074721e+00 1.133829e+00 
177 2479 1.879615e-01 1.137149e+00 7.606384e-01 7.606384e-01 7.767737e-01 7.833460e-01 7.913394e-01 7.978378e-01 8.034216e-01 8.094949e-01 8.179137e-01 8.269030e-01 8.280858e-01 8.338602e-01 8.402404e-01 8.454448e-01 8.526857e-01 8.596027e-01 8.645036e-01 8.718783e-01 8.811151e-01 8.862212e-01 8.993443e-01 9.087658e-01 9.136826e-01 9.215066e-01 9.361730e-01 9.381227e-01 9.467795e-01 9.511991e-01 9.579690e-01 9.789553e-01 9.935177e-01 1.016689e+00 1.056453e+00 1.074997e+00 1.137149e+00 
178 2493 1.782612e-01 1.136819e+00 7.596273e-01 7.596273e-01 7.749076e-01 7.816906e-01 7.906506e-01 7.960815e-01 8.030185e-01 8.080444e-01 8.197672e-01 8.254310e-01 8.287767e-01 8.323839e-01 8.387358e-01 8.452484e-01 8.518280e-01 8.583341e-01 8.626701e-01 8.749303e-01 8.797370e-01 8.863297e-01 8.998472e-01 9.071158e-01 9.134515e-01 9.199868e-01 9.347728e-01 9.378840e-01 9.451236e-01 9.501122e-01 9.581436e-01 9.769323e-01 9.941169e-01 1.014616e+00 1.055017e+00 1.073976e+00 1.136819e+00 
179 2507 1.716065e-01 1.138805e+00 7.594172e-01 7.594172e-01 7.749936e-01 7.806365e-01 7.889130e-01 7.943993e-01 8.027347e-01 8.066011e-01 8.183862e-01 8.240269e-01 8.277530e-01 8.313844e-01 8.371515e-01 8.440280e-01 8.508200e-01 8.580990e-01 8.622928e-01 8.768695e-01 8.794327e-01 8.859627e-01 8.990737e-01 9.054460e-01 9.120587e-01 9.187453e-01 9.325416e-01 9.379009e-01 9.434576e-01 9.486808e-01 9.620705e-01 9.756783e-01 9.940832e-01 1.012517e+00 1.053552e+00 1.073122e+00 1.138805e+00 
180 2521 2.327240e-01 1.140885e+00 7.589517e-01 7.589517e-01 7.743840e-01 7.790923e-01 7.891594e-01 7.939920e-01 8.026912e-01 8.060825e-01 8.167956e-01 8.226041e-01 8.262437e-01 8.325407e-01 8.362194e-01 8.436502e-01 8.517378e-01 8.569892e-01 8.612346e-01 8.776532e-01 8.810058e-01 8.850627e-01 8.979550e-01 9.037943e-01 9.105434e-01 9.169013e-01 9.304056e-01 9.374034e-01 9.433615e-01 9.474366e-01 9.608100e-01 9.742755e-01 9.948721e-01 1.012714e+00 1.051091e+00 1.077999e+00 1.140885e+00 
181 2535 2.257470e-01 1.140901e+00 7.582551e-01 7.582551e-01 7.729149e-01 7.789953e-01 7.887124e-01 7.925861e-01 8.012608e-01 8.062296e-01 8.171722e-01 8.208918e-01 8.250533e-01 8.313636e-01 8.360500e-01 8.441604e-01 8.499957e-01 8.604962e-01 8.612986e-01 8.760052e-01 8.791220e-01 8.834614e-01 8.963616e-01 9.038001e-01 9.115733e-01 9.149537e-01 9.292710e-01 9.361545e-01 9.421724e-01 9.475914e-01 9.615113e-01 9.724632e-01 9.943029e-01 1.011918e+00 1.050304e+00 1.077466e+00 1.140901e+00 
182 2549 2.176307e-01 1.140394e+00 7.573799e-01 7.573799e-01 7.719598e-01 7.772795e-01 7.893030e-01 7.918231e-01 8.008431e-01 8.060019e-01 8.162587e-01 8.222705e-01 8.250549e-01 8.319784e-01 8.348207e-01 8.433885e-01 8.487482e-01 8.587610e-01 8.602122e-01 8.756718e-01 8.777724e-01 8.820019e-01 8.964414e-01 9.029718e-01 9.117457e-01 9.152196e-01 9.285625e-01 9.364602e-01 9.428522e-01 9.456556e-01 9.609822e-01 9.716464e-01 9.964681e-01 1.010914e+00 1.048853e+00 1.080377e+00 1.140394e+00 
183 2563 2.111780e-01 1.142410e+00 7.565925e-01 7.565925e-01 7.707476e-01 7.792117e-01 7.880034e-01 7.902480e-01 8.000899e-01 8.044271e-01 8.149127e-01 8.210119e-01 8.257731e-01 8.306280e-01 8.329970e-01 8.436536e-01 8.481479e-01 8.574500e-01 8.586759e-01 8.745754e-01 8.791989e-01 8.826555e-01 8.950789e-01 9.024438e-01 9.112763e-01 9.188326e-01 9.303500e-01 9.351278e-01 9.426328e-01 9.459665e-01 9.625162e-01 9.717726e-01 9.971648e-01 1.010820e+00 1.048078e+00 1.080128e+00 1.142410e+00 
184 2577 2.046307e-01 1.141209e+00 7.552835e-01 7.552835e-01 7.697341e-01 7.775403e-01 7.871082e-01 7.898514e-01 8.004136e-01 8.033675e-01 8.157559e-01 8.193988e-01 8.247874e-01 8.294562e-01 8.314703e-01 8.428291e-01 8.478698e-01 8.556509e-01 8.569589e-01 8.747499e-01 8.792813e-01 8.821076e-01 8.937840e-01 9.008019e-01 9.121062e-01 9.175087e-01 9.306859e-01 9.342990e-01 9.421972e-01 9.442518e-01 9.623569e-01 9.710986e-01 9.973776e-01 1.009440e+00 1.047325e+00 1.079417e+00 1.141209e+00 
185 2591 3.834970e-01 1.140864e+00 7.548530e-01 7.548530e-01 7.692216e-01 7.769803e-01 7.854117e-01 7.891338e-01 7.991394e-01 8.026966e-01 8.150192e-01 8.179476e-01 8.238458e-01 8.287962e-01 8.308119e-01 8.416941e-01 8.474695e-01 8.552907e-01 8.559179e-01 8.732797e-01 8.775550e-01 8.819521e-01 8.917615e-01 9.016770e-01 9.114285e-01 9.161914e-01 9.296887e-01 9.347369e-01 9.427144e-01 9.441079e-01 9.649848e-01 9.697390e-01 9.959680e-01 1.007854e+00 1.046986e+00 1.080392e+00 1.140864e+00 
