%  columns="iteration, evaluation, sigma, max axis length, min axis length, all principle axes lengths (sorted square roots of eigenvalues of C)" (startseed=212640, 2023/08/16 7:32:40.40)
1 15 2.803060e-01 1.027863e+00 9.972581e-01 9.972581e-01 9.972581e-01 9.972581e-01 9.972581e-01 9.972581e-01 9.972581e-01 9.972581e-01 9.972581e-01 9.972581e-01 9.972581e-01 9.972581e-01 9.972581e-01 9.972581e-01 9.972581e-01 9.972581e-01 9.972581e-01 9.972581e-01 9.972581e-01 9.972581e-01 9.972581e-01 9.972581e-01 9.972581e-01 9.972581e-01 9.972581e-01 9.972581e-01 9.972581e-01 9.972581e-01 9.977472e-01 9.991378e-01 9.996702e-01 1.002261e+00 1.006075e+00 1.013933e+00 1.027863e+00 
2 29 2.651011e-01 1.030577e+00 9.945238e-01 9.945238e-01 9.945238e-01 9.945238e-01 9.945238e-01 9.945238e-01 9.945238e-01 9.945238e-01 9.945238e-01 9.945238e-01 9.945238e-01 9.945238e-01 9.945238e-01 9.945238e-01 9.945238e-01 9.945238e-01 9.945238e-01 9.945238e-01 9.945238e-01 9.945238e-01 9.945238e-01 9.947831e-01 9.949201e-01 9.956746e-01 9.963918e-01 9.968645e-01 9.975660e-01 9.989009e-01 9.995463e-01 1.001525e+00 1.003797e+00 1.007790e+00 1.009961e+00 1.017591e+00 1.030577e+00 
3 43 2.514917e-01 1.029934e+00 9.917970e-01 9.917970e-01 9.917970e-01 9.917970e-01 9.917970e-01 9.917970e-01 9.917970e-01 9.917970e-01 9.917970e-01 9.917970e-01 9.917970e-01 9.917970e-01 9.917970e-01 9.917970e-01 9.918937e-01 9.921492e-01 9.922093e-01 9.926343e-01 9.927275e-01 9.931490e-01 9.937109e-01 9.939880e-01 9.943998e-01 9.960786e-01 9.962575e-01 9.975013e-01 9.990016e-01 9.991859e-01 1.001808e+00 1.005308e+00 1.006312e+00 1.009010e+00 1.011436e+00 1.021306e+00 1.029934e+00 
4 57 2.426917e-01 1.033250e+00 9.890776e-01 9.890776e-01 9.890776e-01 9.890776e-01 9.890776e-01 9.890776e-01 9.890776e-01 9.890985e-01 9.891912e-01 9.893001e-01 9.893254e-01 9.894864e-01 9.896300e-01 9.898958e-01 9.899836e-01 9.907268e-01 9.908489e-01 9.912300e-01 9.920242e-01 9.924325e-01 9.930054e-01 9.942783e-01 9.948601e-01 9.957336e-01 9.972881e-01 9.980814e-01 1.000742e+00 1.003030e+00 1.003724e+00 1.005321e+00 1.006278e+00 1.010946e+00 1.015900e+00 1.026434e+00 1.033250e+00 
5 71 2.338240e-01 1.034826e+00 9.863718e-01 9.863718e-01 9.863740e-01 9.864311e-01 9.864613e-01 9.865438e-01 9.867260e-01 9.867853e-01 9.868938e-01 9.870114e-01 9.872502e-01 9.874925e-01 9.880784e-01 9.882740e-01 9.885845e-01 9.899231e-01 9.901516e-01 9.907857e-01 9.913581e-01 9.919844e-01 9.926161e-01 9.935186e-01 9.950412e-01 9.962991e-01 9.970842e-01 9.993464e-01 1.000749e+00 1.001106e+00 1.002956e+00 1.005076e+00 1.008286e+00 1.014187e+00 1.019620e+00 1.028067e+00 1.034826e+00 
6 85 2.274956e-01 1.038741e+00 9.837053e-01 9.837053e-01 9.838241e-01 9.838312e-01 9.840838e-01 9.843172e-01 9.843755e-01 9.846854e-01 9.849434e-01 9.850075e-01 9.856641e-01 9.860669e-01 9.865136e-01 9.870781e-01 9.874678e-01 9.878165e-01 9.886316e-01 9.889672e-01 9.898278e-01 9.900811e-01 9.918933e-01 9.935611e-01 9.946603e-01 9.960610e-01 9.969756e-01 9.988157e-01 1.000172e+00 1.002540e+00 1.005102e+00 1.006973e+00 1.011310e+00 1.018273e+00 1.024515e+00 1.026802e+00 1.038741e+00 
7 99 2.247941e-01 1.044556e+00 9.812613e-01 9.812613e-01 9.813766e-01 9.816215e-01 9.817499e-01 9.821234e-01 9.822725e-01 9.830094e-01 9.832815e-01 9.836740e-01 9.840028e-01 9.844150e-01 9.851437e-01 9.854547e-01 9.859190e-01 9.863964e-01 9.874777e-01 9.877784e-01 9.896595e-01 9.907266e-01 9.923558e-01 9.929755e-01 9.942766e-01 9.951139e-01 9.964783e-01 9.969165e-01 1.001859e+00 1.003069e+00 1.005878e+00 1.009564e+00 1.011273e+00 1.020414e+00 1.024409e+00 1.030741e+00 1.044556e+00 
8 113 2.175434e-01 1.051267e+00 9.789614e-01 9.789614e-01 9.790612e-01 9.792531e-01 9.795965e-01 9.799043e-01 9.800877e-01 9.806843e-01 9.814520e-01 9.819271e-01 9.823659e-01 9.828932e-01 9.834869e-01 9.839534e-01 9.854459e-01 9.861381e-01 9.873222e-01 9.880446e-01 9.889256e-01 9.891426e-01 9.907520e-01 9.911662e-01 9.922564e-01 9.934988e-01 9.966210e-01 9.996931e-01 1.000917e+00 1.003899e+00 1.006151e+00 1.008366e+00 1.012382e+00 1.021934e+00 1.026967e+00 1.031535e+00 1.051267e+00 
9 127 2.098915e-01 1.055673e+00 9.764484e-01 9.764484e-01 9.767365e-01 9.768255e-01 9.773337e-01 9.779371e-01 9.784186e-01 9.794432e-01 9.797697e-01 9.799279e-01 9.809450e-01 9.815130e-01 9.822224e-01 9.828513e-01 9.836472e-01 9.844121e-01 9.851406e-01 9.863943e-01 9.873629e-01 9.879659e-01 9.883945e-01 9.907309e-01 9.936046e-01 9.942504e-01 9.976794e-01 9.992918e-01 1.002137e+00 1.005165e+00 1.007089e+00 1.009957e+00 1.015129e+00 1.020982e+00 1.025036e+00 1.031714e+00 1.055673e+00 
10 141 2.010045e-01 1.059059e+00 9.741932e-01 9.741932e-01 9.749314e-01 9.751443e-01 9.751811e-01 9.759859e-01 9.769386e-01 9.776519e-01 9.781119e-01 9.787810e-01 9.791919e-01 9.803012e-01 9.805517e-01 9.813300e-01 9.819773e-01 9.828329e-01 9.837648e-01 9.852843e-01 9.857686e-01 9.879416e-01 9.904751e-01 9.912864e-01 9.932893e-01 9.946858e-01 9.981355e-01 9.988738e-01 1.000469e+00 1.004001e+00 1.008989e+00 1.011081e+00 1.015225e+00 1.019917e+00 1.026617e+00 1.030829e+00 1.059059e+00 
11 155 1.911782e-01 1.060889e+00 9.721772e-01 9.721772e-01 9.724662e-01 9.731640e-01 9.736627e-01 9.750640e-01 9.753819e-01 9.757282e-01 9.760304e-01 9.772068e-01 9.777300e-01 9.782169e-01 9.787748e-01 9.793537e-01 9.803927e-01 9.818975e-01 9.833052e-01 9.834954e-01 9.856134e-01 9.877349e-01 9.890812e-01 9.912384e-01 9.924173e-01 9.948560e-01 9.959357e-01 9.992232e-01 9.996071e-01 1.004590e+00 1.008605e+00 1.013506e+00 1.016204e+00 1.021044e+00 1.026046e+00 1.029970e+00 1.060889e+00 
12 169 1.828834e-01 1.060593e+00 9.697959e-01 9.697959e-01 9.703059e-01 9.710798e-01 9.720659e-01 9.726814e-01 9.729817e-01 9.744170e-01 9.748789e-01 9.760805e-01 9.765001e-01 9.769581e-01 9.776041e-01 9.786417e-01 9.804644e-01 9.808244e-01 9.810156e-01 9.828453e-01 9.839286e-01 9.864425e-01 9.887570e-01 9.908478e-01 9.933441e-01 9.944070e-01 9.947405e-01 9.971130e-01 1.002770e+00 1.003209e+00 1.009345e+00 1.012760e+00 1.017770e+00 1.021192e+00 1.023982e+00 1.032807e+00 1.060593e+00 
13 183 1.791912e-01 1.060432e+00 9.673366e-01 9.673366e-01 9.679877e-01 9.688385e-01 9.698915e-01 9.701997e-01 9.705243e-01 9.724900e-01 9.730386e-01 9.737307e-01 9.744729e-01 9.750858e-01 9.757411e-01 9.764909e-01 9.790665e-01 9.805002e-01 9.811714e-01 9.822644e-01 9.829249e-01 9.850276e-01 9.889618e-01 9.892638e-01 9.918646e-01 9.927153e-01 9.956872e-01 9.993725e-01 1.002165e+00 1.004407e+00 1.009536e+00 1.013031e+00 1.018661e+00 1.020456e+00 1.023378e+00 1.048024e+00 1.060432e+00 
14 197 1.753000e-01 1.060127e+00 9.656979e-01 9.656979e-01 9.662856e-01 9.665173e-01 9.674012e-01 9.679978e-01 9.683721e-01 9.704746e-01 9.707041e-01 9.719998e-01 9.729432e-01 9.734311e-01 9.741380e-01 9.759882e-01 9.772442e-01 9.792292e-01 9.801991e-01 9.817091e-01 9.828591e-01 9.848246e-01 9.872346e-01 9.900001e-01 9.919198e-01 9.933655e-01 9.967985e-01 9.999269e-01 1.004224e+00 1.005425e+00 1.009992e+00 1.012605e+00 1.017700e+00 1.018162e+00 1.021266e+00 1.054176e+00 1.060127e+00 
15 211 1.716731e-01 1.066510e+00 9.635255e-01 9.635255e-01 9.641017e-01 9.648922e-01 9.654414e-01 9.659065e-01 9.673111e-01 9.685622e-01 9.692066e-01 9.701789e-01 9.715606e-01 9.722792e-01 9.731367e-01 9.748469e-01 9.763377e-01 9.773635e-01 9.788609e-01 9.794398e-01 9.824063e-01 9.835693e-01 9.878101e-01 9.886744e-01 9.933540e-01 9.938935e-01 9.951753e-01 9.999000e-01 1.002886e+00 1.007660e+00 1.010678e+00 1.011909e+00 1.016150e+00 1.017505e+00 1.021608e+00 1.055380e+00 1.066510e+00 
16 225 1.656930e-01 1.072170e+00 9.613983e-01 9.613983e-01 9.617149e-01 9.625618e-01 9.634950e-01 9.641885e-01 9.655417e-01 9.669129e-01 9.680840e-01 9.689519e-01 9.695852e-01 9.702892e-01 9.741485e-01 9.745944e-01 9.761663e-01 9.766853e-01 9.777232e-01 9.795036e-01 9.817532e-01 9.821375e-01 9.865822e-01 9.868408e-01 9.916842e-01 9.928448e-01 9.939996e-01 9.986885e-01 1.001960e+00 1.007722e+00 1.009363e+00 1.010834e+00 1.014891e+00 1.017457e+00 1.021590e+00 1.055205e+00 1.072170e+00 
17 239 1.604096e-01 1.074942e+00 9.595396e-01 9.595396e-01 9.602738e-01 9.609566e-01 9.619425e-01 9.624498e-01 9.642875e-01 9.645687e-01 9.659569e-01 9.672198e-01 9.676956e-01 9.690135e-01 9.721301e-01 9.727956e-01 9.747325e-01 9.755134e-01 9.780294e-01 9.788938e-01 9.797091e-01 9.844736e-01 9.873785e-01 9.891626e-01 9.912842e-01 9.921621e-01 9.934139e-01 9.974475e-01 1.000239e+00 1.006283e+00 1.008172e+00 1.013748e+00 1.014350e+00 1.017144e+00 1.020923e+00 1.055309e+00 1.074942e+00 
18 253 1.566308e-01 1.077259e+00 9.574138e-01 9.574138e-01 9.583265e-01 9.590613e-01 9.601715e-01 9.611924e-01 9.620763e-01 9.639530e-01 9.650923e-01 9.655334e-01 9.666632e-01 9.674863e-01 9.696368e-01 9.710097e-01 9.737022e-01 9.750463e-01 9.761645e-01 9.770076e-01 9.786427e-01 9.834005e-01 9.872862e-01 9.875792e-01 9.895269e-01 9.923343e-01 9.944672e-01 9.975674e-01 9.983254e-01 1.005593e+00 1.011367e+00 1.013367e+00 1.015235e+00 1.020704e+00 1.023624e+00 1.060036e+00 1.077259e+00 
19 267 2.145597e-01 1.078182e+00 9.559681e-01 9.559681e-01 9.571183e-01 9.571960e-01 9.586508e-01 9.600334e-01 9.619639e-01 9.622692e-01 9.628940e-01 9.647487e-01 9.665295e-01 9.679224e-01 9.692047e-01 9.704999e-01 9.716805e-01 9.744128e-01 9.747445e-01 9.767752e-01 9.804365e-01 9.831836e-01 9.850550e-01 9.857508e-01 9.888712e-01 9.926099e-01 9.947054e-01 9.955807e-01 1.002258e+00 1.005603e+00 1.011589e+00 1.011727e+00 1.015464e+00 1.021599e+00 1.031450e+00 1.060916e+00 1.078182e+00 
20 281 2.075157e-01 1.077564e+00 9.536904e-01 9.536904e-01 9.552209e-01 9.560459e-01 9.567082e-01 9.590642e-01 9.597302e-01 9.610657e-01 9.613229e-01 9.631588e-01 9.644157e-01 9.658630e-01 9.684616e-01 9.694828e-01 9.703109e-01 9.721407e-01 9.729715e-01 9.769432e-01 9.792578e-01 9.809983e-01 9.842889e-01 9.873090e-01 9.887891e-01 9.907707e-01 9.941797e-01 9.962606e-01 1.000650e+00 1.006368e+00 1.011081e+00 1.013462e+00 1.015288e+00 1.021885e+00 1.033956e+00 1.060859e+00 1.077564e+00 
21 295 2.026136e-01 1.076885e+00 9.520649e-01 9.520649e-01 9.536630e-01 9.538911e-01 9.548847e-01 9.573403e-01 9.581982e-01 9.594400e-01 9.597605e-01 9.624674e-01 9.629893e-01 9.653951e-01 9.665732e-01 9.677790e-01 9.698548e-01 9.713787e-01 9.747183e-01 9.757797e-01 9.781652e-01 9.792539e-01 9.840376e-01 9.861673e-01 9.867945e-01 9.901568e-01 9.918759e-01 9.982208e-01 1.002537e+00 1.004674e+00 1.009753e+00 1.012276e+00 1.013535e+00 1.020482e+00 1.036309e+00 1.060930e+00 1.076885e+00 
22 309 2.027074e-01 1.075051e+00 9.504482e-01 9.504482e-01 9.515050e-01 9.516754e-01 9.529882e-01 9.556935e-01 9.559692e-01 9.579348e-01 9.600338e-01 9.610826e-01 9.625232e-01 9.653799e-01 9.655040e-01 9.669838e-01 9.689580e-01 9.706519e-01 9.726050e-01 9.761393e-01 9.771939e-01 9.814743e-01 9.834248e-01 9.846384e-01 9.876446e-01 9.904360e-01 9.920816e-01 9.977318e-01 1.002316e+00 1.005942e+00 1.009492e+00 1.010349e+00 1.012150e+00 1.018797e+00 1.039974e+00 1.069506e+00 1.075051e+00 
23 323 2.002436e-01 1.076256e+00 9.492382e-01 9.492382e-01 9.498596e-01 9.510351e-01 9.524477e-01 9.537110e-01 9.558008e-01 9.566961e-01 9.586774e-01 9.608513e-01 9.617127e-01 9.631690e-01 9.639146e-01 9.650996e-01 9.677305e-01 9.712686e-01 9.715742e-01 9.755927e-01 9.771289e-01 9.804842e-01 9.827487e-01 9.847602e-01 9.857988e-01 9.920664e-01 9.932218e-01 9.979285e-01 1.000553e+00 1.004702e+00 1.008860e+00 1.011104e+00 1.013155e+00 1.017431e+00 1.041080e+00 1.072185e+00 1.076256e+00 
24 337 1.980475e-01 1.082949e+00 9.468911e-01 9.468911e-01 9.476394e-01 9.488598e-01 9.501518e-01 9.523783e-01 9.539423e-01 9.564213e-01 9.577504e-01 9.602485e-01 9.609084e-01 9.618190e-01 9.639235e-01 9.649840e-01 9.659145e-01 9.692855e-01 9.713707e-01 9.753619e-01 9.757157e-01 9.793573e-01 9.813227e-01 9.834795e-01 9.874689e-01 9.902725e-01 9.929809e-01 9.982020e-01 1.002124e+00 1.006689e+00 1.009208e+00 1.011575e+00 1.015672e+00 1.021438e+00 1.043172e+00 1.072799e+00 1.082949e+00 
25 351 1.947333e-01 1.089146e+00 9.446237e-01 9.446237e-01 9.459987e-01 9.474881e-01 9.485612e-01 9.514587e-01 9.524844e-01 9.555653e-01 9.558990e-01 9.580732e-01 9.589215e-01 9.613064e-01 9.630658e-01 9.644996e-01 9.659385e-01 9.680959e-01 9.698112e-01 9.734311e-01 9.741199e-01 9.790708e-01 9.819932e-01 9.822933e-01 9.856503e-01 9.885362e-01 9.910699e-01 1.000196e+00 1.002545e+00 1.005298e+00 1.009166e+00 1.013712e+00 1.014732e+00 1.022531e+00 1.043114e+00 1.073365e+00 1.089146e+00 
26 365 1.902240e-01 1.096653e+00 9.431130e-01 9.431130e-01 9.449607e-01 9.461251e-01 9.484020e-01 9.497220e-01 9.513590e-01 9.533752e-01 9.558441e-01 9.564005e-01 9.584616e-01 9.591573e-01 9.631047e-01 9.635032e-01 9.657737e-01 9.677168e-01 9.689255e-01 9.714701e-01 9.737923e-01 9.772450e-01 9.801410e-01 9.816588e-01 9.863324e-01 9.883660e-01 9.894516e-01 9.998794e-01 1.000725e+00 1.003875e+00 1.009525e+00 1.012523e+00 1.019479e+00 1.023570e+00 1.042665e+00 1.072755e+00 1.096653e+00 
27 379 1.842178e-01 1.101751e+00 9.416621e-01 9.416621e-01 9.434488e-01 9.443384e-01 9.467339e-01 9.485114e-01 9.508443e-01 9.512350e-01 9.540240e-01 9.559641e-01 9.568697e-01 9.577847e-01 9.616333e-01 9.621040e-01 9.652484e-01 9.661419e-01 9.677210e-01 9.696697e-01 9.726138e-01 9.774629e-01 9.781295e-01 9.806178e-01 9.847819e-01 9.883590e-01 9.910186e-01 9.980168e-01 1.000052e+00 1.003297e+00 1.008313e+00 1.014187e+00 1.019221e+00 1.026761e+00 1.041626e+00 1.074400e+00 1.101751e+00 
28 393 1.792978e-01 1.110258e+00 9.396462e-01 9.396462e-01 9.414291e-01 9.442899e-01 9.445274e-01 9.470641e-01 9.491820e-01 9.507701e-01 9.516125e-01 9.540192e-01 9.546889e-01 9.560174e-01 9.596639e-01 9.626391e-01 9.635136e-01 9.666573e-01 9.670558e-01 9.703948e-01 9.712250e-01 9.765739e-01 9.767243e-01 9.792931e-01 9.841254e-01 9.861839e-01 9.893567e-01 9.973340e-01 9.998897e-01 1.002785e+00 1.006750e+00 1.013111e+00 1.018471e+00 1.026077e+00 1.041913e+00 1.075514e+00 1.110258e+00 
29 407 2.413825e-01 1.113574e+00 9.372438e-01 9.372438e-01 9.392432e-01 9.433100e-01 9.443158e-01 9.458282e-01 9.487074e-01 9.495798e-01 9.517079e-01 9.523365e-01 9.541354e-01 9.547765e-01 9.576814e-01 9.612614e-01 9.636282e-01 9.658325e-01 9.660775e-01 9.698806e-01 9.734487e-01 9.749202e-01 9.754222e-01 9.788125e-01 9.827619e-01 9.872533e-01 9.891374e-01 9.962718e-01 9.989460e-01 1.002661e+00 1.006353e+00 1.013285e+00 1.016767e+00 1.025749e+00 1.042879e+00 1.076476e+00 1.113574e+00 
30 421 2.354190e-01 1.115736e+00 9.353462e-01 9.353462e-01 9.384433e-01 9.418259e-01 9.432784e-01 9.447221e-01 9.465662e-01 9.485425e-01 9.504299e-01 9.520910e-01 9.526936e-01 9.532068e-01 9.579575e-01 9.602751e-01 9.621534e-01 9.644635e-01 9.657204e-01 9.690212e-01 9.728604e-01 9.745381e-01 9.767960e-01 9.801527e-01 9.816894e-01 9.878124e-01 9.890386e-01 9.957141e-01 9.981496e-01 1.000724e+00 1.006691e+00 1.012963e+00 1.023472e+00 1.025176e+00 1.041139e+00 1.075190e+00 1.115736e+00 
31 435 2.251543e-01 1.117106e+00 9.340561e-01 9.340561e-01 9.370060e-01 9.401601e-01 9.414680e-01 9.435573e-01 9.441273e-01 9.472233e-01 9.484995e-01 9.502460e-01 9.503402e-01 9.523778e-01 9.556429e-01 9.584929e-01 9.605138e-01 9.628302e-01 9.634785e-01 9.687767e-01 9.711116e-01 9.745202e-01 9.781343e-01 9.804009e-01 9.841009e-01 9.874972e-01 9.902974e-01 9.936245e-01 9.986023e-01 1.001290e+00 1.007281e+00 1.016465e+00 1.022913e+00 1.025194e+00 1.040223e+00 1.073667e+00 1.117106e+00 
32 449 2.197668e-01 1.117643e+00 9.324444e-01 9.324444e-01 9.357200e-01 9.379714e-01 9.406947e-01 9.415645e-01 9.434337e-01 9.450334e-01 9.469739e-01 9.488665e-01 9.497772e-01 9.513065e-01 9.544641e-01 9.564053e-01 9.588242e-01 9.610426e-01 9.623396e-01 9.677803e-01 9.700117e-01 9.733688e-01 9.776109e-01 9.822107e-01 9.833928e-01 9.856415e-01 9.883885e-01 9.958113e-01 9.973728e-01 1.001620e+00 1.008263e+00 1.014738e+00 1.023211e+00 1.028944e+00 1.039931e+00 1.072013e+00 1.117643e+00 
33 463 2.119895e-01 1.117096e+00 9.302018e-01 9.302018e-01 9.341712e-01 9.363742e-01 9.388921e-01 9.400390e-01 9.416826e-01 9.440365e-01 9.452007e-01 9.471286e-01 9.497118e-01 9.523292e-01 9.539593e-01 9.544913e-01 9.590907e-01 9.610077e-01 9.622424e-01 9.664677e-01 9.687219e-01 9.728159e-01 9.767609e-01 9.806626e-01 9.827914e-01 9.848586e-01 9.877893e-01 9.945129e-01 9.955458e-01 1.000233e+00 1.008515e+00 1.013124e+00 1.024002e+00 1.035507e+00 1.041787e+00 1.074344e+00 1.117096e+00 
34 477 2.021187e-01 1.119207e+00 9.291000e-01 9.291000e-01 9.320120e-01 9.345408e-01 9.372860e-01 9.391747e-01 9.409355e-01 9.426112e-01 9.446751e-01 9.462607e-01 9.479836e-01 9.510324e-01 9.515305e-01 9.531823e-01 9.568663e-01 9.588907e-01 9.610197e-01 9.645964e-01 9.663672e-01 9.739900e-01 9.767624e-01 9.792172e-01 9.827529e-01 9.872838e-01 9.874749e-01 9.935635e-01 9.945912e-01 9.998316e-01 1.006935e+00 1.015265e+00 1.022648e+00 1.034760e+00 1.042223e+00 1.071971e+00 1.119207e+00 
35 491 1.905214e-01 1.119598e+00 9.269199e-01 9.269199e-01 9.315651e-01 9.328392e-01 9.353592e-01 9.371309e-01 9.404523e-01 9.419828e-01 9.438814e-01 9.457919e-01 9.469167e-01 9.494388e-01 9.503744e-01 9.515083e-01 9.551389e-01 9.573276e-01 9.590805e-01 9.637998e-01 9.662571e-01 9.728425e-01 9.748248e-01 9.784862e-01 9.816238e-01 9.852381e-01 9.862767e-01 9.924624e-01 9.941946e-01 9.998143e-01 1.006235e+00 1.015590e+00 1.023446e+00 1.034067e+00 1.041201e+00 1.071048e+00 1.119598e+00 
36 505 1.798614e-01 1.120578e+00 9.254575e-01 9.254575e-01 9.294168e-01 9.303272e-01 9.340668e-01 9.357622e-01 9.385083e-01 9.398369e-01 9.415477e-01 9.444350e-01 9.455117e-01 9.472610e-01 9.495844e-01 9.500739e-01 9.544788e-01 9.574564e-01 9.576448e-01 9.621109e-01 9.652388e-01 9.716452e-01 9.739087e-01 9.771088e-01 9.797114e-01 9.842106e-01 9.861073e-01 9.944255e-01 9.957725e-01 9.979724e-01 1.007654e+00 1.016270e+00 1.022871e+00 1.032131e+00 1.041595e+00 1.070630e+00 1.120578e+00 
37 519 1.706711e-01 1.121116e+00 9.248229e-01 9.248229e-01 9.271101e-01 9.289230e-01 9.324677e-01 9.353091e-01 9.360932e-01 9.387224e-01 9.399809e-01 9.433868e-01 9.443161e-01 9.466430e-01 9.484272e-01 9.504216e-01 9.550297e-01 9.571460e-01 9.584514e-01 9.606056e-01 9.665186e-01 9.714041e-01 9.743493e-01 9.754153e-01 9.786562e-01 9.838362e-01 9.853895e-01 9.931801e-01 9.964615e-01 1.001257e+00 1.005722e+00 1.015526e+00 1.022194e+00 1.030344e+00 1.043844e+00 1.069965e+00 1.121116e+00 
38 533 1.624799e-01 1.119959e+00 9.233147e-01 9.233147e-01 9.251111e-01 9.270249e-01 9.306126e-01 9.334542e-01 9.353415e-01 9.373700e-01 9.385342e-01 9.425127e-01 9.430721e-01 9.462907e-01 9.476141e-01 9.495477e-01 9.541359e-01 9.558653e-01 9.569149e-01 9.617642e-01 9.666712e-01 9.714106e-01 9.726069e-01 9.749239e-01 9.766944e-01 9.830982e-01 9.862580e-01 9.932774e-01 9.955325e-01 1.003513e+00 1.010132e+00 1.016162e+00 1.020706e+00 1.030598e+00 1.043706e+00 1.067607e+00 1.119959e+00 
39 547 1.559036e-01 1.122532e+00 9.220966e-01 9.220966e-01 9.231226e-01 9.260091e-01 9.293398e-01 9.328891e-01 9.350959e-01 9.355680e-01 9.371011e-01 9.409069e-01 9.443818e-01 9.450093e-01 9.470308e-01 9.496938e-01 9.521934e-01 9.546944e-01 9.548803e-01 9.632971e-01 9.661032e-01 9.704153e-01 9.711326e-01 9.746141e-01 9.785868e-01 9.825767e-01 9.840599e-01 9.914183e-01 1.000845e+00 1.004452e+00 1.009888e+00 1.017482e+00 1.019410e+00 1.029018e+00 1.044962e+00 1.067847e+00 1.122532e+00 
40 561 2.078097e-01 1.122971e+00 9.210752e-01 9.210752e-01 9.221592e-01 9.239749e-01 9.278506e-01 9.318510e-01 9.341045e-01 9.344923e-01 9.366522e-01 9.396249e-01 9.431534e-01 9.454669e-01 9.462506e-01 9.489717e-01 9.511743e-01 9.528257e-01 9.555569e-01 9.624204e-01 9.663768e-01 9.682245e-01 9.716519e-01 9.728486e-01 9.776097e-01 9.812715e-01 9.840361e-01 9.903537e-01 1.001068e+00 1.004490e+00 1.009682e+00 1.018469e+00 1.021984e+00 1.029084e+00 1.043809e+00 1.069187e+00 1.122971e+00 
41 575 1.989777e-01 1.122040e+00 9.195600e-01 9.195600e-01 9.202818e-01 9.234602e-01 9.263436e-01 9.299806e-01 9.327298e-01 9.333642e-01 9.352802e-01 9.372276e-01 9.408196e-01 9.431344e-01 9.461271e-01 9.479599e-01 9.490147e-01 9.507278e-01 9.540437e-01 9.619732e-01 9.645317e-01 9.679871e-01 9.722282e-01 9.740632e-01 9.776742e-01 9.801144e-01 9.858987e-01 9.903813e-01 9.990113e-01 1.004851e+00 1.007990e+00 1.017998e+00 1.022640e+00 1.027408e+00 1.041696e+00 1.069818e+00 1.122040e+00 
42 589 1.911447e-01 1.120966e+00 9.174168e-01 9.174168e-01 9.181560e-01 9.210096e-01 9.247931e-01 9.285726e-01 9.312359e-01 9.313589e-01 9.348982e-01 9.367584e-01 9.404113e-01 9.413261e-01 9.452676e-01 9.468431e-01 9.471747e-01 9.502021e-01 9.565886e-01 9.604571e-01 9.626021e-01 9.683103e-01 9.703826e-01 9.744752e-01 9.766824e-01 9.785540e-01 9.879076e-01 9.901262e-01 9.996181e-01 1.004397e+00 1.009635e+00 1.018264e+00 1.022796e+00 1.025923e+00 1.039812e+00 1.068816e+00 1.120966e+00 
43 603 1.846836e-01 1.120064e+00 9.154050e-01 9.154050e-01 9.165846e-01 9.212880e-01 9.234518e-01 9.269646e-01 9.295307e-01 9.315171e-01 9.335674e-01 9.347641e-01 9.381359e-01 9.394235e-01 9.435417e-01 9.445313e-01 9.452919e-01 9.498976e-01 9.549079e-01 9.610548e-01 9.619941e-01 9.669751e-01 9.692315e-01 9.724935e-01 9.759158e-01 9.804222e-01 9.877788e-01 9.907591e-01 9.990922e-01 1.004609e+00 1.010433e+00 1.018886e+00 1.023329e+00 1.026246e+00 1.040501e+00 1.068257e+00 1.120064e+00 
44 617 1.775563e-01 1.118592e+00 9.139568e-01 9.139568e-01 9.161014e-01 9.192884e-01 9.219580e-01 9.259254e-01 9.278483e-01 9.305886e-01 9.329925e-01 9.335837e-01 9.372078e-01 9.387801e-01 9.415754e-01 9.427462e-01 9.445683e-01 9.476856e-01 9.545827e-01 9.597865e-01 9.615091e-01 9.649096e-01 9.685741e-01 9.711015e-01 9.744213e-01 9.788143e-01 9.876475e-01 9.918380e-01 9.973380e-01 1.005189e+00 1.013230e+00 1.016557e+00 1.023979e+00 1.026793e+00 1.038862e+00 1.068937e+00 1.118592e+00 
45 631 1.707221e-01 1.117764e+00 9.122284e-01 9.122284e-01 9.150504e-01 9.187248e-01 9.211770e-01 9.240877e-01 9.261742e-01 9.283185e-01 9.314359e-01 9.319810e-01 9.357925e-01 9.370351e-01 9.395002e-01 9.429673e-01 9.434533e-01 9.469579e-01 9.546458e-01 9.581736e-01 9.625464e-01 9.638926e-01 9.676455e-01 9.698792e-01 9.738296e-01 9.787338e-01 9.864206e-01 9.913800e-01 9.966691e-01 1.002876e+00 1.012883e+00 1.016724e+00 1.025507e+00 1.026966e+00 1.039600e+00 1.067932e+00 1.117764e+00 
46 645 1.667236e-01 1.116218e+00 9.100022e-01 9.100022e-01 9.135786e-01 9.169809e-01 9.196206e-01 9.237335e-01 9.245978e-01 9.272796e-01 9.291980e-01 9.324911e-01 9.340552e-01 9.368677e-01 9.388640e-01 9.418651e-01 9.419147e-01 9.486765e-01 9.528699e-01 9.570790e-01 9.618731e-01 9.634225e-01 9.659573e-01 9.689093e-01 9.721544e-01 9.788659e-01 9.855667e-01 9.906612e-01 9.994429e-01 1.004441e+00 1.014221e+00 1.018895e+00 1.024109e+00 1.033724e+00 1.039596e+00 1.071768e+00 1.116218e+00 
47 659 1.653137e-01 1.123651e+00 9.079908e-01 9.079908e-01 9.125840e-01 9.159739e-01 9.183271e-01 9.222443e-01 9.238642e-01 9.258537e-01 9.298266e-01 9.320881e-01 9.334087e-01 9.355773e-01 9.394075e-01 9.405773e-01 9.460903e-01 9.495444e-01 9.519123e-01 9.553616e-01 9.613919e-01 9.621798e-01 9.678822e-01 9.692344e-01 9.712200e-01 9.763992e-01 9.857933e-01 9.900285e-01 9.992688e-01 1.003647e+00 1.014246e+00 1.017039e+00 1.023713e+00 1.032447e+00 1.041452e+00 1.074355e+00 1.123651e+00 
48 673 1.641457e-01 1.128293e+00 9.079892e-01 9.079892e-01 9.116488e-01 9.146349e-01 9.176702e-01 9.214817e-01 9.222367e-01 9.251446e-01 9.287283e-01 9.303792e-01 9.319271e-01 9.348113e-01 9.383672e-01 9.391302e-01 9.449400e-01 9.479016e-01 9.507186e-01 9.535799e-01 9.604148e-01 9.611225e-01 9.663926e-01 9.682298e-01 9.696316e-01 9.748530e-01 9.852155e-01 9.880044e-01 9.982795e-01 1.002693e+00 1.014019e+00 1.020060e+00 1.024762e+00 1.031922e+00 1.042535e+00 1.074997e+00 1.128293e+00 
49 687 1.598690e-01 1.132972e+00 9.073253e-01 9.073253e-01 9.097505e-01 9.131397e-01 9.160932e-01 9.196399e-01 9.214506e-01 9.230963e-01 9.270817e-01 9.297652e-01 9.326922e-01 9.335730e-01 9.372897e-01 9.384401e-01 9.431878e-01 9.475627e-01 9.505105e-01 9.517555e-01 9.590396e-01 9.625347e-01 9.663968e-01 9.671379e-01 9.697964e-01 9.743524e-01 9.853541e-01 9.870794e-01 9.994214e-01 1.001184e+00 1.012376e+00 1.019706e+00 1.024739e+00 1.032920e+00 1.044730e+00 1.074046e+00 1.132972e+00 
50 701 1.556359e-01 1.136333e+00 9.054715e-01 9.054715e-01 9.094569e-01 9.120873e-01 9.154925e-01 9.175634e-01 9.207202e-01 9.213710e-01 9.267269e-01 9.307377e-01 9.316896e-01 9.326814e-01 9.360980e-01 9.368236e-01 9.421492e-01 9.458219e-01 9.503757e-01 9.537580e-01 9.587428e-01 9.608669e-01 9.655105e-01 9.674636e-01 9.693309e-01 9.737591e-01 9.857239e-01 9.901839e-01 9.985609e-01 1.000956e+00 1.011187e+00 1.019144e+00 1.024949e+00 1.032234e+00 1.047901e+00 1.078104e+00 1.136333e+00 
51 715 1.529678e-01 1.140534e+00 9.040510e-01 9.040510e-01 9.081841e-01 9.107916e-01 9.138286e-01 9.160557e-01 9.191011e-01 9.203760e-01 9.246438e-01 9.285222e-01 9.294141e-01 9.314173e-01 9.336895e-01 9.355775e-01 9.414031e-01 9.442941e-01 9.497447e-01 9.532192e-01 9.577255e-01 9.604335e-01 9.641614e-01 9.654067e-01 9.679324e-01 9.773559e-01 9.845926e-01 9.896948e-01 9.990186e-01 1.001799e+00 1.011186e+00 1.019435e+00 1.025434e+00 1.031108e+00 1.046264e+00 1.079737e+00 1.140534e+00 
52 729 1.489562e-01 1.149498e+00 9.019150e-01 9.019150e-01 9.062797e-01 9.087391e-01 9.121095e-01 9.142555e-01 9.169283e-01 9.197475e-01 9.227647e-01 9.269453e-01 9.282694e-01 9.317568e-01 9.331644e-01 9.351716e-01 9.391024e-01 9.433885e-01 9.483626e-01 9.560486e-01 9.566097e-01 9.598061e-01 9.629537e-01 9.654857e-01 9.669524e-01 9.751684e-01 9.852274e-01 9.889919e-01 9.971728e-01 1.000274e+00 1.010901e+00 1.018235e+00 1.023864e+00 1.034402e+00 1.044899e+00 1.079876e+00 1.149498e+00 
53 743 2.027371e-01 1.151850e+00 9.005684e-01 9.005684e-01 9.047136e-01 9.072401e-01 9.109614e-01 9.125740e-01 9.169512e-01 9.181085e-01 9.205182e-01 9.258597e-01 9.280462e-01 9.306221e-01 9.319006e-01 9.334869e-01 9.377148e-01 9.422176e-01 9.471379e-01 9.550675e-01 9.560319e-01 9.594427e-01 9.639924e-01 9.644940e-01 9.672045e-01 9.773468e-01 9.867007e-01 9.895030e-01 9.950561e-01 1.001069e+00 1.008539e+00 1.018179e+00 1.022955e+00 1.033380e+00 1.045502e+00 1.079567e+00 1.151850e+00 
54 757 1.992736e-01 1.152942e+00 8.991955e-01 8.991955e-01 9.027568e-01 9.052764e-01 9.107307e-01 9.110742e-01 9.152832e-01 9.171426e-01 9.201646e-01 9.242058e-01 9.278703e-01 9.292171e-01 9.308289e-01 9.321945e-01 9.368940e-01 9.425662e-01 9.475487e-01 9.530820e-01 9.543727e-01 9.578307e-01 9.633708e-01 9.661325e-01 9.692493e-01 9.774681e-01 9.851447e-01 9.882070e-01 9.944395e-01 1.002958e+00 1.010069e+00 1.016449e+00 1.021759e+00 1.032599e+00 1.045467e+00 1.080406e+00 1.152942e+00 
55 771 1.965069e-01 1.154532e+00 8.976497e-01 8.976497e-01 9.011648e-01 9.033392e-01 9.089491e-01 9.102984e-01 9.143477e-01 9.154400e-01 9.198376e-01 9.231890e-01 9.264342e-01 9.289562e-01 9.293681e-01 9.330770e-01 9.379302e-01 9.413426e-01 9.467667e-01 9.515110e-01 9.534727e-01 9.606171e-01 9.621696e-01 9.649531e-01 9.686273e-01 9.765435e-01 9.845194e-01 9.923103e-01 9.938790e-01 1.002502e+00 1.008283e+00 1.015534e+00 1.022915e+00 1.035263e+00 1.046073e+00 1.079705e+00 1.154532e+00 
56 785 1.932800e-01 1.157878e+00 8.955342e-01 8.955342e-01 8.996276e-01 9.021260e-01 9.079186e-01 9.085430e-01 9.124634e-01 9.134149e-01 9.182252e-01 9.226547e-01 9.246531e-01 9.277118e-01 9.298482e-01 9.343744e-01 9.359657e-01 9.393587e-01 9.467353e-01 9.497700e-01 9.531295e-01 9.597760e-01 9.609868e-01 9.634048e-01 9.669586e-01 9.753107e-01 9.843088e-01 9.916680e-01 9.928698e-01 1.004164e+00 1.007138e+00 1.014616e+00 1.024851e+00 1.034599e+00 1.046964e+00 1.089009e+00 1.157878e+00 
57 799 1.899281e-01 1.157447e+00 8.943212e-01 8.943212e-01 8.975884e-01 9.007988e-01 9.058242e-01 9.067155e-01 9.103311e-01 9.114607e-01 9.167583e-01 9.217013e-01 9.227468e-01 9.259397e-01 9.291436e-01 9.333290e-01 9.372077e-01 9.385044e-01 9.461561e-01 9.487184e-01 9.515500e-01 9.587672e-01 9.591167e-01 9.641508e-01 9.666248e-01 9.730104e-01 9.830008e-01 9.914295e-01 9.950904e-01 1.004512e+00 1.010900e+00 1.015909e+00 1.027160e+00 1.033691e+00 1.048223e+00 1.089789e+00 1.157447e+00 
58 813 1.855456e-01 1.156544e+00 8.926379e-01 8.926379e-01 8.959871e-01 9.009405e-01 9.045226e-01 9.074665e-01 9.091038e-01 9.100655e-01 9.152874e-01 9.201241e-01 9.207627e-01 9.248396e-01 9.286246e-01 9.331622e-01 9.364047e-01 9.413295e-01 9.460778e-01 9.495820e-01 9.510083e-01 9.577138e-01 9.601999e-01 9.636388e-01 9.657665e-01 9.729517e-01 9.820814e-01 9.922306e-01 9.959222e-01 1.005254e+00 1.009620e+00 1.015442e+00 1.030759e+00 1.032407e+00 1.046528e+00 1.091376e+00 1.156544e+00 
59 827 1.788213e-01 1.155687e+00 8.916499e-01 8.916499e-01 8.940845e-01 8.996707e-01 9.039634e-01 9.071342e-01 9.076509e-01 9.092601e-01 9.182673e-01 9.196019e-01 9.205703e-01 9.237403e-01 9.264020e-01 9.311849e-01 9.349087e-01 9.394221e-01 9.463233e-01 9.493390e-01 9.508878e-01 9.564529e-01 9.615568e-01 9.628751e-01 9.662550e-01 9.721611e-01 9.805892e-01 9.929486e-01 9.966064e-01 1.004516e+00 1.008101e+00 1.013851e+00 1.029730e+00 1.032591e+00 1.045047e+00 1.091808e+00 1.155687e+00 
60 841 2.402597e-01 1.155558e+00 8.896734e-01 8.896734e-01 8.922926e-01 8.981117e-01 9.017553e-01 9.062305e-01 9.066885e-01 9.103122e-01 9.172374e-01 9.187177e-01 9.197006e-01 9.223578e-01 9.257166e-01 9.289390e-01 9.350833e-01 9.397444e-01 9.472232e-01 9.477115e-01 9.488969e-01 9.545175e-01 9.603647e-01 9.613094e-01 9.651275e-01 9.725806e-01 9.799669e-01 9.909790e-01 9.955795e-01 1.002516e+00 1.010500e+00 1.012734e+00 1.029970e+00 1.032819e+00 1.045046e+00 1.091045e+00 1.155558e+00 
61 855 2.333187e-01 1.157628e+00 8.877049e-01 8.877049e-01 8.909722e-01 8.971257e-01 8.998033e-01 9.044251e-01 9.054579e-01 9.111197e-01 9.157392e-01 9.179759e-01 9.187874e-01 9.238018e-01 9.261170e-01 9.272942e-01 9.354415e-01 9.402239e-01 9.464870e-01 9.474435e-01 9.492576e-01 9.540540e-01 9.591701e-01 9.591999e-01 9.643324e-01 9.715388e-01 9.822028e-01 9.892758e-01 9.957807e-01 1.001741e+00 1.010719e+00 1.012654e+00 1.028840e+00 1.042814e+00 1.046106e+00 1.092207e+00 1.157628e+00 
62 869 2.254317e-01 1.158651e+00 8.859840e-01 8.859840e-01 8.889424e-01 8.968998e-01 8.989546e-01 9.026972e-01 9.043237e-01 9.088150e-01 9.140410e-01 9.161274e-01 9.194944e-01 9.226821e-01 9.243896e-01 9.270456e-01 9.342050e-01 9.410051e-01 9.448255e-01 9.471357e-01 9.475751e-01 9.535263e-01 9.579971e-01 9.604494e-01 9.628036e-01 9.721210e-01 9.823763e-01 9.881866e-01 9.959043e-01 1.000082e+00 1.010804e+00 1.015472e+00 1.026225e+00 1.043557e+00 1.046621e+00 1.091350e+00 1.158651e+00 
63 883 2.150431e-01 1.156687e+00 8.848753e-01 8.848753e-01 8.919345e-01 8.956636e-01 8.979050e-01 9.020090e-01 9.025613e-01 9.076444e-01 9.129625e-01 9.152227e-01 9.189150e-01 9.205980e-01 9.231928e-01 9.259890e-01 9.335988e-01 9.395972e-01 9.429728e-01 9.451928e-01 9.471420e-01 9.525268e-01 9.562909e-01 9.592440e-01 9.626747e-01 9.717366e-01 9.812655e-01 9.895387e-01 9.943848e-01 1.001884e+00 1.009424e+00 1.014254e+00 1.024847e+00 1.042493e+00 1.045940e+00 1.089588e+00 1.156687e+00 
64 897 2.064081e-01 1.157941e+00 8.826780e-01 8.826780e-01 8.906231e-01 8.944737e-01 8.955606e-01 9.001935e-01 9.019309e-01 9.074218e-01 9.119747e-01 9.151069e-01 9.184758e-01 9.198767e-01 9.232120e-01 9.243523e-01 9.315483e-01 9.376507e-01 9.408045e-01 9.453956e-01 9.486387e-01 9.521254e-01 9.572159e-01 9.588166e-01 9.608178e-01 9.701206e-01 9.800332e-01 9.883438e-01 9.940122e-01 1.000131e+00 1.009469e+00 1.012769e+00 1.024605e+00 1.042467e+00 1.046306e+00 1.089473e+00 1.157941e+00 
65 911 1.977000e-01 1.156078e+00 8.808577e-01 8.808577e-01 8.899649e-01 8.925202e-01 8.951207e-01 8.995919e-01 9.017120e-01 9.065412e-01 9.105298e-01 9.145983e-01 9.176193e-01 9.194114e-01 9.218518e-01 9.246926e-01 9.305385e-01 9.377590e-01 9.387627e-01 9.438127e-01 9.469367e-01 9.521252e-01 9.559668e-01 9.587851e-01 9.595167e-01 9.691913e-01 9.843616e-01 9.869877e-01 9.928264e-01 9.990296e-01 1.010608e+00 1.011366e+00 1.022649e+00 1.042083e+00 1.047351e+00 1.092592e+00 1.156078e+00 
66 925 1.845234e-01 1.154175e+00 8.807437e-01 8.807437e-01 8.881237e-01 8.907824e-01 8.942587e-01 8.987511e-01 9.008796e-01 9.045857e-01 9.098831e-01 9.123770e-01 9.168166e-01 9.187538e-01 9.205264e-01 9.239680e-01 9.298367e-01 9.363559e-01 9.385821e-01 9.428911e-01 9.466809e-01 9.500128e-01 9.543255e-01 9.567241e-01 9.588431e-01 9.712548e-01 9.826079e-01 9.850052e-01 9.920418e-01 9.987287e-01 1.009445e+00 1.010002e+00 1.022529e+00 1.039804e+00 1.047600e+00 1.093228e+00 1.154175e+00 
67 939 1.762887e-01 1.157036e+00 8.791953e-01 8.791953e-01 8.873026e-01 8.891908e-01 8.940752e-01 8.969972e-01 9.008497e-01 9.037798e-01 9.085562e-01 9.104742e-01 9.161205e-01 9.168435e-01 9.191999e-01 9.236383e-01 9.286647e-01 9.346417e-01 9.368006e-01 9.435564e-01 9.473205e-01 9.491781e-01 9.530405e-01 9.557989e-01 9.573920e-01 9.694208e-01 9.805730e-01 9.830423e-01 9.902445e-01 9.981077e-01 1.007173e+00 1.008315e+00 1.021738e+00 1.039034e+00 1.045631e+00 1.092483e+00 1.157036e+00 
68 953 1.690524e-01 1.156275e+00 8.789682e-01 8.789682e-01 8.860805e-01 8.872710e-01 8.925580e-01 8.957488e-01 8.989415e-01 9.030636e-01 9.063932e-01 9.107143e-01 9.143012e-01 9.176322e-01 9.195437e-01 9.222500e-01 9.280671e-01 9.346232e-01 9.376093e-01 9.425269e-01 9.457786e-01 9.474235e-01 9.530898e-01 9.561488e-01 9.578705e-01 9.681157e-01 9.784188e-01 9.814700e-01 9.888204e-01 9.984085e-01 1.005607e+00 1.006760e+00 1.020324e+00 1.037547e+00 1.045058e+00 1.090803e+00 1.156275e+00 
69 967 1.610679e-01 1.157806e+00 8.774791e-01 8.774791e-01 8.862062e-01 8.868042e-01 8.905954e-01 8.960567e-01 8.990489e-01 9.015933e-01 9.050116e-01 9.090469e-01 9.132478e-01 9.159985e-01 9.190663e-01 9.212557e-01 9.266468e-01 9.326311e-01 9.362543e-01 9.419273e-01 9.457228e-01 9.472971e-01 9.520350e-01 9.552825e-01 9.595184e-01 9.675225e-01 9.765258e-01 9.812371e-01 9.877064e-01 9.981785e-01 1.005109e+00 1.012297e+00 1.018625e+00 1.038244e+00 1.043895e+00 1.090055e+00 1.157806e+00 
70 981 1.544000e-01 1.158141e+00 8.757680e-01 8.757680e-01 8.850147e-01 8.861127e-01 8.895109e-01 8.948924e-01 8.970975e-01 9.008162e-01 9.044626e-01 9.094830e-01 9.121466e-01 9.151296e-01 9.179504e-01 9.207639e-01 9.248466e-01 9.309552e-01 9.371385e-01 9.417061e-01 9.457214e-01 9.460124e-01 9.503299e-01 9.537236e-01 9.585501e-01 9.666819e-01 9.758547e-01 9.796608e-01 9.858478e-01 9.987540e-01 1.004240e+00 1.013849e+00 1.020654e+00 1.038266e+00 1.042104e+00 1.091120e+00 1.158141e+00 
71 995 1.451721e-01 1.160989e+00 8.755397e-01 8.755397e-01 8.849528e-01 8.860937e-01 8.883840e-01 8.930891e-01 8.962243e-01 9.002185e-01 9.035487e-01 9.082682e-01 9.100963e-01 9.142121e-01 9.179283e-01 9.205266e-01 9.255871e-01 9.307554e-01 9.356574e-01 9.395750e-01 9.436492e-01 9.468634e-01 9.505790e-01 9.538285e-01 9.576456e-01 9.659387e-01 9.749662e-01 9.791413e-01 9.833228e-01 9.974819e-01 1.003728e+00 1.015258e+00 1.020245e+00 1.036769e+00 1.040271e+00 1.089595e+00 1.160989e+00 
72 1009 1.969608e-01 1.158400e+00 8.742638e-01 8.742638e-01 8.833528e-01 8.847831e-01 8.865063e-01 8.911996e-01 8.959677e-01 8.997138e-01 9.022043e-01 9.076338e-01 9.089321e-01 9.135008e-01 9.172356e-01 9.185914e-01 9.255075e-01 9.290718e-01 9.356998e-01 9.383400e-01 9.449197e-01 9.455323e-01 9.510644e-01 9.529303e-01 9.599491e-01 9.649315e-01 9.757530e-01 9.779437e-01 9.847875e-01 9.983612e-01 1.003597e+00 1.014345e+00 1.019300e+00 1.034509e+00 1.042033e+00 1.092965e+00 1.158400e+00 
73 1023 1.874667e-01 1.156051e+00 8.725367e-01 8.725367e-01 8.820763e-01 8.835503e-01 8.848035e-01 8.895227e-01 8.951691e-01 8.987388e-01 9.007383e-01 9.065607e-01 9.085868e-01 9.112719e-01 9.163056e-01 9.192522e-01 9.247763e-01 9.278196e-01 9.341103e-01 9.365156e-01 9.458028e-01 9.472970e-01 9.499428e-01 9.523107e-01 9.588163e-01 9.651164e-01 9.754280e-01 9.775054e-01 9.859878e-01 9.968426e-01 1.001635e+00 1.014510e+00 1.021022e+00 1.035928e+00 1.041360e+00 1.093567e+00 1.156051e+00 
74 1037 1.808494e-01 1.156494e+00 8.711586e-01 8.711586e-01 8.813819e-01 8.826104e-01 8.839711e-01 8.879333e-01 8.933914e-01 8.966666e-01 9.005146e-01 9.051502e-01 9.070824e-01 9.108749e-01 9.162662e-01 9.190786e-01 9.235478e-01 9.267990e-01 9.334743e-01 9.344461e-01 9.452311e-01 9.460804e-01 9.482191e-01 9.503766e-01 9.587714e-01 9.646094e-01 9.733277e-01 9.754503e-01 9.859244e-01 9.957750e-01 9.998845e-01 1.014736e+00 1.022204e+00 1.033465e+00 1.040603e+00 1.094434e+00 1.156494e+00 
75 1051 1.730199e-01 1.154065e+00 8.707697e-01 8.707697e-01 8.801032e-01 8.819243e-01 8.824959e-01 8.877261e-01 8.931297e-01 8.949646e-01 8.984404e-01 9.035144e-01 9.058321e-01 9.093705e-01 9.154489e-01 9.216908e-01 9.231593e-01 9.245476e-01 9.328423e-01 9.339922e-01 9.443294e-01 9.457590e-01 9.470488e-01 9.496891e-01 9.598166e-01 9.643814e-01 9.716019e-01 9.734214e-01 9.847247e-01 9.946623e-01 9.986517e-01 1.013464e+00 1.020586e+00 1.033032e+00 1.039699e+00 1.095425e+00 1.154065e+00 
76 1065 2.319550e-01 1.160089e+00 8.699275e-01 8.699275e-01 8.784379e-01 8.807703e-01 8.818419e-01 8.867020e-01 8.913899e-01 8.944614e-01 8.964734e-01 9.020221e-01 9.053997e-01 9.083397e-01 9.141648e-01 9.205561e-01 9.233192e-01 9.248921e-01 9.314335e-01 9.332474e-01 9.435639e-01 9.452440e-01 9.464701e-01 9.482817e-01 9.593354e-01 9.659158e-01 9.711124e-01 9.722524e-01 9.876379e-01 9.937280e-01 9.975221e-01 1.011394e+00 1.020313e+00 1.031797e+00 1.038825e+00 1.094046e+00 1.160089e+00 
77 1079 2.257031e-01 1.157891e+00 8.682915e-01 8.682915e-01 8.770102e-01 8.789929e-01 8.809605e-01 8.853559e-01 8.898344e-01 8.933559e-01 8.955170e-01 9.016019e-01 9.046315e-01 9.070569e-01 9.137701e-01 9.201172e-01 9.234176e-01 9.251397e-01 9.312646e-01 9.331420e-01 9.436141e-01 9.455742e-01 9.463372e-01 9.491533e-01 9.584347e-01 9.643393e-01 9.701623e-01 9.733004e-01 9.879980e-01 9.936573e-01 9.963313e-01 1.011784e+00 1.018212e+00 1.030975e+00 1.038297e+00 1.092993e+00 1.157891e+00 
78 1093 2.244721e-01 1.159025e+00 8.680561e-01 8.680561e-01 8.747354e-01 8.792576e-01 8.800668e-01 8.845999e-01 8.876621e-01 8.914779e-01 8.939056e-01 9.018701e-01 9.029914e-01 9.062063e-01 9.135008e-01 9.216424e-01 9.224906e-01 9.234876e-01 9.299942e-01 9.313113e-01 9.422587e-01 9.447393e-01 9.456905e-01 9.494963e-01 9.583177e-01 9.644720e-01 9.683403e-01 9.830508e-01 9.870394e-01 9.945619e-01 9.951650e-01 1.010311e+00 1.018499e+00 1.029854e+00 1.041397e+00 1.090653e+00 1.159025e+00 
79 1107 2.205752e-01 1.159491e+00 8.666309e-01 8.666309e-01 8.729569e-01 8.774326e-01 8.796795e-01 8.833161e-01 8.868612e-01 8.896049e-01 8.921245e-01 9.008717e-01 9.021333e-01 9.058918e-01 9.134844e-01 9.199256e-01 9.223882e-01 9.224668e-01 9.288070e-01 9.292874e-01 9.399935e-01 9.428426e-01 9.451055e-01 9.483177e-01 9.584084e-01 9.636537e-01 9.693013e-01 9.831453e-01 9.869164e-01 9.939276e-01 9.993978e-01 1.009519e+00 1.019679e+00 1.030049e+00 1.040998e+00 1.092113e+00 1.159491e+00 
80 1121 2.133168e-01 1.158324e+00 8.651915e-01 8.651915e-01 8.708477e-01 8.753453e-01 8.807246e-01 8.824532e-01 8.848437e-01 8.878687e-01 8.906356e-01 8.998015e-01 9.004059e-01 9.047918e-01 9.116554e-01 9.195857e-01 9.211149e-01 9.236871e-01 9.275460e-01 9.280723e-01 9.383650e-01 9.426367e-01 9.438086e-01 9.512505e-01 9.576539e-01 9.641480e-01 9.681207e-01 9.837736e-01 9.856870e-01 9.951082e-01 1.004289e+00 1.009569e+00 1.018814e+00 1.029966e+00 1.042143e+00 1.093519e+00 1.158324e+00 
81 1135 2.055241e-01 1.158736e+00 8.639992e-01 8.639992e-01 8.694355e-01 8.736652e-01 8.801983e-01 8.806385e-01 8.843744e-01 8.869214e-01 8.909402e-01 8.988576e-01 9.011744e-01 9.052754e-01 9.136573e-01 9.182872e-01 9.207625e-01 9.226653e-01 9.259607e-01 9.262630e-01 9.379657e-01 9.420145e-01 9.442129e-01 9.509460e-01 9.564828e-01 9.634707e-01 9.671794e-01 9.829669e-01 9.849568e-01 9.937545e-01 1.004911e+00 1.009593e+00 1.019641e+00 1.028342e+00 1.042730e+00 1.099137e+00 1.158736e+00 
82 1149 2.000974e-01 1.160471e+00 8.621108e-01 8.621108e-01 8.684089e-01 8.720557e-01 8.783051e-01 8.793849e-01 8.834350e-01 8.880723e-01 8.894658e-01 8.999543e-01 9.006288e-01 9.039985e-01 9.134606e-01 9.182352e-01 9.219960e-01 9.234418e-01 9.247779e-01 9.304325e-01 9.360294e-01 9.406271e-01 9.432192e-01 9.496051e-01 9.550188e-01 9.632761e-01 9.661845e-01 9.817677e-01 9.839473e-01 9.942865e-01 1.007499e+00 1.011516e+00 1.021321e+00 1.031878e+00 1.041869e+00 1.099961e+00 1.160471e+00 
83 1163 1.904502e-01 1.159813e+00 8.620037e-01 8.620037e-01 8.664381e-01 8.706404e-01 8.773150e-01 8.780104e-01 8.827913e-01 8.864997e-01 8.893920e-01 8.989887e-01 8.996897e-01 9.046044e-01 9.120803e-01 9.192760e-01 9.210527e-01 9.232188e-01 9.255537e-01 9.316199e-01 9.346501e-01 9.398558e-01 9.423912e-01 9.477755e-01 9.535713e-01 9.620848e-01 9.651054e-01 9.812932e-01 9.829923e-01 9.937676e-01 1.006648e+00 1.012687e+00 1.019518e+00 1.032897e+00 1.040438e+00 1.103207e+00 1.159813e+00 
