%  columns="iteration, evaluation, fitness, void, void, xrecentbest" (startseed=212069, 2023/08/28 15:15:31.71)
1 15  1.000000000000000000e+05 0 0 1.923517e-01 4.886394e-01 -3.093160e-01 7.118151e-01 3.589100e-03 3.166080e-01 9.178128e-01 5.585667e-01 1.558336e-01 7.798880e-02 8.443907e-02 7.516728e-01 -1.275141e-02 7.631696e-01 1.094012e+00 4.035804e-01 1.628234e-01 3.926881e-01 5.129137e-01 8.395868e-01 7.298881e-01 8.204883e-01 7.952528e-01 7.497263e-01 2.596203e-01 5.652852e-01 -1.047479e-01 4.586837e-01 4.761922e-01 8.092346e-01 -4.400194e-01 1.312779e-01 5.899206e-01 2.369769e-01 
2 29  1.000000000000000000e+05 0 0 6.340143e-02 2.453988e-01 4.122234e-01 7.566028e-01 1.794996e-01 2.726457e-01 1.113148e+00 3.918345e-01 2.803701e-01 4.608363e-01 1.424910e-02 8.196994e-01 1.312799e-01 6.538080e-01 1.084204e+00 2.325043e-01 3.438709e-01 3.710747e-01 9.382029e-02 1.011764e+00 1.793482e-01 6.924273e-01 7.249138e-01 1.080370e+00 1.116602e-01 1.964940e-01 7.061330e-02 3.204936e-01 4.497350e-01 1.049805e+00 3.485626e-01 4.262411e-01 4.758574e-01 1.843567e-01 
3 43  1.000000000000000000e+05 0 0 7.307936e-01 1.390130e+00 -1.709386e-01 3.568140e-01 1.258438e-01 -5.962771e-02 9.410534e-01 2.345435e-01 3.459895e-01 6.796254e-01 5.666195e-01 1.717436e-01 4.275247e-03 7.717722e-01 8.044552e-01 6.288690e-01 1.006613e-01 8.734481e-01 4.027294e-01 1.477980e+00 -5.053062e-01 1.007470e+00 6.859080e-01 1.161457e+00 -1.303281e-01 -8.534219e-02 5.551077e-01 8.997182e-01 9.360005e-01 8.174659e-01 4.063545e-01 1.499039e-01 4.487871e-01 4.724104e-01 
4 57  5.394473934729097664e+02 0 0 3.737301e-01 1.693679e-01 3.096872e-01 5.677339e-01 3.937865e-01 5.289584e-02 1.257538e+00 2.359590e-01 -2.534382e-01 4.009868e-01 6.660115e-01 2.465048e-01 3.392917e-01 7.902085e-01 7.162586e-01 9.956092e-01 1.817382e-02 3.721460e-01 3.368956e-01 9.767080e-01 3.081113e-01 9.130694e-01 5.427133e-01 1.614601e+00 -3.084411e-01 3.191519e-01 4.702256e-01 6.956991e-01 -2.486297e-01 1.036064e+00 3.538380e-01 -1.922989e-01 5.858303e-02 2.010490e-01 
5 71  1.000000000000000000e+05 0 0 4.522196e-01 9.874722e-01 2.910133e-01 8.863617e-01 -7.417109e-02 2.363948e-01 1.192544e+00 5.088350e-01 -3.919590e-01 3.981537e-01 7.090475e-01 7.986685e-01 1.332717e+00 4.441778e-01 7.632903e-01 1.487287e+00 4.751986e-01 3.913479e-01 -8.204789e-02 5.204973e-01 3.160784e-01 1.184414e+00 9.045484e-01 1.731833e+00 3.866257e-01 1.031202e+00 1.217263e-01 -4.675573e-01 2.503865e-01 9.611949e-01 5.672026e-02 -5.002668e-01 3.538812e-01 4.817874e-01 
6 85  1.000000000000000000e+05 0 0 3.401517e-01 1.327081e-01 2.117246e-01 1.472844e-01 1.122374e-01 -2.355175e-01 8.572876e-01 1.524918e-01 -4.574809e-01 4.202734e-01 2.512730e-01 1.211081e+00 4.076131e-01 5.309794e-01 6.234934e-01 1.376588e+00 2.466960e-01 7.914734e-01 6.268554e-02 5.972109e-01 4.340499e-01 2.603001e-01 6.940840e-01 1.262810e+00 -7.741992e-02 3.772790e-01 -5.979763e-02 2.722851e-01 3.081295e-02 1.227802e+00 2.585609e-01 -2.800107e-01 9.033316e-01 -5.768093e-02 
7 99  1.000000000000000000e+05 0 0 3.101125e-01 1.049004e+00 1.293768e-01 9.168967e-01 3.180717e-01 6.571262e-01 4.346861e-01 5.817295e-01 -5.005157e-01 2.999927e-01 4.555839e-01 5.641381e-01 2.458013e-01 -9.064701e-02 -5.375567e-01 4.825349e-01 -1.293024e-01 3.557646e-01 3.155724e-01 1.055265e+00 4.383844e-01 4.985721e-01 1.092889e+00 6.019210e-01 -1.520086e-01 3.644724e-01 5.064611e-01 5.553861e-01 9.541722e-01 2.589011e-01 8.827488e-02 7.043223e-01 6.752585e-01 1.594569e-01 
8 113  3.735827173494324597e+03 0 0 8.872719e-01 5.398271e-01 4.879581e-01 2.870468e-01 6.164052e-02 1.539114e-01 1.006189e+00 7.847082e-01 -4.514226e-01 9.609121e-02 8.290433e-01 6.635692e-01 1.706594e-01 2.716198e-01 2.046123e-01 6.856773e-01 -6.472122e-02 2.536130e-01 3.069298e-01 1.399095e+00 5.039757e-01 6.320636e-01 6.785174e-01 9.003737e-01 1.552607e-01 4.818086e-02 5.014265e-01 -6.318555e-02 3.810481e-01 6.227836e-01 7.520478e-01 2.910383e-01 4.011682e-01 4.531594e-01 
9 127  1.000000000000000000e+11 0 0 1.082087e+00 7.546530e-01 6.280558e-01 3.037277e-01 3.105811e-01 7.872100e-02 1.067975e+00 1.060929e+00 9.051672e-02 6.504244e-02 1.250360e-01 1.042123e+00 5.110482e-01 5.407794e-02 2.536930e-01 6.076255e-01 1.015887e+00 5.681787e-01 -1.259262e-01 1.093745e+00 -3.909858e-01 7.516218e-01 5.218210e-01 1.185634e+00 1.797661e-02 1.950607e-01 1.109697e+00 5.755064e-01 4.563461e-01 1.133052e+00 5.657019e-01 2.989809e-01 3.321039e-01 3.862491e-01 
10 141  1.000000000000000000e+11 0 0 1.178274e+00 8.938993e-01 5.132693e-01 2.442029e-01 1.169299e-01 4.702974e-02 9.404431e-01 9.023661e-01 1.388334e-01 2.030311e-01 5.350028e-01 9.207068e-01 3.073689e-01 5.938647e-01 -2.555207e-01 9.391197e-01 9.454782e-01 4.466129e-01 1.981975e-01 1.240725e+00 -1.483096e-01 3.297054e-01 1.318898e+00 1.191797e+00 -3.775439e-02 -1.798888e-01 4.405936e-01 1.908466e-01 7.584927e-01 9.429530e-01 4.794923e-01 3.701585e-01 2.474714e-01 -1.521167e-01 
11 155  1.000000000000000000e+11 0 0 8.379845e-01 8.468367e-01 7.022711e-01 2.102246e-01 4.605319e-01 2.880106e-01 6.137222e-01 1.233704e+00 -1.821875e-01 5.293322e-01 3.212410e-01 8.119115e-01 3.593345e-01 7.200406e-01 3.428855e-01 6.986708e-01 5.791232e-01 4.196414e-01 3.291388e-01 9.748535e-01 -9.781997e-01 8.521482e-01 1.219555e+00 7.159262e-01 4.982974e-01 -8.368365e-02 4.335696e-01 1.195276e-01 1.079123e+00 1.003482e+00 9.975461e-01 4.876169e-01 -9.486944e-04 6.527249e-01 
12 169  6.330360552817360258e+03 0 0 8.864906e-01 6.975306e-02 4.457428e-01 2.208260e-01 3.123854e-01 6.148215e-02 8.707496e-01 6.406665e-01 -2.510659e-01 7.887316e-01 5.166409e-01 1.295862e+00 4.996063e-03 3.314002e-01 2.995145e-01 7.471110e-01 4.921838e-01 6.356303e-01 5.870009e-01 8.715016e-01 -5.327901e-01 3.768446e-01 7.929360e-01 5.876501e-01 3.139329e-01 2.464501e-02 5.895777e-01 -1.202964e-02 1.203102e+00 1.279976e+00 7.238940e-01 1.559774e-01 -3.310924e-01 5.266637e-01 
13 183  1.000000000000000000e+05 0 0 7.664816e-01 8.430671e-01 6.142343e-01 2.757587e-01 3.491179e-01 5.186893e-01 4.947140e-01 3.782276e-01 3.898001e-01 3.322733e-01 2.210374e-01 5.472446e-01 3.852118e-01 -2.992630e-01 1.200984e-01 3.273033e-01 7.645311e-01 6.036599e-01 7.633684e-01 2.315565e-01 8.364166e-02 6.090185e-01 1.071437e+00 4.966043e-01 -1.304815e-01 -2.316582e-01 8.998751e-01 5.343450e-01 1.323734e+00 7.358641e-01 3.606207e-01 3.468108e-01 1.331404e-01 3.142795e-01 
14 197  1.000000000000000000e+05 0 0 9.075043e-01 7.132372e-01 8.724934e-01 2.838783e-01 2.342342e-01 1.042608e+00 7.973359e-01 7.048502e-01 4.165876e-01 4.943699e-01 3.851062e-01 9.943100e-01 7.781215e-01 -4.056071e-01 3.537552e-01 8.055338e-01 9.614377e-01 -1.044375e-01 1.502955e-01 6.318591e-01 5.183798e-01 6.626718e-01 6.883424e-01 6.711966e-01 -7.409737e-03 -1.469429e-01 7.046532e-01 3.328055e-01 6.198378e-01 8.173209e-01 2.791219e-01 2.401051e-01 1.907549e-01 4.687058e-01 
15 211  1.000000000000000000e+05 0 0 8.694923e-01 6.201424e-01 6.466369e-01 2.367644e-01 -1.767322e-02 1.204600e+00 7.052839e-01 7.488243e-01 -2.199572e-01 7.315418e-02 2.802297e-01 7.373107e-01 5.057980e-01 1.136302e-01 3.810869e-01 8.887343e-02 8.194146e-01 4.461382e-01 -1.337361e-01 8.921688e-01 8.922437e-01 6.389836e-01 8.167852e-01 6.224498e-01 2.797090e-01 1.126696e-01 5.980397e-01 4.949689e-01 7.648392e-01 9.507477e-01 7.869114e-02 1.994496e-01 1.862608e-02 4.824948e-01 
16 225  1.000000000000000000e+11 0 0 2.331723e-01 7.200038e-01 5.796996e-01 3.624686e-01 9.408505e-01 4.433271e-01 6.167922e-01 8.029058e-01 2.579544e-01 5.094390e-01 5.220423e-01 4.098802e-01 4.058996e-01 1.715499e-01 3.182945e-01 2.113549e-01 9.187816e-01 1.602520e-01 -1.020930e-02 3.433955e-01 2.660315e-01 6.525223e-01 7.971224e-01 2.076598e-01 -2.572245e-01 -1.201967e-02 1.271690e-01 -9.400292e-02 6.498483e-01 8.647900e-01 1.167185e-01 -6.292456e-02 3.410280e-01 4.634762e-01 
17 239  1.000000000000000000e+05 0 0 6.982417e-01 6.173940e-01 1.690396e-01 6.018975e-01 4.051536e-01 9.213082e-01 2.863749e-01 6.624665e-01 7.960566e-01 4.591123e-01 5.289716e-01 8.522701e-01 -1.081423e-01 2.549704e-01 1.630706e-01 2.835659e-01 6.038174e-01 4.790977e-01 -3.353558e-02 4.607454e-01 7.394520e-01 4.333316e-01 8.233287e-01 5.955699e-01 7.306351e-02 2.450324e-01 6.241343e-02 4.109450e-02 6.426951e-01 4.328924e-01 2.140861e-01 1.084027e-02 -3.662277e-02 5.525284e-01 
18 253  1.000000000000000000e+05 0 0 6.628809e-01 1.288558e-01 3.985864e-01 4.418078e-01 2.467858e-01 6.605996e-01 4.837869e-01 4.457320e-01 7.381505e-01 4.145071e-01 2.453290e-01 1.202891e+00 -2.105906e-01 1.535403e-01 6.064261e-01 5.040489e-01 4.864290e-01 1.228262e-01 9.600749e-02 3.718107e-01 2.526252e-01 3.961854e-01 4.694900e-01 1.767096e-01 3.023761e-01 -3.943076e-02 5.797425e-02 6.737118e-03 6.731210e-01 5.836856e-01 3.120751e-02 8.095303e-02 -1.698174e-02 1.033626e+00 
19 267  1.000000000000000000e+11 0 0 5.733752e-01 3.133985e-01 5.519642e-01 7.609097e-01 1.056568e-01 6.155990e-01 7.996902e-01 8.546175e-01 5.130794e-01 5.696002e-01 5.529157e-01 6.499712e-01 4.772995e-01 2.546708e-01 5.671106e-01 7.009253e-01 6.014233e-01 1.883475e-01 1.393432e-01 1.021718e+00 4.270765e-01 6.274464e-01 8.583527e-01 6.749381e-01 4.045791e-02 3.137097e-01 2.534164e-01 2.209859e-01 8.619775e-01 8.764100e-01 3.421423e-01 -2.889663e-03 8.948737e-02 8.669820e-01 
20 281  1.000000000000000000e+11 0 0 6.602136e-01 1.044392e-01 2.815066e-01 7.787209e-01 4.968224e-01 3.993814e-01 6.622912e-01 1.090849e+00 1.756829e-01 6.810411e-01 6.310823e-01 8.645113e-01 -4.424458e-02 4.026642e-01 3.779126e-01 4.340393e-01 4.109028e-01 -9.597415e-02 3.312969e-01 9.585724e-01 2.534670e-01 8.315819e-01 6.482741e-01 2.561420e-01 2.176731e-01 1.925073e-01 3.203802e-01 -3.367394e-01 8.931631e-01 5.282680e-01 -1.294904e-01 1.342140e-01 6.148404e-01 9.949498e-01 
21 295  1.000000000000000000e+05 0 0 8.843452e-01 3.021373e-01 8.293481e-01 3.913911e-01 2.268699e-01 6.319670e-01 1.082092e+00 5.865721e-01 3.331736e-01 5.032854e-01 8.817647e-02 6.497053e-01 7.398612e-02 1.059162e-02 5.031561e-01 7.554601e-01 7.228652e-01 3.376938e-01 -1.029983e-01 9.215379e-01 4.043288e-01 5.578626e-01 8.347777e-01 3.395502e-01 -1.903303e-02 2.266313e-01 -1.448798e-02 1.001628e-01 1.157456e+00 8.537163e-01 6.177039e-01 3.566429e-01 -2.368442e-02 7.623802e-01 
22 309  1.000000000000000000e+05 0 0 4.183660e-01 5.771780e-01 4.857441e-01 3.783919e-01 -1.864520e-01 6.312852e-01 9.157982e-01 3.958490e-01 1.769745e-01 6.063447e-01 4.451250e-01 5.065854e-01 4.247700e-01 2.463085e-01 4.915727e-01 4.935839e-01 6.832192e-01 4.764494e-01 -1.030927e-01 7.632043e-01 8.538841e-01 4.670351e-01 9.312105e-01 5.131989e-01 1.820887e-01 5.311251e-02 -1.652399e-01 3.047854e-01 8.679227e-01 4.589535e-01 -1.061176e-01 1.855090e-01 3.278811e-01 5.508427e-01 
23 323  1.000000000000000000e+05 0 0 5.713068e-01 4.120986e-01 7.267073e-01 7.246973e-01 3.718791e-01 4.892652e-01 2.273062e-01 3.442185e-01 6.440322e-01 2.810253e-01 1.498934e-01 9.942292e-01 4.877067e-01 6.132418e-02 5.796788e-01 3.163050e-01 6.078828e-01 3.100706e-01 1.481063e-01 7.902138e-01 7.383521e-01 4.493345e-01 6.603909e-01 6.438530e-01 1.276496e-02 3.234703e-02 -1.676977e-01 2.565577e-01 6.223129e-01 6.579744e-01 4.962341e-02 1.094952e-01 2.940908e-01 1.033182e+00 
24 337  1.000000000000000000e+05 0 0 6.479079e-01 3.519572e-01 5.518196e-01 1.149633e-01 1.485903e-01 3.404604e-01 6.962740e-01 4.255260e-01 3.540006e-01 1.193061e-01 5.231403e-01 6.402053e-01 5.273876e-01 3.802720e-01 5.823686e-01 8.912756e-01 8.395193e-01 2.622554e-01 -3.013328e-02 6.953645e-01 8.620331e-01 9.460608e-01 6.466904e-01 5.700232e-01 5.541700e-01 1.196397e-01 4.790017e-02 3.288060e-01 3.607709e-01 6.807938e-01 8.427728e-01 4.273197e-01 4.595879e-01 7.855542e-01 
25 351  1.000000000000000000e+05 0 0 4.904715e-01 8.597209e-01 4.734883e-01 -6.965405e-02 2.048708e-01 3.250649e-01 6.176683e-01 2.303910e-01 2.903803e-01 1.629392e-01 1.431807e-01 8.217934e-01 6.888846e-01 4.912159e-01 7.000872e-01 6.649288e-01 6.162066e-01 1.679542e-01 6.225269e-02 8.447151e-01 8.934895e-01 6.254042e-01 8.304229e-01 4.737091e-01 5.449482e-01 2.405441e-01 1.659467e-01 2.028019e-01 5.754750e-01 9.005772e-01 8.447147e-01 6.636209e-01 3.338574e-01 7.036104e-01 
26 365  1.000000000000000000e+05 0 0 4.881784e-01 3.789624e-01 5.889211e-01 1.743051e-01 1.903331e-01 4.247639e-01 6.110718e-01 3.912443e-01 5.123621e-01 2.149377e-01 3.804382e-01 1.011715e+00 1.257196e-01 3.843865e-01 6.041170e-01 6.729106e-01 1.076569e+00 1.869139e-01 1.243014e-01 5.496196e-01 1.017368e+00 8.775994e-01 9.675405e-01 3.874490e-01 8.620036e-01 1.795367e-01 -5.841984e-02 1.125405e-01 7.164730e-01 7.960776e-01 5.743969e-01 5.777241e-01 3.770328e-01 7.560770e-01 
27 379  1.000000000000000000e+05 0 0 -1.631544e-02 5.117131e-01 8.173521e-01 2.079289e-01 4.700748e-01 4.093630e-01 6.223440e-01 2.736944e-01 9.682706e-02 -1.178166e-01 2.174475e-01 1.068458e+00 5.496706e-01 5.259689e-01 9.072392e-01 9.241845e-01 1.092865e+00 5.090804e-01 2.355685e-01 6.050137e-01 4.906422e-01 6.470267e-01 5.888466e-01 5.278802e-01 6.087139e-01 1.982473e-01 -2.304977e-01 1.915404e-01 7.143947e-01 7.743149e-01 7.959729e-01 6.198274e-01 3.134064e-01 6.814330e-01 
28 393  1.000000000000000000e+05 0 0 4.947535e-01 3.042128e-01 6.573205e-01 3.494260e-01 2.593220e-01 1.332520e-01 3.422274e-01 1.232535e-01 2.090977e-01 2.915186e-01 1.854125e-01 1.040196e+00 5.747003e-01 1.520683e-01 4.109189e-01 8.619111e-01 1.059145e+00 1.843513e-01 -1.763043e-01 8.990276e-01 5.337668e-01 4.994069e-01 4.852877e-01 4.548503e-01 5.313833e-01 -1.663064e-01 7.979476e-02 2.268456e-01 7.030377e-01 8.511066e-01 3.057185e-01 3.292796e-01 2.509905e-01 8.424380e-01 
29 407  1.000000000000000000e+05 0 0 3.819550e-01 6.769415e-01 5.323708e-01 5.596410e-02 2.419860e-01 2.614809e-01 6.358465e-01 -1.708693e-02 2.745654e-01 3.891756e-01 -3.593933e-02 8.511862e-01 3.117503e-01 9.278563e-02 9.142731e-01 1.106623e+00 6.419252e-01 1.520197e-01 1.182689e-01 8.325419e-01 6.609910e-01 6.975258e-01 4.176131e-01 3.839147e-01 1.026391e+00 8.977102e-03 3.532517e-01 -1.968308e-02 4.465553e-01 7.651780e-01 7.968550e-01 1.602763e-01 2.614076e-02 8.291882e-01 
30 421  1.000000000000000000e+05 0 0 4.779472e-01 2.528860e-01 6.324078e-01 1.091994e-01 1.325353e-01 2.940412e-01 2.703597e-01 1.811357e-01 1.617871e-01 3.933337e-01 4.488730e-01 7.022222e-01 2.018462e-01 6.344036e-01 6.181283e-01 6.481036e-01 6.429077e-01 1.859270e-03 6.223985e-02 9.930362e-01 4.832832e-01 9.702163e-01 8.831372e-01 3.238213e-01 1.039082e+00 3.182054e-01 3.012479e-01 4.322512e-01 4.531182e-01 4.941224e-01 4.067021e-01 1.475024e-01 2.480906e-02 8.581484e-01 
31 435  1.000000000000000000e+05 0 0 6.626705e-01 -9.049871e-02 5.729388e-01 1.576118e-02 2.677674e-01 3.251976e-01 8.966436e-01 3.232941e-01 3.347097e-01 5.981249e-01 2.892560e-01 9.543127e-01 4.002648e-01 5.385563e-01 6.254165e-01 8.185342e-01 5.762102e-01 1.381380e-01 -2.654037e-01 5.942316e-01 6.418485e-01 8.668085e-01 5.750931e-01 5.509978e-01 8.946932e-01 6.084273e-01 4.504933e-01 3.564150e-01 6.251314e-02 5.987022e-01 4.318786e-01 2.856482e-01 1.788617e-01 7.248722e-01 
32 449  1.000000000000000000e+05 0 0 3.875043e-01 6.642722e-01 7.879696e-01 2.163148e-02 3.782307e-01 5.442034e-01 5.631794e-01 2.881562e-01 3.552158e-01 4.454184e-01 7.771705e-01 7.010731e-01 1.680255e-01 3.288913e-01 6.543238e-01 9.038172e-01 9.590724e-01 2.732942e-01 6.891975e-02 8.858560e-01 7.019143e-01 7.626671e-01 7.645605e-01 9.878313e-02 7.165365e-01 2.135659e-01 3.704401e-01 2.095409e-01 6.279502e-01 8.150888e-01 6.753180e-01 1.078089e-01 1.443186e-01 7.152258e-01 
33 463  1.000000000000000000e+05 0 0 3.136592e-01 6.038106e-01 7.888634e-01 2.236260e-01 3.655745e-02 3.575683e-01 5.309276e-01 3.425088e-01 1.178431e-01 1.569058e-01 3.376886e-01 8.554160e-01 -6.441449e-03 4.826809e-01 4.991341e-01 6.566146e-01 8.225687e-01 1.307038e-01 9.600595e-02 1.126231e+00 8.658488e-01 7.689106e-01 7.436306e-01 2.359760e-01 6.387610e-01 2.085049e-01 3.969991e-01 2.880434e-01 6.103419e-01 9.359669e-01 6.557583e-01 1.811992e-01 2.728781e-01 7.720576e-01 
34 477  1.000000000000000000e+05 0 0 7.030439e-01 6.367447e-01 7.745204e-01 1.244676e-01 3.722986e-01 5.892723e-01 6.433164e-01 3.656240e-01 1.861257e-01 7.501006e-01 5.085130e-01 9.741628e-01 -1.606867e-01 3.153298e-01 2.781374e-01 8.703304e-01 9.665489e-01 3.676040e-01 1.206642e-02 7.689086e-01 6.007435e-01 4.838797e-01 1.003943e+00 2.582846e-01 6.009404e-01 1.813304e-01 4.141357e-01 3.458353e-01 5.515895e-01 8.542090e-01 1.028887e+00 3.179782e-01 2.144295e-01 6.736235e-01 
35 491  1.000000000000000000e+05 0 0 4.554654e-01 6.582474e-01 8.474082e-01 2.698955e-01 5.361682e-01 5.191055e-01 5.452838e-01 2.898203e-01 5.380243e-01 5.369750e-01 4.402576e-01 8.156837e-01 3.226432e-01 5.753391e-01 5.314152e-01 7.271772e-01 1.069356e+00 -6.630160e-02 -1.983746e-01 5.119253e-01 8.385961e-01 5.597334e-01 6.227382e-01 1.249330e-01 4.545664e-01 2.184160e-01 6.101354e-01 1.056393e-01 6.090898e-01 7.408693e-01 6.862748e-01 3.036316e-01 2.256931e-01 7.328160e-01 
36 505  1.000000000000000000e+05 0 0 3.536948e-01 7.952868e-01 5.706854e-01 2.811818e-01 -8.039017e-03 6.596491e-01 7.948521e-01 1.986035e-01 2.950308e-01 4.859584e-01 6.195738e-01 6.782459e-01 1.907900e-01 5.648081e-01 6.469840e-01 6.931914e-01 9.796217e-01 2.819584e-01 4.936572e-02 5.194828e-01 6.646423e-01 8.657355e-01 9.254535e-01 2.674999e-01 6.784993e-01 1.557386e-02 3.897342e-01 1.478619e-01 5.954047e-01 6.594935e-01 7.881097e-01 4.574031e-01 2.704362e-02 3.328903e-01 
37 519  1.000000000000000000e+05 0 0 7.973089e-01 7.788498e-01 5.839878e-01 3.254999e-01 2.037253e-01 7.703760e-01 7.584480e-01 3.023705e-01 5.328936e-01 2.625258e-01 5.384340e-01 8.166216e-01 5.596191e-03 5.873453e-01 5.065866e-01 6.096229e-01 8.706952e-01 1.003529e-01 2.160811e-01 5.182830e-01 6.185017e-01 9.026681e-01 5.979718e-01 2.121329e-01 8.193415e-01 2.576332e-01 7.886388e-01 1.780880e-01 3.951609e-01 5.365572e-01 1.059779e+00 1.850295e-01 2.003977e-01 7.652741e-01 
38 533  1.000000000000000000e+05 0 0 6.005111e-01 6.420223e-01 6.458168e-01 5.148883e-01 1.169463e-01 4.163299e-01 5.423758e-01 1.971795e-01 8.892654e-01 5.997105e-01 5.364439e-01 7.175428e-01 1.407407e-01 3.962116e-01 5.142429e-01 6.139568e-01 6.524110e-01 2.343385e-01 3.545269e-01 7.071764e-01 7.204365e-01 7.108580e-01 7.653206e-01 2.796176e-01 7.252981e-01 1.672292e-01 4.015526e-01 3.507097e-01 1.478650e-01 6.519563e-01 5.907850e-01 4.352886e-01 2.047959e-01 8.186219e-01 
39 547  1.000000000000000000e+05 0 0 5.625805e-01 5.250313e-01 4.863550e-01 4.142736e-01 1.263095e-01 4.368231e-01 5.266226e-01 1.841979e-01 7.346584e-01 3.759049e-01 4.331928e-01 8.626801e-01 -4.813560e-03 4.185114e-01 4.947279e-01 6.796474e-01 6.726875e-01 2.436158e-01 3.374416e-01 8.845761e-01 5.900957e-01 8.457961e-01 7.357968e-01 3.861361e-01 6.201815e-01 2.261972e-01 3.081157e-01 9.661101e-02 1.648223e-01 5.547531e-01 6.674298e-01 2.516939e-01 1.384018e-01 6.905178e-01 
40 561  1.000000000000000000e+05 0 0 6.563435e-01 6.645714e-01 7.428116e-01 4.052063e-01 1.253882e-01 6.676442e-01 4.285080e-01 3.299768e-01 7.037927e-01 6.019669e-01 6.280587e-01 8.486666e-01 1.464026e-01 5.828678e-01 1.627946e-01 5.395798e-01 8.108382e-01 1.966965e-01 1.010141e-01 5.323938e-01 8.138453e-01 5.730638e-01 7.789488e-01 3.150183e-01 7.992438e-01 2.327516e-01 4.773180e-01 2.630101e-01 3.841754e-01 4.059309e-01 5.995684e-01 2.689756e-01 3.837223e-01 5.918310e-01 
41 575  1.000000000000000000e+05 0 0 5.675761e-01 3.928898e-01 4.069448e-01 3.357726e-01 1.308752e-01 5.686832e-01 5.672088e-01 4.879736e-01 6.465145e-01 3.698254e-01 5.497686e-01 7.986551e-01 2.343749e-01 1.569961e-01 5.235944e-01 4.927678e-01 7.118045e-01 4.066802e-02 1.770674e-01 6.531270e-01 5.530120e-01 7.616346e-01 7.769569e-01 2.727310e-01 6.168381e-01 2.905006e-01 4.364618e-01 4.168860e-01 3.863589e-01 2.365502e-01 6.069787e-01 1.491228e-01 1.743085e-01 6.629237e-01 
42 589  1.000000000000000000e+05 0 0 4.310702e-01 7.235710e-01 6.748730e-01 4.077026e-01 2.862625e-01 4.875506e-01 7.520774e-01 1.838325e-01 4.853939e-01 5.847313e-01 2.616819e-01 7.707076e-01 4.469998e-01 3.468775e-01 6.781564e-01 1.779822e-01 7.879963e-01 1.307718e-01 1.225042e-01 7.327391e-01 4.032562e-01 7.313729e-01 9.414410e-01 4.007280e-02 5.446428e-01 1.627276e-01 5.760143e-01 3.163968e-01 2.393938e-01 8.085568e-01 6.284991e-01 3.280279e-01 4.540213e-01 6.225441e-01 
43 603  1.000000000000000000e+05 0 0 5.148956e-01 7.746241e-01 7.475901e-01 4.168974e-02 1.461369e-01 3.825069e-01 6.819196e-01 2.191729e-01 4.643272e-01 4.863490e-01 5.504518e-01 7.640580e-01 1.273007e-01 6.997989e-01 5.863173e-01 5.767291e-01 9.320897e-01 -2.197083e-02 2.967759e-02 7.655212e-01 6.231022e-01 6.223446e-01 9.136698e-01 3.204791e-01 7.175696e-01 2.200364e-02 4.049997e-01 6.684149e-01 2.123520e-01 6.610981e-01 6.035238e-01 5.565677e-02 3.858226e-01 5.423740e-01 
44 617  1.000000000000000000e+05 0 0 5.265037e-01 6.168989e-01 6.053046e-01 5.814145e-01 9.916524e-02 4.867493e-01 3.346619e-01 9.636727e-02 6.389779e-01 9.074868e-01 3.923066e-01 8.895503e-01 6.010039e-02 4.081851e-01 4.255242e-01 4.980288e-01 9.439131e-01 2.549147e-01 1.910514e-03 7.096894e-01 8.543632e-01 9.494633e-01 8.775422e-01 2.999575e-01 3.506500e-01 3.501567e-01 5.336138e-01 4.507639e-01 -1.031781e-01 6.835370e-01 7.325039e-01 2.649344e-01 3.288257e-01 4.838949e-01 
45 631  1.000000000000000000e+05 0 0 6.169758e-01 6.380698e-01 7.380512e-01 4.511729e-01 -3.966579e-02 7.252025e-01 6.468971e-01 6.356334e-01 4.409970e-01 6.398889e-01 3.961554e-01 7.375386e-01 1.245047e-01 4.128814e-01 2.515933e-02 2.649933e-01 8.413490e-01 1.312116e-01 -6.031498e-02 5.395988e-01 7.920401e-01 7.631649e-01 8.584781e-01 3.368717e-01 6.168702e-01 2.576700e-01 6.138082e-01 7.938135e-01 2.454850e-01 7.053386e-01 5.419685e-01 2.730304e-01 6.974634e-01 7.440178e-01 
46 645  1.000000000000000000e+05 0 0 5.368458e-01 7.994095e-01 8.303311e-01 7.450769e-01 -6.022235e-02 7.841959e-01 5.022751e-01 8.168373e-02 4.601731e-01 8.800099e-01 2.966512e-01 9.352976e-01 1.073672e-01 2.570524e-01 -1.457364e-01 6.094223e-01 8.954689e-01 3.865521e-01 -3.950518e-02 6.053154e-01 3.542094e-01 6.974944e-01 4.666908e-01 1.411393e-01 7.657579e-01 1.720181e-01 5.892345e-01 5.396313e-01 3.685489e-01 7.284957e-01 1.006022e+00 1.521579e-01 6.282476e-01 4.617889e-01 
47 659  1.000000000000000000e+05 0 0 6.713913e-01 4.202787e-01 3.216157e-01 8.595984e-01 2.531689e-01 6.467752e-01 6.421757e-01 -1.531752e-03 7.905090e-01 8.023317e-01 4.939660e-01 1.291532e+00 2.063220e-01 1.992989e-02 2.682601e-01 -6.361356e-02 8.756866e-01 3.043648e-01 3.068598e-01 8.378155e-01 6.076073e-01 1.128343e+00 7.564061e-01 2.643190e-01 1.032176e+00 3.366518e-01 7.816862e-03 4.718940e-01 5.376532e-01 6.868460e-01 7.391058e-01 1.253218e-01 5.288207e-01 8.833317e-01 
48 673  1.000000000000000000e+05 0 0 5.341969e-01 2.979074e-01 7.586497e-01 7.696166e-01 3.812858e-01 1.001808e+00 7.235376e-01 3.793222e-01 7.049445e-01 8.186822e-01 6.529030e-01 1.042661e+00 -2.099117e-02 2.901713e-01 1.413434e-02 4.807500e-01 1.131618e+00 3.584801e-01 9.452187e-02 5.458361e-01 5.434730e-01 8.686623e-01 1.030921e+00 -9.509696e-02 5.942083e-01 6.597477e-01 5.806197e-01 5.991494e-01 3.885472e-01 4.625120e-01 5.285165e-01 4.896173e-01 5.096150e-01 4.177826e-01 
49 687  1.000000000000000000e+05 0 0 9.079048e-01 3.047690e-01 7.767056e-01 5.366402e-01 -1.575390e-02 1.035840e+00 4.699263e-01 5.663525e-01 7.127488e-01 8.370872e-01 4.184065e-01 8.926366e-01 -6.658469e-02 -1.574532e-02 4.801582e-01 4.399951e-01 1.034545e+00 4.264575e-01 4.675719e-02 1.029055e+00 6.384516e-01 5.360547e-01 2.354474e-01 3.810377e-01 7.286669e-01 7.439450e-01 3.712811e-01 5.553698e-01 3.914664e-01 5.075227e-01 6.539607e-01 4.285497e-01 3.799310e-01 1.024113e+00 
50 701  1.000000000000000000e+05 0 0 9.048633e-01 4.645352e-01 6.793084e-01 5.859966e-01 -5.331625e-02 1.131302e+00 1.380681e-01 3.545429e-01 6.898299e-01 8.045287e-01 5.175967e-01 1.101535e+00 1.486310e-01 3.950821e-01 2.932661e-01 4.663072e-02 7.126956e-01 1.800830e-01 3.814196e-01 8.111214e-01 8.158919e-01 5.193076e-01 3.379488e-01 2.430513e-01 1.053792e+00 1.100109e+00 1.356533e-01 8.736269e-02 3.877349e-01 9.527502e-01 8.499346e-01 3.171723e-01 5.977501e-01 6.624647e-01 
51 715  1.000000000000000000e+05 0 0 6.273878e-01 9.444478e-01 6.357394e-01 4.659911e-01 1.010349e-01 5.611960e-01 5.657575e-01 4.344916e-01 5.383745e-01 5.549001e-01 2.389442e-01 5.723084e-01 2.398205e-01 4.364687e-01 1.598688e-01 6.380419e-01 1.012986e+00 2.375899e-01 1.121278e-01 8.447513e-01 9.006214e-01 5.814911e-01 2.490793e-01 2.453086e-01 8.411884e-01 6.452710e-01 -1.675038e-02 5.060696e-01 3.680135e-01 1.128075e+00 5.999129e-01 -3.434619e-02 3.057713e-01 9.614818e-01 
52 729  1.000000000000000000e+05 0 0 7.561443e-01 7.889006e-01 6.706044e-01 1.257295e+00 -2.261098e-01 1.062147e+00 5.820326e-01 4.143515e-01 6.031764e-01 7.081391e-01 6.305378e-03 5.521939e-01 3.089098e-01 3.999982e-01 1.371547e-01 4.759233e-01 8.070128e-01 6.919514e-01 2.414748e-01 8.290462e-01 8.794014e-01 9.324977e-01 1.905447e-01 2.583547e-01 5.583279e-01 4.968194e-01 1.528418e-01 5.760507e-01 4.868163e-01 6.031074e-01 3.174062e-01 5.733059e-01 1.971339e-01 4.469170e-01 
53 743  1.000000000000000000e+05 0 0 6.180213e-01 6.482693e-01 6.873283e-01 5.865215e-01 -1.504601e-01 9.330607e-01 1.947089e-01 4.481751e-01 3.746755e-01 6.930013e-01 2.123713e-01 7.626379e-01 -4.639186e-03 6.473755e-01 2.341049e-01 1.888582e-01 9.444895e-01 2.318738e-01 3.682099e-01 3.578263e-01 7.519931e-01 3.284413e-01 1.245896e-01 3.537441e-01 6.775708e-01 8.497809e-01 7.571672e-02 4.205373e-01 4.140003e-01 -1.243662e-01 3.202465e-01 1.755866e-01 5.300606e-01 5.806924e-01 
54 757  1.000000000000000000e+05 0 0 6.905532e-01 7.369573e-01 8.625456e-01 7.776325e-01 -3.687559e-02 8.213085e-01 7.283944e-01 5.024635e-01 3.695772e-01 6.864627e-01 2.815269e-01 7.680859e-01 3.771919e-01 5.442534e-02 3.125438e-01 2.772591e-02 5.119560e-01 6.920116e-01 7.459403e-02 8.642040e-01 7.434908e-01 5.278383e-01 4.098153e-01 7.064296e-01 5.024015e-01 7.946005e-01 3.839087e-01 2.332322e-01 5.411369e-01 2.524827e-01 2.752609e-01 3.386813e-01 3.134825e-01 3.399181e-01 
55 771  1.000000000000000000e+05 0 0 4.754714e-01 7.582646e-01 7.471278e-01 8.850378e-01 2.779762e-01 8.502722e-01 7.425351e-01 3.229989e-01 3.856902e-01 6.040285e-01 2.154542e-01 3.004473e-01 1.596882e-01 4.348974e-01 2.626775e-01 2.543301e-01 4.591795e-01 4.481771e-01 2.863504e-01 5.796390e-01 6.210260e-01 4.294266e-01 3.467393e-01 7.205744e-01 5.242628e-01 6.358300e-01 4.675214e-01 3.433909e-01 3.796901e-01 4.735863e-01 3.658367e-01 3.545417e-01 8.914482e-02 7.133453e-01 
56 785  1.000000000000000000e+05 0 0 5.425475e-01 3.363267e-01 1.214377e+00 9.416788e-01 3.205077e-01 4.295952e-01 5.485777e-01 3.893971e-01 1.354341e-01 5.964803e-01 4.004574e-01 6.011993e-01 3.662412e-01 4.132527e-01 8.122232e-01 3.908881e-01 6.886855e-01 2.530801e-01 5.965607e-01 8.184654e-01 7.103381e-01 7.081862e-01 3.144915e-01 6.236713e-01 6.164174e-01 5.333576e-01 3.992642e-01 4.426395e-01 3.793267e-01 3.239775e-01 4.133432e-01 2.717986e-01 7.290608e-02 9.796592e-01 
57 799  1.000000000000000000e+05 0 0 3.561073e-01 6.623746e-01 7.987593e-01 1.055835e+00 -7.617856e-02 8.966954e-01 1.931905e-01 9.302735e-01 3.214645e-01 8.278217e-01 1.603087e-02 3.961299e-01 2.840958e-01 2.774324e-01 6.058890e-03 1.900736e-01 6.265681e-01 2.218035e-01 1.948736e-01 9.210982e-01 4.949556e-01 6.446958e-01 3.885483e-01 3.857075e-01 7.206434e-01 5.991232e-01 6.303081e-01 3.233860e-01 7.961865e-01 6.126811e-01 1.932402e-01 -1.674719e-02 5.006687e-01 7.529570e-01 
58 813  1.000000000000000000e+05 0 0 4.958949e-01 4.000804e-01 9.907795e-01 1.479870e+00 -2.190960e-01 8.228802e-01 3.494553e-01 5.256139e-01 4.291860e-01 7.095955e-01 3.921016e-01 5.319091e-01 4.483123e-01 9.126964e-01 1.562690e-01 8.269960e-02 7.648192e-01 -1.863305e-02 3.527001e-01 8.136181e-01 5.220956e-01 3.145814e-01 3.478782e-01 4.137350e-01 7.157134e-01 7.588174e-01 3.611464e-01 2.368025e-01 4.723113e-01 1.474924e-01 2.220998e-01 1.774081e-01 6.564800e-01 8.981242e-01 
59 827  1.000000000000000000e+05 0 0 2.913635e-01 1.958840e-01 8.214954e-01 1.039839e+00 -7.470533e-02 9.736288e-01 7.854963e-01 5.465809e-01 2.093645e-02 7.036621e-01 2.829605e-01 4.602264e-01 6.798461e-01 6.710007e-01 7.204372e-01 3.644088e-01 9.976129e-01 7.561765e-01 5.874767e-01 9.009541e-01 5.939999e-01 3.043726e-01 6.554586e-01 7.966596e-01 6.651997e-01 6.578880e-01 3.565575e-01 1.576024e-01 9.378816e-01 1.379307e-01 3.965056e-02 9.711213e-02 -2.432947e-02 1.049725e+00 
60 841  1.000000000000000000e+05 0 0 7.322167e-01 3.742373e-01 8.825003e-01 1.328505e+00 4.320435e-01 8.434633e-01 7.263877e-01 5.908274e-01 -3.422793e-01 5.065650e-01 1.258942e-01 5.423875e-01 4.499011e-01 5.638204e-01 8.406029e-01 8.355364e-02 1.081593e+00 4.995264e-01 -6.366272e-02 1.065221e+00 6.584348e-01 -2.220307e-02 1.136293e+00 7.261895e-01 5.390002e-01 9.411953e-01 4.708473e-01 -3.993655e-02 1.305486e+00 1.116351e-01 2.362263e-01 1.020790e-01 -1.816998e-02 1.162469e+00 
61 855  1.000000000000000000e+05 0 0 4.135425e-01 3.241127e-01 8.452668e-01 7.605148e-01 -2.185728e-01 8.842328e-01 8.026390e-01 8.603820e-01 2.520215e-01 6.623066e-01 7.508778e-02 8.189390e-01 6.066066e-01 5.648607e-01 3.631633e-01 2.565497e-02 9.730963e-01 2.829736e-01 4.336663e-01 9.887880e-01 5.025984e-01 4.293390e-01 7.444245e-01 8.365718e-01 7.116878e-01 7.584224e-01 2.883151e-01 3.085708e-01 1.313093e+00 1.224813e-01 2.917819e-01 3.228298e-01 -5.553375e-02 8.749332e-01 
62 869  1.000000000000000000e+05 0 0 2.466300e-01 2.993299e-01 9.236052e-01 8.249083e-01 -1.790896e-02 6.521113e-01 4.290467e-01 7.461627e-01 3.207289e-01 6.225157e-01 7.770410e-02 9.973231e-01 7.382282e-01 6.833967e-01 1.229110e-01 4.425504e-01 4.793923e-01 4.924421e-01 2.311763e-01 6.851240e-01 7.128864e-01 6.538793e-01 6.613357e-01 8.020408e-01 7.817750e-01 7.279305e-01 2.752405e-01 1.804251e-01 1.037014e+00 9.011512e-03 2.853970e-01 2.011021e-02 9.398364e-02 1.139554e+00 
63 883  1.000000000000000000e+05 0 0 5.940768e-01 7.513956e-01 4.679383e-01 3.601497e-01 3.671721e-02 1.006516e+00 4.480524e-01 6.233343e-01 7.138087e-01 5.742850e-01 1.355862e-01 6.805075e-01 3.698342e-01 8.027835e-01 1.839131e-01 2.164360e-01 5.357440e-01 1.392639e-01 3.530844e-01 7.145348e-01 1.034231e+00 6.917794e-01 5.866762e-01 7.162461e-01 8.074884e-01 7.601883e-01 3.422573e-01 2.840552e-01 7.834245e-01 -1.316829e-02 -7.776383e-02 4.521913e-01 2.800478e-01 8.263035e-01 
64 897  1.000000000000000000e+05 0 0 5.896116e-01 5.269112e-01 7.905599e-01 3.852739e-01 -2.809424e-01 7.396511e-01 6.093616e-01 9.859448e-01 5.312648e-01 8.577873e-01 -1.114800e-01 3.692295e-01 3.202751e-01 8.884081e-01 4.649265e-01 1.718418e-01 5.403526e-01 1.890905e-01 3.765382e-01 8.282464e-01 7.346393e-01 2.848618e-01 5.295653e-01 7.531018e-01 6.073146e-01 1.018083e+00 1.156883e-01 4.429803e-01 7.903288e-01 4.989952e-01 3.882501e-02 1.921518e-01 5.698067e-01 7.637315e-01 
65 911  1.000000000000000000e+05 0 0 2.986068e-01 8.176297e-01 8.430768e-01 5.232083e-01 4.587967e-02 8.460188e-01 1.562458e-01 6.540245e-01 6.029369e-01 9.091509e-01 1.809139e-01 3.780442e-01 3.642903e-01 8.873715e-01 4.883088e-01 3.924841e-01 9.024578e-01 5.560957e-01 2.111544e-01 4.718335e-01 8.945656e-01 6.194795e-01 3.945769e-01 7.438415e-01 7.565139e-01 5.880884e-01 6.526467e-01 4.041201e-01 7.374187e-01 2.206376e-01 1.755970e-01 5.798837e-01 2.351587e-01 6.158511e-01 
66 925  1.000000000000000000e+05 0 0 4.622306e-01 7.398774e-01 7.511569e-01 2.860515e-01 1.880485e-01 7.528975e-01 6.056157e-01 6.057652e-01 4.989147e-01 7.502705e-01 -4.246824e-02 5.153116e-01 4.967037e-01 6.472468e-01 4.366461e-01 5.585230e-01 1.027628e+00 3.737728e-01 2.395857e-01 6.523387e-01 7.195237e-01 8.087580e-01 4.379716e-01 9.882484e-01 8.041265e-01 5.145916e-01 6.692321e-01 3.560375e-01 7.684320e-01 2.997375e-01 2.381756e-01 6.181036e-01 2.667854e-01 6.968302e-01 
67 939  1.000000000000000000e+05 0 0 5.577871e-01 4.635816e-01 7.443293e-01 5.394639e-01 1.477817e-01 6.753411e-01 4.734954e-01 4.933789e-01 4.855626e-01 7.872684e-01 1.656057e-01 3.586090e-02 6.944463e-01 7.804123e-01 4.578411e-01 6.613099e-01 8.882444e-01 7.953247e-01 4.231348e-01 2.140996e-01 6.976223e-01 5.567135e-01 4.407649e-01 9.204668e-01 1.050753e+00 5.876356e-01 7.456651e-01 5.803470e-01 8.937595e-01 2.201214e-01 4.201495e-01 3.413587e-01 -8.949278e-02 8.364391e-01 
68 953  1.000000000000000000e+05 0 0 3.300244e-01 4.474408e-01 1.197967e+00 2.326819e-01 -4.497602e-03 5.311142e-01 3.736123e-01 5.877767e-01 2.426868e-01 7.018531e-01 2.942297e-01 2.167928e-01 4.159704e-01 6.784313e-01 5.997589e-01 4.958174e-01 7.502493e-01 4.522553e-01 9.185121e-02 3.062459e-01 7.817492e-01 4.806274e-01 5.376228e-01 9.633675e-01 1.027934e+00 2.388276e-01 7.483517e-01 4.628423e-01 7.864395e-01 4.557339e-01 1.725974e-01 6.813103e-01 -3.159071e-02 6.872503e-01 
69 967  1.000000000000000000e+05 0 0 5.242583e-01 6.080545e-01 7.662328e-01 6.270663e-01 1.118195e-01 7.328793e-01 6.499813e-01 6.303478e-01 3.435896e-01 7.924034e-01 2.797020e-01 3.788751e-01 5.240237e-01 6.734900e-01 6.491916e-01 3.611317e-01 5.393171e-01 7.000982e-01 2.149662e-01 6.857542e-01 1.123344e+00 6.071129e-01 -1.325752e-01 6.323866e-01 8.820174e-01 5.787178e-01 8.128496e-01 3.619927e-01 7.970163e-01 4.456559e-01 1.783774e-01 3.517209e-01 3.406081e-01 4.439121e-01 
70 981  1.000000000000000000e+05 0 0 9.400864e-02 2.043653e-01 7.872433e-01 7.873539e-01 3.245785e-01 9.770665e-01 8.101736e-01 6.510194e-01 4.677905e-01 7.337126e-01 2.620651e-02 3.814153e-01 6.122067e-01 5.041293e-01 9.976320e-01 1.526905e-01 1.028030e+00 4.923241e-01 2.375092e-01 7.374024e-01 6.009084e-01 8.987389e-01 4.355072e-01 7.462130e-01 6.923148e-01 4.070240e-01 7.932087e-01 4.089447e-01 8.254069e-01 4.778951e-01 -1.943269e-02 5.845056e-01 1.156972e-01 7.276363e-01 
71 995  1.000000000000000000e+05 0 0 3.639357e-01 5.326070e-01 6.220252e-01 6.556703e-01 3.003148e-01 7.373860e-01 8.617190e-01 6.631137e-01 6.992769e-01 8.676866e-01 2.063162e-02 3.924659e-01 6.792092e-01 5.247526e-01 4.725148e-01 1.332282e-01 9.374805e-01 8.253759e-01 3.599806e-01 4.098753e-01 8.533128e-01 8.240382e-01 3.066943e-01 1.079562e+00 7.564355e-01 4.905470e-01 5.547474e-01 5.488038e-01 9.042073e-01 4.591564e-01 1.064856e-01 4.376888e-01 2.191955e-01 6.565174e-01 
72 1009  1.000000000000000000e+05 0 0 3.166935e-01 2.800384e-01 7.592869e-01 6.764324e-01 1.958250e-01 9.724753e-01 6.973818e-01 5.894054e-01 7.792064e-01 1.237837e+00 1.213594e-01 5.215563e-01 6.158859e-01 4.220312e-01 3.617344e-01 4.163906e-01 9.011461e-01 9.128644e-01 2.591110e-01 4.822674e-01 6.160763e-01 8.645811e-01 4.796231e-01 1.043051e+00 9.164711e-01 3.159161e-01 5.387580e-01 7.306160e-01 7.667438e-01 3.331178e-01 7.794757e-02 2.510217e-01 3.588051e-01 8.051951e-01 
73 1023  1.000000000000000000e+05 0 0 3.265675e-01 5.935649e-01 8.119156e-01 8.932867e-01 7.635948e-02 8.652884e-01 4.552951e-01 8.238735e-01 7.217267e-01 1.231498e+00 2.210782e-01 6.574146e-01 5.801025e-01 2.907882e-01 5.339225e-01 5.137157e-01 5.941312e-01 5.965213e-01 2.100257e-01 4.866582e-01 9.968584e-01 9.872909e-01 5.726220e-01 8.636644e-01 8.465544e-01 2.247856e-01 7.151837e-01 6.169129e-01 8.137053e-01 7.533806e-01 1.436584e-01 4.936844e-01 4.245438e-02 7.088534e-01 
74 1037  1.000000000000000000e+05 0 0 3.753419e-01 6.024119e-01 7.428240e-01 8.935489e-01 3.527085e-01 8.655992e-01 7.635491e-01 5.405597e-01 7.934537e-01 9.152023e-01 2.299486e-01 7.759657e-01 3.749565e-01 4.516796e-01 1.349184e-01 4.304655e-01 6.122303e-01 5.475890e-01 2.140685e-01 8.589651e-01 6.887482e-01 6.709929e-01 3.802389e-01 7.290477e-01 9.527137e-01 3.071273e-01 7.809433e-01 6.854299e-01 9.289716e-01 5.542573e-01 -2.788815e-03 5.380826e-01 1.638464e-01 8.492752e-01 
75 1051  1.000000000000000000e+05 0 0 3.070494e-01 2.583520e-01 5.471230e-01 7.668638e-01 5.632623e-02 6.318397e-01 6.787845e-01 5.402399e-01 7.157196e-01 7.890284e-01 6.533843e-02 5.647073e-01 6.651718e-01 2.181159e-01 5.492409e-01 4.011940e-01 7.278258e-01 6.554287e-01 2.889292e-01 8.346892e-01 7.022989e-01 6.860351e-01 4.823923e-01 4.331701e-01 8.361099e-01 2.115082e-01 4.436343e-01 6.805083e-01 8.843562e-01 5.180535e-01 3.079309e-02 5.807554e-01 3.131894e-01 7.384247e-01 
76 1065  1.000000000000000000e+05 0 0 5.070915e-01 6.217395e-01 6.289175e-01 7.614126e-01 1.151334e-01 8.848101e-01 5.055318e-01 7.482144e-01 9.176699e-01 9.177222e-01 1.887711e-01 5.145154e-01 9.024592e-01 3.929974e-01 8.909105e-01 6.710853e-01 8.766724e-01 5.196407e-01 3.635941e-01 6.632472e-01 9.488179e-01 7.132285e-01 6.172650e-01 8.294626e-01 9.767760e-01 4.718233e-01 4.236457e-01 7.934366e-01 9.557002e-01 7.615204e-01 1.793245e-01 5.687204e-01 3.536671e-01 7.840017e-01 
77 1079  1.000000000000000000e+05 0 0 4.200623e-01 6.598155e-01 6.730747e-01 5.791429e-01 -6.082625e-02 1.026703e+00 8.067183e-01 3.553910e-01 7.262204e-01 8.879422e-01 6.873734e-01 3.326642e-01 6.682794e-01 3.421151e-01 8.726450e-01 5.764203e-01 1.071971e+00 4.138943e-01 2.141556e-01 6.293491e-01 7.597226e-01 5.967362e-01 5.369270e-01 5.816977e-01 9.652504e-01 2.649760e-01 6.215673e-01 7.233419e-01 4.222348e-01 5.605046e-01 2.853324e-01 4.589303e-01 6.915228e-01 1.059283e+00 
78 1093  1.000000000000000000e+05 0 0 2.413011e-01 2.717550e-01 4.951282e-01 6.004342e-01 8.512812e-02 5.501552e-01 4.183093e-01 6.079470e-01 2.524254e-01 6.271566e-01 2.849790e-01 4.264502e-01 6.773971e-01 5.489992e-01 6.719714e-01 5.859988e-01 9.716324e-01 6.661794e-01 3.768296e-01 7.299050e-01 7.887442e-01 4.034118e-01 3.271461e-01 9.296674e-01 9.345122e-01 2.638058e-01 4.925176e-01 5.916741e-01 4.349417e-01 3.091301e-01 4.155730e-01 4.231564e-01 4.043352e-01 9.783739e-01 
79 1107  1.000000000000000000e+05 0 0 2.822056e-01 2.343412e-01 3.822681e-01 7.083639e-01 4.907034e-02 2.938293e-01 3.826408e-01 5.411822e-01 2.027304e-01 9.690365e-01 3.773579e-01 4.836669e-01 7.107815e-01 6.279047e-01 5.921779e-01 6.336667e-01 1.011814e+00 8.085802e-01 1.812142e-02 5.116939e-01 9.704657e-01 7.730620e-01 6.028829e-01 8.172678e-01 9.649900e-01 1.580646e-01 6.860247e-01 7.596445e-01 6.737904e-01 4.726493e-01 3.021795e-01 2.973978e-02 2.066755e-01 1.148376e+00 
80 1121  1.000000000000000000e+05 0 0 4.747462e-01 2.951945e-01 7.977043e-01 3.098003e-01 9.109152e-02 6.227532e-01 2.597282e-01 3.507217e-01 6.996766e-01 8.488093e-01 4.862694e-01 2.856365e-01 6.586155e-01 4.931133e-01 1.048481e+00 3.522777e-01 1.183382e+00 8.560785e-01 1.490154e-01 7.968389e-01 6.856815e-01 2.229560e-01 1.815019e-01 7.172838e-01 1.128324e+00 1.672751e-01 5.990847e-01 7.607537e-01 5.376293e-01 3.650529e-01 2.320219e-01 4.524686e-01 6.349200e-01 1.030623e+00 
81 1135  1.000000000000000000e+05 0 0 3.427536e-01 2.001257e-01 5.645127e-01 4.170251e-01 2.328346e-01 6.101069e-01 6.091010e-01 6.794194e-01 5.661253e-01 1.105688e+00 3.537352e-01 4.379321e-01 5.839401e-01 6.117960e-02 6.508994e-01 4.437361e-01 9.175332e-01 4.897979e-01 4.833474e-02 7.708839e-01 8.910528e-01 4.495071e-01 2.191737e-01 3.363879e-01 6.928700e-01 7.262808e-02 4.918971e-01 7.560814e-01 3.104872e-01 7.588745e-01 3.441023e-01 3.039166e-01 4.697887e-01 9.080407e-01 
82 1149  1.000000000000000000e+05 0 0 5.053407e-01 4.522087e-01 5.808610e-01 3.161133e-01 -2.989784e-02 6.883662e-01 3.896613e-01 6.342219e-01 3.312637e-01 8.243407e-01 2.071582e-01 5.668094e-01 8.388489e-01 7.027662e-01 7.932327e-01 4.374109e-01 5.218052e-01 7.054006e-01 1.059788e-01 8.631091e-01 6.641891e-01 2.735244e-01 3.361295e-01 8.739220e-01 8.427461e-01 -5.054695e-02 4.862523e-01 4.725709e-01 2.355645e-01 5.758375e-01 4.724191e-01 3.232470e-01 3.448125e-01 7.338198e-01 
83 1163  1.000000000000000000e+05 0 0 4.722662e-01 4.335268e-01 8.646220e-01 2.282274e-01 -7.197030e-02 8.221982e-01 4.522564e-01 7.104788e-01 2.854358e-01 8.793263e-01 5.466600e-01 7.706945e-01 8.109431e-01 2.747655e-01 8.874405e-01 6.683422e-01 6.189757e-01 3.687612e-01 3.794939e-02 8.047684e-01 8.608651e-01 2.517034e-01 4.513727e-01 7.583360e-01 7.964395e-01 4.287051e-02 3.634353e-01 6.638724e-01 6.769983e-01 5.350596e-01 3.545724e-01 2.462424e-01 4.990349e-01 5.877607e-01 
84 1177  1.000000000000000000e+05 0 0 5.679691e-01 4.228345e-01 7.484526e-01 5.713560e-01 -7.759644e-02 8.097646e-01 4.380299e-01 4.328841e-01 3.223044e-01 9.147941e-01 5.604487e-01 2.379024e-01 7.333098e-01 1.736889e-01 7.302821e-01 5.724255e-01 8.616227e-01 6.504370e-01 -3.546677e-03 7.162130e-01 7.438885e-01 2.058959e-01 5.196021e-01 1.051223e+00 8.830742e-01 2.785971e-01 2.263721e-01 6.508617e-01 6.537643e-01 6.226294e-01 3.631992e-01 1.410683e-01 2.847031e-01 9.091065e-01 
85 1191  1.000000000000000000e+05 0 0 6.889706e-01 2.700943e-01 5.596546e-01 6.424290e-01 1.927832e-01 6.917826e-01 6.011756e-01 5.646833e-01 2.925763e-01 7.047686e-01 5.988042e-01 3.175880e-01 3.379093e-01 5.206820e-01 6.362350e-01 6.041312e-01 7.768620e-01 5.333646e-01 7.710879e-02 7.722186e-01 7.347429e-01 2.059546e-01 4.605114e-01 1.145292e+00 7.821952e-01 2.270336e-01 1.136121e-01 6.388216e-01 6.075129e-01 6.412394e-01 3.870326e-01 2.161678e-01 4.559571e-01 8.099251e-01 
86 1205  1.000000000000000000e+05 0 0 5.777539e-01 5.270076e-01 7.873012e-01 5.302276e-01 2.550996e-01 6.952935e-01 4.864521e-01 5.249280e-01 7.921302e-02 9.196480e-01 3.637059e-01 3.829876e-01 6.493958e-01 4.837298e-01 8.807683e-01 6.107355e-01 6.454365e-01 6.044535e-01 9.138399e-03 5.867542e-01 5.636897e-01 -1.650410e-02 3.497772e-01 8.745840e-01 6.379726e-01 8.139389e-02 1.330317e-01 7.659347e-01 4.847069e-01 8.587350e-01 2.540768e-01 6.816574e-02 7.210649e-01 7.176641e-01 
87 1219  1.000000000000000000e+05 0 0 7.685458e-01 3.782891e-01 6.778665e-01 5.785391e-01 2.791416e-02 8.819396e-01 7.097971e-01 4.864209e-01 8.753444e-02 7.918118e-01 1.438083e-01 2.971312e-01 3.019487e-01 2.508148e-01 6.935738e-01 4.630946e-01 7.984277e-01 6.793198e-01 1.789392e-01 5.816982e-01 4.751825e-01 1.995607e-01 4.313838e-01 8.400254e-01 8.615427e-01 5.367313e-02 1.563762e-01 7.021188e-01 6.734061e-01 6.677045e-01 3.158099e-01 3.305716e-01 5.551475e-01 9.761384e-01 
88 1233  1.000000000000000000e+05 0 0 6.012076e-01 3.983754e-01 7.558727e-01 6.672510e-01 1.966926e-01 9.840946e-01 5.261266e-01 4.830197e-01 2.770175e-01 1.061048e+00 1.511173e-01 4.605770e-01 4.353876e-01 1.531333e-01 9.149443e-01 4.637253e-01 7.760811e-01 7.151866e-01 6.617358e-02 7.140828e-01 7.368555e-01 3.002764e-01 4.425082e-01 8.985356e-01 9.621225e-01 3.512391e-02 7.215909e-02 8.302733e-01 6.147619e-01 8.028640e-01 2.624224e-01 2.463659e-01 5.915657e-01 8.285943e-01 
89 1247  1.000000000000000000e+05 0 0 9.388898e-01 4.545535e-01 7.373193e-01 4.274681e-01 1.141128e-01 9.439722e-01 6.874671e-01 6.745963e-01 -6.938106e-02 9.018735e-01 4.134960e-01 -5.614761e-02 3.887454e-01 2.313743e-01 6.561149e-01 5.158353e-01 7.751149e-01 6.947733e-01 1.093687e-01 8.193510e-01 4.694783e-01 -3.239990e-02 4.875550e-01 7.758782e-01 8.786468e-01 1.206618e-01 1.751176e-01 4.018586e-01 4.006088e-01 7.777665e-01 5.274917e-01 2.968016e-01 7.865082e-01 8.093474e-01 
90 1261  1.000000000000000000e+05 0 0 8.447775e-01 6.181191e-01 7.395345e-01 4.621577e-01 1.381870e-01 8.617969e-01 6.452586e-01 5.357526e-01 -4.280383e-02 6.113164e-01 4.836169e-01 3.853660e-01 2.199315e-01 1.839915e-01 7.490712e-01 5.063171e-01 6.283654e-01 5.341399e-01 4.450308e-02 8.666236e-01 4.613453e-01 4.663783e-01 4.562949e-01 8.339170e-01 7.876131e-01 -1.541751e-01 2.284457e-01 7.729505e-01 6.029004e-01 5.998215e-01 6.289219e-01 4.480763e-03 6.882326e-01 9.407970e-01 
91 1275  1.000000000000000000e+05 0 0 9.297162e-01 4.939225e-01 7.395866e-01 3.776970e-01 3.032282e-03 7.493567e-01 9.528298e-01 5.523039e-01 2.814434e-01 9.332021e-01 4.457764e-01 3.936694e-01 2.199034e-01 1.665525e-01 7.536343e-01 7.606069e-01 4.256313e-01 5.874044e-01 3.013968e-02 8.783645e-01 5.558016e-01 4.415690e-01 4.946522e-01 6.747835e-01 1.112657e+00 -1.034570e-01 2.415003e-01 9.282518e-01 4.652487e-01 6.693334e-01 5.404730e-01 7.677615e-02 1.042938e+00 9.473327e-01 
92 1289  1.000000000000000000e+05 0 0 8.178571e-01 4.310762e-01 7.262536e-01 2.924874e-01 2.588415e-01 9.227412e-01 7.219656e-01 5.228063e-01 1.953794e-02 6.976598e-01 4.485730e-01 3.028709e-01 2.136084e-01 3.961437e-01 5.882305e-01 8.124848e-01 5.221752e-01 5.830951e-01 -1.311853e-03 5.226552e-01 4.858393e-01 3.426016e-01 5.219856e-01 8.975193e-01 6.234432e-01 2.536399e-01 1.707757e-01 5.164693e-01 7.700953e-01 6.916444e-01 4.328575e-01 4.438330e-01 9.792698e-01 8.903267e-01 
93 1303  1.000000000000000000e+05 0 0 9.225677e-01 5.067292e-01 5.706012e-01 3.510875e-01 4.050567e-01 7.788412e-01 7.361842e-01 6.161395e-01 2.927107e-01 7.030219e-01 4.478213e-01 1.661795e-01 2.045215e-01 1.748900e-01 7.376864e-01 9.417915e-01 5.407543e-01 6.462338e-01 1.315083e-01 6.741738e-01 3.266512e-01 4.064265e-01 3.217947e-01 8.989866e-01 7.235433e-01 5.149013e-02 2.380111e-01 5.221212e-01 4.949180e-01 5.416433e-01 3.668459e-01 4.285440e-01 4.597319e-01 9.350530e-01 
94 1317  1.000000000000000000e+05 0 0 8.610677e-01 4.326628e-01 8.572086e-01 4.521109e-01 3.964167e-01 9.868632e-01 6.251847e-01 7.281352e-01 1.162089e-01 7.001190e-01 3.683296e-01 4.459842e-01 3.788847e-01 3.648730e-01 7.596393e-01 8.132788e-01 4.676576e-01 7.937941e-01 4.236312e-02 8.792522e-01 3.702522e-01 5.285919e-01 5.663193e-01 6.006594e-01 6.644258e-01 9.323407e-02 2.349805e-01 3.307720e-01 7.002004e-01 5.049243e-01 3.713473e-01 3.594015e-01 4.891957e-01 6.489201e-01 
95 1331  1.000000000000000000e+05 0 0 9.862287e-01 3.983586e-01 6.725041e-01 3.488439e-01 1.459951e-01 6.933525e-01 9.027130e-01 5.086103e-01 2.679458e-01 6.708577e-01 4.758045e-01 3.836138e-01 3.058855e-01 3.526349e-01 5.140972e-01 7.623012e-01 6.226802e-01 7.805945e-01 -2.789173e-02 7.620451e-01 4.132442e-01 3.704021e-01 7.122493e-01 5.683294e-01 6.484056e-01 1.068749e-01 1.581682e-01 6.277957e-01 6.330344e-01 6.352843e-01 3.276549e-01 4.894243e-01 5.350542e-01 7.637698e-01 
96 1345  1.000000000000000000e+05 0 0 1.111066e+00 3.772313e-01 1.045552e+00 5.575838e-01 2.214352e-01 7.037462e-01 8.482591e-01 5.566828e-01 2.189228e-01 7.865642e-01 2.577145e-01 4.394429e-01 1.408671e-01 4.289300e-01 7.355647e-01 9.715356e-01 5.088810e-01 6.364461e-01 1.694008e-01 7.044640e-01 2.549402e-01 5.878072e-01 8.599237e-01 5.604155e-01 4.836379e-01 5.784120e-02 4.551028e-01 4.838250e-01 7.445938e-01 7.669751e-01 4.802291e-01 4.933033e-01 5.781588e-01 9.136602e-01 
97 1359  1.000000000000000000e+05 0 0 9.387179e-01 3.882788e-01 7.096445e-01 5.946139e-01 1.141196e-01 6.519217e-01 7.938685e-01 4.788381e-01 8.941604e-02 9.495534e-01 3.600720e-01 2.069367e-01 4.717696e-01 1.394490e-01 6.255437e-01 5.932135e-01 4.191718e-01 5.335637e-01 3.855172e-02 8.730977e-01 3.710551e-01 3.966735e-01 6.225282e-01 1.049780e+00 5.035340e-01 2.434454e-01 1.353211e-01 4.956485e-01 6.714503e-01 7.381891e-01 2.386778e-01 3.236382e-01 5.031873e-01 8.515019e-01 
98 1373  1.000000000000000000e+05 0 0 8.825147e-01 3.139196e-01 7.502525e-01 3.164773e-01 3.043228e-01 8.601797e-01 7.133468e-01 6.879264e-01 8.058839e-02 5.507942e-01 3.255852e-01 6.659460e-01 3.205846e-01 2.591230e-01 7.039737e-01 7.565934e-01 2.241711e-01 5.184779e-01 1.464520e-01 1.013701e+00 5.287947e-01 6.273284e-01 2.595546e-01 6.549313e-01 5.855408e-01 1.989039e-01 1.631028e-01 3.799716e-01 9.284460e-01 8.656776e-01 8.039308e-01 3.061506e-01 6.552201e-01 4.930076e-01 
99 1387  1.000000000000000000e+05 0 0 1.084213e+00 1.313431e-01 6.148074e-01 5.309789e-01 2.300037e-01 7.188225e-01 4.983508e-01 4.698352e-01 2.202839e-01 9.588135e-01 1.811798e-01 1.746448e-01 6.344112e-01 1.691653e-01 1.188968e+00 6.400037e-01 3.603985e-01 5.090624e-01 2.585423e-01 9.237603e-01 3.253968e-01 6.276317e-01 8.697880e-01 7.869503e-01 6.698672e-01 1.340727e-01 2.722552e-01 6.148921e-01 7.253133e-01 4.209976e-01 5.274106e-01 4.786394e-01 1.380371e-01 7.177246e-01 
100 1401  1.000000000000000000e+05 0 0 1.053382e+00 3.643773e-01 1.087891e+00 5.496979e-01 2.380334e-02 8.967071e-01 4.979248e-01 4.503750e-01 3.364388e-01 9.036419e-01 1.773819e-01 4.538295e-01 2.823607e-01 2.358533e-01 7.605058e-01 4.580819e-01 2.812603e-01 6.254611e-01 1.068593e-01 8.173636e-01 1.637468e-01 6.693890e-01 7.174474e-01 1.144225e+00 5.663288e-01 5.665117e-01 2.078636e-01 4.961373e-01 7.701621e-01 4.966231e-01 3.934648e-01 1.773232e-02 3.693110e-01 6.582101e-01 
101 1415  1.000000000000000000e+05 0 0 5.934946e-01 2.811494e-01 8.708911e-01 5.945593e-01 3.857691e-01 7.913499e-01 6.271351e-01 2.935625e-01 1.615603e-01 9.051410e-01 2.820926e-01 4.658584e-01 4.444223e-01 4.525216e-02 4.657862e-01 5.235381e-01 4.761486e-01 6.238701e-01 -1.645357e-01 8.679097e-01 5.543268e-01 5.667908e-01 3.584028e-01 6.768362e-01 9.761425e-01 4.725791e-01 4.192096e-01 5.806190e-01 7.914222e-01 7.840099e-01 2.050873e-01 1.375950e-01 4.385499e-01 8.175827e-01 
102 1429  1.000000000000000000e+05 0 0 8.671670e-01 1.021112e-01 7.012102e-01 5.673074e-01 5.815358e-02 9.374721e-01 4.884577e-01 4.302692e-01 1.747315e-01 9.412011e-01 -3.193581e-02 5.590561e-01 1.953310e-01 1.933480e-01 7.906192e-01 2.700193e-01 7.353692e-01 6.679486e-01 2.697120e-02 9.258427e-01 3.098720e-01 5.253303e-01 1.964130e-01 3.993664e-01 3.907917e-01 7.982671e-01 3.139597e-01 3.263265e-01 9.122667e-01 5.759247e-01 6.034798e-01 4.126122e-01 5.982342e-01 6.610938e-01 
103 1443  1.000000000000000000e+05 0 0 4.305616e-01 4.776434e-01 7.497702e-01 7.087300e-01 2.105450e-01 9.861462e-01 8.331487e-01 4.583752e-01 3.844312e-01 7.792195e-01 1.286988e-01 5.210076e-01 1.698734e-01 2.606341e-01 6.565753e-01 2.117143e-01 8.994953e-01 4.861626e-01 -2.648927e-01 9.298205e-01 5.645248e-01 3.913701e-01 3.546822e-01 6.958592e-01 3.300370e-01 6.406760e-01 3.507709e-01 4.536402e-01 8.591108e-01 7.364575e-01 8.031583e-01 2.626195e-01 3.266968e-01 6.078115e-01 
