%  columns=["iteration, evaluation, sigma, void, void, stds==sigma*sqrt(diag(C))" (startseed=214097, 2023/08/15 7:46:41.97)
1 15 2.818308e-01 0 0 2.814143e-01 2.817752e-01 2.818467e-01 2.820568e-01 2.817333e-01 2.819200e-01 2.814202e-01 2.818749e-01 2.814703e-01 2.819692e-01 2.813472e-01 2.816466e-01 2.818097e-01 2.827152e-01 2.813960e-01 2.813448e-01 2.812103e-01 2.814616e-01 2.813020e-01 2.816925e-01 2.818545e-01 2.813303e-01 2.814804e-01 2.816919e-01 2.823939e-01 2.818884e-01 2.811418e-01 2.819523e-01 2.822279e-01 2.813364e-01 2.813376e-01 2.818665e-01 2.811837e-01 2.813005e-01 
2 29 2.697934e-01 0 0 2.689017e-01 2.695360e-01 2.703929e-01 2.695830e-01 2.695406e-01 2.695256e-01 2.690338e-01 2.696854e-01 2.695343e-01 2.698257e-01 2.687482e-01 2.694969e-01 2.693852e-01 2.707587e-01 2.691255e-01 2.689760e-01 2.695649e-01 2.691398e-01 2.698981e-01 2.694952e-01 2.700454e-01 2.693128e-01 2.690598e-01 2.695802e-01 2.703224e-01 2.693722e-01 2.688716e-01 2.694402e-01 2.697430e-01 2.701527e-01 2.692878e-01 2.697198e-01 2.688124e-01 2.688705e-01 
3 43 2.584550e-01 0 0 2.573427e-01 2.582425e-01 2.589537e-01 2.582514e-01 2.575961e-01 2.579369e-01 2.574448e-01 2.580055e-01 2.581337e-01 2.582292e-01 2.574150e-01 2.581656e-01 2.576625e-01 2.596752e-01 2.579634e-01 2.573902e-01 2.580904e-01 2.574575e-01 2.585897e-01 2.582906e-01 2.583330e-01 2.574730e-01 2.572695e-01 2.577165e-01 2.598787e-01 2.575774e-01 2.571887e-01 2.584266e-01 2.584859e-01 2.588298e-01 2.576834e-01 2.579171e-01 2.571243e-01 2.577080e-01 
4 57 2.502496e-01 0 0 2.487804e-01 2.498667e-01 2.504085e-01 2.495807e-01 2.490618e-01 2.492631e-01 2.487094e-01 2.494754e-01 2.496613e-01 2.495818e-01 2.500423e-01 2.494545e-01 2.488838e-01 2.511188e-01 2.496371e-01 2.491117e-01 2.497797e-01 2.495793e-01 2.504001e-01 2.499813e-01 2.499267e-01 2.489879e-01 2.487896e-01 2.498170e-01 2.512172e-01 2.492314e-01 2.488106e-01 2.498880e-01 2.499252e-01 2.509181e-01 2.490519e-01 2.495399e-01 2.486028e-01 2.496635e-01 
5 71 2.382070e-01 0 0 2.364392e-01 2.374344e-01 2.378809e-01 2.371548e-01 2.369586e-01 2.374000e-01 2.367569e-01 2.373194e-01 2.374398e-01 2.373524e-01 2.375973e-01 2.380944e-01 2.363869e-01 2.388248e-01 2.372384e-01 2.367141e-01 2.383691e-01 2.374102e-01 2.381886e-01 2.376589e-01 2.380920e-01 2.367659e-01 2.364098e-01 2.372269e-01 2.385664e-01 2.370122e-01 2.365527e-01 2.375079e-01 2.378757e-01 2.391205e-01 2.367970e-01 2.370853e-01 2.361183e-01 2.370659e-01 
6 85 2.272141e-01 0 0 2.251031e-01 2.262357e-01 2.269033e-01 2.261811e-01 2.255644e-01 2.261173e-01 2.255422e-01 2.260733e-01 2.263559e-01 2.261549e-01 2.263834e-01 2.267605e-01 2.258090e-01 2.275132e-01 2.260027e-01 2.253083e-01 2.271241e-01 2.262927e-01 2.267350e-01 2.265023e-01 2.269418e-01 2.261048e-01 2.252899e-01 2.260769e-01 2.275069e-01 2.260911e-01 2.256602e-01 2.261772e-01 2.267769e-01 2.277360e-01 2.257144e-01 2.261404e-01 2.248220e-01 2.260255e-01 
7 99 2.204922e-01 0 0 2.180799e-01 2.193122e-01 2.201907e-01 2.192699e-01 2.184553e-01 2.192645e-01 2.186990e-01 2.190474e-01 2.193797e-01 2.192018e-01 2.197521e-01 2.195769e-01 2.189639e-01 2.206205e-01 2.189779e-01 2.182542e-01 2.199721e-01 2.195374e-01 2.197920e-01 2.195068e-01 2.199905e-01 2.191565e-01 2.185978e-01 2.196959e-01 2.210472e-01 2.195427e-01 2.189832e-01 2.199680e-01 2.198455e-01 2.205855e-01 2.186351e-01 2.193504e-01 2.178923e-01 2.189641e-01 
8 113 2.156858e-01 0 0 2.132074e-01 2.145779e-01 2.156169e-01 2.141910e-01 2.135552e-01 2.144218e-01 2.139497e-01 2.145458e-01 2.145245e-01 2.140718e-01 2.152298e-01 2.144929e-01 2.138261e-01 2.155959e-01 2.144134e-01 2.131541e-01 2.147627e-01 2.147336e-01 2.152233e-01 2.147974e-01 2.148504e-01 2.141678e-01 2.136210e-01 2.146615e-01 2.160021e-01 2.143770e-01 2.144112e-01 2.151661e-01 2.147066e-01 2.156676e-01 2.134158e-01 2.147834e-01 2.129311e-01 2.138652e-01 
9 127 2.087984e-01 0 0 2.061159e-01 2.075725e-01 2.086523e-01 2.071548e-01 2.062829e-01 2.072129e-01 2.067328e-01 2.075706e-01 2.075277e-01 2.073774e-01 2.079793e-01 2.076366e-01 2.067754e-01 2.083078e-01 2.077380e-01 2.058670e-01 2.077386e-01 2.075471e-01 2.081205e-01 2.078090e-01 2.076882e-01 2.073898e-01 2.071360e-01 2.080400e-01 2.087224e-01 2.072770e-01 2.083996e-01 2.080175e-01 2.077029e-01 2.085342e-01 2.067006e-01 2.086492e-01 2.056948e-01 2.067584e-01 
10 141 2.013268e-01 0 0 1.994262e-01 1.999315e-01 2.009530e-01 1.994048e-01 1.987104e-01 1.993608e-01 1.993757e-01 2.004380e-01 2.000004e-01 1.995776e-01 2.003106e-01 2.002690e-01 1.989951e-01 2.006258e-01 2.000265e-01 1.984339e-01 1.999272e-01 1.998357e-01 2.003128e-01 2.001592e-01 2.000868e-01 2.000436e-01 1.997438e-01 2.002209e-01 2.010076e-01 1.996353e-01 2.010745e-01 2.001393e-01 2.001577e-01 2.012443e-01 1.998743e-01 2.008939e-01 1.979831e-01 1.989852e-01 
11 155 1.959578e-01 0 0 1.946510e-01 1.943470e-01 1.953812e-01 1.944503e-01 1.929776e-01 1.936574e-01 1.938172e-01 1.948649e-01 1.945399e-01 1.941071e-01 1.946551e-01 1.945236e-01 1.934380e-01 1.953255e-01 1.944717e-01 1.928713e-01 1.943543e-01 1.942279e-01 1.946150e-01 1.946672e-01 1.944490e-01 1.943467e-01 1.944153e-01 1.945352e-01 1.954979e-01 1.943324e-01 1.957017e-01 1.949993e-01 1.947266e-01 1.955659e-01 1.940678e-01 1.951676e-01 1.925491e-01 1.935778e-01 
12 169 1.926923e-01 0 0 1.915163e-01 1.911481e-01 1.923407e-01 1.909852e-01 1.892985e-01 1.903893e-01 1.903022e-01 1.918200e-01 1.910005e-01 1.906899e-01 1.913354e-01 1.911693e-01 1.897897e-01 1.919027e-01 1.911658e-01 1.893400e-01 1.906872e-01 1.907413e-01 1.912298e-01 1.915576e-01 1.910055e-01 1.911891e-01 1.911030e-01 1.910466e-01 1.925810e-01 1.911328e-01 1.924456e-01 1.914716e-01 1.913250e-01 1.921132e-01 1.906223e-01 1.916403e-01 1.890335e-01 1.904095e-01 
13 183 1.873123e-01 0 0 1.859270e-01 1.857389e-01 1.872092e-01 1.854488e-01 1.835609e-01 1.858202e-01 1.849776e-01 1.864483e-01 1.853519e-01 1.851252e-01 1.857235e-01 1.857961e-01 1.842538e-01 1.863305e-01 1.858506e-01 1.837517e-01 1.850003e-01 1.851610e-01 1.856012e-01 1.859941e-01 1.853397e-01 1.855943e-01 1.858039e-01 1.852976e-01 1.870499e-01 1.857500e-01 1.867941e-01 1.864869e-01 1.857369e-01 1.864580e-01 1.849292e-01 1.861960e-01 1.832857e-01 1.847236e-01 
14 197 1.823159e-01 0 0 1.818284e-01 1.806487e-01 1.825056e-01 1.802388e-01 1.784443e-01 1.810519e-01 1.801304e-01 1.813385e-01 1.800771e-01 1.806434e-01 1.812724e-01 1.805791e-01 1.794434e-01 1.812436e-01 1.808135e-01 1.788588e-01 1.800077e-01 1.797975e-01 1.804169e-01 1.807449e-01 1.806385e-01 1.805901e-01 1.810729e-01 1.804856e-01 1.826610e-01 1.806001e-01 1.816099e-01 1.812968e-01 1.807654e-01 1.813357e-01 1.797988e-01 1.814240e-01 1.782255e-01 1.793813e-01 
15 211 1.756559e-01 0 0 1.751443e-01 1.737063e-01 1.756214e-01 1.736986e-01 1.716805e-01 1.741446e-01 1.734326e-01 1.744857e-01 1.731777e-01 1.742160e-01 1.743562e-01 1.740646e-01 1.729217e-01 1.748762e-01 1.739470e-01 1.721758e-01 1.731298e-01 1.735580e-01 1.737019e-01 1.742126e-01 1.738479e-01 1.740250e-01 1.743111e-01 1.738614e-01 1.759472e-01 1.738062e-01 1.746948e-01 1.744424e-01 1.739384e-01 1.749362e-01 1.731760e-01 1.755705e-01 1.714314e-01 1.725280e-01 
16 225 1.710323e-01 0 0 1.703741e-01 1.689487e-01 1.707456e-01 1.689315e-01 1.669349e-01 1.695305e-01 1.688578e-01 1.698915e-01 1.683448e-01 1.693804e-01 1.694708e-01 1.693085e-01 1.686609e-01 1.701442e-01 1.691874e-01 1.674221e-01 1.682282e-01 1.686538e-01 1.690279e-01 1.693693e-01 1.690576e-01 1.693963e-01 1.694591e-01 1.690681e-01 1.715137e-01 1.689165e-01 1.697461e-01 1.702105e-01 1.695963e-01 1.708214e-01 1.683693e-01 1.707343e-01 1.666633e-01 1.679806e-01 
17 239 1.685609e-01 0 0 1.675957e-01 1.665473e-01 1.680118e-01 1.666184e-01 1.642344e-01 1.667231e-01 1.664805e-01 1.672087e-01 1.656136e-01 1.668343e-01 1.672150e-01 1.669930e-01 1.668733e-01 1.676070e-01 1.664392e-01 1.654685e-01 1.654787e-01 1.659941e-01 1.666472e-01 1.667181e-01 1.668311e-01 1.669363e-01 1.668065e-01 1.663826e-01 1.690537e-01 1.665559e-01 1.671503e-01 1.681640e-01 1.670823e-01 1.682679e-01 1.662814e-01 1.681262e-01 1.639532e-01 1.654565e-01 
18 253 1.645537e-01 0 0 1.632958e-01 1.623897e-01 1.637488e-01 1.624335e-01 1.600630e-01 1.628822e-01 1.623674e-01 1.632457e-01 1.612722e-01 1.629738e-01 1.629879e-01 1.630181e-01 1.628089e-01 1.637791e-01 1.626596e-01 1.613867e-01 1.615999e-01 1.618247e-01 1.624815e-01 1.624889e-01 1.627006e-01 1.630312e-01 1.627162e-01 1.621917e-01 1.652116e-01 1.622062e-01 1.628823e-01 1.640971e-01 1.628142e-01 1.641508e-01 1.623776e-01 1.637801e-01 1.598599e-01 1.611564e-01 
19 267 1.612421e-01 0 0 1.596716e-01 1.588255e-01 1.604157e-01 1.589489e-01 1.569143e-01 1.598012e-01 1.588407e-01 1.596681e-01 1.577128e-01 1.595438e-01 1.594609e-01 1.594222e-01 1.594632e-01 1.603902e-01 1.594235e-01 1.582059e-01 1.579416e-01 1.583398e-01 1.591530e-01 1.589362e-01 1.591665e-01 1.597692e-01 1.594113e-01 1.587094e-01 1.620751e-01 1.586998e-01 1.594173e-01 1.612091e-01 1.593883e-01 1.606715e-01 1.594584e-01 1.606406e-01 1.568571e-01 1.576329e-01 
20 281 1.587512e-01 0 0 1.570916e-01 1.561692e-01 1.576786e-01 1.565954e-01 1.544708e-01 1.571688e-01 1.561699e-01 1.572737e-01 1.550862e-01 1.569100e-01 1.569424e-01 1.573844e-01 1.570518e-01 1.577968e-01 1.570030e-01 1.557326e-01 1.551228e-01 1.555950e-01 1.563550e-01 1.569257e-01 1.565650e-01 1.572985e-01 1.569135e-01 1.559286e-01 1.595129e-01 1.566153e-01 1.567461e-01 1.588036e-01 1.569238e-01 1.579241e-01 1.568046e-01 1.581908e-01 1.545781e-01 1.551872e-01 
21 295 1.511199e-01 0 0 1.493832e-01 1.485822e-01 1.498315e-01 1.487295e-01 1.471926e-01 1.494203e-01 1.483834e-01 1.494049e-01 1.477246e-01 1.491876e-01 1.493650e-01 1.496818e-01 1.494031e-01 1.500099e-01 1.496197e-01 1.483409e-01 1.478728e-01 1.480174e-01 1.486056e-01 1.491679e-01 1.489526e-01 1.495968e-01 1.492210e-01 1.482020e-01 1.517537e-01 1.490940e-01 1.491307e-01 1.511460e-01 1.494826e-01 1.500503e-01 1.494032e-01 1.507605e-01 1.470092e-01 1.474482e-01 
22 309 1.425379e-01 0 0 1.406148e-01 1.399598e-01 1.409800e-01 1.403744e-01 1.385674e-01 1.407286e-01 1.398775e-01 1.405900e-01 1.390736e-01 1.404204e-01 1.405815e-01 1.409837e-01 1.408531e-01 1.414697e-01 1.408788e-01 1.397220e-01 1.393909e-01 1.392600e-01 1.400421e-01 1.406705e-01 1.404001e-01 1.408605e-01 1.404688e-01 1.396491e-01 1.431215e-01 1.406375e-01 1.405561e-01 1.425117e-01 1.408154e-01 1.413180e-01 1.408261e-01 1.421930e-01 1.384959e-01 1.388640e-01 
23 323 1.382115e-01 0 0 1.362038e-01 1.354974e-01 1.366185e-01 1.361986e-01 1.340481e-01 1.362905e-01 1.362157e-01 1.362300e-01 1.346329e-01 1.363311e-01 1.361424e-01 1.364566e-01 1.362700e-01 1.370607e-01 1.364933e-01 1.352309e-01 1.349793e-01 1.348081e-01 1.362387e-01 1.360685e-01 1.359459e-01 1.363121e-01 1.363531e-01 1.352943e-01 1.385210e-01 1.361663e-01 1.361629e-01 1.381080e-01 1.363759e-01 1.373033e-01 1.363814e-01 1.377854e-01 1.349615e-01 1.345688e-01 
24 337 1.352718e-01 0 0 1.332178e-01 1.325144e-01 1.334414e-01 1.330352e-01 1.310169e-01 1.336947e-01 1.330220e-01 1.331156e-01 1.315683e-01 1.333040e-01 1.331217e-01 1.334605e-01 1.330898e-01 1.339527e-01 1.336560e-01 1.321849e-01 1.320547e-01 1.318111e-01 1.331509e-01 1.330647e-01 1.328705e-01 1.332223e-01 1.332793e-01 1.322114e-01 1.356806e-01 1.330153e-01 1.331060e-01 1.352410e-01 1.333656e-01 1.342263e-01 1.333241e-01 1.347034e-01 1.324989e-01 1.318598e-01 
25 351 1.847488e-01 0 0 1.821134e-01 1.810258e-01 1.818539e-01 1.816783e-01 1.786753e-01 1.827701e-01 1.817047e-01 1.817685e-01 1.794727e-01 1.819820e-01 1.814879e-01 1.820897e-01 1.813175e-01 1.831434e-01 1.823817e-01 1.801219e-01 1.804605e-01 1.796720e-01 1.818215e-01 1.815832e-01 1.816323e-01 1.818184e-01 1.819531e-01 1.802722e-01 1.850500e-01 1.813176e-01 1.813951e-01 1.844935e-01 1.820082e-01 1.830178e-01 1.823595e-01 1.838509e-01 1.814568e-01 1.797620e-01 
26 365 1.794985e-01 0 0 1.768282e-01 1.755168e-01 1.763809e-01 1.765069e-01 1.741145e-01 1.774398e-01 1.764481e-01 1.762998e-01 1.743846e-01 1.765526e-01 1.760499e-01 1.771713e-01 1.763858e-01 1.776049e-01 1.771980e-01 1.749049e-01 1.752315e-01 1.745278e-01 1.769335e-01 1.764202e-01 1.764088e-01 1.764122e-01 1.764015e-01 1.748002e-01 1.794371e-01 1.758824e-01 1.762981e-01 1.789976e-01 1.767831e-01 1.781381e-01 1.770379e-01 1.784509e-01 1.763230e-01 1.743795e-01 
27 379 2.503021e-01 0 0 2.461448e-01 2.446423e-01 2.460407e-01 2.457314e-01 2.425603e-01 2.471949e-01 2.465407e-01 2.455690e-01 2.438043e-01 2.456647e-01 2.453372e-01 2.471493e-01 2.464806e-01 2.474089e-01 2.470413e-01 2.436455e-01 2.445014e-01 2.429450e-01 2.464585e-01 2.461309e-01 2.463972e-01 2.456982e-01 2.460869e-01 2.433950e-01 2.498831e-01 2.451644e-01 2.456497e-01 2.497476e-01 2.463441e-01 2.487788e-01 2.468595e-01 2.483277e-01 2.466692e-01 2.428674e-01 
28 393 2.519021e-01 0 0 2.472964e-01 2.469720e-01 2.475260e-01 2.471216e-01 2.443666e-01 2.491985e-01 2.482566e-01 2.467813e-01 2.460307e-01 2.468008e-01 2.463265e-01 2.483414e-01 2.482242e-01 2.485343e-01 2.494706e-01 2.447918e-01 2.462488e-01 2.445297e-01 2.475175e-01 2.472217e-01 2.480920e-01 2.473266e-01 2.476684e-01 2.444908e-01 2.510327e-01 2.465102e-01 2.471107e-01 2.519424e-01 2.475374e-01 2.508204e-01 2.486780e-01 2.498148e-01 2.484651e-01 2.439502e-01 
29 407 2.534913e-01 0 0 2.491095e-01 2.485853e-01 2.494082e-01 2.482128e-01 2.459131e-01 2.509801e-01 2.504544e-01 2.478231e-01 2.479107e-01 2.477855e-01 2.476523e-01 2.495849e-01 2.499988e-01 2.499957e-01 2.509191e-01 2.460278e-01 2.473323e-01 2.459968e-01 2.485597e-01 2.485683e-01 2.496809e-01 2.488044e-01 2.490572e-01 2.458867e-01 2.521913e-01 2.475926e-01 2.488225e-01 2.531793e-01 2.493590e-01 2.533989e-01 2.501445e-01 2.508115e-01 2.501133e-01 2.456862e-01 
30 421 2.496637e-01 0 0 2.456913e-01 2.444706e-01 2.454521e-01 2.449074e-01 2.419495e-01 2.470070e-01 2.465577e-01 2.436992e-01 2.447999e-01 2.435993e-01 2.437465e-01 2.458105e-01 2.463759e-01 2.456994e-01 2.468794e-01 2.422338e-01 2.433971e-01 2.422941e-01 2.444056e-01 2.446274e-01 2.458113e-01 2.445534e-01 2.452108e-01 2.419227e-01 2.484219e-01 2.434120e-01 2.445974e-01 2.491323e-01 2.458243e-01 2.498757e-01 2.461048e-01 2.466034e-01 2.461624e-01 2.419775e-01 
31 435 2.432442e-01 0 0 2.394306e-01 2.375685e-01 2.391190e-01 2.387854e-01 2.352696e-01 2.402864e-01 2.399921e-01 2.372643e-01 2.391705e-01 2.372920e-01 2.373375e-01 2.389395e-01 2.398691e-01 2.392120e-01 2.403787e-01 2.355899e-01 2.367718e-01 2.357928e-01 2.377365e-01 2.390707e-01 2.392899e-01 2.381866e-01 2.387347e-01 2.358488e-01 2.414614e-01 2.366666e-01 2.380153e-01 2.427079e-01 2.394621e-01 2.437278e-01 2.404020e-01 2.397237e-01 2.396261e-01 2.355208e-01 
32 449 2.351966e-01 0 0 2.313845e-01 2.292975e-01 2.311018e-01 2.311173e-01 2.272992e-01 2.319513e-01 2.322128e-01 2.291984e-01 2.314085e-01 2.295521e-01 2.292675e-01 2.305857e-01 2.318280e-01 2.309270e-01 2.322961e-01 2.279247e-01 2.286194e-01 2.274894e-01 2.298264e-01 2.308830e-01 2.312681e-01 2.302221e-01 2.309401e-01 2.277846e-01 2.344391e-01 2.287506e-01 2.299124e-01 2.343395e-01 2.314944e-01 2.355797e-01 2.324232e-01 2.316045e-01 2.316560e-01 2.273048e-01 
33 463 2.302856e-01 0 0 2.260606e-01 2.242438e-01 2.259844e-01 2.259647e-01 2.228737e-01 2.265895e-01 2.272925e-01 2.243897e-01 2.268482e-01 2.248247e-01 2.247054e-01 2.261156e-01 2.268567e-01 2.256913e-01 2.275336e-01 2.229074e-01 2.238928e-01 2.223333e-01 2.249251e-01 2.258298e-01 2.261590e-01 2.251468e-01 2.260996e-01 2.230363e-01 2.291958e-01 2.243312e-01 2.247221e-01 2.293378e-01 2.264191e-01 2.305361e-01 2.274729e-01 2.263361e-01 2.264656e-01 2.222291e-01 
34 477 2.246427e-01 0 0 2.209537e-01 2.184489e-01 2.200189e-01 2.202262e-01 2.175126e-01 2.206873e-01 2.215494e-01 2.184396e-01 2.214417e-01 2.191389e-01 2.187169e-01 2.202482e-01 2.215916e-01 2.199923e-01 2.217018e-01 2.178049e-01 2.183373e-01 2.166960e-01 2.193750e-01 2.206675e-01 2.206781e-01 2.193936e-01 2.203020e-01 2.173671e-01 2.230913e-01 2.185514e-01 2.192381e-01 2.234149e-01 2.213925e-01 2.246362e-01 2.218092e-01 2.203174e-01 2.208807e-01 2.163586e-01 
35 491 2.212891e-01 0 0 2.174175e-01 2.148288e-01 2.165027e-01 2.166273e-01 2.145903e-01 2.170660e-01 2.182584e-01 2.147821e-01 2.182201e-01 2.172541e-01 2.158367e-01 2.164913e-01 2.180733e-01 2.164891e-01 2.184500e-01 2.146569e-01 2.147897e-01 2.132538e-01 2.164289e-01 2.172390e-01 2.170086e-01 2.157790e-01 2.170189e-01 2.143110e-01 2.194047e-01 2.149737e-01 2.155788e-01 2.202945e-01 2.180232e-01 2.211964e-01 2.181653e-01 2.168507e-01 2.172868e-01 2.133988e-01 
36 505 2.156305e-01 0 0 2.121394e-01 2.089769e-01 2.105369e-01 2.108936e-01 2.089303e-01 2.113178e-01 2.123583e-01 2.090552e-01 2.125643e-01 2.117238e-01 2.100179e-01 2.109394e-01 2.123186e-01 2.115139e-01 2.130142e-01 2.093963e-01 2.089767e-01 2.075463e-01 2.105182e-01 2.112465e-01 2.112990e-01 2.098875e-01 2.112282e-01 2.088889e-01 2.135240e-01 2.095210e-01 2.102979e-01 2.144813e-01 2.122426e-01 2.155441e-01 2.125746e-01 2.112186e-01 2.114329e-01 2.083382e-01 
37 519 2.049841e-01 0 0 2.019527e-01 1.983495e-01 1.999433e-01 2.002291e-01 1.986071e-01 2.005422e-01 2.017162e-01 1.986014e-01 2.016520e-01 2.011529e-01 1.994180e-01 2.006619e-01 2.016298e-01 2.008477e-01 2.025316e-01 1.987881e-01 1.983140e-01 1.975450e-01 1.998395e-01 2.006100e-01 2.010595e-01 1.992615e-01 2.004666e-01 1.983608e-01 2.030284e-01 1.990786e-01 1.995375e-01 2.036106e-01 2.015116e-01 2.046863e-01 2.019371e-01 2.003624e-01 2.010657e-01 1.981768e-01 
38 533 1.973648e-01 0 0 1.942906e-01 1.907098e-01 1.922333e-01 1.923863e-01 1.910541e-01 1.928103e-01 1.938680e-01 1.908476e-01 1.937871e-01 1.938728e-01 1.923026e-01 1.928880e-01 1.944785e-01 1.930290e-01 1.945445e-01 1.915441e-01 1.905026e-01 1.905462e-01 1.922724e-01 1.932445e-01 1.934709e-01 1.917653e-01 1.932406e-01 1.910879e-01 1.951148e-01 1.915609e-01 1.923044e-01 1.958458e-01 1.936204e-01 1.970218e-01 1.940737e-01 1.925496e-01 1.932534e-01 1.908071e-01 
39 547 1.912503e-01 0 0 1.881069e-01 1.843674e-01 1.864063e-01 1.861373e-01 1.850786e-01 1.868486e-01 1.875223e-01 1.846038e-01 1.875049e-01 1.875755e-01 1.863434e-01 1.864705e-01 1.883714e-01 1.870222e-01 1.882686e-01 1.852746e-01 1.842218e-01 1.852773e-01 1.859876e-01 1.871387e-01 1.871816e-01 1.854321e-01 1.869955e-01 1.849642e-01 1.887836e-01 1.852940e-01 1.867584e-01 1.895277e-01 1.874573e-01 1.905984e-01 1.879114e-01 1.863233e-01 1.870597e-01 1.850096e-01 
40 561 1.858016e-01 0 0 1.829248e-01 1.793963e-01 1.808215e-01 1.809402e-01 1.796554e-01 1.811984e-01 1.821194e-01 1.791748e-01 1.822868e-01 1.820899e-01 1.811344e-01 1.808315e-01 1.828281e-01 1.815019e-01 1.827744e-01 1.799497e-01 1.789097e-01 1.799507e-01 1.805597e-01 1.815701e-01 1.814267e-01 1.806400e-01 1.816079e-01 1.794651e-01 1.845476e-01 1.798336e-01 1.811436e-01 1.838042e-01 1.817769e-01 1.851475e-01 1.822261e-01 1.807912e-01 1.818038e-01 1.798958e-01 
41 575 1.788865e-01 0 0 1.759331e-01 1.725589e-01 1.740467e-01 1.738788e-01 1.729238e-01 1.741428e-01 1.751307e-01 1.723780e-01 1.755727e-01 1.750509e-01 1.742089e-01 1.741195e-01 1.757487e-01 1.745093e-01 1.755168e-01 1.729219e-01 1.719811e-01 1.738787e-01 1.735457e-01 1.745872e-01 1.743221e-01 1.741738e-01 1.745171e-01 1.725247e-01 1.776764e-01 1.727978e-01 1.742807e-01 1.765830e-01 1.750300e-01 1.781712e-01 1.751945e-01 1.739013e-01 1.751762e-01 1.731145e-01 
42 589 1.727333e-01 0 0 1.695950e-01 1.667197e-01 1.678020e-01 1.676320e-01 1.668165e-01 1.678615e-01 1.690448e-01 1.664598e-01 1.694874e-01 1.689869e-01 1.680517e-01 1.679694e-01 1.696739e-01 1.682022e-01 1.692056e-01 1.667685e-01 1.667312e-01 1.678849e-01 1.671544e-01 1.687497e-01 1.685414e-01 1.681100e-01 1.684953e-01 1.668668e-01 1.714743e-01 1.668489e-01 1.680626e-01 1.703579e-01 1.687181e-01 1.717417e-01 1.690146e-01 1.683018e-01 1.691916e-01 1.668996e-01 
43 603 1.645457e-01 0 0 1.613348e-01 1.587049e-01 1.598435e-01 1.597166e-01 1.588569e-01 1.596030e-01 1.607734e-01 1.587333e-01 1.612827e-01 1.611176e-01 1.599340e-01 1.596572e-01 1.614726e-01 1.599208e-01 1.609428e-01 1.586853e-01 1.590447e-01 1.597285e-01 1.588969e-01 1.605471e-01 1.608135e-01 1.601765e-01 1.602290e-01 1.586145e-01 1.632130e-01 1.586880e-01 1.598391e-01 1.619905e-01 1.603910e-01 1.632979e-01 1.609497e-01 1.601185e-01 1.609909e-01 1.588181e-01 
44 617 1.586803e-01 0 0 1.553451e-01 1.526857e-01 1.539954e-01 1.537553e-01 1.529487e-01 1.541374e-01 1.547261e-01 1.531151e-01 1.554428e-01 1.551507e-01 1.542109e-01 1.538278e-01 1.555359e-01 1.538978e-01 1.557908e-01 1.533498e-01 1.537758e-01 1.539019e-01 1.530822e-01 1.546181e-01 1.548866e-01 1.546323e-01 1.544282e-01 1.528540e-01 1.572262e-01 1.530001e-01 1.543798e-01 1.561333e-01 1.549613e-01 1.572721e-01 1.550542e-01 1.542448e-01 1.551958e-01 1.530302e-01 
45 631 1.533604e-01 0 0 1.499307e-01 1.473614e-01 1.493864e-01 1.484206e-01 1.477983e-01 1.489214e-01 1.495974e-01 1.476296e-01 1.506305e-01 1.496893e-01 1.488934e-01 1.483127e-01 1.500907e-01 1.485780e-01 1.509257e-01 1.484299e-01 1.484045e-01 1.488785e-01 1.477450e-01 1.490991e-01 1.498201e-01 1.497259e-01 1.491730e-01 1.478014e-01 1.517317e-01 1.477684e-01 1.489869e-01 1.508186e-01 1.494827e-01 1.521179e-01 1.497657e-01 1.488522e-01 1.499401e-01 1.476333e-01 
46 645 1.476678e-01 0 0 1.441660e-01 1.416559e-01 1.436044e-01 1.427637e-01 1.421529e-01 1.432259e-01 1.438273e-01 1.419020e-01 1.449259e-01 1.439271e-01 1.430539e-01 1.426014e-01 1.445001e-01 1.429424e-01 1.453284e-01 1.428290e-01 1.429603e-01 1.432869e-01 1.421236e-01 1.436914e-01 1.440061e-01 1.441611e-01 1.435487e-01 1.424350e-01 1.459491e-01 1.420234e-01 1.439288e-01 1.450045e-01 1.436920e-01 1.463126e-01 1.441394e-01 1.430155e-01 1.445479e-01 1.418812e-01 
47 659 1.434168e-01 0 0 1.398086e-01 1.372735e-01 1.392928e-01 1.386586e-01 1.382126e-01 1.389993e-01 1.394051e-01 1.376024e-01 1.407074e-01 1.397480e-01 1.387063e-01 1.391236e-01 1.401364e-01 1.387479e-01 1.410962e-01 1.387024e-01 1.387720e-01 1.389891e-01 1.377492e-01 1.393219e-01 1.400001e-01 1.398578e-01 1.394008e-01 1.384992e-01 1.415304e-01 1.379691e-01 1.396596e-01 1.406706e-01 1.393208e-01 1.420820e-01 1.401878e-01 1.387300e-01 1.404375e-01 1.376512e-01 
48 673 1.951552e-01 0 0 1.903629e-01 1.868382e-01 1.893007e-01 1.883010e-01 1.876311e-01 1.891250e-01 1.895098e-01 1.869501e-01 1.910209e-01 1.902656e-01 1.896693e-01 1.896584e-01 1.905847e-01 1.888413e-01 1.916899e-01 1.885276e-01 1.885862e-01 1.894025e-01 1.871008e-01 1.894878e-01 1.902892e-01 1.905769e-01 1.894734e-01 1.893074e-01 1.922617e-01 1.878818e-01 1.899148e-01 1.915318e-01 1.897564e-01 1.929659e-01 1.905151e-01 1.885342e-01 1.908733e-01 1.872129e-01 
49 687 1.916616e-01 0 0 1.871877e-01 1.833141e-01 1.855468e-01 1.848145e-01 1.840465e-01 1.855046e-01 1.858787e-01 1.833083e-01 1.872114e-01 1.865890e-01 1.860558e-01 1.867606e-01 1.868306e-01 1.856667e-01 1.880817e-01 1.851504e-01 1.848158e-01 1.859770e-01 1.833162e-01 1.856532e-01 1.868776e-01 1.869929e-01 1.858897e-01 1.860563e-01 1.885283e-01 1.843600e-01 1.861072e-01 1.877152e-01 1.860751e-01 1.893495e-01 1.873396e-01 1.854307e-01 1.871830e-01 1.835173e-01 
50 701 1.864949e-01 0 0 1.819291e-01 1.781458e-01 1.801955e-01 1.795488e-01 1.789244e-01 1.802562e-01 1.804390e-01 1.780628e-01 1.818492e-01 1.812133e-01 1.810413e-01 1.816641e-01 1.817911e-01 1.811630e-01 1.827429e-01 1.806802e-01 1.795970e-01 1.810160e-01 1.783927e-01 1.803956e-01 1.814981e-01 1.815791e-01 1.806787e-01 1.809276e-01 1.833195e-01 1.790475e-01 1.807450e-01 1.828841e-01 1.809463e-01 1.842752e-01 1.820506e-01 1.809419e-01 1.820736e-01 1.784001e-01 
51 715 1.821758e-01 0 0 1.774827e-01 1.737313e-01 1.757447e-01 1.749920e-01 1.746460e-01 1.757676e-01 1.758891e-01 1.736245e-01 1.775084e-01 1.769874e-01 1.783528e-01 1.772866e-01 1.775274e-01 1.769914e-01 1.785470e-01 1.763440e-01 1.752809e-01 1.767513e-01 1.743441e-01 1.759902e-01 1.773272e-01 1.771287e-01 1.762976e-01 1.766799e-01 1.796515e-01 1.751300e-01 1.762765e-01 1.786787e-01 1.766347e-01 1.797984e-01 1.776739e-01 1.767154e-01 1.775966e-01 1.744071e-01 
52 729 1.799948e-01 0 0 1.751249e-01 1.714813e-01 1.732097e-01 1.727961e-01 1.722336e-01 1.736348e-01 1.737768e-01 1.717900e-01 1.751706e-01 1.747035e-01 1.763983e-01 1.753111e-01 1.750167e-01 1.749402e-01 1.767591e-01 1.742578e-01 1.730302e-01 1.746361e-01 1.723394e-01 1.738960e-01 1.750481e-01 1.746602e-01 1.738728e-01 1.746971e-01 1.777372e-01 1.727191e-01 1.740808e-01 1.766838e-01 1.744098e-01 1.772189e-01 1.755071e-01 1.743594e-01 1.750820e-01 1.720406e-01 
53 743 1.779021e-01 0 0 1.732083e-01 1.693845e-01 1.708528e-01 1.707237e-01 1.700454e-01 1.715447e-01 1.719945e-01 1.696104e-01 1.728508e-01 1.724928e-01 1.747707e-01 1.731634e-01 1.725961e-01 1.731537e-01 1.746275e-01 1.720026e-01 1.706472e-01 1.728936e-01 1.702101e-01 1.716621e-01 1.725794e-01 1.724130e-01 1.718400e-01 1.726471e-01 1.756791e-01 1.712503e-01 1.722871e-01 1.746145e-01 1.720742e-01 1.748665e-01 1.733798e-01 1.723127e-01 1.731386e-01 1.698586e-01 
54 757 1.732531e-01 0 0 1.685475e-01 1.652312e-01 1.660724e-01 1.661243e-01 1.654155e-01 1.670133e-01 1.671865e-01 1.651240e-01 1.679518e-01 1.677761e-01 1.703040e-01 1.684970e-01 1.680119e-01 1.685331e-01 1.698094e-01 1.672564e-01 1.659694e-01 1.684276e-01 1.657184e-01 1.673717e-01 1.677128e-01 1.676897e-01 1.671383e-01 1.677728e-01 1.709409e-01 1.668972e-01 1.675125e-01 1.700767e-01 1.674571e-01 1.699506e-01 1.690487e-01 1.676900e-01 1.685400e-01 1.650671e-01 
55 771 1.706269e-01 0 0 1.659811e-01 1.625629e-01 1.636392e-01 1.634058e-01 1.628833e-01 1.640960e-01 1.643587e-01 1.623899e-01 1.653367e-01 1.648959e-01 1.679329e-01 1.661054e-01 1.653696e-01 1.659386e-01 1.669523e-01 1.645510e-01 1.633384e-01 1.654985e-01 1.632373e-01 1.655931e-01 1.651393e-01 1.651506e-01 1.645854e-01 1.649462e-01 1.681232e-01 1.645449e-01 1.647759e-01 1.674589e-01 1.647405e-01 1.670947e-01 1.664989e-01 1.650884e-01 1.658301e-01 1.625897e-01 
56 785 2.316549e-01 0 0 2.250270e-01 2.207976e-01 2.219532e-01 2.215994e-01 2.207166e-01 2.224138e-01 2.227802e-01 2.203696e-01 2.240090e-01 2.234908e-01 2.283640e-01 2.251566e-01 2.242411e-01 2.250543e-01 2.262942e-01 2.239535e-01 2.228676e-01 2.242250e-01 2.212546e-01 2.247094e-01 2.241147e-01 2.247493e-01 2.238947e-01 2.238762e-01 2.279458e-01 2.233329e-01 2.234098e-01 2.274851e-01 2.235508e-01 2.264552e-01 2.261913e-01 2.239728e-01 2.246708e-01 2.207864e-01 
57 799 2.294224e-01 0 0 2.228292e-01 2.201121e-01 2.194954e-01 2.197257e-01 2.183406e-01 2.198791e-01 2.207606e-01 2.181127e-01 2.215858e-01 2.208525e-01 2.261035e-01 2.227306e-01 2.218023e-01 2.228942e-01 2.237059e-01 2.220917e-01 2.211561e-01 2.216775e-01 2.188135e-01 2.227802e-01 2.226716e-01 2.224346e-01 2.214509e-01 2.217104e-01 2.256159e-01 2.216122e-01 2.209401e-01 2.249994e-01 2.211191e-01 2.237660e-01 2.240954e-01 2.221555e-01 2.220012e-01 2.188987e-01 
58 813 2.244732e-01 0 0 2.176355e-01 2.159355e-01 2.147268e-01 2.147336e-01 2.131694e-01 2.147736e-01 2.158549e-01 2.134109e-01 2.165792e-01 2.158195e-01 2.215739e-01 2.177036e-01 2.168512e-01 2.178923e-01 2.183995e-01 2.173707e-01 2.170614e-01 2.167646e-01 2.140895e-01 2.179373e-01 2.184594e-01 2.176239e-01 2.169993e-01 2.165887e-01 2.207722e-01 2.165209e-01 2.159310e-01 2.200372e-01 2.162023e-01 2.189204e-01 2.190325e-01 2.171689e-01 2.167640e-01 2.139201e-01 
59 827 2.209162e-01 0 0 2.140377e-01 2.124644e-01 2.116094e-01 2.115468e-01 2.094221e-01 2.113192e-01 2.122665e-01 2.096903e-01 2.126904e-01 2.124020e-01 2.179037e-01 2.147075e-01 2.133178e-01 2.142416e-01 2.151566e-01 2.138627e-01 2.141143e-01 2.130494e-01 2.107152e-01 2.145799e-01 2.155392e-01 2.138896e-01 2.133290e-01 2.129020e-01 2.170765e-01 2.134506e-01 2.123197e-01 2.163583e-01 2.131978e-01 2.153944e-01 2.152872e-01 2.134206e-01 2.130289e-01 2.101125e-01 
60 841 2.179474e-01 0 0 2.106273e-01 2.095373e-01 2.086844e-01 2.093635e-01 2.063954e-01 2.080480e-01 2.092703e-01 2.063381e-01 2.096113e-01 2.091239e-01 2.150545e-01 2.121356e-01 2.100363e-01 2.110434e-01 2.121239e-01 2.108633e-01 2.114502e-01 2.098731e-01 2.077262e-01 2.114910e-01 2.123971e-01 2.107934e-01 2.103298e-01 2.100621e-01 2.145532e-01 2.103296e-01 2.094212e-01 2.131134e-01 2.109977e-01 2.132313e-01 2.120098e-01 2.103315e-01 2.097921e-01 2.073234e-01 
61 855 2.119129e-01 0 0 2.044601e-01 2.035407e-01 2.029325e-01 2.034048e-01 2.005220e-01 2.019295e-01 2.033958e-01 2.004223e-01 2.035356e-01 2.029414e-01 2.087589e-01 2.061728e-01 2.043158e-01 2.049526e-01 2.059124e-01 2.047848e-01 2.057185e-01 2.038918e-01 2.015944e-01 2.053189e-01 2.061620e-01 2.046772e-01 2.041884e-01 2.037914e-01 2.083672e-01 2.043997e-01 2.041453e-01 2.073876e-01 2.052678e-01 2.073522e-01 2.060407e-01 2.042293e-01 2.035988e-01 2.014386e-01 
62 869 2.035364e-01 0 0 1.963032e-01 1.958791e-01 1.951713e-01 1.951046e-01 1.923068e-01 1.935549e-01 1.950231e-01 1.920735e-01 1.951949e-01 1.947756e-01 2.003021e-01 1.980204e-01 1.962923e-01 1.965853e-01 1.974581e-01 1.963946e-01 1.973326e-01 1.957607e-01 1.933355e-01 1.968006e-01 1.976439e-01 1.964174e-01 1.956809e-01 1.954930e-01 1.998516e-01 1.963270e-01 1.959406e-01 1.990988e-01 1.974896e-01 1.989193e-01 1.976971e-01 1.959697e-01 1.953431e-01 1.930810e-01 
63 883 2.738234e-01 0 0 2.635630e-01 2.637163e-01 2.621260e-01 2.620216e-01 2.585462e-01 2.600459e-01 2.620265e-01 2.585687e-01 2.619850e-01 2.618972e-01 2.700072e-01 2.663608e-01 2.636782e-01 2.643494e-01 2.654097e-01 2.638547e-01 2.659169e-01 2.632175e-01 2.600372e-01 2.644664e-01 2.655843e-01 2.640411e-01 2.631548e-01 2.628131e-01 2.683189e-01 2.642794e-01 2.632138e-01 2.683882e-01 2.662240e-01 2.674460e-01 2.654829e-01 2.632848e-01 2.625732e-01 2.595369e-01 
64 897 2.640453e-01 0 0 2.539240e-01 2.547059e-01 2.528130e-01 2.528272e-01 2.489408e-01 2.503433e-01 2.524016e-01 2.491184e-01 2.520391e-01 2.521785e-01 2.600483e-01 2.565433e-01 2.538289e-01 2.543574e-01 2.554711e-01 2.539467e-01 2.573291e-01 2.536847e-01 2.507426e-01 2.547729e-01 2.560131e-01 2.543619e-01 2.533559e-01 2.529715e-01 2.583864e-01 2.549475e-01 2.537318e-01 2.592475e-01 2.570242e-01 2.576478e-01 2.555664e-01 2.532490e-01 2.529338e-01 2.501074e-01 
65 911 2.584097e-01 0 0 2.480342e-01 2.492030e-01 2.472879e-01 2.473213e-01 2.430775e-01 2.446415e-01 2.465412e-01 2.434095e-01 2.461024e-01 2.472223e-01 2.541559e-01 2.509976e-01 2.482706e-01 2.486327e-01 2.497642e-01 2.479169e-01 2.516852e-01 2.480064e-01 2.450636e-01 2.495301e-01 2.503980e-01 2.485200e-01 2.476562e-01 2.476544e-01 2.524221e-01 2.496472e-01 2.483650e-01 2.535570e-01 2.509777e-01 2.524055e-01 2.503394e-01 2.475515e-01 2.473569e-01 2.446960e-01 
66 925 2.517410e-01 0 0 2.413740e-01 2.436178e-01 2.408510e-01 2.406720e-01 2.366003e-01 2.383741e-01 2.396028e-01 2.369568e-01 2.399954e-01 2.413539e-01 2.472905e-01 2.448096e-01 2.415561e-01 2.420188e-01 2.431173e-01 2.414886e-01 2.449403e-01 2.416788e-01 2.389308e-01 2.428360e-01 2.436167e-01 2.423455e-01 2.411371e-01 2.412507e-01 2.455350e-01 2.432743e-01 2.417298e-01 2.466622e-01 2.448129e-01 2.453869e-01 2.439648e-01 2.407071e-01 2.404481e-01 2.383253e-01 
67 939 2.447439e-01 0 0 2.345602e-01 2.366834e-01 2.337080e-01 2.337898e-01 2.297991e-01 2.312079e-01 2.326249e-01 2.301715e-01 2.332154e-01 2.343534e-01 2.399122e-01 2.378812e-01 2.353584e-01 2.350315e-01 2.358300e-01 2.344986e-01 2.379709e-01 2.350513e-01 2.320905e-01 2.357913e-01 2.364809e-01 2.353879e-01 2.342503e-01 2.344923e-01 2.381486e-01 2.360338e-01 2.350158e-01 2.394643e-01 2.376392e-01 2.384942e-01 2.366657e-01 2.337215e-01 2.335920e-01 2.313681e-01 
68 953 2.361781e-01 0 0 2.259782e-01 2.285397e-01 2.254764e-01 2.257299e-01 2.216185e-01 2.230131e-01 2.240238e-01 2.224084e-01 2.248030e-01 2.262581e-01 2.313318e-01 2.292468e-01 2.272754e-01 2.264575e-01 2.270756e-01 2.264477e-01 2.292371e-01 2.268314e-01 2.236160e-01 2.272993e-01 2.278302e-01 2.275966e-01 2.258047e-01 2.261640e-01 2.292511e-01 2.277758e-01 2.267449e-01 2.309831e-01 2.289388e-01 2.296226e-01 2.284677e-01 2.252151e-01 2.252812e-01 2.233651e-01 
69 967 2.313157e-01 0 0 2.230732e-01 2.235237e-01 2.208287e-01 2.208208e-01 2.171226e-01 2.180461e-01 2.189705e-01 2.175322e-01 2.198671e-01 2.220085e-01 2.264236e-01 2.243266e-01 2.226971e-01 2.226901e-01 2.223086e-01 2.213842e-01 2.243618e-01 2.221552e-01 2.187174e-01 2.221636e-01 2.228731e-01 2.228468e-01 2.210977e-01 2.210705e-01 2.241333e-01 2.230382e-01 2.216297e-01 2.258582e-01 2.243324e-01 2.246400e-01 2.235594e-01 2.201468e-01 2.203984e-01 2.183854e-01 
70 981 2.219456e-01 0 0 2.137457e-01 2.140938e-01 2.120867e-01 2.117909e-01 2.081667e-01 2.090007e-01 2.098476e-01 2.088566e-01 2.111554e-01 2.129644e-01 2.170355e-01 2.153266e-01 2.133944e-01 2.137394e-01 2.128570e-01 2.122344e-01 2.150031e-01 2.129181e-01 2.097230e-01 2.129626e-01 2.137155e-01 2.137965e-01 2.121369e-01 2.124416e-01 2.150748e-01 2.138273e-01 2.122359e-01 2.164985e-01 2.148348e-01 2.152168e-01 2.141907e-01 2.108204e-01 2.111956e-01 2.093527e-01 
71 995 2.128883e-01 0 0 2.049635e-01 2.051397e-01 2.031853e-01 2.027079e-01 1.993240e-01 2.003375e-01 2.008318e-01 1.999136e-01 2.021569e-01 2.043067e-01 2.080160e-01 2.061666e-01 2.043210e-01 2.052810e-01 2.040733e-01 2.035932e-01 2.058988e-01 2.038991e-01 2.010019e-01 2.039581e-01 2.048798e-01 2.048577e-01 2.035390e-01 2.040175e-01 2.061607e-01 2.048760e-01 2.035761e-01 2.074617e-01 2.059384e-01 2.060082e-01 2.050854e-01 2.018588e-01 2.026177e-01 2.005976e-01 
72 1009 2.038468e-01 0 0 1.960119e-01 1.961534e-01 1.942916e-01 1.937840e-01 1.912257e-01 1.916664e-01 1.921800e-01 1.914835e-01 1.931414e-01 1.952260e-01 1.988102e-01 1.970656e-01 1.953805e-01 1.964367e-01 1.951553e-01 1.950297e-01 1.966527e-01 1.947754e-01 1.924950e-01 1.951929e-01 1.962536e-01 1.961688e-01 1.948417e-01 1.952603e-01 1.971286e-01 1.962727e-01 1.947146e-01 1.986564e-01 1.972214e-01 1.968442e-01 1.962508e-01 1.931204e-01 1.937181e-01 1.920044e-01 
73 1023 1.972184e-01 0 0 1.897233e-01 1.897258e-01 1.877218e-01 1.882121e-01 1.847614e-01 1.851167e-01 1.858379e-01 1.853018e-01 1.865535e-01 1.892187e-01 1.919992e-01 1.904730e-01 1.887301e-01 1.899657e-01 1.887202e-01 1.889069e-01 1.899997e-01 1.882634e-01 1.859411e-01 1.884774e-01 1.900715e-01 1.897834e-01 1.881727e-01 1.887018e-01 1.907914e-01 1.897369e-01 1.882044e-01 1.925587e-01 1.904363e-01 1.903223e-01 1.904901e-01 1.868139e-01 1.873882e-01 1.854748e-01 
74 1037 1.914488e-01 0 0 1.840237e-01 1.839646e-01 1.827659e-01 1.825585e-01 1.794419e-01 1.795306e-01 1.801925e-01 1.795516e-01 1.809092e-01 1.836118e-01 1.865914e-01 1.844882e-01 1.828790e-01 1.844968e-01 1.829872e-01 1.834034e-01 1.840247e-01 1.831595e-01 1.806893e-01 1.827303e-01 1.844897e-01 1.839009e-01 1.830863e-01 1.830958e-01 1.848362e-01 1.839488e-01 1.824592e-01 1.871382e-01 1.849587e-01 1.845149e-01 1.847724e-01 1.818146e-01 1.816337e-01 1.797069e-01 
75 1051 1.832059e-01 0 0 1.759126e-01 1.764126e-01 1.747791e-01 1.744008e-01 1.715979e-01 1.716894e-01 1.720701e-01 1.715614e-01 1.729051e-01 1.755844e-01 1.783814e-01 1.762155e-01 1.748784e-01 1.762347e-01 1.751906e-01 1.753225e-01 1.757857e-01 1.750920e-01 1.726425e-01 1.748496e-01 1.763517e-01 1.760454e-01 1.748534e-01 1.749222e-01 1.764566e-01 1.759813e-01 1.743872e-01 1.789444e-01 1.766648e-01 1.762574e-01 1.764671e-01 1.738916e-01 1.736070e-01 1.718769e-01 
76 1065 1.741008e-01 0 0 1.670762e-01 1.674006e-01 1.659468e-01 1.653954e-01 1.627312e-01 1.628601e-01 1.635491e-01 1.632981e-01 1.642699e-01 1.666844e-01 1.693359e-01 1.676106e-01 1.659346e-01 1.677291e-01 1.663250e-01 1.663134e-01 1.668463e-01 1.660909e-01 1.638798e-01 1.660367e-01 1.674542e-01 1.670287e-01 1.659063e-01 1.660069e-01 1.677375e-01 1.673287e-01 1.655084e-01 1.699881e-01 1.675688e-01 1.674250e-01 1.674709e-01 1.656799e-01 1.651656e-01 1.633836e-01 
77 1079 1.681635e-01 0 0 1.610657e-01 1.615223e-01 1.599623e-01 1.594858e-01 1.568932e-01 1.574545e-01 1.577297e-01 1.577067e-01 1.587353e-01 1.615902e-01 1.633009e-01 1.616894e-01 1.600872e-01 1.618587e-01 1.603890e-01 1.604044e-01 1.608235e-01 1.600683e-01 1.582021e-01 1.600012e-01 1.617189e-01 1.609836e-01 1.601115e-01 1.605173e-01 1.618490e-01 1.613053e-01 1.596883e-01 1.644252e-01 1.616699e-01 1.619104e-01 1.614841e-01 1.600801e-01 1.592004e-01 1.588489e-01 
78 1093 1.629641e-01 0 0 1.561466e-01 1.563279e-01 1.549700e-01 1.543934e-01 1.517238e-01 1.530074e-01 1.525878e-01 1.526729e-01 1.538933e-01 1.566547e-01 1.580822e-01 1.563556e-01 1.548817e-01 1.566506e-01 1.552219e-01 1.551566e-01 1.555771e-01 1.552523e-01 1.536026e-01 1.546623e-01 1.564682e-01 1.560140e-01 1.549423e-01 1.555546e-01 1.570040e-01 1.561570e-01 1.547521e-01 1.590730e-01 1.564393e-01 1.567047e-01 1.565655e-01 1.553669e-01 1.541738e-01 1.539396e-01 
79 1107 2.183410e-01 0 0 2.089887e-01 2.091066e-01 2.074708e-01 2.066108e-01 2.029483e-01 2.047933e-01 2.041916e-01 2.042747e-01 2.058530e-01 2.098890e-01 2.115719e-01 2.092280e-01 2.075367e-01 2.094865e-01 2.075276e-01 2.079810e-01 2.081521e-01 2.078527e-01 2.055670e-01 2.070729e-01 2.091401e-01 2.088714e-01 2.072602e-01 2.083987e-01 2.102445e-01 2.092077e-01 2.071492e-01 2.127166e-01 2.093309e-01 2.096220e-01 2.097525e-01 2.083234e-01 2.065941e-01 2.062966e-01 
80 1121 2.112229e-01 0 0 2.018693e-01 2.024464e-01 2.008155e-01 1.995232e-01 1.958984e-01 1.980686e-01 1.977129e-01 1.974801e-01 1.993604e-01 2.027356e-01 2.042817e-01 2.024385e-01 2.005436e-01 2.022015e-01 2.012150e-01 2.013707e-01 2.012731e-01 2.008716e-01 1.989122e-01 2.005795e-01 2.023028e-01 2.018016e-01 2.007146e-01 2.012223e-01 2.030396e-01 2.025549e-01 2.002461e-01 2.057565e-01 2.020448e-01 2.024062e-01 2.026888e-01 2.017855e-01 1.994618e-01 1.993251e-01 
81 1135 2.831667e-01 0 0 2.704782e-01 2.712130e-01 2.687893e-01 2.671264e-01 2.620908e-01 2.654313e-01 2.645063e-01 2.649758e-01 2.670147e-01 2.716593e-01 2.734646e-01 2.710439e-01 2.684615e-01 2.705530e-01 2.691416e-01 2.694744e-01 2.693356e-01 2.687854e-01 2.663864e-01 2.689532e-01 2.707712e-01 2.700261e-01 2.686864e-01 2.693408e-01 2.723593e-01 2.712848e-01 2.681101e-01 2.756039e-01 2.705664e-01 2.708872e-01 2.719934e-01 2.702722e-01 2.679205e-01 2.670996e-01 
82 1149 2.767198e-01 0 0 2.640468e-01 2.649637e-01 2.623963e-01 2.609372e-01 2.556858e-01 2.593997e-01 2.587504e-01 2.585856e-01 2.607830e-01 2.652087e-01 2.671972e-01 2.645033e-01 2.620161e-01 2.642693e-01 2.626601e-01 2.631701e-01 2.628383e-01 2.623538e-01 2.599449e-01 2.627682e-01 2.642064e-01 2.632655e-01 2.628092e-01 2.634276e-01 2.657845e-01 2.651717e-01 2.617484e-01 2.693909e-01 2.639715e-01 2.643387e-01 2.655957e-01 2.638874e-01 2.624106e-01 2.607508e-01 
83 1163 2.666519e-01 0 0 2.547520e-01 2.549005e-01 2.525235e-01 2.513770e-01 2.458885e-01 2.498424e-01 2.499065e-01 2.491824e-01 2.511557e-01 2.552164e-01 2.569265e-01 2.545910e-01 2.520135e-01 2.547765e-01 2.529599e-01 2.533758e-01 2.528817e-01 2.533205e-01 2.505903e-01 2.528219e-01 2.543703e-01 2.532384e-01 2.529039e-01 2.534886e-01 2.559693e-01 2.554876e-01 2.518469e-01 2.591208e-01 2.539507e-01 2.543800e-01 2.558396e-01 2.540309e-01 2.525201e-01 2.509728e-01 
84 1177 2.559560e-01 0 0 2.445621e-01 2.442686e-01 2.418881e-01 2.413275e-01 2.358087e-01 2.395774e-01 2.396730e-01 2.393776e-01 2.408819e-01 2.445138e-01 2.461687e-01 2.438328e-01 2.416821e-01 2.443617e-01 2.423606e-01 2.427232e-01 2.422209e-01 2.426723e-01 2.400948e-01 2.423524e-01 2.447066e-01 2.429559e-01 2.427066e-01 2.428664e-01 2.454938e-01 2.452736e-01 2.413660e-01 2.485628e-01 2.437540e-01 2.436881e-01 2.455631e-01 2.437404e-01 2.434377e-01 2.404767e-01 
85 1191 2.439605e-01 0 0 2.327132e-01 2.327114e-01 2.301980e-01 2.298212e-01 2.250222e-01 2.278545e-01 2.281885e-01 2.283213e-01 2.298006e-01 2.329110e-01 2.342292e-01 2.322613e-01 2.306308e-01 2.325475e-01 2.308851e-01 2.311662e-01 2.304363e-01 2.311405e-01 2.284640e-01 2.306841e-01 2.330083e-01 2.314600e-01 2.316186e-01 2.310202e-01 2.349734e-01 2.337046e-01 2.295852e-01 2.367359e-01 2.321024e-01 2.321504e-01 2.336349e-01 2.322321e-01 2.321792e-01 2.287883e-01 
86 1205 2.335012e-01 0 0 2.233735e-01 2.225832e-01 2.199107e-01 2.201468e-01 2.153799e-01 2.178390e-01 2.181582e-01 2.183806e-01 2.199473e-01 2.225642e-01 2.238065e-01 2.221712e-01 2.206739e-01 2.221778e-01 2.206586e-01 2.209043e-01 2.203064e-01 2.208357e-01 2.186790e-01 2.203496e-01 2.227939e-01 2.216081e-01 2.216182e-01 2.207156e-01 2.251237e-01 2.236806e-01 2.196510e-01 2.262044e-01 2.218814e-01 2.217093e-01 2.231952e-01 2.220013e-01 2.221850e-01 2.188436e-01 
87 1219 2.254301e-01 0 0 2.153279e-01 2.147995e-01 2.120028e-01 2.124696e-01 2.077580e-01 2.100555e-01 2.105338e-01 2.104722e-01 2.120689e-01 2.146813e-01 2.161647e-01 2.142063e-01 2.125287e-01 2.143066e-01 2.129232e-01 2.127423e-01 2.129794e-01 2.129860e-01 2.108756e-01 2.125037e-01 2.149212e-01 2.134521e-01 2.138257e-01 2.127140e-01 2.169717e-01 2.161110e-01 2.119019e-01 2.180773e-01 2.141142e-01 2.139156e-01 2.151630e-01 2.145189e-01 2.143740e-01 2.110161e-01 
88 1233 2.197986e-01 0 0 2.098724e-01 2.094457e-01 2.065630e-01 2.071395e-01 2.022073e-01 2.047117e-01 2.049137e-01 2.047632e-01 2.067363e-01 2.090424e-01 2.110781e-01 2.085944e-01 2.073091e-01 2.090825e-01 2.071318e-01 2.074622e-01 2.075158e-01 2.075573e-01 2.054373e-01 2.073850e-01 2.098200e-01 2.079876e-01 2.081681e-01 2.073590e-01 2.113802e-01 2.109519e-01 2.063023e-01 2.124452e-01 2.085896e-01 2.080992e-01 2.094674e-01 2.088264e-01 2.089561e-01 2.055348e-01 
89 1247 2.932312e-01 0 0 2.802017e-01 2.788340e-01 2.754344e-01 2.761743e-01 2.693638e-01 2.737502e-01 2.728196e-01 2.727612e-01 2.753318e-01 2.788839e-01 2.810144e-01 2.785719e-01 2.774317e-01 2.785177e-01 2.761441e-01 2.767082e-01 2.767108e-01 2.764816e-01 2.740846e-01 2.767977e-01 2.795911e-01 2.772775e-01 2.775825e-01 2.767936e-01 2.818820e-01 2.814507e-01 2.746673e-01 2.831001e-01 2.780730e-01 2.774575e-01 2.793870e-01 2.789804e-01 2.784265e-01 2.736272e-01 
