%  columns="iteration, evaluation, fitness, void, void, xrecentbest" (startseed=212033, 2023/08/23 1:16:49.34)
1 15  1.000000000000000000e+05 0 0 6.243680e-01 4.938006e-01 1.227719e-01 4.193142e-01 1.770349e-01 1.863717e-01 6.250242e-01 3.152453e-01 1.445506e-01 7.095661e-01 9.443072e-01 7.241548e-01 7.517381e-01 8.190848e-01 7.847810e-01 4.698543e-01 6.770766e-01 6.555642e-01 6.448948e-01 -1.234212e-01 3.116696e-01 3.120967e-01 6.704983e-01 9.967153e-02 5.281554e-01 2.917886e-01 8.654833e-01 9.724315e-01 -1.844255e-01 8.117688e-01 4.883122e-01 6.554125e-01 9.627311e-01 -3.836105e-02 
2 29  1.000000000000000000e+05 0 0 1.641563e-01 7.626023e-01 1.097435e+00 5.140407e-01 6.123981e-01 3.544259e-01 7.010259e-01 5.554279e-02 9.061943e-01 6.781033e-01 1.118828e+00 -3.003031e-02 1.040843e+00 1.738575e-01 3.017185e-01 7.137736e-01 1.027938e+00 6.571472e-02 1.083131e-01 6.323554e-01 6.030446e-01 6.445769e-02 1.211968e+00 3.142951e-01 6.384290e-01 3.851644e-01 3.854992e-01 -3.310366e-01 1.852064e-01 1.767880e+00 1.440656e-01 3.390848e-01 1.322898e+00 6.339637e-01 
3 43  1.000000000000000000e+05 0 0 3.940651e-01 1.474433e+00 2.220198e-01 5.299973e-01 -7.298749e-01 4.931731e-01 9.399430e-01 5.639275e-01 6.764578e-01 5.331599e-01 2.062993e+00 9.760876e-01 9.099543e-01 1.196896e+00 -3.641194e-01 2.683776e-01 9.083645e-01 -4.525100e-02 7.732935e-01 1.451087e-01 6.561985e-01 2.240692e-01 -4.328776e-01 4.409321e-01 -2.678788e-01 8.340763e-01 2.454222e-01 1.041222e-01 2.895752e-02 2.047219e+00 7.900164e-01 2.498887e-01 1.974112e+00 6.640118e-01 
4 57  1.000000000000000000e+05 0 0 3.656596e-01 5.589121e-01 -2.082397e-01 8.337162e-01 2.442883e-01 5.386890e-01 6.212654e-01 -5.605223e-01 2.471137e-01 1.198964e+00 9.560404e-02 8.350689e-01 6.979680e-01 1.566014e-02 3.054124e-01 -3.073617e-01 7.108472e-01 -4.750521e-01 1.312098e+00 9.221403e-01 1.388577e+00 -3.402633e-03 8.549850e-01 7.282201e-01 7.310372e-01 9.908913e-01 3.087162e-01 6.666333e-01 -2.843239e-02 1.274196e+00 5.081393e-01 1.056214e+00 -1.498263e-01 5.194917e-01 
5 71  1.000000000000000000e+05 0 0 -9.701209e-02 1.874715e+00 6.422295e-01 9.661429e-02 -6.715080e-01 3.168417e-01 4.990392e-01 3.096908e-01 5.798093e-01 1.254815e-01 -1.072561e-02 9.166759e-01 1.082053e+00 2.019034e-01 6.195224e-01 5.079811e-01 5.402664e-01 -6.388147e-01 2.057509e-01 9.694067e-01 1.210725e+00 4.711956e-01 1.388208e+00 1.475896e+00 7.090462e-01 4.052983e-01 7.520443e-01 1.347426e+00 1.635299e-01 1.496705e+00 2.972446e-01 4.604779e-01 2.239873e-01 -1.614595e-01 
6 85  1.000000000000000000e+05 0 0 2.146892e-01 7.359765e-01 4.640255e-01 1.612286e+00 5.451512e-01 1.272310e+00 2.789945e-01 3.133950e-02 1.645557e-01 5.375144e-01 4.118249e-01 -2.293569e-02 9.187118e-01 9.866020e-01 9.080250e-01 4.937122e-01 3.661620e-01 5.079089e-01 5.185909e-01 6.433849e-01 1.287495e+00 1.037339e-01 9.063287e-02 5.564802e-01 1.068369e+00 1.264760e+00 9.580383e-01 -2.350994e-01 3.079948e-01 1.617612e+00 7.883723e-01 -3.464337e-02 2.288886e-01 -6.829252e-01 
7 99  1.000000000000000000e+05 0 0 -3.018269e-01 1.015151e+00 4.149505e-01 7.129109e-01 9.812238e-03 4.675633e-01 9.331771e-01 -2.837749e-01 1.085395e+00 1.084773e+00 1.652399e+00 5.975400e-01 8.209852e-01 3.136101e-01 -9.355585e-02 1.452356e-01 6.989100e-01 7.038316e-01 7.342389e-01 6.979361e-01 1.185509e+00 -3.659801e-01 8.500032e-01 8.326713e-01 6.667453e-01 6.554589e-01 1.067517e+00 7.355245e-01 2.471364e-01 1.345103e+00 5.072886e-01 9.472106e-02 1.968297e-01 4.008370e-01 
8 113  1.000000000000000000e+05 0 0 -1.371567e-01 8.640091e-01 5.601966e-01 1.662443e+00 9.875378e-02 1.127789e+00 2.783027e-02 1.648061e-02 -1.983424e-01 4.130450e-01 2.169798e-01 3.585868e-01 6.959546e-01 -1.981728e-01 2.205580e-01 1.599076e+00 4.402291e-01 2.199671e-01 8.651999e-01 -1.397316e-01 2.762876e-01 7.316266e-01 2.496030e-01 5.761713e-01 3.810998e-01 5.924455e-01 5.737044e-01 6.613511e-01 6.811622e-01 1.166836e+00 5.733828e-01 6.367003e-02 1.173207e-01 3.706270e-01 
9 127  1.000000000000000000e+05 0 0 -4.439504e-01 7.329720e-01 5.552941e-01 6.103784e-01 -4.803545e-01 1.645077e-01 1.250403e+00 4.720910e-01 4.216030e-01 2.700534e-02 6.644120e-01 -2.956223e-02 8.282609e-01 3.034459e-01 -2.885100e-01 1.303864e+00 1.103716e+00 -1.324975e-01 6.868784e-01 9.924123e-01 5.502174e-01 2.013634e-01 3.874654e-01 7.171180e-01 -7.319510e-03 1.024049e+00 5.120072e-01 9.009947e-01 2.566427e-01 1.062940e+00 -3.576984e-01 -7.168849e-02 -4.490444e-01 7.628699e-01 
10 141  1.000000000000000000e+05 0 0 -4.488025e-01 9.987843e-01 6.328544e-01 1.159583e+00 -8.087012e-01 6.994488e-01 4.704436e-01 -3.448730e-01 -1.686732e-01 -5.129867e-01 7.011975e-01 3.297238e-01 1.985740e-01 -1.187575e-01 3.110311e-01 8.406171e-01 7.996110e-01 -1.131832e-01 1.294279e+00 7.227861e-01 6.360033e-01 -2.396178e-01 -2.222852e-01 1.088456e+00 5.640516e-01 6.883250e-01 9.764600e-01 8.232755e-01 -2.531622e-01 1.213197e+00 7.700538e-01 5.391361e-01 -4.454749e-01 2.930880e-01 
11 155  1.000000000000000000e+05 0 0 -5.590670e-01 8.905273e-01 7.922595e-01 2.455680e-01 7.808467e-01 1.473743e+00 -3.185768e-01 -1.524060e-01 -1.428898e-01 -9.333692e-02 5.659403e-01 1.942091e-01 4.306994e-01 6.612732e-02 -7.881853e-02 1.168770e-01 9.334756e-01 5.698365e-01 1.087896e+00 6.127393e-01 6.696899e-01 3.215726e-02 -3.433752e-02 9.939879e-02 3.006539e-01 1.118613e+00 4.440351e-01 4.742417e-01 1.278589e-01 1.428154e+00 1.440588e-01 -1.931290e-02 1.883125e-02 1.460814e+00 
12 169  1.000000000000000000e+05 0 0 2.187929e-01 1.014040e+00 1.114465e+00 7.517433e-01 1.966884e-01 1.192982e+00 4.221350e-01 6.580541e-01 -4.525658e-01 9.287680e-01 5.329006e-01 2.826067e-01 6.072188e-01 5.280772e-01 -1.439074e-02 5.080860e-01 5.533385e-01 4.143791e-01 8.494357e-01 -1.719603e-01 8.388887e-01 -5.223994e-02 8.101906e-01 1.176828e+00 5.162713e-01 6.234672e-01 7.375255e-01 1.281548e+00 -3.904020e-01 1.330637e+00 -1.258245e-01 3.592315e-01 -3.844340e-01 6.695353e-01 
13 183  1.000000000000000000e+05 0 0 -2.860819e-01 1.111577e+00 1.393573e+00 1.206738e+00 3.017425e-01 7.915874e-01 9.349790e-02 7.692128e-01 -3.762145e-01 8.311657e-01 -2.425979e-01 -4.851567e-01 -3.768946e-02 -1.762675e-01 2.625567e-01 1.112588e+00 1.053530e+00 4.399122e-01 1.359966e+00 1.386781e-01 5.394183e-01 3.651297e-01 9.255802e-01 1.154827e+00 2.793701e-01 8.737673e-02 7.560871e-01 9.429847e-01 1.340189e-01 3.670426e-01 2.032285e-01 4.992126e-01 -4.132277e-02 1.229111e+00 
14 197  1.000000000000000000e+05 0 0 2.303216e-01 5.570971e-01 1.380920e+00 6.567439e-01 4.056402e-01 6.470018e-01 5.490952e-01 3.353865e-02 -3.533756e-01 1.034493e-01 4.901395e-01 1.019105e-01 2.337664e-01 6.962172e-01 -2.833043e-01 1.283853e+00 8.864435e-01 5.043937e-01 1.364073e+00 5.226768e-01 1.102476e+00 1.976776e-01 6.612973e-01 9.039378e-01 1.322310e+00 4.664041e-01 8.863348e-01 5.689824e-01 -1.368860e-01 6.060005e-01 -1.655256e-02 7.483357e-01 -1.822994e-01 8.757580e-02 
15 211  1.000000000000000000e+05 0 0 -3.719457e-01 1.038521e+00 9.689146e-01 6.232166e-01 4.115163e-01 1.149418e+00 7.439567e-01 1.879704e-01 5.809852e-01 4.596522e-01 4.606446e-01 6.373331e-01 7.721841e-01 2.499457e-01 5.356205e-01 9.697416e-01 9.136387e-01 4.449280e-01 6.153581e-01 -1.026633e-01 1.328370e+00 1.742139e-01 3.569623e-01 1.005764e+00 1.326246e+00 1.504181e-01 8.025710e-01 5.439786e-01 1.060253e-01 9.174696e-01 -4.434796e-02 -1.243672e-01 -6.759457e-02 6.171302e-01 
16 225  1.000000000000000000e+05 0 0 -6.217448e-02 -7.793662e-05 8.269042e-01 8.585660e-01 7.555016e-01 1.597999e+00 8.368000e-01 4.151919e-01 1.032283e-01 2.739926e-01 1.525032e+00 4.269682e-01 1.459182e+00 2.263408e-01 2.772533e-01 1.124139e+00 1.305567e+00 3.926911e-01 8.694343e-01 7.476377e-01 1.086911e+00 1.052714e+00 3.592512e-01 7.249363e-01 9.848490e-01 4.537981e-02 1.288854e+00 9.327924e-01 2.079842e-01 1.259081e+00 -3.273900e-01 -2.463277e-01 2.289640e-01 9.568057e-01 
17 239  1.000000000000000000e+05 0 0 4.917924e-01 9.393368e-01 3.755434e-01 3.644242e-01 3.133042e-01 1.175946e+00 7.247254e-01 1.001059e-01 -4.332044e-01 6.235253e-02 1.463112e-01 8.001583e-02 7.840053e-01 1.827994e-01 1.540762e+00 1.068402e+00 9.846171e-01 8.370238e-01 1.273620e+00 -1.445997e-01 7.286491e-01 5.402723e-01 5.342048e-01 6.011198e-01 5.186343e-01 1.841518e-01 1.139723e+00 1.336629e+00 2.138635e-02 1.082887e+00 -5.659641e-01 2.679419e-01 1.185838e-01 5.845684e-01 
18 253  1.000000000000000000e+05 0 0 2.725481e-01 8.916256e-01 8.589942e-01 3.971662e-01 1.906559e-01 1.078619e+00 9.991993e-01 1.511118e-01 2.518600e-01 2.714627e-01 7.870352e-01 4.340574e-01 8.690329e-01 -1.347508e-01 1.016936e+00 4.483052e-01 7.268591e-01 5.066626e-01 1.158658e+00 6.895020e-01 9.727079e-01 3.387265e-01 2.867759e-01 7.534105e-01 5.982836e-01 7.218997e-01 9.352507e-01 1.585037e+00 1.459432e-01 6.681231e-01 3.019903e-01 4.334616e-01 1.901395e-01 5.940747e-01 
19 267  1.000000000000000000e+05 0 0 2.189674e-01 7.342725e-01 9.860175e-01 5.070735e-01 -1.876135e-01 7.467767e-01 6.318916e-01 5.686447e-01 4.967636e-01 1.299151e-01 7.295997e-01 -1.063802e-01 8.715066e-01 6.055188e-01 8.658793e-01 1.287060e+00 6.566439e-01 8.559113e-01 1.106522e+00 -1.714304e-01 7.317955e-01 -7.203464e-03 5.538079e-01 3.904155e-01 1.047623e-01 5.150648e-02 1.007907e+00 1.006249e+00 4.182807e-01 8.535400e-01 2.723462e-01 -8.394451e-02 3.578319e-01 5.971959e-01 
20 281  1.000000000000000000e+05 0 0 -2.346225e-01 1.191203e+00 8.850477e-01 3.955347e-01 2.606658e-01 8.738489e-01 4.131350e-01 4.209416e-01 4.265534e-01 5.647244e-01 6.527229e-01 1.309046e-01 9.516136e-01 4.797047e-01 8.210370e-01 6.641653e-01 1.155241e+00 7.610034e-01 7.797715e-01 -4.527138e-01 6.476168e-01 1.948438e-01 7.804412e-02 5.965658e-01 5.894126e-01 3.098830e-01 9.429308e-01 1.077903e+00 4.390329e-01 7.955522e-01 3.708185e-01 3.538473e-01 5.439868e-01 8.581567e-01 
21 295  1.000000000000000000e+05 0 0 -3.042661e-01 5.631649e-01 8.248992e-01 3.623493e-01 4.762467e-01 9.457284e-01 4.222892e-01 4.928924e-01 2.438296e-01 3.560396e-01 8.752320e-01 -1.639771e-01 1.212412e+00 8.346177e-02 7.812540e-01 1.173657e+00 9.925144e-01 2.855042e-01 1.001937e+00 -1.426280e-01 6.082597e-01 -2.074436e-01 9.920422e-01 4.652827e-01 8.124022e-01 3.755233e-01 7.389770e-01 8.612496e-01 9.120486e-02 1.135237e+00 -1.337478e-01 9.452300e-01 1.601518e-02 6.878800e-01 
22 309  1.000000000000000000e+05 0 0 2.437251e-01 7.293709e-01 5.283244e-01 4.884967e-01 -3.769885e-01 4.914149e-01 6.644743e-01 4.808223e-01 3.162525e-01 2.085879e-01 8.131575e-01 5.524924e-01 1.124404e+00 2.442646e-01 8.658135e-01 5.456076e-01 6.843498e-01 9.361360e-01 9.287808e-01 9.260730e-02 3.570465e-01 -1.829907e-01 5.749795e-01 5.440172e-01 9.465817e-02 -4.804509e-02 1.260940e+00 1.224085e+00 2.210275e-01 1.095536e+00 1.942505e-01 4.745818e-01 2.279209e-01 8.787994e-01 
23 323  1.000000000000000000e+05 0 0 9.654608e-02 8.235792e-01 5.794317e-01 2.648004e-01 1.638489e-01 6.441081e-01 8.319377e-01 4.884170e-02 6.333854e-01 3.947132e-01 1.095044e+00 -1.727111e-01 1.174902e+00 -9.489797e-02 8.502139e-01 9.994955e-01 1.472064e+00 5.597940e-01 1.231414e+00 -8.043522e-02 8.293130e-01 -1.107636e-01 4.234177e-01 5.567857e-01 -2.512423e-03 5.383275e-01 8.093689e-01 8.998159e-01 3.197766e-01 1.455627e+00 2.602939e-01 4.627041e-01 -2.086495e-01 7.116795e-01 
24 337  1.000000000000000000e+05 0 0 1.176545e-01 7.354198e-01 8.529933e-01 1.759817e-01 1.737708e-01 9.588824e-01 9.595224e-01 9.807126e-03 4.828895e-01 6.797346e-01 9.026539e-01 3.395365e-01 1.069289e+00 7.157467e-01 9.129507e-01 8.656985e-01 4.934214e-01 5.362351e-01 1.126585e+00 2.817557e-01 6.971041e-01 4.953431e-01 6.611667e-01 3.132298e-01 -3.937642e-01 5.320559e-01 5.749330e-01 1.422990e+00 -3.844368e-02 1.075631e+00 -2.323594e-01 8.239287e-01 -1.662848e-01 6.856291e-01 
25 351  1.000000000000000000e+05 0 0 -2.449815e-01 7.872291e-01 9.182082e-01 2.086153e-01 2.890718e-01 5.099159e-01 6.745910e-01 -1.666733e-02 2.153290e-01 8.615879e-01 7.166653e-01 5.383519e-01 7.032537e-01 4.281700e-01 6.661202e-01 7.053262e-01 1.666835e-01 7.325593e-01 1.282383e+00 2.253194e-01 4.601659e-01 1.482695e-01 8.488978e-01 9.410393e-03 4.481233e-01 5.824662e-01 8.288954e-01 7.003646e-01 2.815835e-01 7.745974e-01 2.113013e-01 9.100676e-01 -8.725385e-02 8.029079e-01 
26 365  1.000000000000000000e+05 0 0 1.900322e-01 6.723462e-01 1.242750e+00 3.955700e-01 9.522997e-02 5.135537e-01 5.615825e-01 -1.867519e-01 1.698787e-01 6.940517e-01 8.303132e-01 4.738482e-01 1.198042e+00 2.474730e-01 7.644613e-01 1.201289e+00 5.234350e-01 1.056022e+00 6.982693e-01 1.617773e-01 9.109462e-01 2.141494e-01 8.466646e-01 1.788614e-01 1.150664e-01 2.896942e-01 6.048376e-01 8.129793e-01 5.085304e-01 5.088757e-01 3.236001e-01 1.630013e-01 -1.113215e-02 9.441592e-01 
27 379  1.000000000000000000e+05 0 0 9.768617e-02 3.652777e-01 9.471703e-01 4.138800e-01 -1.358198e-01 9.476225e-01 4.539255e-01 1.493261e-01 1.334060e-01 8.689040e-01 9.883147e-01 2.066409e-01 8.496091e-01 2.028806e-01 3.599091e-01 7.870094e-01 4.684624e-01 8.295292e-01 8.072517e-01 2.378709e-01 7.205353e-01 3.808846e-01 6.061260e-01 1.629217e-01 2.274420e-01 5.591478e-01 1.006907e+00 6.593191e-01 7.108604e-01 7.274232e-01 3.247616e-02 5.285121e-02 -2.302071e-01 5.157672e-01 
28 393  1.000000000000000000e+05 0 0 3.217178e-01 6.128800e-01 6.535397e-01 5.876273e-01 2.760245e-01 5.961212e-01 2.950188e-01 6.830183e-02 1.007869e-01 9.579115e-01 6.521417e-01 1.851468e-01 6.196324e-01 2.589253e-01 4.637586e-01 9.447581e-01 3.778363e-01 8.911696e-01 9.565845e-01 9.971317e-02 5.668056e-01 2.283884e-01 8.169851e-01 2.637901e-01 5.488407e-01 3.547157e-01 7.186283e-01 5.078432e-01 6.802156e-01 7.458260e-01 1.951363e-01 3.069134e-01 1.308664e-01 5.324642e-01 
29 407  1.000000000000000000e+05 0 0 2.707759e-01 6.093114e-01 6.533293e-01 1.974050e-01 3.161720e-01 9.362006e-01 2.031833e-01 1.636253e-01 4.942772e-01 6.992106e-01 5.894640e-01 9.078910e-02 7.873047e-01 3.274839e-01 5.370040e-01 1.035225e+00 2.835679e-01 1.109454e+00 9.483086e-01 9.321560e-02 6.080441e-01 1.578260e-01 9.205002e-01 4.303879e-01 6.119834e-01 3.736880e-01 8.027438e-01 7.385022e-01 5.124293e-01 9.778740e-01 6.490430e-02 5.259539e-01 4.748796e-02 7.042950e-01 
30 421  1.000000000000000000e+05 0 0 1.061253e-01 6.234099e-01 5.426991e-01 1.991641e-01 2.117388e-01 5.187600e-01 4.839649e-01 -2.015197e-02 1.863573e-01 6.667754e-01 4.952505e-01 2.176046e-01 5.781406e-01 2.108447e-01 3.779403e-01 8.134725e-01 8.696229e-01 9.365055e-01 8.701676e-01 8.104770e-02 7.378771e-01 4.218437e-01 7.095559e-01 6.539358e-01 3.413255e-01 8.052971e-01 7.288945e-01 6.145311e-01 4.633554e-01 6.569769e-01 5.657432e-01 3.208657e-01 1.914006e-01 7.442321e-01 
31 435  1.000000000000000000e+05 0 0 1.793966e-01 6.372287e-01 8.359033e-01 6.714970e-01 4.523551e-01 7.965911e-01 3.249357e-01 1.009861e-01 4.491278e-01 7.137194e-01 6.872965e-01 -6.486203e-02 7.620118e-01 4.260000e-01 2.889757e-01 8.314785e-01 6.075699e-01 6.028845e-01 5.699171e-01 1.481379e-01 7.413299e-01 2.341610e-01 3.363530e-01 6.486973e-01 3.621930e-01 6.624566e-01 8.245186e-01 6.267700e-01 4.019583e-01 6.931705e-01 2.689818e-01 -2.331158e-02 -3.114876e-02 9.957477e-01 
32 449  1.000000000000000000e+05 0 0 2.872400e-01 6.499929e-01 1.048571e+00 6.190610e-01 1.766831e-01 6.696443e-01 3.159340e-01 9.565181e-02 4.752197e-01 5.560384e-01 2.915741e-01 6.179854e-02 7.465859e-01 4.386799e-01 5.793696e-01 1.042906e+00 6.731856e-01 5.251894e-01 6.296602e-01 2.719334e-01 6.212959e-01 4.253430e-01 5.643731e-01 4.400259e-01 3.865367e-01 6.717980e-01 4.785312e-01 9.291111e-01 3.988437e-01 7.245367e-01 5.114452e-02 3.196121e-01 6.420747e-02 8.382230e-01 
33 463  1.000000000000000000e+05 0 0 4.671840e-01 5.336648e-01 5.177256e-01 4.638507e-01 2.686619e-01 7.621057e-01 2.258252e-01 2.230706e-01 1.188466e-01 4.134680e-01 5.510548e-01 2.639942e-01 5.706285e-01 2.854684e-01 3.953870e-01 9.060734e-01 6.254043e-01 5.557683e-01 9.444682e-01 4.536818e-01 9.000199e-01 4.298712e-02 7.727717e-01 2.263116e-01 6.785209e-01 9.370012e-01 7.410866e-01 1.059656e+00 6.125948e-01 8.748559e-01 5.859182e-01 4.237936e-01 4.193449e-01 7.587727e-01 
34 477  1.000000000000000000e+05 0 0 1.054429e-01 9.894233e-01 5.340882e-01 2.558296e-01 3.335156e-01 6.576719e-01 4.967115e-01 3.462092e-01 3.935437e-01 3.691814e-01 4.350538e-01 1.682828e-01 4.801449e-01 3.255783e-01 2.370952e-01 7.476545e-01 8.106399e-01 5.954817e-01 6.555187e-01 4.940150e-01 6.686994e-01 2.629479e-01 8.183924e-01 3.795307e-01 5.666163e-01 6.678047e-01 7.167315e-01 1.231013e+00 6.781188e-01 9.684554e-01 2.334815e-01 2.120313e-01 3.995396e-01 4.763666e-01 
35 491  1.000000000000000000e+05 0 0 1.829604e-01 4.725478e-01 3.182415e-01 4.273991e-01 -5.461073e-02 6.477412e-01 1.010742e-01 4.186055e-01 4.880577e-01 3.595374e-01 5.439107e-01 1.793292e-01 4.100793e-01 3.760364e-01 2.494485e-01 6.550778e-01 7.911616e-01 8.279516e-01 5.382384e-01 2.484436e-01 1.039962e+00 4.211906e-01 7.063944e-01 4.606097e-01 5.057954e-01 8.362627e-01 7.049939e-01 8.648108e-01 6.222319e-01 4.606883e-01 -2.400457e-01 8.069786e-02 4.143574e-01 6.065857e-01 
36 505  1.000000000000000000e+05 0 0 -5.653379e-02 5.312876e-01 7.833716e-01 6.280147e-01 9.833176e-02 6.556919e-01 4.466171e-01 4.750927e-01 3.982714e-01 4.211613e-01 7.224490e-01 3.738282e-01 6.861013e-01 1.286502e-01 3.693641e-01 4.939856e-01 4.525713e-01 5.570420e-01 7.767795e-01 5.630779e-01 5.697226e-01 -2.339138e-02 6.709210e-01 6.989665e-01 4.549630e-01 4.017149e-01 6.819778e-01 1.079605e+00 6.834962e-01 7.120485e-01 1.246144e-01 3.500690e-01 2.527169e-01 3.604130e-01 
37 519  1.000000000000000000e+05 0 0 2.805643e-01 8.902133e-01 1.124318e-01 4.467068e-01 -1.580449e-01 8.032223e-01 5.488270e-01 7.465694e-01 8.739507e-01 5.466753e-01 5.617179e-01 1.904695e-01 2.586810e-01 6.680152e-02 2.246289e-01 6.810975e-01 7.379901e-01 4.175109e-01 3.624219e-01 1.133968e-01 5.531565e-01 5.222157e-01 6.007634e-01 -6.828456e-02 5.220390e-01 2.688738e-01 8.701755e-01 6.047486e-01 8.696503e-01 1.185895e+00 6.261661e-01 3.655570e-01 7.879052e-01 4.602906e-01 
38 533  1.000000000000000000e+05 0 0 1.687178e-01 9.042527e-01 1.828415e-01 2.848913e-02 1.821890e-01 6.484483e-01 2.849584e-01 3.385124e-01 7.409345e-01 5.393998e-01 8.567435e-01 3.218533e-01 8.272361e-01 1.798751e-01 9.231788e-01 3.934695e-01 6.627334e-01 5.610492e-01 7.666638e-01 2.322224e-01 6.643529e-01 3.087777e-01 6.582643e-01 3.513656e-01 5.976037e-01 9.161166e-01 1.008230e+00 1.087912e+00 4.449759e-01 9.449376e-01 3.866052e-01 1.429753e-01 6.598267e-02 5.202449e-01 
39 547  1.000000000000000000e+05 0 0 1.233502e-01 8.418272e-01 5.997220e-01 2.693717e-01 5.788879e-02 5.209731e-01 2.070598e-01 4.815919e-01 3.501631e-01 5.710191e-01 7.181131e-01 4.339578e-01 5.832530e-01 4.657451e-01 4.255766e-01 7.620791e-01 3.245574e-01 7.179559e-01 5.554737e-01 2.345517e-01 6.685570e-01 5.732099e-01 7.906050e-01 5.941711e-01 7.992703e-01 4.401230e-01 9.565832e-01 8.399766e-01 4.585424e-01 8.456108e-01 4.644721e-02 5.888658e-02 4.483551e-01 5.606719e-01 
40 561  1.000000000000000000e+05 0 0 4.763789e-02 5.537017e-01 3.980846e-01 5.148090e-01 -5.638096e-02 4.495672e-01 5.759439e-01 3.657001e-01 2.859096e-01 3.550747e-01 5.216476e-01 5.774167e-01 7.670777e-01 1.720077e-01 6.811155e-01 1.097263e+00 3.103746e-02 7.088595e-01 8.326694e-01 1.857588e-01 4.734721e-01 6.747890e-01 4.748652e-01 4.740581e-01 8.805944e-01 2.250736e-01 8.974165e-01 5.472318e-01 9.091606e-01 4.411200e-01 -2.095769e-01 2.288693e-01 5.215515e-01 6.929258e-01 
41 575  1.000000000000000000e+05 0 0 4.141376e-01 8.030121e-01 5.796112e-01 4.878512e-01 4.611488e-01 8.820017e-01 9.786945e-02 1.140870e-01 5.579641e-01 8.770577e-01 9.089710e-01 4.750679e-01 4.501694e-01 1.851719e-01 6.463894e-01 7.956084e-01 4.616711e-01 6.831902e-01 6.175168e-01 2.617789e-01 8.933662e-01 5.326577e-01 5.453192e-01 1.805859e-01 4.124809e-01 2.332905e-01 1.108122e+00 6.710375e-01 5.575016e-01 4.079365e-01 1.316816e-01 3.046517e-01 3.247680e-01 4.430794e-01 
42 589  1.000000000000000000e+05 0 0 2.297962e-01 7.522660e-01 5.044931e-01 5.228578e-01 8.771059e-02 8.624175e-01 2.348711e-01 1.843264e-01 1.795596e-01 5.104628e-01 6.829906e-01 3.776232e-01 1.434587e-01 1.801995e-01 -7.895150e-02 6.376091e-01 4.030359e-01 8.370451e-01 4.034427e-01 5.614059e-01 6.957312e-01 2.565571e-01 8.817078e-01 5.676982e-01 1.058460e+00 9.922869e-01 6.820196e-01 4.368582e-01 5.819144e-01 7.448833e-01 2.544686e-01 5.684666e-01 1.530527e-01 2.914004e-01 
43 603  1.000000000000000000e+05 0 0 6.719755e-02 6.713345e-01 4.309786e-01 3.792518e-01 1.746348e-01 6.409242e-01 6.860183e-01 3.361152e-01 4.678393e-01 5.455752e-01 4.994013e-01 2.172053e-01 2.159543e-01 -9.964512e-02 2.158676e-01 6.789333e-01 1.725945e-01 6.426409e-01 5.407805e-01 3.173859e-01 7.070184e-01 5.740749e-01 9.508628e-01 3.740830e-01 7.698298e-01 4.015417e-01 5.128122e-01 4.190940e-01 3.733833e-01 3.688578e-01 2.633982e-01 3.670332e-01 2.928211e-01 5.643194e-01 
44 617  1.000000000000000000e+05 0 0 3.736647e-01 7.076811e-01 1.367139e-01 5.230402e-01 3.383324e-01 6.030002e-01 4.221893e-01 2.540627e-01 1.187563e-01 7.915574e-01 7.692529e-01 6.759303e-01 3.376945e-01 1.180736e-01 7.326073e-01 9.619747e-01 4.925499e-01 5.003922e-01 5.786767e-01 1.114693e-01 5.303619e-01 2.869753e-01 8.493039e-01 7.430310e-01 4.172005e-01 3.203425e-01 5.516543e-01 4.150449e-01 6.360453e-01 5.283389e-01 6.331037e-01 1.716238e-01 3.979040e-01 2.971952e-01 
45 631  1.000000000000000000e+05 0 0 1.917689e-01 5.762398e-01 1.009433e-01 7.060965e-01 4.805302e-01 6.345048e-01 1.575414e-01 1.855874e-01 6.555379e-02 6.273960e-01 6.864559e-01 4.103920e-01 5.144376e-01 2.462515e-01 4.262317e-01 6.596664e-01 7.203972e-01 4.037688e-01 4.486560e-01 5.437563e-01 3.843338e-01 4.895940e-01 5.365311e-01 4.657240e-01 7.534263e-01 8.086072e-01 7.593452e-01 3.744872e-01 2.615338e-01 7.184272e-01 8.899655e-01 2.064372e-01 6.971785e-01 5.251111e-01 
46 645  1.000000000000000000e+05 0 0 8.657509e-01 8.784113e-01 1.920105e-01 7.166418e-01 4.651922e-01 5.929077e-01 2.866389e-01 -4.044686e-02 6.626569e-01 2.014989e-01 9.167705e-01 8.144977e-01 5.901983e-01 1.669114e-01 -3.651754e-01 5.985986e-01 7.664657e-01 3.757819e-01 3.561023e-01 6.526895e-01 4.225439e-01 1.872643e-01 3.444900e-01 9.193445e-01 3.168247e-01 8.068740e-01 3.385379e-01 1.029176e-01 3.339193e-01 1.080570e+00 8.692103e-01 4.880717e-01 4.797552e-01 2.550548e-01 
47 659  1.000000000000000000e+05 0 0 4.730832e-01 6.814683e-01 1.269414e-01 4.963890e-01 5.040107e-01 8.590131e-01 4.850190e-01 2.193485e-01 4.998797e-01 3.779176e-01 7.869336e-01 2.310856e-01 4.255561e-01 6.768293e-01 3.353064e-01 5.723932e-01 7.267993e-01 6.013468e-01 7.629977e-01 2.854992e-01 8.347233e-01 5.615058e-01 2.777434e-01 4.497120e-01 4.726365e-01 9.159322e-01 7.243859e-01 4.922929e-01 5.306383e-01 5.419791e-01 5.754682e-01 2.275141e-01 4.313913e-01 6.550677e-01 
48 673  1.000000000000000000e+05 0 0 5.446457e-01 1.018202e+00 -1.877545e-01 3.681302e-01 3.864860e-01 6.700192e-01 6.812585e-01 3.136070e-01 1.828606e-01 7.071325e-01 7.251588e-01 4.997942e-01 5.113707e-01 6.701824e-01 -1.210190e-02 5.293611e-01 7.089051e-01 6.616278e-01 7.517797e-01 3.024057e-01 7.673197e-01 1.832602e-01 6.777800e-01 3.894902e-01 1.022141e+00 1.268953e+00 3.698768e-01 5.162253e-01 5.819484e-01 5.714936e-01 4.341048e-01 2.162889e-01 4.523810e-01 3.673904e-01 
49 687  1.000000000000000000e+05 0 0 4.478151e-01 7.417462e-01 3.872423e-02 3.508328e-01 1.324076e-01 5.591095e-01 7.269683e-01 2.312371e-01 5.603645e-01 8.390042e-01 5.198663e-01 9.991657e-02 5.548015e-01 1.062525e+00 1.306195e-01 4.083199e-01 1.122999e+00 4.780619e-01 7.204647e-01 -3.328948e-02 1.075413e+00 -5.883139e-02 1.368754e-01 5.174989e-01 6.982260e-01 8.475354e-01 6.113008e-01 2.937129e-01 3.648511e-01 4.038948e-01 4.443502e-01 5.162186e-01 -1.209901e-01 3.770642e-01 
50 701  1.000000000000000000e+05 0 0 4.454054e-01 6.407331e-01 8.168883e-02 4.373800e-01 -7.207322e-02 4.556790e-01 1.408908e-01 7.151865e-03 7.522013e-01 8.644944e-01 7.911875e-01 5.358205e-02 5.300025e-01 8.083777e-01 2.494119e-01 3.646260e-01 3.350848e-01 3.463177e-01 5.129463e-01 6.106078e-02 5.709025e-01 4.356994e-01 4.304215e-01 3.749050e-01 6.438045e-01 8.206396e-01 3.618019e-01 4.350252e-01 3.206484e-01 3.371812e-01 6.066941e-01 8.076793e-02 5.591095e-01 3.341436e-01 
51 715  1.000000000000000000e+05 0 0 6.380389e-01 2.788681e-01 1.944320e-02 4.275254e-01 -2.633005e-02 4.309885e-01 6.411106e-02 4.254203e-01 8.530896e-01 1.045847e+00 3.093105e-01 2.898760e-01 6.834556e-01 3.508355e-01 2.205280e-01 7.978816e-01 4.733568e-01 4.409675e-01 7.384486e-01 6.559926e-02 6.833970e-01 6.785822e-01 2.828559e-01 2.656462e-01 4.717841e-01 8.997438e-01 7.300543e-01 3.289266e-01 5.317885e-01 3.836900e-01 6.292472e-01 5.447099e-01 1.560473e-01 2.580049e-01 
52 729  1.000000000000000000e+05 0 0 3.491084e-01 3.849266e-01 1.841860e-01 5.902707e-01 3.309638e-01 4.367859e-01 2.142288e-01 -5.668672e-02 3.696854e-01 9.232074e-01 6.613716e-01 5.463522e-03 3.784473e-02 3.808499e-01 2.763207e-01 5.537556e-01 2.883013e-01 1.901499e-01 8.090294e-01 4.499078e-01 6.466433e-01 5.260484e-01 3.058662e-01 2.792457e-01 5.695365e-01 7.615840e-01 5.050750e-01 5.797927e-01 2.894080e-01 1.680751e-01 8.326423e-01 3.320149e-01 1.350523e-01 3.857656e-01 
53 743  1.000000000000000000e+05 0 0 6.043139e-01 6.777528e-01 3.649737e-01 4.047783e-01 -1.774013e-01 3.778439e-01 1.033112e-01 2.479158e-01 6.122461e-01 6.799512e-01 8.059087e-01 6.583031e-02 4.906561e-03 5.453191e-01 3.761552e-01 6.963929e-01 -1.671859e-01 3.598804e-01 6.296322e-01 -1.401064e-02 8.735410e-01 3.522313e-01 4.334066e-01 1.921938e-01 3.089509e-01 6.934263e-01 8.118823e-01 2.902486e-01 1.605461e-01 3.658035e-01 7.028744e-01 3.722037e-01 4.289908e-01 2.972431e-01 
54 757  1.000000000000000000e+05 0 0 6.371543e-01 4.884368e-01 5.945696e-01 3.036833e-01 1.476136e-01 8.367117e-01 4.121910e-01 5.255761e-01 5.529106e-01 1.115915e+00 4.918459e-01 -1.364478e-01 8.099707e-01 5.972569e-01 1.996815e-01 5.277542e-01 1.815876e-01 7.600399e-01 2.639793e-01 3.417277e-01 9.450454e-01 2.972790e-01 8.811874e-01 5.184820e-01 6.000655e-01 7.007449e-01 9.677495e-01 3.672329e-01 4.842166e-01 1.837594e-01 6.149475e-01 4.373474e-01 1.162889e-01 3.414922e-01 
55 771  1.000000000000000000e+05 0 0 2.233462e-01 3.583944e-01 4.122493e-01 7.314722e-01 4.767897e-01 2.859359e-01 2.347610e-01 -5.930762e-02 5.646548e-01 9.291940e-01 3.975181e-01 1.336035e-01 3.831978e-01 7.666915e-01 8.903976e-01 2.916317e-01 3.888752e-01 1.376081e-01 5.319434e-01 3.706374e-01 4.234420e-01 4.621675e-01 9.453901e-01 3.447754e-01 4.192778e-01 6.051374e-01 5.148537e-01 4.706611e-01 1.511486e-01 -1.668459e-02 1.942918e-01 -1.000383e-01 4.013319e-01 1.308635e-01 
56 785  1.000000000000000000e+05 0 0 -8.590147e-02 -7.692035e-02 1.721114e-01 4.532881e-01 6.784424e-03 2.816508e-01 7.735238e-02 -6.067093e-02 7.798292e-01 9.872668e-01 3.108894e-01 -1.796948e-01 4.270498e-01 7.539086e-01 1.096129e-01 3.963753e-01 1.820464e-01 4.485406e-01 4.195186e-01 3.704657e-01 5.914390e-01 5.074830e-01 5.887957e-01 4.489611e-01 6.700707e-01 5.233407e-01 4.268908e-01 8.763646e-01 1.574450e-01 2.832787e-01 1.676936e-01 5.788188e-01 3.107323e-01 2.636047e-01 
57 799  1.000000000000000000e+05 0 0 2.883036e-01 7.815799e-01 6.109543e-01 4.429267e-01 7.309023e-02 1.652523e-01 4.108322e-01 -7.648226e-03 8.808983e-01 5.058287e-01 4.717084e-01 2.082742e-01 4.399716e-01 1.907869e-01 1.175616e-01 3.884530e-01 2.243530e-01 -3.266337e-02 9.433672e-01 3.884541e-01 1.339120e+00 1.914422e-01 6.810063e-01 1.435880e-01 4.329430e-01 7.548176e-01 1.237977e-01 7.510922e-01 2.120742e-01 5.854822e-01 4.241443e-01 6.566826e-02 6.821036e-01 3.395730e-01 
58 813  1.000000000000000000e+05 0 0 2.674737e-01 1.853893e-01 -2.069027e-01 6.295596e-01 4.050849e-01 1.003051e+00 -7.298383e-02 -1.524471e-01 6.217098e-01 6.155825e-01 8.623608e-01 -1.697591e-01 1.670359e-01 3.264079e-01 3.502493e-01 3.679418e-01 4.133413e-01 1.703522e-01 6.323752e-01 5.519813e-01 4.376834e-01 4.546230e-01 5.908240e-01 3.675373e-01 3.513474e-01 5.257481e-01 6.289214e-01 9.090974e-01 -1.814745e-01 5.248104e-01 -7.799854e-02 3.489313e-01 4.552806e-01 4.512020e-01 
59 827  1.000000000000000000e+05 0 0 4.162393e-01 3.767890e-01 4.554106e-01 2.811546e-01 1.993228e-01 5.585237e-01 5.050750e-01 1.273891e-01 5.976432e-01 4.379903e-01 9.951393e-01 -1.407754e-01 5.622706e-01 3.195633e-01 2.067811e-01 7.539122e-01 4.710329e-01 2.402226e-01 8.602601e-01 9.040644e-01 7.082453e-01 3.391573e-01 6.810927e-01 4.580648e-01 5.489228e-01 9.116285e-01 2.322446e-01 7.898170e-01 3.286140e-01 5.611754e-01 8.781297e-02 -7.161127e-02 4.970009e-01 6.601901e-01 
60 841  1.000000000000000000e+05 0 0 2.571596e-01 6.500183e-01 7.674132e-01 8.175725e-01 4.498226e-01 5.917734e-01 6.422550e-01 4.679869e-01 4.714286e-01 7.343604e-01 8.283880e-01 3.782913e-01 5.701116e-01 3.193346e-01 -2.711994e-02 4.743642e-01 7.071250e-01 3.514543e-01 7.031691e-01 2.630491e-01 5.193820e-01 3.081170e-01 7.687207e-01 2.054305e-01 3.530931e-01 6.162087e-01 3.374192e-01 9.654221e-01 2.872553e-01 3.244560e-01 -7.919752e-02 2.054352e-01 7.334195e-01 5.027672e-01 
61 855  1.000000000000000000e+05 0 0 2.642260e-01 4.526136e-01 5.637528e-01 1.118124e-01 4.400178e-01 1.164213e+00 4.918991e-01 6.405131e-01 7.361204e-01 9.184907e-01 6.152496e-01 3.106911e-02 1.506850e-01 4.025269e-01 -1.963060e-01 6.933725e-01 -6.687416e-02 9.983477e-02 7.213828e-01 5.897168e-02 5.540532e-01 2.743325e-01 7.011877e-01 1.495680e-01 7.827706e-01 4.419117e-01 4.236595e-01 7.278700e-01 3.138215e-01 3.174815e-01 4.029737e-01 4.755674e-01 6.636267e-01 5.311982e-01 
62 869  1.000000000000000000e+05 0 0 6.510454e-01 4.268533e-01 6.251557e-01 5.037960e-02 2.034573e-01 8.270690e-01 3.414935e-02 2.165874e-02 6.920281e-01 8.052431e-01 4.879473e-01 3.046913e-01 5.564163e-01 6.616636e-01 4.411849e-02 5.036583e-01 2.040586e-01 6.990206e-01 5.294027e-01 8.374815e-01 5.103864e-01 8.477032e-01 7.329808e-01 2.704239e-01 5.153361e-01 4.158765e-02 3.048564e-01 1.312766e+00 2.651834e-01 3.468291e-01 2.388751e-01 1.942536e-01 3.623263e-01 8.682694e-01 
63 883  1.000000000000000000e+05 0 0 1.008178e-01 3.477576e-01 7.158225e-01 8.515826e-02 1.426902e-01 1.137626e+00 1.138325e-01 3.001151e-01 4.604066e-01 8.364783e-01 5.746742e-01 4.173974e-01 6.918552e-01 7.440763e-02 1.558139e-01 7.153499e-01 2.308091e-01 2.806335e-01 2.106943e-01 3.892484e-01 7.785894e-01 3.143632e-01 5.495570e-01 4.905906e-01 2.282726e-01 1.000660e+00 5.894517e-01 6.917745e-01 2.622163e-01 5.418808e-01 2.534827e-01 2.033585e-01 6.866117e-01 9.852121e-01 
64 897  1.000000000000000000e+05 0 0 5.994767e-01 7.191203e-01 7.090364e-01 -2.531987e-01 6.343302e-01 7.015050e-01 3.477669e-01 2.241169e-01 3.919004e-01 5.965833e-01 5.758964e-01 1.531634e-01 5.854892e-01 9.197170e-02 -4.612690e-02 9.061103e-02 2.586097e-01 7.893737e-02 7.815081e-01 5.120650e-01 5.383447e-01 6.764833e-01 5.312245e-01 5.082541e-01 5.593148e-01 1.020810e+00 8.314301e-01 3.952583e-01 2.736129e-01 -2.022723e-02 8.982988e-01 4.138053e-01 3.712801e-01 8.281652e-01 
65 911  1.000000000000000000e+05 0 0 5.288856e-01 5.058430e-01 7.731721e-01 3.514213e-01 6.440734e-01 5.558033e-01 2.689780e-01 2.603437e-01 2.353724e-01 7.019384e-01 2.955748e-01 3.196714e-01 7.530088e-01 1.007147e-01 3.267572e-01 3.685860e-01 1.905968e-01 2.217553e-01 6.225039e-01 1.211977e-01 7.032569e-01 6.727948e-01 2.786401e-01 6.118084e-01 7.386850e-01 5.528288e-01 7.272828e-01 6.886842e-01 8.310658e-01 3.559016e-01 6.148911e-01 7.392965e-02 3.502059e-01 1.098244e+00 
66 925  1.000000000000000000e+05 0 0 5.000365e-01 3.873740e-02 7.037438e-01 2.032933e-01 2.434180e-01 1.027270e+00 1.438638e-01 -1.358940e-01 4.869082e-01 5.341212e-01 1.151046e+00 6.046360e-01 6.103182e-01 1.958374e-01 2.846256e-01 4.984875e-01 5.056848e-01 1.910265e-01 4.077653e-01 6.555531e-01 7.640430e-01 9.693169e-01 3.688266e-01 9.085180e-01 3.476398e-01 5.246448e-01 8.089231e-01 6.487142e-01 7.635970e-01 1.694878e-01 3.078058e-01 4.808235e-01 1.070316e-01 8.319234e-01 
67 939  1.000000000000000000e+05 0 0 5.747262e-01 3.710525e-02 5.226067e-01 5.962763e-02 4.530207e-01 6.749584e-01 8.088497e-01 2.406757e-01 1.013983e-03 5.926427e-01 3.855216e-01 2.512124e-01 1.021440e+00 6.703356e-01 8.185005e-03 9.905044e-01 2.681243e-02 -5.636125e-02 2.419584e-01 2.054449e-01 6.540674e-01 6.976104e-01 5.961849e-01 5.514653e-01 2.454483e-01 3.707182e-01 6.837946e-01 6.791036e-01 3.705916e-01 4.462570e-01 2.668651e-01 4.991305e-01 1.788470e-01 9.182069e-01 
68 953  1.000000000000000000e+05 0 0 5.659459e-01 1.337119e-01 8.658603e-01 2.403252e-01 4.258623e-01 7.465791e-01 5.512392e-01 5.127833e-01 2.786062e-01 5.042352e-01 3.489227e-01 4.252839e-01 9.855100e-01 2.907356e-01 -3.502799e-03 7.868302e-01 -2.188179e-01 3.094011e-01 4.577740e-02 3.241992e-01 8.658492e-01 1.216880e+00 1.771113e-01 5.201431e-01 1.036971e-01 5.747367e-01 7.433035e-01 5.717367e-01 4.157541e-01 5.127402e-01 -7.605154e-02 4.355682e-01 5.571410e-01 1.005846e+00 
69 967  1.000000000000000000e+05 0 0 7.219886e-01 1.311382e-01 4.433984e-01 1.625606e-01 5.213718e-01 1.093066e+00 8.194406e-01 3.041007e-01 -2.666934e-01 5.529853e-01 4.417459e-01 3.366288e-01 8.666730e-01 3.899350e-01 3.648691e-02 5.700665e-01 3.504419e-01 3.662158e-01 1.792130e-01 2.824467e-01 8.098574e-01 8.505580e-01 5.065591e-01 7.118985e-01 2.821273e-01 3.351400e-01 8.987433e-01 5.668941e-01 8.243324e-01 6.274155e-01 5.055447e-01 3.764526e-01 3.874827e-01 9.195745e-01 
70 981  1.000000000000000000e+05 0 0 6.495477e-01 2.123282e-01 6.646387e-01 3.242999e-01 2.313621e-01 7.466419e-01 2.511430e-01 4.445105e-01 2.408562e-01 6.065326e-01 3.072974e-01 1.614981e-01 1.234123e+00 2.645279e-01 1.338477e-02 5.368068e-01 4.415930e-02 1.690633e-01 2.159474e-01 5.280442e-01 8.672055e-01 6.400273e-01 2.159789e-01 5.344527e-01 3.779854e-01 4.473517e-01 6.245101e-01 5.092174e-01 9.367430e-01 4.104744e-01 6.623587e-01 -7.192680e-02 2.996463e-01 1.102212e+00 
71 995  1.000000000000000000e+05 0 0 5.316164e-01 3.021461e-01 6.740366e-01 2.947424e-01 1.950333e-01 5.576375e-01 4.251603e-01 5.310002e-01 2.372273e-01 5.575025e-01 1.162347e-01 2.930067e-01 6.723932e-01 2.105222e-01 3.052008e-01 8.070649e-01 3.223118e-01 2.967558e-01 3.651970e-01 3.633635e-02 1.170846e+00 4.757175e-01 4.917927e-01 4.037447e-01 8.479986e-02 2.755596e-01 9.149623e-01 7.007146e-01 6.066412e-01 2.222496e-01 2.149515e-01 7.080959e-01 6.769070e-02 7.515356e-01 
72 1009  1.000000000000000000e+05 0 0 8.872106e-01 -3.049682e-01 7.827721e-01 2.908022e-01 5.221701e-01 8.257323e-01 1.737601e-01 9.900986e-02 -4.726683e-02 4.543003e-01 4.211609e-01 1.155578e-01 9.722591e-01 6.400370e-01 2.701129e-01 7.766153e-01 2.194594e-01 4.847110e-01 -3.409922e-03 1.787631e-01 6.455751e-01 1.075526e+00 2.986903e-01 8.205408e-01 -2.298530e-02 1.306759e-01 7.057042e-01 3.641067e-01 6.475182e-01 -1.578915e-01 3.104876e-01 6.237961e-01 3.775641e-01 6.102480e-01 
73 1023  1.000000000000000000e+05 0 0 1.020934e+00 2.505849e-01 5.878999e-01 3.001119e-01 5.616181e-01 6.117588e-01 4.596705e-01 2.951432e-01 1.124238e-01 6.156614e-01 3.193898e-01 3.347340e-01 7.601020e-01 4.987599e-01 5.037317e-01 6.194299e-01 8.914615e-02 5.674577e-01 -9.364393e-02 4.818452e-01 8.690700e-01 7.094790e-01 9.859756e-02 4.629912e-01 5.879721e-02 2.559811e-01 7.078761e-01 2.418847e-01 4.338815e-01 3.283437e-01 1.768839e-01 5.897270e-01 1.485435e-01 8.538609e-01 
74 1037  1.000000000000000000e+05 0 0 9.118096e-01 2.233873e-01 4.181527e-01 2.346527e-02 2.154237e-01 6.977783e-01 2.934197e-01 1.321519e-01 3.352154e-01 8.011309e-01 2.948520e-01 3.894170e-01 6.220751e-01 3.276110e-01 3.118901e-01 6.659499e-01 3.106203e-01 3.809500e-01 7.631223e-02 3.140472e-01 7.337689e-01 7.616972e-01 2.171714e-01 4.895550e-01 2.633972e-01 2.456958e-01 6.721335e-01 4.876054e-01 1.008837e-01 8.764505e-02 3.206894e-02 3.156556e-01 2.016947e-02 6.054745e-01 
75 1051  1.000000000000000000e+05 0 0 8.954601e-01 -3.363483e-03 5.458564e-01 3.733825e-01 5.051957e-01 4.373597e-01 3.659982e-01 1.410727e-01 2.013775e-01 8.192160e-01 4.169074e-02 4.703131e-01 3.289071e-01 6.560152e-01 1.653126e-01 8.767207e-01 3.957741e-01 2.046839e-01 -9.664560e-02 6.160051e-01 8.672500e-01 9.132630e-01 3.317007e-01 4.561488e-01 6.016655e-01 1.248411e-01 6.710880e-01 2.493586e-01 3.353386e-01 2.905894e-01 6.565962e-02 2.983362e-01 3.327953e-01 7.237435e-01 
76 1065  1.000000000000000000e+05 0 0 8.254237e-01 3.829878e-01 4.736913e-01 3.044452e-01 3.386953e-01 5.305752e-01 1.803956e-01 5.307672e-02 3.855734e-01 7.951805e-01 -1.653909e-02 4.858555e-01 5.914821e-01 8.736382e-01 4.566256e-01 6.205782e-01 3.134036e-01 3.553001e-01 1.106175e-01 2.710967e-01 6.050551e-01 8.693835e-01 2.457808e-01 4.393286e-01 5.986179e-01 2.157053e-01 7.700931e-01 5.041479e-01 4.969801e-01 3.389886e-01 1.890271e-02 3.862274e-01 2.292144e-01 7.440441e-01 
77 1079  1.000000000000000000e+05 0 0 7.983544e-01 2.816075e-01 5.622746e-01 1.860039e-01 3.239790e-01 5.299724e-01 2.927071e-01 -1.545973e-01 3.652610e-01 8.432091e-01 -9.056764e-02 3.097642e-01 8.191599e-01 2.361032e-01 3.888331e-01 7.667896e-01 4.220429e-01 3.779647e-01 1.484465e-01 3.020253e-01 7.975283e-01 7.259789e-01 6.166202e-01 5.802961e-01 3.669859e-01 3.225964e-01 5.588440e-01 2.510342e-01 2.314403e-01 3.597645e-01 -1.336610e-02 5.703954e-01 3.248739e-01 7.597951e-01 
78 1093  1.000000000000000000e+05 0 0 6.529386e-01 2.019780e-01 2.976898e-01 2.492153e-01 -9.981739e-02 6.662645e-01 4.290794e-01 3.693826e-01 4.823647e-02 6.121272e-01 2.925116e-01 2.177287e-01 7.176002e-01 4.225763e-01 9.672220e-02 8.371991e-01 5.294756e-01 2.212992e-01 -6.230829e-02 3.276770e-01 8.726571e-01 6.240517e-01 5.257199e-01 5.927870e-01 4.037071e-01 2.984064e-01 6.117164e-01 4.083845e-01 3.110285e-01 2.243400e-01 1.705231e-01 1.253230e-01 1.929917e-01 9.451682e-01 
79 1107  1.000000000000000000e+05 0 0 7.390844e-01 4.443278e-01 7.729462e-01 -5.122787e-02 2.777298e-01 3.931403e-01 2.322521e-01 8.749801e-02 1.636870e-01 5.868761e-01 4.237078e-01 3.641440e-01 1.003010e+00 4.575970e-01 3.112509e-01 7.245566e-01 7.008216e-01 1.710212e-01 1.931323e-01 2.114129e-01 8.124456e-01 2.635207e-01 4.738597e-01 6.716368e-01 8.060909e-01 5.551029e-01 3.505688e-01 2.641190e-01 1.268455e-01 4.712330e-01 1.095554e-01 3.369302e-01 4.348865e-01 6.010307e-01 
80 1121  1.000000000000000000e+05 0 0 7.232697e-01 4.459255e-01 4.741397e-01 8.455532e-02 2.947322e-01 3.457486e-01 2.252657e-01 2.286817e-01 2.609496e-01 6.167632e-01 -2.729636e-02 -1.341905e-01 6.425961e-01 4.532991e-01 5.055584e-01 3.187756e-01 7.468520e-01 2.636816e-01 1.272049e-01 5.251744e-02 8.204604e-01 6.367532e-01 3.819260e-01 8.745045e-01 7.795459e-01 1.976655e-01 5.941132e-01 3.123447e-01 2.615035e-01 -9.906020e-02 6.369531e-01 7.124812e-01 2.278228e-01 3.659136e-02 
81 1135  1.000000000000000000e+05 0 0 3.867637e-01 2.116757e-01 5.044469e-01 4.295658e-01 1.846231e-01 6.664325e-01 2.367485e-01 3.961842e-01 6.917910e-02 5.254046e-01 1.228624e-02 1.520875e-01 7.304367e-01 -2.995531e-01 7.277471e-01 8.290364e-01 4.909391e-01 3.273171e-01 2.451196e-01 5.414680e-01 8.031206e-01 5.774283e-01 2.487769e-01 6.872499e-01 4.115386e-01 4.008308e-01 5.270789e-01 3.917380e-01 4.692399e-01 1.777719e-01 1.365688e-01 6.475644e-01 1.354891e-01 7.400809e-01 
82 1149  1.000000000000000000e+05 0 0 5.234813e-01 3.440378e-01 9.048585e-01 6.457803e-03 1.483071e-01 6.150466e-01 4.002334e-01 9.381044e-02 -7.108129e-02 7.926828e-01 5.076188e-01 3.135141e-01 7.475732e-01 1.238742e-01 5.243918e-01 8.413030e-01 2.917358e-01 4.155884e-01 4.957612e-01 1.304719e-01 8.886863e-01 6.054567e-01 1.191163e-01 2.955525e-01 6.086729e-01 3.326108e-01 5.776829e-01 2.999307e-01 1.366394e-01 3.003969e-01 5.089875e-01 1.928305e-01 2.606448e-01 7.768696e-01 
83 1163  1.000000000000000000e+05 0 0 4.378612e-01 2.862103e-01 5.032959e-01 1.569535e-01 2.622400e-01 4.884032e-01 2.668547e-01 1.548727e-01 1.638575e-01 6.495509e-01 4.792512e-02 2.382159e-01 8.131831e-01 2.324522e-01 6.649165e-01 6.578055e-01 1.598486e-01 2.362416e-01 3.484580e-01 3.994449e-01 6.345854e-01 5.147134e-01 1.790120e-01 3.663956e-01 2.245614e-01 5.797106e-01 5.095617e-01 2.693394e-01 1.691411e-02 3.498795e-01 2.840562e-01 4.895173e-01 4.436714e-01 5.683485e-01 
