%  columns=["iteration, evaluation, sigma, void, void, stds==sigma*sqrt(diag(C))" (startseed=207275, 2023/08/12 20:3:6.76)
1 15 2.831723e-01 0 0 2.835528e-01 2.827839e-01 2.826612e-01 2.831710e-01 2.831644e-01 2.831818e-01 2.834155e-01 2.833699e-01 2.836674e-01 2.828287e-01 2.839855e-01 2.828398e-01 2.830013e-01 2.829961e-01 2.831269e-01 2.825738e-01 2.826178e-01 2.825333e-01 2.830361e-01 2.828628e-01 2.827041e-01 2.824849e-01 2.832344e-01 2.830145e-01 2.825606e-01 2.842125e-01 2.826087e-01 2.824391e-01 2.826950e-01 2.828290e-01 2.842961e-01 2.834001e-01 2.834804e-01 2.826526e-01 
2 29 2.739572e-01 0 0 2.740244e-01 2.730050e-01 2.731231e-01 2.736041e-01 2.734297e-01 2.747151e-01 2.738578e-01 2.746603e-01 2.739381e-01 2.737831e-01 2.749225e-01 2.737144e-01 2.734647e-01 2.734451e-01 2.738297e-01 2.730367e-01 2.734768e-01 2.736464e-01 2.732767e-01 2.735326e-01 2.733447e-01 2.732857e-01 2.741043e-01 2.733813e-01 2.732719e-01 2.750951e-01 2.729230e-01 2.728672e-01 2.728498e-01 2.730537e-01 2.751695e-01 2.738889e-01 2.738751e-01 2.729970e-01 
3 43 2.608491e-01 0 0 2.609562e-01 2.595939e-01 2.596787e-01 2.603985e-01 2.601549e-01 2.613359e-01 2.605952e-01 2.613546e-01 2.607391e-01 2.602693e-01 2.614494e-01 2.601616e-01 2.599478e-01 2.598830e-01 2.603722e-01 2.596803e-01 2.598049e-01 2.604407e-01 2.595944e-01 2.601230e-01 2.604529e-01 2.600980e-01 2.605175e-01 2.600554e-01 2.601357e-01 2.616459e-01 2.597565e-01 2.593328e-01 2.594201e-01 2.595257e-01 2.615199e-01 2.604702e-01 2.608136e-01 2.594206e-01 
4 57 2.499187e-01 0 0 2.495381e-01 2.483649e-01 2.483182e-01 2.489393e-01 2.487896e-01 2.499991e-01 2.494594e-01 2.502326e-01 2.496629e-01 2.493334e-01 2.503849e-01 2.488072e-01 2.484453e-01 2.496188e-01 2.491953e-01 2.483511e-01 2.488689e-01 2.497754e-01 2.485269e-01 2.487249e-01 2.491479e-01 2.494002e-01 2.503900e-01 2.495781e-01 2.488038e-01 2.501469e-01 2.488161e-01 2.488143e-01 2.483298e-01 2.479895e-01 2.501663e-01 2.491974e-01 2.499008e-01 2.480652e-01 
5 71 2.411652e-01 0 0 2.413100e-01 2.393955e-01 2.391746e-01 2.398574e-01 2.396573e-01 2.414413e-01 2.406692e-01 2.410493e-01 2.407175e-01 2.404618e-01 2.415712e-01 2.396606e-01 2.398207e-01 2.406186e-01 2.404809e-01 2.391699e-01 2.399747e-01 2.411497e-01 2.392306e-01 2.396674e-01 2.408225e-01 2.400652e-01 2.416157e-01 2.406990e-01 2.398193e-01 2.420762e-01 2.396559e-01 2.398666e-01 2.391192e-01 2.389037e-01 2.417394e-01 2.401209e-01 2.410336e-01 2.389003e-01 
6 85 2.322374e-01 0 0 2.325340e-01 2.301514e-01 2.298855e-01 2.305153e-01 2.308483e-01 2.324398e-01 2.319152e-01 2.318580e-01 2.314157e-01 2.312134e-01 2.327003e-01 2.306397e-01 2.305521e-01 2.316605e-01 2.311817e-01 2.298918e-01 2.310261e-01 2.327280e-01 2.300631e-01 2.303705e-01 2.327666e-01 2.308054e-01 2.328396e-01 2.313222e-01 2.306713e-01 2.332240e-01 2.303901e-01 2.309527e-01 2.299944e-01 2.298461e-01 2.328774e-01 2.309708e-01 2.318166e-01 2.297903e-01 
7 99 2.210933e-01 0 0 2.214945e-01 2.188066e-01 2.185145e-01 2.190333e-01 2.198508e-01 2.210107e-01 2.208801e-01 2.204423e-01 2.198683e-01 2.196901e-01 2.215850e-01 2.192799e-01 2.191541e-01 2.204429e-01 2.198752e-01 2.186056e-01 2.196438e-01 2.215091e-01 2.185940e-01 2.189942e-01 2.212552e-01 2.197480e-01 2.215915e-01 2.199163e-01 2.196425e-01 2.219074e-01 2.187787e-01 2.197121e-01 2.184554e-01 2.187005e-01 2.215038e-01 2.194592e-01 2.207127e-01 2.182907e-01 
8 113 2.117884e-01 0 0 2.119443e-01 2.093893e-01 2.088857e-01 2.094362e-01 2.102436e-01 2.117799e-01 2.118333e-01 2.108837e-01 2.102643e-01 2.106035e-01 2.120474e-01 2.098693e-01 2.096265e-01 2.107380e-01 2.105488e-01 2.090892e-01 2.106159e-01 2.118701e-01 2.092571e-01 2.094101e-01 2.115196e-01 2.110717e-01 2.119025e-01 2.103134e-01 2.100712e-01 2.125720e-01 2.094791e-01 2.100878e-01 2.092412e-01 2.093951e-01 2.123014e-01 2.097539e-01 2.113991e-01 2.089822e-01 
9 127 2.060582e-01 0 0 2.064990e-01 2.035079e-01 2.028983e-01 2.033740e-01 2.041496e-01 2.057342e-01 2.058048e-01 2.050431e-01 2.044183e-01 2.050449e-01 2.067038e-01 2.040238e-01 2.040305e-01 2.048863e-01 2.049974e-01 2.035581e-01 2.049676e-01 2.060501e-01 2.033008e-01 2.034326e-01 2.056445e-01 2.054957e-01 2.058329e-01 2.041777e-01 2.046435e-01 2.067923e-01 2.039206e-01 2.044447e-01 2.035607e-01 2.034971e-01 2.076386e-01 2.036456e-01 2.057243e-01 2.028772e-01 
10 141 2.028328e-01 0 0 2.035534e-01 1.999852e-01 1.995702e-01 2.000683e-01 2.007229e-01 2.023217e-01 2.021965e-01 2.014028e-01 2.007650e-01 2.019180e-01 2.036494e-01 2.008730e-01 2.007872e-01 2.013260e-01 2.014412e-01 2.006326e-01 2.013193e-01 2.023979e-01 1.997801e-01 1.999622e-01 2.024108e-01 2.020884e-01 2.022217e-01 2.009514e-01 2.023919e-01 2.039833e-01 2.003429e-01 2.009773e-01 2.000305e-01 2.001556e-01 2.043602e-01 2.000205e-01 2.026161e-01 1.997904e-01 
11 155 1.964870e-01 0 0 1.972315e-01 1.934741e-01 1.930631e-01 1.936527e-01 1.942817e-01 1.959310e-01 1.954734e-01 1.947277e-01 1.944091e-01 1.954951e-01 1.971656e-01 1.944078e-01 1.947505e-01 1.947369e-01 1.958565e-01 1.940106e-01 1.950987e-01 1.956492e-01 1.933010e-01 1.935314e-01 1.957775e-01 1.959474e-01 1.955584e-01 1.943621e-01 1.961852e-01 1.976874e-01 1.939542e-01 1.946484e-01 1.935045e-01 1.936866e-01 1.986267e-01 1.934851e-01 1.960174e-01 1.933458e-01 
12 169 1.886608e-01 0 0 1.895072e-01 1.853613e-01 1.850179e-01 1.856922e-01 1.862419e-01 1.879819e-01 1.873795e-01 1.865603e-01 1.867045e-01 1.876126e-01 1.893262e-01 1.865403e-01 1.869037e-01 1.866479e-01 1.877163e-01 1.860131e-01 1.874835e-01 1.882177e-01 1.854587e-01 1.855997e-01 1.880904e-01 1.877346e-01 1.874117e-01 1.862687e-01 1.882096e-01 1.899049e-01 1.858316e-01 1.866827e-01 1.854463e-01 1.858264e-01 1.911357e-01 1.861387e-01 1.879097e-01 1.857248e-01 
13 183 1.839942e-01 0 0 1.847486e-01 1.805647e-01 1.806857e-01 1.810536e-01 1.812419e-01 1.830428e-01 1.824862e-01 1.817336e-01 1.819097e-01 1.827393e-01 1.849385e-01 1.817104e-01 1.820291e-01 1.819154e-01 1.827819e-01 1.814832e-01 1.826073e-01 1.833058e-01 1.804674e-01 1.806555e-01 1.833825e-01 1.828905e-01 1.823507e-01 1.817840e-01 1.834905e-01 1.851882e-01 1.811252e-01 1.819972e-01 1.806814e-01 1.811096e-01 1.861392e-01 1.817636e-01 1.830300e-01 1.807669e-01 
14 197 1.774912e-01 0 0 1.786415e-01 1.741468e-01 1.740703e-01 1.746009e-01 1.746304e-01 1.762186e-01 1.757588e-01 1.750591e-01 1.756854e-01 1.760331e-01 1.781781e-01 1.753955e-01 1.752635e-01 1.753770e-01 1.760555e-01 1.748502e-01 1.758319e-01 1.769487e-01 1.736816e-01 1.741217e-01 1.771178e-01 1.763126e-01 1.758100e-01 1.753900e-01 1.768687e-01 1.785476e-01 1.744606e-01 1.753609e-01 1.739952e-01 1.743516e-01 1.794248e-01 1.755228e-01 1.764258e-01 1.740507e-01 
15 211 1.733157e-01 0 0 1.740584e-01 1.700762e-01 1.695927e-01 1.701663e-01 1.707508e-01 1.717782e-01 1.712834e-01 1.706021e-01 1.717033e-01 1.721773e-01 1.738097e-01 1.710742e-01 1.719495e-01 1.718100e-01 1.718499e-01 1.706376e-01 1.716001e-01 1.727242e-01 1.694209e-01 1.698370e-01 1.730365e-01 1.721042e-01 1.712768e-01 1.710654e-01 1.725415e-01 1.743390e-01 1.705585e-01 1.709218e-01 1.702971e-01 1.700843e-01 1.748498e-01 1.714049e-01 1.718650e-01 1.698325e-01 
16 225 1.703104e-01 0 0 1.709776e-01 1.676866e-01 1.664592e-01 1.676849e-01 1.677761e-01 1.685079e-01 1.681060e-01 1.676292e-01 1.689387e-01 1.690228e-01 1.707051e-01 1.679413e-01 1.691095e-01 1.692840e-01 1.689521e-01 1.676866e-01 1.682542e-01 1.695086e-01 1.661938e-01 1.665618e-01 1.698577e-01 1.689101e-01 1.683423e-01 1.679523e-01 1.692751e-01 1.711477e-01 1.674033e-01 1.683536e-01 1.678135e-01 1.671955e-01 1.715913e-01 1.687451e-01 1.686735e-01 1.669107e-01 
17 239 1.663388e-01 0 0 1.668660e-01 1.638537e-01 1.622741e-01 1.636937e-01 1.635334e-01 1.642368e-01 1.638795e-01 1.634353e-01 1.650031e-01 1.657202e-01 1.668893e-01 1.637462e-01 1.650869e-01 1.652926e-01 1.647259e-01 1.636510e-01 1.640896e-01 1.651943e-01 1.620042e-01 1.624479e-01 1.658494e-01 1.647640e-01 1.648050e-01 1.641312e-01 1.651460e-01 1.674262e-01 1.631652e-01 1.643621e-01 1.639012e-01 1.629818e-01 1.676194e-01 1.646546e-01 1.644516e-01 1.627130e-01 
18 253 2.271688e-01 0 0 2.275401e-01 2.235352e-01 2.215851e-01 2.231706e-01 2.245516e-01 2.241089e-01 2.234078e-01 2.228511e-01 2.257991e-01 2.263467e-01 2.277167e-01 2.235941e-01 2.249817e-01 2.258631e-01 2.253864e-01 2.233813e-01 2.236009e-01 2.254584e-01 2.210156e-01 2.221677e-01 2.261155e-01 2.253080e-01 2.248080e-01 2.245885e-01 2.250449e-01 2.282688e-01 2.223032e-01 2.240359e-01 2.237965e-01 2.223426e-01 2.285802e-01 2.247489e-01 2.240647e-01 2.216938e-01 
19 267 2.217376e-01 0 0 2.216647e-01 2.185604e-01 2.159921e-01 2.179400e-01 2.191873e-01 2.183453e-01 2.177523e-01 2.174327e-01 2.204520e-01 2.208704e-01 2.217201e-01 2.178165e-01 2.195304e-01 2.206628e-01 2.195772e-01 2.175831e-01 2.181683e-01 2.201502e-01 2.152650e-01 2.166691e-01 2.203229e-01 2.197621e-01 2.190945e-01 2.193593e-01 2.196823e-01 2.228948e-01 2.166708e-01 2.186653e-01 2.187024e-01 2.168485e-01 2.228958e-01 2.195665e-01 2.183751e-01 2.162161e-01 
20 281 2.161279e-01 0 0 2.156580e-01 2.130917e-01 2.100448e-01 2.124126e-01 2.135158e-01 2.125365e-01 2.119264e-01 2.114878e-01 2.164521e-01 2.149348e-01 2.158599e-01 2.120245e-01 2.140881e-01 2.146293e-01 2.139039e-01 2.117775e-01 2.122004e-01 2.143826e-01 2.100421e-01 2.110586e-01 2.144879e-01 2.141804e-01 2.135975e-01 2.138116e-01 2.137851e-01 2.170818e-01 2.107112e-01 2.132645e-01 2.129002e-01 2.109543e-01 2.174158e-01 2.138814e-01 2.128337e-01 2.103591e-01 
21 295 2.075435e-01 0 0 2.068181e-01 2.042543e-01 2.015467e-01 2.036996e-01 2.048797e-01 2.039451e-01 2.039085e-01 2.027546e-01 2.080022e-01 2.064731e-01 2.071187e-01 2.035498e-01 2.056477e-01 2.057575e-01 2.057558e-01 2.032351e-01 2.037075e-01 2.057275e-01 2.014645e-01 2.029260e-01 2.055293e-01 2.056752e-01 2.046381e-01 2.051810e-01 2.048968e-01 2.083367e-01 2.020627e-01 2.045640e-01 2.049771e-01 2.024287e-01 2.087048e-01 2.054392e-01 2.040892e-01 2.016594e-01 
22 309 1.997414e-01 0 0 1.991466e-01 1.962343e-01 1.935512e-01 1.958695e-01 1.972027e-01 1.960116e-01 1.958421e-01 1.948503e-01 2.001697e-01 1.982812e-01 1.990863e-01 1.955447e-01 1.974735e-01 1.977703e-01 1.982061e-01 1.959724e-01 1.957880e-01 1.976348e-01 1.936540e-01 1.953765e-01 1.975021e-01 1.975811e-01 1.967917e-01 1.974877e-01 1.970087e-01 2.009534e-01 1.955512e-01 1.967136e-01 1.970947e-01 1.943782e-01 2.006788e-01 1.977138e-01 1.960391e-01 1.939378e-01 
23 323 1.932192e-01 0 0 1.922720e-01 1.897691e-01 1.869528e-01 1.893240e-01 1.905364e-01 1.893179e-01 1.894811e-01 1.882069e-01 1.934954e-01 1.915763e-01 1.928192e-01 1.895583e-01 1.908083e-01 1.911468e-01 1.916317e-01 1.894086e-01 1.890164e-01 1.909825e-01 1.871111e-01 1.887033e-01 1.907802e-01 1.909654e-01 1.904509e-01 1.911277e-01 1.906210e-01 1.941887e-01 1.895749e-01 1.900318e-01 1.907721e-01 1.876720e-01 1.939003e-01 1.909136e-01 1.896645e-01 1.874028e-01 
24 337 1.895404e-01 0 0 1.883957e-01 1.858452e-01 1.829477e-01 1.854349e-01 1.867521e-01 1.853605e-01 1.869606e-01 1.845494e-01 1.899493e-01 1.883712e-01 1.893280e-01 1.855350e-01 1.871486e-01 1.871105e-01 1.879352e-01 1.855899e-01 1.849948e-01 1.871645e-01 1.832228e-01 1.856515e-01 1.868369e-01 1.870343e-01 1.864079e-01 1.875907e-01 1.867661e-01 1.905359e-01 1.864176e-01 1.860274e-01 1.868316e-01 1.842250e-01 1.899483e-01 1.869395e-01 1.859277e-01 1.835972e-01 
25 351 1.845562e-01 0 0 1.839454e-01 1.805482e-01 1.780068e-01 1.803280e-01 1.826223e-01 1.800812e-01 1.819910e-01 1.792861e-01 1.852731e-01 1.831545e-01 1.840423e-01 1.804470e-01 1.821549e-01 1.818246e-01 1.829174e-01 1.804208e-01 1.800433e-01 1.820978e-01 1.785883e-01 1.805361e-01 1.816570e-01 1.818656e-01 1.810990e-01 1.822474e-01 1.816268e-01 1.853216e-01 1.817111e-01 1.815640e-01 1.818645e-01 1.790523e-01 1.846246e-01 1.819008e-01 1.811896e-01 1.784898e-01 
26 365 1.763962e-01 0 0 1.758893e-01 1.724092e-01 1.697570e-01 1.719727e-01 1.741924e-01 1.717304e-01 1.738875e-01 1.710767e-01 1.770825e-01 1.746919e-01 1.757913e-01 1.722228e-01 1.739900e-01 1.735906e-01 1.747683e-01 1.726018e-01 1.719776e-01 1.738405e-01 1.705988e-01 1.722521e-01 1.736598e-01 1.739271e-01 1.727188e-01 1.740626e-01 1.734794e-01 1.767655e-01 1.737345e-01 1.734221e-01 1.739457e-01 1.709570e-01 1.760618e-01 1.737452e-01 1.731624e-01 1.702332e-01 
27 379 1.699689e-01 0 0 1.692375e-01 1.657436e-01 1.635131e-01 1.653318e-01 1.677433e-01 1.653513e-01 1.675274e-01 1.645552e-01 1.703977e-01 1.681968e-01 1.694773e-01 1.657673e-01 1.674690e-01 1.669505e-01 1.684664e-01 1.663639e-01 1.655510e-01 1.674439e-01 1.640854e-01 1.658414e-01 1.673811e-01 1.676505e-01 1.666101e-01 1.673739e-01 1.669480e-01 1.700860e-01 1.673949e-01 1.669147e-01 1.674714e-01 1.644992e-01 1.695511e-01 1.677746e-01 1.666473e-01 1.636751e-01 
28 393 1.619102e-01 0 0 1.609995e-01 1.575176e-01 1.554134e-01 1.574041e-01 1.597741e-01 1.574488e-01 1.593072e-01 1.564943e-01 1.622723e-01 1.601116e-01 1.615591e-01 1.577727e-01 1.594826e-01 1.586682e-01 1.604616e-01 1.582645e-01 1.576418e-01 1.592780e-01 1.563154e-01 1.578505e-01 1.591456e-01 1.597872e-01 1.584837e-01 1.591588e-01 1.588740e-01 1.618805e-01 1.595005e-01 1.587763e-01 1.594890e-01 1.567827e-01 1.613791e-01 1.596843e-01 1.586946e-01 1.556724e-01 
29 407 1.551233e-01 0 0 1.542465e-01 1.506605e-01 1.487468e-01 1.504780e-01 1.529465e-01 1.507238e-01 1.523729e-01 1.498456e-01 1.551224e-01 1.534953e-01 1.546821e-01 1.514632e-01 1.526121e-01 1.519172e-01 1.535945e-01 1.514509e-01 1.509270e-01 1.524555e-01 1.500020e-01 1.510079e-01 1.522339e-01 1.528626e-01 1.516665e-01 1.525290e-01 1.518867e-01 1.551272e-01 1.530302e-01 1.519734e-01 1.526863e-01 1.500146e-01 1.543492e-01 1.530628e-01 1.521546e-01 1.488610e-01 
30 421 1.492580e-01 0 0 1.483483e-01 1.446893e-01 1.429203e-01 1.447035e-01 1.468463e-01 1.449611e-01 1.464443e-01 1.439696e-01 1.491461e-01 1.476112e-01 1.486784e-01 1.455918e-01 1.471026e-01 1.459749e-01 1.474963e-01 1.455307e-01 1.453743e-01 1.463523e-01 1.444041e-01 1.451329e-01 1.462548e-01 1.469351e-01 1.457408e-01 1.468332e-01 1.459405e-01 1.490413e-01 1.471274e-01 1.460001e-01 1.466723e-01 1.441034e-01 1.482178e-01 1.470623e-01 1.461572e-01 1.429864e-01 
31 435 1.459418e-01 0 0 1.449363e-01 1.413232e-01 1.394996e-01 1.414468e-01 1.437811e-01 1.416876e-01 1.429338e-01 1.406494e-01 1.455254e-01 1.451377e-01 1.450895e-01 1.423033e-01 1.435933e-01 1.426174e-01 1.439492e-01 1.422875e-01 1.420320e-01 1.431084e-01 1.409701e-01 1.416165e-01 1.427884e-01 1.435836e-01 1.424548e-01 1.434079e-01 1.424379e-01 1.456165e-01 1.435954e-01 1.430454e-01 1.432584e-01 1.407907e-01 1.445981e-01 1.437372e-01 1.426625e-01 1.395128e-01 
32 449 1.427994e-01 0 0 1.416204e-01 1.379721e-01 1.363364e-01 1.381817e-01 1.405157e-01 1.385704e-01 1.395807e-01 1.374009e-01 1.422661e-01 1.420848e-01 1.421877e-01 1.389443e-01 1.405919e-01 1.393868e-01 1.408771e-01 1.402203e-01 1.393464e-01 1.398287e-01 1.382418e-01 1.384391e-01 1.395519e-01 1.406970e-01 1.391579e-01 1.404844e-01 1.392219e-01 1.423568e-01 1.402055e-01 1.397610e-01 1.399975e-01 1.376210e-01 1.417712e-01 1.405211e-01 1.393325e-01 1.362989e-01 
33 463 1.401446e-01 0 0 1.388125e-01 1.353043e-01 1.335391e-01 1.354166e-01 1.381042e-01 1.358962e-01 1.367808e-01 1.348777e-01 1.395714e-01 1.393657e-01 1.394727e-01 1.361152e-01 1.376901e-01 1.365775e-01 1.387515e-01 1.380974e-01 1.367927e-01 1.373442e-01 1.357488e-01 1.357010e-01 1.369894e-01 1.381449e-01 1.363480e-01 1.376471e-01 1.366375e-01 1.395211e-01 1.377307e-01 1.370047e-01 1.372631e-01 1.348469e-01 1.391050e-01 1.377156e-01 1.365451e-01 1.335539e-01 
34 477 1.390205e-01 0 0 1.374920e-01 1.339726e-01 1.326681e-01 1.342231e-01 1.368914e-01 1.345995e-01 1.355327e-01 1.336107e-01 1.383770e-01 1.380070e-01 1.383502e-01 1.348763e-01 1.364474e-01 1.356456e-01 1.380265e-01 1.370681e-01 1.362099e-01 1.359487e-01 1.344555e-01 1.343763e-01 1.359303e-01 1.369373e-01 1.350769e-01 1.364168e-01 1.352727e-01 1.382060e-01 1.364674e-01 1.357207e-01 1.364036e-01 1.337617e-01 1.377556e-01 1.366360e-01 1.353382e-01 1.323484e-01 
35 491 1.341000e-01 0 0 1.324290e-01 1.290298e-01 1.281712e-01 1.292707e-01 1.318504e-01 1.295940e-01 1.309594e-01 1.288547e-01 1.333221e-01 1.329335e-01 1.336246e-01 1.299545e-01 1.315979e-01 1.306206e-01 1.333395e-01 1.321281e-01 1.318231e-01 1.309025e-01 1.296870e-01 1.295011e-01 1.309101e-01 1.318524e-01 1.301196e-01 1.314513e-01 1.303174e-01 1.331861e-01 1.318155e-01 1.307756e-01 1.317533e-01 1.287349e-01 1.327176e-01 1.315471e-01 1.304653e-01 1.274093e-01 
36 505 1.302810e-01 0 0 1.284857e-01 1.251071e-01 1.242900e-01 1.254014e-01 1.278763e-01 1.257904e-01 1.278663e-01 1.250028e-01 1.296855e-01 1.289404e-01 1.296862e-01 1.260316e-01 1.276032e-01 1.267348e-01 1.294326e-01 1.282045e-01 1.278841e-01 1.269624e-01 1.259296e-01 1.256281e-01 1.269265e-01 1.279960e-01 1.262667e-01 1.275984e-01 1.264563e-01 1.295972e-01 1.277858e-01 1.268467e-01 1.278118e-01 1.250346e-01 1.287539e-01 1.276984e-01 1.269082e-01 1.235130e-01 
37 519 1.787334e-01 0 0 1.760467e-01 1.716208e-01 1.701609e-01 1.718155e-01 1.756250e-01 1.723828e-01 1.755731e-01 1.713982e-01 1.776231e-01 1.769866e-01 1.785401e-01 1.729553e-01 1.750212e-01 1.738380e-01 1.777738e-01 1.756724e-01 1.755009e-01 1.741185e-01 1.724668e-01 1.721496e-01 1.748245e-01 1.756851e-01 1.736264e-01 1.751007e-01 1.731549e-01 1.781804e-01 1.751670e-01 1.740241e-01 1.756719e-01 1.713895e-01 1.765800e-01 1.752623e-01 1.738514e-01 1.693939e-01 
38 533 1.731114e-01 0 0 1.702455e-01 1.663117e-01 1.645397e-01 1.660616e-01 1.698702e-01 1.668192e-01 1.701714e-01 1.656898e-01 1.717340e-01 1.710449e-01 1.727114e-01 1.672883e-01 1.692020e-01 1.680793e-01 1.719438e-01 1.698182e-01 1.697264e-01 1.686399e-01 1.672285e-01 1.666832e-01 1.693588e-01 1.697771e-01 1.680163e-01 1.696931e-01 1.673151e-01 1.723982e-01 1.695518e-01 1.684491e-01 1.703216e-01 1.657411e-01 1.707709e-01 1.699840e-01 1.680434e-01 1.638408e-01 
39 547 1.676993e-01 0 0 1.645889e-01 1.612089e-01 1.592145e-01 1.610949e-01 1.643411e-01 1.626200e-01 1.647816e-01 1.604729e-01 1.661698e-01 1.656484e-01 1.672255e-01 1.620046e-01 1.636641e-01 1.625937e-01 1.662421e-01 1.643910e-01 1.641845e-01 1.630999e-01 1.618491e-01 1.611825e-01 1.636864e-01 1.641072e-01 1.625337e-01 1.639944e-01 1.618256e-01 1.666254e-01 1.644226e-01 1.637500e-01 1.650244e-01 1.605723e-01 1.651503e-01 1.644186e-01 1.626305e-01 1.585204e-01 
40 561 2.315960e-01 0 0 2.272139e-01 2.229341e-01 2.200021e-01 2.221731e-01 2.265616e-01 2.251741e-01 2.272784e-01 2.211213e-01 2.292041e-01 2.283251e-01 2.309828e-01 2.236093e-01 2.258302e-01 2.245297e-01 2.304436e-01 2.267239e-01 2.267154e-01 2.252766e-01 2.233257e-01 2.225800e-01 2.264512e-01 2.264780e-01 2.244296e-01 2.261982e-01 2.232310e-01 2.301410e-01 2.275698e-01 2.259599e-01 2.274430e-01 2.222375e-01 2.277577e-01 2.273907e-01 2.246467e-01 2.190226e-01 
41 575 2.329526e-01 0 0 2.282970e-01 2.254776e-01 2.210398e-01 2.231732e-01 2.273340e-01 2.273688e-01 2.281965e-01 2.220765e-01 2.306011e-01 2.292566e-01 2.327990e-01 2.246968e-01 2.268080e-01 2.254532e-01 2.314964e-01 2.278834e-01 2.278062e-01 2.263567e-01 2.247127e-01 2.235908e-01 2.284611e-01 2.279624e-01 2.253744e-01 2.271204e-01 2.242640e-01 2.310391e-01 2.286820e-01 2.268346e-01 2.285427e-01 2.231323e-01 2.293111e-01 2.288650e-01 2.262936e-01 2.199452e-01 
42 589 2.310512e-01 0 0 2.267583e-01 2.239286e-01 2.188091e-01 2.209166e-01 2.252301e-01 2.257965e-01 2.260661e-01 2.200594e-01 2.285889e-01 2.274123e-01 2.308520e-01 2.226648e-01 2.248989e-01 2.233654e-01 2.292032e-01 2.256149e-01 2.258660e-01 2.245654e-01 2.228947e-01 2.217527e-01 2.268434e-01 2.259123e-01 2.230762e-01 2.254754e-01 2.220825e-01 2.294638e-01 2.266536e-01 2.249167e-01 2.262936e-01 2.209006e-01 2.269746e-01 2.269001e-01 2.242292e-01 2.177600e-01 
43 603 2.269896e-01 0 0 2.226490e-01 2.204239e-01 2.146007e-01 2.166361e-01 2.214160e-01 2.218884e-01 2.220274e-01 2.160536e-01 2.242721e-01 2.229284e-01 2.265232e-01 2.200780e-01 2.207106e-01 2.193214e-01 2.248730e-01 2.215111e-01 2.218945e-01 2.211486e-01 2.185847e-01 2.178336e-01 2.227540e-01 2.217963e-01 2.189315e-01 2.214215e-01 2.177559e-01 2.256644e-01 2.224060e-01 2.207436e-01 2.219126e-01 2.168422e-01 2.227519e-01 2.226384e-01 2.200255e-01 2.137224e-01 
44 617 2.246435e-01 0 0 2.204835e-01 2.180018e-01 2.121754e-01 2.141276e-01 2.187115e-01 2.195201e-01 2.201819e-01 2.133398e-01 2.220598e-01 2.205082e-01 2.243733e-01 2.180267e-01 2.180025e-01 2.166015e-01 2.222436e-01 2.187757e-01 2.195090e-01 2.186932e-01 2.171520e-01 2.157234e-01 2.200702e-01 2.193928e-01 2.171103e-01 2.190526e-01 2.153672e-01 2.235179e-01 2.198938e-01 2.182532e-01 2.194741e-01 2.143728e-01 2.201637e-01 2.202579e-01 2.179849e-01 2.120979e-01 
45 631 2.233844e-01 0 0 2.192264e-01 2.166779e-01 2.106134e-01 2.129174e-01 2.170744e-01 2.184962e-01 2.186408e-01 2.117907e-01 2.211482e-01 2.189526e-01 2.227997e-01 2.172144e-01 2.163318e-01 2.152718e-01 2.209575e-01 2.171265e-01 2.179392e-01 2.172816e-01 2.169244e-01 2.152581e-01 2.188821e-01 2.179795e-01 2.157858e-01 2.179939e-01 2.141167e-01 2.220382e-01 2.188804e-01 2.169552e-01 2.178257e-01 2.128410e-01 2.187334e-01 2.194389e-01 2.165935e-01 2.105110e-01 
46 645 2.203825e-01 0 0 2.174011e-01 2.134541e-01 2.080047e-01 2.097522e-01 2.139732e-01 2.154667e-01 2.155358e-01 2.087776e-01 2.180699e-01 2.158448e-01 2.196830e-01 2.141917e-01 2.129997e-01 2.121356e-01 2.179165e-01 2.139206e-01 2.145503e-01 2.143946e-01 2.138399e-01 2.123797e-01 2.158329e-01 2.148608e-01 2.131079e-01 2.152604e-01 2.112377e-01 2.188129e-01 2.156835e-01 2.137174e-01 2.145182e-01 2.097008e-01 2.153498e-01 2.163514e-01 2.133280e-01 2.073798e-01 
47 659 2.141619e-01 0 0 2.115841e-01 2.071058e-01 2.019545e-01 2.034150e-01 2.076486e-01 2.092510e-01 2.093406e-01 2.024844e-01 2.120639e-01 2.094484e-01 2.129690e-01 2.079518e-01 2.066110e-01 2.058865e-01 2.115290e-01 2.083239e-01 2.082713e-01 2.081162e-01 2.078415e-01 2.064708e-01 2.095362e-01 2.087534e-01 2.069211e-01 2.093294e-01 2.050851e-01 2.122062e-01 2.094155e-01 2.072289e-01 2.082918e-01 2.036383e-01 2.089998e-01 2.099864e-01 2.070366e-01 2.015002e-01 
48 673 2.098729e-01 0 0 2.075229e-01 2.027315e-01 1.978164e-01 1.989069e-01 2.034497e-01 2.046755e-01 2.049025e-01 1.982311e-01 2.079543e-01 2.048894e-01 2.083266e-01 2.035627e-01 2.021432e-01 2.012715e-01 2.073196e-01 2.046272e-01 2.036422e-01 2.038451e-01 2.033551e-01 2.023435e-01 2.059636e-01 2.051552e-01 2.026490e-01 2.047766e-01 2.007709e-01 2.084687e-01 2.049262e-01 2.028250e-01 2.043080e-01 1.994793e-01 2.049572e-01 2.055723e-01 2.028903e-01 1.971664e-01 
49 687 2.038887e-01 0 0 2.014363e-01 1.966723e-01 1.920119e-01 1.928742e-01 1.973295e-01 1.985793e-01 1.989009e-01 1.922247e-01 2.016768e-01 1.986945e-01 2.027054e-01 1.978628e-01 1.962082e-01 1.950562e-01 2.015091e-01 1.986876e-01 1.975496e-01 1.978911e-01 1.974463e-01 1.969167e-01 2.002725e-01 1.994428e-01 1.968762e-01 1.987252e-01 1.946331e-01 2.022775e-01 1.990065e-01 1.966741e-01 1.984405e-01 1.935942e-01 1.989848e-01 1.996285e-01 1.967284e-01 1.912031e-01 
50 701 1.979962e-01 0 0 1.955403e-01 1.906537e-01 1.861098e-01 1.868346e-01 1.915689e-01 1.924937e-01 1.930155e-01 1.864236e-01 1.957327e-01 1.928321e-01 1.963826e-01 1.919923e-01 1.903934e-01 1.891549e-01 1.954109e-01 1.927828e-01 1.921154e-01 1.917729e-01 1.914356e-01 1.910090e-01 1.945383e-01 1.937509e-01 1.917237e-01 1.929002e-01 1.888488e-01 1.959945e-01 1.931373e-01 1.909654e-01 1.929510e-01 1.876837e-01 1.933857e-01 1.936569e-01 1.914224e-01 1.854929e-01 
51 715 1.927355e-01 0 0 1.902777e-01 1.855555e-01 1.810733e-01 1.815540e-01 1.861970e-01 1.874667e-01 1.876852e-01 1.811127e-01 1.902471e-01 1.876573e-01 1.916766e-01 1.868446e-01 1.849207e-01 1.837855e-01 1.900740e-01 1.872419e-01 1.872829e-01 1.864119e-01 1.862677e-01 1.860643e-01 1.891042e-01 1.885201e-01 1.862179e-01 1.874634e-01 1.835580e-01 1.908806e-01 1.879129e-01 1.860956e-01 1.877924e-01 1.825767e-01 1.880250e-01 1.885743e-01 1.868946e-01 1.804487e-01 
52 729 1.862523e-01 0 0 1.839386e-01 1.790497e-01 1.750212e-01 1.752326e-01 1.797056e-01 1.808805e-01 1.811566e-01 1.749634e-01 1.836002e-01 1.810720e-01 1.854224e-01 1.801630e-01 1.785232e-01 1.772805e-01 1.838684e-01 1.807847e-01 1.807935e-01 1.797338e-01 1.798269e-01 1.796434e-01 1.826408e-01 1.818288e-01 1.802251e-01 1.807295e-01 1.771091e-01 1.840394e-01 1.820568e-01 1.798938e-01 1.813870e-01 1.761734e-01 1.813681e-01 1.819088e-01 1.807030e-01 1.740693e-01 
53 743 1.799329e-01 0 0 1.776754e-01 1.727441e-01 1.690677e-01 1.693085e-01 1.732921e-01 1.744958e-01 1.746480e-01 1.687644e-01 1.771905e-01 1.747445e-01 1.789206e-01 1.737015e-01 1.721712e-01 1.710981e-01 1.773129e-01 1.743117e-01 1.742858e-01 1.737954e-01 1.738844e-01 1.735269e-01 1.763514e-01 1.753740e-01 1.738160e-01 1.745617e-01 1.708316e-01 1.774370e-01 1.759666e-01 1.738241e-01 1.751581e-01 1.710566e-01 1.749366e-01 1.755834e-01 1.746362e-01 1.679641e-01 
54 757 1.750205e-01 0 0 1.725066e-01 1.687613e-01 1.642782e-01 1.644154e-01 1.683231e-01 1.694015e-01 1.697084e-01 1.639274e-01 1.721268e-01 1.700974e-01 1.740188e-01 1.689651e-01 1.674553e-01 1.663677e-01 1.723053e-01 1.694009e-01 1.692287e-01 1.687570e-01 1.690216e-01 1.688643e-01 1.713258e-01 1.705220e-01 1.688961e-01 1.700764e-01 1.657476e-01 1.728066e-01 1.711247e-01 1.691738e-01 1.703072e-01 1.664397e-01 1.703309e-01 1.704654e-01 1.698193e-01 1.636719e-01 
55 771 1.687653e-01 0 0 1.665012e-01 1.625309e-01 1.583487e-01 1.582545e-01 1.623827e-01 1.630421e-01 1.634946e-01 1.578527e-01 1.657929e-01 1.638786e-01 1.677078e-01 1.626437e-01 1.612413e-01 1.604594e-01 1.658213e-01 1.632345e-01 1.631068e-01 1.631267e-01 1.628962e-01 1.629606e-01 1.650945e-01 1.643435e-01 1.626268e-01 1.642534e-01 1.595717e-01 1.663071e-01 1.647599e-01 1.631189e-01 1.639802e-01 1.609037e-01 1.641783e-01 1.640262e-01 1.636082e-01 1.577899e-01 
56 785 1.637159e-01 0 0 1.613018e-01 1.574936e-01 1.535228e-01 1.535066e-01 1.574202e-01 1.581395e-01 1.584442e-01 1.527768e-01 1.609570e-01 1.586471e-01 1.625986e-01 1.574210e-01 1.563034e-01 1.556635e-01 1.608858e-01 1.586599e-01 1.583400e-01 1.582506e-01 1.578968e-01 1.579046e-01 1.601635e-01 1.592323e-01 1.575285e-01 1.595009e-01 1.544581e-01 1.610031e-01 1.596276e-01 1.580865e-01 1.587847e-01 1.558412e-01 1.592158e-01 1.587748e-01 1.584932e-01 1.528555e-01 
57 799 1.583937e-01 0 0 1.558782e-01 1.523004e-01 1.483587e-01 1.488669e-01 1.521702e-01 1.527810e-01 1.532139e-01 1.477718e-01 1.554560e-01 1.538528e-01 1.569654e-01 1.521481e-01 1.515256e-01 1.506346e-01 1.554209e-01 1.532002e-01 1.530597e-01 1.529200e-01 1.524594e-01 1.526395e-01 1.547416e-01 1.538539e-01 1.522220e-01 1.545974e-01 1.491543e-01 1.557389e-01 1.543700e-01 1.531700e-01 1.534179e-01 1.505571e-01 1.538321e-01 1.532449e-01 1.539990e-01 1.477652e-01 
58 813 1.528397e-01 0 0 1.501969e-01 1.467624e-01 1.428946e-01 1.436618e-01 1.465529e-01 1.474142e-01 1.478561e-01 1.423827e-01 1.498839e-01 1.481543e-01 1.512478e-01 1.465627e-01 1.463904e-01 1.450876e-01 1.503995e-01 1.477370e-01 1.474673e-01 1.472461e-01 1.469569e-01 1.470678e-01 1.490420e-01 1.483861e-01 1.470912e-01 1.491079e-01 1.437503e-01 1.499576e-01 1.488935e-01 1.478637e-01 1.477457e-01 1.450917e-01 1.482614e-01 1.475404e-01 1.484208e-01 1.424193e-01 
59 827 1.481646e-01 0 0 1.454792e-01 1.422012e-01 1.383567e-01 1.392062e-01 1.424831e-01 1.425958e-01 1.430936e-01 1.378442e-01 1.450371e-01 1.434936e-01 1.467419e-01 1.426901e-01 1.419081e-01 1.403362e-01 1.454860e-01 1.430966e-01 1.430594e-01 1.428933e-01 1.422021e-01 1.427208e-01 1.441803e-01 1.436564e-01 1.425251e-01 1.445304e-01 1.390924e-01 1.450233e-01 1.441870e-01 1.434666e-01 1.429960e-01 1.405661e-01 1.434553e-01 1.427552e-01 1.436942e-01 1.378579e-01 
60 841 1.439662e-01 0 0 1.411544e-01 1.379598e-01 1.343697e-01 1.354167e-01 1.383793e-01 1.384561e-01 1.389015e-01 1.340106e-01 1.407505e-01 1.391765e-01 1.424548e-01 1.385342e-01 1.381173e-01 1.361207e-01 1.412474e-01 1.389124e-01 1.388772e-01 1.388651e-01 1.380188e-01 1.387923e-01 1.401854e-01 1.394229e-01 1.383682e-01 1.403026e-01 1.350837e-01 1.407621e-01 1.402680e-01 1.393140e-01 1.387135e-01 1.363282e-01 1.395542e-01 1.385017e-01 1.394234e-01 1.337118e-01 
61 855 1.369692e-01 0 0 1.342372e-01 1.309619e-01 1.275663e-01 1.287679e-01 1.315851e-01 1.318036e-01 1.319474e-01 1.273273e-01 1.338086e-01 1.321998e-01 1.355385e-01 1.320315e-01 1.314821e-01 1.293308e-01 1.341863e-01 1.320632e-01 1.319038e-01 1.320201e-01 1.310386e-01 1.320194e-01 1.334396e-01 1.326221e-01 1.314518e-01 1.332677e-01 1.282868e-01 1.338704e-01 1.332123e-01 1.324079e-01 1.317504e-01 1.296692e-01 1.325455e-01 1.317104e-01 1.328123e-01 1.272149e-01 
62 869 1.333831e-01 0 0 1.308263e-01 1.274606e-01 1.241530e-01 1.254475e-01 1.279950e-01 1.282130e-01 1.284664e-01 1.237925e-01 1.301169e-01 1.285592e-01 1.319135e-01 1.283123e-01 1.279881e-01 1.262210e-01 1.303859e-01 1.284234e-01 1.282195e-01 1.284347e-01 1.273931e-01 1.284997e-01 1.298365e-01 1.288729e-01 1.278506e-01 1.294915e-01 1.249915e-01 1.306884e-01 1.296084e-01 1.292052e-01 1.282547e-01 1.268705e-01 1.288630e-01 1.286449e-01 1.291168e-01 1.238281e-01 
63 883 1.814901e-01 0 0 1.783670e-01 1.733509e-01 1.686923e-01 1.708872e-01 1.744880e-01 1.745052e-01 1.746531e-01 1.685770e-01 1.767588e-01 1.747868e-01 1.792193e-01 1.743096e-01 1.739905e-01 1.715686e-01 1.770084e-01 1.744567e-01 1.741594e-01 1.743906e-01 1.730644e-01 1.746632e-01 1.764234e-01 1.750093e-01 1.738168e-01 1.758230e-01 1.699207e-01 1.778514e-01 1.762577e-01 1.757248e-01 1.743098e-01 1.723460e-01 1.751602e-01 1.750856e-01 1.752815e-01 1.684216e-01 
64 897 2.472222e-01 0 0 2.430381e-01 2.359179e-01 2.296893e-01 2.326989e-01 2.381952e-01 2.373442e-01 2.374049e-01 2.298276e-01 2.413383e-01 2.377799e-01 2.439237e-01 2.375358e-01 2.368296e-01 2.334784e-01 2.411952e-01 2.372242e-01 2.368998e-01 2.374101e-01 2.353124e-01 2.376467e-01 2.400977e-01 2.382228e-01 2.364826e-01 2.391664e-01 2.313815e-01 2.420055e-01 2.397812e-01 2.390997e-01 2.370047e-01 2.349559e-01 2.381312e-01 2.381972e-01 2.381747e-01 2.291310e-01 
65 911 2.455001e-01 0 0 2.415759e-01 2.339520e-01 2.282091e-01 2.309867e-01 2.367801e-01 2.358061e-01 2.353558e-01 2.283229e-01 2.394712e-01 2.357762e-01 2.421934e-01 2.359524e-01 2.354252e-01 2.314511e-01 2.392921e-01 2.351866e-01 2.352921e-01 2.357321e-01 2.337028e-01 2.356700e-01 2.380215e-01 2.370688e-01 2.344237e-01 2.373097e-01 2.295411e-01 2.408000e-01 2.378286e-01 2.370881e-01 2.351325e-01 2.332378e-01 2.362644e-01 2.361288e-01 2.364480e-01 2.276248e-01 
66 925 2.440261e-01 0 0 2.405400e-01 2.321021e-01 2.265466e-01 2.291861e-01 2.358583e-01 2.341295e-01 2.338578e-01 2.265898e-01 2.379425e-01 2.341350e-01 2.405431e-01 2.348580e-01 2.339560e-01 2.299718e-01 2.375106e-01 2.337557e-01 2.335920e-01 2.346250e-01 2.318363e-01 2.343439e-01 2.363303e-01 2.353410e-01 2.328721e-01 2.358018e-01 2.286224e-01 2.397089e-01 2.359415e-01 2.351059e-01 2.332673e-01 2.317510e-01 2.349070e-01 2.343661e-01 2.349738e-01 2.257584e-01 
67 939 2.439638e-01 0 0 2.406089e-01 2.318100e-01 2.263397e-01 2.287461e-01 2.366738e-01 2.344457e-01 2.338124e-01 2.263474e-01 2.376015e-01 2.337618e-01 2.402815e-01 2.349192e-01 2.339103e-01 2.298679e-01 2.371101e-01 2.333184e-01 2.337505e-01 2.350667e-01 2.313664e-01 2.338617e-01 2.361715e-01 2.355312e-01 2.324635e-01 2.354073e-01 2.284406e-01 2.397911e-01 2.354505e-01 2.347742e-01 2.331588e-01 2.313999e-01 2.344843e-01 2.344721e-01 2.346446e-01 2.258090e-01 
68 953 2.394405e-01 0 0 2.360974e-01 2.273311e-01 2.220584e-01 2.241684e-01 2.324923e-01 2.299907e-01 2.294518e-01 2.219214e-01 2.329019e-01 2.292731e-01 2.353598e-01 2.312093e-01 2.295554e-01 2.251746e-01 2.325699e-01 2.284769e-01 2.292221e-01 2.304269e-01 2.271953e-01 2.292915e-01 2.313502e-01 2.309816e-01 2.278013e-01 2.308267e-01 2.239163e-01 2.351341e-01 2.310849e-01 2.302456e-01 2.286493e-01 2.268676e-01 2.298476e-01 2.300595e-01 2.302843e-01 2.215462e-01 
69 967 2.340373e-01 0 0 2.310300e-01 2.222256e-01 2.167619e-01 2.187618e-01 2.273010e-01 2.246970e-01 2.240748e-01 2.167728e-01 2.272535e-01 2.241011e-01 2.306031e-01 2.265102e-01 2.247151e-01 2.199013e-01 2.282553e-01 2.231160e-01 2.237387e-01 2.252823e-01 2.220438e-01 2.238705e-01 2.258692e-01 2.259161e-01 2.224513e-01 2.255257e-01 2.186807e-01 2.294449e-01 2.258363e-01 2.253256e-01 2.231077e-01 2.217406e-01 2.243694e-01 2.244082e-01 2.249285e-01 2.165972e-01 
70 981 2.256823e-01 0 0 2.227010e-01 2.141512e-01 2.091824e-01 2.106863e-01 2.191456e-01 2.167528e-01 2.158666e-01 2.086882e-01 2.186347e-01 2.162718e-01 2.224782e-01 2.184970e-01 2.174840e-01 2.116149e-01 2.201506e-01 2.147217e-01 2.155016e-01 2.175733e-01 2.137323e-01 2.155965e-01 2.175583e-01 2.177206e-01 2.145560e-01 2.172087e-01 2.106037e-01 2.212795e-01 2.174941e-01 2.169028e-01 2.147261e-01 2.134704e-01 2.165289e-01 2.163036e-01 2.168131e-01 2.086650e-01 
71 995 2.196070e-01 0 0 2.166599e-01 2.080007e-01 2.044630e-01 2.048067e-01 2.130219e-01 2.107931e-01 2.096860e-01 2.027728e-01 2.122862e-01 2.104859e-01 2.162274e-01 2.126626e-01 2.117150e-01 2.055454e-01 2.141700e-01 2.088656e-01 2.092373e-01 2.115376e-01 2.077917e-01 2.093106e-01 2.112613e-01 2.114486e-01 2.085573e-01 2.115383e-01 2.050258e-01 2.153750e-01 2.114848e-01 2.105930e-01 2.087249e-01 2.076738e-01 2.110628e-01 2.101047e-01 2.106058e-01 2.028294e-01 
72 1009 2.133507e-01 0 0 2.101365e-01 2.017410e-01 1.982294e-01 1.987854e-01 2.067816e-01 2.044431e-01 2.034703e-01 1.967653e-01 2.059709e-01 2.044158e-01 2.099324e-01 2.067659e-01 2.053833e-01 1.993894e-01 2.086226e-01 2.025429e-01 2.033452e-01 2.056139e-01 2.016890e-01 2.029917e-01 2.058953e-01 2.053562e-01 2.022992e-01 2.052829e-01 1.987991e-01 2.088357e-01 2.053413e-01 2.045378e-01 2.028378e-01 2.017571e-01 2.052348e-01 2.040591e-01 2.044551e-01 1.967135e-01 
73 1023 2.060372e-01 0 0 2.026227e-01 1.947366e-01 1.911946e-01 1.916763e-01 2.001039e-01 1.972214e-01 1.964788e-01 1.897400e-01 1.987572e-01 1.971691e-01 2.022846e-01 1.993664e-01 1.980027e-01 1.925420e-01 2.016175e-01 1.951745e-01 1.959997e-01 1.984755e-01 1.944989e-01 1.959115e-01 1.991027e-01 1.981155e-01 1.949921e-01 1.978633e-01 1.916945e-01 2.017267e-01 1.979728e-01 1.974439e-01 1.955817e-01 1.945531e-01 1.988771e-01 1.966893e-01 1.974111e-01 1.896172e-01 
74 1037 1.985989e-01 0 0 1.950519e-01 1.877653e-01 1.840696e-01 1.853930e-01 1.927744e-01 1.898419e-01 1.893410e-01 1.825308e-01 1.912234e-01 1.897249e-01 1.948146e-01 1.925663e-01 1.904404e-01 1.854772e-01 1.946647e-01 1.877515e-01 1.885334e-01 1.912267e-01 1.874589e-01 1.892942e-01 1.915110e-01 1.908049e-01 1.878208e-01 1.903946e-01 1.845259e-01 1.946340e-01 1.904637e-01 1.905286e-01 1.885040e-01 1.870957e-01 1.917739e-01 1.891533e-01 1.898996e-01 1.825445e-01 
75 1051 1.925065e-01 0 0 1.888093e-01 1.818934e-01 1.782507e-01 1.799599e-01 1.872996e-01 1.837263e-01 1.833953e-01 1.768332e-01 1.850744e-01 1.836519e-01 1.890797e-01 1.863362e-01 1.845832e-01 1.795669e-01 1.887715e-01 1.817020e-01 1.827186e-01 1.852292e-01 1.814653e-01 1.832767e-01 1.856156e-01 1.847586e-01 1.818533e-01 1.843186e-01 1.786331e-01 1.883921e-01 1.842319e-01 1.849179e-01 1.827168e-01 1.815695e-01 1.858194e-01 1.833565e-01 1.837999e-01 1.767940e-01 
76 1065 1.884615e-01 0 0 1.847132e-01 1.777197e-01 1.741587e-01 1.759806e-01 1.830596e-01 1.795528e-01 1.792155e-01 1.731651e-01 1.820501e-01 1.794854e-01 1.849313e-01 1.825053e-01 1.806794e-01 1.757443e-01 1.848623e-01 1.777643e-01 1.789822e-01 1.815147e-01 1.773115e-01 1.797399e-01 1.814161e-01 1.807380e-01 1.779188e-01 1.803621e-01 1.745469e-01 1.842061e-01 1.803358e-01 1.817423e-01 1.787153e-01 1.775224e-01 1.819247e-01 1.794478e-01 1.797995e-01 1.730440e-01 
77 1079 1.844988e-01 0 0 1.806089e-01 1.739004e-01 1.710229e-01 1.720874e-01 1.791251e-01 1.755652e-01 1.752998e-01 1.696131e-01 1.781139e-01 1.752594e-01 1.821198e-01 1.782671e-01 1.766869e-01 1.722296e-01 1.809640e-01 1.741615e-01 1.749190e-01 1.774338e-01 1.734312e-01 1.755248e-01 1.778119e-01 1.768541e-01 1.739387e-01 1.762146e-01 1.706705e-01 1.802370e-01 1.761845e-01 1.781339e-01 1.748101e-01 1.734698e-01 1.779690e-01 1.753699e-01 1.757555e-01 1.700356e-01 
78 1093 1.813599e-01 0 0 1.772754e-01 1.708086e-01 1.681046e-01 1.688081e-01 1.759559e-01 1.723074e-01 1.719862e-01 1.667261e-01 1.748543e-01 1.723910e-01 1.791776e-01 1.750756e-01 1.734917e-01 1.692223e-01 1.776031e-01 1.713653e-01 1.722207e-01 1.741239e-01 1.707364e-01 1.724042e-01 1.743992e-01 1.738077e-01 1.706840e-01 1.728220e-01 1.680516e-01 1.770236e-01 1.728317e-01 1.750729e-01 1.718106e-01 1.702451e-01 1.748620e-01 1.722265e-01 1.725571e-01 1.670693e-01 
79 1107 1.775162e-01 0 0 1.744927e-01 1.668200e-01 1.642697e-01 1.650511e-01 1.720421e-01 1.682823e-01 1.682217e-01 1.630866e-01 1.710996e-01 1.691905e-01 1.756335e-01 1.709179e-01 1.696562e-01 1.655676e-01 1.737262e-01 1.673585e-01 1.685963e-01 1.702844e-01 1.671405e-01 1.687366e-01 1.710769e-01 1.699895e-01 1.667532e-01 1.691143e-01 1.641968e-01 1.736101e-01 1.687433e-01 1.713422e-01 1.684878e-01 1.663153e-01 1.709466e-01 1.685279e-01 1.687511e-01 1.643336e-01 
80 1121 1.741781e-01 0 0 1.713613e-01 1.638626e-01 1.612285e-01 1.615865e-01 1.686025e-01 1.647794e-01 1.649994e-01 1.598775e-01 1.678165e-01 1.659106e-01 1.723004e-01 1.680159e-01 1.661956e-01 1.622901e-01 1.704445e-01 1.641620e-01 1.656731e-01 1.667355e-01 1.642642e-01 1.656548e-01 1.680556e-01 1.673344e-01 1.633115e-01 1.658100e-01 1.608911e-01 1.702102e-01 1.655273e-01 1.679831e-01 1.652070e-01 1.630950e-01 1.677316e-01 1.651353e-01 1.653800e-01 1.610080e-01 
81 1135 1.701814e-01 0 0 1.673820e-01 1.601893e-01 1.571464e-01 1.578507e-01 1.647703e-01 1.606239e-01 1.615136e-01 1.560566e-01 1.636546e-01 1.620234e-01 1.683469e-01 1.639844e-01 1.622806e-01 1.585037e-01 1.666415e-01 1.601875e-01 1.621933e-01 1.625945e-01 1.604180e-01 1.618347e-01 1.642358e-01 1.635910e-01 1.591968e-01 1.619287e-01 1.569928e-01 1.666953e-01 1.615828e-01 1.641894e-01 1.613618e-01 1.592191e-01 1.635952e-01 1.612892e-01 1.613707e-01 1.570972e-01 
82 1149 2.316159e-01 0 0 2.277120e-01 2.179969e-01 2.135742e-01 2.143791e-01 2.239361e-01 2.182396e-01 2.195570e-01 2.120159e-01 2.224333e-01 2.206184e-01 2.287267e-01 2.226532e-01 2.205609e-01 2.157933e-01 2.263320e-01 2.175830e-01 2.211000e-01 2.219382e-01 2.183550e-01 2.198303e-01 2.235152e-01 2.223150e-01 2.161015e-01 2.201252e-01 2.132637e-01 2.267475e-01 2.195820e-01 2.232866e-01 2.193024e-01 2.164768e-01 2.228367e-01 2.193378e-01 2.193942e-01 2.140572e-01 
83 1163 2.239366e-01 0 0 2.198914e-01 2.103086e-01 2.064818e-01 2.072977e-01 2.164748e-01 2.109293e-01 2.124274e-01 2.048189e-01 2.148498e-01 2.130155e-01 2.208962e-01 2.153208e-01 2.131643e-01 2.084204e-01 2.183753e-01 2.099552e-01 2.138497e-01 2.142054e-01 2.111890e-01 2.122524e-01 2.157645e-01 2.145669e-01 2.084872e-01 2.124135e-01 2.061020e-01 2.192812e-01 2.119080e-01 2.157617e-01 2.115451e-01 2.091065e-01 2.154847e-01 2.117079e-01 2.118036e-01 2.068745e-01 
