%  columns=["iteration, evaluation, sigma, void, void, stds==sigma*sqrt(diag(C))" (startseed=206620, 2023/08/17 11:7:0.22)
1 15 2.826142e-01 0 0 2.821108e-01 2.831697e-01 2.822731e-01 2.824585e-01 2.823456e-01 2.832042e-01 2.821754e-01 2.818922e-01 2.827258e-01 2.830445e-01 2.819799e-01 2.824003e-01 2.828932e-01 2.824366e-01 2.828695e-01 2.821341e-01 2.835565e-01 2.825140e-01 2.833236e-01 2.822497e-01 2.820707e-01 2.820623e-01 2.819459e-01 2.820682e-01 2.824360e-01 2.819966e-01 2.822487e-01 2.822985e-01 2.819716e-01 2.822305e-01 2.820557e-01 2.831537e-01 2.824743e-01 2.827244e-01 
2 29 2.686835e-01 0 0 2.677923e-01 2.690306e-01 2.680041e-01 2.685165e-01 2.683164e-01 2.689450e-01 2.679174e-01 2.677922e-01 2.682320e-01 2.687076e-01 2.675472e-01 2.682106e-01 2.684662e-01 2.691006e-01 2.686775e-01 2.677660e-01 2.701470e-01 2.681404e-01 2.695351e-01 2.677795e-01 2.679275e-01 2.675057e-01 2.674636e-01 2.675534e-01 2.683135e-01 2.676998e-01 2.684220e-01 2.680030e-01 2.681094e-01 2.680234e-01 2.677243e-01 2.688918e-01 2.681214e-01 2.700519e-01 
3 43 2.581265e-01 0 0 2.569220e-01 2.579413e-01 2.577465e-01 2.576523e-01 2.574753e-01 2.583961e-01 2.568488e-01 2.568685e-01 2.571252e-01 2.581852e-01 2.565731e-01 2.572735e-01 2.576891e-01 2.585651e-01 2.575759e-01 2.570850e-01 2.601173e-01 2.573490e-01 2.585843e-01 2.567235e-01 2.568500e-01 2.569731e-01 2.567819e-01 2.568793e-01 2.574544e-01 2.566562e-01 2.582825e-01 2.572690e-01 2.574259e-01 2.570028e-01 2.568232e-01 2.580524e-01 2.572744e-01 2.591885e-01 
4 57 2.473836e-01 0 0 2.465554e-01 2.476635e-01 2.466105e-01 2.465207e-01 2.464645e-01 2.474016e-01 2.455993e-01 2.459480e-01 2.462135e-01 2.475339e-01 2.457552e-01 2.460302e-01 2.473973e-01 2.472836e-01 2.464653e-01 2.459314e-01 2.496798e-01 2.461433e-01 2.473825e-01 2.461872e-01 2.455683e-01 2.464514e-01 2.457384e-01 2.459397e-01 2.466946e-01 2.458980e-01 2.474448e-01 2.464029e-01 2.461752e-01 2.460424e-01 2.458049e-01 2.471935e-01 2.463982e-01 2.480658e-01 
5 71 2.404232e-01 0 0 2.391086e-01 2.404687e-01 2.393528e-01 2.391248e-01 2.394049e-01 2.401769e-01 2.383096e-01 2.392280e-01 2.392225e-01 2.408277e-01 2.385676e-01 2.390141e-01 2.403126e-01 2.409474e-01 2.393255e-01 2.387907e-01 2.428211e-01 2.388308e-01 2.402925e-01 2.387973e-01 2.384846e-01 2.394108e-01 2.386739e-01 2.390101e-01 2.394308e-01 2.386570e-01 2.403726e-01 2.391982e-01 2.397471e-01 2.386966e-01 2.392103e-01 2.401089e-01 2.391453e-01 2.408934e-01 
6 85 2.301819e-01 0 0 2.287248e-01 2.298820e-01 2.289669e-01 2.286750e-01 2.288906e-01 2.297629e-01 2.282623e-01 2.289554e-01 2.284780e-01 2.303626e-01 2.279701e-01 2.283916e-01 2.298682e-01 2.307629e-01 2.288235e-01 2.287081e-01 2.325279e-01 2.281882e-01 2.296000e-01 2.286137e-01 2.281508e-01 2.290366e-01 2.287227e-01 2.287652e-01 2.288942e-01 2.283681e-01 2.296162e-01 2.287824e-01 2.293379e-01 2.282135e-01 2.289583e-01 2.301077e-01 2.286941e-01 2.306028e-01 
7 99 2.217142e-01 0 0 2.198682e-01 2.214038e-01 2.204616e-01 2.202722e-01 2.201994e-01 2.213307e-01 2.198068e-01 2.204615e-01 2.196432e-01 2.221273e-01 2.193181e-01 2.195012e-01 2.209853e-01 2.220098e-01 2.199889e-01 2.198067e-01 2.238921e-01 2.197659e-01 2.208056e-01 2.199654e-01 2.194209e-01 2.201197e-01 2.208369e-01 2.202275e-01 2.206086e-01 2.196638e-01 2.210326e-01 2.200955e-01 2.209235e-01 2.200109e-01 2.203367e-01 2.215284e-01 2.205317e-01 2.224561e-01 
8 113 2.151359e-01 0 0 2.130184e-01 2.147382e-01 2.139370e-01 2.133918e-01 2.133422e-01 2.146317e-01 2.128587e-01 2.139573e-01 2.131843e-01 2.155697e-01 2.124453e-01 2.126495e-01 2.140951e-01 2.151547e-01 2.129488e-01 2.130494e-01 2.170946e-01 2.133282e-01 2.143046e-01 2.130630e-01 2.137911e-01 2.135242e-01 2.140525e-01 2.134253e-01 2.143660e-01 2.128162e-01 2.143301e-01 2.132374e-01 2.140882e-01 2.130477e-01 2.135836e-01 2.147365e-01 2.137422e-01 2.158516e-01 
9 127 2.096163e-01 0 0 2.074732e-01 2.087661e-01 2.084455e-01 2.074030e-01 2.076141e-01 2.088200e-01 2.072706e-01 2.087316e-01 2.080279e-01 2.100142e-01 2.068365e-01 2.074319e-01 2.081711e-01 2.096188e-01 2.071287e-01 2.076082e-01 2.113229e-01 2.075878e-01 2.084331e-01 2.071486e-01 2.080343e-01 2.078697e-01 2.088978e-01 2.075891e-01 2.087292e-01 2.083041e-01 2.084337e-01 2.075573e-01 2.082462e-01 2.072720e-01 2.077692e-01 2.092950e-01 2.082130e-01 2.100288e-01 
10 141 2.039700e-01 0 0 2.019225e-01 2.029213e-01 2.028561e-01 2.013940e-01 2.017574e-01 2.028312e-01 2.019334e-01 2.029873e-01 2.023221e-01 2.040574e-01 2.009192e-01 2.015176e-01 2.027147e-01 2.036529e-01 2.013109e-01 2.019039e-01 2.055706e-01 2.020440e-01 2.024107e-01 2.018368e-01 2.023922e-01 2.020811e-01 2.036607e-01 2.016730e-01 2.030279e-01 2.028291e-01 2.026407e-01 2.018960e-01 2.023012e-01 2.014609e-01 2.017586e-01 2.035158e-01 2.026697e-01 2.043515e-01 
11 155 1.997784e-01 0 0 1.982791e-01 1.986781e-01 1.984216e-01 1.971567e-01 1.975645e-01 1.983446e-01 1.978340e-01 1.987203e-01 1.981307e-01 2.002420e-01 1.965930e-01 1.971451e-01 1.982399e-01 1.991484e-01 1.969051e-01 1.975056e-01 2.010297e-01 1.978332e-01 1.978056e-01 1.973565e-01 1.988713e-01 1.975628e-01 1.992572e-01 1.975702e-01 1.985432e-01 1.987671e-01 1.981874e-01 1.977810e-01 1.978948e-01 1.971103e-01 1.976781e-01 1.997010e-01 1.981094e-01 2.000888e-01 
12 169 1.930111e-01 0 0 1.915862e-01 1.918634e-01 1.916326e-01 1.903866e-01 1.905186e-01 1.913109e-01 1.915178e-01 1.919348e-01 1.919326e-01 1.935120e-01 1.894874e-01 1.901193e-01 1.916477e-01 1.924389e-01 1.902995e-01 1.903857e-01 1.940301e-01 1.909692e-01 1.908263e-01 1.903023e-01 1.922787e-01 1.908165e-01 1.921731e-01 1.907839e-01 1.925356e-01 1.919579e-01 1.910927e-01 1.908121e-01 1.908141e-01 1.904817e-01 1.909018e-01 1.925821e-01 1.909229e-01 1.930258e-01 
13 183 1.850591e-01 0 0 1.834876e-01 1.835718e-01 1.834682e-01 1.826081e-01 1.824130e-01 1.833113e-01 1.834766e-01 1.838706e-01 1.839172e-01 1.854282e-01 1.815355e-01 1.820581e-01 1.833379e-01 1.841987e-01 1.821464e-01 1.823868e-01 1.859526e-01 1.829577e-01 1.826389e-01 1.820800e-01 1.842450e-01 1.826027e-01 1.845074e-01 1.827775e-01 1.847320e-01 1.839298e-01 1.831633e-01 1.833302e-01 1.827065e-01 1.823836e-01 1.830044e-01 1.847499e-01 1.827834e-01 1.846219e-01 
14 197 1.792469e-01 0 0 1.774313e-01 1.779923e-01 1.775047e-01 1.771642e-01 1.765477e-01 1.774699e-01 1.781671e-01 1.777989e-01 1.779843e-01 1.793886e-01 1.754492e-01 1.762663e-01 1.775068e-01 1.784556e-01 1.763381e-01 1.764208e-01 1.800128e-01 1.767815e-01 1.765750e-01 1.760329e-01 1.784453e-01 1.766650e-01 1.785051e-01 1.767974e-01 1.789422e-01 1.778249e-01 1.772271e-01 1.774346e-01 1.767642e-01 1.766803e-01 1.773776e-01 1.788917e-01 1.772469e-01 1.785911e-01 
15 211 1.720165e-01 0 0 1.704028e-01 1.708284e-01 1.704130e-01 1.697735e-01 1.691756e-01 1.701266e-01 1.711324e-01 1.706096e-01 1.707342e-01 1.718469e-01 1.681096e-01 1.689030e-01 1.700604e-01 1.708698e-01 1.688957e-01 1.689359e-01 1.724460e-01 1.693862e-01 1.692000e-01 1.687334e-01 1.709751e-01 1.693431e-01 1.713899e-01 1.694200e-01 1.717217e-01 1.706750e-01 1.705668e-01 1.701424e-01 1.692802e-01 1.693807e-01 1.700146e-01 1.713977e-01 1.700509e-01 1.712005e-01 
16 225 2.334163e-01 0 0 2.309928e-01 2.316656e-01 2.313740e-01 2.304322e-01 2.291104e-01 2.309391e-01 2.325223e-01 2.312707e-01 2.318502e-01 2.332174e-01 2.275873e-01 2.290991e-01 2.308437e-01 2.318999e-01 2.293755e-01 2.287747e-01 2.335839e-01 2.308725e-01 2.291256e-01 2.287264e-01 2.314756e-01 2.297994e-01 2.324460e-01 2.293592e-01 2.328048e-01 2.315592e-01 2.318030e-01 2.307607e-01 2.293398e-01 2.298400e-01 2.302428e-01 2.328220e-01 2.302435e-01 2.323516e-01 
17 239 2.288143e-01 0 0 2.262980e-01 2.273990e-01 2.265640e-01 2.255215e-01 2.243963e-01 2.260538e-01 2.278648e-01 2.264772e-01 2.269928e-01 2.284654e-01 2.227854e-01 2.241272e-01 2.264246e-01 2.269481e-01 2.247306e-01 2.238317e-01 2.285147e-01 2.264897e-01 2.255020e-01 2.248719e-01 2.267999e-01 2.248174e-01 2.283970e-01 2.244630e-01 2.279187e-01 2.271787e-01 2.272222e-01 2.268885e-01 2.248414e-01 2.251149e-01 2.251823e-01 2.276827e-01 2.259188e-01 2.281448e-01 
18 253 2.280125e-01 0 0 2.257708e-01 2.269357e-01 2.254648e-01 2.244234e-01 2.236152e-01 2.250051e-01 2.271139e-01 2.253078e-01 2.267620e-01 2.276303e-01 2.216087e-01 2.233786e-01 2.254466e-01 2.259300e-01 2.237434e-01 2.226465e-01 2.272799e-01 2.252208e-01 2.245112e-01 2.256523e-01 2.256964e-01 2.242488e-01 2.272452e-01 2.236790e-01 2.269413e-01 2.260698e-01 2.269056e-01 2.264583e-01 2.238407e-01 2.245288e-01 2.239908e-01 2.266042e-01 2.253307e-01 2.275156e-01 
19 267 2.251437e-01 0 0 2.228669e-01 2.244258e-01 2.224538e-01 2.212566e-01 2.204860e-01 2.217629e-01 2.240954e-01 2.222529e-01 2.237275e-01 2.244371e-01 2.185163e-01 2.205155e-01 2.226036e-01 2.229963e-01 2.206729e-01 2.198879e-01 2.244580e-01 2.223056e-01 2.218145e-01 2.231999e-01 2.223687e-01 2.215553e-01 2.240601e-01 2.205339e-01 2.236553e-01 2.228912e-01 2.237180e-01 2.234588e-01 2.208492e-01 2.215185e-01 2.207618e-01 2.235575e-01 2.221138e-01 2.245083e-01 
20 281 2.230078e-01 0 0 2.203785e-01 2.220531e-01 2.206596e-01 2.194024e-01 2.180490e-01 2.193712e-01 2.217595e-01 2.197242e-01 2.222918e-01 2.218580e-01 2.161555e-01 2.185104e-01 2.202960e-01 2.213747e-01 2.186149e-01 2.176867e-01 2.220709e-01 2.204849e-01 2.197848e-01 2.217048e-01 2.202398e-01 2.193869e-01 2.218724e-01 2.182955e-01 2.210743e-01 2.204947e-01 2.211715e-01 2.213653e-01 2.187022e-01 2.190501e-01 2.195191e-01 2.212014e-01 2.195877e-01 2.222383e-01 
21 295 2.210743e-01 0 0 2.180372e-01 2.197799e-01 2.183030e-01 2.173602e-01 2.161013e-01 2.181365e-01 2.195711e-01 2.175755e-01 2.199833e-01 2.198125e-01 2.140456e-01 2.162066e-01 2.181157e-01 2.191250e-01 2.164748e-01 2.153316e-01 2.199217e-01 2.185013e-01 2.180066e-01 2.198935e-01 2.192808e-01 2.172883e-01 2.198224e-01 2.163856e-01 2.194082e-01 2.183780e-01 2.194835e-01 2.194354e-01 2.165598e-01 2.168005e-01 2.179523e-01 2.189291e-01 2.177578e-01 2.202947e-01 
22 309 2.175100e-01 0 0 2.146272e-01 2.162208e-01 2.146918e-01 2.136755e-01 2.121992e-01 2.146650e-01 2.157483e-01 2.141037e-01 2.160008e-01 2.159314e-01 2.110994e-01 2.123784e-01 2.142615e-01 2.151291e-01 2.128112e-01 2.114375e-01 2.166842e-01 2.147150e-01 2.140452e-01 2.162944e-01 2.154779e-01 2.136737e-01 2.158474e-01 2.127838e-01 2.155618e-01 2.147224e-01 2.157236e-01 2.157409e-01 2.127457e-01 2.132028e-01 2.145088e-01 2.153166e-01 2.144452e-01 2.167007e-01 
23 323 2.119261e-01 0 0 2.091461e-01 2.102670e-01 2.087585e-01 2.078507e-01 2.063514e-01 2.088940e-01 2.099163e-01 2.084085e-01 2.101395e-01 2.100199e-01 2.059371e-01 2.065713e-01 2.088394e-01 2.092958e-01 2.070594e-01 2.060446e-01 2.112210e-01 2.090943e-01 2.081947e-01 2.106863e-01 2.101905e-01 2.082696e-01 2.100104e-01 2.069411e-01 2.097160e-01 2.093832e-01 2.100774e-01 2.099084e-01 2.070370e-01 2.072510e-01 2.088053e-01 2.093746e-01 2.089975e-01 2.108381e-01 
24 337 2.043345e-01 0 0 2.013921e-01 2.027884e-01 2.009201e-01 2.000824e-01 1.988510e-01 2.011362e-01 2.018771e-01 2.007576e-01 2.022184e-01 2.021233e-01 1.984678e-01 1.988159e-01 2.009366e-01 2.015406e-01 1.997678e-01 1.986531e-01 2.036419e-01 2.015547e-01 2.006168e-01 2.029661e-01 2.024577e-01 2.007965e-01 2.024463e-01 1.997075e-01 2.019311e-01 2.018916e-01 2.022854e-01 2.020640e-01 1.992108e-01 1.994869e-01 2.015172e-01 2.019931e-01 2.018237e-01 2.028532e-01 
25 351 2.001591e-01 0 0 1.968910e-01 1.984011e-01 1.968807e-01 1.957223e-01 1.944193e-01 1.967287e-01 1.974657e-01 1.963285e-01 1.978946e-01 1.977037e-01 1.941411e-01 1.945880e-01 1.965412e-01 1.976865e-01 1.955454e-01 1.942290e-01 1.996683e-01 1.972236e-01 1.966187e-01 1.986341e-01 1.980146e-01 1.964787e-01 1.977971e-01 1.954136e-01 1.976870e-01 1.981733e-01 1.977729e-01 1.978602e-01 1.948374e-01 1.952302e-01 1.973984e-01 1.974701e-01 1.982600e-01 1.983220e-01 
26 365 1.966178e-01 0 0 1.935805e-01 1.947489e-01 1.931175e-01 1.924918e-01 1.908409e-01 1.928740e-01 1.936688e-01 1.925969e-01 1.944502e-01 1.942947e-01 1.908322e-01 1.913682e-01 1.928406e-01 1.939062e-01 1.922886e-01 1.903473e-01 1.961473e-01 1.935436e-01 1.929625e-01 1.946677e-01 1.946618e-01 1.930381e-01 1.941732e-01 1.918852e-01 1.940079e-01 1.944821e-01 1.938678e-01 1.939458e-01 1.913340e-01 1.917268e-01 1.937822e-01 1.938795e-01 1.950544e-01 1.946467e-01 
27 379 1.885857e-01 0 0 1.853678e-01 1.870276e-01 1.852199e-01 1.846403e-01 1.828475e-01 1.855201e-01 1.854238e-01 1.844169e-01 1.863006e-01 1.861658e-01 1.827680e-01 1.832076e-01 1.846070e-01 1.857192e-01 1.840699e-01 1.822900e-01 1.882501e-01 1.851951e-01 1.850880e-01 1.863416e-01 1.868437e-01 1.852694e-01 1.859390e-01 1.839228e-01 1.857687e-01 1.864249e-01 1.856675e-01 1.856489e-01 1.831852e-01 1.835372e-01 1.862323e-01 1.858468e-01 1.873731e-01 1.864156e-01 
28 393 1.757677e-01 0 0 1.725388e-01 1.742569e-01 1.728227e-01 1.719014e-01 1.702833e-01 1.726535e-01 1.724859e-01 1.720172e-01 1.740404e-01 1.732112e-01 1.701912e-01 1.703898e-01 1.717402e-01 1.730150e-01 1.715814e-01 1.696363e-01 1.754305e-01 1.723808e-01 1.726233e-01 1.733230e-01 1.738610e-01 1.725336e-01 1.730867e-01 1.713116e-01 1.729953e-01 1.735534e-01 1.728726e-01 1.726355e-01 1.704182e-01 1.708423e-01 1.734376e-01 1.731187e-01 1.745333e-01 1.734086e-01 
29 407 1.688045e-01 0 0 1.653916e-01 1.670561e-01 1.659283e-01 1.649509e-01 1.631255e-01 1.662924e-01 1.654258e-01 1.655288e-01 1.668657e-01 1.659547e-01 1.630572e-01 1.637620e-01 1.647313e-01 1.659525e-01 1.650290e-01 1.632215e-01 1.681924e-01 1.653411e-01 1.657199e-01 1.660787e-01 1.668093e-01 1.657807e-01 1.662121e-01 1.643008e-01 1.659914e-01 1.667626e-01 1.662287e-01 1.654587e-01 1.633791e-01 1.655663e-01 1.663217e-01 1.663162e-01 1.673886e-01 1.662607e-01 
30 421 1.669847e-01 0 0 1.637860e-01 1.654223e-01 1.638587e-01 1.629136e-01 1.612167e-01 1.642166e-01 1.632757e-01 1.638665e-01 1.651268e-01 1.639258e-01 1.611780e-01 1.621250e-01 1.630669e-01 1.638732e-01 1.631672e-01 1.614686e-01 1.665289e-01 1.633951e-01 1.637694e-01 1.639922e-01 1.648455e-01 1.637781e-01 1.643524e-01 1.624000e-01 1.640232e-01 1.646653e-01 1.643599e-01 1.638848e-01 1.615069e-01 1.650139e-01 1.652579e-01 1.642709e-01 1.652559e-01 1.646690e-01 
31 435 1.646876e-01 0 0 1.614799e-01 1.634781e-01 1.617590e-01 1.604356e-01 1.587254e-01 1.622364e-01 1.610718e-01 1.617506e-01 1.626466e-01 1.614026e-01 1.586722e-01 1.597340e-01 1.606384e-01 1.612973e-01 1.610857e-01 1.591969e-01 1.640734e-01 1.608129e-01 1.613201e-01 1.620827e-01 1.626963e-01 1.615912e-01 1.617732e-01 1.600653e-01 1.614349e-01 1.622283e-01 1.621050e-01 1.616142e-01 1.592631e-01 1.631702e-01 1.627104e-01 1.618620e-01 1.625846e-01 1.625489e-01 
32 449 1.612398e-01 0 0 1.579864e-01 1.601291e-01 1.583158e-01 1.568497e-01 1.552235e-01 1.589918e-01 1.578931e-01 1.580906e-01 1.592388e-01 1.578339e-01 1.557733e-01 1.560778e-01 1.569879e-01 1.576912e-01 1.575588e-01 1.556971e-01 1.605029e-01 1.571081e-01 1.581027e-01 1.585913e-01 1.593588e-01 1.587521e-01 1.581824e-01 1.564208e-01 1.577735e-01 1.586567e-01 1.585889e-01 1.582302e-01 1.558303e-01 1.598659e-01 1.591270e-01 1.582651e-01 1.591852e-01 1.589602e-01 
33 463 1.580381e-01 0 0 1.546179e-01 1.566421e-01 1.553994e-01 1.538702e-01 1.519980e-01 1.556436e-01 1.546083e-01 1.548066e-01 1.558714e-01 1.548157e-01 1.528516e-01 1.529051e-01 1.535326e-01 1.543335e-01 1.541092e-01 1.523857e-01 1.570708e-01 1.537169e-01 1.550729e-01 1.552752e-01 1.565784e-01 1.554242e-01 1.548105e-01 1.539286e-01 1.542895e-01 1.553066e-01 1.552137e-01 1.549288e-01 1.525665e-01 1.567444e-01 1.556225e-01 1.550518e-01 1.558353e-01 1.555493e-01 
34 477 1.534961e-01 0 0 1.500492e-01 1.520943e-01 1.507183e-01 1.494234e-01 1.473667e-01 1.512386e-01 1.501912e-01 1.502602e-01 1.511261e-01 1.500890e-01 1.483250e-01 1.495424e-01 1.489466e-01 1.498328e-01 1.493495e-01 1.477101e-01 1.523807e-01 1.489521e-01 1.504000e-01 1.505859e-01 1.520436e-01 1.507289e-01 1.503246e-01 1.492045e-01 1.501485e-01 1.505283e-01 1.504597e-01 1.501913e-01 1.479311e-01 1.521312e-01 1.508185e-01 1.505091e-01 1.511822e-01 1.511400e-01 
35 491 1.490343e-01 0 0 1.454584e-01 1.478222e-01 1.462264e-01 1.451553e-01 1.427987e-01 1.467201e-01 1.456052e-01 1.456120e-01 1.464404e-01 1.454356e-01 1.439145e-01 1.454116e-01 1.443480e-01 1.458031e-01 1.452817e-01 1.431880e-01 1.479502e-01 1.446600e-01 1.459361e-01 1.462362e-01 1.475441e-01 1.463283e-01 1.458170e-01 1.449799e-01 1.457132e-01 1.463555e-01 1.458413e-01 1.456710e-01 1.435954e-01 1.475597e-01 1.464681e-01 1.459435e-01 1.467329e-01 1.466503e-01 
36 505 1.461107e-01 0 0 1.422713e-01 1.448159e-01 1.431873e-01 1.421651e-01 1.397549e-01 1.437396e-01 1.424550e-01 1.426345e-01 1.436156e-01 1.425077e-01 1.408983e-01 1.429671e-01 1.413335e-01 1.427440e-01 1.424366e-01 1.403137e-01 1.452405e-01 1.415698e-01 1.428394e-01 1.432714e-01 1.446292e-01 1.431158e-01 1.430371e-01 1.421371e-01 1.428577e-01 1.433581e-01 1.429427e-01 1.427185e-01 1.409105e-01 1.445995e-01 1.434826e-01 1.429608e-01 1.438026e-01 1.437804e-01 
37 519 1.448971e-01 0 0 1.407972e-01 1.434029e-01 1.420304e-01 1.411607e-01 1.383196e-01 1.423612e-01 1.413653e-01 1.412070e-01 1.423435e-01 1.410337e-01 1.396347e-01 1.419527e-01 1.401029e-01 1.414881e-01 1.411259e-01 1.391686e-01 1.438898e-01 1.405142e-01 1.417082e-01 1.419468e-01 1.432627e-01 1.422326e-01 1.419158e-01 1.412237e-01 1.414373e-01 1.426611e-01 1.414537e-01 1.413551e-01 1.401935e-01 1.435530e-01 1.420040e-01 1.415218e-01 1.426228e-01 1.425303e-01 
38 533 2.023818e-01 0 0 1.965725e-01 2.003950e-01 1.980449e-01 1.971918e-01 1.932555e-01 1.985817e-01 1.983398e-01 1.969826e-01 1.984258e-01 1.966520e-01 1.947697e-01 1.980873e-01 1.953552e-01 1.976608e-01 1.967523e-01 1.940747e-01 2.016939e-01 1.960758e-01 1.980142e-01 1.988763e-01 1.997834e-01 1.985231e-01 1.994502e-01 1.972241e-01 1.973928e-01 1.989865e-01 1.974795e-01 1.971358e-01 1.958077e-01 2.008643e-01 1.981516e-01 1.981113e-01 1.988375e-01 1.989714e-01 
39 547 1.996212e-01 0 0 1.937991e-01 1.978569e-01 1.952390e-01 1.944339e-01 1.901466e-01 1.957376e-01 1.954683e-01 1.942019e-01 1.953093e-01 1.935577e-01 1.920427e-01 1.952177e-01 1.923538e-01 1.956206e-01 1.937077e-01 1.919345e-01 1.988663e-01 1.943685e-01 1.954777e-01 1.961542e-01 1.967776e-01 1.954888e-01 1.969134e-01 1.944292e-01 1.947418e-01 1.960887e-01 1.949041e-01 1.940881e-01 1.928594e-01 1.981391e-01 1.953700e-01 1.954480e-01 1.959294e-01 1.958775e-01 
40 561 1.932037e-01 0 0 1.872672e-01 1.916905e-01 1.887261e-01 1.880435e-01 1.837236e-01 1.891204e-01 1.892121e-01 1.878916e-01 1.892118e-01 1.869905e-01 1.855922e-01 1.888170e-01 1.858519e-01 1.892287e-01 1.876861e-01 1.855113e-01 1.925200e-01 1.879583e-01 1.889069e-01 1.896180e-01 1.903533e-01 1.893272e-01 1.902875e-01 1.879675e-01 1.883785e-01 1.894940e-01 1.882213e-01 1.879110e-01 1.866713e-01 1.917136e-01 1.889630e-01 1.895725e-01 1.896334e-01 1.894216e-01 
41 575 1.859139e-01 0 0 1.799699e-01 1.847045e-01 1.817115e-01 1.807658e-01 1.764897e-01 1.816965e-01 1.818552e-01 1.809668e-01 1.823568e-01 1.796121e-01 1.784592e-01 1.815858e-01 1.787151e-01 1.822032e-01 1.806569e-01 1.780661e-01 1.851587e-01 1.807964e-01 1.814188e-01 1.822467e-01 1.828484e-01 1.819171e-01 1.829549e-01 1.805911e-01 1.817418e-01 1.822364e-01 1.808075e-01 1.804290e-01 1.794371e-01 1.844553e-01 1.816588e-01 1.826003e-01 1.823280e-01 1.821153e-01 
42 589 1.788932e-01 0 0 1.728853e-01 1.778687e-01 1.748440e-01 1.743875e-01 1.695717e-01 1.744558e-01 1.745408e-01 1.738719e-01 1.752493e-01 1.726646e-01 1.715456e-01 1.749586e-01 1.715786e-01 1.750652e-01 1.734622e-01 1.712311e-01 1.782396e-01 1.738786e-01 1.746191e-01 1.749591e-01 1.757544e-01 1.749868e-01 1.756953e-01 1.734574e-01 1.749399e-01 1.754914e-01 1.737908e-01 1.732900e-01 1.725056e-01 1.772978e-01 1.745178e-01 1.757798e-01 1.758059e-01 1.753031e-01 
43 603 1.765243e-01 0 0 1.705021e-01 1.754808e-01 1.722604e-01 1.718394e-01 1.670347e-01 1.718255e-01 1.720428e-01 1.712501e-01 1.726171e-01 1.702733e-01 1.691710e-01 1.726505e-01 1.691376e-01 1.724724e-01 1.717497e-01 1.694762e-01 1.755993e-01 1.714401e-01 1.721826e-01 1.723905e-01 1.730865e-01 1.723207e-01 1.738241e-01 1.708643e-01 1.733959e-01 1.733940e-01 1.712471e-01 1.707572e-01 1.703550e-01 1.748313e-01 1.722770e-01 1.736583e-01 1.738504e-01 1.726175e-01 
44 617 1.740986e-01 0 0 1.681240e-01 1.728308e-01 1.696069e-01 1.692324e-01 1.646045e-01 1.691703e-01 1.693548e-01 1.685596e-01 1.699521e-01 1.677649e-01 1.666700e-01 1.702807e-01 1.667063e-01 1.700069e-01 1.693342e-01 1.671135e-01 1.731386e-01 1.691319e-01 1.700885e-01 1.698339e-01 1.705660e-01 1.695703e-01 1.715303e-01 1.684954e-01 1.711021e-01 1.706815e-01 1.690388e-01 1.683715e-01 1.684088e-01 1.720947e-01 1.700728e-01 1.715128e-01 1.711789e-01 1.704592e-01 
45 631 1.717150e-01 0 0 1.656999e-01 1.702885e-01 1.671181e-01 1.666538e-01 1.619712e-01 1.666104e-01 1.667312e-01 1.668508e-01 1.674724e-01 1.653172e-01 1.642259e-01 1.677623e-01 1.642701e-01 1.677296e-01 1.670158e-01 1.651838e-01 1.707631e-01 1.665243e-01 1.677703e-01 1.684397e-01 1.678562e-01 1.669040e-01 1.694452e-01 1.659730e-01 1.687525e-01 1.681433e-01 1.669896e-01 1.657723e-01 1.665373e-01 1.694215e-01 1.676397e-01 1.693133e-01 1.687365e-01 1.679330e-01 
46 645 1.657358e-01 0 0 1.596848e-01 1.641073e-01 1.610985e-01 1.605948e-01 1.560097e-01 1.604013e-01 1.606345e-01 1.613270e-01 1.614970e-01 1.592488e-01 1.583486e-01 1.616294e-01 1.584036e-01 1.617714e-01 1.609071e-01 1.597709e-01 1.646376e-01 1.604319e-01 1.617681e-01 1.629335e-01 1.616895e-01 1.608307e-01 1.638430e-01 1.599895e-01 1.626411e-01 1.619701e-01 1.608845e-01 1.598642e-01 1.603847e-01 1.632868e-01 1.617284e-01 1.631783e-01 1.629118e-01 1.620058e-01 
47 659 1.610098e-01 0 0 1.560014e-01 1.592284e-01 1.566796e-01 1.557623e-01 1.512431e-01 1.557887e-01 1.557459e-01 1.565952e-01 1.569232e-01 1.545872e-01 1.536742e-01 1.568237e-01 1.536704e-01 1.572631e-01 1.562300e-01 1.555500e-01 1.598785e-01 1.555813e-01 1.570136e-01 1.582956e-01 1.567123e-01 1.560281e-01 1.592344e-01 1.552342e-01 1.579954e-01 1.572690e-01 1.561663e-01 1.551676e-01 1.556621e-01 1.587026e-01 1.575591e-01 1.585299e-01 1.581576e-01 1.574647e-01 
48 673 2.192489e-01 0 0 2.124803e-01 2.168645e-01 2.140524e-01 2.116613e-01 2.055750e-01 2.116609e-01 2.128065e-01 2.134487e-01 2.137288e-01 2.102278e-01 2.093814e-01 2.133172e-01 2.090848e-01 2.140665e-01 2.125866e-01 2.119894e-01 2.171969e-01 2.116723e-01 2.135934e-01 2.154730e-01 2.131090e-01 2.122488e-01 2.164659e-01 2.108983e-01 2.152385e-01 2.137662e-01 2.134976e-01 2.108957e-01 2.119737e-01 2.158787e-01 2.150287e-01 2.158064e-01 2.150635e-01 2.146012e-01 
49 687 2.118327e-01 0 0 2.051377e-01 2.090836e-01 2.067084e-01 2.040853e-01 1.982300e-01 2.040540e-01 2.055269e-01 2.058569e-01 2.061802e-01 2.027382e-01 2.021003e-01 2.059573e-01 2.021725e-01 2.067111e-01 2.053517e-01 2.047298e-01 2.094622e-01 2.043809e-01 2.061417e-01 2.080005e-01 2.056754e-01 2.051675e-01 2.088853e-01 2.034602e-01 2.084767e-01 2.063073e-01 2.061418e-01 2.036252e-01 2.046335e-01 2.085650e-01 2.078981e-01 2.096104e-01 2.075019e-01 2.073190e-01 
50 701 2.081089e-01 0 0 2.012531e-01 2.054420e-01 2.030543e-01 2.001040e-01 1.944040e-01 2.000486e-01 2.017566e-01 2.020009e-01 2.024375e-01 1.988118e-01 1.987700e-01 2.022154e-01 1.994256e-01 2.027429e-01 2.012488e-01 2.011993e-01 2.058717e-01 2.008136e-01 2.022833e-01 2.042853e-01 2.018302e-01 2.013855e-01 2.050510e-01 1.995421e-01 2.050315e-01 2.023862e-01 2.025243e-01 1.998576e-01 2.010605e-01 2.045791e-01 2.039453e-01 2.057941e-01 2.036007e-01 2.038082e-01 
51 715 2.039141e-01 0 0 1.972696e-01 2.010363e-01 1.989865e-01 1.956759e-01 1.903861e-01 1.960117e-01 1.975923e-01 1.978597e-01 1.981508e-01 1.945582e-01 1.949713e-01 1.979878e-01 1.953580e-01 1.986124e-01 1.972183e-01 1.971965e-01 2.012998e-01 1.964652e-01 1.978432e-01 2.001385e-01 1.973873e-01 1.970820e-01 2.006301e-01 1.958103e-01 2.006092e-01 1.978541e-01 1.985190e-01 1.958614e-01 1.971976e-01 2.001384e-01 1.995609e-01 2.013073e-01 1.992436e-01 1.993550e-01 
52 729 1.984147e-01 0 0 1.923411e-01 1.957639e-01 1.935309e-01 1.900841e-01 1.852235e-01 1.905453e-01 1.918232e-01 1.921968e-01 1.925717e-01 1.889401e-01 1.894712e-01 1.925836e-01 1.904353e-01 1.929786e-01 1.922834e-01 1.923895e-01 1.956929e-01 1.911930e-01 1.924461e-01 1.947723e-01 1.919223e-01 1.916449e-01 1.952051e-01 1.902054e-01 1.949592e-01 1.924051e-01 1.932330e-01 1.903517e-01 1.916243e-01 1.953379e-01 1.939809e-01 1.956219e-01 1.936780e-01 1.935966e-01 
53 743 1.928631e-01 0 0 1.866194e-01 1.900863e-01 1.880283e-01 1.843943e-01 1.796825e-01 1.849249e-01 1.862337e-01 1.865903e-01 1.870421e-01 1.833590e-01 1.838361e-01 1.868587e-01 1.851077e-01 1.872537e-01 1.868427e-01 1.869238e-01 1.901409e-01 1.854846e-01 1.867455e-01 1.889901e-01 1.862061e-01 1.863972e-01 1.893476e-01 1.848073e-01 1.898665e-01 1.868442e-01 1.877415e-01 1.847135e-01 1.860646e-01 1.898461e-01 1.886193e-01 1.899012e-01 1.879904e-01 1.882533e-01 
54 757 1.902802e-01 0 0 1.838011e-01 1.874257e-01 1.855295e-01 1.816395e-01 1.768612e-01 1.821864e-01 1.838282e-01 1.837669e-01 1.843648e-01 1.807622e-01 1.811606e-01 1.840664e-01 1.830145e-01 1.844872e-01 1.843893e-01 1.840254e-01 1.875812e-01 1.827786e-01 1.845301e-01 1.862740e-01 1.833573e-01 1.838820e-01 1.865689e-01 1.822928e-01 1.875130e-01 1.840734e-01 1.859340e-01 1.819554e-01 1.835423e-01 1.872556e-01 1.860637e-01 1.874938e-01 1.852653e-01 1.854712e-01 
55 771 1.864349e-01 0 0 1.797629e-01 1.841314e-01 1.818724e-01 1.779649e-01 1.729523e-01 1.783188e-01 1.797393e-01 1.797283e-01 1.806592e-01 1.768902e-01 1.778967e-01 1.802305e-01 1.794902e-01 1.804998e-01 1.810439e-01 1.799453e-01 1.843630e-01 1.788619e-01 1.805107e-01 1.822437e-01 1.793524e-01 1.798634e-01 1.825231e-01 1.783251e-01 1.836353e-01 1.805474e-01 1.822497e-01 1.781567e-01 1.795357e-01 1.838767e-01 1.820736e-01 1.834570e-01 1.813712e-01 1.815162e-01 
56 785 1.815675e-01 0 0 1.751791e-01 1.789335e-01 1.769515e-01 1.732222e-01 1.684187e-01 1.738292e-01 1.748959e-01 1.747338e-01 1.764174e-01 1.719893e-01 1.729474e-01 1.753123e-01 1.748948e-01 1.754296e-01 1.764067e-01 1.748293e-01 1.794633e-01 1.742530e-01 1.754135e-01 1.773282e-01 1.746163e-01 1.751779e-01 1.774769e-01 1.735527e-01 1.785779e-01 1.755548e-01 1.775898e-01 1.735750e-01 1.746496e-01 1.791910e-01 1.772137e-01 1.782863e-01 1.765436e-01 1.764874e-01 
57 799 1.766864e-01 0 0 1.702886e-01 1.742211e-01 1.720932e-01 1.683444e-01 1.637554e-01 1.690535e-01 1.698295e-01 1.698894e-01 1.714514e-01 1.670770e-01 1.680450e-01 1.702861e-01 1.701238e-01 1.710580e-01 1.717476e-01 1.698856e-01 1.745459e-01 1.694560e-01 1.704168e-01 1.723805e-01 1.696378e-01 1.704054e-01 1.728811e-01 1.689114e-01 1.734438e-01 1.715133e-01 1.724307e-01 1.688467e-01 1.697180e-01 1.745417e-01 1.720705e-01 1.737395e-01 1.714372e-01 1.722562e-01 
58 813 1.714494e-01 0 0 1.650847e-01 1.688448e-01 1.673634e-01 1.632196e-01 1.587896e-01 1.636199e-01 1.653568e-01 1.645144e-01 1.661180e-01 1.619424e-01 1.635206e-01 1.653902e-01 1.650363e-01 1.657975e-01 1.665323e-01 1.647827e-01 1.691591e-01 1.641838e-01 1.656018e-01 1.671095e-01 1.643071e-01 1.650403e-01 1.677008e-01 1.639151e-01 1.682276e-01 1.662643e-01 1.671275e-01 1.636616e-01 1.646819e-01 1.694404e-01 1.668415e-01 1.683531e-01 1.666432e-01 1.669192e-01 
59 827 1.677497e-01 0 0 1.613590e-01 1.649443e-01 1.634677e-01 1.595294e-01 1.551522e-01 1.599272e-01 1.616585e-01 1.607217e-01 1.622570e-01 1.581618e-01 1.600615e-01 1.616025e-01 1.613999e-01 1.621099e-01 1.629647e-01 1.612886e-01 1.653563e-01 1.606943e-01 1.624421e-01 1.634072e-01 1.606386e-01 1.612849e-01 1.641978e-01 1.603246e-01 1.647041e-01 1.627020e-01 1.634091e-01 1.599129e-01 1.609891e-01 1.656977e-01 1.628857e-01 1.642967e-01 1.628579e-01 1.633381e-01 
60 841 1.638473e-01 0 0 1.574675e-01 1.607644e-01 1.595333e-01 1.557144e-01 1.513450e-01 1.558922e-01 1.580431e-01 1.573617e-01 1.590864e-01 1.542944e-01 1.561578e-01 1.576998e-01 1.576280e-01 1.579952e-01 1.590799e-01 1.576373e-01 1.611791e-01 1.565636e-01 1.587830e-01 1.596755e-01 1.567612e-01 1.572509e-01 1.601214e-01 1.564501e-01 1.611292e-01 1.591657e-01 1.592590e-01 1.560401e-01 1.573585e-01 1.616990e-01 1.590295e-01 1.604129e-01 1.591282e-01 1.593312e-01 
61 855 1.603459e-01 0 0 1.541384e-01 1.572995e-01 1.559185e-01 1.522208e-01 1.479560e-01 1.524367e-01 1.546084e-01 1.539028e-01 1.556553e-01 1.509916e-01 1.527129e-01 1.542126e-01 1.539772e-01 1.544436e-01 1.560333e-01 1.542809e-01 1.575008e-01 1.530072e-01 1.553999e-01 1.559419e-01 1.536841e-01 1.538091e-01 1.564579e-01 1.528727e-01 1.577241e-01 1.556764e-01 1.557238e-01 1.528121e-01 1.538153e-01 1.579807e-01 1.558002e-01 1.567287e-01 1.553964e-01 1.557473e-01 
62 869 1.519198e-01 0 0 1.459181e-01 1.487549e-01 1.474688e-01 1.444979e-01 1.398639e-01 1.444436e-01 1.461888e-01 1.458271e-01 1.471686e-01 1.428583e-01 1.446580e-01 1.461205e-01 1.456652e-01 1.461223e-01 1.477343e-01 1.465588e-01 1.494629e-01 1.451880e-01 1.470308e-01 1.474769e-01 1.455395e-01 1.456859e-01 1.482996e-01 1.446233e-01 1.492243e-01 1.472924e-01 1.472592e-01 1.446434e-01 1.459694e-01 1.493702e-01 1.474842e-01 1.483605e-01 1.468791e-01 1.475289e-01 
63 883 1.467342e-01 0 0 1.409849e-01 1.433958e-01 1.423571e-01 1.401914e-01 1.348507e-01 1.393179e-01 1.410172e-01 1.406218e-01 1.419708e-01 1.377850e-01 1.394037e-01 1.409747e-01 1.404271e-01 1.410291e-01 1.425431e-01 1.413925e-01 1.443066e-01 1.399630e-01 1.418050e-01 1.425260e-01 1.407477e-01 1.406733e-01 1.433534e-01 1.393791e-01 1.438744e-01 1.420843e-01 1.419513e-01 1.395460e-01 1.408516e-01 1.442133e-01 1.421673e-01 1.429949e-01 1.416589e-01 1.424631e-01 
64 897 1.951048e-01 0 0 1.872469e-01 1.904409e-01 1.893911e-01 1.860385e-01 1.790416e-01 1.851460e-01 1.871584e-01 1.868446e-01 1.884358e-01 1.830111e-01 1.851832e-01 1.872777e-01 1.864726e-01 1.873673e-01 1.892106e-01 1.878405e-01 1.916244e-01 1.858197e-01 1.883961e-01 1.891373e-01 1.872037e-01 1.866734e-01 1.904147e-01 1.852074e-01 1.914001e-01 1.888419e-01 1.882907e-01 1.855003e-01 1.871614e-01 1.914753e-01 1.885857e-01 1.900763e-01 1.881433e-01 1.895319e-01 
65 911 1.876480e-01 0 0 1.801577e-01 1.826731e-01 1.820011e-01 1.789117e-01 1.717961e-01 1.779259e-01 1.798269e-01 1.798578e-01 1.816532e-01 1.756727e-01 1.780278e-01 1.801497e-01 1.793441e-01 1.800879e-01 1.818169e-01 1.803132e-01 1.841226e-01 1.784340e-01 1.809180e-01 1.821597e-01 1.797456e-01 1.791385e-01 1.828173e-01 1.778847e-01 1.837972e-01 1.813385e-01 1.809606e-01 1.780777e-01 1.800256e-01 1.840666e-01 1.810123e-01 1.827513e-01 1.810021e-01 1.820269e-01 
66 925 1.809167e-01 0 0 1.736060e-01 1.758313e-01 1.760827e-01 1.720862e-01 1.654003e-01 1.713566e-01 1.732966e-01 1.734926e-01 1.748765e-01 1.694492e-01 1.712888e-01 1.734379e-01 1.729828e-01 1.736039e-01 1.753755e-01 1.734359e-01 1.774396e-01 1.717923e-01 1.742444e-01 1.757214e-01 1.732707e-01 1.728694e-01 1.760980e-01 1.713962e-01 1.768977e-01 1.746162e-01 1.742213e-01 1.714401e-01 1.734989e-01 1.772535e-01 1.743921e-01 1.766457e-01 1.742856e-01 1.752975e-01 
67 939 1.739196e-01 0 0 1.665815e-01 1.688600e-01 1.688827e-01 1.652888e-01 1.588142e-01 1.646174e-01 1.668563e-01 1.666961e-01 1.686896e-01 1.627806e-01 1.647832e-01 1.665810e-01 1.662998e-01 1.665771e-01 1.682095e-01 1.664061e-01 1.703839e-01 1.648704e-01 1.673798e-01 1.685698e-01 1.664881e-01 1.660157e-01 1.689777e-01 1.645671e-01 1.699032e-01 1.675345e-01 1.672472e-01 1.649504e-01 1.668801e-01 1.704832e-01 1.673155e-01 1.695821e-01 1.673533e-01 1.684261e-01 
68 953 2.393061e-01 0 0 2.286950e-01 2.325069e-01 2.319932e-01 2.275331e-01 2.183418e-01 2.262969e-01 2.297826e-01 2.288984e-01 2.319818e-01 2.243381e-01 2.262750e-01 2.289017e-01 2.287285e-01 2.290150e-01 2.313844e-01 2.287633e-01 2.344190e-01 2.277524e-01 2.300334e-01 2.325417e-01 2.289139e-01 2.291158e-01 2.321149e-01 2.261286e-01 2.334594e-01 2.301325e-01 2.301193e-01 2.264656e-01 2.291136e-01 2.346282e-01 2.302870e-01 2.331213e-01 2.302811e-01 2.319930e-01 
69 967 2.312331e-01 0 0 2.213982e-01 2.241923e-01 2.242829e-01 2.196475e-01 2.105886e-01 2.185950e-01 2.219640e-01 2.207564e-01 2.242257e-01 2.164690e-01 2.185044e-01 2.211101e-01 2.210547e-01 2.209713e-01 2.234908e-01 2.208087e-01 2.262933e-01 2.202723e-01 2.221059e-01 2.243653e-01 2.213118e-01 2.210188e-01 2.244319e-01 2.186764e-01 2.256003e-01 2.218890e-01 2.219532e-01 2.187091e-01 2.212535e-01 2.265036e-01 2.225915e-01 2.252584e-01 2.229582e-01 2.240905e-01 
70 981 2.291975e-01 0 0 2.193772e-01 2.220301e-01 2.226104e-01 2.174742e-01 2.085555e-01 2.164307e-01 2.201698e-01 2.185573e-01 2.221688e-01 2.153491e-01 2.162771e-01 2.188315e-01 2.189123e-01 2.187900e-01 2.210976e-01 2.188767e-01 2.240838e-01 2.184213e-01 2.204976e-01 2.219865e-01 2.194808e-01 2.191606e-01 2.221225e-01 2.164669e-01 2.231739e-01 2.195634e-01 2.197167e-01 2.163837e-01 2.189918e-01 2.245687e-01 2.203860e-01 2.233727e-01 2.210961e-01 2.225183e-01 
71 995 2.239694e-01 0 0 2.140839e-01 2.166023e-01 2.172590e-01 2.121141e-01 2.035029e-01 2.110707e-01 2.153804e-01 2.132606e-01 2.168198e-01 2.110045e-01 2.112831e-01 2.134055e-01 2.140385e-01 2.137864e-01 2.161155e-01 2.138448e-01 2.188002e-01 2.132174e-01 2.161032e-01 2.164932e-01 2.142170e-01 2.140509e-01 2.165719e-01 2.111512e-01 2.177248e-01 2.142748e-01 2.146845e-01 2.110959e-01 2.142046e-01 2.191315e-01 2.148244e-01 2.178381e-01 2.163444e-01 2.176509e-01 
72 1009 2.168107e-01 0 0 2.068870e-01 2.094166e-01 2.101476e-01 2.049080e-01 1.965341e-01 2.041365e-01 2.083730e-01 2.060370e-01 2.095074e-01 2.038335e-01 2.041309e-01 2.064130e-01 2.071582e-01 2.066432e-01 2.096272e-01 2.066939e-01 2.115351e-01 2.059931e-01 2.092016e-01 2.097243e-01 2.080747e-01 2.071268e-01 2.095475e-01 2.041566e-01 2.103571e-01 2.072717e-01 2.074282e-01 2.039598e-01 2.070615e-01 2.118043e-01 2.077822e-01 2.103961e-01 2.095685e-01 2.105196e-01 
73 1023 2.078701e-01 0 0 1.979931e-01 2.009443e-01 2.010523e-01 1.960978e-01 1.883660e-01 1.953969e-01 1.997518e-01 1.976697e-01 2.007078e-01 1.954013e-01 1.959570e-01 1.974826e-01 1.982924e-01 1.980701e-01 2.012680e-01 1.982095e-01 2.025873e-01 1.972261e-01 2.005190e-01 2.008632e-01 1.993611e-01 1.983327e-01 2.008834e-01 1.955364e-01 2.014606e-01 1.983915e-01 1.985105e-01 1.955433e-01 1.981661e-01 2.027271e-01 1.988999e-01 2.025231e-01 2.008835e-01 2.017740e-01 
74 1037 1.988989e-01 0 0 1.893193e-01 1.921742e-01 1.920000e-01 1.873919e-01 1.803171e-01 1.866881e-01 1.909791e-01 1.890383e-01 1.919988e-01 1.867928e-01 1.874471e-01 1.885726e-01 1.896907e-01 1.892847e-01 1.930114e-01 1.894407e-01 1.935321e-01 1.886086e-01 1.917208e-01 1.920932e-01 1.906801e-01 1.895798e-01 1.918611e-01 1.866962e-01 1.925272e-01 1.897500e-01 1.895102e-01 1.869052e-01 1.893186e-01 1.935885e-01 1.900829e-01 1.934843e-01 1.918117e-01 1.927916e-01 
75 1051 1.931951e-01 0 0 1.836965e-01 1.864098e-01 1.862877e-01 1.817156e-01 1.747997e-01 1.815547e-01 1.853854e-01 1.833592e-01 1.865842e-01 1.813547e-01 1.817801e-01 1.830756e-01 1.838803e-01 1.838715e-01 1.874897e-01 1.842076e-01 1.876640e-01 1.834204e-01 1.865639e-01 1.863993e-01 1.851545e-01 1.838752e-01 1.859663e-01 1.812409e-01 1.867370e-01 1.841389e-01 1.839109e-01 1.814730e-01 1.838894e-01 1.877071e-01 1.845124e-01 1.876690e-01 1.868351e-01 1.872087e-01 
76 1065 1.849519e-01 0 0 1.756223e-01 1.782199e-01 1.780682e-01 1.736144e-01 1.671373e-01 1.734413e-01 1.771865e-01 1.751769e-01 1.785432e-01 1.737285e-01 1.737760e-01 1.755848e-01 1.760290e-01 1.761676e-01 1.795724e-01 1.761986e-01 1.796695e-01 1.755244e-01 1.787486e-01 1.782298e-01 1.771261e-01 1.756989e-01 1.777699e-01 1.737619e-01 1.784244e-01 1.761278e-01 1.757222e-01 1.733793e-01 1.759656e-01 1.803720e-01 1.765850e-01 1.797561e-01 1.789058e-01 1.789738e-01 
77 1079 1.784586e-01 0 0 1.691617e-01 1.720038e-01 1.715263e-01 1.674733e-01 1.610978e-01 1.670954e-01 1.711605e-01 1.692025e-01 1.720559e-01 1.673519e-01 1.674288e-01 1.693665e-01 1.697663e-01 1.699089e-01 1.731433e-01 1.699920e-01 1.732517e-01 1.694800e-01 1.723959e-01 1.724209e-01 1.712186e-01 1.694459e-01 1.716860e-01 1.674221e-01 1.717897e-01 1.698605e-01 1.695126e-01 1.669189e-01 1.697908e-01 1.741065e-01 1.705383e-01 1.732640e-01 1.727972e-01 1.726011e-01 
78 1093 1.728241e-01 0 0 1.635373e-01 1.662661e-01 1.661424e-01 1.624557e-01 1.558646e-01 1.615518e-01 1.655008e-01 1.635924e-01 1.666480e-01 1.618138e-01 1.619533e-01 1.637949e-01 1.649624e-01 1.643087e-01 1.676607e-01 1.645482e-01 1.676556e-01 1.639717e-01 1.668016e-01 1.669036e-01 1.664997e-01 1.640490e-01 1.662871e-01 1.619296e-01 1.660121e-01 1.643973e-01 1.638709e-01 1.615075e-01 1.643892e-01 1.685003e-01 1.650391e-01 1.675964e-01 1.669449e-01 1.672867e-01 
79 1107 1.662045e-01 0 0 1.571091e-01 1.601114e-01 1.597351e-01 1.566336e-01 1.497856e-01 1.550466e-01 1.592373e-01 1.575013e-01 1.601002e-01 1.563770e-01 1.556322e-01 1.576649e-01 1.587757e-01 1.576883e-01 1.608889e-01 1.581608e-01 1.610412e-01 1.577977e-01 1.600955e-01 1.607790e-01 1.601474e-01 1.574399e-01 1.597445e-01 1.553826e-01 1.593818e-01 1.578006e-01 1.573203e-01 1.555363e-01 1.578145e-01 1.618493e-01 1.583749e-01 1.609457e-01 1.604214e-01 1.607201e-01 
80 1121 1.642424e-01 0 0 1.550276e-01 1.579625e-01 1.577426e-01 1.549781e-01 1.478320e-01 1.530309e-01 1.573647e-01 1.558676e-01 1.580815e-01 1.544124e-01 1.535602e-01 1.556210e-01 1.568466e-01 1.559760e-01 1.587945e-01 1.560342e-01 1.590840e-01 1.559898e-01 1.582175e-01 1.586094e-01 1.584504e-01 1.569289e-01 1.577890e-01 1.532113e-01 1.573022e-01 1.559361e-01 1.552635e-01 1.534118e-01 1.564893e-01 1.601936e-01 1.568261e-01 1.590375e-01 1.585465e-01 1.585219e-01 
81 1135 1.571615e-01 0 0 1.480568e-01 1.508632e-01 1.507916e-01 1.480136e-01 1.411940e-01 1.462997e-01 1.506275e-01 1.491220e-01 1.512606e-01 1.477186e-01 1.467355e-01 1.488173e-01 1.500284e-01 1.491918e-01 1.518188e-01 1.490781e-01 1.518437e-01 1.491294e-01 1.512224e-01 1.518791e-01 1.514240e-01 1.500308e-01 1.507135e-01 1.462950e-01 1.506213e-01 1.493315e-01 1.484820e-01 1.467754e-01 1.497156e-01 1.534237e-01 1.500080e-01 1.520362e-01 1.516056e-01 1.517807e-01 
82 1149 2.105372e-01 0 0 1.979121e-01 2.017365e-01 2.019165e-01 1.981776e-01 1.889143e-01 1.956812e-01 2.013627e-01 1.997199e-01 2.021570e-01 1.981474e-01 1.967871e-01 1.991060e-01 2.006696e-01 1.999804e-01 2.032260e-01 1.995301e-01 2.031885e-01 1.993989e-01 2.024621e-01 2.041549e-01 2.024351e-01 2.007093e-01 2.017690e-01 1.956636e-01 2.014394e-01 1.999303e-01 1.986975e-01 1.965098e-01 2.001519e-01 2.055368e-01 2.006608e-01 2.033717e-01 2.026869e-01 2.031914e-01 
83 1163 2.035570e-01 0 0 1.909086e-01 1.945700e-01 1.955044e-01 1.915178e-01 1.822167e-01 1.888903e-01 1.945148e-01 1.930430e-01 1.952431e-01 1.913532e-01 1.900537e-01 1.921231e-01 1.938664e-01 1.929298e-01 1.962198e-01 1.927132e-01 1.961488e-01 1.928130e-01 1.953601e-01 1.973124e-01 1.954439e-01 1.945848e-01 1.951393e-01 1.893882e-01 1.943423e-01 1.928269e-01 1.919601e-01 1.896176e-01 1.931506e-01 1.984676e-01 1.939101e-01 1.967334e-01 1.959518e-01 1.962070e-01 
84 1177 1.956862e-01 0 0 1.831086e-01 1.867286e-01 1.878217e-01 1.840498e-01 1.748977e-01 1.812889e-01 1.874117e-01 1.856093e-01 1.872555e-01 1.836268e-01 1.826951e-01 1.844595e-01 1.861712e-01 1.850669e-01 1.886865e-01 1.849199e-01 1.885310e-01 1.849723e-01 1.878766e-01 1.900267e-01 1.883139e-01 1.871377e-01 1.880278e-01 1.821791e-01 1.870119e-01 1.853841e-01 1.846619e-01 1.819204e-01 1.855210e-01 1.904485e-01 1.860474e-01 1.890328e-01 1.880726e-01 1.889997e-01 
85 1191 1.888342e-01 0 0 1.763262e-01 1.799648e-01 1.811193e-01 1.776315e-01 1.684635e-01 1.746609e-01 1.805393e-01 1.788375e-01 1.803384e-01 1.769366e-01 1.761669e-01 1.778047e-01 1.793139e-01 1.785442e-01 1.827576e-01 1.781263e-01 1.817322e-01 1.781783e-01 1.811595e-01 1.832060e-01 1.816497e-01 1.805185e-01 1.814036e-01 1.768302e-01 1.811482e-01 1.785317e-01 1.779664e-01 1.756852e-01 1.787420e-01 1.837123e-01 1.798977e-01 1.825497e-01 1.813972e-01 1.824354e-01 
86 1205 1.849416e-01 0 0 1.724596e-01 1.760248e-01 1.773704e-01 1.737983e-01 1.646597e-01 1.707132e-01 1.766026e-01 1.747901e-01 1.765218e-01 1.732585e-01 1.723451e-01 1.740783e-01 1.753471e-01 1.746071e-01 1.791134e-01 1.742463e-01 1.777621e-01 1.744028e-01 1.772853e-01 1.791630e-01 1.776264e-01 1.766907e-01 1.774545e-01 1.728740e-01 1.771938e-01 1.745447e-01 1.745678e-01 1.720775e-01 1.747393e-01 1.797076e-01 1.760398e-01 1.793625e-01 1.772364e-01 1.787141e-01 
87 1219 1.805059e-01 0 0 1.680036e-01 1.716072e-01 1.728302e-01 1.693812e-01 1.605989e-01 1.665190e-01 1.723432e-01 1.702195e-01 1.722972e-01 1.689884e-01 1.679075e-01 1.698395e-01 1.709166e-01 1.702237e-01 1.744452e-01 1.697741e-01 1.734672e-01 1.701477e-01 1.728504e-01 1.744387e-01 1.736475e-01 1.722372e-01 1.730499e-01 1.688619e-01 1.738042e-01 1.704944e-01 1.704331e-01 1.681616e-01 1.706103e-01 1.754373e-01 1.715150e-01 1.754210e-01 1.728903e-01 1.744175e-01 
88 1233 1.709471e-01 0 0 1.588303e-01 1.624174e-01 1.636182e-01 1.605444e-01 1.517746e-01 1.575000e-01 1.630439e-01 1.612709e-01 1.632095e-01 1.598471e-01 1.588182e-01 1.607134e-01 1.618101e-01 1.609106e-01 1.651102e-01 1.605543e-01 1.640331e-01 1.609050e-01 1.633898e-01 1.652689e-01 1.641785e-01 1.629720e-01 1.635654e-01 1.600738e-01 1.644436e-01 1.616237e-01 1.614371e-01 1.590251e-01 1.613743e-01 1.659063e-01 1.623913e-01 1.667732e-01 1.634820e-01 1.653175e-01 
89 1247 1.624226e-01 0 0 1.506109e-01 1.540308e-01 1.554336e-01 1.523683e-01 1.439619e-01 1.496150e-01 1.548045e-01 1.532680e-01 1.548693e-01 1.516393e-01 1.507345e-01 1.524763e-01 1.534697e-01 1.528973e-01 1.566850e-01 1.524982e-01 1.555555e-01 1.527014e-01 1.555178e-01 1.568106e-01 1.559780e-01 1.546247e-01 1.550833e-01 1.518199e-01 1.562270e-01 1.535071e-01 1.534106e-01 1.511784e-01 1.531753e-01 1.574387e-01 1.541080e-01 1.581555e-01 1.551475e-01 1.567428e-01 
90 1261 1.563580e-01 0 0 1.449434e-01 1.483427e-01 1.497178e-01 1.463366e-01 1.390383e-01 1.438898e-01 1.487260e-01 1.472231e-01 1.498481e-01 1.458495e-01 1.449527e-01 1.465944e-01 1.476103e-01 1.471436e-01 1.511541e-01 1.466130e-01 1.497602e-01 1.469848e-01 1.494385e-01 1.511080e-01 1.501745e-01 1.485658e-01 1.491231e-01 1.459184e-01 1.501847e-01 1.476259e-01 1.478806e-01 1.453559e-01 1.474363e-01 1.514536e-01 1.481839e-01 1.523972e-01 1.493207e-01 1.510992e-01 
91 1275 2.090128e-01 0 0 1.939465e-01 1.979943e-01 2.000097e-01 1.953812e-01 1.857126e-01 1.922030e-01 1.988787e-01 1.964867e-01 2.002594e-01 1.948760e-01 1.935493e-01 1.957032e-01 1.972556e-01 1.966733e-01 2.020421e-01 1.956245e-01 2.003102e-01 1.962372e-01 1.994642e-01 2.017578e-01 2.004658e-01 1.983984e-01 1.989390e-01 1.950150e-01 2.004465e-01 1.976262e-01 1.976001e-01 1.940654e-01 1.971011e-01 2.022328e-01 1.978872e-01 2.037867e-01 1.994862e-01 2.017166e-01 
92 1289 2.034774e-01 0 0 1.896056e-01 1.924864e-01 1.952676e-01 1.900996e-01 1.807279e-01 1.867988e-01 1.938766e-01 1.910000e-01 1.947922e-01 1.893431e-01 1.880980e-01 1.904653e-01 1.921193e-01 1.912655e-01 1.963783e-01 1.902344e-01 1.947395e-01 1.908737e-01 1.940662e-01 1.962712e-01 1.952354e-01 1.934676e-01 1.934146e-01 1.896299e-01 1.947840e-01 1.921923e-01 1.927607e-01 1.889344e-01 1.917228e-01 1.968130e-01 1.931418e-01 1.982899e-01 1.940480e-01 1.961550e-01 
93 1303 1.965992e-01 0 0 1.830763e-01 1.862175e-01 1.885088e-01 1.837328e-01 1.743413e-01 1.803095e-01 1.873262e-01 1.843680e-01 1.882168e-01 1.828103e-01 1.821695e-01 1.837656e-01 1.856607e-01 1.845218e-01 1.897643e-01 1.835354e-01 1.881615e-01 1.845504e-01 1.883116e-01 1.892791e-01 1.888257e-01 1.866367e-01 1.865150e-01 1.831993e-01 1.885125e-01 1.853207e-01 1.863113e-01 1.821973e-01 1.849036e-01 1.898059e-01 1.866912e-01 1.913918e-01 1.872582e-01 1.894575e-01 
94 1317 1.917485e-01 0 0 1.784950e-01 1.812798e-01 1.836699e-01 1.793109e-01 1.697085e-01 1.762228e-01 1.825444e-01 1.799041e-01 1.836389e-01 1.782077e-01 1.774926e-01 1.789607e-01 1.807515e-01 1.799460e-01 1.849750e-01 1.786954e-01 1.832259e-01 1.799083e-01 1.838462e-01 1.843740e-01 1.839108e-01 1.820178e-01 1.820667e-01 1.783790e-01 1.839537e-01 1.808827e-01 1.815645e-01 1.777329e-01 1.804468e-01 1.846886e-01 1.818211e-01 1.865648e-01 1.823886e-01 1.845363e-01 
95 1331 1.871158e-01 0 0 1.741502e-01 1.769165e-01 1.789974e-01 1.751056e-01 1.653793e-01 1.717421e-01 1.785146e-01 1.754281e-01 1.790698e-01 1.737957e-01 1.733655e-01 1.743355e-01 1.762852e-01 1.754574e-01 1.801595e-01 1.740704e-01 1.783555e-01 1.756537e-01 1.795829e-01 1.799957e-01 1.791887e-01 1.774572e-01 1.775158e-01 1.740597e-01 1.794955e-01 1.764272e-01 1.768815e-01 1.732563e-01 1.764407e-01 1.803896e-01 1.773235e-01 1.817768e-01 1.778009e-01 1.796567e-01 
96 1345 1.857324e-01 0 0 1.728164e-01 1.754189e-01 1.780421e-01 1.737766e-01 1.638244e-01 1.704625e-01 1.772534e-01 1.740208e-01 1.773700e-01 1.723754e-01 1.727762e-01 1.732676e-01 1.759005e-01 1.739634e-01 1.787186e-01 1.723676e-01 1.768360e-01 1.744866e-01 1.782194e-01 1.785632e-01 1.782060e-01 1.760010e-01 1.759880e-01 1.725658e-01 1.779275e-01 1.749302e-01 1.754056e-01 1.716980e-01 1.750145e-01 1.787934e-01 1.755930e-01 1.800583e-01 1.763997e-01 1.780590e-01 
97 1359 2.522531e-01 0 0 2.345074e-01 2.378063e-01 2.415008e-01 2.356643e-01 2.221089e-01 2.312647e-01 2.409178e-01 2.361660e-01 2.404500e-01 2.336688e-01 2.349511e-01 2.353843e-01 2.387578e-01 2.357882e-01 2.424693e-01 2.340053e-01 2.395848e-01 2.365415e-01 2.423477e-01 2.423741e-01 2.418530e-01 2.391564e-01 2.385583e-01 2.341295e-01 2.414330e-01 2.372382e-01 2.382073e-01 2.332135e-01 2.375081e-01 2.425999e-01 2.380506e-01 2.442414e-01 2.394306e-01 2.413733e-01 
98 1373 2.470116e-01 0 0 2.298929e-01 2.327697e-01 2.363518e-01 2.305384e-01 2.172757e-01 2.260064e-01 2.362413e-01 2.310991e-01 2.353163e-01 2.285271e-01 2.305243e-01 2.302782e-01 2.333540e-01 2.307168e-01 2.373985e-01 2.291177e-01 2.342162e-01 2.311954e-01 2.371301e-01 2.372703e-01 2.367564e-01 2.344716e-01 2.333003e-01 2.290271e-01 2.359335e-01 2.322228e-01 2.331442e-01 2.280679e-01 2.324652e-01 2.373492e-01 2.328977e-01 2.385514e-01 2.339703e-01 2.359438e-01 
99 1387 2.396375e-01 0 0 2.230194e-01 2.255942e-01 2.289914e-01 2.234344e-01 2.106503e-01 2.192622e-01 2.292641e-01 2.240885e-01 2.279156e-01 2.212634e-01 2.236597e-01 2.234112e-01 2.260593e-01 2.237188e-01 2.302630e-01 2.221864e-01 2.270266e-01 2.240257e-01 2.299954e-01 2.301202e-01 2.296274e-01 2.274141e-01 2.258202e-01 2.222886e-01 2.289579e-01 2.253898e-01 2.258374e-01 2.208775e-01 2.254213e-01 2.301029e-01 2.258405e-01 2.309756e-01 2.265585e-01 2.286320e-01 
100 1401 2.299390e-01 0 0 2.135504e-01 2.165553e-01 2.194586e-01 2.143656e-01 2.019838e-01 2.103970e-01 2.201458e-01 2.152849e-01 2.184439e-01 2.119809e-01 2.146807e-01 2.144655e-01 2.166049e-01 2.146380e-01 2.209197e-01 2.138100e-01 2.180008e-01 2.144926e-01 2.208475e-01 2.208433e-01 2.199364e-01 2.180450e-01 2.167658e-01 2.134922e-01 2.195756e-01 2.161633e-01 2.163822e-01 2.114195e-01 2.160691e-01 2.210238e-01 2.166324e-01 2.213394e-01 2.171829e-01 2.189007e-01 
101 1415 2.217983e-01 0 0 2.058838e-01 2.086770e-01 2.113064e-01 2.067081e-01 1.944407e-01 2.027355e-01 2.123205e-01 2.074873e-01 2.103546e-01 2.040912e-01 2.069749e-01 2.066869e-01 2.085421e-01 2.071533e-01 2.129423e-01 2.061425e-01 2.098328e-01 2.068947e-01 2.128459e-01 2.125415e-01 2.120074e-01 2.105200e-01 2.091980e-01 2.057817e-01 2.116582e-01 2.085946e-01 2.086762e-01 2.036143e-01 2.081392e-01 2.134427e-01 2.085419e-01 2.131323e-01 2.091465e-01 2.115014e-01 
102 1429 2.118105e-01 0 0 1.966321e-01 1.991542e-01 2.026148e-01 1.974259e-01 1.854149e-01 1.932855e-01 2.030965e-01 1.978953e-01 2.007553e-01 1.946982e-01 1.977380e-01 1.976724e-01 1.989359e-01 1.973891e-01 2.031837e-01 1.973726e-01 2.000264e-01 1.973625e-01 2.029720e-01 2.028873e-01 2.022111e-01 2.013054e-01 1.996967e-01 1.965640e-01 2.021649e-01 1.989659e-01 1.994672e-01 1.945186e-01 1.984197e-01 2.035055e-01 1.991129e-01 2.033126e-01 1.994928e-01 2.023045e-01 
103 1443 2.020603e-01 0 0 1.872167e-01 1.902331e-01 1.928478e-01 1.878879e-01 1.765311e-01 1.842831e-01 1.936535e-01 1.884007e-01 1.912172e-01 1.857308e-01 1.884397e-01 1.887666e-01 1.898452e-01 1.883358e-01 1.934037e-01 1.888721e-01 1.904825e-01 1.879006e-01 1.940817e-01 1.931928e-01 1.925005e-01 1.917556e-01 1.903404e-01 1.872581e-01 1.924004e-01 1.898271e-01 1.904995e-01 1.857905e-01 1.895042e-01 1.940394e-01 1.896783e-01 1.941547e-01 1.902166e-01 1.927865e-01 
104 1457 1.907825e-01 0 0 1.767639e-01 1.792245e-01 1.816419e-01 1.774015e-01 1.665885e-01 1.737950e-01 1.826795e-01 1.774628e-01 1.802715e-01 1.751577e-01 1.776282e-01 1.781211e-01 1.790222e-01 1.776558e-01 1.823345e-01 1.783286e-01 1.796317e-01 1.773185e-01 1.829387e-01 1.822592e-01 1.816746e-01 1.809244e-01 1.796956e-01 1.764917e-01 1.813937e-01 1.788714e-01 1.797761e-01 1.751209e-01 1.786864e-01 1.833066e-01 1.790670e-01 1.830225e-01 1.794626e-01 1.817884e-01 
105 1471 1.839553e-01 0 0 1.704339e-01 1.726739e-01 1.754072e-01 1.712370e-01 1.603995e-01 1.672865e-01 1.759864e-01 1.711465e-01 1.738886e-01 1.688308e-01 1.710411e-01 1.714352e-01 1.723042e-01 1.709265e-01 1.755105e-01 1.719540e-01 1.736849e-01 1.706535e-01 1.761201e-01 1.759003e-01 1.748972e-01 1.742485e-01 1.733081e-01 1.698048e-01 1.752691e-01 1.724269e-01 1.734473e-01 1.690736e-01 1.721314e-01 1.771540e-01 1.723715e-01 1.764041e-01 1.730703e-01 1.752187e-01 
106 1485 1.758151e-01 0 0 1.626421e-01 1.648620e-01 1.675084e-01 1.632945e-01 1.530144e-01 1.596142e-01 1.679616e-01 1.634525e-01 1.658553e-01 1.611836e-01 1.630786e-01 1.635776e-01 1.646834e-01 1.636365e-01 1.673945e-01 1.643152e-01 1.658835e-01 1.632848e-01 1.683723e-01 1.678439e-01 1.671762e-01 1.662779e-01 1.654130e-01 1.619683e-01 1.673223e-01 1.647878e-01 1.653974e-01 1.618114e-01 1.647532e-01 1.690985e-01 1.650468e-01 1.687462e-01 1.650787e-01 1.671985e-01 
107 1499 1.689018e-01 0 0 1.559730e-01 1.580731e-01 1.608357e-01 1.569557e-01 1.468723e-01 1.529762e-01 1.611687e-01 1.570203e-01 1.592829e-01 1.545508e-01 1.564882e-01 1.577165e-01 1.580280e-01 1.572458e-01 1.606445e-01 1.579668e-01 1.593329e-01 1.569093e-01 1.617260e-01 1.614617e-01 1.603381e-01 1.596086e-01 1.588924e-01 1.554591e-01 1.607107e-01 1.591002e-01 1.587278e-01 1.552499e-01 1.581088e-01 1.624126e-01 1.584098e-01 1.617748e-01 1.582805e-01 1.605025e-01 
108 1513 2.321932e-01 0 0 2.143532e-01 2.169550e-01 2.207342e-01 2.156702e-01 2.015650e-01 2.100245e-01 2.213357e-01 2.157615e-01 2.188168e-01 2.132009e-01 2.149394e-01 2.166685e-01 2.180145e-01 2.164117e-01 2.205306e-01 2.167987e-01 2.187223e-01 2.152694e-01 2.218216e-01 2.226354e-01 2.209211e-01 2.189061e-01 2.183579e-01 2.133723e-01 2.214056e-01 2.184149e-01 2.184324e-01 2.130434e-01 2.172240e-01 2.231260e-01 2.181263e-01 2.235768e-01 2.173564e-01 2.206321e-01 
109 1527 2.288967e-01 0 0 2.112820e-01 2.133689e-01 2.174309e-01 2.124762e-01 1.982405e-01 2.066570e-01 2.177999e-01 2.126778e-01 2.154233e-01 2.101013e-01 2.114736e-01 2.136912e-01 2.153298e-01 2.131329e-01 2.171276e-01 2.134761e-01 2.158435e-01 2.118552e-01 2.182069e-01 2.192123e-01 2.178724e-01 2.153187e-01 2.150079e-01 2.099841e-01 2.180384e-01 2.151361e-01 2.152669e-01 2.100642e-01 2.141979e-01 2.200308e-01 2.148107e-01 2.201192e-01 2.147528e-01 2.176028e-01 
110 1541 2.240927e-01 0 0 2.064706e-01 2.093006e-01 2.127335e-01 2.081928e-01 1.937845e-01 2.018988e-01 2.128291e-01 2.079600e-01 2.107246e-01 2.054931e-01 2.068624e-01 2.091282e-01 2.110605e-01 2.088318e-01 2.124648e-01 2.085869e-01 2.116354e-01 2.070463e-01 2.132495e-01 2.152437e-01 2.132461e-01 2.103995e-01 2.106043e-01 2.051788e-01 2.130818e-01 2.104519e-01 2.105747e-01 2.052773e-01 2.093292e-01 2.152308e-01 2.100976e-01 2.153230e-01 2.101807e-01 2.131274e-01 
111 1555 2.201577e-01 0 0 2.029155e-01 2.054255e-01 2.087338e-01 2.045912e-01 1.901138e-01 1.979657e-01 2.089675e-01 2.039644e-01 2.069454e-01 2.015151e-01 2.029071e-01 2.053369e-01 2.072165e-01 2.050468e-01 2.084363e-01 2.045136e-01 2.075022e-01 2.034148e-01 2.094335e-01 2.118313e-01 2.096188e-01 2.063552e-01 2.069693e-01 2.016260e-01 2.095622e-01 2.065404e-01 2.068379e-01 2.013329e-01 2.056209e-01 2.109881e-01 2.062991e-01 2.113726e-01 2.066614e-01 2.089229e-01 
112 1569 2.134642e-01 0 0 1.964907e-01 1.988694e-01 2.021144e-01 1.984305e-01 1.842821e-01 1.917356e-01 2.022893e-01 1.977733e-01 2.007161e-01 1.951003e-01 1.965799e-01 1.988032e-01 2.009837e-01 1.985344e-01 2.017549e-01 1.980037e-01 2.008093e-01 1.977700e-01 2.027950e-01 2.055486e-01 2.028697e-01 2.004389e-01 2.004884e-01 1.952639e-01 2.027901e-01 1.998181e-01 2.004476e-01 1.948542e-01 1.992702e-01 2.044544e-01 2.001100e-01 2.046900e-01 2.002624e-01 2.021465e-01 
113 1583 2.075129e-01 0 0 1.910392e-01 1.929523e-01 1.963745e-01 1.933069e-01 1.788951e-01 1.861209e-01 1.963240e-01 1.918167e-01 1.948064e-01 1.895103e-01 1.910557e-01 1.929036e-01 1.952429e-01 1.927082e-01 1.960150e-01 1.927014e-01 1.948212e-01 1.919615e-01 1.972842e-01 1.997975e-01 1.968564e-01 1.945099e-01 1.947216e-01 1.894682e-01 1.968002e-01 1.938287e-01 1.945793e-01 1.891407e-01 1.933758e-01 1.985044e-01 1.941721e-01 1.987251e-01 1.944867e-01 1.964297e-01 
114 1597 2.021493e-01 0 0 1.857803e-01 1.879547e-01 1.908862e-01 1.883406e-01 1.738790e-01 1.812245e-01 1.908923e-01 1.865585e-01 1.898375e-01 1.842172e-01 1.856665e-01 1.877611e-01 1.902757e-01 1.873518e-01 1.906655e-01 1.878063e-01 1.892914e-01 1.866740e-01 1.919323e-01 1.944540e-01 1.915166e-01 1.894327e-01 1.895235e-01 1.842121e-01 1.914983e-01 1.889382e-01 1.899527e-01 1.842812e-01 1.879771e-01 1.932152e-01 1.892000e-01 1.935484e-01 1.890454e-01 1.912311e-01 
115 1611 1.985768e-01 0 0 1.820978e-01 1.845779e-01 1.874684e-01 1.852808e-01 1.704777e-01 1.779150e-01 1.872484e-01 1.828713e-01 1.862261e-01 1.810734e-01 1.822021e-01 1.847496e-01 1.868481e-01 1.836615e-01 1.876450e-01 1.848448e-01 1.861567e-01 1.834452e-01 1.881915e-01 1.907734e-01 1.877475e-01 1.858279e-01 1.863483e-01 1.807032e-01 1.891035e-01 1.854838e-01 1.866806e-01 1.809980e-01 1.845661e-01 1.895999e-01 1.859138e-01 1.903070e-01 1.855305e-01 1.881089e-01 
116 1625 1.954095e-01 0 0 1.789631e-01 1.814091e-01 1.843366e-01 1.822670e-01 1.674089e-01 1.748455e-01 1.840108e-01 1.796940e-01 1.830448e-01 1.777954e-01 1.795645e-01 1.820080e-01 1.837316e-01 1.805494e-01 1.846145e-01 1.818790e-01 1.828709e-01 1.804070e-01 1.849730e-01 1.881671e-01 1.845810e-01 1.828072e-01 1.834308e-01 1.775285e-01 1.860117e-01 1.826657e-01 1.835969e-01 1.781511e-01 1.813375e-01 1.861535e-01 1.831330e-01 1.874466e-01 1.823380e-01 1.851027e-01 
117 1639 1.881553e-01 0 0 1.722937e-01 1.747315e-01 1.771661e-01 1.753456e-01 1.611609e-01 1.682299e-01 1.768235e-01 1.729971e-01 1.759635e-01 1.710481e-01 1.730950e-01 1.749441e-01 1.766818e-01 1.734892e-01 1.774981e-01 1.748381e-01 1.757745e-01 1.736359e-01 1.778760e-01 1.810012e-01 1.773389e-01 1.757657e-01 1.763319e-01 1.706578e-01 1.788354e-01 1.758887e-01 1.764862e-01 1.713867e-01 1.744816e-01 1.794746e-01 1.763476e-01 1.803061e-01 1.752833e-01 1.781296e-01 
118 1653 1.805406e-01 0 0 1.650403e-01 1.676465e-01 1.696999e-01 1.681101e-01 1.546529e-01 1.610676e-01 1.695785e-01 1.657585e-01 1.685589e-01 1.637902e-01 1.657093e-01 1.680664e-01 1.692588e-01 1.661025e-01 1.701563e-01 1.681253e-01 1.685602e-01 1.669467e-01 1.704117e-01 1.737752e-01 1.700544e-01 1.683335e-01 1.689211e-01 1.636293e-01 1.715382e-01 1.689794e-01 1.691140e-01 1.642209e-01 1.671316e-01 1.724392e-01 1.690746e-01 1.731295e-01 1.678129e-01 1.705717e-01 
119 1667 1.714922e-01 0 0 1.567579e-01 1.589904e-01 1.610535e-01 1.596601e-01 1.466582e-01 1.529282e-01 1.608835e-01 1.572506e-01 1.597568e-01 1.556530e-01 1.570759e-01 1.596601e-01 1.605312e-01 1.578397e-01 1.613151e-01 1.593984e-01 1.601729e-01 1.583773e-01 1.618602e-01 1.647559e-01 1.615485e-01 1.596803e-01 1.601151e-01 1.551580e-01 1.628915e-01 1.604162e-01 1.604870e-01 1.558441e-01 1.587184e-01 1.634968e-01 1.604165e-01 1.643753e-01 1.593314e-01 1.620758e-01 
120 1681 1.613660e-01 0 0 1.472562e-01 1.494463e-01 1.512022e-01 1.500124e-01 1.378060e-01 1.436324e-01 1.511414e-01 1.479474e-01 1.499993e-01 1.462808e-01 1.475663e-01 1.500803e-01 1.510778e-01 1.482772e-01 1.517500e-01 1.498079e-01 1.504692e-01 1.487513e-01 1.521452e-01 1.548062e-01 1.518734e-01 1.502019e-01 1.506583e-01 1.456443e-01 1.529777e-01 1.507238e-01 1.507959e-01 1.466041e-01 1.491150e-01 1.536648e-01 1.507057e-01 1.545613e-01 1.499291e-01 1.525679e-01 
121 1695 1.563407e-01 0 0 1.424156e-01 1.446423e-01 1.461674e-01 1.454111e-01 1.332728e-01 1.391736e-01 1.466858e-01 1.435150e-01 1.451317e-01 1.420301e-01 1.427232e-01 1.453758e-01 1.467985e-01 1.434396e-01 1.467233e-01 1.449985e-01 1.456053e-01 1.447827e-01 1.472101e-01 1.497282e-01 1.468499e-01 1.454496e-01 1.457771e-01 1.408328e-01 1.480817e-01 1.458403e-01 1.458380e-01 1.419539e-01 1.442307e-01 1.488909e-01 1.459061e-01 1.495707e-01 1.451557e-01 1.480884e-01 
122 1709 1.548515e-01 0 0 1.409470e-01 1.430835e-01 1.457038e-01 1.438491e-01 1.323470e-01 1.377267e-01 1.455292e-01 1.419806e-01 1.435803e-01 1.405426e-01 1.413680e-01 1.437975e-01 1.458047e-01 1.418530e-01 1.454671e-01 1.436874e-01 1.438784e-01 1.437787e-01 1.456259e-01 1.480757e-01 1.454397e-01 1.439776e-01 1.442193e-01 1.392788e-01 1.465297e-01 1.443678e-01 1.441839e-01 1.403955e-01 1.425856e-01 1.476712e-01 1.444728e-01 1.478855e-01 1.435963e-01 1.466206e-01 
123 1723 1.516852e-01 0 0 1.382759e-01 1.400262e-01 1.429936e-01 1.406484e-01 1.296908e-01 1.346065e-01 1.426722e-01 1.390924e-01 1.403899e-01 1.376032e-01 1.382395e-01 1.407424e-01 1.429863e-01 1.391115e-01 1.422576e-01 1.409776e-01 1.413782e-01 1.407433e-01 1.425146e-01 1.452686e-01 1.423540e-01 1.408186e-01 1.412664e-01 1.362187e-01 1.434496e-01 1.412749e-01 1.408968e-01 1.376539e-01 1.394996e-01 1.445656e-01 1.415137e-01 1.445210e-01 1.404451e-01 1.437071e-01 
124 1737 1.459076e-01 0 0 1.330373e-01 1.344914e-01 1.375774e-01 1.353437e-01 1.248382e-01 1.292974e-01 1.372002e-01 1.336539e-01 1.349088e-01 1.321348e-01 1.326994e-01 1.350677e-01 1.376291e-01 1.336118e-01 1.365170e-01 1.357927e-01 1.357927e-01 1.352913e-01 1.371036e-01 1.397781e-01 1.366960e-01 1.352538e-01 1.356930e-01 1.309692e-01 1.378905e-01 1.356788e-01 1.352824e-01 1.323116e-01 1.339158e-01 1.388786e-01 1.359462e-01 1.387129e-01 1.350605e-01 1.379520e-01 
125 1751 2.001582e-01 0 0 1.826607e-01 1.841934e-01 1.887967e-01 1.853772e-01 1.712938e-01 1.769903e-01 1.882505e-01 1.837268e-01 1.852511e-01 1.815865e-01 1.818478e-01 1.882336e-01 1.886284e-01 1.834356e-01 1.868359e-01 1.862316e-01 1.860439e-01 1.852021e-01 1.879054e-01 1.916418e-01 1.871816e-01 1.851069e-01 1.859232e-01 1.793159e-01 1.889177e-01 1.859298e-01 1.857102e-01 1.812283e-01 1.837862e-01 1.902999e-01 1.863049e-01 1.904942e-01 1.850152e-01 1.888347e-01 
126 1765 1.960460e-01 0 0 1.790341e-01 1.800647e-01 1.848534e-01 1.818166e-01 1.676117e-01 1.730484e-01 1.841141e-01 1.798891e-01 1.814227e-01 1.778524e-01 1.779913e-01 1.846811e-01 1.845689e-01 1.796653e-01 1.829357e-01 1.821272e-01 1.820407e-01 1.811671e-01 1.840396e-01 1.882191e-01 1.830295e-01 1.809905e-01 1.816660e-01 1.753174e-01 1.847392e-01 1.820756e-01 1.816891e-01 1.771503e-01 1.797656e-01 1.862563e-01 1.822925e-01 1.868429e-01 1.813857e-01 1.846338e-01 
127 1779 1.935992e-01 0 0 1.769423e-01 1.776833e-01 1.822963e-01 1.792031e-01 1.652027e-01 1.705351e-01 1.818443e-01 1.774872e-01 1.789308e-01 1.752203e-01 1.754777e-01 1.828056e-01 1.826686e-01 1.773017e-01 1.802808e-01 1.796546e-01 1.797209e-01 1.786620e-01 1.815428e-01 1.861823e-01 1.809264e-01 1.787329e-01 1.789959e-01 1.727859e-01 1.821569e-01 1.801514e-01 1.790933e-01 1.748228e-01 1.777110e-01 1.836376e-01 1.804982e-01 1.843027e-01 1.787209e-01 1.819080e-01 
128 1793 1.922041e-01 0 0 1.757140e-01 1.761743e-01 1.806522e-01 1.790584e-01 1.637257e-01 1.689944e-01 1.801881e-01 1.759307e-01 1.775821e-01 1.735813e-01 1.740908e-01 1.816550e-01 1.812603e-01 1.759454e-01 1.790064e-01 1.788401e-01 1.781459e-01 1.771654e-01 1.806009e-01 1.845958e-01 1.795101e-01 1.773313e-01 1.775117e-01 1.711694e-01 1.812896e-01 1.785759e-01 1.781593e-01 1.733696e-01 1.761786e-01 1.821857e-01 1.792911e-01 1.832526e-01 1.770945e-01 1.804372e-01 
129 1807 1.888623e-01 0 0 1.729054e-01 1.733360e-01 1.781948e-01 1.759258e-01 1.609072e-01 1.658390e-01 1.770854e-01 1.728691e-01 1.747175e-01 1.703074e-01 1.707714e-01 1.790274e-01 1.777157e-01 1.726284e-01 1.762417e-01 1.757044e-01 1.748332e-01 1.738653e-01 1.781045e-01 1.812616e-01 1.764429e-01 1.739053e-01 1.743096e-01 1.681652e-01 1.777730e-01 1.753069e-01 1.748130e-01 1.702217e-01 1.728268e-01 1.790633e-01 1.760979e-01 1.797682e-01 1.737457e-01 1.778353e-01 
130 1821 1.842003e-01 0 0 1.687258e-01 1.703140e-01 1.739512e-01 1.717392e-01 1.566446e-01 1.614346e-01 1.724096e-01 1.683385e-01 1.705496e-01 1.661930e-01 1.665623e-01 1.742684e-01 1.732011e-01 1.681520e-01 1.718942e-01 1.711234e-01 1.704827e-01 1.693382e-01 1.736257e-01 1.768366e-01 1.719383e-01 1.693084e-01 1.699154e-01 1.638424e-01 1.737104e-01 1.707900e-01 1.704614e-01 1.661301e-01 1.685701e-01 1.743243e-01 1.718557e-01 1.751349e-01 1.692265e-01 1.732186e-01 
131 1835 1.792309e-01 0 0 1.645402e-01 1.657948e-01 1.693063e-01 1.669354e-01 1.522108e-01 1.572674e-01 1.679559e-01 1.636621e-01 1.657214e-01 1.613814e-01 1.619265e-01 1.693700e-01 1.683490e-01 1.635510e-01 1.670731e-01 1.667132e-01 1.656221e-01 1.646064e-01 1.697020e-01 1.718986e-01 1.669661e-01 1.644012e-01 1.652787e-01 1.591426e-01 1.691892e-01 1.659033e-01 1.659170e-01 1.612834e-01 1.639392e-01 1.698268e-01 1.671172e-01 1.705280e-01 1.644706e-01 1.681914e-01 
132 1849 1.736189e-01 0 0 1.591985e-01 1.604509e-01 1.638342e-01 1.613825e-01 1.475443e-01 1.523009e-01 1.625585e-01 1.583891e-01 1.603536e-01 1.566923e-01 1.568564e-01 1.636826e-01 1.629921e-01 1.583331e-01 1.619021e-01 1.611645e-01 1.603087e-01 1.592045e-01 1.643567e-01 1.666682e-01 1.614486e-01 1.589682e-01 1.597635e-01 1.540300e-01 1.636212e-01 1.604519e-01 1.609752e-01 1.568574e-01 1.586148e-01 1.651830e-01 1.617775e-01 1.650202e-01 1.591872e-01 1.626941e-01 
133 1863 1.675765e-01 0 0 1.538967e-01 1.552555e-01 1.579393e-01 1.557448e-01 1.422759e-01 1.468235e-01 1.566440e-01 1.530221e-01 1.546058e-01 1.510179e-01 1.512580e-01 1.577898e-01 1.571492e-01 1.525980e-01 1.560839e-01 1.552758e-01 1.545254e-01 1.533628e-01 1.586351e-01 1.606392e-01 1.557870e-01 1.531520e-01 1.538940e-01 1.484023e-01 1.576563e-01 1.545960e-01 1.552616e-01 1.511414e-01 1.528421e-01 1.595189e-01 1.560626e-01 1.592091e-01 1.533718e-01 1.567998e-01 
134 1877 1.641399e-01 0 0 1.506324e-01 1.518978e-01 1.550395e-01 1.523371e-01 1.395308e-01 1.438697e-01 1.532470e-01 1.497351e-01 1.512081e-01 1.476522e-01 1.478737e-01 1.542953e-01 1.539238e-01 1.493012e-01 1.529371e-01 1.520218e-01 1.515696e-01 1.498580e-01 1.553381e-01 1.574873e-01 1.525304e-01 1.496803e-01 1.504816e-01 1.450967e-01 1.544546e-01 1.511570e-01 1.519372e-01 1.478778e-01 1.495216e-01 1.566436e-01 1.529745e-01 1.557321e-01 1.501503e-01 1.535047e-01 
135 1891 1.601248e-01 0 0 1.468550e-01 1.479267e-01 1.510828e-01 1.486893e-01 1.358950e-01 1.401241e-01 1.493422e-01 1.458690e-01 1.474115e-01 1.441942e-01 1.440734e-01 1.502792e-01 1.500421e-01 1.454172e-01 1.490502e-01 1.482342e-01 1.477681e-01 1.458422e-01 1.515140e-01 1.538572e-01 1.487632e-01 1.457563e-01 1.477922e-01 1.413408e-01 1.506495e-01 1.473084e-01 1.479961e-01 1.440316e-01 1.455627e-01 1.530083e-01 1.496594e-01 1.525692e-01 1.462432e-01 1.494928e-01 
136 1905 1.595398e-01 0 0 1.461351e-01 1.471270e-01 1.507747e-01 1.484385e-01 1.351397e-01 1.396084e-01 1.488616e-01 1.453578e-01 1.465591e-01 1.438177e-01 1.436233e-01 1.496487e-01 1.494176e-01 1.447252e-01 1.482845e-01 1.476702e-01 1.470102e-01 1.451181e-01 1.510122e-01 1.534128e-01 1.481002e-01 1.450313e-01 1.472483e-01 1.405204e-01 1.498599e-01 1.464913e-01 1.471383e-01 1.433167e-01 1.453938e-01 1.523408e-01 1.491476e-01 1.521887e-01 1.458316e-01 1.488255e-01 
137 1919 1.575372e-01 0 0 1.440523e-01 1.450344e-01 1.489335e-01 1.466003e-01 1.334507e-01 1.383832e-01 1.469618e-01 1.433030e-01 1.445467e-01 1.419455e-01 1.415290e-01 1.475064e-01 1.475845e-01 1.429008e-01 1.461992e-01 1.458241e-01 1.451018e-01 1.433455e-01 1.491741e-01 1.514332e-01 1.460844e-01 1.430773e-01 1.453766e-01 1.393127e-01 1.483359e-01 1.445208e-01 1.451901e-01 1.416164e-01 1.435007e-01 1.503102e-01 1.471397e-01 1.503975e-01 1.437578e-01 1.467800e-01 
138 1933 1.543500e-01 0 0 1.409300e-01 1.417354e-01 1.458867e-01 1.436400e-01 1.308035e-01 1.354447e-01 1.442234e-01 1.401299e-01 1.413831e-01 1.390291e-01 1.384161e-01 1.446689e-01 1.442598e-01 1.397865e-01 1.431993e-01 1.427138e-01 1.421647e-01 1.402366e-01 1.465494e-01 1.482846e-01 1.429745e-01 1.399815e-01 1.427480e-01 1.365057e-01 1.450870e-01 1.417138e-01 1.424569e-01 1.384614e-01 1.404140e-01 1.470512e-01 1.438672e-01 1.473852e-01 1.409318e-01 1.435895e-01 
139 1947 2.127646e-01 0 0 1.943557e-01 1.951855e-01 2.010564e-01 1.982424e-01 1.800900e-01 1.866585e-01 1.984158e-01 1.931306e-01 1.944664e-01 1.914116e-01 1.907922e-01 1.994235e-01 1.985964e-01 1.923941e-01 1.971737e-01 1.967425e-01 1.957893e-01 1.930869e-01 2.033515e-01 2.041375e-01 1.966634e-01 1.932879e-01 1.969728e-01 1.878296e-01 1.999599e-01 1.952164e-01 1.961367e-01 1.907222e-01 1.933695e-01 2.028142e-01 1.982873e-01 2.037539e-01 1.948427e-01 1.977461e-01 
140 1961 2.106690e-01 0 0 1.922205e-01 1.930700e-01 1.996552e-01 1.963116e-01 1.783141e-01 1.849236e-01 1.962819e-01 1.914548e-01 1.924925e-01 1.892240e-01 1.897690e-01 1.970397e-01 1.962806e-01 1.900438e-01 1.950506e-01 1.947647e-01 1.935915e-01 1.907426e-01 2.011452e-01 2.018488e-01 1.948567e-01 1.913136e-01 1.953642e-01 1.858017e-01 1.979274e-01 1.932913e-01 1.941945e-01 1.888489e-01 1.910336e-01 2.006889e-01 1.963859e-01 2.015792e-01 1.931163e-01 1.955517e-01 
141 1975 2.107002e-01 0 0 1.923686e-01 1.930356e-01 1.994099e-01 1.964802e-01 1.782966e-01 1.849080e-01 1.961600e-01 1.914996e-01 1.929745e-01 1.897994e-01 1.897140e-01 1.968867e-01 1.959005e-01 1.897653e-01 1.947913e-01 1.944547e-01 1.934815e-01 1.913897e-01 2.015867e-01 2.015392e-01 1.947962e-01 1.909670e-01 1.955209e-01 1.855705e-01 1.976103e-01 1.934687e-01 1.948639e-01 1.901700e-01 1.922577e-01 2.006365e-01 1.961465e-01 2.016593e-01 1.933116e-01 1.951618e-01 
142 1989 2.064239e-01 0 0 1.885276e-01 1.889449e-01 1.953589e-01 1.924243e-01 1.744429e-01 1.808705e-01 1.919240e-01 1.874804e-01 1.891403e-01 1.859864e-01 1.857252e-01 1.926417e-01 1.920408e-01 1.855238e-01 1.907120e-01 1.903962e-01 1.893026e-01 1.878810e-01 1.973579e-01 1.973244e-01 1.903806e-01 1.870718e-01 1.916052e-01 1.814714e-01 1.932860e-01 1.894704e-01 1.905856e-01 1.861750e-01 1.883808e-01 1.965225e-01 1.928845e-01 1.972510e-01 1.893537e-01 1.910724e-01 
143 2003 2.000521e-01 0 0 1.824537e-01 1.831441e-01 1.889602e-01 1.862237e-01 1.686825e-01 1.752745e-01 1.861120e-01 1.813132e-01 1.834147e-01 1.800742e-01 1.798021e-01 1.865248e-01 1.858187e-01 1.795653e-01 1.847527e-01 1.843188e-01 1.838592e-01 1.821843e-01 1.911064e-01 1.910240e-01 1.843109e-01 1.810584e-01 1.855554e-01 1.757588e-01 1.870890e-01 1.843991e-01 1.846180e-01 1.804592e-01 1.823695e-01 1.901452e-01 1.868187e-01 1.909619e-01 1.840112e-01 1.849624e-01 
144 2017 1.938716e-01 0 0 1.767231e-01 1.777628e-01 1.837345e-01 1.803735e-01 1.630964e-01 1.696590e-01 1.804800e-01 1.753539e-01 1.782623e-01 1.745438e-01 1.741384e-01 1.803602e-01 1.798741e-01 1.739015e-01 1.788339e-01 1.783658e-01 1.778700e-01 1.765952e-01 1.849379e-01 1.852082e-01 1.784811e-01 1.751327e-01 1.795497e-01 1.700847e-01 1.811485e-01 1.789101e-01 1.788759e-01 1.751863e-01 1.766113e-01 1.843478e-01 1.808955e-01 1.846105e-01 1.784929e-01 1.795649e-01 
145 2031 1.867765e-01 0 0 1.700447e-01 1.711245e-01 1.769418e-01 1.737536e-01 1.567545e-01 1.630750e-01 1.740652e-01 1.688864e-01 1.713865e-01 1.682690e-01 1.674917e-01 1.734252e-01 1.731329e-01 1.672874e-01 1.721859e-01 1.715842e-01 1.712718e-01 1.699685e-01 1.778658e-01 1.782457e-01 1.717629e-01 1.683383e-01 1.729849e-01 1.636871e-01 1.743153e-01 1.721686e-01 1.724463e-01 1.687606e-01 1.703741e-01 1.772933e-01 1.741150e-01 1.774208e-01 1.717235e-01 1.728536e-01 
146 2045 2.535748e-01 0 0 2.303665e-01 2.320999e-01 2.401195e-01 2.355553e-01 2.123216e-01 2.209271e-01 2.369628e-01 2.290604e-01 2.324005e-01 2.281676e-01 2.269851e-01 2.360514e-01 2.346066e-01 2.269225e-01 2.333389e-01 2.326444e-01 2.321424e-01 2.305946e-01 2.410413e-01 2.413774e-01 2.332173e-01 2.281357e-01 2.345950e-01 2.220305e-01 2.366027e-01 2.334344e-01 2.337608e-01 2.294026e-01 2.313312e-01 2.412485e-01 2.364315e-01 2.406748e-01 2.331074e-01 2.345779e-01 
147 2059 2.459957e-01 0 0 2.229815e-01 2.248116e-01 2.326945e-01 2.281445e-01 2.055895e-01 2.139023e-01 2.297433e-01 2.218783e-01 2.251402e-01 2.211937e-01 2.197900e-01 2.288385e-01 2.273403e-01 2.198253e-01 2.258995e-01 2.253788e-01 2.247394e-01 2.238374e-01 2.333012e-01 2.337337e-01 2.260924e-01 2.209431e-01 2.272522e-01 2.151281e-01 2.296158e-01 2.260645e-01 2.264680e-01 2.225740e-01 2.245847e-01 2.343197e-01 2.297464e-01 2.329887e-01 2.262810e-01 2.276839e-01 
148 2073 2.390683e-01 0 0 2.162191e-01 2.181608e-01 2.258639e-01 2.217231e-01 1.994768e-01 2.074720e-01 2.235999e-01 2.151945e-01 2.184513e-01 2.145668e-01 2.137094e-01 2.218431e-01 2.208691e-01 2.133626e-01 2.194287e-01 2.187341e-01 2.179231e-01 2.172687e-01 2.265494e-01 2.269745e-01 2.199695e-01 2.145262e-01 2.203804e-01 2.091933e-01 2.230289e-01 2.193887e-01 2.199761e-01 2.161815e-01 2.182375e-01 2.274025e-01 2.232218e-01 2.261105e-01 2.199749e-01 2.209262e-01 
149 2087 2.307054e-01 0 0 2.085116e-01 2.106135e-01 2.177592e-01 2.138286e-01 1.920669e-01 2.000323e-01 2.155594e-01 2.072793e-01 2.106067e-01 2.068209e-01 2.060818e-01 2.136306e-01 2.132822e-01 2.054616e-01 2.115788e-01 2.107778e-01 2.104901e-01 2.093900e-01 2.184940e-01 2.188291e-01 2.119606e-01 2.066405e-01 2.127073e-01 2.015956e-01 2.151271e-01 2.119707e-01 2.119544e-01 2.087411e-01 2.104209e-01 2.194092e-01 2.150215e-01 2.178284e-01 2.121283e-01 2.129697e-01 
150 2101 2.228931e-01 0 0 2.016189e-01 2.036080e-01 2.104049e-01 2.067375e-01 1.852212e-01 1.930828e-01 2.082888e-01 2.000411e-01 2.033516e-01 1.995482e-01 1.990804e-01 2.064676e-01 2.057216e-01 1.982175e-01 2.043218e-01 2.033858e-01 2.031179e-01 2.024593e-01 2.112463e-01 2.114944e-01 2.043980e-01 1.993974e-01 2.054951e-01 1.943244e-01 2.075032e-01 2.045467e-01 2.048743e-01 2.014653e-01 2.031506e-01 2.120795e-01 2.078294e-01 2.100450e-01 2.049676e-01 2.053699e-01 
151 2115 2.160365e-01 0 0 1.954411e-01 1.970093e-01 2.039127e-01 2.006606e-01 1.791598e-01 1.868796e-01 2.014373e-01 1.943276e-01 1.968571e-01 1.935229e-01 1.935600e-01 2.000553e-01 1.991867e-01 1.921861e-01 1.977403e-01 1.969944e-01 1.967149e-01 1.963222e-01 2.046336e-01 2.049913e-01 1.979650e-01 1.928730e-01 1.987255e-01 1.880764e-01 2.012396e-01 1.984313e-01 1.982956e-01 1.954645e-01 1.971441e-01 2.054790e-01 2.011610e-01 2.032504e-01 1.986070e-01 1.986118e-01 
152 2129 2.061610e-01 0 0 1.867572e-01 1.877391e-01 1.942414e-01 1.910540e-01 1.705793e-01 1.779650e-01 1.920624e-01 1.852981e-01 1.875928e-01 1.844734e-01 1.843155e-01 1.906801e-01 1.898314e-01 1.830826e-01 1.888304e-01 1.877914e-01 1.876604e-01 1.873576e-01 1.950051e-01 1.952699e-01 1.887595e-01 1.837030e-01 1.895059e-01 1.792446e-01 1.921151e-01 1.894298e-01 1.893562e-01 1.862766e-01 1.878450e-01 1.959116e-01 1.922714e-01 1.939646e-01 1.893719e-01 1.894600e-01 
153 2143 1.976987e-01 0 0 1.789267e-01 1.797399e-01 1.862691e-01 1.839363e-01 1.633252e-01 1.703210e-01 1.839120e-01 1.774326e-01 1.801811e-01 1.766932e-01 1.766386e-01 1.830523e-01 1.816566e-01 1.754253e-01 1.811582e-01 1.796686e-01 1.798180e-01 1.795265e-01 1.873494e-01 1.872178e-01 1.807765e-01 1.761785e-01 1.817376e-01 1.717108e-01 1.840147e-01 1.815114e-01 1.816933e-01 1.783259e-01 1.799029e-01 1.878466e-01 1.840162e-01 1.857732e-01 1.816272e-01 1.815733e-01 
154 2157 1.876969e-01 0 0 1.696835e-01 1.704846e-01 1.765931e-01 1.745389e-01 1.547673e-01 1.615434e-01 1.745718e-01 1.681774e-01 1.709184e-01 1.675396e-01 1.675948e-01 1.737008e-01 1.722778e-01 1.662151e-01 1.716540e-01 1.705368e-01 1.704304e-01 1.701327e-01 1.778697e-01 1.775270e-01 1.714199e-01 1.670805e-01 1.724136e-01 1.632222e-01 1.748262e-01 1.726040e-01 1.721677e-01 1.691288e-01 1.705809e-01 1.784445e-01 1.746440e-01 1.761075e-01 1.721626e-01 1.719995e-01 
155 2171 1.771015e-01 0 0 1.599504e-01 1.606648e-01 1.664249e-01 1.643977e-01 1.459861e-01 1.522056e-01 1.645388e-01 1.583752e-01 1.611726e-01 1.579066e-01 1.581640e-01 1.636794e-01 1.623575e-01 1.576619e-01 1.618340e-01 1.605328e-01 1.609635e-01 1.603893e-01 1.675229e-01 1.672752e-01 1.616970e-01 1.574449e-01 1.626998e-01 1.538762e-01 1.646844e-01 1.625790e-01 1.620828e-01 1.597203e-01 1.609137e-01 1.682073e-01 1.644668e-01 1.660660e-01 1.624395e-01 1.620116e-01 
156 2185 1.717103e-01 0 0 1.547668e-01 1.555795e-01 1.613438e-01 1.591756e-01 1.417487e-01 1.474367e-01 1.591910e-01 1.535928e-01 1.560379e-01 1.530495e-01 1.533407e-01 1.587906e-01 1.573642e-01 1.526880e-01 1.574992e-01 1.553933e-01 1.559004e-01 1.552041e-01 1.632032e-01 1.620101e-01 1.565305e-01 1.524708e-01 1.579557e-01 1.490062e-01 1.598415e-01 1.578086e-01 1.570690e-01 1.546968e-01 1.558565e-01 1.627456e-01 1.593419e-01 1.610237e-01 1.573342e-01 1.567576e-01 
157 2199 1.648096e-01 0 0 1.483500e-01 1.491903e-01 1.553146e-01 1.525685e-01 1.359257e-01 1.417591e-01 1.524610e-01 1.472054e-01 1.496587e-01 1.466966e-01 1.469971e-01 1.521854e-01 1.507086e-01 1.465519e-01 1.511643e-01 1.488902e-01 1.492882e-01 1.490736e-01 1.566669e-01 1.551632e-01 1.500194e-01 1.460999e-01 1.513262e-01 1.426539e-01 1.533921e-01 1.515016e-01 1.504116e-01 1.482412e-01 1.497508e-01 1.561724e-01 1.528939e-01 1.543121e-01 1.507796e-01 1.505151e-01 
158 2213 1.608452e-01 0 0 1.447016e-01 1.455244e-01 1.514764e-01 1.486125e-01 1.326471e-01 1.385368e-01 1.485088e-01 1.440413e-01 1.460447e-01 1.431342e-01 1.435612e-01 1.483883e-01 1.470915e-01 1.431371e-01 1.472932e-01 1.450366e-01 1.454217e-01 1.458733e-01 1.534752e-01 1.515676e-01 1.465483e-01 1.423776e-01 1.475707e-01 1.390478e-01 1.495546e-01 1.475509e-01 1.466458e-01 1.448523e-01 1.460077e-01 1.521267e-01 1.492180e-01 1.504446e-01 1.472351e-01 1.466432e-01 
159 2227 2.158099e-01 0 0 1.943633e-01 1.948076e-01 2.030720e-01 1.995121e-01 1.775727e-01 1.857554e-01 1.988794e-01 1.933065e-01 1.955469e-01 1.923218e-01 1.923865e-01 1.986929e-01 1.973770e-01 1.918544e-01 1.973804e-01 1.946057e-01 1.950746e-01 1.955149e-01 2.059157e-01 2.032482e-01 1.962960e-01 1.908111e-01 1.977878e-01 1.863436e-01 2.004981e-01 1.975447e-01 1.970835e-01 1.939876e-01 1.960794e-01 2.037818e-01 1.997555e-01 2.021307e-01 1.973759e-01 1.964494e-01 
160 2241 2.124802e-01 0 0 1.909659e-01 1.913670e-01 1.995937e-01 1.961440e-01 1.745860e-01 1.831118e-01 1.954238e-01 1.899675e-01 1.931366e-01 1.898310e-01 1.891409e-01 1.954652e-01 1.940925e-01 1.887507e-01 1.943670e-01 1.912727e-01 1.918090e-01 1.922178e-01 2.030847e-01 1.999467e-01 1.930797e-01 1.877894e-01 1.947767e-01 1.831957e-01 1.975979e-01 1.942659e-01 1.937557e-01 1.905566e-01 1.929882e-01 2.006748e-01 1.964637e-01 1.988272e-01 1.946131e-01 1.930691e-01 
161 2255 2.088081e-01 0 0 1.876451e-01 1.876535e-01 1.957370e-01 1.926003e-01 1.712819e-01 1.806896e-01 1.917049e-01 1.864703e-01 1.897973e-01 1.868085e-01 1.855714e-01 1.921651e-01 1.905209e-01 1.854463e-01 1.912286e-01 1.877432e-01 1.881599e-01 1.885252e-01 1.994912e-01 1.962557e-01 1.896122e-01 1.843451e-01 1.912660e-01 1.798446e-01 1.937924e-01 1.909490e-01 1.899722e-01 1.873892e-01 1.892746e-01 1.968026e-01 1.928131e-01 1.949697e-01 1.915253e-01 1.894358e-01 
162 2269 2.053228e-01 0 0 1.842518e-01 1.844971e-01 1.924153e-01 1.900867e-01 1.682502e-01 1.778013e-01 1.884301e-01 1.831547e-01 1.867034e-01 1.836881e-01 1.825150e-01 1.890267e-01 1.872117e-01 1.823387e-01 1.879629e-01 1.845226e-01 1.846460e-01 1.853261e-01 1.959800e-01 1.928554e-01 1.864937e-01 1.810012e-01 1.877555e-01 1.765900e-01 1.903601e-01 1.878235e-01 1.866479e-01 1.843957e-01 1.861239e-01 1.939550e-01 1.892524e-01 1.912404e-01 1.879665e-01 1.858132e-01 
163 2283 1.958084e-01 0 0 1.753964e-01 1.757082e-01 1.837895e-01 1.810960e-01 1.602075e-01 1.697030e-01 1.795041e-01 1.745284e-01 1.783795e-01 1.751606e-01 1.736511e-01 1.798853e-01 1.782602e-01 1.736475e-01 1.791749e-01 1.756919e-01 1.756319e-01 1.767181e-01 1.869438e-01 1.839081e-01 1.774998e-01 1.722559e-01 1.790746e-01 1.682822e-01 1.816679e-01 1.789177e-01 1.777256e-01 1.757235e-01 1.775588e-01 1.847973e-01 1.803578e-01 1.822697e-01 1.788676e-01 1.768025e-01 
164 2297 1.877407e-01 0 0 1.681120e-01 1.686230e-01 1.758772e-01 1.734371e-01 1.534511e-01 1.626470e-01 1.718928e-01 1.672061e-01 1.707990e-01 1.675989e-01 1.664206e-01 1.722293e-01 1.706961e-01 1.662114e-01 1.716323e-01 1.684672e-01 1.680338e-01 1.692317e-01 1.790944e-01 1.762623e-01 1.702025e-01 1.659849e-01 1.717295e-01 1.610268e-01 1.738941e-01 1.712516e-01 1.704079e-01 1.685465e-01 1.701653e-01 1.769950e-01 1.728505e-01 1.744466e-01 1.711269e-01 1.698249e-01 
165 2311 1.788161e-01 0 0 1.598939e-01 1.604777e-01 1.674668e-01 1.648893e-01 1.461373e-01 1.547509e-01 1.634958e-01 1.591252e-01 1.626838e-01 1.596356e-01 1.582707e-01 1.638147e-01 1.623390e-01 1.581016e-01 1.631841e-01 1.605979e-01 1.598126e-01 1.613604e-01 1.704159e-01 1.676263e-01 1.618322e-01 1.585185e-01 1.633782e-01 1.538984e-01 1.656176e-01 1.628436e-01 1.627704e-01 1.602462e-01 1.621501e-01 1.684744e-01 1.643217e-01 1.657343e-01 1.632524e-01 1.615737e-01 
166 2325 2.386447e-01 0 0 2.130384e-01 2.139718e-01 2.230503e-01 2.200580e-01 1.945786e-01 2.064237e-01 2.182963e-01 2.119338e-01 2.181396e-01 2.125423e-01 2.108027e-01 2.182141e-01 2.167014e-01 2.114036e-01 2.177076e-01 2.139724e-01 2.129867e-01 2.152090e-01 2.276049e-01 2.235767e-01 2.157680e-01 2.111321e-01 2.176087e-01 2.051642e-01 2.206900e-01 2.171347e-01 2.169594e-01 2.135947e-01 2.159146e-01 2.248586e-01 2.189973e-01 2.209707e-01 2.176557e-01 2.153784e-01 
167 2339 2.297850e-01 0 0 2.047858e-01 2.057479e-01 2.143793e-01 2.114443e-01 1.872758e-01 1.984878e-01 2.101772e-01 2.036858e-01 2.098931e-01 2.045738e-01 2.028811e-01 2.099449e-01 2.086750e-01 2.038410e-01 2.095281e-01 2.061472e-01 2.047879e-01 2.071346e-01 2.187973e-01 2.149036e-01 2.074083e-01 2.030057e-01 2.098503e-01 1.982769e-01 2.123673e-01 2.088933e-01 2.085816e-01 2.055564e-01 2.081935e-01 2.163310e-01 2.106100e-01 2.122802e-01 2.094175e-01 2.070085e-01 
168 2353 2.185898e-01 0 0 1.944434e-01 1.954235e-01 2.036936e-01 2.009892e-01 1.780018e-01 1.886079e-01 1.995816e-01 1.934306e-01 1.993462e-01 1.943758e-01 1.929843e-01 1.994246e-01 1.980604e-01 1.936313e-01 1.992816e-01 1.958624e-01 1.947648e-01 1.971467e-01 2.077979e-01 2.045395e-01 1.971791e-01 1.937283e-01 1.995494e-01 1.891169e-01 2.016631e-01 1.985213e-01 1.983242e-01 1.954209e-01 1.977270e-01 2.054059e-01 2.000271e-01 2.016252e-01 1.992008e-01 1.965088e-01 
169 2367 2.095311e-01 0 0 1.864348e-01 1.869520e-01 1.949644e-01 1.925915e-01 1.703724e-01 1.805844e-01 1.912302e-01 1.849750e-01 1.908884e-01 1.862640e-01 1.846728e-01 1.910329e-01 1.895586e-01 1.853253e-01 1.912729e-01 1.879969e-01 1.864831e-01 1.886969e-01 1.988750e-01 1.964472e-01 1.886810e-01 1.855140e-01 1.910609e-01 1.809009e-01 1.929853e-01 1.905477e-01 1.897895e-01 1.871569e-01 1.890868e-01 1.969784e-01 1.912780e-01 1.932957e-01 1.906012e-01 1.886788e-01 
170 2381 2.047427e-01 0 0 1.817125e-01 1.824110e-01 1.903814e-01 1.886505e-01 1.661994e-01 1.765278e-01 1.868208e-01 1.806148e-01 1.862712e-01 1.817360e-01 1.802583e-01 1.862817e-01 1.848955e-01 1.808779e-01 1.867828e-01 1.842225e-01 1.821176e-01 1.848069e-01 1.940219e-01 1.919797e-01 1.842765e-01 1.812092e-01 1.863881e-01 1.763865e-01 1.883564e-01 1.863358e-01 1.853331e-01 1.826802e-01 1.844705e-01 1.927659e-01 1.867005e-01 1.886657e-01 1.859496e-01 1.843609e-01 
171 2395 1.950861e-01 0 0 1.730197e-01 1.734361e-01 1.810088e-01 1.795038e-01 1.580643e-01 1.682317e-01 1.778460e-01 1.721010e-01 1.772141e-01 1.729466e-01 1.715470e-01 1.772427e-01 1.761215e-01 1.720403e-01 1.777631e-01 1.756077e-01 1.731142e-01 1.760273e-01 1.845288e-01 1.834169e-01 1.757058e-01 1.722238e-01 1.775069e-01 1.678766e-01 1.791986e-01 1.772324e-01 1.762824e-01 1.740274e-01 1.760411e-01 1.834150e-01 1.778835e-01 1.798356e-01 1.771316e-01 1.757079e-01 
172 2409 2.658106e-01 0 0 2.355831e-01 2.359566e-01 2.469003e-01 2.451837e-01 2.153067e-01 2.289592e-01 2.419847e-01 2.345949e-01 2.412642e-01 2.368783e-01 2.338087e-01 2.413610e-01 2.399859e-01 2.349062e-01 2.420273e-01 2.389106e-01 2.353591e-01 2.393926e-01 2.510889e-01 2.499087e-01 2.390753e-01 2.342778e-01 2.414584e-01 2.287138e-01 2.439612e-01 2.409823e-01 2.400429e-01 2.368633e-01 2.396696e-01 2.499448e-01 2.421718e-01 2.446294e-01 2.420523e-01 2.394684e-01 
173 2423 2.548878e-01 0 0 2.262605e-01 2.258450e-01 2.365048e-01 2.347388e-01 2.064222e-01 2.191510e-01 2.316342e-01 2.246049e-01 2.311019e-01 2.269406e-01 2.236960e-01 2.312773e-01 2.296818e-01 2.252875e-01 2.316132e-01 2.289341e-01 2.258071e-01 2.292544e-01 2.406950e-01 2.397320e-01 2.291583e-01 2.254147e-01 2.314224e-01 2.192038e-01 2.335033e-01 2.308722e-01 2.295794e-01 2.268095e-01 2.299474e-01 2.396014e-01 2.318743e-01 2.344011e-01 2.320211e-01 2.293510e-01 
174 2437 2.452012e-01 0 0 2.175341e-01 2.170198e-01 2.272107e-01 2.257318e-01 1.981484e-01 2.108435e-01 2.229051e-01 2.156148e-01 2.220650e-01 2.179637e-01 2.150451e-01 2.222245e-01 2.204718e-01 2.165019e-01 2.225894e-01 2.197898e-01 2.167734e-01 2.202602e-01 2.311428e-01 2.305065e-01 2.200090e-01 2.166141e-01 2.223160e-01 2.104756e-01 2.250855e-01 2.216042e-01 2.204965e-01 2.179866e-01 2.207892e-01 2.304728e-01 2.232780e-01 2.249040e-01 2.230688e-01 2.208668e-01 
175 2451 2.402379e-01 0 0 2.130796e-01 2.126423e-01 2.224818e-01 2.208727e-01 1.937534e-01 2.064179e-01 2.183583e-01 2.113803e-01 2.172226e-01 2.133139e-01 2.109577e-01 2.175414e-01 2.158497e-01 2.117706e-01 2.177165e-01 2.151540e-01 2.122239e-01 2.155758e-01 2.264319e-01 2.261650e-01 2.155742e-01 2.124944e-01 2.173289e-01 2.065245e-01 2.203263e-01 2.168098e-01 2.161301e-01 2.134580e-01 2.164696e-01 2.253693e-01 2.191565e-01 2.199842e-01 2.187699e-01 2.164026e-01 
176 2465 2.346017e-01 0 0 2.080282e-01 2.078482e-01 2.171404e-01 2.152479e-01 1.894880e-01 2.012766e-01 2.137620e-01 2.066019e-01 2.116880e-01 2.082825e-01 2.058792e-01 2.127903e-01 2.105155e-01 2.070235e-01 2.121598e-01 2.101010e-01 2.073314e-01 2.106783e-01 2.208070e-01 2.208674e-01 2.102322e-01 2.079858e-01 2.120178e-01 2.014657e-01 2.147930e-01 2.113956e-01 2.106500e-01 2.083070e-01 2.110530e-01 2.197221e-01 2.137243e-01 2.147621e-01 2.138532e-01 2.115908e-01 
177 2479 2.271498e-01 0 0 2.014376e-01 2.009971e-01 2.099324e-01 2.082558e-01 1.832043e-01 1.945540e-01 2.080054e-01 1.999933e-01 2.045483e-01 2.014768e-01 1.991384e-01 2.059631e-01 2.038246e-01 2.000265e-01 2.050629e-01 2.031880e-01 2.004611e-01 2.039312e-01 2.137353e-01 2.135362e-01 2.042490e-01 2.013770e-01 2.049171e-01 1.953509e-01 2.077016e-01 2.046054e-01 2.036019e-01 2.014795e-01 2.040006e-01 2.126348e-01 2.065973e-01 2.081983e-01 2.070842e-01 2.046023e-01 
178 2493 2.199062e-01 0 0 1.947578e-01 1.944763e-01 2.032964e-01 2.012254e-01 1.772062e-01 1.880496e-01 2.011760e-01 1.937116e-01 1.976993e-01 1.948042e-01 1.924932e-01 1.991724e-01 1.970830e-01 1.933813e-01 1.981269e-01 1.967332e-01 1.937321e-01 1.973943e-01 2.065818e-01 2.064352e-01 1.974689e-01 1.949026e-01 1.985997e-01 1.887082e-01 2.007082e-01 1.980320e-01 1.974004e-01 1.946891e-01 1.977457e-01 2.055026e-01 2.002624e-01 2.016405e-01 2.001723e-01 1.979924e-01 
179 2507 2.142409e-01 0 0 1.894012e-01 1.892041e-01 1.977992e-01 1.956604e-01 1.723864e-01 1.830270e-01 1.958139e-01 1.883467e-01 1.925114e-01 1.897451e-01 1.875464e-01 1.945265e-01 1.919186e-01 1.885865e-01 1.928007e-01 1.915362e-01 1.888850e-01 1.921738e-01 2.008388e-01 2.007960e-01 1.922219e-01 1.895878e-01 1.933666e-01 1.837850e-01 1.951701e-01 1.927696e-01 1.923169e-01 1.892349e-01 1.924157e-01 2.003541e-01 1.949510e-01 1.967447e-01 1.946816e-01 1.926127e-01 
180 2521 2.055312e-01 0 0 1.822563e-01 1.815173e-01 1.893879e-01 1.873587e-01 1.649839e-01 1.751376e-01 1.877561e-01 1.806527e-01 1.848768e-01 1.817748e-01 1.797314e-01 1.866142e-01 1.840421e-01 1.806495e-01 1.849970e-01 1.837000e-01 1.809206e-01 1.842185e-01 1.923631e-01 1.926365e-01 1.841140e-01 1.823658e-01 1.852298e-01 1.760435e-01 1.870731e-01 1.849335e-01 1.844767e-01 1.813370e-01 1.843664e-01 1.917820e-01 1.871087e-01 1.889425e-01 1.864151e-01 1.849002e-01 
181 2535 1.945872e-01 0 0 1.724086e-01 1.715549e-01 1.789744e-01 1.772150e-01 1.560413e-01 1.656044e-01 1.775859e-01 1.708578e-01 1.747141e-01 1.718672e-01 1.699834e-01 1.763341e-01 1.739650e-01 1.711158e-01 1.747816e-01 1.736196e-01 1.713256e-01 1.743095e-01 1.819611e-01 1.822704e-01 1.740015e-01 1.722748e-01 1.750047e-01 1.667755e-01 1.769196e-01 1.747387e-01 1.743649e-01 1.712961e-01 1.747554e-01 1.813495e-01 1.772589e-01 1.788999e-01 1.763119e-01 1.751873e-01 
182 2549 1.873888e-01 0 0 1.656810e-01 1.649726e-01 1.719277e-01 1.707091e-01 1.503672e-01 1.596422e-01 1.709419e-01 1.644253e-01 1.679226e-01 1.652287e-01 1.638912e-01 1.699707e-01 1.671998e-01 1.645787e-01 1.681359e-01 1.668071e-01 1.649390e-01 1.682010e-01 1.749174e-01 1.754613e-01 1.672738e-01 1.655552e-01 1.681750e-01 1.602327e-01 1.704141e-01 1.681793e-01 1.676216e-01 1.646840e-01 1.681104e-01 1.750189e-01 1.705768e-01 1.721086e-01 1.697759e-01 1.683927e-01 
183 2563 2.546488e-01 0 0 2.245920e-01 2.239138e-01 2.330748e-01 2.318905e-01 2.039238e-01 2.165027e-01 2.325479e-01 2.230392e-01 2.280836e-01 2.241129e-01 2.227387e-01 2.319151e-01 2.269738e-01 2.231611e-01 2.282996e-01 2.262576e-01 2.244006e-01 2.282214e-01 2.381623e-01 2.381630e-01 2.270016e-01 2.248102e-01 2.282106e-01 2.174775e-01 2.317419e-01 2.283067e-01 2.272784e-01 2.234034e-01 2.283750e-01 2.383111e-01 2.316938e-01 2.335539e-01 2.304424e-01 2.290692e-01 
