%  columns=["iteration, evaluation, sigma, void, void, stds==sigma*sqrt(diag(C))" (startseed=210675, 2023/08/14 14:27:20.77)
1 15 2.866399e-01 0 0 2.863239e-01 2.870722e-01 2.863979e-01 2.863570e-01 2.870894e-01 2.864508e-01 2.867114e-01 2.867865e-01 2.864344e-01 2.866567e-01 2.862862e-01 2.861558e-01 2.863887e-01 2.866781e-01 2.861542e-01 2.860971e-01 2.864061e-01 2.865977e-01 2.874868e-01 2.866809e-01 2.859513e-01 2.864195e-01 2.861403e-01 2.873113e-01 2.861345e-01 2.893503e-01 2.865979e-01 2.870071e-01 2.864594e-01 2.860780e-01 2.862039e-01 2.866297e-01 2.869278e-01 2.861792e-01 
2 29 2.732914e-01 0 0 2.724564e-01 2.738147e-01 2.725430e-01 2.727351e-01 2.734248e-01 2.733762e-01 2.731358e-01 2.729145e-01 2.729577e-01 2.734706e-01 2.737199e-01 2.722621e-01 2.735944e-01 2.730383e-01 2.724817e-01 2.724645e-01 2.728746e-01 2.728518e-01 2.736457e-01 2.730505e-01 2.719788e-01 2.726139e-01 2.722776e-01 2.733452e-01 2.725063e-01 2.757940e-01 2.731003e-01 2.734428e-01 2.728997e-01 2.733165e-01 2.724064e-01 2.728438e-01 2.738480e-01 2.725314e-01 
3 43 2.622441e-01 0 0 2.618816e-01 2.624544e-01 2.610523e-01 2.616226e-01 2.620191e-01 2.618680e-01 2.618640e-01 2.614602e-01 2.618744e-01 2.621646e-01 2.622607e-01 2.614052e-01 2.622911e-01 2.620063e-01 2.611416e-01 2.610150e-01 2.617723e-01 2.616541e-01 2.621938e-01 2.615407e-01 2.611651e-01 2.612970e-01 2.625622e-01 2.618087e-01 2.608901e-01 2.644388e-01 2.617737e-01 2.621549e-01 2.612728e-01 2.618684e-01 2.612109e-01 2.614760e-01 2.621695e-01 2.610664e-01 
4 57 2.535033e-01 0 0 2.526520e-01 2.535741e-01 2.517680e-01 2.525544e-01 2.527767e-01 2.533741e-01 2.527264e-01 2.525025e-01 2.529520e-01 2.535349e-01 2.535805e-01 2.528337e-01 2.530240e-01 2.531021e-01 2.533063e-01 2.517251e-01 2.529231e-01 2.533989e-01 2.531924e-01 2.524566e-01 2.519439e-01 2.521242e-01 2.543851e-01 2.529569e-01 2.525650e-01 2.551530e-01 2.536537e-01 2.539235e-01 2.521246e-01 2.527974e-01 2.519810e-01 2.525857e-01 2.533466e-01 2.523170e-01 
5 71 2.443457e-01 0 0 2.432312e-01 2.442653e-01 2.421649e-01 2.437457e-01 2.434022e-01 2.441458e-01 2.434192e-01 2.429886e-01 2.434744e-01 2.443351e-01 2.443014e-01 2.434441e-01 2.441268e-01 2.437146e-01 2.441828e-01 2.424217e-01 2.433882e-01 2.441623e-01 2.436340e-01 2.428462e-01 2.432940e-01 2.428239e-01 2.450856e-01 2.436141e-01 2.432658e-01 2.460601e-01 2.442185e-01 2.442113e-01 2.429071e-01 2.432722e-01 2.427365e-01 2.433787e-01 2.440899e-01 2.430158e-01 
6 85 2.380876e-01 0 0 2.365686e-01 2.378370e-01 2.354809e-01 2.373243e-01 2.370269e-01 2.385996e-01 2.368610e-01 2.366205e-01 2.371262e-01 2.375540e-01 2.378110e-01 2.378465e-01 2.372849e-01 2.371103e-01 2.376092e-01 2.359205e-01 2.373539e-01 2.375492e-01 2.371285e-01 2.363135e-01 2.367109e-01 2.364180e-01 2.387163e-01 2.370958e-01 2.368126e-01 2.393352e-01 2.375942e-01 2.374331e-01 2.368054e-01 2.372202e-01 2.360366e-01 2.369718e-01 2.376466e-01 2.362398e-01 
7 99 2.332671e-01 0 0 2.312918e-01 2.327229e-01 2.301794e-01 2.325936e-01 2.320562e-01 2.335601e-01 2.320623e-01 2.324705e-01 2.318542e-01 2.323986e-01 2.333853e-01 2.331609e-01 2.321617e-01 2.320400e-01 2.325662e-01 2.309157e-01 2.321526e-01 2.324318e-01 2.320435e-01 2.313225e-01 2.319688e-01 2.322739e-01 2.335467e-01 2.322428e-01 2.319279e-01 2.339828e-01 2.333533e-01 2.321267e-01 2.321843e-01 2.322599e-01 2.310625e-01 2.318790e-01 2.324595e-01 2.315138e-01 
8 113 2.307975e-01 0 0 2.284817e-01 2.299157e-01 2.274844e-01 2.298162e-01 2.290928e-01 2.310101e-01 2.305177e-01 2.300345e-01 2.291419e-01 2.296638e-01 2.307608e-01 2.305588e-01 2.292817e-01 2.299705e-01 2.299350e-01 2.280019e-01 2.298809e-01 2.297943e-01 2.293886e-01 2.285804e-01 2.294702e-01 2.292590e-01 2.309760e-01 2.298332e-01 2.295969e-01 2.309479e-01 2.312930e-01 2.299392e-01 2.297284e-01 2.304762e-01 2.288907e-01 2.293200e-01 2.295114e-01 2.290219e-01 
9 127 2.264198e-01 0 0 2.237577e-01 2.254125e-01 2.231968e-01 2.252469e-01 2.245319e-01 2.262804e-01 2.260738e-01 2.255727e-01 2.247904e-01 2.249321e-01 2.263562e-01 2.259743e-01 2.248319e-01 2.257472e-01 2.254495e-01 2.233087e-01 2.254851e-01 2.251845e-01 2.245571e-01 2.240086e-01 2.251135e-01 2.245067e-01 2.264154e-01 2.250432e-01 2.247937e-01 2.265109e-01 2.269277e-01 2.254479e-01 2.253457e-01 2.259164e-01 2.241977e-01 2.250305e-01 2.249554e-01 2.244941e-01 
10 141 2.211213e-01 0 0 2.184145e-01 2.198811e-01 2.175906e-01 2.197936e-01 2.188606e-01 2.210918e-01 2.211324e-01 2.204236e-01 2.200356e-01 2.191811e-01 2.209849e-01 2.208303e-01 2.198171e-01 2.207001e-01 2.197148e-01 2.179953e-01 2.202750e-01 2.198135e-01 2.194978e-01 2.183201e-01 2.198752e-01 2.191398e-01 2.209238e-01 2.193437e-01 2.194319e-01 2.209364e-01 2.215437e-01 2.199393e-01 2.199068e-01 2.206699e-01 2.187620e-01 2.204709e-01 2.192005e-01 2.189626e-01 
11 155 2.171593e-01 0 0 2.145204e-01 2.155083e-01 2.134521e-01 2.158223e-01 2.147713e-01 2.168558e-01 2.176459e-01 2.161598e-01 2.164956e-01 2.147411e-01 2.169456e-01 2.165218e-01 2.162327e-01 2.172051e-01 2.157529e-01 2.136969e-01 2.160177e-01 2.156269e-01 2.158231e-01 2.139826e-01 2.158160e-01 2.157034e-01 2.165828e-01 2.153250e-01 2.151811e-01 2.171143e-01 2.180147e-01 2.157995e-01 2.160543e-01 2.163352e-01 2.145244e-01 2.164865e-01 2.148274e-01 2.154708e-01 
12 169 2.111721e-01 0 0 2.085449e-01 2.096295e-01 2.079619e-01 2.093997e-01 2.088655e-01 2.105371e-01 2.120269e-01 2.099731e-01 2.105603e-01 2.087717e-01 2.109671e-01 2.106555e-01 2.102827e-01 2.113719e-01 2.102863e-01 2.073477e-01 2.098346e-01 2.094068e-01 2.097001e-01 2.077236e-01 2.096337e-01 2.092983e-01 2.105696e-01 2.097125e-01 2.090185e-01 2.110932e-01 2.120050e-01 2.094079e-01 2.102576e-01 2.101512e-01 2.083648e-01 2.111723e-01 2.085241e-01 2.094182e-01 
13 183 2.039707e-01 0 0 2.010873e-01 2.022807e-01 2.007383e-01 2.019339e-01 2.017471e-01 2.029220e-01 2.048927e-01 2.024346e-01 2.032559e-01 2.013872e-01 2.038945e-01 2.032077e-01 2.027056e-01 2.047197e-01 2.029586e-01 1.999865e-01 2.026857e-01 2.026473e-01 2.022439e-01 2.005804e-01 2.021165e-01 2.020260e-01 2.031207e-01 2.021779e-01 2.015140e-01 2.043040e-01 2.047056e-01 2.022193e-01 2.027694e-01 2.027136e-01 2.009461e-01 2.040586e-01 2.011200e-01 2.020893e-01 
14 197 1.976976e-01 0 0 1.950929e-01 1.960864e-01 1.942438e-01 1.952767e-01 1.953861e-01 1.965647e-01 1.984399e-01 1.961841e-01 1.967359e-01 1.948439e-01 1.975503e-01 1.967102e-01 1.961686e-01 1.984531e-01 1.967040e-01 1.935011e-01 1.962104e-01 1.962840e-01 1.957528e-01 1.943330e-01 1.959142e-01 1.956832e-01 1.966585e-01 1.959708e-01 1.952676e-01 1.980536e-01 1.984624e-01 1.958049e-01 1.962681e-01 1.964963e-01 1.944004e-01 1.982464e-01 1.944665e-01 1.955367e-01 
15 211 1.950283e-01 0 0 1.924573e-01 1.931683e-01 1.916697e-01 1.927930e-01 1.924618e-01 1.937824e-01 1.954397e-01 1.934014e-01 1.939577e-01 1.920664e-01 1.946297e-01 1.939948e-01 1.937424e-01 1.960727e-01 1.942179e-01 1.907259e-01 1.933092e-01 1.934068e-01 1.930008e-01 1.925102e-01 1.930066e-01 1.930777e-01 1.939517e-01 1.930843e-01 1.924761e-01 1.956278e-01 1.955846e-01 1.930272e-01 1.934748e-01 1.942497e-01 1.914271e-01 1.952500e-01 1.915421e-01 1.926751e-01 
16 225 1.946887e-01 0 0 1.925447e-01 1.923748e-01 1.909876e-01 1.924366e-01 1.919350e-01 1.937374e-01 1.950850e-01 1.928341e-01 1.939090e-01 1.914093e-01 1.942962e-01 1.934549e-01 1.937293e-01 1.958401e-01 1.936603e-01 1.901267e-01 1.928145e-01 1.930725e-01 1.926661e-01 1.928391e-01 1.923474e-01 1.923415e-01 1.934285e-01 1.927225e-01 1.919019e-01 1.952368e-01 1.948613e-01 1.924981e-01 1.930383e-01 1.939118e-01 1.908055e-01 1.953681e-01 1.912349e-01 1.924030e-01 
17 239 1.941784e-01 0 0 1.922589e-01 1.916499e-01 1.901650e-01 1.917343e-01 1.916821e-01 1.935996e-01 1.945294e-01 1.919111e-01 1.932152e-01 1.907281e-01 1.935745e-01 1.927512e-01 1.932886e-01 1.956362e-01 1.932463e-01 1.893180e-01 1.919549e-01 1.921653e-01 1.919118e-01 1.926913e-01 1.914342e-01 1.915833e-01 1.929839e-01 1.918207e-01 1.925472e-01 1.946535e-01 1.942903e-01 1.918329e-01 1.924762e-01 1.930679e-01 1.899631e-01 1.948147e-01 1.906285e-01 1.915577e-01 
18 253 1.911654e-01 0 0 1.890920e-01 1.885194e-01 1.869323e-01 1.884392e-01 1.889770e-01 1.905486e-01 1.913990e-01 1.891402e-01 1.901318e-01 1.875691e-01 1.901321e-01 1.893397e-01 1.901452e-01 1.925211e-01 1.902542e-01 1.862381e-01 1.887672e-01 1.888760e-01 1.888734e-01 1.900701e-01 1.886491e-01 1.882280e-01 1.900444e-01 1.889943e-01 1.909345e-01 1.914582e-01 1.912140e-01 1.884143e-01 1.893293e-01 1.898642e-01 1.868041e-01 1.915943e-01 1.874862e-01 1.882161e-01 
19 267 1.884507e-01 0 0 1.866238e-01 1.857022e-01 1.844000e-01 1.853756e-01 1.861126e-01 1.877457e-01 1.884716e-01 1.863600e-01 1.872261e-01 1.847612e-01 1.872869e-01 1.864691e-01 1.879070e-01 1.895367e-01 1.874809e-01 1.834395e-01 1.857479e-01 1.860463e-01 1.857692e-01 1.872524e-01 1.858215e-01 1.862899e-01 1.873512e-01 1.863998e-01 1.890313e-01 1.885600e-01 1.884274e-01 1.854121e-01 1.862814e-01 1.869958e-01 1.844619e-01 1.886288e-01 1.844006e-01 1.852960e-01 
20 281 1.833841e-01 0 0 1.816278e-01 1.805294e-01 1.791440e-01 1.802670e-01 1.808915e-01 1.824300e-01 1.830574e-01 1.812596e-01 1.822608e-01 1.796273e-01 1.821511e-01 1.813423e-01 1.824489e-01 1.840661e-01 1.822581e-01 1.781042e-01 1.807897e-01 1.809865e-01 1.805238e-01 1.821902e-01 1.806741e-01 1.814674e-01 1.823007e-01 1.811293e-01 1.842060e-01 1.836416e-01 1.831518e-01 1.805198e-01 1.808728e-01 1.818766e-01 1.792855e-01 1.836242e-01 1.791465e-01 1.802116e-01 
21 295 1.779348e-01 0 0 1.760507e-01 1.749208e-01 1.737267e-01 1.747250e-01 1.753949e-01 1.768302e-01 1.772320e-01 1.755464e-01 1.765122e-01 1.742908e-01 1.766021e-01 1.760545e-01 1.768032e-01 1.781876e-01 1.766089e-01 1.727192e-01 1.753935e-01 1.754255e-01 1.748811e-01 1.763583e-01 1.751978e-01 1.764193e-01 1.771033e-01 1.758912e-01 1.791325e-01 1.779342e-01 1.775963e-01 1.749712e-01 1.752475e-01 1.768292e-01 1.737838e-01 1.779376e-01 1.735258e-01 1.745859e-01 
22 309 1.727582e-01 0 0 1.708252e-01 1.694433e-01 1.683503e-01 1.692866e-01 1.702515e-01 1.714835e-01 1.727258e-01 1.700806e-01 1.711692e-01 1.691338e-01 1.715266e-01 1.707197e-01 1.713964e-01 1.732823e-01 1.712131e-01 1.675186e-01 1.700774e-01 1.701896e-01 1.695479e-01 1.708697e-01 1.699935e-01 1.719072e-01 1.717936e-01 1.704773e-01 1.740782e-01 1.724481e-01 1.723126e-01 1.699805e-01 1.698024e-01 1.715492e-01 1.685428e-01 1.723833e-01 1.681102e-01 1.695188e-01 
23 323 1.659089e-01 0 0 1.641951e-01 1.625432e-01 1.615926e-01 1.622801e-01 1.634649e-01 1.646658e-01 1.657279e-01 1.629772e-01 1.641360e-01 1.621119e-01 1.645928e-01 1.636995e-01 1.642214e-01 1.661472e-01 1.642442e-01 1.605691e-01 1.630668e-01 1.635968e-01 1.625586e-01 1.637944e-01 1.632912e-01 1.652929e-01 1.647205e-01 1.637409e-01 1.673250e-01 1.655318e-01 1.652824e-01 1.629710e-01 1.627822e-01 1.646394e-01 1.616434e-01 1.654574e-01 1.614523e-01 1.624493e-01 
24 337 1.611103e-01 0 0 1.593232e-01 1.577707e-01 1.569919e-01 1.574608e-01 1.588077e-01 1.600223e-01 1.609178e-01 1.582275e-01 1.591831e-01 1.578094e-01 1.594716e-01 1.586208e-01 1.599391e-01 1.611862e-01 1.592174e-01 1.556672e-01 1.580999e-01 1.593247e-01 1.577499e-01 1.591378e-01 1.584586e-01 1.604487e-01 1.597661e-01 1.589368e-01 1.622289e-01 1.604103e-01 1.603053e-01 1.582042e-01 1.581364e-01 1.594894e-01 1.569125e-01 1.606809e-01 1.563936e-01 1.577529e-01 
25 351 1.543164e-01 0 0 1.526950e-01 1.507605e-01 1.501681e-01 1.507242e-01 1.519058e-01 1.531371e-01 1.538881e-01 1.513137e-01 1.523599e-01 1.509322e-01 1.525435e-01 1.516495e-01 1.530365e-01 1.542081e-01 1.525227e-01 1.489565e-01 1.512054e-01 1.525475e-01 1.509525e-01 1.522892e-01 1.516689e-01 1.536418e-01 1.530791e-01 1.522361e-01 1.557947e-01 1.532679e-01 1.534747e-01 1.513201e-01 1.512859e-01 1.526506e-01 1.501635e-01 1.537142e-01 1.497891e-01 1.509997e-01 
26 365 1.489171e-01 0 0 1.472678e-01 1.452371e-01 1.453605e-01 1.451591e-01 1.463777e-01 1.476898e-01 1.488705e-01 1.461059e-01 1.468781e-01 1.453172e-01 1.471049e-01 1.460777e-01 1.475302e-01 1.486907e-01 1.470203e-01 1.445902e-01 1.458865e-01 1.470179e-01 1.453423e-01 1.470979e-01 1.461086e-01 1.481620e-01 1.477583e-01 1.467728e-01 1.501925e-01 1.476810e-01 1.479609e-01 1.459205e-01 1.457529e-01 1.471385e-01 1.446615e-01 1.481208e-01 1.443468e-01 1.457396e-01 
27 379 1.436291e-01 0 0 1.418998e-01 1.397823e-01 1.400701e-01 1.397945e-01 1.410730e-01 1.426183e-01 1.436767e-01 1.407161e-01 1.415023e-01 1.400281e-01 1.417164e-01 1.405966e-01 1.423877e-01 1.431828e-01 1.415902e-01 1.397123e-01 1.406168e-01 1.416531e-01 1.398785e-01 1.417067e-01 1.408435e-01 1.428386e-01 1.422243e-01 1.413626e-01 1.448538e-01 1.423681e-01 1.427915e-01 1.407204e-01 1.404590e-01 1.418066e-01 1.392527e-01 1.425759e-01 1.390001e-01 1.402875e-01 
28 393 1.933576e-01 0 0 1.907266e-01 1.880862e-01 1.884996e-01 1.879825e-01 1.897157e-01 1.918555e-01 1.933612e-01 1.893005e-01 1.900948e-01 1.882139e-01 1.914231e-01 1.893340e-01 1.926659e-01 1.925435e-01 1.905370e-01 1.883974e-01 1.889415e-01 1.906361e-01 1.879040e-01 1.905463e-01 1.896387e-01 1.919863e-01 1.915841e-01 1.900715e-01 1.947537e-01 1.912956e-01 1.919842e-01 1.893591e-01 1.891039e-01 1.905085e-01 1.871248e-01 1.919478e-01 1.871771e-01 1.886723e-01 
29 407 1.900543e-01 0 0 1.876002e-01 1.845746e-01 1.853039e-01 1.843773e-01 1.861266e-01 1.883109e-01 1.897269e-01 1.857964e-01 1.870647e-01 1.850097e-01 1.880336e-01 1.861316e-01 1.890617e-01 1.898028e-01 1.872203e-01 1.852581e-01 1.854434e-01 1.873441e-01 1.843456e-01 1.873577e-01 1.870340e-01 1.887094e-01 1.892334e-01 1.866897e-01 1.912546e-01 1.882043e-01 1.887472e-01 1.860765e-01 1.856118e-01 1.868371e-01 1.837315e-01 1.888797e-01 1.836024e-01 1.854321e-01 
30 421 1.850279e-01 0 0 1.827696e-01 1.794732e-01 1.803194e-01 1.792086e-01 1.809383e-01 1.832750e-01 1.846305e-01 1.806491e-01 1.823370e-01 1.798943e-01 1.832533e-01 1.810796e-01 1.838411e-01 1.849512e-01 1.820485e-01 1.802838e-01 1.803223e-01 1.821497e-01 1.791610e-01 1.821271e-01 1.824707e-01 1.834506e-01 1.843125e-01 1.817722e-01 1.857899e-01 1.831723e-01 1.833866e-01 1.809076e-01 1.808312e-01 1.820728e-01 1.790604e-01 1.837032e-01 1.785221e-01 1.803297e-01 
31 435 1.804073e-01 0 0 1.778605e-01 1.751429e-01 1.754613e-01 1.745213e-01 1.761289e-01 1.782769e-01 1.800413e-01 1.764597e-01 1.780868e-01 1.753720e-01 1.785012e-01 1.761423e-01 1.789811e-01 1.801253e-01 1.772660e-01 1.755662e-01 1.755389e-01 1.775195e-01 1.744599e-01 1.772355e-01 1.781605e-01 1.786017e-01 1.796746e-01 1.773494e-01 1.808366e-01 1.784975e-01 1.785470e-01 1.760375e-01 1.763092e-01 1.770830e-01 1.741462e-01 1.789094e-01 1.738767e-01 1.754751e-01 
32 449 1.782907e-01 0 0 1.760348e-01 1.727350e-01 1.739226e-01 1.724893e-01 1.738101e-01 1.757935e-01 1.787085e-01 1.741027e-01 1.758455e-01 1.735320e-01 1.760894e-01 1.743196e-01 1.764596e-01 1.776599e-01 1.749153e-01 1.732532e-01 1.733646e-01 1.751925e-01 1.720428e-01 1.749523e-01 1.760408e-01 1.762063e-01 1.777396e-01 1.753672e-01 1.785247e-01 1.767151e-01 1.761877e-01 1.738664e-01 1.739018e-01 1.747535e-01 1.719724e-01 1.765782e-01 1.715968e-01 1.731650e-01 
33 463 1.735762e-01 0 0 1.711867e-01 1.678432e-01 1.691215e-01 1.678051e-01 1.691229e-01 1.710734e-01 1.740719e-01 1.696705e-01 1.714007e-01 1.688460e-01 1.714715e-01 1.695142e-01 1.716509e-01 1.727553e-01 1.702336e-01 1.684925e-01 1.686704e-01 1.704211e-01 1.673454e-01 1.701331e-01 1.714183e-01 1.715156e-01 1.730286e-01 1.707662e-01 1.735150e-01 1.718883e-01 1.716057e-01 1.692142e-01 1.693275e-01 1.697682e-01 1.673224e-01 1.716623e-01 1.667286e-01 1.683058e-01 
34 477 1.683826e-01 0 0 1.660130e-01 1.628909e-01 1.637513e-01 1.625949e-01 1.636567e-01 1.655614e-01 1.688420e-01 1.644753e-01 1.660279e-01 1.635015e-01 1.661122e-01 1.642733e-01 1.661462e-01 1.675128e-01 1.664076e-01 1.633784e-01 1.634046e-01 1.650231e-01 1.620884e-01 1.649624e-01 1.662127e-01 1.663763e-01 1.677886e-01 1.655388e-01 1.681082e-01 1.665125e-01 1.662516e-01 1.639203e-01 1.640527e-01 1.644647e-01 1.624082e-01 1.666137e-01 1.617405e-01 1.628954e-01 
35 491 1.634298e-01 0 0 1.611383e-01 1.578930e-01 1.593258e-01 1.577953e-01 1.584859e-01 1.605472e-01 1.639257e-01 1.593774e-01 1.619299e-01 1.586814e-01 1.609129e-01 1.591565e-01 1.608999e-01 1.623867e-01 1.615460e-01 1.583745e-01 1.583945e-01 1.598534e-01 1.570373e-01 1.600414e-01 1.611018e-01 1.614409e-01 1.627253e-01 1.604504e-01 1.631732e-01 1.612070e-01 1.613259e-01 1.587149e-01 1.590931e-01 1.595549e-01 1.575155e-01 1.614216e-01 1.568663e-01 1.578427e-01 
36 505 1.568625e-01 0 0 1.543129e-01 1.516740e-01 1.528203e-01 1.515795e-01 1.518649e-01 1.545162e-01 1.569901e-01 1.526654e-01 1.560033e-01 1.523040e-01 1.541568e-01 1.525640e-01 1.542277e-01 1.558486e-01 1.551631e-01 1.521402e-01 1.519953e-01 1.533783e-01 1.505432e-01 1.533623e-01 1.544865e-01 1.546889e-01 1.560102e-01 1.538218e-01 1.563022e-01 1.546803e-01 1.547935e-01 1.522119e-01 1.524604e-01 1.529705e-01 1.510691e-01 1.548505e-01 1.507076e-01 1.511822e-01 
37 519 2.094012e-01 0 0 2.057742e-01 2.025884e-01 2.043255e-01 2.025296e-01 2.023365e-01 2.061625e-01 2.091922e-01 2.038272e-01 2.082995e-01 2.037113e-01 2.056409e-01 2.033710e-01 2.055808e-01 2.081565e-01 2.069575e-01 2.033468e-01 2.026414e-01 2.044442e-01 2.006564e-01 2.043010e-01 2.062743e-01 2.068256e-01 2.079607e-01 2.049597e-01 2.084679e-01 2.063826e-01 2.061496e-01 2.030595e-01 2.030122e-01 2.038218e-01 2.015349e-01 2.063161e-01 2.010349e-01 2.014911e-01 
38 533 2.043900e-01 0 0 2.009220e-01 1.982009e-01 1.996868e-01 1.973058e-01 1.987912e-01 2.009133e-01 2.040065e-01 1.986038e-01 2.029114e-01 1.985288e-01 2.003603e-01 1.983079e-01 2.002912e-01 2.031311e-01 2.022003e-01 1.981958e-01 1.982736e-01 1.996936e-01 1.964090e-01 1.990546e-01 2.012264e-01 2.021778e-01 2.026501e-01 1.997400e-01 2.032424e-01 2.012260e-01 2.009990e-01 1.979698e-01 1.977857e-01 1.984637e-01 1.967168e-01 2.012792e-01 1.962590e-01 1.966807e-01 
39 547 2.001809e-01 0 0 1.968986e-01 1.945450e-01 1.952548e-01 1.933455e-01 1.944299e-01 1.968604e-01 2.002780e-01 1.942221e-01 1.982876e-01 1.944696e-01 1.960231e-01 1.943582e-01 1.959949e-01 1.986678e-01 1.981300e-01 1.937873e-01 1.945373e-01 1.956965e-01 1.922559e-01 1.946726e-01 1.972581e-01 1.987840e-01 1.982829e-01 1.961766e-01 1.989750e-01 1.967919e-01 1.966946e-01 1.935944e-01 1.933745e-01 1.943631e-01 1.925488e-01 1.967381e-01 1.923296e-01 1.924558e-01 
40 561 1.930560e-01 0 0 1.894756e-01 1.873444e-01 1.886802e-01 1.861335e-01 1.874650e-01 1.893875e-01 1.929196e-01 1.875504e-01 1.913424e-01 1.872615e-01 1.887852e-01 1.872023e-01 1.887155e-01 1.916933e-01 1.908534e-01 1.866909e-01 1.877159e-01 1.886343e-01 1.853102e-01 1.875674e-01 1.902484e-01 1.913998e-01 1.909234e-01 1.895656e-01 1.919193e-01 1.896972e-01 1.894856e-01 1.863780e-01 1.861198e-01 1.872509e-01 1.858302e-01 1.897075e-01 1.853064e-01 1.855701e-01 
41 575 1.871209e-01 0 0 1.835607e-01 1.814816e-01 1.827387e-01 1.803683e-01 1.822130e-01 1.835468e-01 1.869846e-01 1.815085e-01 1.852567e-01 1.812098e-01 1.831221e-01 1.815280e-01 1.827571e-01 1.853864e-01 1.849669e-01 1.807414e-01 1.820706e-01 1.826993e-01 1.792843e-01 1.814973e-01 1.843844e-01 1.852341e-01 1.849920e-01 1.837238e-01 1.858485e-01 1.839406e-01 1.834678e-01 1.804179e-01 1.800006e-01 1.813827e-01 1.800167e-01 1.836299e-01 1.794885e-01 1.797445e-01 
42 589 1.813806e-01 0 0 1.775414e-01 1.758691e-01 1.769203e-01 1.746448e-01 1.766427e-01 1.776952e-01 1.809424e-01 1.758365e-01 1.793466e-01 1.754864e-01 1.771563e-01 1.756981e-01 1.768487e-01 1.794342e-01 1.793381e-01 1.751084e-01 1.764718e-01 1.771387e-01 1.735084e-01 1.758484e-01 1.785561e-01 1.794653e-01 1.792465e-01 1.778826e-01 1.798854e-01 1.783889e-01 1.774938e-01 1.746596e-01 1.742621e-01 1.757929e-01 1.742101e-01 1.778918e-01 1.736251e-01 1.740611e-01 
43 603 1.786621e-01 0 0 1.750839e-01 1.728658e-01 1.743516e-01 1.720505e-01 1.741322e-01 1.748800e-01 1.780444e-01 1.732482e-01 1.766749e-01 1.733171e-01 1.741234e-01 1.728778e-01 1.739540e-01 1.764136e-01 1.767600e-01 1.723715e-01 1.735459e-01 1.741244e-01 1.708291e-01 1.730766e-01 1.756561e-01 1.766859e-01 1.763497e-01 1.754362e-01 1.770938e-01 1.757689e-01 1.753463e-01 1.728345e-01 1.714903e-01 1.729003e-01 1.722438e-01 1.754468e-01 1.708675e-01 1.712890e-01 
44 617 1.746458e-01 0 0 1.710572e-01 1.687872e-01 1.706804e-01 1.680360e-01 1.702602e-01 1.707298e-01 1.737838e-01 1.692181e-01 1.723110e-01 1.691828e-01 1.701899e-01 1.687825e-01 1.697596e-01 1.722158e-01 1.729303e-01 1.690516e-01 1.695963e-01 1.701820e-01 1.673805e-01 1.690347e-01 1.716051e-01 1.727680e-01 1.722055e-01 1.712503e-01 1.732114e-01 1.720716e-01 1.713004e-01 1.689357e-01 1.673230e-01 1.690887e-01 1.686581e-01 1.713193e-01 1.667910e-01 1.675555e-01 
45 631 1.676564e-01 0 0 1.639353e-01 1.621334e-01 1.636735e-01 1.617167e-01 1.636022e-01 1.637557e-01 1.669714e-01 1.621458e-01 1.652233e-01 1.621779e-01 1.633249e-01 1.624492e-01 1.626696e-01 1.650864e-01 1.658667e-01 1.624798e-01 1.626693e-01 1.635164e-01 1.607803e-01 1.620577e-01 1.645468e-01 1.656304e-01 1.650251e-01 1.641785e-01 1.660695e-01 1.650740e-01 1.645745e-01 1.620386e-01 1.604104e-01 1.626657e-01 1.615548e-01 1.642561e-01 1.597875e-01 1.606124e-01 
46 645 1.630771e-01 0 0 1.594410e-01 1.575984e-01 1.591639e-01 1.571821e-01 1.590544e-01 1.589864e-01 1.624440e-01 1.574599e-01 1.607117e-01 1.575454e-01 1.588344e-01 1.578022e-01 1.580910e-01 1.602972e-01 1.610716e-01 1.580058e-01 1.579681e-01 1.589184e-01 1.562076e-01 1.579846e-01 1.597351e-01 1.610470e-01 1.602254e-01 1.594320e-01 1.613293e-01 1.608085e-01 1.600004e-01 1.573344e-01 1.557321e-01 1.584869e-01 1.570627e-01 1.595898e-01 1.551284e-01 1.561831e-01 
47 659 1.626467e-01 0 0 1.587503e-01 1.571242e-01 1.586019e-01 1.567350e-01 1.587910e-01 1.585997e-01 1.620759e-01 1.568241e-01 1.600881e-01 1.571489e-01 1.580367e-01 1.571164e-01 1.574953e-01 1.596126e-01 1.605615e-01 1.573791e-01 1.579361e-01 1.582866e-01 1.561172e-01 1.572946e-01 1.591765e-01 1.603963e-01 1.597968e-01 1.588077e-01 1.606985e-01 1.603079e-01 1.601112e-01 1.573200e-01 1.551697e-01 1.581206e-01 1.564640e-01 1.593043e-01 1.543867e-01 1.563551e-01 
48 673 1.621577e-01 0 0 1.580819e-01 1.564746e-01 1.579147e-01 1.563209e-01 1.581988e-01 1.579649e-01 1.614685e-01 1.561870e-01 1.594582e-01 1.566575e-01 1.575973e-01 1.569610e-01 1.567455e-01 1.588348e-01 1.602263e-01 1.568834e-01 1.572102e-01 1.575602e-01 1.558367e-01 1.567600e-01 1.585005e-01 1.601506e-01 1.590800e-01 1.581225e-01 1.599213e-01 1.600709e-01 1.597094e-01 1.568439e-01 1.546352e-01 1.577431e-01 1.564860e-01 1.586156e-01 1.539933e-01 1.557016e-01 
49 687 1.604970e-01 0 0 1.561970e-01 1.547340e-01 1.561643e-01 1.546439e-01 1.563567e-01 1.564776e-01 1.602857e-01 1.545903e-01 1.579028e-01 1.549420e-01 1.560004e-01 1.550830e-01 1.552600e-01 1.571286e-01 1.586766e-01 1.553149e-01 1.552865e-01 1.560542e-01 1.543588e-01 1.552895e-01 1.570028e-01 1.585592e-01 1.573980e-01 1.562458e-01 1.580306e-01 1.582893e-01 1.581509e-01 1.554722e-01 1.533975e-01 1.559963e-01 1.548551e-01 1.567977e-01 1.522206e-01 1.538353e-01 
50 701 1.594348e-01 0 0 1.556797e-01 1.535512e-01 1.548580e-01 1.544903e-01 1.552148e-01 1.554115e-01 1.592192e-01 1.533370e-01 1.567185e-01 1.539170e-01 1.546290e-01 1.539229e-01 1.539963e-01 1.559033e-01 1.575552e-01 1.540123e-01 1.541501e-01 1.554104e-01 1.533619e-01 1.539770e-01 1.556574e-01 1.574061e-01 1.562411e-01 1.556008e-01 1.566854e-01 1.578375e-01 1.576206e-01 1.545582e-01 1.522798e-01 1.548418e-01 1.537566e-01 1.557257e-01 1.513212e-01 1.527815e-01 
51 715 2.179763e-01 0 0 2.124047e-01 2.100766e-01 2.114262e-01 2.108096e-01 2.120715e-01 2.129952e-01 2.174364e-01 2.092714e-01 2.141167e-01 2.103846e-01 2.119663e-01 2.103462e-01 2.102681e-01 2.128526e-01 2.149573e-01 2.102552e-01 2.108820e-01 2.128766e-01 2.099954e-01 2.104572e-01 2.127357e-01 2.150163e-01 2.133464e-01 2.128187e-01 2.138762e-01 2.154464e-01 2.153551e-01 2.111355e-01 2.079923e-01 2.117594e-01 2.104477e-01 2.126444e-01 2.066489e-01 2.084071e-01 
52 729 2.141413e-01 0 0 2.085333e-01 2.060035e-01 2.077409e-01 2.075282e-01 2.078662e-01 2.087394e-01 2.133856e-01 2.052778e-01 2.102992e-01 2.067108e-01 2.079101e-01 2.073141e-01 2.062410e-01 2.094726e-01 2.107918e-01 2.064166e-01 2.074965e-01 2.090955e-01 2.068160e-01 2.065410e-01 2.087432e-01 2.109492e-01 2.091735e-01 2.088761e-01 2.096472e-01 2.112546e-01 2.112663e-01 2.071343e-01 2.041820e-01 2.079228e-01 2.063113e-01 2.093215e-01 2.027810e-01 2.050203e-01 
53 743 2.081625e-01 0 0 2.030549e-01 2.005314e-01 2.023986e-01 2.013913e-01 2.018087e-01 2.028494e-01 2.073682e-01 1.991444e-01 2.043198e-01 2.012819e-01 2.023294e-01 2.014668e-01 2.003722e-01 2.033096e-01 2.047513e-01 2.004744e-01 2.013673e-01 2.038865e-01 2.011768e-01 2.007224e-01 2.024768e-01 2.048757e-01 2.033692e-01 2.032849e-01 2.039042e-01 2.051723e-01 2.053828e-01 2.012175e-01 1.982391e-01 2.023333e-01 2.004663e-01 2.031639e-01 1.969044e-01 1.992209e-01 
54 757 2.023175e-01 0 0 1.971341e-01 1.948912e-01 1.970453e-01 1.956847e-01 1.958255e-01 1.967092e-01 2.015915e-01 1.936028e-01 1.986423e-01 1.956704e-01 1.971763e-01 1.954332e-01 1.946848e-01 1.974296e-01 1.986396e-01 1.947398e-01 1.961168e-01 1.980574e-01 1.957842e-01 1.948021e-01 1.963096e-01 1.987050e-01 1.981977e-01 1.977883e-01 1.979430e-01 1.990862e-01 1.999394e-01 1.954973e-01 1.924778e-01 1.964766e-01 1.944311e-01 1.972914e-01 1.912644e-01 1.932334e-01 
55 771 1.995195e-01 0 0 1.940071e-01 1.922483e-01 1.944629e-01 1.937963e-01 1.929277e-01 1.935256e-01 1.987912e-01 1.906713e-01 1.957973e-01 1.927237e-01 1.941045e-01 1.929607e-01 1.917838e-01 1.950296e-01 1.957274e-01 1.918421e-01 1.933777e-01 1.950417e-01 1.929872e-01 1.918421e-01 1.932559e-01 1.962249e-01 1.959027e-01 1.949449e-01 1.950534e-01 1.965333e-01 1.971927e-01 1.930238e-01 1.896886e-01 1.937404e-01 1.912929e-01 1.943034e-01 1.882163e-01 1.903565e-01 
56 785 1.966424e-01 0 0 1.908875e-01 1.895731e-01 1.917557e-01 1.912839e-01 1.897913e-01 1.907032e-01 1.959211e-01 1.875422e-01 1.926347e-01 1.897949e-01 1.910252e-01 1.903693e-01 1.889857e-01 1.921348e-01 1.937682e-01 1.887592e-01 1.902829e-01 1.918718e-01 1.898402e-01 1.888424e-01 1.904745e-01 1.935974e-01 1.931763e-01 1.922446e-01 1.927569e-01 1.939444e-01 1.940652e-01 1.901654e-01 1.868753e-01 1.905682e-01 1.882668e-01 1.914061e-01 1.853308e-01 1.872256e-01 
57 799 1.934249e-01 0 0 1.879969e-01 1.860826e-01 1.893194e-01 1.882792e-01 1.862640e-01 1.873436e-01 1.925493e-01 1.842419e-01 1.894042e-01 1.870897e-01 1.878300e-01 1.870308e-01 1.855299e-01 1.888638e-01 1.903547e-01 1.855865e-01 1.869884e-01 1.885564e-01 1.865701e-01 1.860253e-01 1.871220e-01 1.908609e-01 1.896953e-01 1.891838e-01 1.892005e-01 1.910166e-01 1.906239e-01 1.869066e-01 1.838391e-01 1.872057e-01 1.851295e-01 1.880020e-01 1.830313e-01 1.838936e-01 
58 813 1.888654e-01 0 0 1.833288e-01 1.815729e-01 1.853071e-01 1.839081e-01 1.819075e-01 1.826409e-01 1.877840e-01 1.795640e-01 1.854463e-01 1.824783e-01 1.836784e-01 1.826347e-01 1.809271e-01 1.848082e-01 1.859524e-01 1.810926e-01 1.823895e-01 1.848271e-01 1.819372e-01 1.814168e-01 1.825680e-01 1.863889e-01 1.849975e-01 1.847140e-01 1.843507e-01 1.865845e-01 1.864435e-01 1.821741e-01 1.796709e-01 1.825826e-01 1.807484e-01 1.833117e-01 1.785254e-01 1.793785e-01 
59 827 1.850081e-01 0 0 1.794354e-01 1.777576e-01 1.822250e-01 1.801207e-01 1.777662e-01 1.789037e-01 1.836968e-01 1.755459e-01 1.813697e-01 1.786468e-01 1.796539e-01 1.785087e-01 1.768972e-01 1.809672e-01 1.817790e-01 1.774344e-01 1.783813e-01 1.810083e-01 1.781261e-01 1.774250e-01 1.787955e-01 1.832488e-01 1.810304e-01 1.809503e-01 1.803282e-01 1.827769e-01 1.825661e-01 1.780335e-01 1.762067e-01 1.790729e-01 1.766763e-01 1.796034e-01 1.745151e-01 1.754454e-01 
60 841 1.810233e-01 0 0 1.752526e-01 1.738143e-01 1.782694e-01 1.759792e-01 1.737138e-01 1.748408e-01 1.800957e-01 1.715887e-01 1.773733e-01 1.745410e-01 1.755291e-01 1.747514e-01 1.740202e-01 1.767480e-01 1.775846e-01 1.734322e-01 1.742442e-01 1.769954e-01 1.745730e-01 1.732639e-01 1.745046e-01 1.794905e-01 1.769696e-01 1.769020e-01 1.762590e-01 1.788929e-01 1.784530e-01 1.742858e-01 1.722563e-01 1.752045e-01 1.728726e-01 1.755004e-01 1.709650e-01 1.715089e-01 
61 855 1.796258e-01 0 0 1.738366e-01 1.721686e-01 1.768576e-01 1.743226e-01 1.725690e-01 1.732927e-01 1.785618e-01 1.700846e-01 1.762536e-01 1.731905e-01 1.741117e-01 1.732574e-01 1.731394e-01 1.755958e-01 1.759844e-01 1.719541e-01 1.725688e-01 1.753501e-01 1.729255e-01 1.717786e-01 1.732760e-01 1.783521e-01 1.754771e-01 1.752932e-01 1.745824e-01 1.774345e-01 1.769029e-01 1.741362e-01 1.708020e-01 1.741530e-01 1.721621e-01 1.738308e-01 1.697855e-01 1.698477e-01 
62 869 1.786870e-01 0 0 1.729291e-01 1.711548e-01 1.759090e-01 1.735866e-01 1.716345e-01 1.720736e-01 1.774399e-01 1.690512e-01 1.754331e-01 1.721798e-01 1.731521e-01 1.727235e-01 1.722254e-01 1.747342e-01 1.746401e-01 1.709761e-01 1.712987e-01 1.740662e-01 1.726316e-01 1.705645e-01 1.720168e-01 1.774313e-01 1.745149e-01 1.742423e-01 1.734867e-01 1.762952e-01 1.760350e-01 1.733813e-01 1.695428e-01 1.733927e-01 1.710742e-01 1.728424e-01 1.685818e-01 1.687228e-01 
63 883 1.788927e-01 0 0 1.732162e-01 1.712619e-01 1.761535e-01 1.735620e-01 1.718254e-01 1.721657e-01 1.773977e-01 1.693425e-01 1.766905e-01 1.722934e-01 1.731030e-01 1.728223e-01 1.724991e-01 1.748812e-01 1.746209e-01 1.708121e-01 1.713083e-01 1.741435e-01 1.725643e-01 1.703966e-01 1.718183e-01 1.777134e-01 1.749543e-01 1.744104e-01 1.744606e-01 1.762975e-01 1.761862e-01 1.736581e-01 1.697327e-01 1.739881e-01 1.710045e-01 1.730637e-01 1.686695e-01 1.686574e-01 
64 897 1.768694e-01 0 0 1.711750e-01 1.691263e-01 1.742263e-01 1.715011e-01 1.697855e-01 1.700687e-01 1.751947e-01 1.671438e-01 1.746723e-01 1.703212e-01 1.712802e-01 1.711050e-01 1.706465e-01 1.725293e-01 1.728912e-01 1.686462e-01 1.690349e-01 1.726804e-01 1.704538e-01 1.683149e-01 1.696820e-01 1.753148e-01 1.728566e-01 1.722077e-01 1.723381e-01 1.742581e-01 1.739060e-01 1.716464e-01 1.675163e-01 1.720265e-01 1.690891e-01 1.709373e-01 1.668041e-01 1.663968e-01 
65 911 1.742838e-01 0 0 1.684368e-01 1.673471e-01 1.715147e-01 1.687945e-01 1.670525e-01 1.674094e-01 1.726167e-01 1.648398e-01 1.721739e-01 1.676611e-01 1.686590e-01 1.689148e-01 1.679755e-01 1.699666e-01 1.701914e-01 1.658266e-01 1.664358e-01 1.702729e-01 1.675910e-01 1.655473e-01 1.670576e-01 1.725535e-01 1.704900e-01 1.695599e-01 1.695720e-01 1.715139e-01 1.712446e-01 1.695610e-01 1.647471e-01 1.693842e-01 1.663350e-01 1.687280e-01 1.640566e-01 1.636125e-01 
66 925 1.742526e-01 0 0 1.682209e-01 1.672331e-01 1.714318e-01 1.690186e-01 1.667357e-01 1.672162e-01 1.724740e-01 1.650941e-01 1.720418e-01 1.678225e-01 1.683992e-01 1.690929e-01 1.679555e-01 1.696964e-01 1.705488e-01 1.655022e-01 1.663134e-01 1.709794e-01 1.673904e-01 1.654615e-01 1.668201e-01 1.722069e-01 1.705771e-01 1.695792e-01 1.694036e-01 1.712550e-01 1.711755e-01 1.700191e-01 1.647723e-01 1.692026e-01 1.662601e-01 1.683061e-01 1.651520e-01 1.633248e-01 
67 939 1.704960e-01 0 0 1.646187e-01 1.635267e-01 1.678593e-01 1.651445e-01 1.630446e-01 1.634098e-01 1.688699e-01 1.613043e-01 1.679973e-01 1.646412e-01 1.644277e-01 1.655896e-01 1.642888e-01 1.656442e-01 1.670346e-01 1.617248e-01 1.625662e-01 1.672563e-01 1.645044e-01 1.619947e-01 1.629106e-01 1.681169e-01 1.668438e-01 1.656800e-01 1.658495e-01 1.673537e-01 1.675228e-01 1.667990e-01 1.609762e-01 1.652966e-01 1.623481e-01 1.644484e-01 1.623579e-01 1.595556e-01 
68 953 1.649397e-01 0 0 1.590224e-01 1.583011e-01 1.623898e-01 1.594075e-01 1.574609e-01 1.578085e-01 1.633026e-01 1.561261e-01 1.622858e-01 1.593801e-01 1.587519e-01 1.601167e-01 1.586667e-01 1.603500e-01 1.614797e-01 1.562611e-01 1.569917e-01 1.618883e-01 1.590884e-01 1.566190e-01 1.573086e-01 1.623508e-01 1.613308e-01 1.601540e-01 1.604130e-01 1.625961e-01 1.618288e-01 1.612865e-01 1.555375e-01 1.596461e-01 1.566900e-01 1.588260e-01 1.567271e-01 1.540079e-01 
69 967 1.604786e-01 0 0 1.544675e-01 1.538544e-01 1.581912e-01 1.547925e-01 1.529531e-01 1.532469e-01 1.586934e-01 1.518563e-01 1.581483e-01 1.550475e-01 1.543646e-01 1.560473e-01 1.542190e-01 1.560447e-01 1.569360e-01 1.518885e-01 1.527773e-01 1.574345e-01 1.548123e-01 1.521591e-01 1.528247e-01 1.576298e-01 1.568087e-01 1.554860e-01 1.565676e-01 1.583141e-01 1.576403e-01 1.567756e-01 1.510739e-01 1.556221e-01 1.524054e-01 1.542888e-01 1.523152e-01 1.495103e-01 
70 981 1.563821e-01 0 0 1.502791e-01 1.504196e-01 1.538790e-01 1.507895e-01 1.489184e-01 1.492898e-01 1.546322e-01 1.476619e-01 1.538901e-01 1.509414e-01 1.504880e-01 1.517636e-01 1.503483e-01 1.521835e-01 1.528054e-01 1.477462e-01 1.486197e-01 1.536987e-01 1.509166e-01 1.481571e-01 1.486977e-01 1.536112e-01 1.525763e-01 1.517174e-01 1.525289e-01 1.540186e-01 1.535602e-01 1.525615e-01 1.469531e-01 1.515070e-01 1.482259e-01 1.502071e-01 1.480893e-01 1.454757e-01 
71 995 1.529113e-01 0 0 1.466783e-01 1.475777e-01 1.502506e-01 1.472650e-01 1.455108e-01 1.457317e-01 1.511630e-01 1.447447e-01 1.504514e-01 1.475078e-01 1.473467e-01 1.481909e-01 1.468563e-01 1.487365e-01 1.493276e-01 1.442270e-01 1.451413e-01 1.502698e-01 1.479821e-01 1.455086e-01 1.450911e-01 1.500235e-01 1.489574e-01 1.483248e-01 1.490251e-01 1.503736e-01 1.499496e-01 1.487920e-01 1.435178e-01 1.480902e-01 1.447539e-01 1.470249e-01 1.446324e-01 1.426334e-01 
72 1009 1.467589e-01 0 0 1.407089e-01 1.414904e-01 1.442690e-01 1.410902e-01 1.393463e-01 1.395778e-01 1.451591e-01 1.386988e-01 1.443097e-01 1.412662e-01 1.412908e-01 1.420619e-01 1.407209e-01 1.428014e-01 1.431222e-01 1.386136e-01 1.391085e-01 1.443576e-01 1.421202e-01 1.398321e-01 1.389786e-01 1.436801e-01 1.427043e-01 1.421956e-01 1.429951e-01 1.439743e-01 1.437554e-01 1.428172e-01 1.374212e-01 1.422505e-01 1.395492e-01 1.414030e-01 1.387147e-01 1.370385e-01 
73 1023 1.413661e-01 0 0 1.357556e-01 1.363243e-01 1.388148e-01 1.359181e-01 1.343543e-01 1.345258e-01 1.396631e-01 1.333077e-01 1.387404e-01 1.358052e-01 1.361655e-01 1.366811e-01 1.356449e-01 1.373402e-01 1.379274e-01 1.332920e-01 1.338541e-01 1.388587e-01 1.368549e-01 1.346094e-01 1.335996e-01 1.381619e-01 1.371411e-01 1.370769e-01 1.377055e-01 1.385224e-01 1.382620e-01 1.374552e-01 1.323851e-01 1.369840e-01 1.343573e-01 1.359796e-01 1.334477e-01 1.318769e-01 
74 1037 1.368960e-01 0 0 1.313023e-01 1.318478e-01 1.342416e-01 1.312882e-01 1.298670e-01 1.304381e-01 1.351022e-01 1.289148e-01 1.342164e-01 1.312811e-01 1.320917e-01 1.323398e-01 1.313044e-01 1.330938e-01 1.333694e-01 1.290042e-01 1.293785e-01 1.345146e-01 1.329165e-01 1.302604e-01 1.291603e-01 1.335060e-01 1.327800e-01 1.325215e-01 1.335020e-01 1.341701e-01 1.337446e-01 1.337221e-01 1.280655e-01 1.325633e-01 1.298691e-01 1.317149e-01 1.291202e-01 1.274402e-01 
75 1051 1.318185e-01 0 0 1.264199e-01 1.267493e-01 1.294942e-01 1.265528e-01 1.250424e-01 1.253556e-01 1.301244e-01 1.239880e-01 1.289964e-01 1.261755e-01 1.270221e-01 1.274554e-01 1.262448e-01 1.279195e-01 1.281845e-01 1.240640e-01 1.246185e-01 1.293532e-01 1.278225e-01 1.255198e-01 1.241174e-01 1.285574e-01 1.276636e-01 1.273472e-01 1.286097e-01 1.289364e-01 1.287861e-01 1.287629e-01 1.235178e-01 1.276107e-01 1.252224e-01 1.267940e-01 1.240755e-01 1.230736e-01 
76 1065 1.314075e-01 0 0 1.258969e-01 1.263647e-01 1.299789e-01 1.259867e-01 1.246415e-01 1.248934e-01 1.295869e-01 1.233557e-01 1.283876e-01 1.259981e-01 1.263693e-01 1.268614e-01 1.257131e-01 1.281152e-01 1.278460e-01 1.235009e-01 1.248072e-01 1.289046e-01 1.272095e-01 1.251151e-01 1.235356e-01 1.282554e-01 1.271781e-01 1.268678e-01 1.279234e-01 1.284580e-01 1.281719e-01 1.285037e-01 1.229791e-01 1.270048e-01 1.252660e-01 1.266236e-01 1.236857e-01 1.227503e-01 
77 1079 1.282033e-01 0 0 1.227213e-01 1.232115e-01 1.269012e-01 1.229522e-01 1.215893e-01 1.216136e-01 1.262506e-01 1.201329e-01 1.250154e-01 1.227444e-01 1.230611e-01 1.235288e-01 1.227286e-01 1.247916e-01 1.245046e-01 1.203421e-01 1.216415e-01 1.256055e-01 1.239604e-01 1.217824e-01 1.208922e-01 1.250173e-01 1.238000e-01 1.235746e-01 1.247753e-01 1.251459e-01 1.248507e-01 1.253866e-01 1.201055e-01 1.237474e-01 1.222471e-01 1.233160e-01 1.204613e-01 1.199232e-01 
78 1093 1.756714e-01 0 0 1.677682e-01 1.691439e-01 1.742439e-01 1.688131e-01 1.663441e-01 1.663964e-01 1.734890e-01 1.649401e-01 1.709039e-01 1.685776e-01 1.689856e-01 1.690403e-01 1.679447e-01 1.708762e-01 1.705880e-01 1.647557e-01 1.671103e-01 1.728670e-01 1.700075e-01 1.668958e-01 1.659790e-01 1.714277e-01 1.693889e-01 1.692167e-01 1.709640e-01 1.711089e-01 1.707659e-01 1.714245e-01 1.652471e-01 1.696828e-01 1.676607e-01 1.687155e-01 1.651568e-01 1.644502e-01 
79 1107 1.739201e-01 0 0 1.659944e-01 1.676011e-01 1.726801e-01 1.670046e-01 1.646062e-01 1.649305e-01 1.716120e-01 1.630372e-01 1.693715e-01 1.667737e-01 1.671196e-01 1.673347e-01 1.660528e-01 1.689693e-01 1.685636e-01 1.630190e-01 1.659279e-01 1.708762e-01 1.679453e-01 1.650097e-01 1.640643e-01 1.694326e-01 1.673245e-01 1.675134e-01 1.694357e-01 1.693788e-01 1.693202e-01 1.694957e-01 1.641538e-01 1.684358e-01 1.658639e-01 1.667769e-01 1.636932e-01 1.629670e-01 
80 1121 1.704109e-01 0 0 1.625012e-01 1.639900e-01 1.691912e-01 1.634929e-01 1.612906e-01 1.614366e-01 1.678495e-01 1.595542e-01 1.661944e-01 1.633022e-01 1.636440e-01 1.638123e-01 1.627909e-01 1.653636e-01 1.651304e-01 1.595855e-01 1.625057e-01 1.671691e-01 1.641810e-01 1.615746e-01 1.604554e-01 1.662166e-01 1.639410e-01 1.638752e-01 1.658178e-01 1.658573e-01 1.658160e-01 1.658560e-01 1.611761e-01 1.650943e-01 1.623088e-01 1.631043e-01 1.600874e-01 1.593368e-01 
81 1135 1.652948e-01 0 0 1.575394e-01 1.590824e-01 1.639318e-01 1.587959e-01 1.563039e-01 1.563135e-01 1.628809e-01 1.546581e-01 1.613939e-01 1.583383e-01 1.584471e-01 1.587679e-01 1.577926e-01 1.601853e-01 1.600121e-01 1.545443e-01 1.574617e-01 1.620239e-01 1.590132e-01 1.566031e-01 1.553792e-01 1.608998e-01 1.588463e-01 1.586822e-01 1.610925e-01 1.605266e-01 1.606395e-01 1.606184e-01 1.566450e-01 1.600231e-01 1.571298e-01 1.581002e-01 1.552560e-01 1.544198e-01 
82 1149 1.572645e-01 0 0 1.496877e-01 1.511333e-01 1.560270e-01 1.508712e-01 1.485855e-01 1.483911e-01 1.551546e-01 1.469953e-01 1.537678e-01 1.506920e-01 1.503539e-01 1.512041e-01 1.504591e-01 1.525744e-01 1.519602e-01 1.467715e-01 1.495192e-01 1.540849e-01 1.517901e-01 1.488908e-01 1.476453e-01 1.527982e-01 1.508546e-01 1.509014e-01 1.530337e-01 1.526764e-01 1.525875e-01 1.529359e-01 1.489696e-01 1.519943e-01 1.492427e-01 1.503467e-01 1.475544e-01 1.468167e-01 
83 1163 1.490849e-01 0 0 1.416994e-01 1.429714e-01 1.479834e-01 1.428098e-01 1.407580e-01 1.407021e-01 1.468532e-01 1.391133e-01 1.457990e-01 1.428915e-01 1.425749e-01 1.430727e-01 1.424828e-01 1.445753e-01 1.444965e-01 1.390308e-01 1.414908e-01 1.458446e-01 1.439285e-01 1.411506e-01 1.404301e-01 1.448932e-01 1.427022e-01 1.429369e-01 1.452563e-01 1.446288e-01 1.446263e-01 1.447273e-01 1.410378e-01 1.443569e-01 1.412543e-01 1.422489e-01 1.397117e-01 1.390375e-01 
84 1177 1.451987e-01 0 0 1.377483e-01 1.390459e-01 1.441447e-01 1.388003e-01 1.369651e-01 1.371361e-01 1.429126e-01 1.355525e-01 1.419032e-01 1.392121e-01 1.387314e-01 1.394658e-01 1.385608e-01 1.406012e-01 1.414132e-01 1.351026e-01 1.375175e-01 1.418506e-01 1.403817e-01 1.373165e-01 1.367229e-01 1.409956e-01 1.388083e-01 1.395744e-01 1.412703e-01 1.406845e-01 1.407790e-01 1.408831e-01 1.372085e-01 1.406198e-01 1.374350e-01 1.385151e-01 1.361603e-01 1.356491e-01 
85 1191 1.955182e-01 0 0 1.852532e-01 1.871965e-01 1.938450e-01 1.864831e-01 1.842693e-01 1.846761e-01 1.922221e-01 1.826422e-01 1.908903e-01 1.873921e-01 1.868952e-01 1.879146e-01 1.863451e-01 1.890849e-01 1.904221e-01 1.816271e-01 1.847694e-01 1.905888e-01 1.890075e-01 1.846645e-01 1.837749e-01 1.896049e-01 1.864714e-01 1.875985e-01 1.898559e-01 1.890317e-01 1.892545e-01 1.901878e-01 1.846410e-01 1.890796e-01 1.848661e-01 1.865902e-01 1.831156e-01 1.824541e-01 
86 1205 1.893848e-01 0 0 1.794637e-01 1.815395e-01 1.875419e-01 1.808408e-01 1.788946e-01 1.786416e-01 1.858500e-01 1.766562e-01 1.846692e-01 1.815891e-01 1.806265e-01 1.818416e-01 1.800731e-01 1.829407e-01 1.843365e-01 1.756195e-01 1.787022e-01 1.846846e-01 1.829048e-01 1.786016e-01 1.778052e-01 1.833283e-01 1.804486e-01 1.817615e-01 1.839041e-01 1.831270e-01 1.832655e-01 1.842971e-01 1.786089e-01 1.833402e-01 1.786799e-01 1.810551e-01 1.773905e-01 1.763610e-01 
87 1219 1.854154e-01 0 0 1.763551e-01 1.777312e-01 1.832512e-01 1.769105e-01 1.753834e-01 1.748497e-01 1.824694e-01 1.727528e-01 1.804583e-01 1.773201e-01 1.765015e-01 1.783480e-01 1.761070e-01 1.787965e-01 1.809480e-01 1.722006e-01 1.746116e-01 1.809145e-01 1.789539e-01 1.745186e-01 1.739522e-01 1.791874e-01 1.764707e-01 1.777966e-01 1.799550e-01 1.790902e-01 1.797377e-01 1.803934e-01 1.747457e-01 1.792468e-01 1.746555e-01 1.775453e-01 1.734463e-01 1.723926e-01 
88 1233 1.828126e-01 0 0 1.737677e-01 1.757289e-01 1.802339e-01 1.743308e-01 1.731419e-01 1.722516e-01 1.800833e-01 1.701319e-01 1.777705e-01 1.747525e-01 1.736376e-01 1.758427e-01 1.736974e-01 1.759554e-01 1.787075e-01 1.696618e-01 1.717582e-01 1.783380e-01 1.762516e-01 1.716790e-01 1.713570e-01 1.766523e-01 1.739698e-01 1.750174e-01 1.771914e-01 1.762183e-01 1.770041e-01 1.784829e-01 1.720782e-01 1.765618e-01 1.728389e-01 1.751449e-01 1.707780e-01 1.696406e-01 
89 1247 1.786051e-01 0 0 1.694677e-01 1.715262e-01 1.759914e-01 1.701508e-01 1.689294e-01 1.678905e-01 1.760373e-01 1.659784e-01 1.734223e-01 1.704428e-01 1.694328e-01 1.718914e-01 1.694844e-01 1.715023e-01 1.745417e-01 1.656820e-01 1.677120e-01 1.740737e-01 1.718320e-01 1.680527e-01 1.673819e-01 1.726853e-01 1.696855e-01 1.708661e-01 1.728965e-01 1.720129e-01 1.727131e-01 1.744378e-01 1.679231e-01 1.723659e-01 1.687978e-01 1.713968e-01 1.666848e-01 1.660940e-01 
90 1261 1.730679e-01 0 0 1.645927e-01 1.660179e-01 1.705000e-01 1.647078e-01 1.636759e-01 1.622930e-01 1.705398e-01 1.607585e-01 1.677561e-01 1.650874e-01 1.640943e-01 1.663853e-01 1.641027e-01 1.665202e-01 1.691701e-01 1.604435e-01 1.621411e-01 1.684492e-01 1.661859e-01 1.626856e-01 1.619928e-01 1.677635e-01 1.643039e-01 1.659073e-01 1.677101e-01 1.665230e-01 1.669906e-01 1.689109e-01 1.624196e-01 1.668878e-01 1.637774e-01 1.657928e-01 1.613496e-01 1.610813e-01 
91 1275 1.660970e-01 0 0 1.579938e-01 1.591504e-01 1.633142e-01 1.578217e-01 1.570486e-01 1.558741e-01 1.633644e-01 1.539783e-01 1.607659e-01 1.584283e-01 1.572820e-01 1.596665e-01 1.571904e-01 1.594714e-01 1.626657e-01 1.540818e-01 1.553904e-01 1.617927e-01 1.593246e-01 1.559824e-01 1.554293e-01 1.609124e-01 1.573701e-01 1.590508e-01 1.608777e-01 1.595340e-01 1.600666e-01 1.617788e-01 1.555933e-01 1.598068e-01 1.568498e-01 1.593066e-01 1.545342e-01 1.546501e-01 
92 1289 2.225929e-01 0 0 2.115186e-01 2.129704e-01 2.184816e-01 2.111640e-01 2.104601e-01 2.089238e-01 2.191408e-01 2.058902e-01 2.151061e-01 2.120417e-01 2.106552e-01 2.136674e-01 2.104768e-01 2.138340e-01 2.181480e-01 2.061954e-01 2.079471e-01 2.168851e-01 2.138331e-01 2.087143e-01 2.088536e-01 2.159765e-01 2.104778e-01 2.134064e-01 2.156971e-01 2.142802e-01 2.141779e-01 2.168956e-01 2.080963e-01 2.147363e-01 2.098191e-01 2.133296e-01 2.067396e-01 2.069059e-01 
93 1303 2.208792e-01 0 0 2.097043e-01 2.110840e-01 2.163087e-01 2.091480e-01 2.091812e-01 2.070351e-01 2.175097e-01 2.040227e-01 2.133366e-01 2.101761e-01 2.085667e-01 2.119281e-01 2.088141e-01 2.122575e-01 2.166500e-01 2.044514e-01 2.070490e-01 2.150214e-01 2.118712e-01 2.072418e-01 2.074407e-01 2.147152e-01 2.086338e-01 2.122831e-01 2.145114e-01 2.124808e-01 2.121375e-01 2.147846e-01 2.061918e-01 2.133197e-01 2.080129e-01 2.116925e-01 2.050224e-01 2.052930e-01 
94 1317 2.196046e-01 0 0 2.085071e-01 2.101462e-01 2.147088e-01 2.075700e-01 2.082590e-01 2.058720e-01 2.161793e-01 2.025495e-01 2.119425e-01 2.090045e-01 2.071010e-01 2.106510e-01 2.071490e-01 2.110173e-01 2.151920e-01 2.033999e-01 2.059585e-01 2.136166e-01 2.106743e-01 2.057012e-01 2.061320e-01 2.136869e-01 2.072629e-01 2.109574e-01 2.130590e-01 2.110415e-01 2.107990e-01 2.131087e-01 2.049818e-01 2.119511e-01 2.065245e-01 2.105521e-01 2.037053e-01 2.045757e-01 
95 1331 2.180547e-01 0 0 2.066225e-01 2.086012e-01 2.129565e-01 2.058008e-01 2.071184e-01 2.040848e-01 2.144929e-01 2.009611e-01 2.100841e-01 2.074471e-01 2.051306e-01 2.088820e-01 2.057716e-01 2.093966e-01 2.134283e-01 2.022691e-01 2.042490e-01 2.118460e-01 2.094742e-01 2.038637e-01 2.043767e-01 2.122012e-01 2.055752e-01 2.093653e-01 2.118272e-01 2.091074e-01 2.088669e-01 2.114150e-01 2.038374e-01 2.101886e-01 2.046829e-01 2.088875e-01 2.019677e-01 2.035374e-01 
96 1345 2.145496e-01 0 0 2.028771e-01 2.052931e-01 2.097256e-01 2.025747e-01 2.037820e-01 2.005140e-01 2.108302e-01 1.977341e-01 2.066485e-01 2.039784e-01 2.015765e-01 2.058142e-01 2.022508e-01 2.057955e-01 2.096892e-01 1.987791e-01 2.007683e-01 2.086598e-01 2.058338e-01 2.002519e-01 2.007438e-01 2.088586e-01 2.018889e-01 2.058380e-01 2.081247e-01 2.061027e-01 2.051828e-01 2.083120e-01 2.007648e-01 2.067431e-01 2.010124e-01 2.059277e-01 1.984402e-01 2.008518e-01 
97 1359 2.088009e-01 0 0 1.974015e-01 1.996738e-01 2.040583e-01 1.970887e-01 1.978479e-01 1.948707e-01 2.050469e-01 1.925161e-01 2.007908e-01 1.985130e-01 1.959658e-01 2.001834e-01 1.964159e-01 2.001121e-01 2.042138e-01 1.936138e-01 1.951940e-01 2.033474e-01 2.002092e-01 1.953548e-01 1.950512e-01 2.031364e-01 1.963494e-01 2.002747e-01 2.022883e-01 2.006039e-01 1.995750e-01 2.025619e-01 1.953321e-01 2.010763e-01 1.956117e-01 2.000870e-01 1.927844e-01 1.957690e-01 
98 1373 2.014877e-01 0 0 1.907437e-01 1.925300e-01 1.966291e-01 1.900316e-01 1.907706e-01 1.877064e-01 1.975152e-01 1.855701e-01 1.933611e-01 1.913179e-01 1.890944e-01 1.928981e-01 1.897438e-01 1.928463e-01 1.967254e-01 1.871793e-01 1.881948e-01 1.960174e-01 1.928801e-01 1.882614e-01 1.879816e-01 1.959907e-01 1.891066e-01 1.929599e-01 1.949980e-01 1.939278e-01 1.924382e-01 1.955016e-01 1.884481e-01 1.941837e-01 1.885569e-01 1.932023e-01 1.855966e-01 1.888091e-01 
99 1387 1.959345e-01 0 0 1.854106e-01 1.882476e-01 1.908294e-01 1.844001e-01 1.861319e-01 1.821781e-01 1.919978e-01 1.804430e-01 1.877493e-01 1.862291e-01 1.836478e-01 1.874998e-01 1.841292e-01 1.871808e-01 1.908966e-01 1.825795e-01 1.827962e-01 1.902484e-01 1.890265e-01 1.830380e-01 1.829528e-01 1.905509e-01 1.836482e-01 1.873737e-01 1.893296e-01 1.884859e-01 1.867880e-01 1.900582e-01 1.829460e-01 1.886105e-01 1.831507e-01 1.876874e-01 1.804351e-01 1.837240e-01 
100 1401 1.927475e-01 0 0 1.828613e-01 1.853489e-01 1.874934e-01 1.810348e-01 1.835364e-01 1.790168e-01 1.885628e-01 1.772867e-01 1.843102e-01 1.828674e-01 1.802830e-01 1.840535e-01 1.807310e-01 1.837498e-01 1.876047e-01 1.797096e-01 1.794996e-01 1.869159e-01 1.862212e-01 1.798453e-01 1.796925e-01 1.872655e-01 1.809621e-01 1.840094e-01 1.864075e-01 1.850690e-01 1.842213e-01 1.870429e-01 1.798802e-01 1.851322e-01 1.801336e-01 1.842438e-01 1.774400e-01 1.805102e-01 
101 1415 1.889976e-01 0 0 1.793870e-01 1.818580e-01 1.836891e-01 1.770604e-01 1.797096e-01 1.758206e-01 1.857801e-01 1.734515e-01 1.803431e-01 1.793096e-01 1.766769e-01 1.803091e-01 1.770982e-01 1.800173e-01 1.842113e-01 1.764102e-01 1.756603e-01 1.835397e-01 1.823937e-01 1.762654e-01 1.759943e-01 1.835523e-01 1.775355e-01 1.801335e-01 1.825948e-01 1.814092e-01 1.805726e-01 1.831273e-01 1.762580e-01 1.812658e-01 1.764611e-01 1.806972e-01 1.740334e-01 1.768027e-01 
102 1429 1.849818e-01 0 0 1.756944e-01 1.776940e-01 1.796780e-01 1.730757e-01 1.756399e-01 1.719573e-01 1.816463e-01 1.694740e-01 1.760817e-01 1.754075e-01 1.727421e-01 1.770164e-01 1.731077e-01 1.760430e-01 1.801056e-01 1.729829e-01 1.716678e-01 1.795658e-01 1.786888e-01 1.721387e-01 1.720152e-01 1.800616e-01 1.744201e-01 1.762494e-01 1.786094e-01 1.775417e-01 1.765884e-01 1.788750e-01 1.724527e-01 1.770945e-01 1.723305e-01 1.765245e-01 1.701826e-01 1.728653e-01 
103 1443 1.806659e-01 0 0 1.715058e-01 1.733947e-01 1.757294e-01 1.691665e-01 1.712806e-01 1.676679e-01 1.771721e-01 1.652853e-01 1.717290e-01 1.711741e-01 1.684938e-01 1.728338e-01 1.688873e-01 1.720540e-01 1.756590e-01 1.690609e-01 1.675822e-01 1.752088e-01 1.745088e-01 1.677700e-01 1.680355e-01 1.759016e-01 1.702649e-01 1.717858e-01 1.741357e-01 1.738645e-01 1.723087e-01 1.744077e-01 1.683937e-01 1.729085e-01 1.679821e-01 1.723275e-01 1.659660e-01 1.689209e-01 
104 1457 1.823808e-01 0 0 1.731442e-01 1.753306e-01 1.772191e-01 1.707291e-01 1.727365e-01 1.690486e-01 1.790240e-01 1.667208e-01 1.734096e-01 1.727945e-01 1.697805e-01 1.741261e-01 1.705007e-01 1.737554e-01 1.770103e-01 1.706986e-01 1.692966e-01 1.768939e-01 1.763471e-01 1.696351e-01 1.698896e-01 1.776791e-01 1.720565e-01 1.735701e-01 1.754235e-01 1.762541e-01 1.740244e-01 1.759127e-01 1.701368e-01 1.745315e-01 1.693133e-01 1.736319e-01 1.676590e-01 1.701138e-01 
105 1471 1.865521e-01 0 0 1.768227e-01 1.796033e-01 1.808824e-01 1.744560e-01 1.767588e-01 1.727241e-01 1.829090e-01 1.701088e-01 1.775417e-01 1.765268e-01 1.734332e-01 1.778405e-01 1.744593e-01 1.776736e-01 1.808010e-01 1.744619e-01 1.729239e-01 1.807888e-01 1.804452e-01 1.735303e-01 1.737091e-01 1.820441e-01 1.763623e-01 1.771923e-01 1.790317e-01 1.808340e-01 1.779842e-01 1.800488e-01 1.739150e-01 1.792765e-01 1.727514e-01 1.777681e-01 1.713550e-01 1.747966e-01 
106 1485 1.901241e-01 0 0 1.799526e-01 1.830493e-01 1.839999e-01 1.779342e-01 1.802792e-01 1.757122e-01 1.863810e-01 1.731488e-01 1.810573e-01 1.795926e-01 1.767077e-01 1.811384e-01 1.775815e-01 1.808606e-01 1.840854e-01 1.776384e-01 1.758460e-01 1.839742e-01 1.841378e-01 1.766246e-01 1.771773e-01 1.853867e-01 1.799880e-01 1.801731e-01 1.825531e-01 1.843935e-01 1.811394e-01 1.836516e-01 1.772709e-01 1.826503e-01 1.758034e-01 1.809578e-01 1.742786e-01 1.780530e-01 
107 1499 1.888577e-01 0 0 1.785053e-01 1.816544e-01 1.824704e-01 1.774069e-01 1.788208e-01 1.742541e-01 1.853543e-01 1.716857e-01 1.797322e-01 1.781458e-01 1.754936e-01 1.795145e-01 1.766145e-01 1.794563e-01 1.828451e-01 1.761694e-01 1.743701e-01 1.828936e-01 1.831763e-01 1.752541e-01 1.762255e-01 1.839328e-01 1.793676e-01 1.786931e-01 1.812264e-01 1.831494e-01 1.799466e-01 1.823980e-01 1.762650e-01 1.812879e-01 1.743412e-01 1.797899e-01 1.730992e-01 1.766661e-01 
108 1513 1.851194e-01 0 0 1.747344e-01 1.778800e-01 1.787315e-01 1.738354e-01 1.753474e-01 1.705416e-01 1.815764e-01 1.681560e-01 1.759117e-01 1.744472e-01 1.723148e-01 1.759965e-01 1.733602e-01 1.757962e-01 1.791122e-01 1.725726e-01 1.708429e-01 1.790666e-01 1.793478e-01 1.715827e-01 1.726783e-01 1.802742e-01 1.755112e-01 1.748683e-01 1.775429e-01 1.794780e-01 1.765442e-01 1.787709e-01 1.727832e-01 1.779166e-01 1.704772e-01 1.759066e-01 1.695106e-01 1.731087e-01 
109 1527 1.795248e-01 0 0 1.691418e-01 1.725412e-01 1.729354e-01 1.688870e-01 1.698631e-01 1.650206e-01 1.762577e-01 1.627936e-01 1.706587e-01 1.690845e-01 1.670430e-01 1.704823e-01 1.679993e-01 1.704413e-01 1.734514e-01 1.674168e-01 1.657353e-01 1.732619e-01 1.739657e-01 1.663637e-01 1.673206e-01 1.747766e-01 1.703135e-01 1.696962e-01 1.721498e-01 1.739880e-01 1.708444e-01 1.734422e-01 1.674101e-01 1.723494e-01 1.650281e-01 1.702913e-01 1.642994e-01 1.678405e-01 
110 1541 1.747500e-01 0 0 1.642404e-01 1.676603e-01 1.683772e-01 1.648473e-01 1.651165e-01 1.605144e-01 1.712225e-01 1.581604e-01 1.661391e-01 1.643325e-01 1.622961e-01 1.657274e-01 1.637614e-01 1.658038e-01 1.687950e-01 1.627893e-01 1.609662e-01 1.685741e-01 1.694773e-01 1.616835e-01 1.631344e-01 1.699769e-01 1.655367e-01 1.648580e-01 1.673955e-01 1.693668e-01 1.660457e-01 1.684730e-01 1.628830e-01 1.675381e-01 1.603850e-01 1.659306e-01 1.596712e-01 1.640917e-01 
111 1555 1.670363e-01 0 0 1.567587e-01 1.604964e-01 1.610605e-01 1.578368e-01 1.575104e-01 1.534250e-01 1.633659e-01 1.509059e-01 1.587620e-01 1.568292e-01 1.548868e-01 1.582630e-01 1.564365e-01 1.587271e-01 1.612182e-01 1.554026e-01 1.536552e-01 1.607566e-01 1.618657e-01 1.543428e-01 1.559696e-01 1.621591e-01 1.579632e-01 1.571971e-01 1.599531e-01 1.620557e-01 1.585356e-01 1.608700e-01 1.554878e-01 1.609057e-01 1.529758e-01 1.586109e-01 1.523349e-01 1.566054e-01 
112 1569 1.616865e-01 0 0 1.516958e-01 1.552296e-01 1.558823e-01 1.528643e-01 1.521990e-01 1.488499e-01 1.579839e-01 1.458714e-01 1.534247e-01 1.515139e-01 1.498352e-01 1.528757e-01 1.512416e-01 1.534443e-01 1.559758e-01 1.501384e-01 1.484933e-01 1.559614e-01 1.563519e-01 1.491148e-01 1.506590e-01 1.566691e-01 1.528833e-01 1.519236e-01 1.545413e-01 1.567229e-01 1.539395e-01 1.560064e-01 1.501420e-01 1.555346e-01 1.479372e-01 1.534590e-01 1.474595e-01 1.513604e-01 
113 1583 1.566977e-01 0 0 1.467002e-01 1.504877e-01 1.509355e-01 1.483105e-01 1.472360e-01 1.443339e-01 1.528094e-01 1.411823e-01 1.485076e-01 1.465520e-01 1.449477e-01 1.480896e-01 1.467585e-01 1.484696e-01 1.509294e-01 1.454292e-01 1.437372e-01 1.518102e-01 1.513212e-01 1.444822e-01 1.459074e-01 1.514947e-01 1.477903e-01 1.470407e-01 1.497101e-01 1.518624e-01 1.489794e-01 1.512103e-01 1.454817e-01 1.505183e-01 1.432076e-01 1.487485e-01 1.427537e-01 1.464217e-01 
114 1597 2.112639e-01 0 0 1.977732e-01 2.026308e-01 2.032253e-01 2.001624e-01 1.989417e-01 1.943560e-01 2.055901e-01 1.900148e-01 2.003816e-01 1.974447e-01 1.953694e-01 1.999817e-01 1.975719e-01 1.998478e-01 2.031953e-01 1.957628e-01 1.937999e-01 2.055081e-01 2.038756e-01 1.947860e-01 1.962999e-01 2.038207e-01 1.992949e-01 1.984209e-01 2.020294e-01 2.044663e-01 2.015205e-01 2.034726e-01 1.959135e-01 2.026754e-01 1.926271e-01 2.002289e-01 1.920883e-01 1.975433e-01 
115 1611 2.049666e-01 0 0 1.914793e-01 1.963293e-01 1.974358e-01 1.939646e-01 1.929740e-01 1.891319e-01 1.991430e-01 1.840473e-01 1.942207e-01 1.914392e-01 1.894117e-01 1.936584e-01 1.916351e-01 1.936858e-01 1.974382e-01 1.897195e-01 1.877863e-01 1.995220e-01 1.976186e-01 1.886139e-01 1.903740e-01 1.975949e-01 1.933412e-01 1.922691e-01 1.955221e-01 1.979861e-01 1.951767e-01 1.974708e-01 1.896180e-01 1.963168e-01 1.867556e-01 1.940792e-01 1.862898e-01 1.914364e-01 
116 1625 2.008988e-01 0 0 1.874414e-01 1.922683e-01 1.935089e-01 1.900770e-01 1.890212e-01 1.855167e-01 1.947776e-01 1.801408e-01 1.900734e-01 1.875521e-01 1.852602e-01 1.895018e-01 1.874814e-01 1.902421e-01 1.934264e-01 1.863064e-01 1.837926e-01 1.953236e-01 1.937343e-01 1.844063e-01 1.872857e-01 1.933462e-01 1.892181e-01 1.883691e-01 1.914450e-01 1.936360e-01 1.910346e-01 1.939396e-01 1.854360e-01 1.924074e-01 1.826721e-01 1.899542e-01 1.823869e-01 1.874237e-01 
117 1639 1.937442e-01 0 0 1.807141e-01 1.850966e-01 1.862939e-01 1.830400e-01 1.827224e-01 1.787102e-01 1.877723e-01 1.733723e-01 1.828800e-01 1.808343e-01 1.788138e-01 1.826837e-01 1.807197e-01 1.832808e-01 1.862731e-01 1.796801e-01 1.778079e-01 1.882508e-01 1.866540e-01 1.775827e-01 1.805822e-01 1.860511e-01 1.821670e-01 1.813947e-01 1.844686e-01 1.863322e-01 1.840789e-01 1.866900e-01 1.786080e-01 1.853264e-01 1.758851e-01 1.829498e-01 1.755674e-01 1.807693e-01 
118 1653 1.859272e-01 0 0 1.736539e-01 1.775393e-01 1.784281e-01 1.754099e-01 1.756203e-01 1.714954e-01 1.798692e-01 1.660272e-01 1.755670e-01 1.735648e-01 1.713463e-01 1.751156e-01 1.732636e-01 1.757593e-01 1.785895e-01 1.724385e-01 1.702559e-01 1.805490e-01 1.788161e-01 1.701331e-01 1.732081e-01 1.783683e-01 1.755548e-01 1.739968e-01 1.766876e-01 1.785589e-01 1.765206e-01 1.788981e-01 1.713973e-01 1.775198e-01 1.686566e-01 1.754187e-01 1.682403e-01 1.736577e-01 
119 1667 1.776520e-01 0 0 1.658140e-01 1.694578e-01 1.703424e-01 1.674862e-01 1.676916e-01 1.636027e-01 1.719778e-01 1.583427e-01 1.674168e-01 1.656951e-01 1.635217e-01 1.671075e-01 1.652266e-01 1.681251e-01 1.703496e-01 1.643605e-01 1.628673e-01 1.721207e-01 1.710504e-01 1.622438e-01 1.653481e-01 1.703315e-01 1.676358e-01 1.659652e-01 1.685496e-01 1.702727e-01 1.685431e-01 1.705727e-01 1.633943e-01 1.694626e-01 1.610408e-01 1.673356e-01 1.605589e-01 1.659490e-01 
120 1681 1.719415e-01 0 0 1.604577e-01 1.636529e-01 1.650201e-01 1.618863e-01 1.622179e-01 1.590155e-01 1.665821e-01 1.529781e-01 1.619117e-01 1.604173e-01 1.580306e-01 1.616371e-01 1.599787e-01 1.625223e-01 1.649225e-01 1.588347e-01 1.574783e-01 1.665093e-01 1.657533e-01 1.571412e-01 1.599239e-01 1.647378e-01 1.621789e-01 1.608102e-01 1.628066e-01 1.648040e-01 1.628651e-01 1.651072e-01 1.579797e-01 1.639425e-01 1.556179e-01 1.616701e-01 1.553560e-01 1.604956e-01 
121 1695 1.672519e-01 0 0 1.563448e-01 1.590685e-01 1.604458e-01 1.572253e-01 1.577710e-01 1.548975e-01 1.619150e-01 1.485286e-01 1.574369e-01 1.561591e-01 1.535220e-01 1.569745e-01 1.555858e-01 1.589580e-01 1.604984e-01 1.542061e-01 1.529405e-01 1.620244e-01 1.609944e-01 1.529198e-01 1.553013e-01 1.600019e-01 1.575503e-01 1.566452e-01 1.586898e-01 1.602062e-01 1.583950e-01 1.605031e-01 1.533548e-01 1.594812e-01 1.511565e-01 1.571867e-01 1.508744e-01 1.560931e-01 
122 1709 2.299405e-01 0 0 2.152779e-01 2.182225e-01 2.204303e-01 2.157871e-01 2.171365e-01 2.129139e-01 2.221820e-01 2.039402e-01 2.160862e-01 2.148020e-01 2.111399e-01 2.159825e-01 2.143644e-01 2.191358e-01 2.204325e-01 2.118619e-01 2.101200e-01 2.223947e-01 2.210704e-01 2.098018e-01 2.131286e-01 2.195051e-01 2.164534e-01 2.149933e-01 2.177174e-01 2.199061e-01 2.177101e-01 2.203728e-01 2.105640e-01 2.196449e-01 2.074761e-01 2.161272e-01 2.076534e-01 2.142204e-01 
123 1723 2.261862e-01 0 0 2.114882e-01 2.145926e-01 2.166372e-01 2.123905e-01 2.135011e-01 2.094194e-01 2.183704e-01 2.002068e-01 2.124877e-01 2.111660e-01 2.079021e-01 2.122747e-01 2.104781e-01 2.160203e-01 2.169075e-01 2.078964e-01 2.064339e-01 2.188815e-01 2.175062e-01 2.061729e-01 2.096268e-01 2.157469e-01 2.127340e-01 2.116767e-01 2.141679e-01 2.158534e-01 2.137427e-01 2.164026e-01 2.073568e-01 2.157611e-01 2.042934e-01 2.123457e-01 2.039780e-01 2.104146e-01 
124 1737 2.242438e-01 0 0 2.093609e-01 2.124017e-01 2.146030e-01 2.104045e-01 2.116558e-01 2.073907e-01 2.164045e-01 1.980416e-01 2.105091e-01 2.093594e-01 2.057666e-01 2.103180e-01 2.085406e-01 2.143385e-01 2.145346e-01 2.057947e-01 2.046160e-01 2.165570e-01 2.153905e-01 2.042583e-01 2.074831e-01 2.143654e-01 2.109212e-01 2.099978e-01 2.121741e-01 2.140003e-01 2.115999e-01 2.145330e-01 2.056915e-01 2.133852e-01 2.025433e-01 2.107590e-01 2.019747e-01 2.083507e-01 
125 1751 2.219769e-01 0 0 2.072828e-01 2.100026e-01 2.120741e-01 2.084058e-01 2.093104e-01 2.053523e-01 2.141441e-01 1.959021e-01 2.080652e-01 2.076977e-01 2.034574e-01 2.078524e-01 2.062632e-01 2.120583e-01 2.125334e-01 2.034596e-01 2.021954e-01 2.144003e-01 2.137828e-01 2.022667e-01 2.050634e-01 2.119461e-01 2.084432e-01 2.077321e-01 2.097072e-01 2.115748e-01 2.093749e-01 2.119443e-01 2.044451e-01 2.107925e-01 2.008477e-01 2.085742e-01 1.996161e-01 2.062166e-01 
126 1765 2.186725e-01 0 0 2.041702e-01 2.068240e-01 2.089150e-01 2.056444e-01 2.062184e-01 2.025455e-01 2.107439e-01 1.925874e-01 2.047348e-01 2.044625e-01 2.005315e-01 2.045223e-01 2.030446e-01 2.087091e-01 2.092353e-01 2.007417e-01 1.991478e-01 2.120948e-01 2.107155e-01 1.989539e-01 2.020351e-01 2.083793e-01 2.051137e-01 2.042585e-01 2.063125e-01 2.083442e-01 2.063387e-01 2.094457e-01 2.018521e-01 2.076214e-01 1.980030e-01 2.055453e-01 1.965038e-01 2.032688e-01 
127 1779 2.102507e-01 0 0 1.958273e-01 1.985902e-01 2.008893e-01 1.977853e-01 1.981597e-01 1.943818e-01 2.022109e-01 1.849025e-01 1.964524e-01 1.965470e-01 1.927644e-01 1.961882e-01 1.949404e-01 2.003942e-01 2.008205e-01 1.926738e-01 1.914715e-01 2.039102e-01 2.024796e-01 1.909900e-01 1.940322e-01 1.999794e-01 1.970224e-01 1.959495e-01 1.982283e-01 2.001182e-01 1.980834e-01 2.011538e-01 1.937238e-01 1.993544e-01 1.903307e-01 1.973605e-01 1.885783e-01 1.953055e-01 
128 1793 2.015437e-01 0 0 1.873539e-01 1.899953e-01 1.923472e-01 1.892009e-01 1.900832e-01 1.861321e-01 1.935177e-01 1.768318e-01 1.880352e-01 1.889967e-01 1.843800e-01 1.876687e-01 1.868473e-01 1.919238e-01 1.923867e-01 1.843377e-01 1.835283e-01 1.951770e-01 1.939964e-01 1.830906e-01 1.860220e-01 1.914164e-01 1.884914e-01 1.874655e-01 1.897756e-01 1.915165e-01 1.897902e-01 1.925997e-01 1.854219e-01 1.909641e-01 1.824778e-01 1.889863e-01 1.805355e-01 1.870757e-01 
129 1807 1.924786e-01 0 0 1.790876e-01 1.816255e-01 1.833647e-01 1.802647e-01 1.813397e-01 1.776365e-01 1.852721e-01 1.687129e-01 1.792716e-01 1.804448e-01 1.756577e-01 1.790620e-01 1.781528e-01 1.831100e-01 1.836926e-01 1.758944e-01 1.753166e-01 1.860328e-01 1.851398e-01 1.748939e-01 1.774707e-01 1.824791e-01 1.801710e-01 1.787691e-01 1.812758e-01 1.830123e-01 1.808711e-01 1.837228e-01 1.770303e-01 1.821024e-01 1.740836e-01 1.802179e-01 1.722008e-01 1.785626e-01 
130 1821 1.854904e-01 0 0 1.725006e-01 1.746984e-01 1.763972e-01 1.734423e-01 1.743715e-01 1.712344e-01 1.782420e-01 1.622925e-01 1.727496e-01 1.740508e-01 1.690282e-01 1.721576e-01 1.713570e-01 1.763029e-01 1.766754e-01 1.692039e-01 1.689562e-01 1.790442e-01 1.782867e-01 1.683395e-01 1.707087e-01 1.758787e-01 1.738314e-01 1.720247e-01 1.745365e-01 1.763193e-01 1.744504e-01 1.768229e-01 1.704990e-01 1.752402e-01 1.675434e-01 1.735506e-01 1.656807e-01 1.717876e-01 
131 1835 1.810482e-01 0 0 1.682906e-01 1.704695e-01 1.721451e-01 1.690996e-01 1.701132e-01 1.668767e-01 1.742345e-01 1.582706e-01 1.690197e-01 1.697250e-01 1.648144e-01 1.679570e-01 1.668906e-01 1.718622e-01 1.726535e-01 1.654968e-01 1.647734e-01 1.747263e-01 1.738167e-01 1.640817e-01 1.663072e-01 1.714063e-01 1.694765e-01 1.677082e-01 1.702529e-01 1.723820e-01 1.698820e-01 1.725350e-01 1.664146e-01 1.707818e-01 1.641134e-01 1.690507e-01 1.614074e-01 1.673833e-01 
132 1849 1.748239e-01 0 0 1.623828e-01 1.644627e-01 1.659541e-01 1.631497e-01 1.642078e-01 1.611839e-01 1.681853e-01 1.527731e-01 1.628941e-01 1.639052e-01 1.588187e-01 1.617944e-01 1.608362e-01 1.660450e-01 1.664524e-01 1.597582e-01 1.592703e-01 1.683009e-01 1.675901e-01 1.582435e-01 1.602234e-01 1.656330e-01 1.633668e-01 1.615992e-01 1.640737e-01 1.663188e-01 1.636931e-01 1.662681e-01 1.605220e-01 1.648312e-01 1.583151e-01 1.629646e-01 1.557180e-01 1.618177e-01 
133 1863 1.670122e-01 0 0 1.547851e-01 1.572462e-01 1.583331e-01 1.560835e-01 1.568136e-01 1.539779e-01 1.603951e-01 1.457725e-01 1.553410e-01 1.566465e-01 1.514821e-01 1.543053e-01 1.533889e-01 1.583328e-01 1.592877e-01 1.528121e-01 1.518968e-01 1.605375e-01 1.598577e-01 1.511981e-01 1.528134e-01 1.584360e-01 1.558111e-01 1.541534e-01 1.564817e-01 1.586412e-01 1.562776e-01 1.585552e-01 1.534430e-01 1.573820e-01 1.515708e-01 1.558309e-01 1.484636e-01 1.544241e-01 
134 1877 1.638858e-01 0 0 1.517158e-01 1.543775e-01 1.552095e-01 1.531564e-01 1.536950e-01 1.512711e-01 1.578536e-01 1.433349e-01 1.522771e-01 1.537999e-01 1.483216e-01 1.517037e-01 1.502521e-01 1.551182e-01 1.563687e-01 1.498468e-01 1.489065e-01 1.573823e-01 1.565856e-01 1.485610e-01 1.497143e-01 1.554593e-01 1.525763e-01 1.509419e-01 1.538624e-01 1.555183e-01 1.530937e-01 1.553511e-01 1.503259e-01 1.542835e-01 1.487557e-01 1.528086e-01 1.460142e-01 1.511849e-01 
135 1891 1.614596e-01 0 0 1.492876e-01 1.518935e-01 1.528696e-01 1.506664e-01 1.513622e-01 1.492896e-01 1.556567e-01 1.415113e-01 1.500957e-01 1.514027e-01 1.459911e-01 1.493479e-01 1.477825e-01 1.527115e-01 1.538981e-01 1.475050e-01 1.467140e-01 1.548448e-01 1.540998e-01 1.462869e-01 1.472233e-01 1.529417e-01 1.500752e-01 1.486540e-01 1.512246e-01 1.534519e-01 1.512825e-01 1.527491e-01 1.478857e-01 1.518374e-01 1.462049e-01 1.503351e-01 1.444627e-01 1.488745e-01 
136 1905 2.231893e-01 0 0 2.064209e-01 2.098531e-01 2.110377e-01 2.078170e-01 2.091454e-01 2.064264e-01 2.151187e-01 1.962553e-01 2.072940e-01 2.090806e-01 2.022990e-01 2.063275e-01 2.045805e-01 2.106837e-01 2.126799e-01 2.035584e-01 2.026592e-01 2.143191e-01 2.128213e-01 2.019136e-01 2.031038e-01 2.113083e-01 2.069549e-01 2.053794e-01 2.087604e-01 2.119459e-01 2.088920e-01 2.108102e-01 2.042215e-01 2.097921e-01 2.017049e-01 2.075710e-01 1.998616e-01 2.059455e-01 
137 1919 2.229373e-01 0 0 2.059900e-01 2.092482e-01 2.104514e-01 2.073675e-01 2.086380e-01 2.062579e-01 2.148252e-01 1.962662e-01 2.070285e-01 2.085827e-01 2.028769e-01 2.063562e-01 2.040436e-01 2.100801e-01 2.123075e-01 2.033213e-01 2.021646e-01 2.136827e-01 2.123109e-01 2.014264e-01 2.024101e-01 2.113086e-01 2.064617e-01 2.049378e-01 2.084006e-01 2.121918e-01 2.094940e-01 2.105728e-01 2.036846e-01 2.092322e-01 2.011245e-01 2.068632e-01 1.996033e-01 2.052586e-01 
138 1933 2.223739e-01 0 0 2.064951e-01 2.085104e-01 2.095264e-01 2.064966e-01 2.078569e-01 2.056836e-01 2.139873e-01 1.960779e-01 2.064341e-01 2.079102e-01 2.027906e-01 2.061434e-01 2.032761e-01 2.090971e-01 2.113163e-01 2.023011e-01 2.017268e-01 2.136169e-01 2.115486e-01 2.006400e-01 2.016976e-01 2.105830e-01 2.058218e-01 2.041888e-01 2.077339e-01 2.114325e-01 2.090985e-01 2.097105e-01 2.029351e-01 2.081819e-01 2.008348e-01 2.062533e-01 1.990476e-01 2.044900e-01 
139 1947 2.196887e-01 0 0 2.044469e-01 2.058908e-01 2.065993e-01 2.040362e-01 2.050660e-01 2.028169e-01 2.111276e-01 1.936104e-01 2.042982e-01 2.051019e-01 2.004283e-01 2.036028e-01 2.004831e-01 2.062000e-01 2.085863e-01 1.994657e-01 1.989115e-01 2.107431e-01 2.086818e-01 1.979764e-01 1.989503e-01 2.077910e-01 2.030884e-01 2.013195e-01 2.051128e-01 2.085679e-01 2.068088e-01 2.069792e-01 2.001827e-01 2.055918e-01 1.984513e-01 2.036028e-01 1.963290e-01 2.020406e-01 
140 1961 2.131368e-01 0 0 1.984572e-01 1.993552e-01 2.000180e-01 1.975995e-01 1.989183e-01 1.968630e-01 2.049134e-01 1.877266e-01 1.982936e-01 1.986882e-01 1.944900e-01 1.975305e-01 1.944330e-01 1.996410e-01 2.020589e-01 1.930880e-01 1.926518e-01 2.042624e-01 2.022740e-01 1.919036e-01 1.928737e-01 2.018163e-01 1.968296e-01 1.949395e-01 1.990631e-01 2.020874e-01 2.008147e-01 2.007115e-01 1.942132e-01 1.994149e-01 1.925920e-01 1.974944e-01 1.902369e-01 1.958987e-01 
141 1975 2.041783e-01 0 0 1.899701e-01 1.908410e-01 1.911988e-01 1.891727e-01 1.901440e-01 1.885816e-01 1.966129e-01 1.797387e-01 1.897999e-01 1.899775e-01 1.862800e-01 1.890126e-01 1.858624e-01 1.910247e-01 1.933371e-01 1.848501e-01 1.845525e-01 1.956165e-01 1.934518e-01 1.835778e-01 1.844955e-01 1.929105e-01 1.883091e-01 1.866467e-01 1.912010e-01 1.934696e-01 1.921519e-01 1.929769e-01 1.856783e-01 1.908024e-01 1.854915e-01 1.887986e-01 1.818014e-01 1.875988e-01 
142 1989 2.737494e-01 0 0 2.543807e-01 2.556186e-01 2.560197e-01 2.532990e-01 2.543637e-01 2.523064e-01 2.632257e-01 2.407717e-01 2.540889e-01 2.543476e-01 2.493710e-01 2.531485e-01 2.485908e-01 2.558413e-01 2.590881e-01 2.486848e-01 2.468485e-01 2.618148e-01 2.587950e-01 2.455821e-01 2.471624e-01 2.593515e-01 2.527737e-01 2.500434e-01 2.563954e-01 2.588843e-01 2.573408e-01 2.586230e-01 2.486033e-01 2.553142e-01 2.485361e-01 2.530530e-01 2.433487e-01 2.510528e-01 
143 2003 2.647676e-01 0 0 2.455853e-01 2.475009e-01 2.472201e-01 2.447732e-01 2.456135e-01 2.436297e-01 2.544302e-01 2.325019e-01 2.454943e-01 2.454767e-01 2.411083e-01 2.443516e-01 2.400506e-01 2.470233e-01 2.500702e-01 2.402106e-01 2.383821e-01 2.530970e-01 2.501445e-01 2.374169e-01 2.389060e-01 2.507357e-01 2.441495e-01 2.414724e-01 2.483256e-01 2.499648e-01 2.488591e-01 2.501814e-01 2.399560e-01 2.469515e-01 2.399768e-01 2.444582e-01 2.350949e-01 2.423225e-01 
144 2017 2.562612e-01 0 0 2.378631e-01 2.394227e-01 2.388887e-01 2.371275e-01 2.372953e-01 2.356411e-01 2.458631e-01 2.245050e-01 2.376102e-01 2.370323e-01 2.331911e-01 2.360160e-01 2.322024e-01 2.387459e-01 2.416701e-01 2.321604e-01 2.303308e-01 2.445802e-01 2.418405e-01 2.299028e-01 2.312757e-01 2.423749e-01 2.361625e-01 2.333735e-01 2.403912e-01 2.416449e-01 2.405654e-01 2.418296e-01 2.319374e-01 2.389190e-01 2.319254e-01 2.368759e-01 2.271729e-01 2.346905e-01 
145 2031 2.484094e-01 0 0 2.304573e-01 2.317931e-01 2.310370e-01 2.295766e-01 2.295715e-01 2.278946e-01 2.378967e-01 2.175791e-01 2.300635e-01 2.295498e-01 2.262870e-01 2.286110e-01 2.248371e-01 2.310397e-01 2.337928e-01 2.249203e-01 2.230603e-01 2.368220e-01 2.343050e-01 2.223554e-01 2.245834e-01 2.350766e-01 2.287155e-01 2.262295e-01 2.326770e-01 2.338375e-01 2.332686e-01 2.343666e-01 2.243848e-01 2.316119e-01 2.243666e-01 2.295222e-01 2.212985e-01 2.272391e-01 
146 2045 2.404949e-01 0 0 2.227562e-01 2.240781e-01 2.235204e-01 2.221362e-01 2.217693e-01 2.202239e-01 2.301991e-01 2.104315e-01 2.225206e-01 2.218769e-01 2.187041e-01 2.208735e-01 2.173082e-01 2.238131e-01 2.262733e-01 2.173648e-01 2.165330e-01 2.288479e-01 2.272890e-01 2.153752e-01 2.177068e-01 2.275202e-01 2.210168e-01 2.188142e-01 2.247898e-01 2.260819e-01 2.261393e-01 2.266001e-01 2.171399e-01 2.242184e-01 2.168817e-01 2.218005e-01 2.144267e-01 2.196271e-01 
147 2059 2.315955e-01 0 0 2.141689e-01 2.154839e-01 2.152488e-01 2.140076e-01 2.131698e-01 2.117647e-01 2.214998e-01 2.022801e-01 2.142198e-01 2.132830e-01 2.101707e-01 2.122534e-01 2.092393e-01 2.153022e-01 2.173634e-01 2.091933e-01 2.081723e-01 2.200804e-01 2.190175e-01 2.070722e-01 2.101936e-01 2.187158e-01 2.126278e-01 2.108033e-01 2.162230e-01 2.175863e-01 2.175946e-01 2.179707e-01 2.090101e-01 2.154902e-01 2.086428e-01 2.132685e-01 2.065947e-01 2.113131e-01 
148 2073 2.224334e-01 0 0 2.052569e-01 2.068694e-01 2.064131e-01 2.051811e-01 2.045787e-01 2.033468e-01 2.124266e-01 1.940223e-01 2.056896e-01 2.047066e-01 2.019443e-01 2.035875e-01 2.010056e-01 2.069796e-01 2.088094e-01 2.006548e-01 1.994776e-01 2.108778e-01 2.101503e-01 1.985457e-01 2.018649e-01 2.096877e-01 2.039713e-01 2.025654e-01 2.077256e-01 2.088671e-01 2.089886e-01 2.093293e-01 2.007617e-01 2.068621e-01 2.001358e-01 2.052101e-01 1.985949e-01 2.027533e-01 
149 2087 2.164174e-01 0 0 1.994638e-01 2.009873e-01 2.005345e-01 1.993996e-01 1.987329e-01 1.977303e-01 2.065310e-01 1.885471e-01 1.998800e-01 1.990368e-01 1.968346e-01 1.976360e-01 1.959976e-01 2.014082e-01 2.029777e-01 1.953410e-01 1.939032e-01 2.047199e-01 2.041539e-01 1.929432e-01 1.965243e-01 2.041775e-01 1.989244e-01 1.968744e-01 2.016742e-01 2.029600e-01 2.033441e-01 2.037462e-01 1.954614e-01 2.014701e-01 1.948981e-01 1.995954e-01 1.930451e-01 1.970187e-01 
150 2101 2.103443e-01 0 0 1.939029e-01 1.949937e-01 1.946845e-01 1.938426e-01 1.927072e-01 1.921162e-01 2.004654e-01 1.829796e-01 1.941180e-01 1.933006e-01 1.909294e-01 1.918716e-01 1.905900e-01 1.958349e-01 1.978842e-01 1.896684e-01 1.881554e-01 1.988458e-01 1.980813e-01 1.873048e-01 1.908515e-01 1.983238e-01 1.930082e-01 1.911565e-01 1.959456e-01 1.969365e-01 1.972576e-01 1.976980e-01 1.903004e-01 1.959345e-01 1.891671e-01 1.937488e-01 1.876178e-01 1.911960e-01 
151 2115 2.012711e-01 0 0 1.851771e-01 1.862480e-01 1.859205e-01 1.852602e-01 1.845185e-01 1.836362e-01 1.916787e-01 1.749486e-01 1.858975e-01 1.849512e-01 1.823283e-01 1.834067e-01 1.824185e-01 1.873579e-01 1.896249e-01 1.812018e-01 1.797887e-01 1.901869e-01 1.894386e-01 1.788833e-01 1.824319e-01 1.894471e-01 1.846699e-01 1.826740e-01 1.871331e-01 1.882130e-01 1.886830e-01 1.887709e-01 1.821425e-01 1.872830e-01 1.811378e-01 1.858166e-01 1.792637e-01 1.827698e-01 
152 2129 1.927701e-01 0 0 1.776022e-01 1.780773e-01 1.779110e-01 1.772351e-01 1.764613e-01 1.754611e-01 1.833214e-01 1.673445e-01 1.780173e-01 1.767973e-01 1.748301e-01 1.756709e-01 1.747203e-01 1.793858e-01 1.813733e-01 1.731348e-01 1.725486e-01 1.823421e-01 1.810995e-01 1.709276e-01 1.745503e-01 1.814417e-01 1.768612e-01 1.748314e-01 1.794263e-01 1.798968e-01 1.806674e-01 1.810217e-01 1.744660e-01 1.792645e-01 1.733528e-01 1.778938e-01 1.717784e-01 1.748816e-01 
