%  columns="iteration, evaluation, fitness, void, void, xrecentbest" (startseed=211214, 2023/08/9 5:16:51.15)
1 15  1.000000000000000000e+11 0 0 4.851601e-01 5.024041e-01 -2.599412e-01 7.609476e-02 7.517644e-01 2.568884e-02 8.316508e-01 8.011661e-01 1.062348e+00 5.626282e-01 6.501914e-01 4.971820e-01 7.405082e-01 5.309568e-01 1.201101e+00 -1.283288e-01 8.875379e-01 5.262381e-01 5.335440e-01 4.456742e-01 4.755338e-01 2.560727e-01 5.149479e-01 9.428605e-01 7.239917e-01 1.078849e+00 -2.528962e-01 1.693062e-01 2.209993e-01 1.155503e+00 2.245237e-01 6.228778e-01 3.442479e-01 6.462583e-01 
2 29  6.718274489482566878e+02 0 0 2.079248e-02 9.333847e-02 -3.907274e-01 3.248004e-02 7.437201e-01 4.973974e-01 3.862772e-01 7.431692e-01 5.945258e-01 9.407992e-01 3.186008e-01 8.378342e-01 6.658685e-01 4.768844e-01 1.256658e-01 -6.457216e-01 4.366777e-01 4.468308e-01 1.257266e+00 1.864749e-01 -3.651228e-01 1.302703e+00 -3.459174e-02 1.368725e+00 3.879123e-01 9.428845e-01 8.381414e-02 -1.183327e-01 1.331701e-01 8.252335e-01 6.105104e-01 7.201623e-01 4.006080e-01 7.608011e-01 
3 43  3.588656722591628068e+02 0 0 8.107001e-01 2.555599e-01 2.574876e-01 7.358719e-01 6.409700e-01 -1.709358e-02 2.867579e-01 9.682142e-01 8.953351e-01 2.809636e-01 8.493268e-01 6.246270e-01 4.612166e-01 -4.292106e-01 1.083652e+00 4.379591e-01 4.435139e-01 5.274867e-01 4.671060e-01 9.388693e-02 3.606601e-02 1.484554e+00 6.383516e-01 7.880480e-01 7.580212e-01 8.986516e-01 2.782910e-01 4.460586e-01 5.958733e-01 4.253694e-01 9.710709e-01 5.353465e-01 4.478255e-01 4.206543e-01 
4 57  1.136111915191705521e+03 0 0 6.445430e-01 4.493997e-01 5.641122e-02 1.044695e-01 1.578477e-01 1.910656e-01 1.759651e-01 6.250724e-01 8.631011e-01 -1.060049e-01 1.089665e+00 6.964672e-01 6.883459e-01 5.062354e-01 1.373322e+00 7.726198e-01 1.329357e-01 5.445125e-01 5.620814e-01 -2.056431e-02 -2.262480e-01 8.544491e-01 5.025023e-01 5.933626e-01 2.382647e-02 1.634281e+00 3.716137e-01 6.197378e-01 1.788179e-01 8.934516e-01 8.392093e-01 4.333118e-01 7.114960e-01 1.092936e+00 
5 71  1.000000000000000000e+05 0 0 1.172848e+00 -3.156112e-01 8.675246e-01 8.354525e-01 -1.182464e-01 -2.066114e-01 2.656466e-01 1.552960e-01 9.264596e-01 2.480059e-01 5.218435e-01 1.812975e+00 3.353040e-01 7.288371e-01 1.016308e+00 7.657569e-01 2.800284e-01 -6.688266e-01 8.173442e-01 7.610113e-01 1.706775e-01 9.412652e-01 5.252521e-01 2.199075e-01 3.636481e-01 1.201784e+00 9.668954e-01 4.028133e-01 4.404960e-01 4.901038e-01 1.256266e-01 7.742171e-01 7.156116e-02 3.395105e-01 
6 85  1.000000000000000000e+05 0 0 5.122754e-01 -2.831674e-01 2.531131e-01 2.011474e-02 1.902527e-01 -2.474919e-01 3.399974e-01 -1.356051e-01 1.670961e-01 -5.138595e-02 5.271783e-01 6.163440e-01 5.680672e-01 1.614417e-01 7.976971e-01 1.049109e+00 8.776811e-01 -1.508135e-01 7.670627e-01 2.277504e-01 1.005817e-01 6.694470e-01 6.402255e-01 9.511783e-01 2.085781e-01 8.166226e-01 6.985026e-02 3.356266e-01 5.912672e-01 7.641355e-01 6.003866e-01 1.344883e+00 8.059775e-01 4.152057e-01 
7 99  1.000000000000000000e+05 0 0 5.609353e-01 3.191149e-01 6.635637e-01 4.453319e-02 1.996933e-01 -2.904698e-01 -1.910779e-01 -1.824778e-01 1.155952e+00 -2.260205e-01 1.043599e+00 6.001298e-01 7.031110e-01 6.072335e-01 1.024445e+00 3.747491e-01 1.168562e+00 -3.286223e-02 5.887134e-01 2.031274e-01 2.274202e-01 4.732371e-01 3.950458e-01 9.124755e-01 1.132639e-01 9.288451e-01 1.189165e+00 9.228127e-01 5.029812e-01 7.262446e-01 1.140525e-01 1.560736e+00 8.743315e-01 9.635943e-01 
8 113  5.158052222046636643e+02 0 0 5.195633e-01 4.531381e-01 6.354735e-01 1.357161e-01 6.453457e-01 3.745619e-02 8.161910e-01 5.080466e-01 8.919856e-01 -4.610652e-01 5.508562e-01 9.796857e-01 7.582464e-01 4.044336e-01 5.026906e-01 4.827044e-01 5.299820e-01 6.949140e-01 6.206845e-01 4.292630e-01 5.186504e-01 6.907372e-01 3.465180e-01 7.424120e-01 3.366768e-01 1.425345e+00 3.229017e-01 9.395737e-01 6.485913e-03 2.021588e-01 4.722095e-01 8.816786e-01 5.417399e-01 8.118499e-02 
9 127  1.000000000000000000e+05 0 0 1.501633e+00 1.046649e+00 6.123430e-01 -3.053025e-01 6.818085e-01 5.443471e-01 6.500655e-01 5.486724e-02 4.438364e-01 7.446840e-02 3.800131e-01 8.972179e-01 9.014176e-01 4.052518e-01 2.161997e-01 5.891359e-01 9.012943e-01 -2.318026e-01 5.555790e-01 2.108953e-01 -3.834963e-01 6.670617e-01 3.653818e-01 -1.715131e-01 5.406824e-01 1.001120e+00 6.064021e-01 -4.068040e-02 2.687698e-01 1.076988e+00 1.808457e-01 8.378354e-01 7.910158e-01 4.726068e-01 
10 141  1.000000000000000000e+05 0 0 1.161741e+00 5.489253e-01 1.119207e+00 -8.419563e-02 4.465017e-01 2.335931e-01 6.714858e-01 -1.474108e-01 1.801577e-01 3.165273e-01 1.572977e-01 1.441355e+00 5.620224e-01 2.981353e-01 8.716382e-01 1.655065e-01 6.181954e-01 -8.375583e-02 7.614109e-01 4.584282e-02 2.579738e-01 9.079918e-01 1.778766e-01 1.884564e-01 4.103986e-01 3.608029e-01 2.087562e-01 3.063810e-01 -1.253953e-01 7.024491e-01 2.768208e-01 8.202099e-01 -3.293118e-01 7.696458e-01 
11 155  1.000000000000000000e+05 0 0 4.506924e-01 7.208955e-01 4.976331e-01 -9.216737e-02 4.851428e-01 4.936971e-01 1.913404e-01 -3.682501e-02 5.185523e-01 6.584595e-01 5.113308e-01 1.480939e+00 4.027813e-02 6.596784e-01 8.692724e-01 5.492463e-02 1.175586e+00 2.455158e-01 6.910926e-01 6.034525e-01 -1.836266e-01 9.329468e-01 3.656436e-03 7.933471e-01 1.098521e+00 1.022911e+00 4.857255e-01 9.081425e-01 3.493083e-01 5.071988e-01 6.644828e-01 6.937275e-01 5.294051e-01 7.553233e-01 
12 169  1.000000000000000000e+05 0 0 6.443135e-01 2.937168e-01 8.379078e-01 1.025157e+00 4.915499e-01 6.163887e-01 6.137719e-01 3.648723e-01 5.056936e-01 6.660834e-01 1.968398e-01 8.168548e-01 5.255563e-01 9.209908e-01 5.761279e-01 2.266207e-01 9.122073e-01 2.363024e-01 1.507356e+00 9.626554e-02 7.075494e-01 4.337640e-01 7.245848e-02 -2.504282e-02 4.312845e-01 4.568133e-01 -9.915181e-03 6.167274e-01 5.226988e-01 1.105728e+00 4.627528e-01 1.057723e+00 2.419731e-01 -1.924093e-01 
13 183  1.479584777489660610e+03 0 0 9.883191e-01 -6.051708e-02 8.518256e-01 2.483555e-01 6.438934e-01 3.052203e-01 1.249800e+00 5.078939e-01 6.180639e-01 8.207190e-01 6.238272e-01 7.687853e-01 4.969846e-01 7.839276e-01 1.037317e+00 1.608560e-01 5.892443e-01 5.956159e-01 1.143367e+00 -7.131781e-02 4.674287e-01 5.214827e-01 -4.733936e-01 2.663455e-02 7.498916e-01 8.519540e-01 2.084249e-02 4.506244e-01 3.939035e-01 1.039896e+00 6.975487e-01 9.996036e-01 -6.414011e-02 4.032645e-01 
14 197  1.000000000000000000e+05 0 0 1.621373e+00 2.835284e-01 1.457493e+00 1.021260e-01 3.989262e-01 3.467897e-01 5.369629e-01 -2.123470e-01 8.873702e-01 3.282087e-01 8.736028e-01 4.725795e-01 3.379289e-01 1.123791e+00 9.085903e-01 1.940012e-01 1.430245e+00 3.524322e-01 6.156828e-01 -2.081814e-01 6.023008e-01 3.676956e-01 4.076249e-01 7.611402e-02 8.629601e-01 3.724075e-01 5.289533e-01 7.414188e-01 5.729899e-01 6.840098e-01 1.061822e-01 6.732560e-01 5.002213e-01 7.168277e-01 
15 211  1.000000000000000000e+05 0 0 1.007194e+00 2.837722e-01 5.993368e-01 4.030654e-01 1.779733e-01 -2.222730e-01 4.552590e-01 1.319484e-01 5.804553e-01 6.229480e-01 1.287871e+00 9.599052e-01 3.349896e-01 7.190675e-01 5.000689e-01 1.802037e-01 8.055939e-01 4.089439e-01 1.104140e+00 1.939081e-01 8.096175e-01 2.172194e-01 -3.731406e-02 5.411560e-01 8.246626e-01 5.208663e-01 7.766532e-02 2.098669e-01 3.842321e-01 3.154069e-01 7.500747e-01 5.529107e-01 6.801064e-01 1.329544e-01 
16 225  1.000000000000000000e+05 0 0 1.026140e+00 -4.902683e-02 6.741704e-01 6.040128e-01 3.117488e-01 3.953117e-01 1.810710e-01 2.246026e-02 6.020763e-01 5.166721e-01 2.662649e-01 5.525130e-01 1.434603e-01 7.188355e-01 2.032235e-01 3.174200e-01 8.162398e-01 -4.912819e-02 9.725780e-01 1.345864e-01 2.905526e-01 -2.005346e-01 1.443604e-01 2.216877e-01 2.651413e-01 5.920872e-01 -2.025586e-01 6.766855e-01 -6.524758e-02 5.293431e-01 4.847580e-01 5.966151e-01 6.027446e-01 2.040954e-01 
17 239  1.000000000000000000e+05 0 0 8.135202e-01 -1.493179e-01 9.105761e-01 4.953684e-01 2.840561e-01 5.498393e-01 9.642335e-01 5.154061e-01 7.190863e-01 6.659471e-01 3.143292e-01 8.255699e-01 -1.188541e-01 1.217060e+00 1.112414e-01 -6.384029e-02 7.061982e-01 -1.222331e-01 8.995066e-01 -2.167402e-02 -1.232801e-02 2.497238e-01 2.359041e-01 1.786418e-01 1.096548e+00 2.381653e-01 1.167363e-01 4.818799e-01 6.190087e-01 -3.046159e-01 4.382255e-01 4.439608e-01 1.025311e+00 -1.879220e-02 
18 253  1.000000000000000000e+05 0 0 1.049212e+00 -1.935582e-01 8.780388e-01 3.893326e-01 3.404461e-01 2.046242e-01 -1.915066e-02 2.106461e-01 5.596196e-01 5.475678e-01 5.082316e-01 6.557198e-01 4.793015e-01 7.227045e-01 6.912368e-01 7.596626e-01 6.642645e-01 2.255005e-01 4.768284e-01 -1.685035e-01 3.417241e-01 1.413707e-01 3.928418e-01 1.444596e-01 9.956604e-01 7.304427e-01 1.642506e-01 7.659900e-01 2.793439e-01 1.901490e-01 3.327295e-01 8.464883e-01 7.265350e-01 4.615293e-01 
19 267  1.000000000000000000e+05 0 0 9.639240e-01 2.625833e-01 6.663427e-01 6.523128e-01 2.252793e-01 2.947442e-01 4.557176e-01 3.417922e-01 1.312482e-01 3.350229e-01 7.680142e-01 7.610647e-01 6.128571e-01 7.751259e-01 5.680244e-01 6.705719e-01 8.790890e-01 1.954126e-01 1.073001e+00 3.916707e-01 -6.740090e-03 1.853540e-01 2.939962e-01 2.253065e-01 7.279043e-01 4.510239e-01 7.431754e-02 1.007983e+00 -1.960628e-01 6.688501e-01 7.311308e-01 6.935985e-01 4.785245e-01 5.371240e-01 
20 281  1.000000000000000000e+05 0 0 6.001734e-01 4.662142e-01 8.103707e-01 7.764919e-02 3.519349e-01 4.525862e-01 2.054610e-01 -1.533340e-01 3.491744e-01 5.340265e-01 4.482660e-01 6.245176e-01 4.984039e-01 1.112625e+00 7.820340e-01 5.352031e-01 4.946070e-01 1.457302e-01 4.904818e-01 3.935454e-01 4.797453e-01 -2.003000e-01 1.304588e-01 6.603538e-01 4.887242e-01 2.566487e-01 2.716171e-01 6.101144e-01 2.160355e-01 4.194303e-01 -9.040347e-02 3.807691e-01 6.382377e-01 5.238904e-01 
21 295  4.760495185975415211e+02 0 0 7.337665e-01 4.822174e-01 9.138302e-01 2.934517e-02 7.382235e-01 4.258855e-01 3.059073e-01 3.241270e-01 4.281777e-01 2.384648e-01 6.546551e-01 7.016883e-01 4.323765e-01 8.253856e-01 6.570872e-01 5.394640e-01 3.958484e-01 6.569847e-01 5.594967e-01 3.426805e-01 4.918251e-01 -2.149096e-01 4.577213e-01 7.648731e-01 2.612336e-01 3.494980e-01 1.009030e-01 3.643473e-01 -2.688902e-02 6.762750e-01 3.299338e-01 7.290954e-01 7.095991e-01 1.834770e-01 
22 309  1.000000000000000000e+05 0 0 4.946926e-01 2.722321e-01 5.322343e-01 2.774095e-01 6.351432e-01 4.955518e-01 1.206588e-01 2.292886e-01 7.821780e-01 1.927875e-01 4.132535e-01 7.546865e-01 3.873862e-01 6.889888e-01 8.866366e-01 6.083062e-02 6.934437e-01 5.170292e-02 4.260664e-01 4.357174e-01 3.040126e-01 2.630176e-01 1.039332e-01 4.885090e-01 4.153917e-01 4.410562e-01 -5.747200e-02 4.690029e-01 2.028175e-01 8.185353e-01 -6.500652e-02 1.930694e-01 7.619070e-01 3.363950e-01 
23 323  1.000000000000000000e+05 0 0 7.321980e-01 8.067208e-01 5.843680e-01 4.327984e-01 3.590809e-01 7.919102e-01 4.253061e-01 6.595168e-01 8.597072e-01 -9.210443e-03 1.114767e+00 1.091426e+00 -4.769473e-02 7.832279e-01 6.941396e-01 4.406097e-01 8.665651e-01 4.196580e-02 7.116186e-01 7.058898e-01 2.346944e-01 -3.274362e-01 -2.305970e-01 7.615631e-01 1.212454e-01 7.145522e-01 2.058358e-01 7.206476e-01 -2.081769e-01 1.081088e+00 5.392485e-01 1.033076e+00 4.917543e-01 1.327900e-01 
24 337  1.000000000000000000e+05 0 0 5.044570e-01 5.052531e-01 6.033874e-01 1.586941e-01 1.766284e-01 6.598769e-01 4.622551e-01 8.103461e-01 7.882783e-01 5.399900e-01 1.100669e+00 1.006249e+00 1.202971e-02 1.079105e+00 3.847247e-01 2.712118e-01 9.782338e-01 5.354579e-01 5.684449e-01 5.420971e-01 5.406250e-01 1.982155e-01 4.318299e-01 7.066679e-01 8.052700e-01 8.870328e-02 -3.260741e-02 9.377111e-01 1.754185e-01 1.936552e-01 1.284089e-01 6.149848e-01 9.671897e-01 3.946968e-01 
25 351  1.000000000000000000e+05 0 0 2.348493e-01 8.035670e-01 2.844007e-01 3.969764e-01 3.553760e-02 1.055259e+00 3.509306e-01 3.488167e-01 6.999472e-01 3.237535e-01 7.702898e-01 9.149992e-01 5.165035e-01 8.933348e-01 1.111558e-01 6.271625e-01 1.074139e+00 9.219281e-02 8.885716e-01 4.305266e-01 5.697624e-01 1.792613e-01 1.424634e-01 9.105766e-01 1.462932e-01 4.840762e-02 8.881621e-02 1.096439e+00 1.890979e-01 4.046769e-01 8.511507e-02 6.300055e-01 5.311236e-01 5.758480e-01 
26 365  1.000000000000000000e+05 0 0 1.574351e-01 7.591592e-01 3.609341e-01 4.908324e-01 2.651161e-02 4.649664e-01 2.034451e-01 6.207647e-01 8.606945e-01 5.206582e-01 6.716968e-01 1.139698e+00 3.523424e-01 1.112969e+00 3.857427e-01 4.579585e-01 5.370953e-01 -4.782882e-02 9.556700e-01 5.619703e-01 5.182140e-01 1.622770e-01 5.960094e-01 7.912591e-01 6.785627e-01 -5.408566e-02 6.263656e-02 7.073508e-01 4.396121e-01 9.039083e-01 7.225233e-02 9.144807e-02 3.758559e-01 6.842927e-01 
27 379  6.565043490910109540e+03 0 0 5.994010e-01 1.232319e-01 3.774942e-01 2.761656e-01 1.900333e-01 6.163929e-01 3.400491e-01 1.068873e+00 1.098146e+00 3.694255e-01 7.108378e-01 1.133890e+00 2.352213e-01 6.289924e-01 5.157974e-01 2.434190e-01 7.490430e-01 7.668297e-01 8.375057e-01 7.617066e-01 7.337821e-01 -7.700689e-03 4.293743e-01 8.879870e-01 2.436577e-01 2.332154e-01 5.585061e-01 1.169848e+00 1.041578e-01 6.323075e-01 2.321359e-01 6.270409e-01 1.007233e+00 4.878648e-01 
28 393  6.419552439136035900e+03 0 0 -1.678793e-02 6.897670e-01 5.364101e-01 3.529665e-01 2.384474e-01 7.156728e-01 2.499396e-01 9.008009e-01 9.520810e-01 4.438032e-01 1.136737e+00 1.317424e+00 2.972288e-01 6.702535e-01 2.539610e-02 1.963102e-01 6.899894e-01 7.341459e-01 8.492022e-01 6.432087e-01 3.779287e-01 3.935628e-01 3.198718e-01 8.692966e-01 -1.143975e-01 2.224944e-01 2.276917e-01 7.125445e-01 4.035037e-01 6.798696e-01 9.191357e-02 4.698888e-01 4.259825e-01 7.244629e-01 
29 407  1.000000000000000000e+05 0 0 -1.431107e-01 6.773927e-01 6.150251e-01 9.104982e-02 2.841387e-02 7.991424e-01 4.467479e-01 7.341252e-01 1.036113e+00 2.603323e-01 8.271707e-01 6.490898e-01 -1.657582e-02 8.404628e-01 3.686429e-01 3.779784e-01 1.010194e+00 4.763253e-01 9.651976e-01 6.140593e-01 9.772306e-01 -7.121606e-02 6.482368e-01 1.307591e+00 -2.029818e-01 2.750212e-01 -6.818464e-02 4.037897e-01 2.823024e-01 5.223049e-01 -2.249089e-01 1.829344e-01 3.943470e-01 4.785935e-01 
30 421  1.000000000000000000e+05 0 0 1.089167e-01 6.366196e-01 6.469284e-01 -1.305456e-01 1.118332e-01 8.730868e-01 -6.670541e-02 7.839257e-01 8.166511e-01 3.571959e-01 1.281320e+00 7.978142e-01 2.648339e-01 1.217895e+00 6.486557e-01 3.333078e-01 7.656828e-01 4.509916e-01 9.263985e-01 7.067396e-01 5.167943e-01 3.074110e-01 2.450973e-01 6.793512e-01 3.468537e-01 2.745042e-01 2.931743e-02 9.255868e-01 4.047871e-01 9.795166e-01 6.461958e-01 6.059017e-01 3.853881e-01 6.996065e-01 
31 435  1.000000000000000000e+05 0 0 2.833774e-01 7.423304e-01 3.144464e-01 9.466036e-04 8.339464e-03 4.078095e-01 5.315933e-01 7.495772e-01 9.078860e-01 3.184924e-01 5.954210e-01 8.549767e-01 1.205521e-01 8.654593e-01 8.618995e-01 2.931904e-01 5.901123e-01 1.238910e-01 5.995861e-01 3.619947e-01 6.336794e-01 4.094051e-01 7.735945e-01 7.940753e-01 -8.611469e-02 4.675982e-02 -1.382240e-01 8.821305e-01 5.805124e-01 1.127095e+00 6.121956e-01 6.518211e-01 2.797800e-01 3.001355e-01 
32 449  1.178953682881258601e+03 0 0 4.862567e-01 8.411245e-01 5.418983e-01 8.966876e-02 3.054084e-01 3.341302e-01 5.255740e-01 1.043841e+00 8.062791e-01 2.541137e-01 1.109225e+00 4.614656e-01 1.666469e-01 9.636390e-01 6.658556e-01 3.711871e-01 5.170688e-01 5.347736e-01 4.991435e-01 5.478621e-01 4.748809e-01 -2.848971e-02 7.541466e-01 7.821025e-01 -1.922067e-01 4.050465e-01 2.589965e-02 1.022341e+00 4.014968e-01 1.018712e+00 4.310935e-01 5.096709e-01 4.486597e-01 2.703668e-01 
33 463  1.725413071738305234e+03 0 0 1.308208e-01 5.057402e-01 8.136721e-01 5.518729e-02 3.955563e-01 3.607848e-01 5.377011e-01 1.083119e+00 8.903333e-01 2.951542e-01 1.225768e+00 5.010347e-01 3.915980e-02 9.723178e-01 5.175110e-01 2.491152e-01 4.870343e-01 4.857459e-01 6.876838e-01 2.745748e-01 5.563866e-01 1.254705e-01 6.894447e-01 6.488144e-01 1.710397e-01 2.876982e-01 2.627080e-01 9.116068e-01 1.085421e-01 7.435747e-01 6.208488e-01 6.585696e-01 2.302615e-01 4.847188e-01 
34 477  3.466843156364452170e+03 0 0 3.095234e-01 6.409207e-01 7.186086e-01 -5.258017e-02 4.101136e-01 5.304625e-01 2.921663e-01 6.790272e-01 8.531896e-01 1.239791e-01 1.016650e+00 7.050112e-01 2.733339e-02 5.516484e-01 7.463707e-01 5.889278e-01 6.391531e-01 7.645359e-01 8.337930e-01 4.215219e-01 3.244785e-01 4.452658e-02 4.693017e-01 3.929095e-01 3.280230e-02 3.692658e-01 -5.261910e-02 6.784561e-01 2.516835e-03 7.800833e-01 5.892144e-01 4.618694e-01 3.984702e-01 1.984315e-01 
35 491  2.780178793979018337e+03 0 0 1.176421e-01 6.831731e-01 3.606917e-01 2.274800e-01 3.694727e-01 6.296393e-01 4.317712e-01 1.203895e+00 4.726902e-01 3.363114e-01 9.730701e-01 4.228281e-01 -1.935523e-01 6.344895e-01 5.882688e-01 1.102050e-01 4.872578e-01 5.559306e-01 7.894990e-01 3.955787e-01 3.678555e-01 3.454646e-01 6.240469e-01 3.326258e-01 1.269403e-01 4.495864e-01 3.353000e-01 9.141840e-01 5.066370e-01 8.661196e-01 5.274582e-01 8.154577e-01 2.152089e-01 3.520704e-01 
36 505  1.000000000000000000e+05 0 0 4.202853e-01 5.018841e-01 3.914807e-01 5.918547e-01 3.742270e-01 6.481463e-01 4.770806e-01 6.419515e-01 7.169449e-01 7.028602e-01 8.558486e-01 8.913013e-01 -2.602683e-02 4.094104e-01 3.471750e-01 2.649154e-01 8.504972e-01 3.880659e-01 8.710160e-01 1.146460e-01 3.073897e-04 3.663316e-01 4.274899e-01 3.304540e-01 -3.048619e-02 3.356337e-01 -8.203231e-02 6.711558e-01 5.889375e-01 8.713576e-01 6.823481e-01 6.433887e-01 2.859416e-01 3.261184e-01 
37 519  1.000000000000000000e+05 0 0 5.740254e-01 5.800726e-01 5.524708e-01 5.937837e-01 1.725136e-01 5.798158e-01 4.791729e-01 6.771845e-01 6.165999e-01 2.585669e-01 8.083458e-01 9.399243e-01 2.010872e-01 4.946882e-01 6.528768e-01 3.698077e-01 6.300691e-01 3.283087e-01 7.784664e-01 3.430860e-01 4.242886e-01 4.145454e-01 3.309008e-01 7.804393e-01 2.762275e-01 1.358791e-01 4.341915e-01 6.593204e-01 8.061835e-01 9.558949e-01 2.640827e-01 6.219469e-01 4.406046e-01 3.153342e-01 
38 533  4.158971166737388558e+03 0 0 5.017170e-01 7.092613e-01 5.766264e-01 4.242982e-01 1.166521e-01 3.306373e-01 3.430154e-01 7.952375e-01 4.418180e-01 4.346419e-01 7.174392e-01 1.101222e+00 2.245843e-01 2.214121e-01 5.356655e-01 1.728845e-01 5.135275e-01 7.803833e-01 8.286384e-01 -3.181935e-03 6.097228e-01 3.101444e-01 4.044613e-01 5.170437e-01 2.137906e-01 8.539001e-02 2.635712e-01 7.139709e-01 4.756465e-01 8.944076e-01 4.905940e-01 9.198156e-01 3.309634e-01 2.038236e-01 
39 547  1.032714595717361362e+03 0 0 7.193015e-01 6.688034e-01 6.574837e-01 3.372848e-01 3.760653e-01 3.222190e-01 4.997133e-01 6.976136e-01 7.199374e-01 4.456138e-01 6.148842e-01 8.288119e-01 3.770744e-01 4.634110e-01 5.310519e-01 4.160490e-01 6.594918e-01 8.544981e-01 1.004727e+00 4.916235e-01 2.198007e-01 3.045306e-01 2.793434e-01 7.986685e-01 1.160663e-01 2.502579e-01 1.344164e-01 7.010929e-01 8.182339e-01 1.039661e+00 1.353106e-01 7.155467e-01 6.224470e-01 1.576748e-01 
40 561  1.344413758207818091e+03 0 0 5.215643e-01 5.559410e-01 7.414505e-01 4.840387e-01 5.403645e-02 3.740641e-01 6.678207e-01 8.337663e-01 1.557949e-01 3.776781e-01 8.224003e-01 9.012416e-01 4.626483e-01 5.591769e-01 9.540198e-01 5.345396e-01 5.898119e-01 6.624764e-01 1.103311e+00 4.705071e-01 9.864196e-02 -5.664733e-02 3.522255e-01 5.752505e-01 9.679238e-02 1.500853e-01 4.427811e-01 9.716805e-01 6.827597e-01 1.106673e+00 3.204058e-01 6.213148e-01 4.866337e-01 1.616289e-01 
41 575  1.000000000000000000e+05 0 0 3.653418e-01 9.000116e-01 7.211414e-01 2.611310e-01 3.286594e-01 6.033466e-01 7.866932e-01 6.248340e-01 5.431469e-01 4.084109e-01 6.164641e-01 7.630023e-01 5.608517e-01 3.736919e-01 4.185566e-01 2.684685e-01 6.982312e-01 6.890461e-01 9.331804e-01 2.005490e-01 2.964437e-01 2.413311e-01 4.209990e-01 5.328136e-01 1.128945e-01 4.243290e-01 5.072777e-01 6.625162e-01 7.196797e-01 8.830463e-01 -9.248337e-02 7.449844e-01 4.267059e-01 3.184868e-02 
42 589  1.000000000000000000e+05 0 0 4.649741e-01 8.988308e-01 8.621078e-01 3.204752e-01 3.330869e-01 5.732745e-01 6.875943e-01 3.026523e-01 3.529059e-01 5.518839e-01 8.608354e-01 9.366907e-01 3.371533e-01 4.067237e-01 5.519783e-01 6.617217e-01 9.976972e-01 5.841030e-01 6.837481e-01 4.068142e-02 1.162201e-01 -6.968517e-02 5.193124e-01 6.699517e-01 3.511429e-01 3.412150e-01 3.421124e-01 6.440733e-01 7.973819e-01 7.114679e-01 2.767135e-01 6.737950e-01 4.361382e-01 8.444455e-02 
43 603  1.000000000000000000e+05 0 0 3.922928e-01 7.950615e-01 5.921416e-01 4.272200e-01 3.466103e-01 5.780247e-01 8.166909e-01 4.450177e-01 2.933325e-01 2.506951e-01 8.158941e-01 9.559093e-01 1.865288e-01 4.666939e-01 7.943863e-01 3.865595e-01 7.248179e-01 6.188790e-01 7.599635e-01 1.934587e-01 2.890665e-01 1.739307e-01 5.063728e-01 9.892042e-01 1.740964e-01 5.945860e-01 4.503130e-01 5.312449e-01 4.531637e-01 8.684531e-01 6.019926e-02 7.281134e-01 6.075176e-01 2.315777e-01 
44 617  1.392687307939262155e+03 0 0 6.033651e-01 7.565409e-01 9.423798e-01 1.451140e-01 3.850877e-01 5.235242e-01 7.558776e-01 6.393113e-01 3.821031e-01 3.213440e-01 5.178001e-01 7.654499e-01 2.696568e-01 5.908444e-01 7.981404e-01 2.329282e-01 9.035128e-01 9.686682e-01 8.678366e-01 1.984320e-01 1.480609e-01 2.590893e-01 3.974281e-01 8.662639e-01 3.871962e-01 5.724031e-01 4.149059e-01 3.672006e-01 5.488236e-01 8.580210e-01 7.986681e-02 8.589028e-01 5.370208e-01 2.239830e-01 
45 631  1.970021904192058400e+03 0 0 6.779593e-01 8.165935e-01 7.291674e-01 4.159954e-01 3.148870e-01 4.861303e-01 7.859086e-01 7.080650e-01 4.697391e-01 3.159295e-02 6.174125e-01 6.757696e-01 6.474720e-02 4.497407e-01 8.448084e-01 3.583704e-01 7.819122e-01 7.997970e-01 8.795993e-01 4.311667e-01 3.566897e-01 5.588046e-01 2.575736e-01 7.123569e-01 2.573035e-01 4.792251e-01 5.618035e-01 5.016492e-01 6.615049e-01 8.530769e-01 1.571304e-01 6.939632e-01 5.268967e-01 2.796702e-01 
46 645  1.348137632101195095e+03 0 0 6.622596e-01 8.964756e-01 6.937345e-01 3.483839e-01 5.188643e-01 6.443009e-01 8.794211e-01 6.140339e-01 4.744772e-01 1.895179e-01 7.963840e-01 8.133468e-01 1.591580e-01 7.811703e-01 7.592296e-01 3.990923e-01 4.816380e-01 7.884286e-01 1.065281e+00 3.510708e-01 2.454468e-01 2.292295e-01 5.536782e-01 6.601141e-01 5.720341e-01 5.689695e-01 5.023969e-01 4.193150e-01 6.390593e-01 9.945411e-01 -1.605090e-01 4.973465e-01 5.596632e-01 -1.602352e-02 
47 659  5.028189004573285956e+02 0 0 6.973357e-01 8.433550e-01 7.759270e-01 3.027306e-01 3.820613e-01 6.243042e-01 8.958939e-01 7.525156e-01 5.124762e-01 1.804727e-01 6.013117e-01 6.140431e-01 4.337340e-01 4.849940e-01 4.017937e-01 4.529758e-01 6.797889e-01 6.886675e-01 8.399297e-01 3.284653e-01 3.762851e-01 2.432658e-01 1.117350e-01 7.988287e-01 2.082677e-01 9.071813e-01 4.821174e-01 4.462698e-01 6.089393e-01 7.486523e-01 1.794667e-01 7.595496e-01 7.257347e-01 2.494168e-01 
48 673  4.385658306128712525e+02 0 0 6.981912e-01 9.863906e-01 9.154098e-01 3.940405e-01 4.022892e-01 6.952152e-01 6.845181e-01 9.353196e-01 6.279534e-01 -1.612564e-02 8.068732e-01 6.113289e-01 4.183171e-01 8.614011e-01 5.677967e-01 2.158563e-01 6.931029e-01 6.908815e-01 9.760177e-01 4.868745e-01 5.868857e-01 4.283295e-01 3.781442e-01 8.008220e-01 1.658663e-01 6.393028e-01 5.814672e-01 5.615253e-01 4.328717e-01 6.910979e-01 2.495246e-01 5.024677e-01 8.673822e-01 4.041771e-01 
49 687  5.077398401976139439e+02 0 0 3.389323e-01 6.588154e-01 7.965978e-01 3.882976e-01 1.169885e-01 6.193388e-01 5.342398e-01 8.954888e-01 5.859269e-01 3.233218e-01 6.376300e-01 6.004897e-01 2.853375e-01 6.680966e-01 6.386131e-01 6.496599e-01 7.752936e-01 8.663186e-01 7.680895e-01 4.793448e-01 6.768814e-01 3.029298e-01 3.348657e-01 8.026577e-01 1.843851e-01 6.880752e-01 5.547516e-01 6.505094e-01 5.412880e-01 7.087741e-01 2.253545e-01 6.044576e-01 6.261627e-01 4.344839e-01 
50 701  4.195278599199068026e+02 0 0 4.058367e-01 8.143851e-01 9.885774e-01 1.508191e-01 2.310030e-01 5.125992e-01 6.869828e-01 6.972381e-01 5.661668e-01 1.767820e-01 5.685353e-01 7.613140e-01 4.804674e-01 5.537549e-01 8.721167e-01 5.475523e-01 6.741967e-01 8.854822e-01 8.064196e-01 3.170594e-01 5.653901e-01 4.547386e-01 5.281086e-01 4.963499e-01 1.335878e-01 9.859803e-01 6.236652e-01 5.963948e-01 4.216173e-01 7.065769e-01 3.338361e-01 5.417573e-01 5.931185e-01 2.503785e-01 
51 715  4.621990770564522109e+02 0 0 4.105616e-01 6.734225e-01 7.769417e-01 1.607346e-01 2.719722e-01 5.910697e-01 8.320110e-01 7.455196e-01 7.091717e-01 1.088728e-01 5.888792e-01 4.979210e-01 5.044319e-01 3.974409e-01 8.467615e-01 6.386890e-01 7.347326e-01 7.998968e-01 9.011330e-01 1.046411e-01 2.789334e-01 4.766588e-01 4.709778e-01 6.411905e-01 1.402172e-01 8.491672e-01 5.239431e-01 7.023432e-01 3.728107e-01 5.026323e-01 3.485651e-01 7.577046e-01 7.217935e-01 3.095549e-01 
52 729  1.000000000000000000e+05 0 0 5.492098e-01 8.955515e-01 8.445191e-01 2.878646e-01 2.279384e-01 8.427307e-01 9.952861e-01 7.437737e-01 5.632011e-01 1.224628e-01 7.040480e-01 7.338210e-01 4.311629e-01 3.423016e-01 6.051891e-01 5.479817e-01 6.337521e-01 7.969417e-01 9.045415e-01 2.000717e-01 3.748627e-01 4.995947e-01 4.870484e-01 6.352030e-01 2.616545e-01 7.250503e-01 5.588464e-01 6.529824e-01 3.350444e-01 5.766976e-01 2.154121e-01 6.763827e-01 6.751763e-01 5.004718e-01 
53 743  3.171613968421031018e+02 0 0 4.811147e-01 9.031093e-01 1.001518e+00 2.197381e-01 3.903734e-01 4.659194e-01 9.911433e-01 8.580327e-01 5.888809e-01 4.599488e-01 9.293048e-01 5.559193e-01 6.874841e-01 7.170703e-01 1.013982e+00 7.814706e-01 4.076556e-01 7.507918e-01 1.081911e+00 7.216336e-02 3.640666e-01 2.444407e-01 5.329014e-01 5.512568e-01 2.848173e-01 3.466362e-01 5.441688e-01 4.866217e-01 4.010754e-01 7.148966e-01 7.300276e-02 5.397244e-01 8.235009e-01 4.930979e-02 
54 757  4.126759838974367653e+02 0 0 4.015459e-01 7.595385e-01 6.696769e-01 4.839311e-01 2.544140e-01 4.316328e-01 8.775834e-01 7.460422e-01 3.652612e-01 2.026300e-01 7.617388e-01 8.172709e-01 5.494263e-01 4.179996e-01 4.108501e-01 7.533395e-01 5.747932e-01 6.523878e-01 7.353387e-01 9.348804e-02 3.338040e-01 4.886523e-01 2.975831e-01 6.555960e-01 3.926489e-01 3.514511e-01 4.508295e-01 6.416112e-01 2.604355e-01 5.425029e-01 2.144444e-01 7.114078e-01 7.365679e-01 3.379220e-01 
55 771  1.000000000000000000e+05 0 0 4.870841e-01 6.082564e-01 7.181013e-01 3.257389e-01 1.272680e-01 6.814370e-01 9.613140e-01 6.987625e-01 5.128108e-01 3.539330e-01 7.639090e-01 6.919220e-01 5.458278e-01 1.898648e-01 7.055671e-01 6.442873e-01 5.762727e-01 5.027186e-01 6.447922e-01 3.994380e-01 2.021807e-01 5.623026e-01 4.148308e-01 5.941610e-01 6.318884e-01 6.757977e-01 6.117290e-01 7.419753e-01 5.938844e-01 5.741731e-01 -3.744033e-02 6.353598e-01 4.811203e-01 2.964009e-01 
56 785  1.000000000000000000e+05 0 0 6.224119e-01 8.287243e-01 7.757689e-01 2.094478e-01 4.110622e-01 7.461662e-01 7.781678e-01 4.889894e-01 6.452801e-01 1.371461e-01 9.086497e-01 7.529575e-01 6.186615e-01 6.320307e-01 5.598528e-01 6.681929e-01 8.995505e-01 4.657952e-01 6.544207e-01 2.523957e-01 5.212426e-01 2.864117e-01 4.457124e-01 3.147071e-01 5.294615e-01 7.706417e-01 8.271287e-01 3.901589e-01 3.018568e-01 4.843238e-01 2.784657e-01 7.851581e-01 5.165201e-01 6.158566e-01 
57 799  1.000000000000000000e+05 0 0 4.180480e-01 8.315093e-01 2.779001e-01 1.200511e-01 1.559484e-01 7.402089e-01 5.930395e-01 7.910635e-01 3.202187e-01 2.474190e-01 8.306477e-01 9.497793e-01 6.177239e-01 6.381215e-01 7.937319e-01 7.194584e-01 9.618883e-01 7.374255e-01 7.822387e-01 2.361868e-03 1.386282e-01 6.555648e-01 3.282153e-01 -9.511216e-02 4.632543e-01 7.768451e-01 9.325427e-01 4.282332e-01 2.195365e-01 6.357866e-01 4.422525e-02 1.140910e+00 3.688270e-01 4.985729e-01 
58 813  1.000000000000000000e+05 0 0 1.415742e-01 8.986932e-01 5.346390e-01 8.002977e-02 2.501788e-01 7.240522e-01 1.141227e+00 6.814889e-01 5.717949e-01 -3.442973e-02 4.714970e-01 6.257134e-01 6.582687e-01 4.881011e-01 4.127291e-01 1.132378e+00 8.253885e-01 7.438913e-01 6.500378e-01 5.895607e-01 2.155180e-01 5.675299e-01 3.891804e-01 1.256784e-01 4.910859e-01 8.118185e-01 1.263546e+00 6.986758e-01 7.905005e-01 2.421200e-01 1.801114e-01 6.126190e-01 -1.607397e-01 9.782849e-01 
59 827  9.806973283019805194e+02 0 0 4.010170e-01 7.424255e-01 5.712077e-01 1.474492e-01 3.388740e-01 6.053225e-01 6.776630e-01 8.725594e-01 4.238008e-01 2.692806e-01 8.099851e-01 5.939685e-01 5.655571e-01 6.614189e-01 3.456120e-01 4.562378e-01 6.326708e-01 9.236959e-01 1.040865e+00 3.037546e-01 3.111339e-01 7.144269e-01 5.467361e-01 4.834989e-01 4.588755e-01 1.011356e+00 9.067537e-01 3.738412e-01 9.101954e-01 7.145758e-01 -2.098712e-01 1.197552e+00 4.854693e-01 1.059760e+00 
60 841  1.000000000000000000e+05 0 0 6.424959e-01 3.788600e-01 9.951309e-01 -1.317237e-02 2.356123e-01 3.008112e-01 8.410466e-01 4.055873e-01 4.587722e-01 3.213760e-01 9.253095e-01 4.510589e-01 5.795113e-01 4.008453e-01 8.875484e-01 5.616723e-01 1.155020e+00 3.967226e-01 5.269757e-01 4.224068e-01 5.834983e-01 6.866685e-01 4.539999e-01 3.148744e-01 7.750069e-01 5.686182e-01 3.340930e-01 4.601717e-01 7.397940e-01 5.082885e-01 2.740855e-01 6.140248e-01 7.872241e-02 8.685181e-01 
61 855  1.000000000000000000e+05 0 0 2.450067e-01 3.065342e-01 7.662653e-01 4.601589e-01 5.251787e-01 5.999649e-01 4.403208e-01 3.390402e-01 5.395823e-01 -2.486457e-03 5.724799e-01 4.649835e-01 9.671988e-01 1.709326e-01 9.063523e-01 8.836723e-01 7.278485e-01 4.815503e-01 3.262882e-01 3.623465e-01 3.638548e-01 3.326569e-01 4.554375e-01 2.642789e-01 5.687170e-01 7.291821e-01 3.850340e-01 7.576033e-01 6.343714e-01 2.199322e-01 4.099391e-01 5.877922e-01 5.409107e-01 6.753849e-01 
62 869  3.098393821156251420e+02 0 0 5.647610e-01 9.056188e-01 7.903739e-01 2.417976e-01 5.463619e-01 7.411851e-01 1.080464e+00 6.119707e-01 4.430747e-01 1.366335e-01 6.147212e-01 5.148325e-01 9.018942e-01 4.236315e-01 8.532549e-01 8.134755e-01 6.897258e-01 7.732247e-01 6.568819e-01 5.341999e-01 4.828410e-01 3.622769e-01 4.573741e-01 5.969925e-01 4.188068e-01 8.347481e-01 6.352090e-01 5.533888e-01 3.687183e-01 5.440911e-01 7.652231e-01 7.949828e-01 -4.983116e-02 3.206932e-01 
63 883  1.000000000000000000e+05 0 0 4.748662e-01 7.662743e-01 4.513443e-01 4.865816e-01 3.337704e-01 8.122834e-01 9.634619e-01 2.409856e-01 3.971280e-02 5.210717e-01 4.486590e-01 3.634467e-01 9.380847e-01 -6.845382e-02 4.142929e-01 9.684464e-01 9.331200e-01 3.465544e-01 4.459809e-01 6.018832e-01 5.527149e-01 2.143210e-01 1.078797e+00 4.416709e-01 7.108640e-01 8.851361e-01 4.556475e-01 7.087979e-01 4.660451e-01 3.422441e-02 4.626975e-01 6.642101e-01 7.914753e-01 5.065313e-01 
64 897  1.000000000000000000e+05 0 0 4.197520e-01 3.933781e-01 4.721234e-01 2.730471e-02 7.563107e-01 8.872583e-01 5.288459e-01 1.901315e-01 2.319067e-01 5.337626e-01 6.193187e-01 4.786701e-01 6.047258e-01 3.688221e-01 5.997648e-01 7.872001e-01 8.565863e-01 6.533770e-01 4.490243e-01 6.040297e-01 7.952449e-01 3.358307e-01 9.217495e-01 -1.027360e-01 3.412671e-01 7.470641e-01 3.147995e-01 7.343312e-01 6.004970e-01 4.080204e-02 3.195193e-01 5.712186e-01 5.221892e-01 7.797019e-01 
65 911  1.000000000000000000e+05 0 0 2.236091e-02 5.842646e-01 5.555743e-01 1.545010e-01 3.929740e-01 1.028007e+00 7.228779e-01 4.842274e-01 2.761812e-01 5.191927e-01 5.702851e-01 5.393621e-01 8.031541e-01 7.259160e-02 3.891313e-01 6.084083e-01 7.307007e-01 4.530681e-01 3.944005e-01 4.947014e-01 5.999154e-01 7.532818e-01 6.588174e-01 3.393758e-01 6.196845e-01 6.302650e-01 4.336925e-01 9.995686e-01 7.207747e-01 4.062590e-01 3.028291e-01 2.609415e-01 5.693583e-01 6.296122e-01 
66 925  1.000000000000000000e+05 0 0 8.615831e-01 5.892500e-01 5.195831e-01 4.838517e-02 1.861463e-01 6.593119e-01 6.081132e-01 2.663919e-01 6.945255e-02 1.707701e-01 9.516993e-01 9.199128e-01 6.880615e-01 5.177388e-01 3.950886e-01 5.810237e-01 8.755547e-01 5.526655e-01 2.715041e-01 7.961740e-01 7.498907e-01 6.084745e-01 6.555442e-01 1.404623e-01 5.516109e-01 7.113097e-01 2.751564e-01 8.489825e-01 7.408938e-01 5.830166e-01 4.906549e-01 6.967161e-01 1.554311e-01 6.421494e-01 
67 939  1.000000000000000000e+05 0 0 7.670551e-01 3.946515e-01 5.116382e-01 1.143572e-01 3.829485e-01 8.513825e-01 7.741091e-01 2.925539e-01 3.541805e-01 4.802429e-01 7.437702e-01 1.001140e+00 6.431781e-01 8.391114e-01 6.710712e-01 4.148335e-01 7.689805e-01 5.370251e-01 1.099523e-01 6.659423e-01 6.418097e-01 7.240554e-01 4.776198e-01 1.696098e-02 7.810409e-01 9.786776e-01 2.953624e-01 7.211540e-01 3.478644e-01 7.848904e-01 3.158946e-01 5.324846e-01 1.485798e-01 7.278222e-01 
68 953  1.000000000000000000e+05 0 0 3.221704e-01 4.589172e-01 3.198149e-01 6.987784e-02 5.977546e-01 9.048500e-01 8.577418e-01 2.315554e-01 1.326962e-01 6.459264e-01 7.309863e-01 9.280706e-01 7.461609e-01 3.985480e-01 5.824786e-01 2.831837e-01 8.377319e-01 5.839306e-01 6.878372e-02 9.506181e-01 9.469339e-01 5.879996e-01 6.176135e-01 4.264327e-01 4.794384e-01 8.980740e-01 2.806386e-01 7.087621e-01 3.564958e-01 4.803942e-01 1.983480e-01 6.245654e-01 -1.467407e-01 5.106977e-01 
69 967  1.000000000000000000e+05 0 0 1.608001e-01 3.582483e-01 4.723944e-01 1.446736e-01 5.179114e-01 7.499399e-01 4.116421e-01 6.242921e-01 2.872423e-01 4.649512e-01 3.477574e-01 8.300886e-01 8.436197e-01 6.447604e-01 3.245983e-01 4.080162e-01 9.155938e-01 4.385204e-01 1.402438e-02 5.746529e-01 7.457627e-01 8.131512e-01 6.009029e-01 4.973993e-01 4.593637e-01 8.483526e-01 2.279956e-01 7.784253e-01 5.029419e-01 6.462837e-01 2.640401e-01 5.615021e-01 3.452568e-01 1.354780e-01 
70 981  1.000000000000000000e+05 0 0 3.976607e-01 5.237790e-01 4.386593e-01 2.633620e-01 4.680350e-01 7.782326e-01 2.969130e-01 3.708755e-01 2.729797e-01 3.486592e-01 4.771310e-01 6.175883e-01 6.018730e-01 4.826989e-01 5.311634e-01 3.716276e-01 7.843007e-01 4.591211e-01 1.980665e-01 9.768841e-01 6.910255e-01 8.227714e-01 8.872771e-01 2.410656e-01 7.236398e-01 7.176187e-01 1.391468e-02 6.953107e-01 3.143809e-01 8.099647e-01 5.342346e-01 1.893256e-01 3.719461e-01 4.860173e-01 
71 995  1.000000000000000000e+05 0 0 8.839808e-02 4.393182e-01 6.831493e-01 2.372224e-01 3.762604e-01 9.674061e-01 6.835719e-01 3.927573e-01 3.317105e-01 6.062168e-01 8.053792e-01 4.717798e-01 1.304868e+00 5.513668e-01 1.631444e-01 5.916230e-01 7.836416e-01 4.151212e-01 4.509206e-01 -5.577594e-02 5.927579e-01 5.466485e-01 4.975289e-01 5.899051e-01 4.790688e-01 5.059805e-01 2.257377e-01 5.117187e-01 5.701492e-01 3.861612e-01 2.543276e-01 1.544097e-01 3.943732e-01 1.993861e-01 
72 1009  1.000000000000000000e+05 0 0 6.600695e-01 6.640610e-01 5.670787e-01 -4.121340e-01 3.850542e-01 1.353946e+00 3.928148e-01 9.190111e-01 2.493725e-01 5.235919e-01 8.110938e-01 4.919069e-01 6.755629e-01 8.833525e-01 5.210057e-02 3.860201e-01 1.340145e+00 2.832888e-01 7.637890e-01 1.000837e+00 8.279242e-01 6.292150e-01 4.292544e-01 1.822340e-01 6.843159e-01 1.055225e+00 5.630307e-01 6.417423e-01 6.918318e-01 3.712410e-01 4.981548e-01 3.081516e-01 3.684219e-01 1.992117e-01 
73 1023  1.000000000000000000e+05 0 0 3.630829e-01 4.549492e-01 7.551608e-01 -6.206692e-02 2.637021e-01 1.144858e+00 5.041195e-01 8.803775e-01 3.275472e-01 8.228319e-01 9.060102e-01 1.205334e+00 1.058844e+00 9.213117e-01 3.035241e-01 9.770977e-02 9.639310e-01 3.579604e-01 4.786315e-01 6.557804e-01 7.795152e-01 5.663271e-01 6.828421e-01 6.781215e-01 5.060769e-01 3.353426e-01 4.444213e-01 8.292164e-01 3.479865e-01 4.151889e-01 4.559810e-01 6.933240e-01 4.569055e-01 4.773443e-01 
74 1037  1.000000000000000000e+05 0 0 1.395125e-01 5.915749e-01 4.081321e-01 7.897028e-01 6.131902e-01 1.027019e+00 3.691862e-01 7.742603e-01 4.723316e-01 6.071737e-01 5.189616e-01 1.101676e+00 4.650141e-01 4.735430e-01 4.267699e-01 3.734425e-01 7.256726e-01 -1.061355e-01 5.813116e-01 9.290286e-01 6.533447e-01 7.599404e-01 1.059925e+00 3.292265e-01 8.635624e-01 9.100281e-01 -2.234514e-01 5.896715e-01 6.817511e-01 8.819487e-01 4.384294e-01 7.289859e-02 3.740125e-01 5.645897e-01 
75 1051  1.000000000000000000e+05 0 0 1.211915e-01 3.865674e-01 3.550292e-01 1.408799e-01 6.236957e-01 9.557017e-01 8.355835e-01 7.113453e-01 4.210861e-01 5.521352e-01 5.713922e-01 3.112899e-01 6.826796e-01 7.975646e-01 5.455754e-01 4.503993e-01 4.013464e-01 1.423205e-01 6.326109e-01 7.061514e-01 8.747750e-01 8.374701e-01 9.870436e-01 3.352765e-01 1.083130e+00 9.145080e-01 1.048706e-01 7.356141e-01 5.236730e-01 5.324676e-01 1.069482e+00 2.863541e-01 5.118526e-01 5.372287e-01 
76 1065  1.000000000000000000e+05 0 0 3.613969e-01 7.813177e-01 3.188422e-01 1.146533e-01 3.620431e-01 6.786171e-01 6.326760e-01 5.926726e-01 6.937750e-01 9.093386e-01 8.492222e-01 4.385912e-01 7.362804e-01 6.482827e-01 3.880347e-01 2.378804e-01 6.608111e-01 -2.608259e-01 5.213966e-01 8.771078e-01 7.607644e-01 8.399796e-01 3.352574e-01 1.134843e+00 6.704712e-01 8.895574e-01 3.010646e-01 7.842433e-01 3.240213e-01 3.491891e-01 4.598025e-01 4.711514e-01 3.015664e-01 6.609661e-01 
77 1079  1.000000000000000000e+05 0 0 4.095513e-01 1.100550e+00 6.699153e-01 5.346796e-01 2.386178e-01 8.036033e-01 4.923085e-01 4.566363e-01 1.036761e+00 5.219126e-01 6.938462e-01 7.527104e-01 9.132787e-01 4.444534e-01 5.499584e-01 5.239286e-01 6.473429e-01 2.493825e-01 7.412185e-01 3.768356e-01 7.929923e-01 8.420594e-01 5.780088e-01 7.692108e-01 8.261083e-01 4.523142e-01 5.170541e-01 4.326462e-01 6.944079e-01 5.079711e-01 5.741590e-01 4.790318e-01 3.825723e-01 5.202211e-01 
78 1093  1.000000000000000000e+05 0 0 1.366728e-01 2.993727e-01 3.283456e-01 3.021575e-01 4.407634e-01 5.533101e-01 5.817361e-01 4.555719e-01 7.336344e-01 6.727425e-01 6.634863e-01 3.120748e-01 8.364135e-01 8.122396e-01 7.675883e-01 1.924989e-01 6.913273e-01 7.838873e-02 1.030130e+00 4.013793e-01 5.971819e-01 3.096740e-01 5.272043e-01 6.746784e-01 5.506623e-01 4.390806e-01 2.781455e-01 7.035041e-01 9.127456e-01 4.469396e-01 5.663551e-01 1.643801e-01 6.652778e-01 5.194958e-01 
79 1107  1.000000000000000000e+05 0 0 -2.156721e-01 6.813417e-01 4.915126e-01 4.294817e-01 2.067581e-01 7.179827e-01 4.445033e-01 4.362078e-01 1.213353e+00 5.065992e-01 7.299575e-01 5.642192e-01 4.208854e-01 6.478805e-01 2.745367e-01 1.046721e-01 3.606572e-01 -6.205987e-03 7.569896e-01 7.425011e-01 6.612183e-01 4.358982e-01 4.992340e-01 8.645055e-01 8.840588e-01 5.479370e-01 5.713206e-02 6.731646e-01 5.971502e-01 4.294749e-01 7.732396e-01 2.964737e-01 6.765935e-01 3.963560e-01 
80 1121  1.000000000000000000e+05 0 0 3.680352e-01 4.667375e-01 7.723019e-01 4.362080e-01 5.307197e-01 4.935483e-01 4.994322e-01 3.347503e-01 5.211544e-01 3.383024e-01 5.775146e-01 9.604825e-01 8.472072e-01 8.865665e-01 7.049811e-03 3.563199e-02 5.136374e-01 3.209857e-01 5.884974e-01 4.360431e-01 4.600736e-01 5.054526e-01 4.830750e-01 5.997690e-01 6.517177e-01 5.742480e-01 1.204596e-01 8.557553e-01 7.159031e-01 4.397326e-01 3.437706e-01 5.687778e-01 2.397738e-01 3.495731e-01 
81 1135  1.000000000000000000e+05 0 0 -2.137567e-01 4.409092e-01 4.621622e-01 3.339256e-01 4.436492e-01 5.526237e-01 3.682427e-01 3.032511e-01 4.089025e-01 3.872042e-01 7.621307e-01 7.585022e-01 5.596381e-01 6.661679e-01 1.949385e-01 -2.719025e-02 7.513038e-01 1.644274e-01 5.502835e-01 4.004345e-01 5.452532e-01 9.550824e-01 6.868851e-01 5.549580e-01 9.036373e-01 8.842621e-01 1.967579e-01 6.439975e-01 8.027826e-01 6.056694e-01 5.056271e-01 4.377875e-01 1.178814e-01 6.010611e-01 
82 1149  1.000000000000000000e+05 0 0 4.421529e-01 7.162264e-01 6.818493e-01 5.848506e-01 3.100949e-01 6.747079e-01 5.434340e-01 2.720474e-01 9.169423e-01 3.418503e-01 8.319518e-01 7.407537e-01 6.575099e-01 8.427703e-01 2.699612e-01 3.514229e-01 9.337911e-01 5.877733e-01 8.309422e-01 3.850598e-01 5.898801e-01 9.841128e-02 6.585279e-01 7.655121e-01 8.328360e-01 7.582166e-01 3.093137e-02 6.344006e-01 7.842160e-01 5.408700e-01 4.874006e-01 4.286470e-01 9.820758e-02 3.251461e-01 
83 1163  1.000000000000000000e+05 0 0 2.825064e-01 5.891964e-01 6.510066e-01 7.454079e-01 4.020505e-01 6.062429e-01 3.129063e-01 2.149644e-01 8.359066e-01 5.778945e-01 7.076213e-01 9.336342e-01 4.692308e-01 1.053291e+00 3.143792e-01 4.571697e-01 9.206776e-01 2.740669e-01 7.003202e-01 4.264747e-01 6.562122e-01 3.418199e-01 5.460576e-01 4.596794e-01 6.763369e-01 9.940570e-01 1.181512e-01 5.575672e-01 7.660555e-01 4.572042e-01 5.999385e-01 5.948321e-01 7.666946e-02 4.865033e-01 
84 1177  1.000000000000000000e+05 0 0 1.094078e+00 9.107051e-01 6.009238e-01 7.376985e-01 3.325901e-01 7.794263e-01 5.515461e-01 4.481886e-01 3.291753e-01 4.365388e-01 5.874762e-01 6.702086e-01 7.737661e-01 1.044389e+00 1.931010e-01 2.687192e-01 5.616998e-01 2.705981e-01 7.443244e-01 5.339520e-02 3.706536e-01 4.284004e-01 4.022229e-01 7.943246e-01 7.020960e-01 6.490351e-01 1.461510e-01 6.157557e-01 6.627639e-01 4.947554e-01 9.293098e-01 6.140439e-01 3.293009e-01 3.917545e-01 
85 1191  1.000000000000000000e+05 0 0 5.513359e-01 4.821433e-01 4.660338e-01 5.700796e-01 3.370836e-01 4.270747e-01 5.432543e-01 1.071470e-01 3.990591e-01 7.077612e-01 1.209871e-01 3.647951e-01 5.059440e-01 9.367012e-01 5.320901e-02 4.483987e-01 1.034428e+00 5.801212e-01 7.516034e-01 4.836842e-01 4.598336e-01 -5.968695e-02 2.926409e-01 1.571551e-01 9.829989e-01 6.623927e-01 1.689841e-01 3.228776e-02 8.517571e-01 7.096897e-01 7.293282e-01 1.885684e-01 1.692210e-01 6.457222e-01 
86 1205  1.000000000000000000e+05 0 0 1.003506e+00 2.453125e-01 6.259308e-01 7.309630e-01 1.494539e-01 3.923674e-01 -1.089560e-01 -4.994538e-03 4.216329e-01 4.102488e-01 3.153853e-01 3.785066e-01 5.016333e-01 3.847816e-01 2.328674e-01 4.718625e-01 7.524176e-01 1.614021e-01 9.397465e-01 3.042248e-01 4.997340e-01 5.331572e-02 3.017293e-01 8.753281e-01 4.760522e-01 9.009471e-01 3.039503e-01 5.644012e-01 5.783494e-01 5.776765e-01 4.503717e-01 4.310115e-01 3.484651e-01 5.729434e-01 
87 1219  1.000000000000000000e+05 0 0 7.143596e-01 3.348616e-01 4.514711e-01 6.756917e-01 4.917667e-01 5.568417e-01 6.170865e-01 3.061794e-01 5.476173e-01 4.412044e-01 3.044497e-01 4.889656e-01 3.673292e-01 3.416878e-01 4.214450e-01 4.733953e-01 8.147156e-01 3.893426e-01 6.157086e-01 1.901881e-02 5.099427e-01 4.721367e-01 4.812962e-01 1.967130e-02 9.549725e-01 9.336728e-01 5.460449e-01 1.905155e-01 6.722352e-01 4.678005e-02 7.551495e-01 7.736633e-01 2.813612e-01 7.254727e-01 
88 1233  1.000000000000000000e+05 0 0 8.912776e-01 1.720745e-01 6.371629e-01 5.963077e-01 2.454154e-01 6.369772e-01 3.811630e-01 2.121813e-01 7.206098e-01 6.183464e-01 1.111855e-01 4.069776e-01 3.531636e-01 1.203932e-01 3.437288e-01 3.520994e-01 8.392379e-01 2.579976e-01 6.469115e-01 -9.585594e-02 8.096710e-01 4.173571e-02 4.155944e-01 3.494170e-01 7.098044e-01 1.050171e+00 1.038054e-01 3.751387e-01 8.930141e-01 2.590393e-02 5.015103e-01 4.784784e-01 2.734157e-01 5.768457e-01 
89 1247  1.000000000000000000e+05 0 0 7.130345e-01 3.697868e-02 7.975933e-01 7.272032e-01 4.693458e-01 3.797615e-01 4.843942e-01 2.433449e-01 5.040795e-01 6.927780e-01 6.171203e-01 7.870312e-01 4.711300e-01 3.989486e-01 3.147317e-01 3.786740e-01 6.774410e-01 9.621845e-02 5.627667e-01 1.071539e-01 5.729842e-01 2.112549e-01 3.342792e-01 2.346609e-01 8.800737e-01 1.111112e+00 2.913575e-01 2.338087e-01 7.921490e-01 2.060564e-01 3.521456e-01 7.655795e-01 5.577367e-01 6.322691e-01 
90 1261  1.000000000000000000e+05 0 0 1.067296e+00 3.755218e-01 5.921128e-01 5.544771e-01 3.462420e-01 2.352257e-01 7.348976e-01 2.890788e-01 7.357888e-01 6.628621e-01 7.387310e-01 4.527401e-01 4.698357e-01 5.530759e-01 6.594077e-01 3.815443e-01 6.803811e-01 3.449829e-01 7.594276e-01 4.084255e-01 6.166025e-01 5.544543e-02 3.120329e-01 -7.326667e-02 8.048549e-01 7.919519e-01 1.676702e-01 6.738573e-01 6.116516e-01 -2.931209e-03 7.880575e-01 6.429625e-01 5.051255e-01 4.996790e-01 
91 1275  1.000000000000000000e+05 0 0 7.696086e-01 2.378863e-01 4.902120e-01 5.701582e-01 3.089758e-01 3.432125e-01 8.711479e-01 2.148028e-01 8.907888e-01 2.052555e-01 3.792450e-01 6.553581e-01 8.969239e-02 6.557072e-01 4.598564e-01 3.543690e-01 1.020628e+00 4.711457e-01 9.446956e-01 9.301808e-02 7.290927e-01 1.769447e-01 3.215136e-01 3.972665e-01 8.564764e-01 8.522360e-01 2.526268e-01 9.024780e-01 5.145179e-01 1.394051e-01 9.135328e-01 7.227869e-01 2.215961e-01 5.600417e-01 
92 1289  1.000000000000000000e+05 0 0 8.460287e-01 3.885717e-01 5.511318e-01 6.777897e-01 1.083637e-01 2.589966e-01 2.773119e-01 4.859760e-01 4.969624e-01 7.150974e-01 6.186204e-01 7.713692e-01 5.672165e-01 7.238532e-01 1.773208e-01 4.466495e-01 8.387583e-01 6.327765e-01 4.245044e-01 3.272185e-01 6.483703e-01 9.160096e-02 6.181689e-01 1.247306e-01 7.327047e-01 8.537168e-01 1.727258e-01 5.243180e-01 5.075999e-01 2.768206e-01 7.453784e-01 4.467862e-01 7.768090e-01 9.229850e-01 
93 1303  1.000000000000000000e+05 0 0 6.893954e-01 2.305763e-01 3.892083e-01 5.779063e-01 2.668982e-01 4.863006e-01 7.204845e-01 5.053233e-01 5.710897e-01 9.258568e-01 4.601939e-01 6.270753e-01 3.988174e-01 5.871079e-01 4.094064e-01 1.970609e-01 9.127835e-01 7.442428e-01 7.109592e-01 4.322506e-01 8.048626e-01 6.153536e-01 6.492519e-01 5.600607e-01 7.759179e-01 1.018227e+00 2.955980e-01 2.506863e-01 5.009303e-01 3.333347e-01 1.033718e+00 5.915022e-01 4.123488e-01 8.799443e-01 
94 1317  1.000000000000000000e+05 0 0 5.854135e-01 4.451414e-01 8.818100e-01 1.149283e+00 9.162000e-02 4.643641e-01 6.930585e-01 3.197120e-01 5.482473e-01 9.725952e-01 3.507476e-01 9.276717e-01 4.667521e-01 7.297721e-01 4.149528e-01 3.898152e-01 8.854459e-01 4.919122e-01 7.879037e-01 1.759206e-01 4.728801e-01 2.220947e-01 3.966754e-01 1.484281e-01 9.883026e-01 6.192746e-01 3.421789e-01 3.693979e-01 3.677026e-01 2.698737e-01 6.061901e-01 6.860462e-01 5.155369e-01 7.300750e-01 
95 1331  1.000000000000000000e+05 0 0 3.681117e-01 7.533086e-02 -1.639274e-01 1.022748e+00 3.009901e-01 5.503660e-01 5.192573e-01 5.180237e-01 6.712972e-01 7.522382e-01 4.421792e-01 8.850652e-01 3.870187e-01 6.243201e-01 2.334353e-01 3.341787e-01 7.669560e-01 5.019195e-01 8.120291e-01 4.929688e-01 5.882111e-01 3.276604e-01 1.348934e-01 4.309643e-01 5.294910e-01 6.985968e-01 3.431934e-02 4.515476e-02 3.001166e-01 3.635349e-01 7.436206e-01 4.500994e-01 5.567896e-01 6.459115e-01 
96 1345  1.000000000000000000e+05 0 0 7.075862e-01 2.884446e-01 3.628748e-01 4.220056e-01 2.441564e-01 4.040340e-01 8.176892e-01 4.497109e-01 3.169820e-01 6.445386e-01 2.815293e-01 7.583440e-01 2.986823e-01 7.194136e-01 4.943323e-01 1.183408e-01 7.714512e-01 2.820454e-01 5.807981e-01 7.880179e-02 9.959748e-01 5.105959e-01 5.378611e-01 3.907207e-01 7.175158e-01 8.510835e-01 6.164099e-02 1.078581e-01 2.602664e-01 4.258427e-01 8.887190e-01 8.067995e-01 5.414693e-01 4.254730e-01 
97 1359  1.000000000000000000e+05 0 0 7.744841e-01 3.876248e-01 2.539683e-01 1.802466e-01 2.436507e-01 6.176127e-01 6.626868e-01 6.383022e-01 5.272975e-01 7.170179e-01 4.769771e-01 7.122698e-01 6.572738e-01 7.017971e-01 5.872745e-01 -1.129852e-01 7.948534e-01 2.272903e-01 2.493728e-01 2.828517e-01 9.148777e-01 5.707976e-01 4.597873e-01 6.073130e-01 8.811090e-01 7.714288e-01 1.572575e-01 2.546475e-01 1.968964e-01 3.555925e-01 8.036632e-01 4.828376e-01 5.408068e-01 8.198603e-01 
98 1373  1.000000000000000000e+05 0 0 7.731561e-01 3.595610e-02 3.842408e-01 5.677721e-01 2.367197e-01 5.251613e-01 1.316478e+00 3.908517e-01 5.909784e-01 2.785267e-01 6.344530e-01 7.536037e-01 5.058015e-01 1.057514e+00 3.572174e-01 6.177134e-04 5.817618e-01 2.057178e-01 5.182846e-01 6.234628e-01 9.290028e-01 3.623162e-01 4.909649e-01 5.626068e-01 9.233722e-01 6.378680e-01 4.852958e-01 5.640187e-01 -6.495391e-02 6.518483e-01 3.209401e-01 1.060111e-01 3.566386e-01 6.432321e-01 
99 1387  1.000000000000000000e+05 0 0 6.935152e-01 3.281941e-01 4.311483e-01 7.277314e-01 3.417498e-01 3.941263e-01 9.112374e-01 4.282430e-01 4.898038e-01 5.607444e-01 1.892372e-01 7.462613e-01 4.311153e-01 6.825125e-01 9.805446e-01 3.915079e-01 6.457753e-01 3.233441e-01 3.878061e-01 2.356584e-01 6.133912e-01 4.020449e-01 6.480340e-01 4.460310e-01 5.270630e-01 5.323383e-01 3.568770e-01 4.468334e-01 4.931182e-01 4.729712e-01 8.175682e-01 4.532446e-01 6.835767e-01 6.905765e-01 
100 1401  1.000000000000000000e+05 0 0 7.750791e-01 3.093323e-01 8.601080e-01 4.599633e-01 2.494809e-01 5.122393e-01 6.184939e-01 5.939758e-01 7.662166e-01 5.862549e-01 -9.647615e-02 4.049425e-01 1.462818e-01 7.668692e-01 5.528634e-01 5.281397e-01 5.162747e-01 6.561896e-01 2.470581e-01 2.877954e-01 8.288001e-01 6.619209e-01 7.217365e-01 3.587897e-01 5.895579e-01 4.404586e-01 3.496501e-01 4.541538e-01 3.904163e-01 4.561819e-01 6.635404e-01 4.395040e-01 2.200587e-01 1.089149e+00 
101 1415  1.000000000000000000e+05 0 0 6.490978e-01 5.714044e-01 4.214338e-01 1.130702e-01 7.779171e-01 9.790636e-01 7.303312e-01 3.269342e-01 1.011350e+00 7.513534e-01 2.824863e-01 8.895213e-01 3.244722e-02 7.918423e-01 3.423881e-01 4.143402e-01 7.693135e-01 3.243414e-01 2.226333e-01 5.091912e-01 6.580586e-01 2.542943e-01 2.446247e-01 8.462195e-01 5.400936e-01 4.385462e-01 2.426494e-02 4.502028e-01 2.423540e-01 5.046068e-01 3.527503e-01 1.458494e-01 7.224909e-01 7.711905e-01 
102 1429  1.000000000000000000e+05 0 0 1.013297e+00 6.130947e-01 4.262745e-01 1.855672e-01 3.283888e-01 7.294359e-01 8.822271e-01 7.354041e-02 7.887528e-01 5.856547e-01 2.790280e-01 4.819374e-01 7.049700e-01 8.838625e-01 2.039359e-01 2.499113e-01 1.113894e+00 3.576360e-01 1.032482e-02 8.777355e-02 7.060922e-01 4.579870e-01 9.105354e-02 1.006620e+00 8.457540e-01 5.797806e-01 -2.834462e-02 3.529787e-01 4.841050e-01 7.418759e-01 3.271156e-01 -1.061205e-01 3.762577e-01 6.688603e-01 
103 1443  1.000000000000000000e+05 0 0 6.995090e-01 2.229115e-01 5.729432e-01 1.222328e-01 7.140541e-01 6.812572e-01 8.264522e-01 2.285554e-01 8.364129e-01 1.085712e+00 4.655943e-01 8.685404e-01 -4.570448e-02 1.051231e+00 3.872132e-01 1.578457e-01 6.100096e-01 4.885485e-01 4.887973e-01 1.561523e-02 9.681250e-01 3.968676e-01 2.056225e-01 8.974921e-01 5.214563e-01 6.921487e-01 -2.770892e-01 5.553120e-01 6.188141e-01 5.869436e-01 3.548512e-01 5.057068e-01 3.405444e-01 7.810155e-01 
104 1457  1.000000000000000000e+05 0 0 7.241009e-01 8.664944e-01 5.143734e-01 5.456899e-01 2.531737e-01 6.235185e-01 8.616808e-01 3.058053e-01 9.607155e-01 7.640975e-01 4.636055e-01 1.027540e+00 3.929724e-01 6.447699e-01 1.757927e-01 8.914500e-01 5.541900e-01 3.400864e-01 1.693501e-01 -4.758346e-02 7.658726e-01 2.230237e-01 6.091040e-02 1.022147e+00 7.010694e-01 5.000037e-01 1.688135e-01 2.734253e-01 4.665198e-01 8.508514e-01 2.556451e-01 7.330615e-01 7.535847e-01 5.940046e-01 
105 1471  1.000000000000000000e+05 0 0 9.070655e-01 8.661585e-01 4.439913e-01 4.125598e-01 2.235566e-01 4.187144e-01 1.029664e+00 3.813047e-01 8.652318e-01 9.469581e-01 3.677770e-01 9.771727e-01 3.113062e-01 6.826304e-01 -5.182876e-02 4.491481e-01 7.700989e-01 3.996435e-01 4.935414e-01 3.794286e-01 7.796084e-01 4.801248e-01 2.490152e-01 4.316406e-01 8.886392e-01 6.448764e-01 2.017722e-01 1.034898e-01 5.081394e-01 4.387227e-01 6.080671e-01 2.598560e-01 5.871323e-01 7.385045e-01 
106 1485  1.000000000000000000e+05 0 0 9.625175e-01 7.469349e-01 5.426176e-01 3.427980e-01 2.927494e-01 6.146933e-01 9.722454e-01 8.796735e-02 7.186690e-01 1.142674e+00 9.966059e-02 1.243187e+00 4.514663e-01 8.081128e-01 -1.271230e-01 3.990317e-01 5.960101e-01 5.940246e-01 -2.069876e-02 4.752930e-01 7.219199e-01 2.586109e-01 8.088545e-02 7.612118e-01 4.142498e-01 4.387116e-01 2.298416e-01 6.897104e-02 4.413870e-01 2.785868e-01 2.685116e-01 4.115047e-01 4.097138e-01 9.038433e-01 
107 1499  1.000000000000000000e+05 0 0 5.096803e-01 9.669975e-01 3.842006e-01 3.834340e-01 2.452033e-01 5.255158e-01 6.802768e-01 2.208603e-01 6.527200e-01 8.351927e-01 2.709170e-01 9.049672e-01 4.431931e-01 7.400275e-01 2.249873e-01 4.258210e-01 7.734807e-01 3.759957e-01 1.226770e-01 4.612979e-01 5.249566e-01 5.944500e-01 4.612198e-01 8.154495e-01 6.032368e-01 4.037555e-01 2.734789e-01 5.296652e-01 5.012877e-01 5.630010e-01 6.206926e-01 5.962602e-01 5.516762e-01 6.878337e-01 
108 1513  1.000000000000000000e+05 0 0 9.796749e-01 4.881730e-01 1.110215e-01 7.373854e-01 1.694318e-01 3.534598e-01 8.370117e-01 6.506815e-02 9.751992e-01 1.092284e+00 4.526778e-01 9.604177e-01 8.162175e-02 6.494109e-01 1.294556e-01 4.633284e-01 8.370883e-01 2.757898e-01 2.589395e-02 4.821625e-01 5.874871e-01 4.398045e-01 2.185383e-01 7.298251e-01 7.432819e-01 1.361537e-01 5.048643e-01 3.857495e-01 1.801482e-01 5.411699e-01 6.356424e-01 5.911930e-01 5.711350e-01 4.275348e-01 
109 1527  1.000000000000000000e+05 0 0 7.284169e-01 7.263077e-01 5.939271e-01 5.344414e-01 -9.775943e-03 5.794583e-01 7.122719e-01 1.804029e-01 5.833815e-01 9.099677e-01 1.668055e-01 9.958732e-01 3.684339e-01 1.004536e+00 2.577395e-01 5.283375e-01 8.704031e-01 6.060738e-01 1.216527e-01 3.289359e-01 3.435340e-01 3.776732e-01 4.993362e-01 5.959460e-01 8.540721e-01 -4.405045e-02 2.851097e-01 1.407595e-01 3.391127e-01 7.710830e-01 6.669077e-01 3.980001e-01 5.042448e-01 8.526059e-01 
110 1541  1.000000000000000000e+05 0 0 6.214455e-01 7.518771e-01 1.704957e-01 6.175235e-01 2.999342e-01 4.080637e-01 7.672634e-01 8.847160e-03 7.634591e-01 6.549901e-01 2.680211e-01 8.774002e-01 2.894132e-01 6.796414e-01 2.221122e-01 1.789314e-01 6.334201e-01 2.490045e-01 4.072461e-01 6.782482e-01 7.119329e-01 3.966339e-01 2.476745e-01 7.282334e-01 8.642528e-01 4.925860e-01 3.078749e-01 2.075022e-01 5.860932e-01 6.613208e-01 4.824367e-01 6.045735e-01 4.583111e-01 9.384342e-01 
111 1555  1.000000000000000000e+05 0 0 7.763398e-01 8.092543e-01 2.255049e-01 5.459952e-01 2.376099e-01 5.634276e-01 6.703119e-01 1.430065e-01 6.008957e-01 6.069504e-01 2.041111e-01 9.683215e-01 2.014457e-01 7.578895e-01 1.278838e-01 1.964684e-01 7.506376e-01 4.378598e-01 1.138281e-01 4.489738e-01 6.011020e-01 4.481863e-01 4.321464e-01 9.673128e-01 8.009592e-01 4.612986e-01 2.161730e-01 3.933572e-01 3.566045e-01 5.185586e-01 4.356819e-01 2.810165e-01 4.063191e-01 5.297832e-01 
112 1569  1.000000000000000000e+05 0 0 7.680846e-01 1.036061e+00 2.076113e-01 6.346249e-01 2.626075e-01 6.429659e-01 7.645996e-01 -3.568710e-02 7.003401e-01 7.038825e-01 3.539495e-01 1.028697e+00 5.718280e-02 4.494465e-01 2.997402e-01 7.161085e-01 5.618388e-01 4.135255e-01 6.168258e-01 2.193493e-01 4.126322e-01 2.645804e-01 4.340170e-01 8.257133e-01 7.624366e-01 5.171864e-01 2.280630e-01 3.464475e-01 6.769013e-01 6.473218e-01 4.332363e-01 1.004854e-01 5.420245e-01 9.004790e-01 
113 1583  1.000000000000000000e+05 0 0 9.444586e-01 7.326432e-01 -7.999904e-02 6.808956e-01 3.463054e-01 6.234336e-01 3.830010e-01 3.573064e-01 8.637705e-01 1.072884e+00 2.256900e-01 7.856938e-01 1.273826e-01 7.489534e-01 3.506395e-01 4.246561e-01 6.504471e-01 6.761472e-02 3.006065e-01 2.101321e-01 6.017547e-01 4.184461e-01 5.670122e-01 7.372611e-01 5.933782e-01 6.125487e-01 2.160393e-01 2.852927e-01 5.128274e-01 5.201395e-01 6.221388e-01 3.252005e-01 2.022036e-01 8.228180e-01 
114 1597  1.000000000000000000e+05 0 0 8.182590e-01 9.925208e-01 3.889926e-01 8.583837e-01 4.399428e-01 5.203982e-01 6.411488e-01 -6.089871e-02 5.846516e-01 7.599883e-01 3.584232e-01 7.294608e-01 1.053318e-02 5.590108e-01 4.333910e-01 2.310330e-01 1.375519e+00 4.745880e-01 3.353747e-01 4.058238e-01 6.920127e-01 2.225528e-01 1.458544e-01 8.188965e-01 1.019209e+00 4.713016e-01 4.601079e-01 4.282049e-01 6.411999e-01 5.521768e-01 4.725487e-01 1.248635e-01 1.271991e-01 5.523496e-01 
115 1611  1.000000000000000000e+05 0 0 6.253058e-01 7.083248e-01 -1.843964e-02 5.869371e-01 2.587856e-01 5.874792e-01 5.521703e-01 -1.004235e-01 7.455990e-01 6.845701e-01 2.126718e-01 7.587071e-01 1.185196e-01 8.080257e-01 3.195953e-01 5.009558e-01 9.388150e-01 2.506318e-01 2.161565e-01 5.526083e-01 4.200101e-01 3.392904e-01 1.185449e-01 8.851971e-01 7.851919e-01 4.398372e-01 3.948986e-01 1.539744e-01 4.756805e-01 3.980613e-01 4.545990e-01 1.840153e-01 4.839139e-01 5.557629e-01 
116 1625  1.000000000000000000e+05 0 0 6.381763e-01 6.827678e-01 2.452648e-02 6.538429e-01 6.769992e-01 7.801624e-01 7.154769e-01 2.678130e-01 6.323286e-01 7.640480e-01 2.287770e-01 7.268980e-01 5.278265e-01 7.806921e-01 5.489085e-01 4.680495e-01 1.109571e+00 9.264700e-02 2.002106e-01 6.973824e-01 2.856341e-01 3.032485e-01 3.257611e-01 5.502626e-01 9.572251e-01 6.796713e-01 3.704729e-02 -7.826055e-03 8.454465e-01 3.973483e-01 7.432016e-01 6.177664e-01 6.061980e-01 8.328473e-01 
117 1639  1.000000000000000000e+05 0 0 7.444140e-01 6.805693e-01 2.947155e-01 2.338559e-01 6.684002e-01 5.987863e-01 9.134733e-01 4.376915e-02 9.256817e-01 6.561356e-01 2.321781e-01 9.882517e-01 3.171764e-01 4.764213e-01 3.674853e-01 3.130728e-01 8.560243e-01 2.291334e-01 1.908389e-01 3.815425e-01 6.767567e-01 1.568551e-01 9.748190e-02 1.102509e+00 7.165975e-01 4.964297e-01 7.884564e-02 -2.495476e-02 5.800167e-01 7.977885e-01 5.479829e-01 4.002656e-01 4.718562e-01 6.816492e-01 
118 1653  1.000000000000000000e+05 0 0 4.039973e-01 1.147708e+00 2.923449e-01 5.408892e-01 4.141691e-01 8.378869e-01 8.432281e-01 -9.485205e-02 9.605317e-01 7.947235e-01 2.992898e-01 7.410561e-01 4.037400e-01 4.355693e-01 1.436547e-01 3.704745e-01 7.894782e-01 2.830710e-01 1.413559e-01 5.263477e-01 5.310722e-01 5.095966e-01 2.676468e-01 7.575645e-01 8.209823e-01 5.810994e-01 2.570924e-01 3.040637e-02 6.293947e-01 5.584019e-01 6.054391e-01 3.026625e-01 3.791107e-01 5.394883e-01 
119 1667  1.000000000000000000e+05 0 0 8.857823e-01 8.396208e-01 4.599887e-01 4.127389e-01 6.904568e-01 6.018660e-01 8.851260e-01 2.666070e-01 1.009321e+00 8.212210e-01 5.770836e-02 9.137413e-01 5.166620e-01 4.486129e-01 -1.988460e-02 4.951516e-01 7.076175e-01 1.080849e-01 4.428095e-01 5.378135e-01 6.769648e-01 2.039209e-01 5.038977e-01 8.107452e-01 5.973985e-01 6.293627e-01 1.887026e-01 2.246465e-01 8.183724e-01 6.402426e-01 5.021561e-01 5.890471e-01 -2.866336e-02 3.901401e-01 
120 1681  1.000000000000000000e+05 0 0 6.769639e-01 8.792339e-01 1.467137e-01 2.477931e-01 4.663399e-01 7.201762e-01 7.838933e-01 2.782430e-01 6.857379e-01 7.572702e-01 4.044441e-01 7.771394e-01 3.579666e-01 1.927058e-01 2.651664e-01 1.331174e-01 8.401528e-01 1.095100e-01 2.584151e-01 6.517432e-01 4.987162e-01 5.224689e-01 3.627790e-01 8.355808e-01 7.667635e-01 3.149134e-01 1.624930e-01 3.443013e-01 7.181122e-01 8.134057e-01 4.131223e-01 3.675438e-01 4.433972e-01 3.161302e-01 
121 1695  1.000000000000000000e+05 0 0 9.629799e-01 7.164374e-01 2.641203e-01 2.503423e-01 -3.238846e-02 5.687519e-01 7.671097e-01 2.766822e-01 3.438576e-01 8.895270e-01 4.592885e-01 6.969466e-01 6.020012e-01 3.151670e-01 4.059727e-01 3.029527e-01 1.170407e+00 -8.153978e-02 1.494767e-01 4.842548e-01 6.836462e-01 3.532044e-01 2.489431e-01 5.477273e-01 5.716346e-01 8.238091e-01 1.315957e-01 8.285573e-03 5.380214e-01 5.529460e-01 3.960437e-01 5.070540e-01 5.348359e-01 4.446614e-02 
122 1709  1.000000000000000000e+05 0 0 6.277349e-01 5.920595e-01 1.642736e-01 1.846859e-01 1.316847e-01 6.048683e-01 9.310245e-01 -1.708877e-01 9.081697e-01 4.086779e-01 4.702969e-01 8.869400e-01 1.658292e-01 1.034461e-01 7.336746e-01 4.066530e-01 4.538251e-01 -8.577125e-03 7.310688e-01 3.829255e-01 3.169081e-01 1.203980e-01 4.925482e-01 5.581322e-01 7.824043e-01 3.277760e-01 1.340370e-01 4.932785e-01 2.320436e-01 6.221438e-01 1.048863e+00 5.197722e-01 4.343389e-01 2.605809e-01 
123 1723  1.000000000000000000e+05 0 0 1.593892e-01 6.534702e-01 -7.474198e-02 4.650618e-01 1.768836e-01 3.573879e-01 7.137346e-01 3.274733e-01 8.594375e-01 8.344932e-01 7.599228e-01 3.120318e-01 3.827359e-01 1.129899e-01 7.267994e-01 4.038626e-01 6.790007e-01 1.576138e-01 5.146848e-01 3.434967e-02 5.089415e-01 3.649026e-01 3.630577e-01 6.552890e-01 3.127291e-01 5.513004e-01 -2.287757e-02 7.178032e-01 6.225740e-01 4.806294e-01 9.330445e-01 2.353078e-01 5.146644e-01 2.564154e-01 
124 1737  1.000000000000000000e+05 0 0 8.881874e-01 5.573400e-01 3.700547e-01 5.712749e-01 1.625853e-01 5.936588e-01 8.430482e-01 2.064033e-01 5.277110e-01 9.840955e-01 3.086362e-01 6.460587e-01 4.295614e-02 4.888147e-02 7.600847e-01 4.490454e-01 4.310858e-01 2.225797e-01 1.167136e-01 7.957183e-01 3.290065e-01 3.430785e-01 5.020119e-02 8.164536e-01 8.781342e-01 9.603687e-01 1.180213e-02 1.458545e-01 2.135696e-01 5.906536e-01 5.518007e-01 3.036206e-01 7.572895e-01 2.076621e-01 
125 1751  1.000000000000000000e+05 0 0 7.854494e-01 4.768313e-01 6.821968e-01 3.853244e-01 1.124058e-01 2.806820e-01 6.370947e-01 3.260637e-01 6.337866e-01 8.265427e-01 7.513836e-01 7.627017e-01 1.155618e-01 3.417484e-01 6.072288e-01 4.645339e-01 5.500330e-01 5.734508e-01 3.779087e-01 5.697868e-01 4.909530e-01 3.571549e-01 2.970965e-01 8.532899e-01 7.533244e-01 5.369028e-01 1.173047e-02 4.481748e-01 3.085123e-01 5.675015e-01 8.842585e-01 3.218661e-01 7.936892e-01 4.374079e-01 
126 1765  1.000000000000000000e+05 0 0 5.562398e-01 4.313928e-01 3.021178e-01 1.627795e-01 1.354689e-01 7.088875e-01 6.987336e-01 -6.465774e-02 5.110774e-01 1.106781e+00 6.142044e-01 8.297312e-01 2.470691e-01 5.211047e-01 5.793927e-01 3.929639e-01 4.371731e-01 3.630476e-01 4.442727e-01 7.084680e-01 5.425404e-01 1.112970e-01 2.927295e-01 9.887919e-01 4.964112e-01 5.797792e-01 1.369839e-02 3.128634e-01 3.531256e-01 6.977142e-01 5.733196e-01 3.731662e-01 9.195641e-01 4.459664e-01 
127 1779  1.000000000000000000e+05 0 0 9.247243e-01 5.804479e-01 5.847972e-01 3.489139e-01 1.489757e-01 2.656385e-01 9.763614e-01 1.294003e-01 5.348054e-01 1.050018e+00 5.273772e-01 8.959659e-01 1.297534e-01 4.117515e-01 1.943776e-01 3.583772e-01 9.006776e-01 2.323304e-01 4.456945e-01 2.614946e-01 4.982050e-01 6.791229e-01 2.265632e-01 8.289191e-01 1.287455e+00 3.989017e-01 -1.070987e-01 1.824877e-01 4.672274e-01 7.191299e-01 7.638098e-01 1.553442e-01 6.800070e-01 7.860025e-02 
128 1793  1.000000000000000000e+05 0 0 7.566368e-01 4.083433e-01 7.675567e-01 4.173521e-01 1.849801e-01 4.964727e-01 8.545664e-01 1.602035e-01 5.811765e-01 6.886570e-01 6.037451e-01 7.324241e-01 1.394076e-01 3.062578e-01 7.345186e-01 3.682908e-01 9.354511e-01 3.690838e-01 5.826876e-01 5.724723e-01 5.922668e-01 2.655931e-01 3.812671e-01 5.055231e-01 7.181020e-01 5.469579e-01 1.488850e-01 8.073955e-01 1.472797e-01 5.013740e-01 5.909191e-01 2.535725e-01 6.016584e-01 1.292771e-01 
129 1807  1.000000000000000000e+05 0 0 8.677334e-01 2.622075e-01 4.494711e-01 5.330712e-01 1.229350e-01 1.357944e-01 8.642226e-01 2.761523e-01 4.332416e-01 5.127679e-01 7.895863e-01 1.246809e+00 1.151820e-01 -1.067967e-01 6.353519e-01 4.462114e-01 1.098153e+00 2.115565e-01 6.370949e-01 6.905866e-01 8.040793e-01 2.596160e-01 5.570403e-01 3.370514e-01 7.907091e-01 5.753635e-01 9.947233e-02 4.401357e-01 2.634875e-01 9.468634e-01 7.251180e-01 6.121474e-01 3.872309e-01 3.589043e-02 
130 1821  1.000000000000000000e+05 0 0 6.731530e-01 4.841454e-01 4.973669e-01 3.618944e-01 3.234396e-01 1.034856e+00 6.887921e-01 2.255402e-01 2.578289e-01 9.022544e-01 6.072000e-01 2.739787e-01 4.752754e-01 1.463299e-01 4.790635e-01 3.926321e-01 9.301373e-01 5.663968e-01 1.623568e-01 9.969267e-01 5.646277e-01 6.654442e-01 -5.215545e-03 6.550882e-01 9.207067e-01 3.333601e-01 3.281928e-01 7.073781e-01 1.031230e-01 5.313341e-01 8.216421e-01 -2.218906e-02 7.628540e-01 3.216711e-01 
131 1835  1.000000000000000000e+05 0 0 4.859095e-01 2.257630e-01 3.263868e-01 1.945463e-01 5.071272e-01 2.958184e-01 6.771103e-01 8.713563e-02 5.179415e-01 7.541760e-01 7.390338e-01 7.603613e-01 4.957616e-01 3.780121e-01 8.355226e-01 4.920201e-01 5.198788e-01 5.974608e-01 3.388254e-01 4.962616e-01 2.968512e-01 4.792431e-01 2.740717e-01 8.465300e-01 6.964070e-01 4.784758e-01 3.415339e-01 1.147123e-01 1.563630e-01 9.155034e-01 6.368166e-01 5.621402e-01 8.785668e-01 6.648008e-01 
132 1849  1.000000000000000000e+05 0 0 6.121933e-01 3.176430e-01 6.406803e-01 2.194380e-01 4.403797e-01 4.820422e-01 5.685321e-01 2.147141e-01 6.203240e-01 7.710643e-01 9.513169e-01 5.051336e-01 4.776793e-01 4.294742e-01 5.650653e-01 6.070674e-01 7.766671e-01 4.344152e-01 -2.446278e-02 5.812471e-01 5.816271e-01 3.555455e-01 6.626510e-01 7.692218e-01 9.288815e-01 9.973942e-01 5.681099e-01 1.000731e-01 8.556487e-02 7.814213e-01 3.196921e-01 2.924459e-01 5.608482e-01 5.261249e-01 
133 1863  1.000000000000000000e+05 0 0 7.511223e-01 5.050227e-01 7.253050e-01 1.931003e-01 2.631241e-01 3.951647e-01 8.361057e-01 4.437355e-02 3.082222e-01 2.754201e-01 8.852740e-01 7.723656e-01 6.184132e-01 3.824460e-01 8.705892e-01 4.234717e-01 8.036353e-01 4.109474e-01 2.067830e-01 6.369501e-01 4.471058e-01 3.178394e-01 3.503479e-01 3.005484e-01 6.307573e-01 4.994174e-01 4.044187e-01 -5.821457e-02 -3.756140e-02 8.019559e-01 6.036903e-01 6.124191e-01 7.418224e-01 4.861981e-01 
134 1877  1.000000000000000000e+05 0 0 7.251959e-01 2.837962e-01 6.513620e-01 4.875914e-01 4.437852e-01 1.038392e-01 5.924708e-01 -2.199078e-01 5.336102e-01 6.457884e-01 6.272658e-01 7.141440e-01 6.010617e-01 3.542809e-01 7.205952e-01 4.660769e-01 8.382204e-01 5.896140e-01 2.447705e-01 4.166731e-01 4.070737e-01 3.698344e-01 5.690885e-01 9.737955e-02 7.411144e-01 6.797194e-01 2.154508e-01 1.966877e-01 2.363223e-02 8.089386e-01 4.734279e-01 5.734786e-01 7.417174e-01 4.606045e-01 
135 1891  1.000000000000000000e+05 0 0 6.908331e-01 3.646548e-01 6.525906e-01 4.229848e-01 4.642813e-01 4.215822e-01 4.230350e-01 1.428314e-01 6.263191e-01 6.657448e-01 3.001258e-01 4.882279e-01 1.762181e-01 3.768307e-01 7.024123e-01 4.216022e-01 6.020074e-01 4.198421e-01 3.917215e-01 1.299744e-01 5.391934e-01 2.909558e-01 3.010922e-01 5.203006e-01 7.525890e-01 2.769846e-01 1.700275e-01 2.689685e-01 2.663385e-01 6.884099e-01 8.684254e-01 7.587585e-02 2.914063e-01 7.316303e-01 
136 1905  1.000000000000000000e+05 0 0 6.721804e-01 6.100041e-01 5.132880e-01 6.163308e-01 5.951952e-01 4.742104e-01 3.999305e-01 1.766309e-01 3.495663e-01 5.419605e-01 5.078040e-01 4.988917e-01 2.489999e-01 5.179582e-01 7.357866e-01 3.346597e-01 8.477197e-01 4.045670e-01 4.359714e-01 2.238188e-01 4.897240e-01 2.748315e-01 7.132986e-01 1.636290e-01 9.255549e-01 4.081535e-01 3.464511e-01 3.945446e-01 3.214481e-01 8.550239e-01 6.867840e-01 3.791661e-01 9.002914e-02 5.815691e-01 
137 1919  1.000000000000000000e+05 0 0 7.198761e-01 6.683766e-01 1.890963e-01 4.218204e-01 5.438669e-01 7.977312e-01 1.068634e-01 1.292539e-01 5.080497e-01 5.815308e-01 1.502151e-01 2.978744e-01 6.840691e-01 1.832427e-01 2.742226e-01 -1.135432e-01 1.058308e+00 5.631161e-01 3.735137e-02 5.256110e-01 5.208929e-01 5.984111e-01 6.182015e-01 5.498699e-01 8.604227e-01 5.973395e-01 3.582635e-01 1.528044e-01 3.954734e-01 6.464486e-01 4.863144e-01 1.368498e-01 2.438583e-01 2.384515e-01 
138 1933  1.000000000000000000e+05 0 0 6.275102e-01 8.993630e-01 5.710279e-01 3.779619e-01 5.726209e-01 9.143482e-01 3.769280e-01 2.191932e-03 7.700747e-01 6.643574e-01 4.060299e-01 9.724526e-01 6.377563e-02 8.386000e-01 3.678826e-01 2.813533e-01 8.406210e-01 6.059380e-01 3.993532e-01 8.119704e-01 7.975806e-01 1.507001e-01 3.794730e-01 7.732152e-01 1.089914e+00 9.723204e-02 3.747908e-01 4.124568e-01 3.897435e-01 5.455355e-01 7.571735e-01 1.962315e-01 1.672706e-01 6.695247e-01 
139 1947  1.000000000000000000e+05 0 0 5.817683e-01 5.653903e-01 9.971377e-01 2.360810e-01 4.391385e-01 6.613967e-01 5.631085e-01 2.386224e-01 -5.483896e-02 4.396485e-01 1.775023e-01 8.756391e-01 -1.677282e-01 4.772128e-01 8.484306e-01 2.638249e-01 3.885645e-01 3.390922e-01 3.900149e-01 5.096434e-01 4.842262e-01 7.238696e-01 7.009305e-01 9.714524e-01 3.692109e-01 5.151727e-01 1.744492e-01 3.152941e-01 1.678311e-01 8.943068e-01 8.036957e-01 -1.250635e-02 2.756211e-01 4.594711e-01 
140 1961  1.000000000000000000e+05 0 0 4.139293e-01 5.812057e-01 -1.890413e-01 6.521540e-01 -7.644586e-02 3.306718e-01 4.429495e-01 4.274099e-01 -1.276835e-02 4.212838e-01 2.266698e-01 5.183747e-01 9.993963e-02 4.052522e-01 7.647021e-01 2.935181e-01 1.677218e-01 1.906030e-01 6.827514e-01 4.838153e-01 9.415741e-01 3.333133e-01 1.724693e-01 4.610392e-01 7.231037e-01 5.339199e-01 3.919493e-01 5.169766e-01 2.646129e-01 3.445101e-01 7.497908e-01 5.144989e-01 3.203194e-01 6.886261e-01 
141 1975  1.000000000000000000e+05 0 0 7.746829e-01 5.897862e-01 4.752432e-01 2.585893e-01 5.938991e-01 5.418817e-01 1.892050e-01 -4.320130e-02 1.278035e-01 7.919642e-01 5.280138e-02 5.569953e-01 1.610425e-01 4.439126e-01 7.363107e-01 -1.943321e-01 6.104886e-01 3.717886e-01 6.109654e-01 3.549749e-01 2.949558e-01 3.216372e-01 3.345799e-01 2.690891e-01 6.657228e-01 2.907713e-01 3.095621e-01 3.536116e-03 1.946498e-01 6.913997e-01 1.120650e+00 1.016842e-01 1.037145e-01 7.749114e-01 
142 1989  1.000000000000000000e+05 0 0 3.064689e-01 4.560690e-01 2.196861e-01 4.461081e-01 3.443948e-02 4.741085e-01 3.067550e-01 5.816707e-01 6.652271e-01 3.902275e-01 1.493214e-01 5.172503e-01 2.917445e-01 3.463361e-01 2.882464e-01 3.261661e-01 6.523307e-01 1.321437e-01 3.071642e-01 3.810016e-01 7.408317e-01 4.188679e-01 3.214512e-01 9.358170e-01 8.094462e-01 2.394086e-01 3.141360e-01 7.641996e-01 2.831376e-01 5.195852e-01 1.030497e+00 -6.221358e-02 7.781490e-02 6.301621e-01 
143 2003  1.000000000000000000e+05 0 0 4.748911e-01 4.202154e-01 4.489722e-01 9.714807e-02 1.987006e-01 6.844483e-01 5.083146e-01 5.320947e-01 8.464505e-01 2.774026e-01 5.594808e-01 1.783304e-01 3.635120e-01 5.035455e-01 2.573458e-01 1.116222e-01 8.054530e-01 8.071929e-02 6.210551e-01 4.079492e-01 7.232915e-01 5.165402e-01 4.215274e-01 7.132308e-01 6.211033e-01 3.906888e-01 7.602690e-01 4.670303e-01 -1.906487e-01 2.775501e-01 9.090778e-01 5.071239e-01 3.065539e-01 5.010174e-01 
144 2017  1.000000000000000000e+05 0 0 2.311060e-01 5.928800e-01 3.091896e-01 7.026582e-01 1.619232e-01 4.584559e-01 8.533183e-02 1.593668e-01 6.442672e-01 3.624247e-01 2.000258e-01 3.132804e-01 1.129805e-01 6.005848e-01 1.542494e-01 1.403625e-02 7.898649e-01 2.548543e-01 4.380361e-01 3.933561e-01 1.053714e+00 2.826413e-01 1.178546e-01 5.475105e-01 7.382156e-01 5.630756e-01 4.020251e-01 4.017561e-01 5.007361e-01 5.052384e-01 7.155733e-01 1.251581e-01 -1.171165e-01 7.438672e-01 
145 2031  1.000000000000000000e+05 0 0 4.954961e-01 3.323797e-01 5.917573e-01 3.424040e-02 2.579771e-01 1.827589e-01 4.076231e-02 3.164146e-01 6.289766e-01 3.366707e-01 5.629396e-01 4.990964e-01 3.151030e-01 7.280725e-01 7.031047e-01 5.099919e-01 6.314437e-01 4.402567e-01 -1.109769e-02 2.739651e-01 7.057856e-01 2.965994e-01 3.440969e-01 5.079795e-01 5.125013e-01 4.673104e-01 4.742611e-01 3.070128e-01 8.210689e-02 6.534252e-01 4.795159e-01 5.405422e-01 2.368810e-01 9.739419e-01 
