%  columns="iteration, evaluation, fitness, void, void, xrecentbest" (startseed=216984, 2023/08/29 3:52:54.85)
1 15  1.000000000000000000e+05 0 0 6.529849e-01 5.952929e-01 6.428961e-01 -7.700960e-03 1.279904e-01 5.732475e-01 7.070319e-01 1.314975e-01 3.263797e-01 2.202342e-01 -5.875500e-02 1.577155e-01 -1.622766e-01 2.322375e-01 4.553470e-02 3.913538e-01 6.841009e-01 5.349088e-01 8.709007e-01 5.616226e-01 3.813391e-01 1.416008e+00 7.319481e-01 6.003973e-02 3.072793e-01 5.380473e-01 7.667594e-02 3.887387e-01 2.684681e-01 6.197543e-01 5.308033e-01 5.125482e-01 3.986441e-01 2.294147e-01 
2 29  1.000000000000000000e+05 0 0 2.591548e-01 7.406062e-01 4.633246e-02 3.129306e-01 4.401175e-01 3.762523e-01 -3.755802e-03 -1.824882e-01 7.050508e-01 4.799787e-01 -6.826669e-01 3.489519e-01 4.642839e-01 4.960545e-01 7.177851e-01 9.143777e-01 2.306287e-01 5.307414e-01 1.823731e-01 1.269633e-01 7.933787e-01 4.573641e-01 3.839072e-01 3.604062e-01 1.108155e+00 8.486534e-01 -4.508042e-01 9.898633e-01 -7.218793e-02 4.141948e-01 5.431151e-01 1.516123e-01 8.667277e-01 2.418066e-01 
3 43  1.000000000000000000e+05 0 0 6.300704e-01 -2.073653e-01 -5.397832e-02 2.902846e-01 2.663141e-01 1.714747e+00 8.395966e-01 4.570936e-01 -2.113242e-02 -2.968555e-01 1.339350e-01 7.924885e-01 -2.337762e-01 7.204214e-01 7.827173e-02 5.148868e-01 4.931925e-01 1.224850e+00 7.207620e-01 5.501185e-01 8.160933e-01 3.010790e-01 4.193094e-01 -3.298732e-01 6.954310e-01 7.893019e-01 6.408872e-01 -2.332213e-01 4.274758e-01 6.007392e-01 1.237644e+00 1.008564e+00 5.076264e-01 1.598023e-01 
4 57  1.000000000000000000e+05 0 0 1.251799e+00 2.063454e-01 7.026979e-01 3.364210e-01 2.119703e-01 8.219781e-01 9.870470e-01 4.936580e-01 2.585076e-01 3.732393e-01 5.213025e-01 3.741146e-01 8.013566e-02 1.219903e-01 2.815212e-01 6.098052e-01 4.513392e-01 7.694721e-01 1.065531e+00 -2.211346e-01 3.543058e-01 4.334140e-01 -1.316039e-01 3.075275e-02 8.634282e-01 1.223247e+00 8.366708e-01 2.186487e-01 8.600512e-01 5.885008e-01 4.869771e-01 -7.106444e-02 1.069425e-01 7.071342e-01 
5 71  1.000000000000000000e+05 0 0 9.482146e-01 1.410479e-01 2.258184e-01 7.174938e-01 2.958123e-01 1.605447e+00 8.214592e-01 4.236622e-01 6.453304e-02 1.786787e-01 8.006291e-01 2.961915e-01 -4.136345e-02 6.218525e-01 -1.364688e-01 -3.655385e-01 7.432437e-01 2.735061e-01 6.168737e-01 3.085697e-01 3.126760e-01 1.207293e-01 2.033148e-01 5.201950e-01 5.516715e-01 4.960726e-01 4.377901e-01 6.816524e-01 9.157788e-01 1.201324e-01 7.113361e-01 6.075494e-01 3.141565e-01 8.976226e-02 
6 85  1.000000000000000000e+05 0 0 6.172652e-01 4.642841e-01 7.628469e-01 3.222852e-01 6.964389e-01 1.180320e+00 5.872962e-01 3.838293e-01 3.057315e-01 1.292040e-01 7.269358e-01 -9.997351e-02 8.137216e-01 3.230910e-01 3.803000e-01 2.282592e-01 6.375115e-01 -2.725049e-01 7.944555e-01 -3.590296e-02 3.919029e-01 6.636458e-01 2.551544e-01 4.199094e-01 1.428869e+00 8.844155e-01 2.725630e-01 7.273384e-01 6.841018e-01 -9.625214e-02 1.591572e-01 4.555403e-01 7.073094e-01 3.633177e-01 
7 99  1.000000000000000000e+05 0 0 5.732060e-01 3.059232e-01 2.850784e-01 5.245160e-01 1.229976e-01 3.321266e-01 5.550859e-01 3.560952e-01 3.239549e-01 -1.310329e-01 7.330175e-01 -4.938928e-01 4.245854e-01 4.995817e-01 5.486577e-01 8.906484e-02 1.546145e+00 1.016342e+00 1.553153e+00 -1.339444e-01 7.831965e-01 3.440377e-01 1.985930e-01 2.388817e-01 1.243821e+00 1.832073e+00 5.281561e-01 6.203678e-01 6.455240e-01 6.914191e-01 4.884942e-01 4.239866e-01 2.197609e-01 4.996216e-01 
8 113  1.000000000000000000e+05 0 0 2.941077e-01 6.649199e-02 3.895727e-01 4.123631e-01 1.721940e-01 9.047379e-01 6.049283e-01 9.627752e-01 3.284315e-02 2.708611e-01 4.876823e-01 -9.090820e-03 4.276581e-01 6.847744e-03 9.108194e-01 1.780192e-01 8.457493e-01 6.268896e-01 1.176312e+00 3.234851e-01 8.666228e-01 2.740864e-01 3.435235e-01 6.143434e-01 7.742728e-01 7.468780e-01 9.540464e-01 1.164014e+00 6.810244e-01 -3.651989e-02 7.145323e-01 4.714731e-01 3.939755e-02 6.083183e-01 
9 127  1.000000000000000000e+05 0 0 2.784754e-01 -6.807523e-02 4.910492e-02 6.341180e-01 3.507451e-01 1.126126e+00 5.729532e-01 7.243740e-01 -1.598548e-01 2.620597e-01 3.658735e-01 -9.314586e-02 2.846751e-01 4.040472e-01 1.011940e+00 -4.708416e-01 5.371625e-01 4.086129e-01 9.885489e-01 3.530620e-01 4.715362e-01 8.313226e-01 4.255214e-01 9.358148e-01 1.204487e+00 1.202943e+00 7.170527e-01 4.349289e-01 2.788878e-01 2.111821e-01 7.509550e-01 2.613893e-01 9.706825e-02 1.002028e+00 
10 141  1.000000000000000000e+05 0 0 9.712595e-01 4.523356e-01 5.264341e-01 7.329527e-01 1.448711e-01 8.454159e-01 1.821715e-01 6.475944e-01 -5.046178e-02 1.229118e-01 3.196957e-01 2.569862e-01 6.594640e-01 2.524690e-01 1.753139e-01 -2.086539e-01 2.361619e-01 3.653573e-01 1.025016e+00 2.479791e-01 4.655740e-01 2.797318e-01 4.616888e-01 5.147853e-01 1.308918e+00 9.023047e-01 5.064990e-01 4.839626e-01 4.293813e-01 5.301282e-01 1.123092e+00 5.292951e-01 5.887871e-01 1.089001e+00 
11 155  1.000000000000000000e+05 0 0 1.043363e+00 2.904696e-01 1.063912e+00 2.282286e-01 2.750998e-01 1.102459e+00 7.267545e-01 6.230631e-01 1.469013e-01 -1.844390e-02 7.566395e-01 3.742059e-01 6.159728e-01 1.666489e-01 8.717706e-02 3.406063e-01 5.999254e-01 1.064388e-01 9.230014e-01 9.097622e-02 2.815829e-01 3.419140e-01 1.592940e-02 9.024798e-01 7.899914e-01 9.023040e-01 5.148682e-01 8.277081e-01 1.375398e-01 -1.922621e-01 1.153984e+00 6.997516e-01 2.403625e-01 -1.212593e-02 
12 169  1.000000000000000000e+05 0 0 7.039439e-01 2.575755e-01 3.643338e-01 2.462082e-01 4.971924e-01 1.012081e+00 6.541247e-01 4.447585e-01 7.270405e-01 6.502832e-01 8.286376e-01 5.821234e-01 3.995053e-01 3.349147e-01 -6.048259e-02 2.822096e-02 3.854706e-01 5.423280e-01 1.094872e+00 5.015837e-01 3.746362e-01 6.760638e-01 2.332408e-01 4.288058e-01 9.633065e-01 1.109051e+00 3.330460e-01 8.837988e-01 5.548203e-01 1.417844e-01 1.187875e+00 5.452246e-01 -3.569847e-02 5.828879e-01 
13 183  1.000000000000000000e+05 0 0 8.990825e-01 6.902547e-02 7.686502e-01 2.931313e-01 3.376891e-01 9.583589e-01 9.076356e-01 3.186595e-01 4.354290e-01 3.709608e-01 3.358420e-01 5.062363e-01 4.206531e-01 8.477006e-02 2.947799e-01 4.187474e-02 7.392741e-01 1.616652e-01 1.320033e+00 6.561499e-01 4.330158e-01 5.336344e-01 4.490601e-01 5.497809e-01 6.824572e-01 9.609658e-01 5.430802e-01 1.221511e+00 3.948963e-01 -2.494638e-01 1.280925e+00 9.012296e-01 3.733349e-02 5.209265e-01 
14 197  1.000000000000000000e+05 0 0 8.455248e-01 3.789438e-01 9.922963e-01 7.035861e-01 5.255139e-01 6.538131e-01 1.025193e+00 3.132791e-01 2.364676e-01 3.609867e-01 7.047606e-01 6.610605e-01 4.072057e-01 1.915749e-01 2.126630e-01 7.892157e-01 4.107147e-01 4.313392e-01 7.184041e-01 3.172346e-01 7.458861e-01 4.474041e-01 1.448816e-01 5.545858e-01 4.047252e-01 8.818605e-01 4.604155e-01 7.984657e-01 7.901410e-01 2.220719e-01 8.604743e-01 9.259788e-01 3.853400e-01 2.520238e-01 
15 211  1.000000000000000000e+05 0 0 8.840195e-01 3.679232e-01 7.841732e-01 7.238093e-01 4.618866e-01 8.653971e-01 8.007486e-01 -4.527842e-02 1.628072e-01 5.395470e-01 1.248826e+00 5.960947e-01 6.498622e-01 1.203877e-02 6.494739e-01 8.384843e-02 6.569199e-01 1.468158e-01 7.004577e-01 2.638286e-01 8.101163e-01 3.746232e-01 1.979685e-01 3.463311e-01 4.123445e-01 1.137157e+00 3.373534e-01 7.349977e-01 7.857075e-01 1.655742e-01 5.353687e-01 6.382808e-01 4.820116e-01 3.315170e-01 
16 225  1.000000000000000000e+05 0 0 6.382577e-01 4.144552e-01 9.028501e-01 3.801858e-01 7.062246e-01 1.404209e+00 5.371829e-01 4.634497e-01 5.233135e-01 4.470831e-01 1.025640e+00 3.667677e-01 7.815975e-01 4.529645e-01 6.571540e-01 7.255928e-01 6.517108e-01 2.973598e-01 7.198589e-01 1.871586e-01 4.880092e-01 6.854860e-01 1.017190e+00 3.220035e-01 4.795912e-01 2.934506e-01 3.598817e-01 1.174330e+00 7.647605e-01 1.902188e-01 3.421354e-01 7.758884e-01 6.213950e-01 5.484434e-01 
17 239  1.000000000000000000e+05 0 0 5.564500e-01 8.349063e-01 3.773947e-01 6.792640e-01 4.468541e-01 1.234120e+00 7.224504e-01 7.695267e-01 3.855082e-01 2.570745e-01 6.637158e-01 4.523505e-01 6.279828e-01 4.164460e-01 6.872378e-01 3.974317e-01 7.105395e-01 3.805306e-01 1.091360e+00 6.223644e-01 2.995016e-01 3.771649e-01 2.069917e-01 3.059243e-01 4.763643e-01 9.439094e-01 4.401235e-01 1.020611e+00 2.158516e-01 3.668051e-01 8.083380e-01 1.054125e+00 3.266731e-01 6.457139e-01 
18 253  1.000000000000000000e+05 0 0 4.962010e-01 4.638768e-01 7.194504e-01 7.909212e-01 1.833440e-01 7.159508e-01 8.334465e-01 3.090726e-01 3.574622e-01 1.092784e-01 3.984229e-02 2.386247e-01 1.234560e-01 5.986760e-01 2.041901e-01 2.414988e-01 3.668262e-01 4.802265e-01 1.155164e+00 5.883481e-01 8.582156e-01 3.550863e-01 4.546186e-01 3.269726e-01 8.001358e-01 9.221642e-01 8.373246e-02 9.980647e-01 3.022637e-01 3.734807e-02 7.756073e-01 6.456348e-01 -4.061564e-02 5.893107e-01 
19 267  1.000000000000000000e+05 0 0 5.881790e-01 3.814215e-01 6.999055e-01 5.320008e-01 4.546854e-01 9.074930e-01 1.259159e+00 3.846922e-01 2.830572e-01 1.723897e-01 7.141814e-01 3.386460e-01 5.936586e-01 1.273965e-01 4.155259e-01 4.826933e-01 6.920958e-01 3.820367e-01 8.705571e-01 5.336215e-01 6.277465e-01 1.867225e-01 5.265484e-01 4.224657e-01 8.680183e-01 1.019889e+00 2.534182e-01 7.282304e-01 9.227340e-01 8.849616e-02 8.937939e-01 1.860897e-01 2.784920e-01 7.834514e-01 
20 281  1.000000000000000000e+05 0 0 2.304278e-01 7.078885e-01 4.506092e-01 8.953941e-01 5.111532e-01 9.372838e-01 1.020739e+00 4.703652e-01 1.301353e-01 1.001213e-01 6.644788e-01 2.532005e-02 6.200506e-01 4.528208e-01 7.464287e-01 2.506559e-01 8.587955e-01 5.658870e-01 7.662710e-01 6.606962e-01 6.123789e-01 3.137660e-02 4.362999e-01 1.536777e-01 5.697020e-01 1.022727e+00 2.104068e-01 9.885261e-01 2.558432e-01 6.524756e-02 1.171240e+00 8.271621e-01 1.263213e-01 7.470110e-01 
21 295  1.000000000000000000e+05 0 0 1.311917e-01 4.245769e-01 1.385615e-01 7.976935e-01 3.895194e-01 9.819670e-01 7.947665e-01 1.608479e-01 2.001455e-01 4.001060e-01 5.081700e-01 3.124250e-01 3.331761e-01 5.572599e-01 6.588190e-01 7.799674e-02 8.739478e-01 -5.908725e-02 6.543078e-01 3.374394e-01 5.713593e-01 1.930623e-01 9.726145e-02 2.225621e-01 7.461982e-01 9.176689e-01 2.249947e-01 7.064393e-01 4.828309e-01 3.846371e-01 1.118685e+00 7.121081e-01 2.036676e-01 2.905098e-01 
22 309  1.000000000000000000e+05 0 0 6.961942e-01 4.233720e-01 5.250085e-01 6.665630e-01 3.028455e-01 1.119731e+00 7.195879e-01 4.683966e-01 2.552119e-01 1.442232e-02 4.491026e-01 3.035024e-01 4.465366e-01 4.867566e-01 7.339156e-01 3.455602e-01 7.177184e-01 4.143169e-01 9.995700e-01 3.166101e-01 3.534569e-01 3.824183e-01 4.801563e-01 4.685059e-01 3.424387e-01 8.523502e-01 1.748156e-01 4.491778e-01 2.562309e-01 3.222653e-01 8.806294e-01 8.215246e-01 3.874819e-01 6.541819e-01 
23 323  1.000000000000000000e+05 0 0 1.410271e-01 5.667252e-01 1.907135e-01 5.063506e-01 4.195035e-01 1.170335e+00 9.549289e-01 -6.237554e-03 4.701356e-01 2.104642e-01 3.999378e-01 5.873495e-01 8.560322e-01 2.178879e-01 8.684947e-01 4.334982e-01 6.093976e-01 1.157794e-01 8.999940e-01 3.826875e-01 7.760969e-01 3.922610e-01 1.785678e-01 5.389159e-01 6.770167e-01 8.705746e-01 1.562774e-01 5.519845e-01 8.340554e-01 2.274556e-01 7.306980e-01 3.735156e-01 2.068467e-01 5.317051e-01 
24 337  1.000000000000000000e+05 0 0 1.308060e-01 6.315772e-01 2.861236e-01 6.809486e-01 4.536311e-01 9.395894e-01 1.723779e-01 3.885093e-01 4.881070e-01 1.368426e-01 2.697646e-01 5.703707e-01 9.680231e-01 1.162461e-01 6.581071e-01 6.933553e-01 7.733293e-01 2.145459e-01 1.002509e+00 5.087277e-01 7.757913e-01 5.444284e-01 2.550670e-01 5.451637e-01 3.580794e-01 8.441509e-01 1.342430e-01 1.037605e+00 9.210947e-01 5.993108e-01 7.906980e-01 4.636584e-01 7.081973e-01 5.293781e-01 
25 351  1.000000000000000000e+05 0 0 1.551009e-01 2.834073e-01 2.088566e-01 8.655838e-01 4.524695e-01 6.731811e-01 8.661628e-01 2.633897e-01 1.567156e-01 1.392840e-01 5.686727e-01 9.887130e-01 1.024826e+00 2.105411e-01 7.280137e-01 8.494726e-01 8.723243e-01 3.252689e-01 8.277482e-01 4.503748e-01 7.404315e-01 8.534700e-01 3.515689e-01 5.130694e-01 2.799040e-01 9.608597e-01 3.769353e-01 1.009558e+00 9.427387e-01 1.938538e-01 7.778536e-01 6.833565e-01 7.373074e-01 7.225274e-01 
26 365  1.000000000000000000e+05 0 0 3.935689e-01 4.761594e-01 2.799547e-01 5.452576e-01 4.645928e-01 7.819698e-01 4.537002e-01 1.654098e-01 4.131840e-01 2.546973e-01 6.089241e-01 3.856448e-01 5.916365e-01 8.272269e-02 4.738793e-01 3.689322e-01 8.843938e-01 5.195898e-01 5.729344e-01 4.589637e-01 5.235003e-01 4.934527e-01 3.791725e-01 5.763653e-01 3.640005e-01 8.082390e-01 1.915484e-01 9.619628e-01 1.028848e+00 3.453248e-01 4.908695e-01 2.761506e-01 4.505241e-01 3.746474e-01 
27 379  1.000000000000000000e+05 0 0 5.320300e-01 8.017492e-01 2.242478e-01 7.299185e-01 6.918337e-01 7.060884e-01 5.798885e-01 3.016461e-01 2.066350e-01 8.250635e-02 7.020679e-01 5.701008e-01 6.041871e-01 4.515234e-01 2.706812e-01 7.409507e-01 7.537518e-01 3.319266e-01 6.532114e-01 4.095629e-01 3.184024e-01 4.210700e-01 5.407800e-01 4.476697e-01 5.061880e-01 7.793365e-01 2.412206e-01 3.431006e-01 7.852160e-01 4.180875e-01 8.022357e-01 6.108768e-01 2.698847e-01 4.086758e-01 
28 393  1.000000000000000000e+05 0 0 7.330599e-01 6.046844e-01 3.987868e-01 9.471881e-01 3.961820e-01 6.242943e-01 4.674448e-01 2.308712e-02 2.064080e-01 1.434469e-01 8.136720e-01 9.460043e-01 6.851369e-01 1.288134e-01 3.470031e-01 6.737240e-01 8.878593e-01 -4.629251e-02 7.845247e-01 3.217805e-01 4.176409e-01 5.518065e-01 -1.420167e-02 2.728866e-01 4.264216e-01 7.553903e-01 2.289704e-01 2.499905e-01 7.934720e-01 4.152449e-01 3.313971e-01 5.032374e-01 1.499314e-01 2.795674e-01 
29 407  1.000000000000000000e+05 0 0 1.675839e-01 9.694377e-01 2.284457e-01 5.470816e-01 5.511014e-01 1.263779e+00 3.246691e-01 3.556902e-01 2.647527e-01 3.325969e-01 7.925266e-01 7.299652e-01 4.529956e-01 3.873722e-01 6.480582e-01 3.020597e-01 6.268193e-01 1.262787e-01 3.844505e-01 6.931318e-01 2.417350e-01 5.696702e-01 5.563959e-01 7.183190e-01 4.397143e-01 8.823481e-01 -1.808194e-01 4.765061e-01 6.836882e-01 1.664923e-01 4.143580e-02 6.107574e-01 1.772241e-01 3.616860e-01 
30 421  1.000000000000000000e+05 0 0 9.494596e-01 4.315358e-01 7.302190e-01 6.504193e-01 6.041009e-01 6.086643e-01 7.007874e-01 1.786749e-01 4.307840e-01 3.299898e-01 3.356954e-01 9.593796e-01 6.314314e-01 3.696596e-01 4.363989e-01 4.542715e-01 7.113210e-01 1.822632e-01 3.487821e-01 7.456777e-01 7.884278e-01 3.848449e-01 3.143540e-01 4.306024e-01 3.186154e-01 5.089203e-01 4.484811e-01 5.536285e-01 9.031625e-01 2.629072e-01 9.388899e-01 3.623455e-01 4.961985e-01 6.634221e-01 
31 435  1.000000000000000000e+05 0 0 5.802419e-01 8.393158e-01 6.364306e-01 6.652419e-01 5.170024e-01 4.772677e-01 5.649211e-01 2.862617e-01 5.329420e-01 4.066449e-01 4.650548e-01 6.919369e-01 4.263149e-01 3.498985e-01 3.735919e-01 3.285750e-01 6.360952e-01 4.154269e-01 4.921758e-01 9.521076e-01 3.509312e-01 3.752817e-01 3.822303e-01 6.115237e-01 2.565678e-01 6.644950e-01 -1.245923e-01 6.777570e-01 4.697227e-01 3.428226e-01 6.123685e-01 5.095507e-01 5.098049e-01 7.466566e-01 
32 449  1.000000000000000000e+05 0 0 7.574235e-01 2.502998e-01 5.683164e-01 6.404748e-01 6.247062e-01 7.353783e-01 3.129321e-01 -9.925929e-02 2.733284e-01 4.026629e-01 6.517551e-02 7.250439e-01 5.351241e-01 8.580399e-01 5.248888e-01 4.469488e-01 7.324245e-01 1.745679e-01 5.113562e-01 1.003729e+00 1.037844e+00 5.207922e-01 4.715513e-01 5.737839e-01 2.092261e-01 7.501184e-01 1.418275e-01 6.929331e-01 8.014093e-01 4.495988e-01 4.671532e-01 4.408688e-01 -3.190296e-02 7.762731e-01 
33 463  1.000000000000000000e+05 0 0 4.986175e-01 1.742103e-01 3.930331e-01 7.885413e-01 4.524949e-01 8.436944e-01 4.446011e-01 2.732443e-01 1.940159e-01 2.589537e-01 6.587284e-01 4.498589e-01 7.409784e-01 1.755817e-01 3.182467e-01 3.155749e-01 9.017694e-01 4.804870e-01 5.017786e-01 6.537802e-01 5.732510e-01 5.797629e-01 4.146903e-01 7.216556e-01 3.964080e-01 4.621631e-01 2.005779e-01 7.253418e-01 6.225720e-01 3.745819e-01 5.557276e-01 8.187376e-01 3.455325e-01 3.646205e-01 
34 477  1.000000000000000000e+05 0 0 9.113494e-01 3.579268e-01 6.613327e-01 4.306718e-01 4.578873e-01 7.081401e-01 5.506089e-01 3.644431e-01 4.936773e-02 5.653215e-01 5.995146e-01 5.771407e-01 6.735099e-01 1.583712e-01 4.888898e-01 3.464069e-01 1.056864e+00 5.409626e-01 5.682373e-01 7.844577e-01 9.325929e-01 3.388500e-01 2.865402e-01 5.701206e-01 2.134989e-01 7.868951e-01 2.871832e-01 6.809333e-01 5.818282e-01 2.862963e-01 7.366011e-01 1.016276e+00 4.049358e-01 3.827294e-01 
35 491  1.000000000000000000e+05 0 0 5.893592e-01 6.191427e-01 2.668136e-01 6.950102e-01 5.989482e-01 7.443123e-01 8.349321e-01 2.209126e-01 5.690550e-01 3.882160e-01 5.375515e-01 4.763446e-01 4.669622e-01 4.531048e-01 1.504080e-01 6.755857e-01 9.362781e-01 4.096127e-01 1.713293e-01 6.878651e-01 8.662143e-01 3.885110e-01 2.042807e-01 5.898096e-01 3.011749e-01 6.687623e-01 3.106201e-01 7.447371e-01 8.303295e-01 3.628963e-01 7.271293e-01 3.620455e-01 7.112075e-01 3.206813e-01 
36 505  1.000000000000000000e+05 0 0 2.019440e-01 6.958060e-01 1.515226e-01 5.851033e-01 8.003025e-02 9.979219e-01 5.936384e-01 2.518030e-01 6.255926e-01 2.321945e-01 3.749718e-01 9.283723e-01 8.004316e-01 1.920822e-01 7.151050e-03 7.464341e-01 4.212225e-01 4.199960e-01 6.771610e-01 7.122293e-01 8.220161e-01 5.920098e-01 3.107692e-01 1.749133e-01 2.281288e-01 5.374917e-01 3.596020e-01 5.974385e-01 7.151929e-01 1.237294e-01 5.307738e-01 8.297455e-01 3.030405e-01 4.472697e-01 
37 519  1.000000000000000000e+05 0 0 6.364554e-01 9.079962e-01 1.094742e-01 3.729062e-01 5.823705e-01 6.634755e-01 6.200810e-01 -3.995285e-02 5.739235e-01 1.831225e-01 2.203597e-01 8.275546e-01 2.936501e-01 1.177198e-01 3.849303e-03 8.112245e-01 1.364564e-01 6.159168e-01 7.830172e-01 7.647749e-01 5.236316e-01 6.478764e-01 2.681191e-01 3.119485e-01 1.296027e-01 6.418080e-01 1.554710e-01 9.750056e-01 8.182884e-01 3.725853e-01 2.918516e-01 5.846053e-01 9.840978e-01 5.636819e-01 
38 533  1.000000000000000000e+05 0 0 7.649311e-01 6.474484e-01 2.583939e-01 4.285916e-01 -1.324499e-01 1.132629e+00 8.968220e-01 3.636573e-01 4.378161e-01 1.260883e-01 4.310248e-01 5.813545e-01 4.499871e-01 2.171269e-01 -6.451872e-02 5.928569e-01 5.132984e-01 1.005625e+00 4.800017e-01 6.610119e-01 7.773809e-01 6.415655e-01 1.712523e-01 5.409167e-01 2.551213e-01 5.296329e-01 3.334223e-01 4.507860e-01 5.910314e-01 4.070850e-01 7.284612e-01 9.884378e-01 5.194008e-01 4.795115e-01 
39 547  1.000000000000000000e+05 0 0 1.940368e-01 2.133477e-01 5.591614e-01 6.968880e-01 3.786935e-01 8.492023e-01 4.975149e-01 8.970035e-02 6.067835e-01 2.960413e-01 5.991754e-01 7.181971e-01 6.152732e-01 6.190965e-01 -7.381055e-02 7.324189e-01 2.607440e-01 6.877506e-01 5.968786e-01 8.882458e-01 8.522023e-01 4.778186e-01 4.887695e-01 6.428883e-01 2.008479e-01 5.372525e-01 1.564175e-01 5.271299e-01 8.135499e-01 2.756035e-01 6.253873e-01 7.826381e-01 4.035630e-01 4.054237e-01 
40 561  1.000000000000000000e+05 0 0 4.959259e-01 9.081957e-01 3.470393e-01 6.314687e-01 1.901931e-01 3.659305e-01 7.045710e-01 1.234881e-01 7.328069e-01 1.690948e-01 5.720203e-01 7.720385e-01 6.243691e-01 1.433421e-01 3.179515e-01 9.083201e-01 -6.845305e-02 8.883938e-01 5.391111e-01 9.076544e-01 7.076966e-01 5.227823e-01 4.049863e-01 5.068431e-01 5.561373e-01 5.942486e-01 2.524757e-01 3.799414e-01 6.557893e-01 7.063606e-02 9.749687e-01 7.352784e-01 4.564194e-01 1.158619e-01 
41 575  1.000000000000000000e+05 0 0 5.926486e-01 6.884156e-01 1.856981e-02 5.750592e-01 2.115288e-01 7.602010e-01 5.438024e-01 1.196062e-01 3.969950e-01 5.764086e-01 6.167587e-01 7.718960e-01 7.125210e-01 5.420546e-02 3.630684e-01 8.583975e-01 4.600078e-01 6.703279e-01 5.177533e-01 7.968590e-01 7.115186e-01 4.360101e-01 3.922122e-01 7.509723e-01 9.437431e-01 5.822043e-01 2.231948e-01 6.194883e-01 8.949279e-01 3.088131e-01 1.178531e+00 8.357263e-01 4.083652e-01 1.617964e-01 
42 589  1.000000000000000000e+05 0 0 7.311050e-01 8.359508e-01 3.873828e-01 4.116777e-01 2.566967e-01 6.779883e-01 8.299740e-01 1.657863e-02 4.272020e-01 3.762841e-01 3.387397e-01 5.979873e-01 4.702059e-01 2.690423e-01 2.975837e-01 8.277475e-01 4.398405e-01 2.566528e-01 7.202313e-01 1.012079e+00 3.610669e-01 8.843866e-01 2.531302e-01 8.240638e-01 4.557592e-01 5.500138e-01 3.384018e-01 8.061953e-01 4.201342e-01 -1.004837e-01 8.126630e-01 6.019441e-01 5.409506e-02 2.849126e-01 
43 603  1.000000000000000000e+05 0 0 6.283452e-01 9.119471e-01 -9.888340e-02 3.325788e-01 4.851186e-01 4.056147e-01 5.949434e-01 2.406913e-01 6.410840e-01 6.675768e-01 7.309221e-01 7.391527e-01 5.514764e-01 4.443683e-01 5.664364e-01 4.191633e-01 8.715133e-01 6.101728e-01 6.656821e-01 1.460942e+00 5.314934e-01 3.636692e-01 4.479653e-01 1.273165e-01 3.135319e-01 1.221484e+00 2.649185e-01 6.871174e-01 4.407741e-01 8.037690e-01 6.904677e-01 5.832189e-01 3.779016e-01 4.349764e-01 
44 617  1.000000000000000000e+05 0 0 9.262114e-01 7.243301e-01 3.879949e-01 2.402118e-01 1.458534e-01 6.132307e-01 2.977354e-01 4.400356e-02 3.183396e-01 3.413612e-01 6.690850e-01 7.576871e-01 4.397419e-01 3.602186e-01 4.696580e-01 9.752121e-01 1.110026e-01 3.164964e-01 4.187663e-01 4.831790e-01 7.986380e-01 7.599736e-01 4.927858e-01 1.044899e-01 6.104242e-01 8.921453e-01 5.120714e-01 5.369709e-01 8.513197e-01 5.021637e-02 7.547155e-01 5.143300e-01 6.766014e-01 4.509933e-01 
45 631  1.000000000000000000e+05 0 0 6.175889e-01 8.968329e-01 4.860594e-01 8.601263e-01 -4.255960e-02 7.755641e-01 5.056472e-01 -2.834650e-02 3.212183e-01 4.780380e-01 5.899039e-01 4.065282e-01 6.638745e-02 7.672772e-01 4.850922e-01 5.935016e-01 4.401148e-01 4.531373e-01 5.265433e-01 4.781519e-01 6.676350e-01 5.086495e-01 2.633568e-01 4.101730e-02 6.984751e-01 8.871709e-01 9.098909e-02 2.610956e-01 5.828093e-01 -1.671885e-01 7.241994e-01 5.052518e-01 3.994007e-01 2.213638e-01 
46 645  1.000000000000000000e+05 0 0 6.762542e-01 4.989959e-01 8.925828e-02 6.530802e-01 2.982757e-01 7.953115e-01 1.233659e-01 1.557818e-01 1.157809e-01 5.968317e-01 4.764569e-01 6.475035e-01 4.900157e-01 5.577757e-01 5.543119e-01 8.602778e-01 3.627290e-02 5.773863e-01 7.951978e-01 4.784735e-01 5.077688e-01 7.263707e-01 3.813776e-01 2.466943e-01 2.520024e-01 6.404252e-01 1.136856e-01 6.575482e-01 4.391747e-01 7.628786e-02 7.273267e-01 6.035569e-01 1.814059e-02 3.705286e-01 
47 659  1.000000000000000000e+05 0 0 5.673259e-01 7.802589e-01 3.452143e-01 1.012323e+00 4.253121e-01 5.575135e-01 4.468588e-01 3.543675e-01 6.160602e-01 8.273694e-01 5.586981e-01 4.600491e-01 4.156180e-01 7.277206e-01 3.268726e-01 7.188097e-01 -1.686558e-01 3.880929e-01 3.999474e-01 5.693457e-01 6.303844e-01 9.351833e-01 2.518831e-01 9.839178e-02 3.321697e-01 4.816901e-01 6.593786e-02 5.307663e-01 5.939016e-01 4.661630e-01 5.285722e-01 5.899167e-01 2.184213e-01 1.438581e-01 
48 673  1.000000000000000000e+05 0 0 7.432582e-01 9.334204e-01 1.008838e-01 5.771664e-01 -3.839061e-02 5.076216e-01 2.426922e-01 3.238815e-01 4.415372e-01 4.989590e-01 5.230579e-01 7.915456e-01 3.284597e-01 9.097641e-01 6.178533e-01 5.449702e-01 7.330280e-01 9.993300e-02 3.116645e-01 4.561479e-01 5.154002e-01 5.860446e-01 5.324454e-01 1.937996e-01 3.393060e-01 8.968882e-01 1.607330e-01 2.709314e-01 6.030657e-01 6.611729e-02 6.869885e-01 4.271166e-01 5.277771e-01 3.883359e-02 
49 687  1.000000000000000000e+05 0 0 6.338108e-01 2.909789e-01 7.479398e-02 9.953072e-01 2.699984e-01 6.035561e-01 1.647964e-01 7.233490e-02 1.692423e-01 6.649230e-01 8.054644e-01 1.071113e+00 4.818337e-01 5.935237e-01 7.316775e-01 5.272691e-01 5.556165e-02 5.196936e-01 5.631142e-01 3.516971e-01 5.910330e-01 8.166884e-01 4.644304e-01 1.482010e-01 4.239794e-01 9.410076e-01 3.429787e-01 2.986538e-01 7.032649e-01 6.229274e-02 3.535851e-01 4.893650e-01 4.541553e-02 2.667098e-02 
50 701  2.972737613383173993e+02 0 0 7.157152e-01 4.649739e-01 3.014917e-01 7.834152e-01 3.514943e-01 5.380352e-01 5.737247e-01 8.486559e-01 2.139773e-01 4.257783e-01 1.173619e+00 5.393788e-01 2.492283e-01 8.100942e-01 3.792494e-01 3.588151e-01 -2.148046e-01 2.937281e-01 3.183040e-01 4.563986e-01 3.528351e-01 8.043050e-01 4.549267e-01 4.556350e-01 4.004721e-01 9.276792e-01 4.735858e-01 2.523077e-01 5.846362e-01 -1.534306e-01 7.139444e-01 5.527334e-01 8.825050e-02 3.842144e-01 
51 715  1.000000000000000000e+05 0 0 5.109851e-01 3.287384e-01 5.899170e-01 6.053582e-01 1.280333e-01 1.627449e-01 4.321242e-01 2.073662e-01 1.052469e-01 5.201168e-01 8.591491e-01 7.438030e-01 3.043492e-01 7.415633e-01 8.430912e-02 6.777607e-01 -6.300373e-02 8.624287e-02 6.998794e-01 5.866285e-01 7.735037e-01 6.026795e-01 5.301052e-01 2.550986e-01 3.731749e-01 8.893099e-01 5.308551e-01 6.279495e-01 5.650243e-01 3.165843e-01 5.343179e-01 6.815650e-01 -3.190162e-02 7.583140e-02 
52 729  1.000000000000000000e+05 0 0 5.965431e-01 4.149383e-01 5.086224e-01 2.329520e-01 9.006851e-02 2.962299e-01 5.550819e-01 1.026467e-01 3.999109e-01 6.307147e-01 7.265299e-01 7.378453e-01 3.284573e-01 7.220794e-01 4.011596e-01 1.017775e+00 -3.752003e-02 6.924856e-01 5.263825e-01 4.779007e-01 8.786174e-01 6.897439e-01 5.105530e-01 4.018820e-01 5.537234e-01 7.251586e-01 6.136975e-01 4.999160e-01 7.467126e-01 2.572712e-01 6.283103e-01 2.601110e-01 2.086229e-01 9.856846e-02 
53 743  1.000000000000000000e+05 0 0 3.786117e-01 4.142161e-01 3.328465e-01 7.140389e-01 4.476373e-01 7.357536e-01 2.778321e-01 -3.725781e-02 3.295611e-01 4.519203e-01 9.183959e-01 9.157352e-01 2.154734e-01 8.028570e-01 4.824240e-01 7.326896e-01 1.296842e-01 5.672824e-01 7.413737e-01 5.362188e-01 8.007298e-01 8.579332e-01 5.865873e-01 6.382987e-01 7.560553e-01 8.740757e-01 4.365692e-01 4.723930e-01 5.580012e-01 5.868460e-01 2.307484e-01 1.490109e-02 -1.501519e-01 3.500832e-01 
54 757  1.000000000000000000e+05 0 0 5.718360e-01 4.284274e-01 5.146398e-01 3.312844e-01 3.830620e-01 8.184448e-01 5.769602e-01 3.058025e-01 3.901024e-01 7.237819e-01 8.537195e-01 8.807658e-01 4.328937e-01 5.091019e-01 4.060834e-01 6.634252e-01 -1.104895e-01 3.541524e-01 1.423715e-01 6.461763e-01 7.115206e-01 9.823387e-01 5.719889e-01 4.277998e-01 7.858737e-01 7.740585e-01 7.442032e-01 6.468434e-01 4.394120e-01 4.267581e-01 7.249310e-01 3.242652e-01 3.268758e-01 5.463121e-02 
55 771  1.000000000000000000e+05 0 0 6.244978e-01 4.700080e-01 2.549720e-01 5.002478e-01 3.811886e-01 6.309077e-01 5.230701e-01 3.210207e-01 1.457775e-01 6.186680e-01 7.166285e-01 6.295480e-01 4.903308e-01 8.502385e-01 3.156003e-01 8.819236e-01 3.561990e-01 4.164208e-01 7.249773e-01 5.111773e-01 6.317523e-01 8.046159e-01 7.082813e-01 5.984026e-01 8.896379e-01 5.027466e-01 2.493365e-01 5.053994e-01 5.831896e-01 2.863420e-01 7.358730e-01 1.250117e-01 2.377712e-01 -3.393490e-02 
56 785  1.000000000000000000e+05 0 0 6.832908e-01 3.837796e-01 2.533938e-01 7.943612e-01 4.083326e-01 7.502921e-01 6.842748e-01 3.559820e-01 2.978006e-01 7.418535e-01 8.074477e-01 7.876540e-01 3.096060e-01 7.607228e-01 4.644845e-01 8.945988e-01 1.698113e-01 4.774772e-01 5.870986e-01 5.684472e-01 7.442373e-01 9.779131e-01 9.891241e-01 3.074291e-01 6.268441e-01 6.671365e-01 6.612396e-01 3.341767e-01 8.645518e-01 4.190925e-01 4.219667e-01 3.001486e-01 -6.024641e-02 1.179074e-01 
57 799  1.000000000000000000e+05 0 0 5.624089e-01 3.359341e-01 4.673672e-01 4.772393e-01 4.733652e-01 4.311348e-01 7.030634e-01 2.468350e-01 1.736308e-01 9.955664e-01 8.451437e-01 4.884190e-01 3.118799e-01 9.944168e-01 5.877165e-01 7.891765e-01 1.538681e-01 7.102745e-01 4.597234e-01 4.942070e-01 5.652844e-01 7.044182e-01 8.067876e-01 4.931269e-01 6.377255e-01 8.255346e-01 6.007599e-01 5.513709e-01 6.571010e-01 3.257960e-01 6.143520e-01 1.706900e-01 1.998261e-01 9.588188e-02 
58 813  2.888612094930376770e+02 0 0 5.224781e-01 4.961197e-01 4.305794e-01 3.337047e-01 6.539725e-01 4.703466e-01 6.646168e-01 4.439270e-01 3.972886e-01 6.953064e-01 8.647942e-01 6.097558e-01 3.393553e-01 5.504567e-01 3.895860e-01 8.039059e-01 4.181720e-01 5.421151e-01 6.516531e-01 4.639230e-01 6.832289e-01 7.726409e-01 8.280255e-01 6.313814e-01 5.284702e-01 9.285078e-01 3.683544e-01 5.946829e-01 5.701288e-01 2.481979e-01 7.278814e-01 5.074884e-02 -8.988890e-04 1.313858e-02 
59 827  1.000000000000000000e+05 0 0 1.974858e-01 5.467057e-01 4.220716e-01 2.043529e-01 1.409068e-01 5.048311e-01 7.986185e-01 1.056827e-01 2.583229e-01 1.487348e+00 5.929875e-01 6.165738e-01 3.372236e-01 8.755451e-01 8.319042e-01 9.784439e-01 2.720100e-01 6.483396e-01 7.065216e-01 6.710895e-01 6.474727e-01 7.106539e-01 7.942762e-01 7.009378e-01 5.272269e-01 9.314670e-01 2.382725e-01 5.654386e-01 7.187031e-01 4.279564e-01 8.395865e-01 5.257890e-01 3.575056e-01 2.228797e-01 
60 841  1.000000000000000000e+05 0 0 7.491761e-01 4.063015e-01 5.015660e-01 2.899918e-01 5.360723e-01 8.227960e-01 7.861336e-01 2.545874e-01 2.638199e-01 8.383115e-01 7.207805e-01 8.697537e-01 2.960939e-01 9.133248e-01 1.621139e-01 1.128208e+00 4.248148e-01 1.087273e+00 3.462814e-01 4.024023e-01 8.014010e-01 1.183624e+00 2.823888e-01 6.656842e-01 6.475829e-01 8.390128e-01 3.793259e-01 6.952429e-01 7.994425e-01 2.982730e-01 6.243030e-01 8.557079e-02 3.314072e-01 -2.246580e-01 
61 855  1.000000000000000000e+05 0 0 6.826230e-01 1.888112e-01 6.516905e-01 3.064729e-01 3.942202e-01 4.795257e-01 8.975736e-01 3.067037e-01 2.077427e-01 1.064883e+00 4.244039e-01 1.013289e+00 4.388762e-01 9.587914e-01 1.624464e-01 1.015794e+00 3.235797e-01 7.084605e-01 4.032795e-01 5.337469e-01 8.301658e-01 9.784521e-01 8.263057e-01 6.620499e-01 4.277101e-01 8.038638e-01 5.463619e-01 1.285380e-01 3.518446e-01 2.824575e-01 7.369984e-01 3.906573e-01 -2.447104e-01 2.039008e-01 
62 869  1.000000000000000000e+05 0 0 6.209533e-01 3.929402e-01 7.235103e-02 4.799540e-01 5.761269e-02 6.498478e-01 3.722404e-01 2.323908e-01 4.268749e-01 6.452377e-01 6.512356e-01 8.590704e-01 5.731264e-01 8.439908e-01 4.830445e-01 9.971760e-01 4.884645e-01 7.567452e-01 2.560172e-01 3.693103e-01 7.314904e-01 6.784151e-01 9.501040e-01 3.906179e-01 7.753425e-01 9.336369e-01 1.533238e-01 3.198424e-01 5.917323e-01 2.010862e-01 8.149323e-01 -5.230130e-02 3.143469e-01 8.699497e-01 
63 883  1.000000000000000000e+05 0 0 4.727409e-01 7.160052e-01 3.856667e-01 -6.872063e-02 6.521329e-02 6.189449e-01 4.183984e-01 4.552748e-01 3.582956e-01 1.004894e+00 4.586403e-01 8.323008e-01 3.386005e-01 9.225789e-01 3.413022e-01 8.908496e-01 4.156009e-01 9.715283e-01 1.524945e-01 4.706353e-01 7.355556e-01 7.275372e-01 6.794992e-01 2.572729e-01 6.106191e-01 7.972288e-01 2.056996e-01 4.235882e-01 6.492647e-01 7.448321e-02 8.790125e-01 2.894081e-01 2.026573e-01 5.796401e-01 
64 897  1.000000000000000000e+05 0 0 7.079138e-01 4.329996e-01 5.129225e-01 2.532922e-01 1.730857e-01 7.001183e-01 6.010324e-01 5.558558e-01 7.557294e-01 9.587232e-01 4.602024e-01 1.097583e+00 7.309196e-01 7.348882e-01 1.943349e-01 5.482936e-01 5.826647e-01 9.116732e-01 2.610774e-01 9.426428e-02 8.049725e-01 8.200396e-01 6.801623e-01 1.982304e-01 5.861132e-01 6.888710e-01 3.555095e-01 3.922586e-01 4.180767e-01 4.227360e-01 5.996212e-01 3.075164e-01 3.351213e-01 4.899023e-01 
65 911  1.000000000000000000e+05 0 0 8.896334e-01 5.433621e-01 1.123761e-01 -1.110725e-01 3.215473e-01 5.373801e-01 5.235614e-01 3.492912e-01 5.130731e-01 7.380905e-01 5.014558e-01 8.469236e-01 5.947184e-01 8.523109e-01 7.130995e-01 4.477172e-01 3.815221e-01 5.222961e-01 6.833821e-01 4.135504e-02 6.105157e-01 6.610951e-01 6.925491e-01 2.459910e-01 6.629314e-01 9.366672e-01 1.603615e-01 3.642279e-01 4.952945e-01 3.838064e-01 8.009138e-01 1.066695e-01 2.225727e-01 5.101749e-01 
66 925  1.000000000000000000e+05 0 0 1.005035e+00 4.578098e-01 4.479358e-02 3.692594e-01 1.825067e-01 5.478258e-01 4.646666e-01 2.397424e-01 1.131172e-01 8.726258e-01 5.654406e-01 1.056569e+00 9.352138e-01 7.659855e-01 8.931537e-01 6.093547e-01 1.921213e-01 9.117683e-01 8.251592e-01 1.609394e-01 9.273540e-01 3.021625e-01 7.391641e-01 9.634460e-02 9.438830e-01 8.510351e-01 1.101471e-01 3.761024e-01 5.501992e-01 2.459769e-01 8.427518e-01 1.299473e-02 2.116008e-01 5.569358e-01 
67 939  1.000000000000000000e+05 0 0 7.298130e-01 4.186060e-01 1.301441e-01 1.126859e-01 2.583714e-01 5.099927e-01 6.247693e-01 2.657903e-01 1.340412e-01 8.473169e-01 6.253479e-01 7.386502e-01 5.495995e-01 8.464765e-01 4.864938e-01 7.030572e-01 3.900621e-01 7.696287e-01 8.001736e-01 4.201526e-01 4.910072e-01 3.898538e-01 1.038799e+00 8.224686e-02 8.075389e-01 7.119716e-01 3.825352e-01 3.056156e-01 7.939962e-01 4.683260e-01 6.771609e-01 3.403489e-01 3.398373e-01 3.024060e-01 
68 953  1.000000000000000000e+05 0 0 8.989671e-01 3.527742e-01 2.910879e-01 2.291874e-01 3.443389e-01 8.259435e-01 5.629998e-01 2.484564e-01 3.959999e-01 6.200500e-01 6.026302e-01 6.051933e-01 6.755175e-01 8.659815e-01 7.299011e-01 9.317000e-01 3.002427e-01 8.320223e-01 6.204485e-01 1.136372e-01 6.689978e-01 3.915159e-01 9.525994e-01 -9.014932e-02 7.110534e-01 6.611511e-01 4.284895e-01 4.725151e-02 4.740007e-01 -4.826807e-02 8.354868e-01 1.414369e-01 5.844236e-01 4.928503e-01 
69 967  1.000000000000000000e+05 0 0 7.399418e-01 4.339805e-01 1.709450e-01 2.268475e-01 4.035058e-01 5.196087e-01 3.978536e-01 2.542215e-02 -8.228103e-02 5.548081e-01 4.518402e-01 6.759147e-01 6.089064e-01 6.802282e-01 5.902188e-01 4.473593e-01 5.214923e-01 8.019601e-01 6.746665e-01 3.691231e-01 9.283974e-01 1.323759e-01 7.305711e-01 3.148128e-01 6.137857e-01 6.871317e-01 1.953155e-01 1.827099e-01 7.047385e-01 2.699310e-01 8.844903e-01 1.735566e-01 1.753428e-01 3.024751e-01 
70 981  1.000000000000000000e+05 0 0 9.490873e-01 6.511116e-01 4.234435e-01 2.080371e-01 7.002662e-01 8.305481e-01 8.435547e-01 -1.764168e-03 3.346186e-01 5.893198e-01 6.791681e-01 9.987420e-01 3.514779e-01 4.774292e-01 6.750319e-01 4.768328e-01 7.570993e-01 6.891987e-01 8.545165e-01 2.377914e-01 5.356718e-01 3.772378e-01 6.712997e-01 1.478294e-01 7.881388e-01 5.967538e-01 4.247506e-01 1.704273e-01 6.904537e-01 2.289927e-01 7.212426e-01 4.699349e-01 2.404960e-01 2.496199e-01 
71 995  1.000000000000000000e+05 0 0 7.200727e-01 8.818835e-01 3.373669e-01 4.266684e-01 6.034769e-01 7.589685e-01 8.700214e-01 5.806792e-02 2.181420e-01 8.880199e-01 3.967734e-01 7.061647e-01 6.117118e-01 5.683724e-01 4.793129e-01 5.314844e-01 9.267327e-01 5.786463e-01 6.952932e-01 8.302796e-02 3.517157e-01 6.327685e-01 1.013744e+00 1.724585e-01 6.949244e-01 9.007496e-01 5.735757e-01 3.732174e-01 4.907564e-01 3.091952e-01 6.049316e-01 3.525668e-01 -3.263002e-03 -9.988495e-02 
72 1009  1.000000000000000000e+05 0 0 7.180007e-01 9.820615e-01 3.212635e-02 4.941818e-01 5.259038e-01 7.643342e-01 4.436508e-01 4.306159e-02 2.523279e-01 3.703908e-01 4.918048e-01 6.169008e-01 4.969327e-01 6.480709e-02 5.233120e-01 4.925558e-01 7.270133e-01 6.637296e-01 7.183848e-01 -9.207361e-02 5.315052e-01 4.948145e-01 4.507509e-01 4.001376e-01 6.153937e-01 6.140900e-01 5.446214e-01 2.667472e-01 4.399185e-01 3.766183e-01 5.490143e-01 3.749712e-01 3.364129e-01 1.221477e-01 
73 1023  1.000000000000000000e+05 0 0 4.757675e-01 8.537082e-01 4.156868e-01 3.254141e-01 4.990295e-01 9.177501e-01 2.375621e-01 -3.597762e-02 3.286916e-01 6.081731e-01 5.294087e-01 7.328270e-01 6.320483e-02 2.695475e-01 3.999346e-01 3.301027e-01 5.843773e-01 5.474335e-01 5.435396e-01 1.720111e-01 1.016591e+00 1.982066e-01 6.082402e-01 7.822207e-02 4.097508e-01 8.388158e-01 8.129934e-02 1.644469e-01 7.075714e-01 2.407174e-01 8.446727e-01 6.176331e-01 2.967258e-01 4.286245e-01 
74 1037  1.000000000000000000e+05 0 0 5.785318e-01 8.289932e-01 2.742320e-01 7.469829e-01 2.908902e-01 8.072163e-01 6.584417e-01 4.603982e-01 1.947743e-01 6.889005e-01 9.688264e-01 7.499333e-01 4.597458e-01 3.241912e-01 1.267463e-01 5.695082e-01 5.671501e-01 7.625534e-01 5.893094e-01 5.405063e-01 4.505196e-01 3.005211e-01 3.127707e-01 7.995315e-02 4.454065e-01 4.557357e-01 1.932935e-01 8.157272e-02 8.940452e-01 1.547696e-01 1.057479e+00 4.479358e-01 4.126916e-01 4.128983e-01 
75 1051  1.000000000000000000e+05 0 0 4.751396e-01 9.360251e-01 5.758801e-01 3.738929e-01 2.559319e-01 1.079549e+00 5.782110e-01 3.137050e-01 3.440617e-01 6.159151e-01 5.907838e-01 4.614192e-01 3.723705e-01 5.614798e-01 4.431324e-01 4.528601e-01 3.964264e-01 6.024141e-01 8.059705e-01 2.888735e-01 7.425035e-01 3.001295e-01 5.096781e-01 -1.034665e-01 4.129699e-01 9.583212e-01 1.368624e-02 3.517636e-01 4.340448e-01 7.910428e-01 4.539463e-01 4.121390e-01 2.016216e-01 3.368467e-01 
76 1065  1.000000000000000000e+05 0 0 4.916046e-01 6.606519e-01 3.077617e-01 2.538355e-01 3.123446e-01 6.102723e-01 6.567721e-01 -7.900263e-02 1.476338e-01 5.306224e-01 5.077617e-01 8.372761e-01 2.807966e-01 6.607758e-01 5.670625e-01 7.463178e-01 4.923957e-01 7.894064e-01 7.177341e-01 3.549585e-01 7.753861e-01 4.418720e-01 6.866486e-01 3.637926e-01 5.487799e-01 8.393971e-01 3.962812e-01 1.654703e-01 8.829899e-01 5.335501e-01 5.845832e-01 2.141181e-01 -6.378837e-02 8.002999e-02 
77 1079  1.000000000000000000e+05 0 0 2.928467e-01 5.324349e-01 1.284087e-01 3.457863e-01 3.808477e-01 8.791203e-01 3.088324e-01 -1.586395e-01 1.442790e-01 7.612907e-01 4.848621e-01 3.454131e-01 3.048179e-01 2.301598e-01 4.214111e-01 5.687922e-01 2.274406e-01 6.778924e-01 7.119665e-01 2.343214e-01 2.975693e-01 5.555022e-01 5.156640e-01 8.744460e-01 4.519545e-01 7.427456e-01 4.488549e-01 2.421466e-01 7.375726e-01 5.013072e-01 6.282930e-01 2.889809e-01 2.151643e-01 4.890513e-01 
78 1093  1.000000000000000000e+05 0 0 4.806509e-01 3.916595e-01 2.589280e-01 2.846232e-01 2.966811e-01 6.721330e-01 2.026599e-01 2.466575e-01 1.546789e-02 9.623226e-01 5.757567e-01 3.524737e-01 5.631076e-01 4.192125e-01 3.865689e-01 4.989824e-01 3.676173e-01 9.499916e-01 5.653243e-01 2.672853e-01 5.781499e-01 7.696079e-01 7.023477e-01 3.276113e-01 5.847949e-01 8.026062e-01 1.041595e-01 -1.276627e-03 4.662340e-01 4.686288e-01 3.318384e-01 4.038882e-01 2.054161e-01 5.773676e-01 
79 1107  1.000000000000000000e+05 0 0 -5.519771e-02 8.493205e-01 9.514012e-02 7.164857e-01 4.358214e-01 6.861747e-01 3.020816e-01 4.083521e-01 2.736885e-01 8.527110e-01 9.559037e-01 3.110158e-01 4.567772e-01 6.277005e-01 6.391579e-01 5.268329e-01 3.456942e-01 1.068447e+00 5.338652e-01 -8.778310e-02 3.925486e-01 7.137938e-01 6.392687e-01 4.279749e-01 3.189500e-01 3.180740e-01 -1.547722e-01 4.065740e-01 3.935275e-01 9.961607e-01 4.156390e-01 5.243486e-01 6.105769e-01 2.129323e-01 
80 1121  1.000000000000000000e+05 0 0 3.183681e-01 3.736717e-01 -2.248495e-01 2.163377e-01 -5.283500e-02 9.983947e-01 9.657639e-02 2.829859e-01 7.912542e-02 6.151044e-01 4.084681e-01 4.647562e-01 3.259600e-01 2.903831e-01 1.846032e-01 5.249764e-01 6.840144e-01 9.893085e-01 9.085198e-01 2.269954e-01 4.462120e-01 5.954211e-01 5.048284e-01 3.612693e-01 3.402069e-01 7.104478e-01 1.571976e-01 5.185066e-01 7.121554e-01 8.134692e-01 3.575267e-01 3.169326e-01 1.908724e-01 4.100590e-01 
81 1135  1.000000000000000000e+05 0 0 4.351052e-01 6.607288e-01 2.459063e-01 6.245649e-01 2.871504e-01 7.350561e-01 1.880813e-01 -5.926688e-02 3.441991e-01 4.975035e-01 7.811876e-01 3.151562e-01 7.597538e-01 4.455055e-01 3.418523e-01 4.259106e-01 6.749768e-01 6.560599e-01 2.625992e-01 3.308441e-01 3.488784e-01 3.642250e-01 8.166095e-01 2.756292e-01 3.017852e-01 7.024327e-01 7.112009e-01 1.815821e-01 1.089195e+00 5.974568e-01 5.540260e-01 1.778741e-01 6.851749e-01 5.290714e-01 
82 1149  1.000000000000000000e+05 0 0 6.635101e-01 6.897624e-01 -7.915054e-02 9.789332e-01 1.413696e-01 8.255918e-01 -1.508425e-01 6.001719e-01 4.722024e-01 6.766176e-01 3.883312e-01 5.141894e-01 8.595918e-01 2.096299e-01 6.879115e-01 3.923572e-01 4.760356e-01 7.135931e-01 7.112433e-01 4.976601e-01 4.418905e-01 2.235740e-01 4.478747e-01 3.485753e-01 4.591443e-01 7.114392e-01 3.564543e-01 5.788999e-01 1.369670e+00 5.609113e-01 3.252191e-01 5.323875e-01 6.599222e-01 1.590007e-01 
83 1163  1.000000000000000000e+05 0 0 9.247241e-01 4.190018e-01 3.510299e-01 2.734366e-01 4.507515e-01 7.294314e-01 -5.302955e-02 8.523339e-02 3.641189e-01 4.969975e-01 3.748494e-02 5.223914e-01 1.932356e-01 1.553761e-01 7.511308e-01 4.805350e-01 2.026786e-01 3.037784e-01 7.326292e-01 1.108178e-01 7.510706e-01 3.380057e-01 5.867424e-01 7.035298e-01 5.506739e-01 4.980130e-01 5.834819e-01 4.500477e-01 8.468556e-01 4.550181e-01 1.151721e-01 4.568014e-01 7.680521e-02 4.090164e-01 
84 1177  1.000000000000000000e+05 0 0 5.135009e-01 6.250769e-01 3.350917e-01 7.667945e-01 5.033768e-01 6.321252e-01 -2.082182e-01 1.985647e-01 1.411433e-01 5.403206e-01 6.425634e-02 1.573523e-01 8.058460e-01 1.217007e-01 8.949694e-01 7.185286e-01 3.712489e-01 6.021536e-02 7.945185e-01 4.931565e-01 9.092132e-01 4.859514e-01 2.967428e-01 1.063111e+00 2.413823e-01 4.731091e-01 2.748797e-01 4.150314e-01 8.724709e-01 5.293872e-01 3.710437e-01 4.995744e-01 -2.312365e-01 1.176677e-01 
85 1191  1.000000000000000000e+05 0 0 7.706863e-01 4.021483e-01 3.247506e-01 2.820004e-01 4.012266e-01 4.786790e-01 2.847362e-01 2.956796e-01 2.887915e-01 6.170975e-01 1.438111e-01 3.665120e-01 1.486555e-01 2.596179e-01 8.968082e-01 3.373469e-01 2.747470e-01 6.803299e-01 4.877108e-01 7.734025e-01 9.637391e-01 4.705963e-01 3.601927e-01 5.711447e-01 4.319743e-01 7.205454e-01 6.765416e-01 6.517019e-01 8.551151e-01 2.235996e-01 6.554808e-01 4.699844e-01 3.153222e-01 2.498267e-01 
86 1205  1.000000000000000000e+05 0 0 6.295967e-01 5.753086e-01 1.586064e-01 4.908977e-01 3.490396e-01 8.960280e-01 -1.359671e-01 3.780451e-01 1.178401e-01 6.161320e-01 -1.204573e-01 3.015448e-01 3.998761e-01 2.621179e-01 1.000939e+00 4.118874e-01 5.879253e-01 6.326186e-01 3.734730e-01 5.886536e-01 8.098466e-01 3.091238e-01 7.471354e-01 8.840136e-01 3.238062e-01 1.254275e-01 3.620852e-01 4.374255e-01 8.907648e-01 2.737079e-01 2.807568e-01 2.545108e-01 3.669679e-01 4.063908e-02 
87 1219  1.000000000000000000e+05 0 0 1.000397e+00 8.071386e-01 2.849430e-01 4.428672e-02 2.692356e-01 7.854644e-01 3.570241e-02 4.564019e-01 2.440700e-01 7.337060e-01 6.228741e-02 1.137961e-01 4.587341e-01 -1.032599e-01 6.992369e-01 4.470128e-01 4.886678e-01 6.874297e-01 5.632469e-01 5.390493e-01 7.185353e-01 1.298019e-01 8.325204e-01 6.644992e-01 -4.162384e-02 8.284982e-01 4.717326e-01 5.972572e-01 7.759585e-01 5.564418e-01 8.083637e-01 4.893560e-01 5.176284e-02 3.738090e-01 
88 1233  1.000000000000000000e+05 0 0 8.728346e-01 6.933065e-01 2.181724e-01 4.332958e-01 3.899727e-01 9.355809e-01 4.115792e-01 2.725694e-01 2.067832e-01 4.023842e-01 2.108937e-01 3.243656e-01 4.677584e-01 2.752554e-01 6.428916e-01 6.175268e-01 3.671470e-01 1.058537e+00 2.085638e-01 5.345911e-01 9.121345e-01 8.427710e-02 9.756200e-01 8.977649e-01 2.432510e-01 8.229890e-01 3.337934e-01 4.930158e-01 7.782946e-01 2.801121e-01 2.509895e-01 6.035306e-01 3.031318e-01 2.969688e-01 
89 1247  1.000000000000000000e+05 0 0 5.322010e-01 6.465024e-01 3.265861e-01 5.413168e-01 4.312309e-01 6.274310e-01 3.271354e-01 1.440294e-01 1.892162e-01 3.510978e-01 3.171747e-02 4.522110e-01 4.929672e-01 1.651590e-01 7.341526e-01 6.494231e-01 1.213894e-01 8.088749e-01 6.507119e-01 3.857242e-01 5.486880e-01 5.283319e-02 7.869535e-01 5.830676e-01 4.518475e-01 8.462872e-01 3.731784e-01 6.652287e-01 8.082822e-01 4.574996e-01 4.477211e-01 3.301314e-01 3.844901e-01 9.173679e-02 
90 1261  1.000000000000000000e+05 0 0 2.892252e-01 7.340010e-01 2.451545e-01 4.113008e-01 4.966335e-01 4.625774e-01 4.333125e-01 2.430826e-01 -1.525217e-02 3.204795e-01 1.184168e-01 4.049402e-01 1.337457e-01 2.605593e-01 5.923202e-01 1.540647e-01 3.737836e-01 4.079921e-01 6.888648e-01 3.200546e-01 6.640575e-01 4.157071e-01 7.859569e-01 5.136471e-01 6.053534e-01 9.040055e-01 3.346804e-01 5.316697e-01 7.936589e-01 4.391859e-01 3.737641e-01 6.435826e-01 4.876636e-01 3.709966e-01 
91 1275  1.000000000000000000e+05 0 0 5.173763e-01 6.139044e-01 3.209017e-01 5.937419e-01 4.650083e-01 6.487571e-01 1.672996e-01 -1.840044e-01 6.710542e-01 2.352947e-01 2.846650e-01 1.065269e-01 5.372044e-01 5.258159e-01 8.444493e-01 -3.574380e-02 2.782736e-01 8.870507e-01 6.141841e-01 4.436569e-03 8.311633e-01 2.303422e-02 8.520152e-01 8.063207e-01 4.611307e-01 8.213085e-01 4.831638e-01 3.492898e-01 9.606045e-01 4.122919e-01 -5.405345e-02 5.559042e-01 5.397210e-01 4.941354e-02 
92 1289  1.000000000000000000e+05 0 0 7.554147e-01 9.901379e-01 3.112031e-02 2.706591e-01 5.188677e-01 2.389041e-01 1.976355e-01 1.798158e-02 -1.399219e-01 -8.927237e-03 4.202715e-01 2.700972e-01 4.409312e-01 4.140833e-01 8.891562e-01 2.920080e-01 5.244354e-01 5.664715e-01 6.345363e-01 7.748196e-01 5.187008e-01 4.826199e-01 6.222267e-01 2.662035e-01 4.292715e-01 8.382706e-01 3.664806e-01 2.663923e-01 3.866786e-01 6.514900e-01 2.168103e-01 3.882766e-01 5.164633e-01 3.410307e-01 
93 1303  1.000000000000000000e+05 0 0 6.370426e-01 7.381169e-01 -1.308588e-01 5.515755e-01 4.905270e-01 7.373910e-01 4.172500e-01 1.339842e-01 3.089088e-01 2.943448e-01 3.736314e-01 6.125890e-01 7.531938e-01 4.957214e-01 4.172136e-01 8.256513e-01 3.346552e-01 5.442714e-01 3.302041e-01 6.648506e-01 5.475002e-01 4.157712e-01 8.056294e-01 3.861194e-01 1.526111e-01 6.511981e-01 5.599525e-01 3.689368e-01 3.675609e-01 7.600197e-01 6.721355e-01 1.794310e-01 2.050969e-01 6.564811e-01 
94 1317  1.000000000000000000e+05 0 0 5.258049e-01 1.032027e+00 4.057022e-01 6.022380e-01 1.441659e-01 4.752588e-01 2.245795e-01 4.479537e-02 3.427306e-01 1.241874e-01 1.371639e-01 2.822693e-01 6.838383e-01 6.910817e-01 7.924603e-01 2.304164e-01 6.544971e-01 4.159369e-01 7.609175e-01 3.778040e-01 4.481360e-01 7.082550e-01 7.591911e-01 6.035150e-02 6.066480e-01 6.113468e-01 2.448132e-01 5.986937e-01 5.559227e-01 6.740388e-01 3.022631e-01 4.133522e-01 8.237552e-02 1.918635e-01 
95 1331  1.000000000000000000e+05 0 0 5.897816e-01 6.944567e-01 4.178795e-01 3.763207e-01 1.976657e-01 2.484463e-01 2.872729e-01 -1.094056e-01 3.593151e-01 4.973379e-01 3.522543e-01 5.980977e-01 6.582030e-01 5.413284e-01 7.475304e-01 3.994186e-01 8.093188e-01 4.294836e-01 5.834421e-01 3.140538e-01 6.404345e-01 5.329746e-01 6.702132e-01 2.700884e-01 5.597237e-01 7.562075e-01 4.267232e-01 3.674326e-01 6.431258e-01 5.467765e-01 4.854569e-01 3.052984e-01 5.070364e-02 4.254600e-01 
96 1345  1.000000000000000000e+05 0 0 8.095717e-01 7.521515e-01 2.437671e-01 5.189907e-01 3.286841e-01 4.477005e-01 2.504829e-01 -2.626712e-01 4.019352e-01 6.311974e-01 2.366633e-01 2.777872e-01 8.917294e-01 4.148852e-01 7.363156e-01 4.258498e-01 7.669149e-01 4.698918e-01 9.120723e-01 6.533149e-01 3.016107e-01 7.384688e-01 9.455533e-01 4.333903e-01 5.380748e-01 8.051060e-01 2.178100e-01 8.472039e-01 6.889785e-01 6.541115e-01 2.794483e-01 2.924306e-01 2.985687e-01 1.996050e-01 
97 1359  1.000000000000000000e+05 0 0 6.111223e-01 4.124531e-01 6.873106e-01 6.397462e-01 1.256192e-01 2.988064e-01 9.316617e-02 8.324860e-03 3.840163e-01 5.920951e-02 1.699659e-01 3.895811e-01 6.089910e-01 -1.356130e-01 9.218159e-01 4.206771e-01 1.124286e+00 3.381879e-01 1.106543e+00 4.919393e-01 4.297668e-01 5.427444e-01 8.615307e-01 1.613968e-01 4.642930e-01 7.406398e-01 6.948440e-01 5.043769e-01 8.416721e-01 8.861856e-01 4.235849e-01 6.851198e-01 -1.660302e-01 8.916093e-02 
98 1373  1.000000000000000000e+05 0 0 5.981398e-01 7.825670e-01 8.022384e-01 5.747299e-01 5.165549e-01 4.559789e-01 4.205832e-01 1.840258e-01 1.499006e-01 -2.253320e-02 2.531404e-01 9.000024e-02 5.641229e-01 1.313020e-01 1.067329e+00 4.198703e-01 8.665232e-01 6.524775e-01 8.259341e-01 -8.762483e-02 7.260506e-01 6.394417e-01 7.803534e-01 3.407638e-01 9.042190e-01 7.640844e-01 5.434572e-01 7.492066e-01 6.402193e-01 5.909194e-01 3.104025e-01 6.017446e-01 3.452192e-02 5.060172e-01 
99 1387  1.000000000000000000e+05 0 0 5.479955e-01 7.196418e-01 5.917313e-01 4.909773e-01 2.208507e-01 8.111324e-01 5.001824e-02 2.634282e-01 2.139223e-01 2.570897e-03 1.932113e-01 4.216251e-01 3.617885e-01 -1.235501e-01 5.186783e-01 9.922008e-03 9.526551e-01 5.055741e-01 7.858424e-01 4.834438e-01 4.217657e-01 2.031832e-01 5.398888e-01 4.685819e-01 5.435184e-01 3.909608e-01 1.682788e-01 7.936343e-01 4.300107e-01 8.248690e-01 2.300424e-01 7.502980e-01 2.894738e-01 9.739157e-01 
100 1401  1.000000000000000000e+05 0 0 7.392799e-01 6.890260e-01 5.763584e-01 6.026301e-01 3.590932e-01 5.525123e-01 2.423725e-01 -1.411761e-01 1.825445e-01 -6.519399e-02 2.971821e-01 4.474417e-01 2.924909e-01 1.504986e-01 6.581899e-01 1.910855e-01 4.486636e-01 1.901548e-01 8.610686e-01 1.823150e-01 6.854791e-01 2.683051e-01 9.109894e-01 6.995125e-01 3.999466e-01 3.987464e-01 5.041918e-01 7.602266e-01 1.732580e-01 9.927442e-01 -9.965381e-03 5.749278e-01 1.174981e-02 4.075339e-01 
101 1415  1.000000000000000000e+05 0 0 6.990355e-01 6.133440e-01 7.810784e-01 5.481764e-01 2.835968e-01 3.947720e-01 1.688923e-01 -5.801797e-02 3.369535e-01 -2.118068e-01 2.207026e-01 3.341107e-01 4.466870e-01 6.941498e-01 8.068419e-01 9.085236e-02 5.036138e-01 4.874847e-01 1.036745e+00 2.342737e-01 5.188825e-01 3.502619e-01 9.185423e-01 5.309532e-01 4.079407e-01 5.128573e-01 7.793889e-01 6.172729e-01 4.874124e-01 7.532120e-01 2.117059e-02 7.620568e-01 1.244665e-01 7.080473e-01 
102 1429  1.000000000000000000e+05 0 0 8.498586e-01 5.496986e-01 6.025185e-01 6.994949e-01 3.291798e-01 4.148288e-01 4.848623e-01 -6.636733e-02 4.051780e-01 2.111404e-01 4.054176e-01 -3.999657e-02 7.539048e-01 4.276920e-01 4.663691e-01 3.425013e-01 5.678097e-01 5.075872e-01 6.943483e-01 6.174114e-01 3.777094e-01 5.336571e-01 4.501811e-01 5.345331e-01 3.485836e-01 5.247354e-01 3.593678e-01 5.896845e-01 2.723055e-01 1.216661e+00 3.849225e-01 6.941252e-01 8.905883e-02 5.775591e-01 
103 1443  1.000000000000000000e+05 0 0 9.089332e-01 3.978252e-01 6.125243e-01 4.181919e-01 4.757260e-01 5.833559e-01 9.417797e-02 7.711022e-02 4.591616e-01 3.192022e-01 2.880113e-01 2.441133e-01 7.255013e-01 4.731704e-01 6.236951e-01 1.201912e-01 6.981896e-01 3.334588e-01 5.967120e-01 3.407369e-01 2.595540e-01 1.376349e-01 7.545994e-01 2.005652e-01 1.219648e-01 6.347717e-01 5.195927e-01 6.797385e-01 3.546696e-01 8.950012e-01 2.961281e-01 9.078637e-01 2.748195e-01 4.631461e-01 
104 1457  1.000000000000000000e+05 0 0 7.640842e-01 8.630961e-01 6.384446e-01 1.713710e-01 3.962622e-01 2.479421e-01 1.961807e-01 1.529872e-01 2.450247e-01 3.763198e-01 3.240906e-01 1.053588e-01 6.716192e-01 4.256505e-01 9.025980e-01 1.819082e-01 6.869735e-01 3.810065e-01 6.257309e-01 4.936970e-01 5.375795e-01 2.383691e-02 9.371933e-01 4.173528e-01 2.479120e-01 5.378950e-01 5.021342e-01 4.683758e-01 4.070750e-01 1.027853e+00 3.447349e-01 8.223538e-01 8.836355e-02 4.222300e-01 
105 1471  1.000000000000000000e+05 0 0 8.395030e-01 7.514602e-01 8.164524e-01 4.828090e-01 3.963858e-01 2.613668e-01 -4.652739e-02 1.264157e-01 1.161166e-01 1.880781e-02 2.745476e-01 1.700462e-01 2.825694e-01 3.335121e-01 7.311205e-01 6.613901e-02 7.722981e-01 5.909018e-02 5.912555e-01 3.569230e-01 3.490363e-01 2.502500e-01 9.426476e-01 2.971001e-01 1.384474e-01 4.744771e-01 5.600893e-01 6.225866e-01 3.606048e-01 9.488898e-01 2.703176e-01 1.096753e+00 5.490753e-01 4.815268e-01 
106 1485  1.000000000000000000e+05 0 0 9.887837e-01 6.679312e-01 7.267303e-01 2.969629e-01 5.081043e-01 3.064390e-01 6.712814e-02 3.726747e-02 3.946557e-01 1.141544e-02 1.791743e-01 9.588012e-02 4.895670e-01 4.725656e-01 5.990491e-01 8.300147e-02 4.853180e-01 4.758327e-01 5.349885e-01 5.071206e-01 5.471934e-01 2.329424e-01 9.771007e-01 2.145482e-01 2.256313e-01 5.411956e-01 5.597502e-01 9.245534e-01 3.176127e-01 1.078069e+00 3.418655e-02 7.837941e-01 1.768125e-01 2.338114e-01 
107 1499  1.000000000000000000e+05 0 0 9.295500e-01 8.129411e-01 8.363108e-01 4.760527e-01 2.156376e-01 3.799552e-01 1.186006e-01 1.403543e-01 1.745650e-01 -8.995257e-02 5.013880e-01 3.420490e-01 3.725621e-01 5.211767e-01 5.547201e-01 -8.311315e-03 4.768876e-01 4.211923e-01 7.205079e-01 3.894092e-01 5.703074e-01 1.456022e-01 9.786880e-01 1.643094e-01 3.821221e-01 6.584339e-01 5.295236e-01 6.545875e-01 -2.570087e-01 9.093604e-01 2.058877e-01 9.061871e-01 2.606911e-01 7.053552e-01 
108 1513  1.000000000000000000e+05 0 0 7.149096e-01 8.726688e-01 7.593841e-01 3.307487e-01 2.288123e-01 5.065211e-01 -9.623459e-02 3.626174e-01 4.314324e-01 8.794566e-02 2.391154e-01 1.158151e-01 7.094077e-01 6.575344e-01 7.580795e-01 1.046452e-01 5.404939e-01 2.855456e-01 5.933092e-01 5.138948e-01 5.795707e-01 2.273289e-01 8.798149e-01 2.117013e-01 5.091899e-01 7.127071e-01 6.404854e-01 7.245570e-01 2.444759e-01 5.700691e-01 3.528089e-01 6.694110e-01 2.061669e-01 5.678005e-01 
109 1527  1.000000000000000000e+05 0 0 7.023225e-01 6.515630e-01 5.697700e-01 3.028585e-01 4.405769e-01 7.866125e-01 -8.789209e-02 3.554524e-01 3.617560e-02 1.625578e-01 3.297039e-01 5.930630e-02 6.256733e-01 7.300456e-01 8.049588e-01 3.981202e-01 3.774551e-01 2.082879e-01 7.086127e-01 5.884941e-01 5.569421e-01 3.215701e-01 3.732797e-01 2.899225e-01 2.363930e-01 7.881810e-01 6.428490e-01 7.051328e-01 2.076283e-01 9.392862e-01 2.133700e-01 7.959418e-01 2.616911e-01 5.617622e-01 
110 1541  1.000000000000000000e+05 0 0 8.294065e-01 7.347927e-01 7.370512e-01 3.803179e-01 1.165768e-01 5.664398e-01 2.300692e-01 1.779283e-01 1.826839e-01 3.102982e-01 4.069955e-01 2.862777e-01 6.133416e-01 7.327248e-01 7.931464e-01 1.886404e-01 4.317655e-01 3.186961e-01 4.645568e-01 7.876002e-01 7.688301e-01 3.524981e-01 7.847183e-01 3.813576e-02 3.541364e-01 5.390432e-01 6.593997e-01 9.838032e-01 6.867665e-02 6.138920e-01 3.214555e-01 9.370015e-01 1.745165e-01 5.806834e-01 
111 1555  1.000000000000000000e+05 0 0 7.052006e-01 6.351874e-01 6.085955e-01 2.849522e-01 1.031684e-01 5.007562e-01 2.007413e-01 1.500724e-01 1.627202e-01 2.759111e-01 2.483934e-01 2.536598e-01 7.278106e-01 5.250629e-01 7.835820e-01 3.811982e-01 5.446945e-01 2.512037e-01 5.335955e-01 8.163635e-01 6.739409e-01 3.404539e-01 7.579827e-01 1.329711e-01 2.417721e-01 6.808507e-01 7.059028e-01 1.042600e+00 3.390349e-01 9.250508e-01 3.281723e-01 8.189598e-01 2.357601e-01 7.200560e-01 
112 1569  1.000000000000000000e+05 0 0 7.142907e-01 8.210711e-01 2.916820e-01 4.001360e-01 -5.951139e-02 8.024913e-01 1.300098e-01 2.432911e-01 1.611897e-01 4.002530e-01 2.262696e-01 -2.005015e-02 3.107602e-01 6.701221e-01 7.562478e-01 3.323663e-01 5.483359e-01 1.268715e-01 3.459122e-01 7.577230e-01 7.246757e-01 1.225963e-02 7.885642e-01 -2.110731e-02 4.138740e-01 8.024807e-01 5.553846e-01 6.397276e-01 2.534767e-01 5.719427e-01 9.414675e-02 1.016282e+00 3.154745e-01 3.671866e-01 
113 1583  1.000000000000000000e+05 0 0 1.050452e+00 8.943163e-01 3.610794e-01 6.211674e-01 1.595181e-02 4.995068e-01 8.259749e-02 1.581889e-01 5.502963e-01 3.746801e-01 4.884743e-02 2.930634e-01 5.909283e-01 4.958276e-01 9.199741e-01 3.378802e-01 3.821359e-01 4.391348e-01 4.056255e-01 8.695636e-01 6.924552e-01 -2.445422e-02 5.576047e-01 2.159021e-01 1.047651e-01 3.719141e-01 7.250277e-01 4.084028e-01 4.271463e-01 8.104559e-01 7.533226e-02 7.146521e-01 2.588326e-01 6.560716e-01 
114 1597  1.000000000000000000e+05 0 0 8.973469e-01 8.594852e-01 1.857400e-01 6.441057e-01 1.982417e-01 3.325783e-01 1.171672e-01 1.699849e-01 4.792249e-01 1.785084e-01 2.395265e-01 6.680171e-01 4.787784e-01 7.669793e-01 7.224051e-01 6.627261e-01 2.926243e-01 2.470197e-01 4.473363e-01 8.478590e-01 6.647606e-01 3.477730e-01 1.050830e+00 6.014026e-02 2.120515e-01 6.065093e-01 2.505928e-01 2.032617e-01 4.426443e-01 5.425607e-01 1.390422e-01 5.617567e-01 9.994309e-02 3.477276e-01 
115 1611  1.000000000000000000e+05 0 0 7.803273e-01 8.800501e-01 2.425108e-01 8.133784e-01 -8.197468e-02 3.649879e-01 6.036525e-01 9.875771e-02 3.404221e-01 1.205637e-01 3.525650e-01 3.514432e-02 6.348176e-01 5.591997e-01 8.590960e-01 3.980198e-01 4.714099e-01 3.680282e-01 6.603701e-01 1.039059e+00 6.840424e-01 1.649760e-01 7.240585e-01 7.699410e-02 -9.508511e-02 9.816061e-01 5.070553e-01 5.729188e-01 3.243080e-01 9.349561e-01 2.817908e-01 5.054127e-01 3.312730e-01 2.214934e-01 
116 1625  1.000000000000000000e+05 0 0 5.796655e-01 8.241904e-01 7.677553e-01 9.500246e-01 4.645202e-01 5.718441e-01 7.611056e-02 2.394471e-01 3.457223e-01 1.238963e-01 5.810773e-01 -5.204366e-02 2.949271e-01 7.696617e-01 6.262719e-01 6.111179e-01 4.521081e-01 4.493207e-01 4.072176e-01 8.907563e-01 3.055073e-01 6.356535e-02 7.278590e-01 1.672157e-01 2.326334e-01 6.522238e-01 4.640818e-01 2.773401e-01 5.298258e-01 7.010887e-01 3.020171e-01 6.520914e-01 -2.890055e-03 5.442621e-01 
117 1639  1.000000000000000000e+05 0 0 8.897717e-01 6.782097e-01 3.850127e-01 7.441376e-01 9.837934e-02 6.233438e-01 3.055014e-01 7.510771e-01 3.375095e-01 3.126313e-01 3.134931e-01 2.021740e-01 3.901525e-01 8.230187e-01 7.786853e-01 7.092743e-01 3.118999e-01 1.825004e-01 3.307845e-01 9.728231e-01 7.112678e-01 -4.550509e-02 7.742578e-01 3.084185e-01 4.629988e-02 5.664665e-01 6.811139e-01 3.934858e-01 1.670262e-01 6.720257e-01 4.110918e-01 7.379634e-01 -7.983323e-02 1.744900e-01 
118 1653  1.000000000000000000e+05 0 0 8.518704e-01 6.735536e-01 6.123812e-01 5.490999e-01 3.750226e-01 5.773163e-01 3.369617e-01 3.651522e-01 2.845617e-01 -1.000427e-01 3.329174e-01 2.651975e-01 4.891619e-01 5.423041e-01 7.498971e-01 4.550151e-01 6.223988e-01 2.754733e-01 5.236321e-01 5.474104e-01 6.785440e-01 3.793640e-01 1.020227e+00 2.312831e-01 2.388137e-01 4.612932e-01 6.727576e-01 7.402972e-01 2.413290e-01 9.274720e-01 5.461174e-01 7.106398e-01 1.229442e-01 3.392962e-01 
119 1667  1.000000000000000000e+05 0 0 7.884704e-01 8.135606e-01 3.462918e-01 1.023501e+00 3.310613e-01 9.665992e-01 5.618518e-01 1.470439e-01 3.977588e-01 1.077515e-01 8.435236e-01 -5.292065e-02 5.808166e-01 1.036858e+00 6.156910e-01 1.499948e-01 4.831577e-01 2.000243e-01 6.463878e-01 6.435183e-01 1.832237e-01 3.216012e-02 4.450068e-01 4.222957e-01 4.379618e-01 3.758732e-01 5.898371e-01 3.438558e-01 2.976326e-01 8.158824e-01 4.479403e-01 6.370355e-01 1.935534e-01 1.698397e-02 
120 1681  1.000000000000000000e+05 0 0 5.282127e-01 7.262820e-01 4.530228e-01 7.764216e-01 6.039514e-01 5.948599e-01 4.560678e-01 1.192167e-01 1.487558e-01 2.823904e-01 5.337984e-01 3.190458e-01 3.000677e-01 7.244801e-01 4.738006e-01 4.019477e-01 5.911023e-01 4.040025e-01 5.550149e-01 5.438686e-01 5.985766e-01 6.789031e-02 8.691430e-01 5.640810e-01 3.214792e-01 4.991959e-01 4.726893e-01 6.904249e-01 1.678972e-01 8.528684e-01 6.148429e-01 5.188538e-01 2.154366e-01 -5.689791e-02 
121 1695  1.000000000000000000e+05 0 0 8.363896e-01 7.134358e-01 6.669857e-01 7.095404e-01 6.242110e-01 8.150283e-01 4.406467e-01 7.244112e-02 6.045212e-01 8.287980e-02 7.560983e-01 2.653598e-01 3.647433e-01 8.566222e-01 3.985343e-01 2.292233e-01 7.785769e-01 1.808915e-01 4.213367e-01 8.824184e-01 6.045304e-01 1.380049e-01 4.596884e-01 2.787357e-01 3.804136e-01 6.164352e-01 7.547361e-01 6.906257e-01 3.028524e-01 8.754169e-01 4.369180e-01 6.764766e-01 2.356652e-01 2.566839e-01 
122 1709  1.000000000000000000e+05 0 0 1.077420e+00 5.280255e-01 7.592551e-01 1.111265e+00 1.890035e-01 1.095625e+00 1.113708e-01 2.364462e-01 4.836130e-01 -1.851188e-01 6.327880e-01 2.457496e-01 2.747862e-01 1.037381e+00 2.881391e-01 5.015948e-01 3.836381e-01 -9.713464e-02 5.366293e-01 6.743726e-01 8.547910e-01 1.431402e-01 3.386777e-01 5.154705e-01 3.015926e-01 2.324112e-01 4.136385e-01 5.998231e-01 1.398134e-01 8.763549e-01 7.740002e-01 1.018343e+00 3.826672e-01 3.593586e-01 
123 1723  1.000000000000000000e+05 0 0 9.210703e-01 5.664132e-01 6.637219e-01 7.244662e-01 7.306355e-01 8.515721e-01 4.037018e-01 1.113677e-01 7.839106e-01 1.223540e-01 8.073423e-01 3.613192e-01 2.216940e-01 2.901461e-01 3.996416e-01 3.648564e-01 8.606333e-01 -1.649511e-01 4.517242e-01 7.549020e-01 7.314571e-01 -4.150838e-02 1.571735e-01 6.210545e-01 3.136050e-01 8.282840e-01 8.732583e-01 6.636945e-01 8.593904e-01 4.572683e-01 7.567099e-01 9.049426e-01 2.964117e-01 3.575691e-01 
124 1737  1.000000000000000000e+05 0 0 8.843466e-01 7.307691e-01 4.649557e-01 7.659377e-01 8.444157e-01 7.836052e-01 3.076127e-01 2.030410e-01 7.154401e-01 3.095398e-02 7.925048e-01 3.269369e-01 6.245261e-01 2.385266e-01 7.349560e-01 3.829895e-01 9.487192e-01 -2.730153e-01 5.660353e-01 6.528802e-01 4.707725e-01 3.703435e-02 2.838201e-01 4.823613e-01 6.696460e-01 6.856935e-01 7.379737e-01 6.134196e-01 4.121443e-01 5.194111e-01 2.960105e-01 6.598567e-01 5.204052e-01 2.422292e-01 
125 1751  1.000000000000000000e+05 0 0 7.350864e-01 6.896578e-01 2.843239e-01 5.359878e-01 5.253663e-01 6.872067e-01 2.037479e-01 3.205784e-01 6.362038e-01 1.039334e-01 9.432196e-01 4.457886e-01 7.096170e-01 6.104773e-01 8.138985e-01 3.803819e-01 7.017366e-01 4.678238e-01 5.456138e-01 8.064946e-01 4.080861e-01 1.102122e-01 3.452629e-01 6.103492e-01 6.634365e-01 4.591207e-01 8.234088e-01 8.880474e-01 3.502250e-01 7.911313e-01 6.769823e-01 8.645128e-01 4.047140e-02 3.315719e-01 
126 1765  1.000000000000000000e+05 0 0 7.874434e-01 9.160131e-01 5.426547e-01 3.972975e-01 7.527963e-01 7.088095e-01 2.950505e-01 1.416835e-01 6.898111e-01 2.211891e-01 6.172346e-01 2.409228e-01 5.963674e-01 2.097020e-01 4.933022e-01 6.114610e-01 1.020258e+00 2.971893e-01 4.238321e-01 7.391058e-01 2.212612e-01 -4.276563e-02 3.125606e-01 7.605696e-01 7.266546e-01 3.565682e-01 8.677327e-01 7.227203e-01 2.216369e-01 7.054107e-01 4.572459e-01 7.385623e-01 1.873120e-01 1.533072e-01 
127 1779  1.000000000000000000e+05 0 0 9.699186e-01 4.791878e-01 4.767161e-01 4.238655e-01 4.541528e-01 7.399095e-01 4.409783e-02 8.929374e-02 2.755861e-01 2.398756e-01 1.123785e+00 2.776066e-01 7.237613e-01 3.239253e-01 5.200040e-01 1.039529e-01 9.073620e-01 5.556795e-01 3.369377e-01 6.975352e-01 1.753019e-01 2.395483e-01 8.232692e-02 6.679136e-01 7.220910e-01 2.187524e-01 6.483906e-01 9.827640e-01 3.933230e-01 9.960481e-01 4.170464e-01 6.498308e-01 1.223274e-01 5.742829e-01 
128 1793  1.000000000000000000e+05 0 0 9.149111e-01 8.624156e-01 4.224671e-01 4.051513e-01 4.514022e-01 6.284129e-01 1.609633e-01 2.235396e-01 6.804060e-01 1.697572e-01 6.297290e-01 2.676595e-01 7.888184e-01 4.273163e-01 6.067090e-01 3.692584e-01 9.671767e-01 5.339093e-01 2.729633e-01 7.440809e-01 4.802185e-01 1.380002e-01 -9.101288e-03 4.783982e-01 5.383497e-01 4.291042e-01 8.326466e-01 8.939949e-01 4.322838e-01 7.713418e-01 8.403966e-01 5.738457e-01 -3.612643e-02 4.316893e-01 
129 1807  1.000000000000000000e+05 0 0 6.462548e-01 9.352381e-01 1.940254e-01 3.208813e-01 3.393895e-01 8.608098e-01 4.682864e-01 2.784473e-01 6.399791e-01 9.430457e-02 8.877831e-01 2.035052e-01 8.407103e-01 8.095288e-01 9.502998e-01 1.100843e-01 5.760470e-01 5.539124e-01 4.260620e-01 8.604448e-01 8.187136e-03 5.541885e-01 -4.149320e-01 -8.961020e-02 9.397934e-01 2.358274e-01 7.269686e-01 9.037824e-01 3.522261e-01 9.338845e-01 7.174920e-01 7.878726e-01 -4.775234e-02 6.239530e-01 
130 1821  1.000000000000000000e+05 0 0 9.862244e-01 7.437912e-01 4.015606e-01 2.046103e-01 8.155963e-01 7.304779e-01 1.635826e-01 -5.483193e-02 6.301967e-01 6.148195e-02 8.302226e-01 1.085351e-01 6.344799e-01 6.085279e-01 7.566682e-01 1.998465e-01 7.781393e-01 8.377392e-01 4.869830e-01 8.691861e-01 4.350176e-01 3.134954e-01 6.366091e-02 1.060348e-01 6.732576e-01 2.715051e-01 6.636119e-01 8.288543e-01 3.102524e-01 5.476514e-01 1.014624e+00 8.174369e-01 2.170472e-01 6.314523e-01 
131 1835  1.000000000000000000e+05 0 0 7.521118e-01 9.040270e-01 4.998568e-01 5.627475e-01 5.328190e-01 7.517006e-01 1.024654e-01 -2.510641e-01 1.033620e+00 1.041956e-01 9.275162e-01 7.254577e-02 7.107498e-01 1.901988e-01 6.641738e-01 9.731958e-02 9.426057e-01 5.751588e-01 6.205159e-01 8.141343e-01 4.998359e-01 2.422757e-01 7.847102e-02 3.580837e-01 7.745983e-01 2.700556e-01 7.296325e-01 9.600976e-01 7.194043e-01 8.418359e-01 7.695506e-01 8.669459e-01 8.923670e-02 5.328252e-01 
132 1849  1.000000000000000000e+05 0 0 6.171186e-01 7.096101e-01 2.363341e-01 8.170386e-01 4.271937e-01 6.889075e-01 1.843935e-01 7.075639e-02 8.148642e-01 4.169356e-01 6.402028e-01 2.378789e-01 6.630223e-01 6.266179e-01 7.447723e-01 3.553323e-01 6.670164e-01 5.630249e-01 4.481710e-01 8.838164e-01 3.295238e-01 4.714503e-01 3.349398e-01 5.757633e-01 9.531624e-01 4.257078e-01 1.056963e+00 7.618708e-01 6.249750e-01 7.582505e-01 6.120604e-01 8.020194e-01 1.798470e-01 5.901338e-01 
133 1863  1.000000000000000000e+05 0 0 6.465530e-01 6.844122e-01 7.984575e-01 8.468634e-01 3.568378e-01 6.938073e-01 2.650807e-01 -1.405353e-02 7.654077e-01 3.316773e-01 9.300391e-01 2.372792e-01 9.121262e-01 8.550540e-01 5.837203e-01 5.074533e-01 6.562787e-01 4.223789e-01 4.503396e-01 7.502580e-01 7.825763e-01 -3.240572e-02 4.298419e-01 4.360043e-01 6.190832e-01 4.271788e-01 7.577569e-01 8.016510e-01 2.600799e-01 7.510347e-01 6.143730e-01 7.223392e-01 2.807067e-01 2.855825e-01 
134 1877  1.000000000000000000e+05 0 0 1.001906e+00 8.755376e-01 4.750106e-01 4.170922e-01 4.148408e-01 7.845287e-01 3.133399e-01 7.040399e-02 6.008786e-01 7.216871e-01 9.757084e-01 5.793503e-01 6.758906e-01 4.066095e-01 3.868554e-01 6.720027e-01 5.616099e-01 5.949534e-01 3.875936e-01 6.206837e-01 9.065612e-01 1.727290e-01 2.792669e-01 4.097862e-01 5.820637e-01 2.912011e-01 7.096657e-01 8.167870e-01 4.507904e-01 5.624142e-01 6.556284e-01 7.838315e-01 3.234418e-01 5.840484e-01 
135 1891  1.000000000000000000e+05 0 0 1.029686e+00 6.837653e-01 4.708944e-01 6.090968e-01 4.711304e-01 9.269871e-01 1.997989e-01 3.051674e-01 9.001107e-01 5.238481e-01 6.216467e-01 5.850212e-01 9.111715e-01 5.038548e-01 7.401222e-01 -1.266602e-01 5.343760e-01 3.247484e-01 2.624527e-01 8.752242e-01 7.701645e-01 4.401199e-01 -4.746894e-02 4.693204e-01 6.503160e-01 4.254224e-01 7.430911e-01 8.274332e-01 5.418489e-01 3.843067e-01 8.315508e-01 1.059791e+00 3.343063e-01 5.307216e-01 
136 1905  1.000000000000000000e+05 0 0 8.243003e-01 8.813485e-01 5.506788e-01 5.791106e-01 6.002206e-01 8.528152e-01 4.766464e-01 3.125321e-01 7.149699e-01 3.211074e-01 4.968383e-01 5.086670e-01 1.000130e+00 3.798204e-01 2.917884e-01 4.987220e-01 6.382809e-01 6.011494e-01 4.912965e-01 9.406436e-01 5.911092e-01 3.143909e-02 3.194362e-01 5.171154e-01 6.853454e-01 6.074242e-01 8.405036e-01 7.633989e-01 2.956170e-01 6.508641e-01 3.734805e-01 9.980649e-01 1.636657e-01 1.525461e-01 
137 1919  1.000000000000000000e+05 0 0 9.549645e-01 1.008476e+00 4.921642e-01 4.830797e-01 3.573747e-01 1.015370e+00 3.775888e-01 1.970975e-01 4.807068e-01 2.146284e-01 7.442488e-01 1.224435e-01 8.470194e-01 3.901514e-01 6.842418e-01 3.935361e-01 5.189055e-01 3.255871e-01 2.124623e-01 9.994278e-01 6.801917e-01 4.303967e-01 2.534264e-01 4.577296e-01 5.822525e-01 2.974132e-01 7.279590e-01 8.903996e-01 3.044709e-01 8.136809e-01 4.441282e-01 1.043793e+00 4.847266e-01 1.373799e-01 
138 1933  1.000000000000000000e+05 0 0 7.059088e-01 7.791704e-01 6.003234e-01 8.883268e-01 6.897064e-01 9.061889e-01 5.679114e-01 1.898866e-01 6.503180e-01 4.108182e-01 7.430368e-01 6.024909e-01 7.949217e-01 3.409613e-01 5.213046e-01 5.394823e-01 2.870293e-01 6.920047e-01 5.880396e-01 6.470680e-01 5.141985e-01 3.101968e-01 4.562430e-01 7.466950e-01 5.790637e-01 5.759224e-01 8.734307e-01 6.118349e-01 4.118068e-01 8.532984e-01 8.002674e-01 9.715803e-01 6.011931e-01 4.872379e-01 
139 1947  1.000000000000000000e+05 0 0 5.421478e-01 8.585334e-01 7.103613e-01 8.461695e-01 5.424260e-01 8.043856e-01 6.491226e-01 1.175764e-01 6.973046e-01 6.352055e-01 8.580873e-01 3.955077e-01 8.648722e-01 4.283402e-01 3.299919e-01 6.058257e-01 4.828716e-01 5.382942e-01 4.944829e-01 7.485630e-01 6.007965e-01 -1.046849e-01 3.653869e-01 9.431158e-01 7.894942e-01 2.920356e-01 7.998828e-01 9.237621e-01 6.164803e-01 9.021271e-01 5.910839e-01 9.180890e-01 3.450038e-01 3.234098e-01 
140 1961  1.000000000000000000e+05 0 0 6.065383e-01 6.542319e-01 5.189374e-01 2.290594e-01 8.761094e-01 9.722589e-01 5.847603e-01 3.013276e-01 5.943210e-01 6.059264e-01 7.924659e-01 -8.099676e-02 7.823832e-01 6.335885e-02 2.679944e-01 6.153862e-01 1.810333e-02 8.609144e-01 6.749090e-01 8.499605e-01 8.126674e-01 5.021909e-01 4.781114e-01 6.460402e-01 5.983567e-01 4.449126e-01 7.225262e-01 4.970985e-01 5.919538e-01 7.611753e-01 8.364333e-01 8.610929e-01 6.760192e-01 6.984285e-01 
141 1975  1.000000000000000000e+05 0 0 5.308528e-01 9.414460e-01 7.183269e-01 5.954197e-01 5.516265e-01 1.059808e+00 3.580193e-01 2.827318e-01 5.549653e-01 4.566328e-01 4.513332e-01 1.461964e-02 1.005421e+00 2.574838e-01 8.447465e-01 7.555622e-01 2.220239e-01 6.463297e-01 7.052861e-01 9.146235e-01 4.939923e-01 4.923053e-01 5.755433e-01 6.045028e-01 4.123386e-01 -3.368341e-02 8.954069e-01 7.416963e-01 5.692282e-01 4.837668e-01 6.902714e-01 1.046661e+00 5.625116e-01 4.051497e-01 
