%  columns="iteration, evaluation, sigma, max axis length, min axis length, all principle axes lengths (sorted square roots of eigenvalues of C)" (startseed=216989, 2023/08/29 3:52:54.89)
1 15 2.831970e-01 1.029634e+00 9.972581e-01 9.972581e-01 9.972581e-01 9.972581e-01 9.972581e-01 9.972581e-01 9.972581e-01 9.972581e-01 9.972581e-01 9.972581e-01 9.972581e-01 9.972581e-01 9.972581e-01 9.972581e-01 9.972581e-01 9.972581e-01 9.972581e-01 9.972581e-01 9.972581e-01 9.972581e-01 9.972581e-01 9.972581e-01 9.972581e-01 9.972581e-01 9.972581e-01 9.972581e-01 9.972581e-01 9.972581e-01 9.977395e-01 9.998814e-01 1.002115e+00 1.004961e+00 1.008224e+00 1.016861e+00 1.029634e+00 
2 29 3.899660e-01 1.050271e+00 9.945238e-01 9.945238e-01 9.945238e-01 9.945238e-01 9.945238e-01 9.945238e-01 9.945238e-01 9.945238e-01 9.945238e-01 9.945238e-01 9.945238e-01 9.945238e-01 9.945238e-01 9.945238e-01 9.945238e-01 9.945238e-01 9.945238e-01 9.945238e-01 9.945238e-01 9.945238e-01 9.945238e-01 9.947489e-01 9.950956e-01 9.958653e-01 9.962638e-01 9.973472e-01 9.986840e-01 1.000651e+00 1.003029e+00 1.003690e+00 1.005215e+00 1.010660e+00 1.012932e+00 1.016847e+00 1.050271e+00 
3 43 3.804895e-01 1.059491e+00 9.917970e-01 9.917970e-01 9.917970e-01 9.917970e-01 9.917970e-01 9.917970e-01 9.917970e-01 9.917970e-01 9.917970e-01 9.917970e-01 9.917970e-01 9.917970e-01 9.917970e-01 9.917970e-01 9.919215e-01 9.920578e-01 9.921402e-01 9.925718e-01 9.927326e-01 9.934168e-01 9.938873e-01 9.946676e-01 9.955862e-01 9.959890e-01 9.970641e-01 9.983721e-01 1.000146e+00 1.001526e+00 1.003151e+00 1.003677e+00 1.004739e+00 1.010152e+00 1.014864e+00 1.022581e+00 1.059491e+00 
4 57 3.676057e-01 1.064455e+00 9.890776e-01 9.890776e-01 9.890776e-01 9.890776e-01 9.890776e-01 9.890776e-01 9.890776e-01 9.891102e-01 9.891645e-01 9.892317e-01 9.893096e-01 9.894204e-01 9.896449e-01 9.898655e-01 9.902826e-01 9.904272e-01 9.908770e-01 9.909642e-01 9.917988e-01 9.924927e-01 9.935192e-01 9.937063e-01 9.953319e-01 9.961278e-01 9.968124e-01 9.978090e-01 9.992062e-01 1.000765e+00 1.002890e+00 1.003286e+00 1.010380e+00 1.011598e+00 1.017687e+00 1.024182e+00 1.064455e+00 
5 71 3.551660e-01 1.067318e+00 9.863700e-01 9.863700e-01 9.863957e-01 9.864245e-01 9.864442e-01 9.865665e-01 9.866897e-01 9.867082e-01 9.868462e-01 9.871129e-01 9.873695e-01 9.876323e-01 9.877419e-01 9.880208e-01 9.886667e-01 9.891570e-01 9.894666e-01 9.901689e-01 9.910415e-01 9.915675e-01 9.930370e-01 9.934583e-01 9.942022e-01 9.954072e-01 9.954856e-01 9.976585e-01 9.997353e-01 9.999314e-01 1.003419e+00 1.007540e+00 1.009989e+00 1.012699e+00 1.022576e+00 1.025582e+00 1.067318e+00 
6 85 3.420844e-01 1.070413e+00 9.836974e-01 9.836974e-01 9.837707e-01 9.838697e-01 9.840656e-01 9.841693e-01 9.843327e-01 9.845151e-01 9.848557e-01 9.850778e-01 9.851362e-01 9.852994e-01 9.857697e-01 9.868542e-01 9.872705e-01 9.875016e-01 9.876981e-01 9.890689e-01 9.892651e-01 9.903759e-01 9.913129e-01 9.916151e-01 9.937588e-01 9.939693e-01 9.968383e-01 9.975039e-01 9.982744e-01 1.001134e+00 1.003611e+00 1.005957e+00 1.010460e+00 1.014379e+00 1.024470e+00 1.027491e+00 1.070413e+00 
7 99 3.308333e-01 1.074646e+00 9.811323e-01 9.811323e-01 9.812930e-01 9.814734e-01 9.817891e-01 9.819510e-01 9.821207e-01 9.823991e-01 9.825571e-01 9.832470e-01 9.837613e-01 9.841782e-01 9.847659e-01 9.854218e-01 9.859454e-01 9.870295e-01 9.873057e-01 9.876059e-01 9.879363e-01 9.886919e-01 9.913024e-01 9.919868e-01 9.924394e-01 9.941696e-01 9.948508e-01 9.964118e-01 9.986172e-01 1.001413e+00 1.005928e+00 1.010319e+00 1.012873e+00 1.013203e+00 1.025975e+00 1.031010e+00 1.074646e+00 
8 113 3.232564e-01 1.078156e+00 9.787241e-01 9.787241e-01 9.787515e-01 9.793692e-01 9.794427e-01 9.798558e-01 9.800671e-01 9.801734e-01 9.807813e-01 9.815152e-01 9.818149e-01 9.823169e-01 9.830694e-01 9.838590e-01 9.844049e-01 9.851423e-01 9.851750e-01 9.858992e-01 9.866698e-01 9.888904e-01 9.899951e-01 9.903757e-01 9.923277e-01 9.927985e-01 9.951884e-01 9.969221e-01 9.988902e-01 1.003881e+00 1.005081e+00 1.010357e+00 1.011519e+00 1.016967e+00 1.024157e+00 1.040587e+00 1.078156e+00 
9 127 3.146946e-01 1.081865e+00 9.761706e-01 9.761706e-01 9.764631e-01 9.768565e-01 9.772548e-01 9.774199e-01 9.781300e-01 9.783611e-01 9.789450e-01 9.798604e-01 9.799922e-01 9.803486e-01 9.810262e-01 9.817248e-01 9.826595e-01 9.827489e-01 9.838771e-01 9.844153e-01 9.856046e-01 9.880019e-01 9.887028e-01 9.900733e-01 9.908041e-01 9.931215e-01 9.939189e-01 9.977347e-01 1.001100e+00 1.002262e+00 1.005519e+00 1.010714e+00 1.014377e+00 1.019150e+00 1.024808e+00 1.042802e+00 1.081865e+00 
10 141 3.023451e-01 1.087748e+00 9.737696e-01 9.737696e-01 9.741410e-01 9.747162e-01 9.750531e-01 9.755502e-01 9.760952e-01 9.763801e-01 9.769937e-01 9.776211e-01 9.779495e-01 9.783424e-01 9.791404e-01 9.798808e-01 9.803130e-01 9.810528e-01 9.815511e-01 9.847002e-01 9.860011e-01 9.866747e-01 9.878288e-01 9.886718e-01 9.900831e-01 9.916567e-01 9.950127e-01 9.962943e-01 9.994085e-01 1.002541e+00 1.005674e+00 1.011182e+00 1.017799e+00 1.021004e+00 1.025060e+00 1.046723e+00 1.087748e+00 
11 155 2.925332e-01 1.089079e+00 9.713155e-01 9.713155e-01 9.721141e-01 9.727204e-01 9.734131e-01 9.736664e-01 9.739713e-01 9.744724e-01 9.753305e-01 9.759420e-01 9.759999e-01 9.768443e-01 9.778241e-01 9.787121e-01 9.803363e-01 9.809208e-01 9.823511e-01 9.836954e-01 9.850432e-01 9.857495e-01 9.870967e-01 9.876155e-01 9.883388e-01 9.899270e-01 9.925939e-01 9.980306e-01 9.999621e-01 1.000914e+00 1.008535e+00 1.013738e+00 1.017056e+00 1.022080e+00 1.026478e+00 1.047564e+00 1.089079e+00 
12 169 2.872480e-01 1.089359e+00 9.691183e-01 9.691183e-01 9.701562e-01 9.707940e-01 9.713513e-01 9.717607e-01 9.719952e-01 9.723870e-01 9.734858e-01 9.741655e-01 9.744226e-01 9.753796e-01 9.762946e-01 9.775108e-01 9.789326e-01 9.792222e-01 9.810519e-01 9.818449e-01 9.833399e-01 9.847444e-01 9.855231e-01 9.867686e-01 9.879113e-01 9.905961e-01 9.935642e-01 9.984304e-01 9.986809e-01 1.002695e+00 1.007970e+00 1.013505e+00 1.015791e+00 1.023266e+00 1.030450e+00 1.051833e+00 1.089359e+00 
13 183 2.820092e-01 1.090298e+00 9.671737e-01 9.671737e-01 9.680365e-01 9.685176e-01 9.691288e-01 9.694402e-01 9.701684e-01 9.709593e-01 9.716809e-01 9.719878e-01 9.731814e-01 9.740289e-01 9.745182e-01 9.758160e-01 9.774139e-01 9.778388e-01 9.802759e-01 9.809141e-01 9.815764e-01 9.833272e-01 9.844915e-01 9.857393e-01 9.891289e-01 9.917458e-01 9.944317e-01 9.963860e-01 9.973723e-01 1.001998e+00 1.006671e+00 1.013998e+00 1.016210e+00 1.022591e+00 1.036998e+00 1.054866e+00 1.090298e+00 
14 197 2.745755e-01 1.093606e+00 9.653314e-01 9.653314e-01 9.658077e-01 9.663871e-01 9.669036e-01 9.678648e-01 9.688033e-01 9.697389e-01 9.702830e-01 9.709304e-01 9.716404e-01 9.731293e-01 9.737379e-01 9.751304e-01 9.759742e-01 9.777047e-01 9.784315e-01 9.790220e-01 9.808005e-01 9.826385e-01 9.837656e-01 9.857390e-01 9.883443e-01 9.902924e-01 9.946519e-01 9.969778e-01 9.985793e-01 1.000115e+00 1.004811e+00 1.013324e+00 1.015936e+00 1.025454e+00 1.037839e+00 1.062206e+00 1.093606e+00 
15 211 2.638873e-01 1.092721e+00 9.632241e-01 9.632241e-01 9.640253e-01 9.645555e-01 9.655496e-01 9.661266e-01 9.669652e-01 9.675417e-01 9.685481e-01 9.688683e-01 9.704923e-01 9.709753e-01 9.729348e-01 9.734573e-01 9.743172e-01 9.765866e-01 9.767775e-01 9.772184e-01 9.809297e-01 9.814595e-01 9.836890e-01 9.859823e-01 9.880230e-01 9.897189e-01 9.940488e-01 9.966986e-01 9.992030e-01 9.998947e-01 1.005533e+00 1.013584e+00 1.015348e+00 1.025612e+00 1.036564e+00 1.064907e+00 1.092721e+00 
16 225 2.489356e-01 1.092727e+00 9.612138e-01 9.612138e-01 9.621551e-01 9.626279e-01 9.631582e-01 9.646535e-01 9.652914e-01 9.661983e-01 9.668811e-01 9.672672e-01 9.692465e-01 9.703713e-01 9.714425e-01 9.729965e-01 9.745622e-01 9.750118e-01 9.765782e-01 9.780515e-01 9.793472e-01 9.801431e-01 9.826468e-01 9.841603e-01 9.862872e-01 9.908175e-01 9.922774e-01 9.967930e-01 9.980071e-01 1.000730e+00 1.005156e+00 1.013342e+00 1.017122e+00 1.024026e+00 1.035950e+00 1.065675e+00 1.092727e+00 
17 239 2.370200e-01 1.090386e+00 9.590494e-01 9.590494e-01 9.603170e-01 9.606631e-01 9.615979e-01 9.623215e-01 9.633446e-01 9.645137e-01 9.660305e-01 9.665116e-01 9.671186e-01 9.684056e-01 9.707184e-01 9.718772e-01 9.723507e-01 9.744843e-01 9.759210e-01 9.765744e-01 9.781732e-01 9.802452e-01 9.810912e-01 9.841439e-01 9.849306e-01 9.902964e-01 9.925838e-01 9.957084e-01 9.980390e-01 9.997960e-01 1.003726e+00 1.014243e+00 1.016484e+00 1.024225e+00 1.036229e+00 1.064323e+00 1.090386e+00 
18 253 2.247001e-01 1.090120e+00 9.569286e-01 9.569286e-01 9.584084e-01 9.591363e-01 9.605513e-01 9.610219e-01 9.618027e-01 9.620982e-01 9.642436e-01 9.650315e-01 9.653585e-01 9.665271e-01 9.689532e-01 9.699081e-01 9.724588e-01 9.726610e-01 9.741142e-01 9.776154e-01 9.786181e-01 9.788959e-01 9.803735e-01 9.838076e-01 9.868432e-01 9.880703e-01 9.903465e-01 9.957108e-01 9.972238e-01 9.981176e-01 1.002897e+00 1.012930e+00 1.019295e+00 1.027261e+00 1.034831e+00 1.062836e+00 1.090120e+00 
19 267 2.187507e-01 1.092916e+00 9.553020e-01 9.553020e-01 9.560225e-01 9.574775e-01 9.580299e-01 9.588643e-01 9.598319e-01 9.610795e-01 9.618189e-01 9.632434e-01 9.657920e-01 9.674866e-01 9.692448e-01 9.700049e-01 9.705892e-01 9.716963e-01 9.762524e-01 9.769491e-01 9.780075e-01 9.799735e-01 9.822801e-01 9.840742e-01 9.852529e-01 9.882891e-01 9.903226e-01 9.947149e-01 9.961663e-01 9.985851e-01 1.002861e+00 1.011120e+00 1.021873e+00 1.029652e+00 1.033625e+00 1.061301e+00 1.092916e+00 
20 281 2.170822e-01 1.093189e+00 9.534126e-01 9.534126e-01 9.542667e-01 9.556402e-01 9.560735e-01 9.575563e-01 9.580870e-01 9.595266e-01 9.614869e-01 9.632064e-01 9.649657e-01 9.661094e-01 9.677240e-01 9.686853e-01 9.696421e-01 9.706497e-01 9.753299e-01 9.764016e-01 9.778380e-01 9.796963e-01 9.805989e-01 9.837904e-01 9.863123e-01 9.884706e-01 9.926259e-01 9.952003e-01 9.973189e-01 1.000376e+00 1.003757e+00 1.010610e+00 1.023567e+00 1.032559e+00 1.038245e+00 1.060193e+00 1.093189e+00 
21 295 2.152893e-01 1.099085e+00 9.514654e-01 9.514654e-01 9.532874e-01 9.537517e-01 9.552344e-01 9.554886e-01 9.571210e-01 9.577741e-01 9.599426e-01 9.622024e-01 9.628831e-01 9.645937e-01 9.662913e-01 9.670768e-01 9.678061e-01 9.700800e-01 9.737627e-01 9.751050e-01 9.760759e-01 9.784316e-01 9.791838e-01 9.829422e-01 9.847291e-01 9.873772e-01 9.937781e-01 9.953344e-01 9.964788e-01 1.002679e+00 1.003503e+00 1.012094e+00 1.023032e+00 1.032699e+00 1.039984e+00 1.058394e+00 1.099085e+00 
22 309 2.091524e-01 1.102583e+00 9.492795e-01 9.492795e-01 9.514669e-01 9.525065e-01 9.534148e-01 9.539000e-01 9.562968e-01 9.576289e-01 9.583584e-01 9.603154e-01 9.612636e-01 9.639829e-01 9.656421e-01 9.661909e-01 9.666315e-01 9.688193e-01 9.729061e-01 9.750614e-01 9.767405e-01 9.781948e-01 9.786659e-01 9.812593e-01 9.837873e-01 9.872860e-01 9.936728e-01 9.983973e-01 9.989873e-01 1.002424e+00 1.004717e+00 1.011268e+00 1.023202e+00 1.032695e+00 1.040312e+00 1.057487e+00 1.102583e+00 
23 323 2.027603e-01 1.103581e+00 9.483473e-01 9.483473e-01 9.489720e-01 9.502632e-01 9.517532e-01 9.531011e-01 9.545856e-01 9.561119e-01 9.568360e-01 9.586712e-01 9.601685e-01 9.628695e-01 9.641381e-01 9.649044e-01 9.652118e-01 9.684699e-01 9.720056e-01 9.739375e-01 9.747143e-01 9.769930e-01 9.780390e-01 9.803338e-01 9.821068e-01 9.848598e-01 9.937283e-01 9.968738e-01 9.988271e-01 1.002282e+00 1.008424e+00 1.011955e+00 1.024770e+00 1.030673e+00 1.040594e+00 1.055257e+00 1.103581e+00 
24 337 1.995951e-01 1.109049e+00 9.460910e-01 9.460910e-01 9.466287e-01 9.480925e-01 9.494537e-01 9.519953e-01 9.529035e-01 9.543702e-01 9.557909e-01 9.578740e-01 9.588782e-01 9.609681e-01 9.620706e-01 9.635886e-01 9.659225e-01 9.665332e-01 9.706445e-01 9.724060e-01 9.740254e-01 9.752852e-01 9.790856e-01 9.792019e-01 9.818794e-01 9.831455e-01 9.931124e-01 9.948315e-01 9.987230e-01 1.005577e+00 1.006369e+00 1.011800e+00 1.026003e+00 1.031547e+00 1.040996e+00 1.053109e+00 1.109049e+00 
25 351 1.970129e-01 1.110065e+00 9.445385e-01 9.445385e-01 9.453049e-01 9.465778e-01 9.493002e-01 9.498925e-01 9.517603e-01 9.536134e-01 9.543391e-01 9.554740e-01 9.573431e-01 9.592097e-01 9.616573e-01 9.621110e-01 9.646047e-01 9.659680e-01 9.693443e-01 9.717320e-01 9.738520e-01 9.752465e-01 9.774548e-01 9.802680e-01 9.820396e-01 9.870833e-01 9.915221e-01 9.938002e-01 9.986399e-01 1.003287e+00 1.004928e+00 1.013292e+00 1.028038e+00 1.032110e+00 1.043933e+00 1.052415e+00 1.110065e+00 
26 365 1.916270e-01 1.110593e+00 9.424910e-01 9.424910e-01 9.433529e-01 9.450000e-01 9.474314e-01 9.486335e-01 9.501690e-01 9.512583e-01 9.534642e-01 9.549710e-01 9.564377e-01 9.573128e-01 9.607516e-01 9.623669e-01 9.628586e-01 9.668210e-01 9.692448e-01 9.705747e-01 9.735501e-01 9.746283e-01 9.765089e-01 9.793793e-01 9.812308e-01 9.860796e-01 9.892454e-01 9.946997e-01 9.977899e-01 1.001539e+00 1.003972e+00 1.014323e+00 1.026144e+00 1.035905e+00 1.045992e+00 1.051724e+00 1.110593e+00 
27 379 1.882554e-01 1.110912e+00 9.407707e-01 9.407707e-01 9.418477e-01 9.430380e-01 9.453655e-01 9.482744e-01 9.484563e-01 9.514873e-01 9.527915e-01 9.543835e-01 9.553712e-01 9.573614e-01 9.590006e-01 9.607012e-01 9.632246e-01 9.648358e-01 9.684975e-01 9.693271e-01 9.722237e-01 9.749895e-01 9.760309e-01 9.789069e-01 9.858046e-01 9.865875e-01 9.911533e-01 9.943022e-01 9.962841e-01 1.001372e+00 1.002284e+00 1.014710e+00 1.024687e+00 1.042248e+00 1.044619e+00 1.050556e+00 1.110912e+00 
28 393 1.818007e-01 1.111302e+00 9.387757e-01 9.387757e-01 9.401515e-01 9.410046e-01 9.438112e-01 9.462588e-01 9.475903e-01 9.497779e-01 9.513786e-01 9.532419e-01 9.544770e-01 9.568765e-01 9.597637e-01 9.602287e-01 9.624721e-01 9.641999e-01 9.681636e-01 9.686537e-01 9.711125e-01 9.731639e-01 9.768100e-01 9.806307e-01 9.838377e-01 9.852395e-01 9.897372e-01 9.938918e-01 9.966393e-01 9.995626e-01 1.000993e+00 1.012361e+00 1.023111e+00 1.043407e+00 1.045629e+00 1.050614e+00 1.111302e+00 
29 407 1.772454e-01 1.118507e+00 9.373342e-01 9.373342e-01 9.379591e-01 9.394211e-01 9.432086e-01 9.461265e-01 9.468004e-01 9.478819e-01 9.508848e-01 9.524035e-01 9.534342e-01 9.569556e-01 9.583201e-01 9.607889e-01 9.628418e-01 9.635556e-01 9.659630e-01 9.674402e-01 9.689364e-01 9.713555e-01 9.764815e-01 9.796484e-01 9.823945e-01 9.852516e-01 9.884503e-01 9.926256e-01 9.965136e-01 9.984719e-01 1.001450e+00 1.010832e+00 1.022607e+00 1.042168e+00 1.043809e+00 1.056780e+00 1.118507e+00 
30 421 1.690645e-01 1.120289e+00 9.352961e-01 9.352961e-01 9.359204e-01 9.384096e-01 9.410565e-01 9.443794e-01 9.458454e-01 9.473821e-01 9.491500e-01 9.507473e-01 9.534102e-01 9.553314e-01 9.570891e-01 9.601358e-01 9.616792e-01 9.621330e-01 9.641990e-01 9.658867e-01 9.670026e-01 9.701042e-01 9.771053e-01 9.791447e-01 9.807603e-01 9.864508e-01 9.909111e-01 9.927528e-01 9.968524e-01 9.974740e-01 1.001201e+00 1.010652e+00 1.023307e+00 1.040959e+00 1.045217e+00 1.061968e+00 1.120289e+00 
31 435 1.645406e-01 1.122543e+00 9.341276e-01 9.341276e-01 9.345397e-01 9.366927e-01 9.402902e-01 9.427580e-01 9.445106e-01 9.458714e-01 9.477685e-01 9.506521e-01 9.524465e-01 9.554128e-01 9.561230e-01 9.585235e-01 9.605372e-01 9.615967e-01 9.625415e-01 9.653150e-01 9.681693e-01 9.703927e-01 9.760527e-01 9.777199e-01 9.792164e-01 9.848039e-01 9.896584e-01 9.918691e-01 9.964018e-01 9.972006e-01 1.004405e+00 1.012462e+00 1.023975e+00 1.039649e+00 1.045744e+00 1.065102e+00 1.122543e+00 
32 449 1.610576e-01 1.125063e+00 9.321403e-01 9.321403e-01 9.332603e-01 9.349535e-01 9.389123e-01 9.423642e-01 9.430250e-01 9.458741e-01 9.482097e-01 9.501331e-01 9.516326e-01 9.531643e-01 9.553989e-01 9.565706e-01 9.590170e-01 9.601716e-01 9.603341e-01 9.652533e-01 9.691258e-01 9.704180e-01 9.754204e-01 9.760053e-01 9.780456e-01 9.848026e-01 9.887737e-01 9.901564e-01 9.951800e-01 9.958665e-01 1.003422e+00 1.013471e+00 1.023898e+00 1.040050e+00 1.045323e+00 1.063851e+00 1.125063e+00 
33 463 1.614046e-01 1.125646e+00 9.298991e-01 9.298991e-01 9.324433e-01 9.329679e-01 9.387181e-01 9.403412e-01 9.423395e-01 9.446520e-01 9.463720e-01 9.488085e-01 9.508366e-01 9.516499e-01 9.534145e-01 9.548018e-01 9.566479e-01 9.581621e-01 9.592104e-01 9.666473e-01 9.681457e-01 9.711047e-01 9.742081e-01 9.762134e-01 9.803953e-01 9.853000e-01 9.870161e-01 9.919646e-01 9.935225e-01 9.980596e-01 1.001223e+00 1.013479e+00 1.023141e+00 1.040537e+00 1.046739e+00 1.062262e+00 1.125646e+00 
34 477 1.599723e-01 1.128752e+00 9.280486e-01 9.280486e-01 9.303728e-01 9.311719e-01 9.370685e-01 9.380838e-01 9.413024e-01 9.435005e-01 9.454143e-01 9.467450e-01 9.489538e-01 9.504204e-01 9.526996e-01 9.532306e-01 9.553397e-01 9.570215e-01 9.583880e-01 9.657161e-01 9.663198e-01 9.698711e-01 9.730964e-01 9.767686e-01 9.795812e-01 9.862058e-01 9.872119e-01 9.910800e-01 9.925899e-01 1.000219e+00 1.002792e+00 1.013173e+00 1.029070e+00 1.040802e+00 1.048314e+00 1.062265e+00 1.128752e+00 
35 491 1.558858e-01 1.133373e+00 9.266963e-01 9.266963e-01 9.289227e-01 9.296148e-01 9.356742e-01 9.366847e-01 9.400205e-01 9.416945e-01 9.447139e-01 9.448415e-01 9.488116e-01 9.493621e-01 9.505293e-01 9.519614e-01 9.559441e-01 9.560277e-01 9.576626e-01 9.640406e-01 9.660321e-01 9.686244e-01 9.717394e-01 9.761848e-01 9.791744e-01 9.852657e-01 9.859136e-01 9.901142e-01 9.915091e-01 9.985818e-01 1.003079e+00 1.012201e+00 1.029614e+00 1.039884e+00 1.050922e+00 1.062110e+00 1.133373e+00 
36 505 1.548133e-01 1.136481e+00 9.248287e-01 9.248287e-01 9.278038e-01 9.288048e-01 9.344974e-01 9.370638e-01 9.388643e-01 9.402028e-01 9.445725e-01 9.466016e-01 9.471300e-01 9.482809e-01 9.500301e-01 9.532551e-01 9.551045e-01 9.553670e-01 9.586979e-01 9.641363e-01 9.655811e-01 9.680164e-01 9.703227e-01 9.750000e-01 9.780732e-01 9.835415e-01 9.846638e-01 9.898795e-01 9.905893e-01 9.965203e-01 1.009369e+00 1.013110e+00 1.027992e+00 1.038209e+00 1.052187e+00 1.062638e+00 1.136481e+00 
37 519 1.521250e-01 1.137993e+00 9.248644e-01 9.248644e-01 9.264405e-01 9.298584e-01 9.333715e-01 9.371552e-01 9.379094e-01 9.384642e-01 9.430717e-01 9.449052e-01 9.463479e-01 9.480568e-01 9.497666e-01 9.523717e-01 9.528728e-01 9.559856e-01 9.580106e-01 9.619088e-01 9.642765e-01 9.677799e-01 9.697681e-01 9.757835e-01 9.766403e-01 9.820667e-01 9.842078e-01 9.881803e-01 9.913179e-01 9.981172e-01 1.010996e+00 1.014525e+00 1.025973e+00 1.037229e+00 1.056683e+00 1.061727e+00 1.137993e+00 
38 533 1.519009e-01 1.142014e+00 9.237615e-01 9.237615e-01 9.257761e-01 9.285272e-01 9.316146e-01 9.360141e-01 9.362960e-01 9.382854e-01 9.416957e-01 9.438999e-01 9.456263e-01 9.473139e-01 9.508113e-01 9.520191e-01 9.538517e-01 9.552815e-01 9.581101e-01 9.620413e-01 9.643804e-01 9.665971e-01 9.706501e-01 9.739513e-01 9.758926e-01 9.809825e-01 9.850984e-01 9.929204e-01 9.943277e-01 9.978061e-01 1.010181e+00 1.014775e+00 1.026574e+00 1.039435e+00 1.055722e+00 1.063936e+00 1.142014e+00 
39 547 1.509488e-01 1.144872e+00 9.220005e-01 9.220005e-01 9.236002e-01 9.285877e-01 9.302869e-01 9.346769e-01 9.366687e-01 9.379960e-01 9.401595e-01 9.428185e-01 9.446130e-01 9.462099e-01 9.501423e-01 9.509422e-01 9.532040e-01 9.545213e-01 9.586029e-01 9.607663e-01 9.639934e-01 9.665723e-01 9.695368e-01 9.726871e-01 9.751244e-01 9.791200e-01 9.831707e-01 9.908655e-01 9.943163e-01 1.004738e+00 1.008802e+00 1.016037e+00 1.025994e+00 1.037208e+00 1.055984e+00 1.067687e+00 1.144872e+00 
40 561 1.517893e-01 1.152554e+00 9.203263e-01 9.203263e-01 9.246960e-01 9.275322e-01 9.296575e-01 9.327541e-01 9.347662e-01 9.366986e-01 9.406956e-01 9.422280e-01 9.427710e-01 9.458453e-01 9.480935e-01 9.506491e-01 9.510917e-01 9.540099e-01 9.576248e-01 9.587722e-01 9.626214e-01 9.654343e-01 9.688562e-01 9.710937e-01 9.731857e-01 9.773584e-01 9.880343e-01 9.904247e-01 9.940423e-01 1.005820e+00 1.011170e+00 1.014043e+00 1.028629e+00 1.037510e+00 1.059250e+00 1.065263e+00 1.152554e+00 
41 575 1.529162e-01 1.157738e+00 9.193345e-01 9.193345e-01 9.232023e-01 9.278801e-01 9.281695e-01 9.324716e-01 9.337541e-01 9.355839e-01 9.387811e-01 9.411823e-01 9.433195e-01 9.450157e-01 9.466672e-01 9.490965e-01 9.521566e-01 9.531799e-01 9.556275e-01 9.597951e-01 9.619177e-01 9.639882e-01 9.683262e-01 9.706565e-01 9.734431e-01 9.805991e-01 9.871382e-01 9.882981e-01 9.937940e-01 1.003310e+00 1.012061e+00 1.015254e+00 1.029665e+00 1.038320e+00 1.058579e+00 1.065306e+00 1.157738e+00 
42 589 1.521769e-01 1.161529e+00 9.190044e-01 9.190044e-01 9.221646e-01 9.258047e-01 9.273463e-01 9.311110e-01 9.320173e-01 9.334403e-01 9.369664e-01 9.401259e-01 9.421781e-01 9.433317e-01 9.457289e-01 9.473577e-01 9.506558e-01 9.517411e-01 9.547744e-01 9.610192e-01 9.619902e-01 9.643832e-01 9.690340e-01 9.698968e-01 9.747541e-01 9.831288e-01 9.855945e-01 9.895848e-01 9.950658e-01 1.003074e+00 1.011359e+00 1.019357e+00 1.029187e+00 1.044066e+00 1.057638e+00 1.067220e+00 1.161529e+00 
43 603 1.524267e-01 1.161323e+00 9.167687e-01 9.167687e-01 9.211355e-01 9.238741e-01 9.273861e-01 9.292466e-01 9.308622e-01 9.317905e-01 9.364837e-01 9.384161e-01 9.413050e-01 9.438382e-01 9.460023e-01 9.466034e-01 9.495914e-01 9.508024e-01 9.525591e-01 9.619273e-01 9.626644e-01 9.641049e-01 9.686224e-01 9.706187e-01 9.770175e-01 9.825577e-01 9.856419e-01 9.880531e-01 9.956803e-01 1.002180e+00 1.009363e+00 1.018187e+00 1.028501e+00 1.044993e+00 1.055822e+00 1.076254e+00 1.161323e+00 
44 617 1.515042e-01 1.163349e+00 9.150589e-01 9.150589e-01 9.194684e-01 9.222888e-01 9.256251e-01 9.283024e-01 9.292502e-01 9.310637e-01 9.358597e-01 9.367614e-01 9.397241e-01 9.428592e-01 9.444302e-01 9.462989e-01 9.478637e-01 9.514182e-01 9.529166e-01 9.607147e-01 9.609178e-01 9.634656e-01 9.666035e-01 9.692599e-01 9.774050e-01 9.828686e-01 9.843024e-01 9.863976e-01 9.943067e-01 1.001562e+00 1.008272e+00 1.016571e+00 1.027949e+00 1.043617e+00 1.054538e+00 1.084895e+00 1.163349e+00 
45 631 1.516238e-01 1.165336e+00 9.136507e-01 9.136507e-01 9.172958e-01 9.204407e-01 9.242153e-01 9.265650e-01 9.276812e-01 9.309772e-01 9.342944e-01 9.369168e-01 9.382047e-01 9.433847e-01 9.443131e-01 9.456351e-01 9.477539e-01 9.513763e-01 9.551856e-01 9.591591e-01 9.603042e-01 9.617369e-01 9.642525e-01 9.717007e-01 9.797617e-01 9.823489e-01 9.839237e-01 9.855547e-01 9.938405e-01 9.996612e-01 1.007598e+00 1.018002e+00 1.027551e+00 1.046290e+00 1.058334e+00 1.090330e+00 1.165336e+00 
46 645 1.515459e-01 1.169628e+00 9.118867e-01 9.118867e-01 9.163244e-01 9.196207e-01 9.219902e-01 9.250493e-01 9.268359e-01 9.302449e-01 9.324406e-01 9.361869e-01 9.376261e-01 9.415827e-01 9.432176e-01 9.447145e-01 9.466927e-01 9.510500e-01 9.555668e-01 9.578494e-01 9.586686e-01 9.623451e-01 9.631826e-01 9.722932e-01 9.809814e-01 9.820825e-01 9.832453e-01 9.877783e-01 9.936303e-01 9.976306e-01 1.005924e+00 1.017329e+00 1.027424e+00 1.049289e+00 1.056852e+00 1.093184e+00 1.169628e+00 
47 659 1.518520e-01 1.173371e+00 9.101117e-01 9.101117e-01 9.161227e-01 9.171663e-01 9.201596e-01 9.235418e-01 9.252747e-01 9.287508e-01 9.308314e-01 9.343492e-01 9.361171e-01 9.398282e-01 9.424039e-01 9.431463e-01 9.458743e-01 9.490558e-01 9.533901e-01 9.563382e-01 9.577751e-01 9.613674e-01 9.681445e-01 9.716199e-01 9.793002e-01 9.805495e-01 9.822342e-01 9.869192e-01 9.926261e-01 1.002417e+00 1.003643e+00 1.022546e+00 1.027282e+00 1.051012e+00 1.060827e+00 1.093900e+00 1.173371e+00 
48 673 1.506424e-01 1.173314e+00 9.080739e-01 9.080739e-01 9.152536e-01 9.164295e-01 9.185385e-01 9.216048e-01 9.232387e-01 9.282213e-01 9.290980e-01 9.324727e-01 9.369537e-01 9.381774e-01 9.404057e-01 9.413054e-01 9.458837e-01 9.489412e-01 9.522058e-01 9.549597e-01 9.564009e-01 9.601543e-01 9.668103e-01 9.702326e-01 9.771444e-01 9.789128e-01 9.815917e-01 9.851990e-01 9.920000e-01 1.000397e+00 1.002403e+00 1.021573e+00 1.027985e+00 1.049344e+00 1.063596e+00 1.102162e+00 1.173314e+00 
49 687 1.482104e-01 1.172843e+00 9.062783e-01 9.062783e-01 9.140219e-01 9.161421e-01 9.176897e-01 9.201518e-01 9.224481e-01 9.268945e-01 9.280208e-01 9.316009e-01 9.359339e-01 9.366528e-01 9.388684e-01 9.410896e-01 9.444989e-01 9.487071e-01 9.526211e-01 9.551733e-01 9.574541e-01 9.613053e-01 9.672486e-01 9.692756e-01 9.763588e-01 9.789427e-01 9.805621e-01 9.831414e-01 9.908736e-01 9.984700e-01 1.000509e+00 1.019732e+00 1.028372e+00 1.048129e+00 1.064598e+00 1.106880e+00 1.172843e+00 
50 701 1.442644e-01 1.174633e+00 9.045648e-01 9.045648e-01 9.125684e-01 9.149399e-01 9.164172e-01 9.201417e-01 9.214294e-01 9.251696e-01 9.261430e-01 9.309292e-01 9.338377e-01 9.347759e-01 9.398002e-01 9.409058e-01 9.438249e-01 9.474947e-01 9.520261e-01 9.537225e-01 9.561763e-01 9.600546e-01 9.662741e-01 9.681088e-01 9.745671e-01 9.770854e-01 9.795353e-01 9.851452e-01 9.888980e-01 9.975597e-01 1.000054e+00 1.017682e+00 1.029374e+00 1.046883e+00 1.065140e+00 1.110328e+00 1.174633e+00 
51 715 1.401080e-01 1.174843e+00 9.027383e-01 9.027383e-01 9.115654e-01 9.130575e-01 9.162096e-01 9.190537e-01 9.202098e-01 9.241062e-01 9.248463e-01 9.294988e-01 9.327921e-01 9.333748e-01 9.380522e-01 9.393326e-01 9.441706e-01 9.459688e-01 9.508623e-01 9.535359e-01 9.577988e-01 9.596004e-01 9.653695e-01 9.663048e-01 9.755443e-01 9.769148e-01 9.795993e-01 9.849011e-01 9.876772e-01 9.953432e-01 9.988088e-01 1.015374e+00 1.028423e+00 1.046403e+00 1.064689e+00 1.113519e+00 1.174843e+00 
52 729 1.359848e-01 1.175628e+00 9.019696e-01 9.019696e-01 9.107826e-01 9.137089e-01 9.145524e-01 9.183421e-01 9.215702e-01 9.229124e-01 9.238312e-01 9.276919e-01 9.312546e-01 9.321989e-01 9.361125e-01 9.371735e-01 9.425227e-01 9.449655e-01 9.490821e-01 9.544122e-01 9.564539e-01 9.587065e-01 9.633078e-01 9.665184e-01 9.756648e-01 9.778975e-01 9.795602e-01 9.829822e-01 9.858784e-01 9.964146e-01 1.006408e+00 1.022226e+00 1.031299e+00 1.046881e+00 1.066659e+00 1.118574e+00 1.175628e+00 
53 743 1.908056e-01 1.179685e+00 9.017074e-01 9.017074e-01 9.100749e-01 9.122593e-01 9.128454e-01 9.179534e-01 9.198781e-01 9.215987e-01 9.253169e-01 9.262058e-01 9.300354e-01 9.323539e-01 9.349022e-01 9.372584e-01 9.409048e-01 9.450403e-01 9.476748e-01 9.531386e-01 9.549730e-01 9.586061e-01 9.616313e-01 9.662004e-01 9.730610e-01 9.773010e-01 9.784335e-01 9.814959e-01 9.851408e-01 9.969980e-01 1.004684e+00 1.024392e+00 1.041732e+00 1.049201e+00 1.073000e+00 1.118177e+00 1.179685e+00 
54 757 1.890992e-01 1.178894e+00 9.002366e-01 9.002366e-01 9.085153e-01 9.105945e-01 9.118316e-01 9.176322e-01 9.189851e-01 9.217542e-01 9.239138e-01 9.251849e-01 9.287345e-01 9.309446e-01 9.330579e-01 9.367377e-01 9.399325e-01 9.433066e-01 9.471275e-01 9.536762e-01 9.543635e-01 9.592786e-01 9.609546e-01 9.653085e-01 9.731249e-01 9.761077e-01 9.787452e-01 9.836359e-01 9.869378e-01 9.953506e-01 1.002468e+00 1.023374e+00 1.042058e+00 1.048850e+00 1.076874e+00 1.118833e+00 1.178894e+00 
55 771 1.872246e-01 1.176481e+00 8.987594e-01 8.987594e-01 9.070087e-01 9.086133e-01 9.104303e-01 9.163606e-01 9.177365e-01 9.202657e-01 9.220905e-01 9.258684e-01 9.272937e-01 9.316647e-01 9.337627e-01 9.354283e-01 9.408666e-01 9.417633e-01 9.473600e-01 9.523560e-01 9.531487e-01 9.593747e-01 9.626715e-01 9.669739e-01 9.723823e-01 9.767093e-01 9.811985e-01 9.855155e-01 9.873680e-01 9.936993e-01 1.000446e+00 1.021125e+00 1.042065e+00 1.050684e+00 1.079670e+00 1.119091e+00 1.176481e+00 
56 785 1.843981e-01 1.175406e+00 8.970166e-01 8.970166e-01 9.049810e-01 9.084225e-01 9.092205e-01 9.142056e-01 9.182948e-01 9.188328e-01 9.213839e-01 9.241085e-01 9.262227e-01 9.302294e-01 9.334116e-01 9.348197e-01 9.387947e-01 9.406536e-01 9.469417e-01 9.507176e-01 9.576574e-01 9.595165e-01 9.630820e-01 9.655372e-01 9.726109e-01 9.747781e-01 9.828930e-01 9.848408e-01 9.862192e-01 9.945444e-01 9.998463e-01 1.019637e+00 1.040811e+00 1.052164e+00 1.081048e+00 1.120716e+00 1.175406e+00 
57 799 1.848082e-01 1.174469e+00 8.962704e-01 8.962704e-01 9.043892e-01 9.073800e-01 9.097291e-01 9.123311e-01 9.161879e-01 9.181584e-01 9.193124e-01 9.228245e-01 9.247192e-01 9.299567e-01 9.329862e-01 9.361776e-01 9.383070e-01 9.403227e-01 9.472338e-01 9.495747e-01 9.562470e-01 9.594289e-01 9.621358e-01 9.639333e-01 9.711647e-01 9.742677e-01 9.812120e-01 9.848786e-01 9.861128e-01 9.969109e-01 1.001371e+00 1.017913e+00 1.038968e+00 1.055808e+00 1.082378e+00 1.121829e+00 1.174469e+00 
58 813 1.829969e-01 1.172398e+00 8.942343e-01 8.942343e-01 9.049108e-01 9.057486e-01 9.076808e-01 9.106242e-01 9.159641e-01 9.167130e-01 9.206382e-01 9.227366e-01 9.248239e-01 9.282363e-01 9.332524e-01 9.351550e-01 9.374672e-01 9.393079e-01 9.452126e-01 9.483632e-01 9.567183e-01 9.581412e-01 9.617180e-01 9.643367e-01 9.703160e-01 9.731403e-01 9.810861e-01 9.828143e-01 9.864877e-01 9.952363e-01 1.008869e+00 1.018904e+00 1.038410e+00 1.058716e+00 1.083352e+00 1.124237e+00 1.172398e+00 
59 827 1.792219e-01 1.170419e+00 8.936821e-01 8.936821e-01 9.028488e-01 9.045285e-01 9.059857e-01 9.098372e-01 9.140440e-01 9.153640e-01 9.194377e-01 9.209614e-01 9.248717e-01 9.273546e-01 9.316985e-01 9.347248e-01 9.351374e-01 9.388539e-01 9.434480e-01 9.499872e-01 9.548551e-01 9.558299e-01 9.592278e-01 9.631744e-01 9.699668e-01 9.726013e-01 9.808670e-01 9.828016e-01 9.923862e-01 9.942801e-01 1.014022e+00 1.017836e+00 1.037751e+00 1.060363e+00 1.083565e+00 1.127113e+00 1.170419e+00 
60 841 1.717148e-01 1.170529e+00 8.920059e-01 8.920059e-01 9.005810e-01 9.033165e-01 9.046475e-01 9.084421e-01 9.124211e-01 9.143462e-01 9.185126e-01 9.191255e-01 9.233951e-01 9.260660e-01 9.314945e-01 9.330455e-01 9.355160e-01 9.371630e-01 9.415985e-01 9.478727e-01 9.533252e-01 9.554770e-01 9.573685e-01 9.635859e-01 9.678598e-01 9.725019e-01 9.800956e-01 9.834948e-01 9.912413e-01 9.938146e-01 1.014542e+00 1.020941e+00 1.036574e+00 1.060212e+00 1.081685e+00 1.128220e+00 1.170529e+00 
61 855 1.664936e-01 1.173171e+00 8.901669e-01 8.901669e-01 8.987917e-01 9.012628e-01 9.051251e-01 9.078287e-01 9.108513e-01 9.132403e-01 9.169672e-01 9.196845e-01 9.213157e-01 9.243549e-01 9.299885e-01 9.318371e-01 9.355177e-01 9.411089e-01 9.430432e-01 9.457904e-01 9.538477e-01 9.549272e-01 9.562631e-01 9.637637e-01 9.664602e-01 9.737277e-01 9.799463e-01 9.814638e-01 9.893243e-01 9.927038e-01 1.015106e+00 1.019113e+00 1.040667e+00 1.060024e+00 1.081966e+00 1.127145e+00 1.173171e+00 
62 869 1.635753e-01 1.172200e+00 8.887693e-01 8.887693e-01 8.971280e-01 8.997238e-01 9.031745e-01 9.066291e-01 9.092848e-01 9.118005e-01 9.146058e-01 9.190740e-01 9.199926e-01 9.235456e-01 9.287545e-01 9.303295e-01 9.355464e-01 9.397953e-01 9.415842e-01 9.448874e-01 9.527779e-01 9.553249e-01 9.579874e-01 9.628925e-01 9.655736e-01 9.728058e-01 9.791213e-01 9.816577e-01 9.892614e-01 9.968865e-01 1.013803e+00 1.019755e+00 1.042234e+00 1.060308e+00 1.085061e+00 1.129059e+00 1.172200e+00 
63 883 1.591897e-01 1.172976e+00 8.881027e-01 8.881027e-01 8.961578e-01 8.976371e-01 9.028534e-01 9.050090e-01 9.078408e-01 9.098954e-01 9.137355e-01 9.172426e-01 9.187241e-01 9.225123e-01 9.271397e-01 9.296930e-01 9.346744e-01 9.402779e-01 9.409100e-01 9.430372e-01 9.527546e-01 9.541260e-01 9.560443e-01 9.607220e-01 9.651226e-01 9.717659e-01 9.795576e-01 9.809513e-01 9.878985e-01 9.962027e-01 1.014140e+00 1.026589e+00 1.044621e+00 1.058693e+00 1.084851e+00 1.127702e+00 1.172976e+00 
64 897 1.547148e-01 1.173868e+00 8.874564e-01 8.874564e-01 8.943779e-01 8.964790e-01 9.006353e-01 9.035690e-01 9.059863e-01 9.088142e-01 9.138934e-01 9.154780e-01 9.178798e-01 9.221567e-01 9.271090e-01 9.300797e-01 9.341234e-01 9.384457e-01 9.395116e-01 9.437834e-01 9.526448e-01 9.543361e-01 9.574331e-01 9.644664e-01 9.681258e-01 9.727597e-01 9.781686e-01 9.815625e-01 9.866393e-01 9.949831e-01 1.013570e+00 1.025603e+00 1.046607e+00 1.056734e+00 1.085668e+00 1.126166e+00 1.173868e+00 
65 911 2.094231e-01 1.172194e+00 8.854553e-01 8.854553e-01 8.932752e-01 8.951408e-01 8.989026e-01 9.014947e-01 9.043976e-01 9.075398e-01 9.118100e-01 9.148714e-01 9.156782e-01 9.219858e-01 9.253797e-01 9.277757e-01 9.337505e-01 9.363700e-01 9.391395e-01 9.424709e-01 9.507823e-01 9.528695e-01 9.566396e-01 9.626497e-01 9.707622e-01 9.725480e-01 9.760588e-01 9.795009e-01 9.854299e-01 9.938731e-01 1.012527e+00 1.023790e+00 1.047777e+00 1.058106e+00 1.087044e+00 1.124284e+00 1.172194e+00 
66 925 2.050565e-01 1.172033e+00 8.835100e-01 8.835100e-01 8.916411e-01 8.936879e-01 8.970323e-01 8.995936e-01 9.036891e-01 9.065236e-01 9.121088e-01 9.132271e-01 9.149755e-01 9.215895e-01 9.274666e-01 9.285171e-01 9.331280e-01 9.341161e-01 9.377330e-01 9.419761e-01 9.512338e-01 9.534719e-01 9.551273e-01 9.612175e-01 9.689997e-01 9.740046e-01 9.763744e-01 9.809406e-01 9.851442e-01 9.926095e-01 1.014552e+00 1.022276e+00 1.047425e+00 1.059900e+00 1.087162e+00 1.122585e+00 1.172033e+00 
67 939 1.979248e-01 1.169982e+00 8.813274e-01 8.813274e-01 8.909690e-01 8.928524e-01 8.970728e-01 8.985536e-01 9.023470e-01 9.054030e-01 9.127606e-01 9.130270e-01 9.168444e-01 9.196134e-01 9.260159e-01 9.281986e-01 9.314732e-01 9.333358e-01 9.375997e-01 9.411503e-01 9.495653e-01 9.519877e-01 9.539423e-01 9.608347e-01 9.683892e-01 9.731429e-01 9.746943e-01 9.823635e-01 9.855293e-01 9.906777e-01 1.014315e+00 1.022016e+00 1.047435e+00 1.057888e+00 1.086771e+00 1.120879e+00 1.169982e+00 
68 953 1.914628e-01 1.169162e+00 8.790714e-01 8.790714e-01 8.887838e-01 8.913677e-01 8.951417e-01 8.978409e-01 9.017292e-01 9.071689e-01 9.118460e-01 9.123016e-01 9.154864e-01 9.182590e-01 9.248560e-01 9.274111e-01 9.305899e-01 9.320246e-01 9.366678e-01 9.395112e-01 9.492451e-01 9.501099e-01 9.530339e-01 9.613776e-01 9.692987e-01 9.719564e-01 9.732055e-01 9.827005e-01 9.855759e-01 9.911958e-01 1.015119e+00 1.020267e+00 1.046870e+00 1.056115e+00 1.085653e+00 1.119479e+00 1.169162e+00 
69 967 1.852816e-01 1.167396e+00 8.782432e-01 8.782432e-01 8.884591e-01 8.897935e-01 8.947837e-01 8.966382e-01 9.008259e-01 9.055477e-01 9.098097e-01 9.104184e-01 9.138677e-01 9.165399e-01 9.240721e-01 9.272258e-01 9.294217e-01 9.325525e-01 9.344555e-01 9.423450e-01 9.483457e-01 9.504026e-01 9.520777e-01 9.611768e-01 9.698874e-01 9.720925e-01 9.794290e-01 9.827257e-01 9.846679e-01 9.901325e-01 1.015604e+00 1.018104e+00 1.046741e+00 1.057635e+00 1.084874e+00 1.118925e+00 1.167396e+00 
70 981 1.769806e-01 1.165660e+00 8.777075e-01 8.777075e-01 8.866945e-01 8.879003e-01 8.928331e-01 8.946349e-01 8.987440e-01 9.035747e-01 9.083737e-01 9.102449e-01 9.122820e-01 9.166519e-01 9.221605e-01 9.256846e-01 9.281342e-01 9.321079e-01 9.330363e-01 9.415732e-01 9.471376e-01 9.502358e-01 9.559856e-01 9.599464e-01 9.683659e-01 9.710431e-01 9.789344e-01 9.807002e-01 9.836866e-01 9.899857e-01 1.018794e+00 1.019683e+00 1.045598e+00 1.056772e+00 1.084449e+00 1.119074e+00 1.165660e+00 
71 995 1.718069e-01 1.164314e+00 8.786343e-01 8.786343e-01 8.847898e-01 8.863717e-01 8.920510e-01 8.939019e-01 8.966071e-01 9.020009e-01 9.078680e-01 9.101069e-01 9.123001e-01 9.194521e-01 9.216667e-01 9.236756e-01 9.270218e-01 9.311615e-01 9.339092e-01 9.398897e-01 9.452118e-01 9.495311e-01 9.567802e-01 9.593737e-01 9.665729e-01 9.713291e-01 9.778602e-01 9.831658e-01 9.835062e-01 9.934875e-01 1.018364e+00 1.018676e+00 1.046111e+00 1.054840e+00 1.083549e+00 1.120623e+00 1.164314e+00 
72 1009 1.689709e-01 1.163881e+00 8.775564e-01 8.775564e-01 8.833739e-01 8.861741e-01 8.901355e-01 8.918973e-01 8.947856e-01 9.005839e-01 9.057122e-01 9.090707e-01 9.111208e-01 9.176262e-01 9.214374e-01 9.254495e-01 9.270678e-01 9.298627e-01 9.333818e-01 9.393473e-01 9.428520e-01 9.484092e-01 9.550647e-01 9.581548e-01 9.652398e-01 9.706437e-01 9.767480e-01 9.820827e-01 9.897798e-01 9.968041e-01 1.018038e+00 1.018804e+00 1.044360e+00 1.052644e+00 1.081989e+00 1.117901e+00 1.163881e+00 
73 1023 1.626395e-01 1.162422e+00 8.781486e-01 8.781486e-01 8.814011e-01 8.855872e-01 8.882165e-01 8.903134e-01 8.943252e-01 8.990116e-01 9.045054e-01 9.074204e-01 9.090044e-01 9.159052e-01 9.220795e-01 9.237006e-01 9.269154e-01 9.293330e-01 9.319364e-01 9.380299e-01 9.411511e-01 9.470973e-01 9.532303e-01 9.604395e-01 9.638710e-01 9.706600e-01 9.762717e-01 9.833520e-01 9.907272e-01 9.981720e-01 1.016349e+00 1.020170e+00 1.046640e+00 1.050056e+00 1.084512e+00 1.117649e+00 1.162422e+00 
74 1037 1.612318e-01 1.164315e+00 8.773909e-01 8.773909e-01 8.807589e-01 8.844917e-01 8.882772e-01 8.894276e-01 8.927227e-01 8.971936e-01 9.058877e-01 9.066580e-01 9.088172e-01 9.155366e-01 9.205423e-01 9.220424e-01 9.252445e-01 9.298654e-01 9.306702e-01 9.404977e-01 9.429296e-01 9.475953e-01 9.517428e-01 9.585916e-01 9.629002e-01 9.699090e-01 9.749892e-01 9.834219e-01 9.892879e-01 9.993893e-01 1.015279e+00 1.023377e+00 1.045686e+00 1.048803e+00 1.095082e+00 1.116714e+00 1.164315e+00 
75 1051 1.598144e-01 1.165140e+00 8.757521e-01 8.757521e-01 8.794195e-01 8.828893e-01 8.866766e-01 8.882378e-01 8.920477e-01 8.949700e-01 9.061611e-01 9.068194e-01 9.088259e-01 9.145309e-01 9.186891e-01 9.215028e-01 9.240718e-01 9.290808e-01 9.310854e-01 9.388396e-01 9.436575e-01 9.460981e-01 9.503725e-01 9.581341e-01 9.614395e-01 9.695941e-01 9.738661e-01 9.832126e-01 9.876405e-01 9.984151e-01 1.017281e+00 1.022531e+00 1.046346e+00 1.047426e+00 1.100182e+00 1.116682e+00 1.165140e+00 
76 1065 1.602108e-01 1.170303e+00 8.754544e-01 8.754544e-01 8.777078e-01 8.811715e-01 8.845089e-01 8.860115e-01 8.906871e-01 8.937953e-01 9.054440e-01 9.058345e-01 9.087572e-01 9.151234e-01 9.183108e-01 9.201072e-01 9.244129e-01 9.272857e-01 9.299636e-01 9.367538e-01 9.450568e-01 9.456632e-01 9.494649e-01 9.564275e-01 9.617758e-01 9.684150e-01 9.720714e-01 9.837023e-01 9.863112e-01 9.997094e-01 1.017807e+00 1.024453e+00 1.044339e+00 1.047045e+00 1.104507e+00 1.120117e+00 1.170303e+00 
77 1079 1.573244e-01 1.172943e+00 8.740103e-01 8.740103e-01 8.765231e-01 8.798327e-01 8.824672e-01 8.854759e-01 8.901851e-01 8.926290e-01 9.035463e-01 9.040555e-01 9.086833e-01 9.137195e-01 9.176534e-01 9.185052e-01 9.231415e-01 9.252727e-01 9.284974e-01 9.361608e-01 9.438609e-01 9.442319e-01 9.478225e-01 9.560758e-01 9.604565e-01 9.680893e-01 9.712356e-01 9.844819e-01 9.856770e-01 9.992985e-01 1.017552e+00 1.022232e+00 1.042399e+00 1.045245e+00 1.106351e+00 1.121896e+00 1.172943e+00 
78 1093 1.566094e-01 1.177799e+00 8.725202e-01 8.725202e-01 8.744458e-01 8.782807e-01 8.805290e-01 8.847786e-01 8.892607e-01 8.936714e-01 9.015832e-01 9.026484e-01 9.073283e-01 9.121578e-01 9.163882e-01 9.166874e-01 9.218917e-01 9.246857e-01 9.273849e-01 9.345138e-01 9.422541e-01 9.424520e-01 9.464373e-01 9.546565e-01 9.630449e-01 9.681096e-01 9.714414e-01 9.830054e-01 9.852757e-01 9.979045e-01 1.019829e+00 1.021282e+00 1.040458e+00 1.044127e+00 1.105242e+00 1.129656e+00 1.177799e+00 
79 1107 1.562405e-01 1.185467e+00 8.713239e-01 8.713239e-01 8.730799e-01 8.784887e-01 8.797762e-01 8.833025e-01 8.873435e-01 8.922364e-01 9.009077e-01 9.034267e-01 9.060139e-01 9.111850e-01 9.146683e-01 9.168283e-01 9.209957e-01 9.226593e-01 9.282683e-01 9.340284e-01 9.402788e-01 9.416836e-01 9.457970e-01 9.538580e-01 9.619561e-01 9.667612e-01 9.741183e-01 9.815767e-01 9.834148e-01 9.970782e-01 1.019444e+00 1.023792e+00 1.038837e+00 1.042144e+00 1.103907e+00 1.133585e+00 1.185467e+00 
80 1121 1.534196e-01 1.191267e+00 8.698433e-01 8.698433e-01 8.716270e-01 8.768545e-01 8.784607e-01 8.822974e-01 8.856349e-01 8.945263e-01 8.989303e-01 9.015969e-01 9.062548e-01 9.110620e-01 9.127329e-01 9.168685e-01 9.208902e-01 9.226399e-01 9.303490e-01 9.326474e-01 9.388539e-01 9.417052e-01 9.450562e-01 9.523223e-01 9.605441e-01 9.652774e-01 9.734311e-01 9.800746e-01 9.833543e-01 9.962038e-01 1.017303e+00 1.024832e+00 1.037289e+00 1.040435e+00 1.101857e+00 1.133938e+00 1.191267e+00 
81 1135 2.078405e-01 1.195608e+00 8.690220e-01 8.690220e-01 8.716664e-01 8.757681e-01 8.771688e-01 8.812944e-01 8.858734e-01 8.933045e-01 8.987835e-01 9.002588e-01 9.058299e-01 9.101033e-01 9.117167e-01 9.173038e-01 9.194391e-01 9.214985e-01 9.309808e-01 9.331325e-01 9.376189e-01 9.422090e-01 9.451909e-01 9.505624e-01 9.584597e-01 9.641392e-01 9.719890e-01 9.787467e-01 9.826446e-01 9.952934e-01 1.015398e+00 1.023494e+00 1.035571e+00 1.038079e+00 1.100680e+00 1.132697e+00 1.195608e+00 
82 1149 1.979274e-01 1.197687e+00 8.682376e-01 8.682376e-01 8.713742e-01 8.736011e-01 8.765225e-01 8.802098e-01 8.845559e-01 8.923854e-01 8.991112e-01 8.995946e-01 9.055050e-01 9.088214e-01 9.097779e-01 9.166453e-01 9.178460e-01 9.206754e-01 9.297306e-01 9.316540e-01 9.358282e-01 9.401284e-01 9.435324e-01 9.509597e-01 9.564288e-01 9.618458e-01 9.702477e-01 9.772748e-01 9.821714e-01 9.940565e-01 1.016332e+00 1.023864e+00 1.034722e+00 1.036770e+00 1.100142e+00 1.130334e+00 1.197687e+00 
83 1163 2.661721e-01 1.199774e+00 8.676400e-01 8.676400e-01 8.704884e-01 8.719461e-01 8.748640e-01 8.790886e-01 8.845564e-01 8.931219e-01 8.968578e-01 8.980186e-01 9.039801e-01 9.074138e-01 9.083495e-01 9.156784e-01 9.159241e-01 9.185214e-01 9.287396e-01 9.312481e-01 9.347788e-01 9.387520e-01 9.417897e-01 9.494164e-01 9.547404e-01 9.625402e-01 9.695355e-01 9.765039e-01 9.840075e-01 9.948034e-01 1.016151e+00 1.024839e+00 1.035114e+00 1.038046e+00 1.099719e+00 1.129208e+00 1.199774e+00 
