%  columns="iteration, evaluation, fitness, void, void, xrecentbest" (startseed=211500, 2023/08/22 23:39:0.01)
1 15  1.000000000000000000e+05 0 0 6.382457e-01 8.062269e-01 7.785186e-01 8.483168e-01 5.407203e-01 6.810054e-01 6.941096e-01 5.170654e-02 8.288175e-01 9.199870e-01 4.751179e-01 2.960050e-01 1.108520e+00 5.386386e-01 4.742478e-01 7.642331e-01 1.076753e+00 4.981653e-01 4.763030e-01 3.325284e-01 9.316552e-01 9.069118e-02 2.434046e-01 3.651893e-01 8.040770e-01 6.827655e-01 5.876695e-01 -6.700149e-02 2.696199e-01 7.470265e-01 1.085134e-01 -3.254199e-02 2.269069e-01 -6.828838e-01 
2 29  1.000000000000000000e+05 0 0 4.557606e-01 1.127241e+00 7.432235e-01 1.067374e+00 3.208209e-01 5.439966e-01 7.159680e-01 -7.695006e-01 1.543142e-02 1.405955e+00 4.891367e-01 8.527215e-02 1.179472e+00 4.208770e-01 3.136343e-01 9.504748e-01 1.387721e+00 8.025054e-01 1.223686e-01 8.930062e-02 1.092605e+00 1.840560e-01 4.273531e-01 5.425389e-01 2.535992e-01 9.531565e-01 1.130387e+00 3.217289e-01 1.409410e-01 1.529759e+00 1.958124e-01 4.721229e-02 6.891066e-01 -5.523619e-01 
3 43  1.000000000000000000e+05 0 0 5.950670e-01 4.861346e-01 8.348669e-01 9.841794e-01 1.725318e-01 8.338366e-01 1.110007e+00 4.981969e-01 9.628585e-01 7.789673e-01 3.230086e-01 5.351248e-01 1.632058e+00 4.562204e-01 1.621293e-01 2.285850e-01 9.232179e-01 2.759016e-01 3.411694e-01 7.468292e-02 6.369434e-01 3.517572e-01 -4.184690e-01 9.434793e-01 7.626304e-01 4.518426e-01 9.347731e-01 2.585989e-01 6.612580e-01 7.838154e-01 4.213376e-01 -4.709567e-01 2.269704e-01 -8.422363e-01 
4 57  1.000000000000000000e+05 0 0 -1.678941e-01 9.719529e-01 9.682014e-01 1.341701e+00 6.893912e-01 1.013066e+00 9.482098e-01 -1.998452e-01 5.862470e-01 1.140204e+00 5.169327e-01 7.207030e-01 1.534796e+00 1.051601e+00 6.405427e-01 -1.755261e-03 8.191798e-01 3.730907e-01 1.972879e-01 8.952593e-01 6.941618e-01 -1.897571e-01 7.918155e-01 4.767896e-01 5.747037e-01 2.563784e-01 6.315482e-01 1.110298e-01 -1.433111e-02 2.398830e-02 2.678649e-01 -1.091241e+00 5.617607e-01 -6.233951e-02 
5 71  1.000000000000000000e+05 0 0 1.536467e-01 4.238979e-01 1.356402e+00 7.866420e-01 4.536877e-01 1.336948e+00 2.225162e-01 -4.717995e-01 7.899072e-04 1.586199e+00 1.913357e-01 3.788530e-01 1.268301e+00 4.515977e-01 1.162956e+00 -8.868732e-02 5.814799e-01 5.941934e-01 -4.339398e-01 8.884341e-01 9.072229e-02 2.386250e-03 6.701372e-01 3.720346e-01 6.216029e-01 1.124189e+00 6.449339e-01 5.437607e-01 -1.084947e-01 6.208295e-01 6.398105e-01 -1.471730e-01 5.474739e-01 2.624582e-01 
6 85  1.000000000000000000e+05 0 0 2.051805e-01 1.323658e+00 7.698575e-01 6.375431e-01 -9.883861e-02 5.705789e-01 -4.595538e-01 -6.152149e-01 7.237313e-01 1.109729e+00 7.897893e-01 9.223520e-02 6.708863e-01 6.149212e-01 5.167125e-02 -9.073620e-02 1.232324e+00 1.052114e+00 -1.129739e-01 3.099156e-01 7.851978e-01 2.633941e-01 4.538871e-01 4.683704e-01 -2.427057e-02 9.072644e-01 6.760738e-01 4.439729e-01 8.183456e-01 4.655378e-01 1.151098e+00 6.221897e-01 1.071831e+00 -1.050576e-01 
7 99  1.000000000000000000e+05 0 0 3.662831e-01 7.718505e-01 6.115321e-01 6.839173e-01 1.643388e-01 6.113595e-01 -3.247935e-02 1.218526e-01 1.450898e-01 6.253718e-01 2.475709e-03 4.392750e-01 7.123472e-01 9.736837e-01 6.301349e-01 6.259919e-01 1.198361e-01 1.933119e-01 -1.538974e-01 2.015233e-01 9.601017e-01 1.238736e-01 6.086848e-01 -4.136183e-02 3.911316e-01 9.683269e-01 1.118796e+00 1.301505e-01 3.585611e-01 4.657935e-01 1.242140e+00 7.056721e-01 6.921709e-01 -2.017689e-01 
8 113  1.000000000000000000e+05 0 0 7.345156e-01 -1.116890e-01 2.940028e-01 7.652689e-01 9.111376e-01 7.776669e-01 6.363238e-01 -5.701971e-02 2.433373e-01 4.222637e-01 9.175367e-01 -8.165080e-02 5.645165e-01 4.808829e-01 2.093399e-01 9.094850e-01 -2.738715e-02 3.142346e-01 2.482268e-02 5.821812e-01 1.068721e+00 5.968226e-01 5.257641e-01 3.061144e-01 2.422350e-01 1.017389e+00 4.089571e-01 2.964107e-01 7.663379e-01 3.435865e-01 6.988950e-01 7.559631e-01 1.283398e+00 2.057810e-01 
9 127  1.000000000000000000e+05 0 0 2.645122e-01 8.964373e-01 4.933199e-01 4.732279e-01 3.646614e-01 7.795695e-01 4.923294e-01 2.503266e-01 3.283763e-01 4.139450e-01 7.673157e-01 5.432136e-01 8.534934e-01 1.080613e+00 2.351017e-01 5.730917e-01 6.135427e-01 8.762147e-01 4.163311e-01 4.873356e-01 1.219829e+00 -2.851471e-01 9.656474e-01 4.752069e-01 7.395317e-01 8.870299e-01 4.531987e-01 3.558980e-01 8.558015e-01 4.136981e-01 7.091417e-01 4.646570e-01 1.267171e+00 8.111171e-02 
10 141  1.000000000000000000e+05 0 0 6.336493e-01 5.784584e-01 8.561440e-01 7.356745e-01 7.571201e-01 1.174785e+00 6.860915e-01 -1.126428e-01 8.180145e-01 5.992612e-02 1.755621e-01 1.570601e-01 1.054928e+00 3.078576e-01 2.675244e-01 5.600740e-01 8.023618e-02 3.052285e-01 6.813349e-01 4.230699e-01 6.528476e-01 6.121375e-02 9.456992e-01 1.204944e-01 -6.484943e-02 3.408268e-01 5.944994e-01 6.386733e-01 3.376509e-01 2.134391e-01 9.326087e-01 4.958908e-01 1.475545e+00 6.915469e-01 
11 155  1.000000000000000000e+05 0 0 1.004852e+00 7.895057e-01 9.769973e-01 1.859378e-02 4.160993e-01 8.227965e-01 1.665795e-01 3.997608e-01 7.716584e-01 -3.274582e-01 4.076161e-01 8.128329e-01 1.052564e+00 1.021076e+00 9.199579e-02 4.075074e-01 3.077255e-01 9.175228e-01 4.035879e-01 1.042891e+00 6.049910e-01 -6.303787e-02 3.877009e-01 4.470116e-01 5.900603e-01 2.169671e-01 1.136229e+00 -6.706223e-03 3.489390e-01 2.338356e-01 6.376857e-01 5.784529e-02 5.716812e-01 3.173052e-01 
12 169  1.000000000000000000e+05 0 0 1.265077e+00 7.898378e-01 9.229158e-01 5.101575e-02 6.486213e-01 1.030130e+00 3.785010e-03 -2.458086e-01 1.243199e+00 4.956793e-01 7.354983e-02 5.470097e-01 9.953874e-01 1.401269e+00 2.886531e-01 5.572685e-01 1.109754e+00 1.521858e+00 -1.150148e-01 8.780533e-01 8.730912e-01 -8.050346e-03 2.216996e-01 1.181737e-03 1.556817e+00 3.580307e-01 7.006730e-01 3.065966e-01 9.372136e-01 -1.193231e-01 2.937388e-01 9.905467e-01 9.221503e-01 6.994343e-01 
13 183  1.000000000000000000e+05 0 0 1.276471e+00 4.593237e-01 1.312280e+00 -3.121792e-01 7.142692e-01 1.139180e+00 -2.102159e-01 2.238142e-01 8.540094e-01 -2.351371e-01 1.213501e+00 3.074807e-01 1.303421e+00 1.428462e+00 4.460927e-02 6.002226e-01 6.695685e-01 5.600422e-01 -3.024189e-01 4.502196e-01 1.033906e+00 -7.939945e-01 9.605360e-01 -1.047768e-01 9.926956e-01 1.139717e-01 4.593445e-01 5.238009e-01 5.188746e-01 6.433500e-01 8.775013e-01 4.775646e-01 9.970861e-01 8.885184e-01 
14 197  1.000000000000000000e+05 0 0 1.242107e+00 1.175304e+00 9.211920e-01 5.823492e-02 -4.268109e-02 3.107740e-01 2.689593e-01 2.529948e-01 1.041235e+00 -9.862835e-02 6.681493e-01 4.190746e-01 4.698558e-01 5.074025e-01 9.323808e-03 1.243217e+00 9.273487e-01 2.271006e-01 -1.285375e-01 5.503977e-01 1.075503e+00 -7.330710e-02 5.665467e-01 -1.388979e-03 6.297759e-01 3.676931e-01 8.137743e-01 -2.730200e-01 6.183167e-01 7.191368e-01 3.976559e-01 2.191482e-01 9.890634e-01 9.488131e-01 
15 211  1.000000000000000000e+05 0 0 1.225305e+00 1.262112e+00 5.225529e-01 1.242367e-01 3.969567e-01 7.291332e-01 1.353258e-01 1.198557e-01 6.263709e-01 5.799138e-02 7.831715e-01 3.342827e-01 1.071083e+00 1.047200e+00 4.284949e-01 4.703032e-01 5.549785e-01 5.372107e-01 -3.141640e-02 6.554208e-01 9.784592e-01 4.568235e-01 7.851818e-01 1.269777e-01 5.641369e-01 6.537633e-01 5.187479e-01 -1.722629e-01 5.015725e-01 4.921036e-01 3.289173e-01 5.734036e-01 5.172138e-01 6.131292e-01 
16 225  1.000000000000000000e+05 0 0 8.667132e-01 1.120684e+00 2.853256e-01 1.451732e-01 8.945916e-01 9.454002e-01 5.438705e-01 1.411638e-01 5.995563e-01 4.866643e-01 7.438003e-01 5.597903e-01 8.796829e-01 1.020657e+00 1.847915e-01 5.412762e-01 7.854632e-01 7.905695e-01 2.076533e-01 4.578614e-01 9.775580e-01 1.405189e-01 5.723006e-01 7.989102e-02 4.186977e-01 6.673081e-01 6.181445e-01 8.642258e-03 6.967931e-02 5.424451e-01 -1.258596e-01 7.204486e-01 4.236470e-01 1.007778e+00 
17 239  1.000000000000000000e+05 0 0 9.563757e-01 1.073960e+00 4.928362e-01 2.499879e-01 4.259450e-01 6.961120e-01 2.875742e-01 3.695854e-01 7.351299e-01 6.947157e-01 7.139007e-01 6.189475e-01 1.436721e+00 7.342847e-01 2.197097e-01 7.493355e-01 7.558572e-01 6.713281e-01 3.180915e-01 9.469061e-01 8.212816e-01 7.126452e-02 8.383177e-01 -1.370253e-01 1.070818e-01 6.295443e-01 8.459612e-01 -4.199949e-02 5.694479e-01 4.724795e-01 3.240701e-01 6.249857e-01 3.303509e-01 5.944350e-01 
18 253  1.000000000000000000e+05 0 0 1.156662e+00 8.377662e-01 4.423319e-01 -2.250125e-01 5.298544e-01 6.091723e-01 5.126425e-01 3.772430e-01 8.578387e-01 2.041462e-01 6.088629e-01 4.938318e-01 7.994794e-01 5.841663e-01 9.139852e-02 9.985390e-01 1.011622e+00 7.480792e-01 4.082218e-01 9.422361e-05 8.837302e-01 4.782953e-01 6.450024e-01 2.258999e-01 4.370960e-01 3.273297e-01 7.580095e-01 1.362564e-02 5.229412e-01 4.848754e-01 3.440423e-01 7.273781e-01 3.605252e-01 6.275776e-01 
19 267  1.000000000000000000e+05 0 0 8.490956e-01 1.069946e+00 4.199017e-01 -1.541981e-01 5.053277e-01 9.377774e-01 5.309979e-01 4.694365e-02 5.524059e-01 8.825604e-02 1.063090e+00 3.705190e-01 1.116939e+00 7.338647e-01 3.937161e-01 7.189822e-01 7.429454e-01 7.580629e-01 3.800036e-01 3.302503e-01 6.074201e-01 4.109867e-02 7.252006e-01 2.024791e-01 3.900356e-01 -1.654042e-01 7.269698e-01 -7.533866e-02 2.471203e-01 1.878333e-01 5.140522e-01 7.988133e-01 7.033281e-01 6.513687e-01 
20 281  1.000000000000000000e+05 0 0 7.101812e-01 7.059459e-01 7.972644e-02 2.553204e-01 2.756994e-01 4.146344e-01 5.428263e-01 2.765978e-01 1.186093e+00 6.139890e-02 8.846479e-01 2.218105e-01 9.668984e-01 6.123065e-01 1.615967e-01 6.475551e-01 9.341527e-01 7.612137e-01 1.007929e-01 1.088257e+00 9.477290e-01 3.418674e-01 5.975701e-01 7.192874e-01 5.291631e-01 4.048795e-01 6.468986e-01 4.250599e-01 6.654189e-01 3.131890e-01 3.155912e-02 6.712239e-01 7.800162e-01 9.594762e-01 
21 295  1.000000000000000000e+05 0 0 1.061020e+00 5.422605e-01 2.131579e-01 4.244932e-01 2.150122e-01 4.897691e-01 7.647822e-01 -2.584650e-02 7.183399e-01 7.433901e-02 9.434129e-01 4.757389e-01 8.189841e-01 3.455226e-01 5.019507e-01 1.217311e+00 7.333448e-01 2.956210e-01 -2.440365e-01 7.938698e-01 9.126892e-01 -3.496055e-02 5.477555e-01 -1.458165e-01 8.211466e-01 8.186869e-01 6.815482e-01 3.902460e-02 1.707870e-01 6.014777e-01 1.173998e-01 1.461125e-02 8.439824e-01 7.585118e-01 
22 309  1.000000000000000000e+05 0 0 1.276305e+00 3.546174e-01 -1.005933e-01 2.871811e-01 7.024097e-01 8.655914e-01 6.599344e-01 -7.440135e-02 1.042729e+00 -1.621076e-01 7.207142e-01 6.155965e-01 4.959886e-01 3.215043e-01 -7.391239e-03 9.323250e-01 7.024043e-01 5.571887e-01 1.918126e-01 1.252419e+00 4.564797e-01 -4.660010e-02 6.677799e-01 5.410184e-01 5.732510e-01 4.531387e-01 5.676874e-01 2.129489e-01 2.467385e-01 3.289454e-01 5.080993e-01 6.026553e-01 5.015307e-01 5.131377e-01 
23 323  1.000000000000000000e+05 0 0 1.046127e+00 1.073605e+00 5.607552e-01 1.851069e-01 5.475831e-01 4.938662e-01 3.623677e-01 -1.328822e-01 6.378864e-01 1.630721e-01 5.172030e-01 4.833320e-01 6.565951e-01 5.402581e-01 -5.045099e-02 8.126007e-01 6.494239e-01 4.944709e-02 4.638866e-01 7.437926e-01 8.302831e-01 5.817549e-01 3.014251e-01 -5.233291e-02 5.273363e-01 6.539831e-01 6.612791e-01 5.443083e-01 3.552420e-01 4.477580e-01 3.517397e-01 7.354724e-01 8.678574e-01 6.025835e-01 
24 337  1.000000000000000000e+05 0 0 7.838344e-01 1.038892e+00 4.017966e-01 4.691480e-01 4.253880e-01 4.941639e-01 5.351737e-01 9.341013e-02 4.608347e-01 3.030762e-01 7.230945e-01 4.728294e-01 8.549623e-01 6.730122e-01 1.049548e-01 6.576816e-01 5.634726e-01 5.430316e-01 1.053914e-01 7.725725e-01 8.928108e-01 5.114585e-01 9.835548e-01 3.214529e-01 7.417047e-01 5.341861e-01 6.503771e-01 2.447005e-02 6.194322e-01 2.976053e-01 2.201115e-01 7.405156e-01 5.071994e-01 5.793047e-01 
25 351  2.726568386604000125e+02 0 0 9.892965e-01 1.170302e+00 6.023303e-01 3.962141e-01 7.114271e-01 5.925054e-01 7.751425e-01 5.083956e-01 7.148304e-01 1.235750e-01 8.849866e-01 7.737569e-01 7.822796e-01 7.449309e-01 4.747622e-01 5.268850e-01 1.864012e-01 2.588153e-01 5.485198e-01 7.644960e-01 4.500106e-01 6.434409e-01 1.041242e+00 1.794500e-02 5.295782e-01 3.958183e-01 7.221704e-01 3.547220e-01 3.460406e-01 2.827465e-01 1.555960e-01 8.176136e-01 2.817382e-01 6.856997e-01 
26 365  1.000000000000000000e+05 0 0 8.162702e-01 9.349508e-01 1.193829e-01 4.963565e-01 1.723440e-01 3.690268e-01 6.782953e-01 4.199544e-01 5.350539e-01 4.674485e-01 6.722590e-01 9.948873e-01 6.772930e-01 1.055928e+00 2.638872e-01 4.743900e-01 3.952987e-01 7.525249e-01 6.182178e-01 5.854835e-01 7.473459e-01 9.357219e-01 1.034476e+00 2.662397e-01 7.102855e-01 4.806886e-01 8.791631e-01 9.905916e-03 6.044381e-01 7.861112e-02 -2.607301e-02 8.602335e-01 6.624637e-01 6.880011e-01 
27 379  1.000000000000000000e+05 0 0 6.662726e-01 6.719418e-01 1.327392e-01 5.258430e-01 6.615991e-02 6.502604e-01 9.856086e-01 2.800977e-01 8.235657e-01 2.644182e-01 3.938492e-01 7.554618e-01 4.062818e-01 6.356832e-01 2.799235e-01 6.063015e-01 2.166593e-01 5.590855e-01 5.642301e-01 7.236257e-01 8.565645e-01 8.296656e-01 5.872415e-01 2.674850e-01 7.280879e-01 9.707771e-01 5.695248e-01 2.845200e-01 4.264213e-01 5.821794e-01 -1.355875e-03 7.369819e-01 4.308872e-01 6.237462e-01 
28 393  1.000000000000000000e+05 0 0 5.572249e-01 5.064285e-01 4.072867e-02 4.213253e-01 1.720295e-01 7.023151e-01 8.808520e-01 1.290896e-01 6.465731e-01 1.190317e-01 6.545587e-01 1.027370e+00 6.658849e-01 4.543177e-01 4.637355e-01 3.592526e-01 2.519655e-01 1.022049e-01 7.403984e-01 8.937999e-01 7.202514e-01 6.390515e-01 6.103688e-01 2.960462e-01 9.019732e-01 7.849157e-01 5.999140e-01 3.634480e-01 3.416657e-01 1.130872e-01 1.626637e-01 8.252602e-01 6.598293e-01 6.506626e-01 
29 407  1.000000000000000000e+05 0 0 9.332408e-01 3.423821e-01 1.913891e-01 5.465604e-01 3.404144e-01 6.467172e-01 3.898105e-01 3.465180e-01 5.583247e-01 2.588755e-01 4.217958e-01 6.828665e-01 2.600846e-01 6.149424e-01 6.401837e-01 6.470982e-01 4.332440e-01 7.348752e-01 4.416663e-01 6.740954e-01 7.978249e-01 6.938151e-01 7.379466e-01 3.997652e-01 4.411192e-01 1.132833e+00 8.338408e-01 2.548956e-01 3.213792e-01 3.150599e-01 -1.612574e-01 7.475656e-01 3.490082e-01 5.649126e-01 
30 421  1.000000000000000000e+05 0 0 9.520327e-01 1.054159e+00 3.376349e-01 3.809346e-01 5.280627e-01 8.781206e-01 6.075376e-01 5.019520e-01 9.371954e-01 1.859178e-01 2.760907e-01 1.986854e-01 4.506900e-01 5.597246e-01 1.178481e-01 2.336555e-01 1.854440e-01 5.951183e-01 5.588968e-01 7.668780e-01 5.751490e-01 6.429220e-01 5.363560e-01 3.627219e-01 8.782870e-01 6.048602e-01 6.024139e-01 2.914494e-01 7.162944e-02 6.060338e-01 1.409951e-01 1.095018e+00 5.508780e-01 4.992421e-01 
31 435  1.000000000000000000e+05 0 0 9.045984e-01 6.042199e-01 3.094676e-01 1.802839e-01 5.206253e-01 7.333921e-01 3.586819e-01 3.515578e-01 9.617242e-01 1.692972e-01 5.285913e-01 8.908470e-01 4.488059e-01 7.037483e-01 2.379696e-01 4.491252e-01 2.994075e-01 4.534728e-01 6.672537e-01 5.080124e-01 5.906250e-01 8.084962e-01 2.356921e-01 3.563338e-01 9.088569e-01 8.014300e-01 9.546526e-01 3.238927e-01 3.291421e-01 5.312075e-01 2.467397e-01 8.875806e-01 8.127264e-01 6.995452e-01 
32 449  1.000000000000000000e+05 0 0 8.842142e-01 4.282063e-01 2.156124e-01 1.162388e-01 1.842337e-01 3.527237e-01 5.263801e-01 1.829832e-01 6.920125e-01 4.155542e-01 5.364258e-01 8.045418e-01 4.206867e-01 5.323785e-01 5.898009e-01 3.633296e-01 5.267950e-01 2.831213e-01 7.121255e-01 1.439038e-01 3.979204e-01 5.537024e-01 3.031276e-01 4.048543e-01 5.712624e-01 9.417199e-01 7.409862e-01 2.581616e-01 -2.247492e-02 4.926637e-01 1.379585e-01 9.521489e-01 1.034255e+00 8.262725e-01 
33 463  1.000000000000000000e+05 0 0 6.781822e-01 8.010410e-01 2.687965e-01 5.629850e-01 1.121625e-01 7.478851e-01 6.200078e-01 2.008825e-01 7.545616e-01 6.112015e-01 1.464608e-01 7.455479e-01 2.290067e-01 6.135461e-01 3.579032e-01 6.670729e-01 7.342911e-02 5.040777e-01 5.280933e-01 2.819668e-01 7.968655e-01 5.002332e-01 3.288321e-01 4.184656e-01 6.977032e-01 6.516463e-01 1.060437e+00 2.865794e-01 5.659220e-02 3.736702e-01 2.786971e-01 4.622469e-01 7.611535e-01 5.892397e-01 
34 477  1.000000000000000000e+05 0 0 6.649894e-01 5.439032e-01 2.051028e-01 1.812589e-01 2.813542e-01 8.204139e-01 4.730727e-01 7.093609e-02 6.432956e-01 1.581406e-01 4.567034e-01 6.475950e-01 1.627377e-01 6.809548e-01 4.151453e-01 4.688579e-01 3.075492e-01 7.894809e-01 3.647437e-01 5.612702e-01 5.056024e-01 6.513408e-01 4.734460e-01 2.480528e-01 8.247377e-01 5.664403e-01 4.819391e-01 3.669142e-01 1.377504e-02 7.440582e-02 3.731631e-01 8.768000e-01 9.283380e-01 7.361695e-01 
35 491  1.000000000000000000e+05 0 0 7.015554e-01 3.936947e-01 4.306645e-01 1.553021e-01 2.125330e-01 7.710700e-01 4.481717e-01 -1.235752e-01 6.876182e-01 3.421816e-01 6.136387e-01 6.609903e-01 2.489394e-01 5.044151e-01 7.183423e-01 7.183136e-01 1.533694e-01 5.746782e-01 6.579139e-01 3.341042e-01 7.051855e-01 8.982858e-01 4.027225e-01 -2.499703e-02 7.163275e-01 4.518908e-01 6.534627e-01 2.405963e-01 1.706889e-01 -1.016419e-02 3.484511e-01 1.208068e+00 4.737987e-01 8.053720e-01 
36 505  1.000000000000000000e+05 0 0 7.542554e-01 5.116699e-01 3.590748e-01 2.803537e-01 4.787976e-01 5.745137e-01 9.996779e-02 1.902569e-01 6.200164e-01 1.010084e-01 3.642376e-01 6.610277e-01 1.694224e-01 9.432576e-01 -9.784010e-02 7.098314e-01 3.085372e-01 5.465391e-01 3.176284e-01 4.053124e-01 9.353404e-01 7.180617e-01 4.346984e-01 7.949861e-01 7.416414e-01 7.030889e-01 7.299275e-01 2.952422e-01 1.768915e-01 3.125696e-02 4.340767e-01 7.202328e-01 9.684562e-01 7.098591e-01 
37 519  1.000000000000000000e+05 0 0 9.447571e-01 1.988225e-01 3.533681e-01 3.209985e-01 2.526385e-01 7.680754e-01 5.626540e-01 3.360518e-01 4.139213e-01 -4.548294e-02 4.384321e-01 7.207430e-01 2.534928e-01 8.196778e-01 6.467439e-01 5.759787e-01 9.718276e-02 4.926527e-01 3.899952e-01 2.861993e-01 6.106097e-01 1.104651e+00 4.482924e-01 8.358754e-02 5.094404e-01 8.607554e-01 5.227276e-01 4.341352e-01 9.965439e-02 9.164501e-02 2.830513e-01 6.028511e-01 3.492018e-01 7.642033e-01 
38 533  1.000000000000000000e+05 0 0 9.703819e-01 4.309328e-01 -2.685420e-02 1.783753e-01 6.020626e-01 3.643323e-01 1.132420e+00 -1.301948e-01 8.438504e-01 -4.968215e-01 6.065777e-01 1.207839e+00 6.489457e-01 8.868153e-01 2.181161e-01 3.461901e-01 9.313292e-02 7.672894e-01 5.807976e-01 4.470004e-01 8.377696e-01 3.965197e-01 3.672037e-01 2.389357e-01 6.561652e-01 4.902760e-01 6.105828e-01 4.184128e-01 5.509087e-02 2.225385e-01 1.212853e-01 8.652662e-01 8.525879e-01 7.394607e-01 
39 547  1.000000000000000000e+05 0 0 1.179052e+00 6.375585e-01 1.276650e-01 4.741232e-01 3.915899e-01 4.720373e-01 7.458329e-01 3.719941e-01 8.258956e-01 2.035328e-01 3.082823e-01 4.542932e-01 5.245945e-02 1.002944e+00 4.086263e-01 1.869204e-01 -6.449904e-02 6.647286e-01 6.042166e-01 2.032148e-01 6.663758e-01 5.753540e-01 1.203796e-01 4.036037e-01 6.214920e-01 6.478988e-01 2.711628e-01 4.063699e-01 2.973985e-01 1.156795e-01 4.568539e-01 6.757731e-01 4.749763e-01 6.170949e-01 
40 561  1.000000000000000000e+05 0 0 9.224377e-01 7.897685e-01 2.457332e-01 4.357026e-01 2.171656e-01 7.273124e-01 9.352030e-01 2.020627e-01 8.910894e-01 3.727507e-01 1.130213e-01 5.627610e-01 3.626971e-01 9.454649e-01 6.414262e-01 4.629181e-01 -2.850442e-02 7.962527e-01 8.003438e-01 4.170649e-01 9.079133e-01 9.349931e-01 4.771292e-01 9.090278e-02 6.529175e-01 5.542847e-01 5.152822e-01 1.518441e-01 4.174260e-01 2.524141e-01 1.670846e-01 4.510481e-01 5.211537e-01 5.605115e-01 
41 575  1.000000000000000000e+05 0 0 8.899634e-01 5.116916e-01 2.800315e-01 6.470503e-01 2.747880e-01 4.522331e-01 8.042542e-01 -1.503721e-02 5.512764e-01 3.621442e-01 2.539949e-01 6.250935e-01 3.450991e-01 1.012740e+00 2.174283e-01 4.555734e-01 2.592399e-01 6.735631e-01 6.230233e-01 5.960187e-01 5.407559e-01 8.084843e-01 1.479090e-01 -2.465151e-01 5.989434e-01 5.066157e-01 3.897475e-01 4.942445e-01 4.231943e-01 5.403450e-01 6.171961e-01 6.055637e-01 7.077406e-01 4.834423e-01 
42 589  1.000000000000000000e+05 0 0 9.694866e-01 7.701386e-01 4.782879e-01 7.056591e-01 2.589282e-02 6.275610e-01 9.847299e-01 2.108358e-02 7.243099e-01 1.672402e-01 1.011073e-01 5.565017e-01 3.140458e-01 1.174135e+00 5.094270e-01 2.758298e-01 1.424756e-01 5.296737e-01 7.823882e-01 4.920419e-01 6.643510e-01 8.374830e-01 5.279805e-01 -1.694923e-02 7.197276e-01 7.125025e-01 3.813542e-01 3.290255e-01 2.433173e-01 4.615514e-01 4.595014e-01 7.823108e-01 5.460823e-01 4.516582e-01 
43 603  1.000000000000000000e+05 0 0 1.043898e+00 8.712607e-01 2.364129e-01 2.910628e-01 1.844214e-01 5.756471e-01 8.643852e-01 2.955868e-01 3.373682e-01 4.815288e-01 7.573832e-01 7.110838e-01 1.896622e-01 9.566395e-01 7.918218e-01 4.961142e-01 6.345926e-02 7.580472e-01 8.442996e-01 4.108867e-01 5.190433e-01 8.864003e-01 1.767884e-01 2.860231e-01 5.281655e-01 3.847951e-01 5.319360e-01 2.376831e-01 1.212165e-01 7.020990e-01 4.991793e-01 5.881242e-01 4.193896e-01 9.372295e-01 
44 617  1.000000000000000000e+05 0 0 8.099255e-01 7.763960e-01 2.035943e-01 5.470115e-01 1.649615e-01 4.463990e-01 7.317806e-01 9.464036e-02 6.472691e-02 1.988286e-01 4.232426e-01 8.546803e-01 5.164608e-01 7.383656e-01 6.135583e-01 2.948473e-01 -5.731795e-02 8.608774e-01 5.112029e-01 3.904482e-01 8.515150e-01 6.488337e-01 2.379166e-01 3.097497e-01 1.395288e-01 3.588017e-01 5.224156e-01 4.153071e-01 3.929447e-01 8.452625e-01 2.653633e-01 5.132815e-01 3.788648e-01 3.016894e-01 
45 631  1.000000000000000000e+05 0 0 9.418439e-01 8.506377e-01 4.701560e-01 5.812758e-01 1.812311e-01 6.343939e-01 5.202243e-01 2.940919e-01 4.083774e-01 5.243060e-01 8.510205e-02 7.701018e-01 4.080687e-01 5.541452e-01 4.244386e-01 2.968030e-01 3.083429e-01 4.746816e-01 8.761015e-01 4.370438e-01 8.453265e-01 8.794395e-01 4.722150e-01 9.905673e-02 4.005740e-01 6.529561e-01 6.746875e-01 4.831504e-01 3.425045e-02 8.252267e-01 6.191567e-01 9.828837e-01 5.608537e-01 4.690360e-01 
46 645  1.000000000000000000e+05 0 0 8.677640e-01 7.794777e-01 1.695823e-01 5.451810e-01 6.209964e-02 1.992039e-01 5.347653e-01 2.912051e-01 3.449509e-01 1.909082e-01 5.597897e-01 9.264418e-01 9.219970e-01 7.414841e-01 6.260262e-01 2.490037e-01 3.052054e-01 5.060613e-01 9.772937e-01 2.923938e-01 1.289213e+00 7.486504e-01 4.286484e-01 -3.931225e-02 4.720485e-02 6.496612e-01 5.319825e-01 1.979660e-01 7.382605e-03 7.153824e-01 3.515012e-01 9.471064e-01 1.301151e-01 4.679890e-01 
47 659  1.081592198296222477e+03 0 0 6.728232e-01 7.155714e-01 4.073811e-01 6.416803e-01 6.011793e-01 4.246733e-01 6.957488e-01 3.460473e-01 4.974858e-01 3.974765e-01 -2.203546e-01 8.712738e-01 6.807742e-01 3.154747e-01 2.552519e-01 2.404118e-01 3.440076e-01 6.609736e-01 9.694948e-01 1.998174e-01 5.396251e-01 7.794374e-01 7.129216e-01 3.535829e-01 5.310056e-01 8.879405e-01 6.062124e-01 4.532813e-01 2.980725e-01 7.151562e-01 6.374500e-01 1.004711e+00 4.510990e-01 3.841546e-01 
48 673  1.000000000000000000e+05 0 0 4.177326e-01 8.392228e-01 4.278019e-02 9.403525e-01 2.793262e-01 8.184541e-01 8.693065e-01 4.875421e-02 4.978568e-01 5.464106e-01 -2.852805e-01 7.057421e-01 3.889533e-01 3.201590e-01 3.795261e-01 1.758392e-01 -4.914415e-02 9.674817e-01 6.090213e-01 1.195589e-01 5.086774e-01 8.311641e-01 2.867104e-01 3.502795e-01 3.172573e-01 6.884792e-01 5.214134e-01 3.023057e-01 3.072129e-01 5.171979e-01 4.212701e-01 6.606029e-01 9.469119e-01 5.487586e-01 
49 687  1.000000000000000000e+05 0 0 5.250993e-01 6.081598e-01 5.985024e-01 5.100592e-01 2.244819e-01 4.404538e-01 3.168230e-01 5.689871e-02 5.787943e-01 8.534010e-01 1.934847e-01 1.047500e+00 4.933450e-01 7.476763e-01 3.048290e-01 -9.035255e-02 -2.270511e-02 3.738977e-01 2.954074e-01 6.360455e-01 9.696529e-01 6.587535e-01 8.333780e-01 1.650737e-01 2.569314e-01 4.630135e-01 6.654032e-01 2.008377e-01 1.934962e-01 1.136583e+00 4.901083e-01 7.795643e-01 6.675979e-01 5.421823e-01 
50 701  1.000000000000000000e+05 0 0 1.431447e-01 1.181505e+00 5.328341e-01 9.841763e-01 6.278932e-02 5.614770e-01 4.200438e-01 3.612160e-01 8.715433e-01 8.831213e-01 -1.264925e-01 6.831906e-01 3.373221e-01 8.604938e-01 1.938041e-01 2.957479e-01 3.076601e-01 4.792543e-01 2.055247e-01 4.774535e-01 8.643221e-01 7.899139e-01 4.249305e-01 8.601386e-02 6.136268e-01 3.440790e-01 7.573011e-01 4.929384e-01 6.372816e-01 5.806068e-01 3.386814e-01 8.106634e-01 7.647427e-01 3.687181e-01 
51 715  1.000000000000000000e+05 0 0 1.654864e-01 4.235048e-01 1.033235e+00 8.194204e-01 -1.202169e-01 7.779771e-01 5.433764e-01 5.027343e-02 6.298907e-01 7.217712e-01 3.445233e-01 8.021550e-01 3.167201e-01 1.273906e-01 1.003755e-01 2.532730e-01 6.404838e-02 3.567801e-01 6.515697e-01 2.873319e-01 4.969505e-01 7.371964e-01 5.376999e-01 -1.022853e-01 6.592454e-01 6.390852e-01 6.155337e-01 8.527867e-02 3.620433e-01 8.008833e-01 4.865875e-01 1.001398e+00 7.268232e-01 7.145268e-01 
52 729  1.000000000000000000e+05 0 0 4.000501e-01 8.005878e-01 5.404389e-01 4.550750e-01 -9.691263e-02 2.201471e-01 4.243290e-01 3.337050e-01 7.131206e-01 3.493636e-01 5.908342e-01 5.146853e-01 3.401555e-01 6.532270e-01 4.820928e-01 7.947325e-01 3.360862e-01 5.074321e-01 3.413043e-01 4.526663e-01 9.714811e-01 7.118017e-01 3.700540e-01 -1.907631e-01 4.218384e-01 6.803847e-01 8.115180e-01 3.214416e-01 5.831309e-01 8.801075e-01 3.629331e-01 4.711963e-01 6.455329e-01 7.355842e-01 
53 743  1.000000000000000000e+05 0 0 4.118043e-01 4.507295e-01 4.913821e-01 2.834804e-01 1.582308e-01 2.279438e-01 7.457073e-01 1.157140e-01 3.463813e-01 9.201379e-01 4.521483e-04 7.788165e-01 5.938191e-01 4.435787e-01 1.398581e-01 2.156829e-01 -6.350640e-02 2.080297e-01 4.707920e-01 5.296628e-01 4.194992e-01 7.737228e-01 7.578036e-02 5.844178e-01 3.382407e-01 5.084757e-01 5.268019e-01 4.830508e-01 3.636247e-01 9.109585e-01 8.758943e-01 8.902116e-01 5.653597e-01 6.089297e-01 
54 757  1.000000000000000000e+05 0 0 4.292691e-01 8.487252e-01 6.038982e-01 2.799431e-01 -1.453544e-01 5.712020e-01 6.854218e-01 2.784893e-01 1.151752e+00 6.081031e-01 4.735209e-01 5.283880e-01 5.530752e-01 6.112484e-01 3.090070e-01 4.770411e-01 1.953699e-01 3.789130e-01 3.626372e-01 9.283819e-01 7.939592e-01 3.342061e-01 1.221022e-01 4.034999e-01 4.063274e-01 3.462311e-01 5.317133e-01 4.567749e-01 6.829567e-01 9.158841e-01 4.053467e-01 6.325991e-01 6.191475e-01 7.852893e-01 
55 771  1.000000000000000000e+05 0 0 3.583246e-01 8.749156e-01 2.592029e-01 1.867228e-01 3.062346e-01 6.759265e-01 9.639647e-01 2.015652e-01 5.827776e-01 6.873492e-01 7.070062e-01 9.690112e-01 7.133825e-01 4.174716e-01 5.681066e-02 5.663923e-01 1.451439e-01 4.844202e-01 5.964388e-01 7.133291e-01 5.755032e-01 6.417848e-01 3.090409e-01 1.879050e-01 7.609679e-01 2.614533e-01 6.295789e-01 5.110903e-01 6.245871e-01 3.404626e-01 1.046241e-01 6.068819e-01 3.918323e-01 5.348545e-01 
56 785  1.000000000000000000e+05 0 0 1.835819e-01 1.045793e+00 1.405042e-01 1.422160e-02 2.638114e-01 6.285341e-01 9.449419e-01 3.103318e-01 7.311370e-01 9.321031e-01 3.976099e-01 8.488862e-01 9.421270e-01 1.574454e-01 4.745827e-01 4.523730e-01 2.787169e-01 1.844003e-01 2.556660e-01 8.211136e-01 5.647492e-01 5.579745e-01 -2.275870e-01 1.542601e-01 3.172885e-01 6.859158e-02 9.745548e-01 5.769783e-01 4.124274e-01 5.489116e-01 3.124265e-01 8.835197e-01 8.078204e-01 3.032619e-01 
57 799  1.000000000000000000e+05 0 0 6.275707e-01 8.284877e-01 2.187783e-01 6.326887e-01 1.969945e-01 9.500858e-01 4.023060e-01 -1.157109e-01 4.493995e-01 5.224847e-01 5.125869e-01 8.342379e-01 6.929817e-01 4.372499e-01 4.292517e-01 3.132223e-01 5.460561e-02 4.179452e-01 5.064323e-01 2.952973e-01 7.320337e-01 6.626558e-01 2.101089e-01 4.931799e-01 2.077709e-01 5.124826e-01 6.600467e-01 6.180557e-01 6.715468e-01 2.885311e-01 4.254416e-01 5.434799e-01 3.674107e-01 6.066331e-01 
58 813  1.000000000000000000e+05 0 0 7.195534e-01 8.905156e-01 -1.324961e-01 2.516972e-01 3.264766e-01 6.399901e-01 6.378861e-01 2.368478e-01 6.559602e-01 6.248495e-01 2.842006e-01 6.220208e-01 9.546920e-01 3.604945e-01 8.337462e-01 3.437771e-01 3.187389e-01 7.221951e-01 4.346342e-01 9.582959e-01 3.739065e-01 7.318416e-01 3.012143e-01 2.287375e-02 1.895414e-01 2.490937e-01 4.797407e-01 5.674793e-01 4.723579e-01 6.988730e-01 1.654774e-01 7.324252e-01 4.629034e-01 1.731515e-01 
59 827  1.000000000000000000e+05 0 0 6.583213e-01 7.670339e-01 3.131179e-01 3.605168e-01 6.538170e-01 6.321443e-01 4.888541e-01 -9.074080e-02 3.849161e-01 5.608682e-01 1.753233e-01 9.136933e-01 1.160021e+00 6.985744e-01 5.863626e-01 5.675020e-01 6.098581e-01 7.317348e-01 3.684068e-01 8.719638e-01 6.462179e-01 8.101964e-01 2.132382e-01 1.465135e-01 4.453534e-01 1.594575e-01 2.078658e-01 5.777468e-01 2.855629e-01 4.760160e-01 1.634384e-01 8.848763e-01 9.671279e-01 6.129510e-01 
60 841  1.000000000000000000e+05 0 0 9.966033e-01 6.918523e-01 3.194031e-01 6.306668e-01 5.952834e-01 9.794929e-01 7.235885e-01 1.967968e-01 6.133892e-01 5.133139e-01 1.516842e-01 9.329557e-01 3.926955e-01 7.896322e-01 4.065893e-01 3.462403e-01 3.210486e-01 4.175022e-01 6.853926e-01 4.022497e-01 3.760730e-01 6.519719e-01 -9.188946e-02 4.104056e-01 5.975573e-01 4.893326e-01 3.960206e-01 3.956551e-01 5.823931e-01 2.896079e-01 4.219157e-01 8.821371e-01 8.613297e-01 4.929339e-01 
61 855  1.000000000000000000e+05 0 0 4.710641e-01 7.846561e-01 3.269579e-01 4.914900e-01 4.132454e-01 7.993770e-01 8.598201e-01 5.404062e-01 6.946728e-01 7.281094e-01 3.967797e-01 7.786030e-01 5.965682e-01 1.960079e-01 5.307587e-01 2.654439e-01 2.961930e-03 5.174773e-01 4.031184e-01 3.562931e-01 4.907574e-01 8.349062e-01 9.453642e-02 3.621044e-01 5.599345e-01 5.202515e-01 6.137570e-01 7.934993e-01 6.342738e-01 6.148298e-01 2.895163e-01 1.125865e+00 8.177729e-01 4.867077e-01 
62 869  1.000000000000000000e+05 0 0 6.450007e-01 1.007263e+00 4.330323e-01 6.517290e-01 3.046847e-01 8.065766e-01 1.054264e+00 2.255052e-01 4.785341e-01 5.189055e-01 5.697408e-02 6.313756e-01 4.939731e-01 3.231286e-01 1.504720e-01 5.878427e-01 5.340899e-01 8.514724e-01 4.331296e-01 5.152142e-01 7.867833e-01 5.150092e-01 8.373971e-01 1.292141e-02 4.247801e-01 6.708360e-01 4.069620e-01 6.615070e-01 5.469878e-01 3.601646e-01 4.343973e-01 1.134916e+00 5.467966e-01 5.917344e-01 
63 883  1.000000000000000000e+05 0 0 5.671388e-01 1.136867e+00 5.284614e-01 6.504786e-01 8.891377e-01 6.678766e-01 8.137129e-01 7.298226e-02 -4.828938e-02 1.013568e+00 2.448800e-01 3.748638e-01 8.522995e-01 6.219485e-01 6.290341e-01 2.608687e-01 3.240558e-01 1.089242e+00 2.264802e-01 1.188584e+00 9.500314e-01 9.257508e-01 6.024757e-01 3.308899e-01 5.554952e-01 5.686738e-01 9.982341e-01 3.839012e-01 3.627069e-01 3.395248e-01 4.609647e-01 7.573496e-01 6.818305e-01 6.957124e-01 
64 897  1.000000000000000000e+05 0 0 3.153463e-01 4.799125e-01 4.208094e-01 2.549746e-01 4.707598e-01 5.148015e-01 7.160651e-01 3.274556e-01 1.736931e-01 8.092344e-01 -7.353678e-02 5.592253e-01 3.197244e-01 4.416932e-01 4.220141e-01 4.173963e-01 5.257976e-01 5.885391e-01 3.214747e-01 5.765146e-01 5.577950e-01 6.927730e-01 6.536178e-01 4.952828e-01 4.656949e-01 7.650343e-01 4.102861e-01 3.780248e-01 8.535844e-01 4.897830e-01 4.947112e-01 6.329768e-01 5.921113e-01 6.185882e-01 
65 911  1.000000000000000000e+05 0 0 7.915884e-01 3.328498e-01 3.661938e-01 3.333738e-01 -4.473337e-02 6.734035e-01 2.970779e-01 4.638458e-01 7.911967e-01 7.543994e-01 3.179172e-01 4.830466e-01 5.235155e-01 4.533958e-01 5.131063e-01 6.619865e-01 2.271125e-01 3.929838e-01 6.044433e-01 2.271996e-01 7.438468e-01 5.422265e-01 3.781201e-01 3.030982e-01 9.953351e-01 5.722129e-01 1.044946e-02 5.496554e-01 5.414519e-01 7.733643e-01 3.205517e-01 4.855202e-01 5.700713e-01 6.106303e-01 
66 925  1.000000000000000000e+05 0 0 3.869996e-01 8.118069e-01 3.326562e-01 1.949118e-01 6.123360e-01 6.807308e-01 1.010436e+00 3.400306e-01 5.582769e-01 4.940190e-01 8.310119e-02 6.966102e-01 9.466576e-01 3.791442e-01 5.157859e-01 3.337131e-01 4.480191e-01 9.767766e-01 4.010242e-01 5.044681e-01 8.795798e-01 7.348272e-01 7.670497e-01 4.159942e-01 2.709535e-01 5.885419e-01 3.881207e-01 6.289742e-01 9.578556e-01 4.998700e-01 7.308425e-01 4.734387e-01 5.281027e-01 1.059685e+00 
67 939  1.000000000000000000e+05 0 0 2.801322e-01 1.045938e+00 4.865207e-01 1.925083e-01 4.018361e-01 6.484665e-01 7.158857e-01 3.659282e-01 7.518127e-01 9.198593e-01 1.829610e-02 6.007486e-01 8.737193e-01 5.365702e-01 8.515419e-01 5.855054e-01 2.159082e-01 6.916930e-01 2.041530e-01 1.230825e-01 4.777004e-01 8.965925e-01 9.865894e-01 1.367300e-01 4.148821e-01 4.944663e-01 3.845311e-01 3.196006e-01 4.955075e-01 4.279292e-01 3.557799e-01 4.561251e-02 4.986662e-01 6.567509e-01 
68 953  1.000000000000000000e+05 0 0 6.457037e-01 5.119657e-01 5.617807e-01 2.875423e-01 2.380104e-01 7.599552e-01 4.371704e-01 3.579421e-01 6.859216e-01 7.865926e-01 1.307120e-01 4.118588e-01 5.240966e-01 6.085892e-01 4.281185e-01 1.019875e+00 2.489775e-01 3.904793e-01 7.602499e-01 3.109227e-01 7.571793e-01 9.179540e-01 9.003989e-01 4.465162e-01 7.592732e-01 9.533659e-01 3.374394e-01 3.033671e-01 6.081716e-01 7.109664e-01 4.201842e-02 2.151635e-01 4.031304e-01 7.327541e-01 
69 967  1.000000000000000000e+05 0 0 7.315817e-01 6.821208e-01 6.545271e-01 5.854827e-01 6.325644e-01 7.640424e-01 4.630677e-01 4.118672e-02 2.769377e-01 7.031264e-01 6.022353e-01 4.276289e-01 8.890267e-01 8.652976e-01 4.040174e-01 5.987197e-01 9.902579e-01 5.230215e-01 3.515288e-01 4.605728e-01 1.193242e-01 5.085756e-01 9.783199e-01 3.269723e-01 7.414033e-01 9.767470e-01 5.068557e-01 5.429215e-01 7.735077e-01 8.325896e-01 2.938149e-01 1.152025e-01 6.649912e-01 9.135470e-01 
70 981  1.000000000000000000e+05 0 0 7.234017e-01 1.289074e-01 1.836385e-01 2.111204e-01 5.947768e-02 2.801476e-01 1.021681e+00 5.196362e-01 4.140205e-01 2.232108e-01 5.052099e-01 3.076183e-01 2.712627e-01 4.691472e-01 3.253136e-01 8.742198e-01 5.313242e-01 9.390905e-01 4.516117e-01 2.965456e-01 2.716187e-01 3.712295e-01 2.490458e-01 4.549966e-01 4.930373e-01 1.294231e+00 -3.422270e-01 5.259522e-01 4.619837e-01 9.145861e-01 6.717504e-02 4.085210e-01 1.089055e+00 5.652461e-01 
71 995  1.000000000000000000e+05 0 0 5.845831e-01 6.929457e-01 5.766638e-01 8.914349e-01 4.370022e-01 3.707493e-01 8.481391e-01 1.159556e-01 4.652689e-01 1.007637e+00 5.455685e-01 5.815260e-01 1.117956e+00 2.362120e-01 -2.584202e-02 8.301060e-01 6.742870e-01 6.570126e-01 1.654004e-01 4.206384e-01 6.851570e-02 3.802415e-01 6.398944e-01 6.994365e-01 7.688174e-01 1.000996e+00 1.978837e-01 5.761910e-01 3.725016e-01 5.696673e-01 2.443766e-01 6.042690e-01 7.218873e-01 4.788261e-01 
72 1009  1.000000000000000000e+05 0 0 9.399069e-01 5.071492e-01 1.139263e+00 7.844066e-01 3.134944e-01 7.078878e-01 7.707421e-01 -2.444175e-01 6.933967e-01 9.407171e-01 2.899897e-01 6.003535e-01 5.871699e-01 7.226655e-01 1.182277e-01 9.078231e-01 1.003110e+00 2.989677e-01 2.325550e-01 2.386134e-01 6.181543e-01 3.251462e-01 9.135936e-01 -2.591714e-02 7.331360e-01 6.764677e-01 2.200630e-01 6.025199e-01 6.261591e-01 7.155763e-01 4.188026e-01 5.720890e-01 1.938271e-01 9.014997e-01 
73 1023  1.000000000000000000e+05 0 0 6.422366e-01 7.829167e-01 7.315219e-01 9.364521e-02 5.655163e-01 4.133334e-01 6.880267e-01 1.921594e-01 3.795331e-01 8.263059e-01 7.879047e-01 1.003432e+00 6.579702e-01 4.011670e-01 5.477686e-01 6.295633e-01 1.081015e+00 3.479826e-01 3.606490e-01 1.398082e-02 8.745345e-01 3.352385e-01 5.526989e-01 4.403078e-01 5.039600e-01 1.056626e+00 1.783851e-01 5.359091e-01 1.133831e-01 6.285583e-01 4.594661e-01 7.024287e-01 2.239417e-01 5.922350e-01 
74 1037  1.000000000000000000e+05 0 0 8.425483e-01 1.022141e+00 6.441904e-01 3.864551e-01 3.457129e-01 5.627706e-01 6.036869e-01 5.287265e-02 7.762499e-01 6.268056e-01 5.069407e-01 6.602917e-01 4.993959e-01 4.453230e-01 9.004036e-01 8.886815e-01 9.896116e-01 -7.902557e-02 2.936101e-01 1.775098e-02 6.474562e-01 7.307312e-01 9.505159e-01 6.995461e-01 6.133115e-01 9.824789e-01 -2.440201e-01 5.960175e-01 6.025631e-01 2.712668e-01 5.064248e-01 5.568011e-01 5.819523e-01 4.355837e-01 
75 1051  1.000000000000000000e+05 0 0 5.979214e-01 4.981806e-01 8.017060e-01 1.182351e-01 4.365429e-01 7.021917e-01 2.677477e-01 1.440079e-01 6.011114e-01 9.560962e-01 3.524341e-01 8.342957e-01 6.519103e-01 3.515466e-01 4.389286e-01 4.763865e-01 7.648751e-01 2.396784e-01 4.048822e-02 4.979223e-01 7.128340e-01 3.288637e-01 8.762286e-01 5.496860e-01 3.718830e-01 9.301800e-01 2.473902e-01 3.763612e-01 7.076922e-01 4.467750e-01 5.279654e-01 5.747801e-01 3.444460e-01 5.524450e-01 
76 1065  1.000000000000000000e+05 0 0 4.204095e-01 3.044953e-01 7.414226e-01 3.121390e-01 3.907442e-01 7.632861e-01 2.004047e-01 5.421279e-01 4.567633e-01 6.608246e-01 4.841184e-01 4.552011e-01 6.665452e-01 4.438014e-01 3.802329e-01 7.581141e-01 5.489694e-01 5.730636e-01 7.419326e-02 -6.415893e-02 6.703818e-01 3.539649e-01 7.035890e-01 2.613093e-01 4.983078e-01 1.089221e+00 3.793375e-01 8.879748e-01 6.472580e-01 4.533010e-01 6.031559e-01 8.334879e-01 4.999460e-01 2.421104e-01 
77 1079  1.000000000000000000e+05 0 0 7.115368e-01 4.867064e-01 8.299524e-01 3.721126e-01 6.582781e-01 9.603170e-01 6.744530e-01 2.030466e-01 8.622283e-01 7.039845e-01 1.229999e-01 7.809755e-01 8.287415e-01 3.197233e-01 8.714634e-01 6.025148e-01 9.533954e-01 6.632725e-01 1.180201e-01 5.626851e-01 6.243214e-01 3.814147e-01 3.464782e-01 4.107077e-01 5.917116e-01 8.862161e-01 4.396886e-01 5.348991e-01 5.749887e-01 3.398087e-01 4.294438e-01 8.361643e-01 4.499352e-01 2.422816e-01 
78 1093  1.000000000000000000e+05 0 0 4.155288e-01 5.659024e-01 3.529685e-01 2.897450e-01 4.811032e-01 8.863879e-01 4.088995e-01 4.340362e-01 8.530688e-01 3.089206e-01 3.317055e-01 8.472578e-01 9.369081e-01 4.672529e-01 8.062912e-01 7.857000e-01 1.035872e+00 6.103938e-01 3.303901e-01 3.921532e-01 6.618073e-01 3.868862e-01 5.754070e-01 7.132610e-01 5.536513e-01 9.013692e-01 6.786090e-02 2.555749e-01 6.327879e-01 4.093716e-01 5.915089e-01 7.167884e-01 4.820970e-01 3.649699e-01 
79 1107  1.000000000000000000e+05 0 0 6.659727e-01 5.635398e-01 8.370119e-01 1.177035e-01 2.102622e-01 9.222004e-01 4.051218e-01 4.400167e-02 3.304146e-01 4.097949e-01 4.122669e-01 6.961869e-01 4.417252e-01 9.190351e-02 5.553321e-01 6.141803e-01 5.798518e-01 2.352921e-01 4.741683e-01 4.117664e-01 6.681542e-01 5.043977e-01 8.931230e-01 6.497785e-01 1.562989e-01 6.341883e-01 3.872928e-01 5.270487e-01 7.843265e-01 5.399606e-01 2.802483e-01 5.701674e-01 4.898695e-01 5.077207e-01 
80 1121  1.000000000000000000e+05 0 0 6.886923e-01 7.993160e-01 5.839549e-01 -2.253909e-02 4.926476e-01 8.267148e-01 3.528706e-01 -1.152929e-01 5.905577e-01 7.621177e-01 6.583015e-01 6.809234e-01 6.110097e-01 4.742209e-01 5.385109e-02 3.507692e-01 3.692303e-01 4.266258e-01 4.739456e-01 2.555964e-01 2.130158e-01 1.093599e-01 6.797198e-01 8.747603e-01 3.610395e-01 4.639442e-01 6.967415e-02 7.129387e-01 5.989960e-01 5.926501e-01 4.874319e-02 8.085408e-01 8.252952e-01 2.621930e-01 
81 1135  1.000000000000000000e+05 0 0 8.318505e-01 5.231880e-01 8.620050e-01 2.488502e-01 5.869718e-01 8.064113e-01 2.660029e-01 2.732051e-02 4.292776e-01 4.087643e-01 2.131545e-01 7.934015e-01 5.162188e-01 5.368175e-01 5.950700e-01 5.627380e-01 2.270970e-01 1.467114e-01 3.352349e-01 6.676876e-01 7.272539e-01 7.350780e-01 6.786759e-01 5.107755e-01 6.383684e-01 9.038156e-01 6.198546e-01 5.343705e-01 5.005655e-01 2.668714e-01 -4.053667e-02 7.032526e-01 9.080456e-01 2.613536e-01 
82 1149  1.000000000000000000e+05 0 0 6.691283e-01 9.570210e-01 6.385960e-01 4.959270e-01 4.436453e-01 6.919752e-01 3.846595e-01 2.426185e-01 6.064070e-01 2.283045e-01 5.321784e-01 7.637910e-01 4.509800e-01 7.358344e-01 6.476659e-01 6.370260e-01 1.378069e-01 4.211985e-01 4.058563e-01 2.865411e-01 8.422392e-01 3.822809e-01 6.034092e-01 8.813321e-01 6.051119e-01 6.184966e-01 9.288704e-01 2.785782e-01 6.107784e-01 2.476433e-01 -3.008721e-01 7.524476e-01 1.309153e+00 6.976547e-01 
83 1163  1.000000000000000000e+05 0 0 6.758333e-01 3.761782e-01 8.695362e-01 4.039530e-01 5.993932e-01 7.374878e-01 4.727562e-01 1.832592e-02 1.257201e-01 4.019082e-01 4.848146e-01 4.474896e-01 3.883567e-01 5.712223e-01 8.160543e-01 7.745841e-01 2.164657e-01 1.232625e-01 3.867131e-01 5.385837e-01 9.119557e-01 5.520120e-01 6.819126e-01 6.027279e-01 7.088279e-01 3.525644e-01 2.178973e-01 1.002828e-01 3.322814e-01 1.073022e-01 5.356405e-02 5.269107e-01 1.140288e+00 4.478722e-01 
84 1177  1.000000000000000000e+05 0 0 3.396957e-01 6.664179e-01 7.256645e-01 7.350057e-01 2.486634e-01 4.588036e-01 4.223612e-01 3.688079e-01 4.242755e-01 8.346419e-01 2.816282e-01 6.972422e-01 6.021626e-01 4.238054e-01 8.198379e-01 1.630806e-01 2.690420e-01 2.043300e-02 3.374384e-01 5.045706e-01 5.304062e-01 2.013100e-01 7.121767e-02 6.537439e-01 7.606463e-01 8.087133e-01 6.688227e-01 4.026258e-01 7.787472e-01 3.914582e-01 3.663783e-01 4.486181e-01 8.117133e-01 8.400403e-01 
85 1191  1.000000000000000000e+05 0 0 3.279637e-01 7.732887e-01 9.241164e-01 9.105518e-01 -1.368143e-02 6.994847e-01 -1.194476e-02 3.927429e-01 5.180730e-01 7.837577e-01 5.341642e-01 6.500210e-01 5.342460e-01 3.619159e-01 5.667204e-01 1.778348e-01 5.396749e-01 -1.073081e-01 2.870327e-02 6.545043e-01 6.232974e-01 3.518095e-01 2.146996e-01 4.492839e-01 6.495222e-01 7.157682e-01 9.055529e-01 6.141563e-01 9.296776e-01 4.641989e-01 5.129977e-01 3.991702e-01 4.301866e-01 6.189228e-01 
86 1205  1.000000000000000000e+05 0 0 7.636658e-01 9.127559e-01 7.020392e-01 6.020858e-01 9.803864e-02 8.023138e-01 5.169292e-01 4.019227e-01 4.085990e-01 3.515334e-01 3.195772e-01 4.844390e-01 7.039324e-02 4.981710e-01 7.287224e-01 5.781946e-01 3.362923e-01 -2.074469e-01 5.572357e-01 4.221362e-01 6.387701e-01 4.951026e-01 4.287953e-01 1.001938e+00 5.812196e-01 7.361997e-01 7.632345e-01 1.011715e+00 9.051844e-01 4.883869e-01 4.059565e-01 2.611527e-01 6.801264e-01 8.574503e-01 
87 1219  1.000000000000000000e+05 0 0 5.202195e-01 4.545149e-01 5.251772e-01 8.706505e-01 -2.723679e-02 7.728678e-01 5.275441e-01 1.655165e-02 1.970531e-03 2.776115e-01 3.416830e-01 5.192355e-01 -6.893155e-02 3.622510e-01 4.241744e-01 2.805871e-01 7.060559e-01 3.012819e-01 2.919659e-01 4.601681e-01 6.952222e-02 2.659031e-01 3.824385e-01 8.018477e-01 7.904832e-01 1.259742e+00 4.464324e-01 2.192030e-01 7.153292e-01 9.381730e-01 6.796241e-02 4.246866e-01 5.809073e-01 4.902859e-01 
88 1233  1.000000000000000000e+05 0 0 2.536077e-01 6.786713e-01 9.262613e-01 7.543817e-01 1.059794e-01 5.330430e-01 3.165217e-01 2.075480e-01 2.808541e-01 4.803833e-01 4.051108e-01 3.069058e-01 4.592078e-01 2.474995e-01 6.024499e-01 3.859990e-01 5.641940e-01 3.210289e-01 3.823628e-01 3.219223e-01 3.933371e-01 2.555794e-01 3.789958e-01 5.571911e-01 4.283628e-01 7.138713e-01 5.559117e-01 4.656540e-01 7.677681e-01 8.661852e-01 2.142445e-01 4.624155e-01 4.118500e-01 7.545247e-01 
89 1247  1.000000000000000000e+05 0 0 3.081206e-01 7.747395e-01 1.114978e+00 6.559723e-01 5.296231e-02 5.640061e-01 4.217412e-01 3.018288e-01 7.767568e-01 6.296350e-01 1.480530e-01 3.672460e-01 8.292914e-01 2.133944e-01 8.053691e-01 3.782454e-01 2.851233e-01 -1.216433e-01 2.020016e-01 8.992889e-01 4.783693e-01 4.198402e-01 3.155763e-01 8.366578e-01 2.349557e-01 5.691637e-01 3.064279e-02 5.326206e-01 6.374495e-01 6.644508e-01 1.659162e-01 2.085324e-01 4.024740e-01 4.111652e-01 
90 1261  1.000000000000000000e+05 0 0 6.032136e-01 7.079034e-01 5.126984e-01 4.767115e-01 6.936824e-01 4.458362e-01 3.544781e-01 -2.584329e-01 5.675527e-01 1.111119e-01 6.414323e-02 1.195395e-01 5.794955e-01 5.199251e-01 4.487609e-01 4.395132e-01 6.459139e-01 2.021290e-01 2.856555e-01 4.308494e-01 4.720250e-01 6.006738e-01 2.868501e-02 3.582921e-01 9.101905e-01 9.440989e-01 7.451517e-01 1.859725e-01 7.479625e-01 8.059302e-01 2.585048e-01 3.927492e-01 1.845060e-01 8.629531e-01 
91 1275  1.000000000000000000e+05 0 0 5.242484e-01 8.777823e-01 1.355684e+00 6.726440e-01 5.794256e-01 8.199685e-01 6.804209e-01 -1.684500e-01 2.507946e-01 1.065976e-01 3.314094e-01 2.377663e-01 3.300938e-01 -1.072997e-02 5.560989e-01 -1.475793e-01 7.538743e-01 4.687818e-02 -5.925061e-02 3.446949e-01 1.060659e+00 2.988306e-01 4.244290e-01 5.634488e-01 5.701683e-01 3.578498e-01 4.602096e-01 5.930206e-01 5.398881e-01 6.912513e-01 1.724873e-01 3.917462e-01 5.479191e-01 7.203810e-01 
92 1289  1.000000000000000000e+05 0 0 6.232411e-01 8.073850e-01 7.465172e-01 5.441214e-01 5.372679e-01 3.044153e-01 3.788993e-01 5.987754e-02 5.431271e-01 5.516808e-01 6.664778e-01 5.852287e-01 6.174684e-01 1.109898e-01 3.379909e-01 6.902680e-01 7.165365e-01 1.652539e-01 3.921236e-01 5.933347e-01 8.913768e-01 6.590420e-01 5.300446e-01 1.091636e+00 8.268558e-01 3.789177e-01 7.624894e-01 6.347971e-01 6.732337e-01 7.863778e-01 1.473129e-01 3.211635e-01 4.686941e-01 5.876361e-01 
93 1303  1.000000000000000000e+05 0 0 9.526182e-01 6.664077e-01 9.681349e-01 -3.333353e-02 7.724672e-01 5.895675e-01 7.759920e-01 1.801568e-01 5.104664e-01 3.826161e-01 3.547169e-01 5.728690e-01 4.021870e-01 4.400303e-01 3.319083e-01 6.390403e-01 6.935555e-01 3.960112e-01 6.018089e-01 6.041661e-01 6.829637e-01 3.806743e-01 5.541839e-01 9.721384e-01 9.345591e-01 3.924049e-01 7.377869e-01 5.971733e-01 7.266305e-01 6.102095e-01 3.434518e-01 6.723574e-01 1.003230e+00 9.175010e-01 
94 1317  1.000000000000000000e+05 0 0 6.372877e-01 5.573277e-01 1.021002e+00 5.546204e-01 7.911236e-01 5.736192e-01 8.711529e-01 1.276350e-01 3.884510e-01 9.092459e-01 4.006638e-01 3.698154e-01 1.623926e-01 -1.405103e-01 4.182348e-01 6.839162e-01 6.253102e-01 4.040492e-01 3.531395e-01 1.059437e+00 8.373923e-01 3.375258e-01 6.044325e-01 3.272098e-01 5.267432e-01 4.814914e-01 1.938222e-01 6.058105e-01 5.447002e-01 6.066496e-01 1.243709e-01 2.488851e-01 7.083904e-01 6.223075e-01 
95 1331  1.000000000000000000e+05 0 0 5.727867e-01 2.036426e-01 8.778272e-01 4.824589e-01 5.897338e-01 6.406473e-01 7.772685e-01 2.779064e-01 4.745181e-01 1.806510e-01 3.868214e-01 3.929506e-01 3.623775e-01 6.673788e-02 4.263304e-01 5.618215e-01 7.671657e-01 5.830683e-02 -3.129168e-03 8.896323e-01 6.526292e-01 1.228470e-01 5.221857e-01 7.495677e-01 9.869251e-01 3.193821e-01 5.220236e-01 4.169260e-01 9.177911e-01 1.180802e+00 1.307442e-01 5.194130e-01 1.074629e+00 7.337371e-01 
96 1345  1.000000000000000000e+05 0 0 5.285606e-01 4.083211e-01 7.564964e-01 3.696103e-01 8.550167e-01 7.993962e-01 7.172806e-01 1.198598e-01 5.342334e-01 2.474599e-01 1.393592e-01 5.405998e-01 2.673160e-01 5.353489e-01 6.359590e-01 5.200489e-01 6.290285e-01 6.013596e-01 2.627504e-01 8.504437e-01 8.896312e-01 3.142517e-01 3.917130e-01 9.521319e-01 9.284969e-01 4.747350e-01 2.516631e-01 8.671869e-01 3.659199e-01 9.942889e-01 3.663672e-01 6.122376e-01 7.440370e-01 7.125044e-01 
97 1359  1.000000000000000000e+05 0 0 5.250920e-01 1.998094e-01 3.684739e-01 4.872893e-01 5.618119e-01 6.758176e-01 7.663398e-01 1.821556e-01 4.890683e-01 3.583113e-01 2.112459e-01 4.127338e-01 1.431200e-02 4.681055e-01 5.570055e-01 -1.105362e-01 4.792886e-01 4.763475e-01 3.402852e-01 7.570036e-01 8.751190e-01 2.650356e-01 6.862900e-01 7.726804e-01 8.950221e-01 8.447847e-01 2.363622e-01 4.556834e-01 6.043107e-01 9.949638e-01 9.726236e-02 7.390137e-01 1.103377e+00 8.320228e-01 
98 1373  1.000000000000000000e+05 0 0 4.784235e-01 3.211425e-01 6.522327e-01 2.699599e-01 7.974474e-01 1.005949e+00 7.553909e-01 5.075965e-02 6.462956e-01 2.906741e-01 2.406429e-01 3.771519e-01 2.252738e-01 2.663198e-01 7.685603e-01 2.861649e-01 3.017724e-01 4.857819e-01 4.478792e-01 9.840805e-01 9.890643e-01 5.181126e-01 2.791098e-01 9.284877e-01 9.905289e-01 4.947776e-01 4.426101e-01 6.917141e-01 2.376215e-01 8.283646e-01 4.000001e-01 5.340886e-01 9.061920e-01 4.349614e-01 
99 1387  1.000000000000000000e+05 0 0 6.056175e-01 2.840630e-01 1.007229e+00 4.812988e-01 8.596237e-01 9.064278e-01 6.962252e-01 2.337884e-01 5.268263e-01 4.265386e-01 2.790870e-02 6.500477e-01 -3.773209e-04 3.715602e-01 6.123832e-01 2.737426e-01 5.224917e-01 1.141878e-01 2.748628e-01 4.787516e-01 1.000786e+00 4.387848e-01 5.234368e-01 4.060554e-01 7.549411e-01 6.531172e-01 2.617886e-01 5.606789e-01 6.576707e-01 1.058114e+00 4.741414e-01 5.300059e-01 1.060580e+00 7.884896e-01 
100 1401  1.000000000000000000e+05 0 0 5.601752e-01 4.048062e-01 1.066127e+00 2.679578e-01 8.124119e-01 8.569081e-01 5.914699e-01 1.300526e-01 5.379077e-01 4.660546e-01 1.764249e-01 4.324263e-01 6.218197e-01 5.953672e-01 5.999820e-01 4.249249e-01 6.923761e-01 3.831275e-01 2.020809e-01 7.510326e-01 5.904170e-01 3.215543e-01 1.730163e-01 6.202501e-01 7.624499e-01 7.078922e-01 2.636683e-01 7.684061e-01 6.245343e-01 5.872535e-01 5.682634e-01 4.286856e-01 7.627380e-01 7.490180e-01 
101 1415  1.000000000000000000e+05 0 0 4.872857e-01 3.311760e-01 7.409045e-01 5.182119e-01 4.041256e-01 6.642953e-01 4.864570e-01 1.055310e-01 6.412559e-01 5.104685e-01 3.046821e-01 2.614906e-01 4.296017e-01 7.429507e-01 5.180638e-01 4.209058e-01 5.548719e-01 4.063209e-01 2.687255e-01 8.162727e-01 1.017964e+00 4.658828e-01 1.344295e-01 4.589775e-01 8.672273e-01 4.134791e-01 4.665940e-01 5.883533e-01 7.324514e-01 8.767319e-01 5.782763e-01 3.263849e-01 7.464291e-01 8.480690e-01 
102 1429  1.000000000000000000e+05 0 0 8.078366e-02 1.588752e-01 6.747202e-01 5.347032e-01 6.253481e-01 9.048023e-01 6.748945e-01 3.352242e-01 6.643973e-01 3.061970e-01 1.264400e-02 4.804686e-01 4.060385e-01 8.014802e-01 9.007914e-01 5.552390e-01 7.111792e-01 2.529362e-01 4.047349e-01 8.906071e-01 7.306314e-01 4.046032e-01 1.614408e-01 5.851362e-01 9.298757e-01 4.191117e-01 5.996011e-01 3.971123e-01 4.634436e-01 7.281577e-01 7.006269e-01 2.790872e-01 6.687308e-01 5.632580e-01 
103 1443  1.000000000000000000e+05 0 0 1.283536e-01 4.095723e-01 8.227345e-01 4.946360e-01 7.475463e-01 8.937143e-01 5.994545e-01 2.496956e-01 5.110726e-01 4.700484e-01 -8.307602e-02 7.556034e-01 5.406266e-01 7.290401e-01 7.427466e-01 6.465907e-01 4.313420e-01 1.650823e-01 2.700939e-01 7.929968e-01 5.543708e-01 3.974338e-01 1.037971e-01 5.707105e-01 7.520304e-01 1.850128e-01 5.186413e-01 2.087961e-01 6.046317e-01 9.794532e-01 7.724623e-01 5.152116e-01 6.025762e-01 5.599310e-01 
104 1457  1.000000000000000000e+05 0 0 3.985912e-01 4.517002e-01 5.206689e-01 5.039154e-01 6.112263e-01 7.080318e-01 4.913285e-01 1.651415e-01 7.907719e-01 4.959101e-01 1.770139e-01 5.092030e-01 6.416061e-01 2.456402e-01 5.758539e-01 5.214422e-01 6.945919e-01 3.884909e-01 3.444001e-01 8.649534e-01 4.351062e-01 4.836991e-01 2.297702e-01 3.365686e-01 7.133647e-01 3.680438e-01 1.466555e-01 4.776961e-01 5.226784e-01 9.162675e-01 7.232295e-01 3.388351e-01 8.470750e-01 8.227311e-01 
105 1471  1.000000000000000000e+05 0 0 3.665622e-01 2.796078e-01 8.463578e-01 1.931771e-01 5.676666e-01 8.949023e-01 7.626643e-01 1.160684e-01 9.205873e-01 6.139245e-01 2.068022e-01 6.364203e-01 2.899687e-01 5.983709e-01 7.734495e-01 3.997727e-01 7.405405e-01 3.852189e-01 4.386090e-01 5.078392e-01 3.771450e-01 2.907369e-01 3.296689e-01 6.979133e-01 9.691555e-01 3.315250e-01 4.837156e-01 3.821478e-01 5.208562e-01 9.034974e-01 4.383521e-01 4.376754e-01 5.515374e-01 7.427742e-01 
106 1485  1.000000000000000000e+05 0 0 1.095651e-01 1.653054e-01 8.828719e-01 3.217881e-01 4.556211e-01 9.682325e-01 8.742372e-01 2.576681e-01 8.221576e-01 5.418804e-01 4.223966e-02 5.558956e-01 5.911939e-01 5.367894e-01 4.783382e-01 4.747761e-01 5.801001e-01 6.716052e-01 1.937398e-01 8.338258e-01 9.081349e-01 3.107049e-01 3.089334e-01 3.513874e-01 9.326022e-01 1.751390e-01 2.815234e-01 5.334745e-01 6.437884e-01 3.841333e-01 7.429058e-01 3.306311e-01 6.500817e-01 6.625686e-01 
107 1499  1.000000000000000000e+05 0 0 3.288936e-01 4.009017e-01 6.449656e-01 4.508295e-01 5.092122e-01 8.126016e-01 6.634129e-01 4.847146e-02 7.094122e-01 7.983512e-01 9.108737e-02 8.697192e-01 4.480525e-01 6.443413e-01 6.464649e-01 2.250225e-01 6.554669e-01 3.953680e-01 4.909733e-01 8.322057e-01 4.952103e-01 5.197821e-01 3.394237e-01 5.019837e-01 8.930495e-01 3.827520e-01 2.554219e-01 1.647912e-01 5.412123e-01 6.352540e-01 8.588736e-01 3.161389e-01 8.819861e-01 5.682660e-01 
108 1513  1.000000000000000000e+05 0 0 3.649267e-02 2.655294e-01 8.165305e-01 8.643521e-01 4.428718e-01 7.788690e-01 6.743593e-01 9.613872e-02 7.695506e-01 6.395050e-01 -3.031413e-01 9.507962e-01 6.250890e-01 4.261668e-01 7.682362e-01 4.141820e-01 7.521600e-01 4.570559e-01 1.661815e-01 6.760388e-01 4.438735e-01 4.740489e-01 2.540850e-01 1.959877e-01 6.153842e-01 3.460005e-01 8.775519e-02 3.585914e-01 6.722068e-01 7.792179e-01 5.362213e-01 1.857014e-01 8.012670e-01 7.622028e-01 
109 1527  1.000000000000000000e+05 0 0 6.120188e-01 8.126355e-01 8.953184e-01 4.881634e-01 4.631993e-01 7.238367e-01 7.140888e-01 9.747148e-02 7.992125e-01 6.450822e-01 2.213429e-01 8.964934e-01 4.593709e-01 2.157604e-01 4.887618e-01 3.544056e-01 8.328843e-01 4.901511e-01 8.064661e-01 8.930255e-01 6.977809e-01 6.841098e-01 2.824049e-01 5.809593e-01 4.630069e-01 -1.832781e-01 2.804099e-01 2.406317e-01 6.131319e-01 8.415087e-01 7.079536e-01 6.565557e-01 4.885828e-01 8.725819e-01 
110 1541  1.000000000000000000e+05 0 0 3.178161e-01 5.572760e-01 3.998916e-01 9.443203e-02 5.644419e-01 8.702472e-01 7.930370e-01 3.519486e-01 1.155922e+00 6.170673e-01 3.895245e-01 4.172597e-01 6.857553e-01 5.867312e-01 4.213789e-01 4.391245e-01 4.263089e-01 1.777454e-01 4.879041e-01 7.477474e-01 2.412416e-01 3.845235e-01 4.867523e-01 3.858957e-01 1.045221e+00 1.380886e-02 2.709961e-01 2.368756e-01 3.635305e-01 7.028900e-01 6.055978e-01 3.602522e-01 3.585179e-01 7.959693e-01 
111 1555  1.000000000000000000e+05 0 0 3.455133e-01 3.291244e-01 3.510120e-01 4.876087e-02 4.614529e-01 6.272221e-01 4.922465e-01 2.285168e-01 9.810427e-01 4.668089e-01 6.308404e-01 5.207150e-01 9.103706e-01 4.754063e-01 7.498595e-01 5.868715e-01 4.824041e-01 3.201752e-01 7.935097e-01 9.592744e-01 3.208888e-01 4.196088e-01 2.407741e-01 4.560052e-01 6.841747e-01 2.082407e-01 -2.668443e-01 4.298343e-01 4.780768e-01 8.092482e-01 5.822063e-01 5.003735e-01 2.641689e-01 7.079204e-01 
112 1569  1.000000000000000000e+05 0 0 3.236842e-01 4.572289e-01 9.537530e-01 1.828721e-01 6.955116e-01 6.111247e-01 8.389303e-01 -1.171540e-02 1.264443e+00 8.429481e-01 6.041687e-01 5.576713e-01 8.181547e-01 5.934603e-01 3.414115e-01 -1.400327e-01 3.132109e-01 3.494130e-01 7.772026e-01 1.061952e+00 3.637749e-01 5.545488e-01 4.252881e-01 8.458567e-01 7.229151e-01 2.304423e-01 2.349511e-01 3.148980e-01 4.785049e-01 8.800018e-01 4.344774e-01 6.422728e-01 5.024901e-01 2.790806e-01 
113 1583  1.000000000000000000e+05 0 0 7.758661e-01 3.210719e-01 8.749848e-01 -3.104431e-01 6.456831e-01 5.039246e-01 6.451475e-01 1.842659e-01 8.546920e-01 8.857019e-01 5.335782e-01 7.347475e-01 6.270885e-01 8.128584e-01 5.203621e-01 2.648120e-01 5.658406e-01 7.622457e-01 4.305661e-01 9.098519e-01 6.658594e-01 7.394501e-01 7.606299e-01 1.608927e-01 7.251699e-01 5.346799e-01 2.218679e-01 9.448696e-02 6.517364e-01 6.222766e-01 8.790257e-01 9.280312e-01 3.861408e-01 9.528894e-01 
114 1597  1.000000000000000000e+05 0 0 2.681618e-01 5.245380e-01 5.387592e-01 1.215650e-01 7.517901e-01 6.437223e-01 7.109286e-01 9.357226e-02 9.463969e-01 8.981686e-01 2.434651e-02 4.684903e-01 4.316988e-01 4.471048e-01 5.426240e-01 1.402133e-01 6.832044e-01 2.325109e-01 9.122063e-01 3.721691e-01 5.121260e-01 8.797422e-01 9.861042e-01 5.770042e-01 6.210792e-01 5.836799e-01 4.370333e-01 2.938064e-01 5.884806e-01 6.439457e-01 1.166658e+00 4.199415e-01 4.106326e-01 4.897786e-01 
115 1611  1.000000000000000000e+05 0 0 2.769112e-01 5.344092e-01 8.132130e-01 2.537406e-03 2.933607e-01 8.187625e-01 7.591105e-01 3.803852e-02 7.192666e-01 6.169010e-01 4.750975e-01 1.001043e+00 6.330677e-01 3.718484e-01 3.345718e-01 4.026423e-01 2.075508e-01 3.785271e-01 1.124908e+00 5.914632e-01 3.299140e-01 9.011373e-01 6.979121e-01 5.460984e-01 8.208451e-01 6.439940e-01 3.923934e-01 2.324951e-01 5.276909e-01 8.932165e-01 6.274219e-01 6.086826e-01 2.749439e-01 6.550062e-01 
116 1625  1.000000000000000000e+05 0 0 6.416958e-01 5.961814e-01 1.054386e+00 1.919315e-01 5.481583e-01 8.183427e-01 8.051696e-01 2.855862e-01 6.771606e-01 6.971563e-01 4.580101e-01 8.871670e-01 4.827386e-01 3.104583e-01 6.342298e-01 1.660404e-01 4.716755e-01 4.874168e-01 6.601574e-01 8.323542e-01 2.036886e-01 8.525957e-01 5.008881e-01 3.373153e-01 7.440421e-01 4.195911e-01 2.364955e-01 6.657345e-02 7.420385e-01 9.079825e-01 1.033015e+00 4.780132e-01 1.195569e-01 7.380031e-01 
117 1639  1.000000000000000000e+05 0 0 6.622870e-01 6.761078e-01 9.934798e-01 8.185010e-02 4.931416e-01 8.312715e-01 6.765067e-01 4.117004e-02 8.656389e-01 4.593656e-01 2.893735e-01 8.259332e-01 4.098099e-01 4.714896e-01 6.106922e-01 1.090774e-01 2.481061e-01 4.820109e-01 6.139487e-01 3.917069e-01 3.033579e-01 1.026970e+00 6.692421e-01 5.113046e-01 7.111666e-01 4.923751e-01 5.185943e-01 5.196325e-01 8.596098e-01 6.510121e-01 5.713953e-01 1.815801e-01 9.333017e-02 4.011647e-01 
118 1653  1.000000000000000000e+05 0 0 8.190518e-01 8.832637e-01 1.007016e+00 3.066292e-01 1.620829e-01 8.536777e-01 5.864210e-01 1.204095e-01 5.273607e-01 6.501877e-01 6.695953e-01 6.192230e-01 2.285030e-01 2.592909e-01 5.626402e-01 1.269278e-01 6.055943e-01 1.692211e-01 6.104604e-01 4.152366e-01 3.934989e-01 7.899004e-01 8.761298e-01 1.115588e+00 9.997665e-01 3.377271e-01 4.045620e-02 1.429741e-01 6.747011e-01 7.340379e-01 4.600555e-01 1.504029e-01 2.267599e-01 6.170083e-01 
119 1667  1.000000000000000000e+05 0 0 8.227392e-01 9.295746e-01 9.731120e-01 3.570073e-01 3.072371e-01 7.949063e-01 3.546165e-01 3.311274e-01 6.718028e-01 8.068927e-01 4.458163e-01 1.013975e+00 6.403527e-01 3.185604e-01 5.500536e-01 1.292460e-02 3.021026e-01 2.684173e-01 7.328931e-01 5.722808e-01 1.024474e-01 8.856056e-01 9.231205e-01 1.258883e+00 8.980731e-01 7.908390e-01 7.184129e-02 2.649733e-01 9.275796e-01 7.509420e-01 4.399880e-01 1.148837e-01 1.548900e-01 6.485549e-01 
120 1681  1.000000000000000000e+05 0 0 6.741624e-01 6.546114e-01 9.656159e-01 2.489062e-01 7.285760e-01 1.074150e+00 5.843028e-01 4.070500e-01 3.563572e-01 7.355167e-01 5.314992e-01 7.120840e-01 5.667516e-01 6.266897e-01 7.922355e-01 -2.507442e-02 2.443194e-01 2.511728e-01 2.609850e-01 6.992606e-01 7.785556e-02 1.153774e+00 8.328384e-01 9.389210e-01 1.013442e+00 2.852917e-01 8.787278e-02 3.960631e-01 7.231726e-01 9.053678e-01 4.886865e-01 -2.397342e-02 2.799085e-01 7.464405e-01 
121 1695  1.000000000000000000e+05 0 0 8.213976e-01 7.119589e-01 7.285579e-01 3.612726e-01 4.787834e-01 7.144236e-01 5.298794e-01 3.365144e-01 5.268738e-01 4.560519e-01 2.212984e-01 7.927673e-01 2.638463e-01 1.175801e-01 7.424016e-01 5.179173e-01 1.940844e-01 2.825350e-01 4.203100e-01 5.259482e-01 5.032622e-01 1.081210e+00 6.069267e-01 7.624268e-01 6.725167e-01 7.129441e-01 4.434537e-01 1.632265e-01 7.745043e-01 8.237411e-01 5.876006e-01 7.709600e-02 2.991595e-01 6.046148e-01 
122 1709  1.000000000000000000e+05 0 0 6.742728e-01 6.468441e-01 3.906054e-01 4.647651e-01 3.111849e-01 8.066788e-01 6.235155e-01 3.074334e-01 7.672035e-01 5.773084e-01 -2.487656e-01 4.956194e-01 4.171526e-01 2.895682e-01 1.144106e-01 2.295352e-01 2.648311e-01 -3.914958e-02 3.399875e-01 4.580744e-01 3.296888e-01 8.834910e-01 7.614340e-01 9.042774e-01 8.449989e-01 4.069593e-01 2.863914e-01 6.805878e-02 7.162866e-01 4.163246e-01 2.631967e-01 9.264467e-02 2.112356e-01 8.424046e-01 
123 1723  1.000000000000000000e+05 0 0 7.244699e-01 8.929540e-01 9.534252e-01 4.366973e-01 5.283559e-01 5.574835e-01 5.312062e-01 1.843589e-02 6.931689e-01 4.869834e-01 5.872269e-01 5.578789e-01 3.935603e-01 4.032447e-01 2.854090e-01 4.604599e-01 1.503039e-01 2.650900e-01 3.938078e-01 3.059732e-01 4.952774e-01 6.864009e-01 8.407563e-01 6.097414e-01 6.971948e-01 4.997571e-01 4.655944e-01 2.299426e-01 6.146119e-01 1.926997e-01 3.626205e-01 -3.856463e-02 2.207774e-01 7.364233e-01 
124 1737  1.000000000000000000e+05 0 0 8.481692e-01 8.678047e-01 6.167856e-01 3.209513e-01 7.388128e-01 1.048590e+00 5.597066e-01 -5.252732e-02 8.309664e-01 5.040519e-01 2.057775e-01 4.608786e-01 6.106406e-01 5.147538e-01 2.355606e-01 4.827026e-01 2.675842e-01 -5.980490e-02 1.518525e-01 4.680483e-01 1.505980e-01 9.551513e-01 1.046466e+00 9.034883e-01 1.005497e+00 3.598233e-01 2.304516e-01 2.167346e-01 8.951022e-01 5.611207e-01 2.497534e-01 3.599295e-01 3.940975e-01 7.220536e-01 
125 1751  1.000000000000000000e+05 0 0 6.102075e-01 5.940468e-01 8.479981e-01 2.667657e-01 5.219650e-01 9.435330e-01 3.884059e-01 2.198361e-01 8.818029e-01 9.133507e-01 2.352958e-01 9.238109e-01 7.176125e-01 2.316762e-01 3.766957e-01 3.661812e-01 3.289068e-01 1.677078e-01 -8.689449e-02 8.761236e-01 1.310818e-01 9.947790e-01 1.317680e+00 1.135249e+00 4.118601e-01 8.050665e-01 3.596557e-01 1.816815e-01 1.056594e+00 5.010586e-01 9.215670e-02 3.201355e-01 1.471882e-01 4.496803e-01 
126 1765  1.000000000000000000e+05 0 0 6.844007e-01 7.417771e-01 1.165595e+00 3.889342e-01 5.379396e-01 8.312481e-01 4.919503e-01 -2.369671e-02 7.628033e-01 2.935001e-01 8.237135e-02 6.687979e-01 9.360902e-02 4.474063e-01 1.741419e-01 5.621821e-01 3.586358e-01 2.611218e-01 2.146886e-01 7.745497e-01 1.575297e-01 5.645787e-01 8.773498e-01 4.578335e-01 5.825856e-01 6.313600e-01 7.140319e-01 2.857133e-01 8.195696e-01 4.877424e-01 4.963038e-01 5.544845e-01 4.106535e-01 3.249460e-01 
127 1779  1.000000000000000000e+05 0 0 8.746653e-01 3.909062e-01 8.605667e-01 3.280621e-01 3.728304e-01 6.982592e-01 3.090204e-01 2.113866e-01 7.685370e-01 4.773388e-01 3.910324e-01 6.901123e-01 2.657070e-01 3.660846e-01 3.783499e-01 5.190530e-01 1.578265e-01 3.176599e-01 1.520391e-01 6.867012e-01 1.817625e-01 7.997891e-01 9.109201e-01 1.168115e+00 8.375058e-01 5.723927e-01 2.006291e-01 2.805064e-01 8.874826e-01 7.752690e-01 7.723004e-02 6.022384e-01 7.410794e-02 5.799480e-01 
128 1793  1.000000000000000000e+05 0 0 7.053488e-01 6.032557e-01 8.492112e-01 5.182951e-01 2.145722e-01 3.263844e-01 1.163703e-01 8.642065e-02 7.458777e-01 6.758567e-01 3.070120e-01 4.392644e-01 5.737625e-01 2.160650e-01 1.181301e-01 4.529975e-01 3.520516e-01 3.537497e-01 3.271925e-01 9.964945e-01 3.251575e-01 7.394091e-01 5.548904e-01 7.739729e-01 1.208338e+00 1.042263e+00 6.221959e-01 1.116272e-01 6.800907e-01 6.268970e-01 2.794825e-01 5.006112e-01 2.821527e-02 7.341458e-01 
129 1807  1.000000000000000000e+05 0 0 9.624457e-01 6.492707e-01 9.921357e-01 4.019879e-01 1.759432e-01 5.715039e-01 5.813729e-01 8.068170e-02 1.116961e+00 4.760128e-01 3.810566e-01 7.460513e-01 4.352643e-01 2.989818e-01 4.480491e-01 3.541747e-01 1.875352e-01 5.073098e-01 3.603401e-01 6.195018e-01 1.269821e-01 8.930121e-01 7.736756e-01 9.545064e-01 9.762332e-01 8.013030e-01 4.065563e-01 3.377439e-01 4.660002e-01 6.143556e-01 2.617334e-01 5.980213e-01 2.215410e-01 3.312676e-01 
130 1821  1.000000000000000000e+05 0 0 7.294372e-01 5.196233e-01 9.181630e-01 4.778163e-01 1.415823e-01 8.339431e-01 1.826434e-01 6.796397e-02 1.158805e+00 3.575983e-01 4.349906e-01 7.688764e-01 1.073014e-01 3.789316e-01 4.265004e-01 3.055110e-01 4.011987e-01 4.441972e-01 4.754630e-01 8.292838e-01 1.095113e-01 7.838094e-01 7.296439e-01 7.063791e-01 9.076275e-01 5.349757e-01 3.672186e-01 6.341311e-02 5.652798e-01 5.694286e-01 1.297516e-01 3.634292e-01 2.614508e-01 6.069959e-02 
