%  columns="iteration, evaluation, sigma, max axis length, min axis length, all principle axes lengths (sorted square roots of eigenvalues of C)" (startseed=211500, 2023/08/22 23:39:0.01)
1 15 3.887192e-01 1.019190e+00 9.972581e-01 9.972581e-01 9.972581e-01 9.972581e-01 9.972581e-01 9.972581e-01 9.972581e-01 9.972581e-01 9.972581e-01 9.972581e-01 9.972581e-01 9.972581e-01 9.972581e-01 9.972581e-01 9.972581e-01 9.972581e-01 9.972581e-01 9.972581e-01 9.972581e-01 9.972581e-01 9.972581e-01 9.972581e-01 9.972581e-01 9.972581e-01 9.972581e-01 9.972581e-01 9.972581e-01 9.972581e-01 9.977008e-01 9.992981e-01 1.001655e+00 1.002342e+00 1.007653e+00 1.010895e+00 1.019190e+00 
2 29 3.675066e-01 1.020581e+00 9.945238e-01 9.945238e-01 9.945238e-01 9.945238e-01 9.945238e-01 9.945238e-01 9.945238e-01 9.945238e-01 9.945238e-01 9.945238e-01 9.945238e-01 9.945238e-01 9.945238e-01 9.945238e-01 9.945238e-01 9.945238e-01 9.945238e-01 9.945238e-01 9.945238e-01 9.945238e-01 9.945238e-01 9.947565e-01 9.949207e-01 9.957870e-01 9.968083e-01 9.973531e-01 9.980505e-01 1.000054e+00 1.000576e+00 1.001209e+00 1.005307e+00 1.007247e+00 1.010450e+00 1.017169e+00 1.020581e+00 
3 43 3.498978e-01 1.024263e+00 9.917970e-01 9.917970e-01 9.917970e-01 9.917970e-01 9.917970e-01 9.917970e-01 9.917970e-01 9.917970e-01 9.917970e-01 9.917970e-01 9.917970e-01 9.917970e-01 9.917970e-01 9.917970e-01 9.919174e-01 9.919467e-01 9.922109e-01 9.926697e-01 9.927193e-01 9.930280e-01 9.935781e-01 9.939962e-01 9.947398e-01 9.950535e-01 9.970439e-01 9.977575e-01 9.979144e-01 9.991121e-01 1.002448e+00 1.002972e+00 1.006203e+00 1.007619e+00 1.009907e+00 1.020176e+00 1.024263e+00 
4 57 3.307500e-01 1.030288e+00 9.890776e-01 9.890776e-01 9.890776e-01 9.890776e-01 9.890776e-01 9.890776e-01 9.890776e-01 9.891421e-01 9.891556e-01 9.892195e-01 9.892603e-01 9.893889e-01 9.894464e-01 9.895223e-01 9.898639e-01 9.904612e-01 9.908828e-01 9.911155e-01 9.918052e-01 9.922344e-01 9.929012e-01 9.940432e-01 9.944583e-01 9.951709e-01 9.968416e-01 9.977330e-01 9.986350e-01 1.001105e+00 1.003442e+00 1.004767e+00 1.006729e+00 1.009504e+00 1.010214e+00 1.018863e+00 1.030288e+00 
5 71 3.156238e-01 1.034829e+00 9.863914e-01 9.863914e-01 9.864042e-01 9.864401e-01 9.864685e-01 9.865301e-01 9.866645e-01 9.867066e-01 9.867775e-01 9.870247e-01 9.871378e-01 9.875904e-01 9.878392e-01 9.880019e-01 9.883841e-01 9.890204e-01 9.892190e-01 9.893964e-01 9.907480e-01 9.913887e-01 9.920927e-01 9.922998e-01 9.933992e-01 9.959069e-01 9.969501e-01 9.977820e-01 1.000304e+00 1.002741e+00 1.003472e+00 1.005801e+00 1.007110e+00 1.010974e+00 1.013322e+00 1.022791e+00 1.034829e+00 
6 85 3.032843e-01 1.035818e+00 9.837878e-01 9.837878e-01 9.838205e-01 9.839391e-01 9.840676e-01 9.842291e-01 9.843736e-01 9.845178e-01 9.848301e-01 9.849326e-01 9.852122e-01 9.854825e-01 9.860367e-01 9.866743e-01 9.875029e-01 9.881048e-01 9.883787e-01 9.890331e-01 9.903662e-01 9.907361e-01 9.911125e-01 9.932272e-01 9.942808e-01 9.945693e-01 9.957307e-01 9.964936e-01 1.000061e+00 1.001875e+00 1.003460e+00 1.004508e+00 1.006870e+00 1.011536e+00 1.017397e+00 1.023426e+00 1.035818e+00 
7 99 2.894883e-01 1.037253e+00 9.812909e-01 9.812909e-01 9.814638e-01 9.815365e-01 9.817395e-01 9.819652e-01 9.824104e-01 9.825337e-01 9.827574e-01 9.834245e-01 9.836807e-01 9.840629e-01 9.846974e-01 9.853764e-01 9.863220e-01 9.869281e-01 9.872407e-01 9.877043e-01 9.889116e-01 9.897975e-01 9.913268e-01 9.919417e-01 9.927782e-01 9.932075e-01 9.945039e-01 9.972470e-01 9.988263e-01 1.000284e+00 1.003878e+00 1.005775e+00 1.007749e+00 1.011751e+00 1.019535e+00 1.024652e+00 1.037253e+00 
8 113 2.786031e-01 1.037084e+00 9.788626e-01 9.788626e-01 9.789402e-01 9.793346e-01 9.797929e-01 9.798702e-01 9.805333e-01 9.806353e-01 9.811941e-01 9.816200e-01 9.824197e-01 9.825154e-01 9.836463e-01 9.838655e-01 9.844679e-01 9.849615e-01 9.859560e-01 9.865356e-01 9.884357e-01 9.893822e-01 9.909122e-01 9.913651e-01 9.928528e-01 9.931781e-01 9.952292e-01 9.981393e-01 9.997139e-01 1.001704e+00 1.004014e+00 1.005403e+00 1.009337e+00 1.013927e+00 1.019637e+00 1.031964e+00 1.037084e+00 
9 127 2.681652e-01 1.037891e+00 9.764201e-01 9.764201e-01 9.768869e-01 9.772755e-01 9.775260e-01 9.779264e-01 9.783529e-01 9.786759e-01 9.793678e-01 9.802008e-01 9.805480e-01 9.814634e-01 9.817647e-01 9.821329e-01 9.832168e-01 9.833349e-01 9.852288e-01 9.860572e-01 9.879439e-01 9.890407e-01 9.897986e-01 9.915340e-01 9.920799e-01 9.945251e-01 9.958039e-01 9.968526e-01 9.984831e-01 1.000389e+00 1.004969e+00 1.005984e+00 1.012995e+00 1.019429e+00 1.022600e+00 1.034141e+00 1.037891e+00 
10 141 2.619956e-01 1.038866e+00 9.747353e-01 9.747353e-01 9.749118e-01 9.750177e-01 9.753593e-01 9.759706e-01 9.763926e-01 9.775082e-01 9.779220e-01 9.781931e-01 9.789353e-01 9.798840e-01 9.802937e-01 9.809870e-01 9.822533e-01 9.832850e-01 9.850792e-01 9.855428e-01 9.859036e-01 9.871988e-01 9.885648e-01 9.903330e-01 9.908822e-01 9.933935e-01 9.946088e-01 9.970673e-01 9.999729e-01 1.002464e+00 1.003628e+00 1.009666e+00 1.017706e+00 1.019612e+00 1.022350e+00 1.034089e+00 1.038866e+00 
11 155 2.593671e-01 1.044094e+00 9.725231e-01 9.725231e-01 9.726844e-01 9.731129e-01 9.732780e-01 9.736801e-01 9.743387e-01 9.757110e-01 9.760333e-01 9.768447e-01 9.771772e-01 9.780762e-01 9.800390e-01 9.808319e-01 9.813218e-01 9.828102e-01 9.832749e-01 9.843579e-01 9.852303e-01 9.868682e-01 9.888772e-01 9.894776e-01 9.907169e-01 9.924294e-01 9.936925e-01 9.957966e-01 1.000609e+00 1.002376e+00 1.002732e+00 1.008709e+00 1.015625e+00 1.022748e+00 1.028491e+00 1.034832e+00 1.044094e+00 
12 169 2.563145e-01 1.057708e+00 9.700312e-01 9.700312e-01 9.703563e-01 9.709035e-01 9.712617e-01 9.719600e-01 9.733343e-01 9.740433e-01 9.742184e-01 9.748542e-01 9.762610e-01 9.779417e-01 9.783653e-01 9.793674e-01 9.806025e-01 9.816971e-01 9.821289e-01 9.837537e-01 9.839009e-01 9.845207e-01 9.873195e-01 9.898897e-01 9.901287e-01 9.910078e-01 9.939891e-01 9.965273e-01 9.996148e-01 1.001994e+00 1.005022e+00 1.006941e+00 1.015768e+00 1.020656e+00 1.031704e+00 1.039813e+00 1.057708e+00 
13 183 2.505081e-01 1.068024e+00 9.678110e-01 9.678110e-01 9.683294e-01 9.693364e-01 9.697538e-01 9.708025e-01 9.711131e-01 9.715869e-01 9.728984e-01 9.746406e-01 9.751265e-01 9.761165e-01 9.764531e-01 9.777587e-01 9.788719e-01 9.793475e-01 9.800129e-01 9.814610e-01 9.839739e-01 9.851328e-01 9.854390e-01 9.886322e-01 9.895303e-01 9.922368e-01 9.932463e-01 9.973522e-01 9.993061e-01 1.002124e+00 1.006549e+00 1.013262e+00 1.015722e+00 1.019559e+00 1.029620e+00 1.038442e+00 1.068024e+00 
14 197 2.446727e-01 1.073689e+00 9.659955e-01 9.659955e-01 9.660951e-01 9.669870e-01 9.674674e-01 9.684535e-01 9.699412e-01 9.702706e-01 9.705846e-01 9.726948e-01 9.735219e-01 9.743322e-01 9.760347e-01 9.766592e-01 9.772983e-01 9.785145e-01 9.795045e-01 9.819657e-01 9.826571e-01 9.832676e-01 9.868276e-01 9.869601e-01 9.892432e-01 9.909854e-01 9.941850e-01 9.958875e-01 1.000484e+00 1.005269e+00 1.011173e+00 1.015222e+00 1.018940e+00 1.020844e+00 1.030592e+00 1.036487e+00 1.073689e+00 
15 211 2.360293e-01 1.076160e+00 9.639306e-01 9.639306e-01 9.647363e-01 9.658734e-01 9.660812e-01 9.666935e-01 9.678484e-01 9.686784e-01 9.696534e-01 9.710168e-01 9.724846e-01 9.732160e-01 9.743883e-01 9.750262e-01 9.759675e-01 9.782376e-01 9.796829e-01 9.797833e-01 9.822331e-01 9.827296e-01 9.849964e-01 9.872159e-01 9.875353e-01 9.917485e-01 9.939521e-01 9.964063e-01 9.994113e-01 1.003931e+00 1.011444e+00 1.015872e+00 1.018083e+00 1.022249e+00 1.030536e+00 1.035217e+00 1.076160e+00 
16 225 2.317601e-01 1.079332e+00 9.622852e-01 9.622852e-01 9.634622e-01 9.637512e-01 9.643247e-01 9.650091e-01 9.662859e-01 9.668263e-01 9.676277e-01 9.694349e-01 9.705930e-01 9.712700e-01 9.722156e-01 9.734121e-01 9.751955e-01 9.766880e-01 9.778874e-01 9.800211e-01 9.805571e-01 9.821284e-01 9.848447e-01 9.862340e-01 9.894899e-01 9.927602e-01 9.941750e-01 9.974298e-01 9.985599e-01 1.005335e+00 1.010133e+00 1.018225e+00 1.020041e+00 1.024677e+00 1.031173e+00 1.033747e+00 1.079332e+00 
17 239 2.271612e-01 1.076882e+00 9.602602e-01 9.602602e-01 9.609085e-01 9.616237e-01 9.624486e-01 9.639822e-01 9.644994e-01 9.659138e-01 9.666410e-01 9.684657e-01 9.697165e-01 9.705518e-01 9.722207e-01 9.730597e-01 9.750878e-01 9.751566e-01 9.763879e-01 9.775689e-01 9.825230e-01 9.835945e-01 9.841744e-01 9.847354e-01 9.884727e-01 9.917207e-01 9.935065e-01 9.985145e-01 1.001750e+00 1.007356e+00 1.010606e+00 1.016104e+00 1.021397e+00 1.025584e+00 1.032031e+00 1.038121e+00 1.076882e+00 
18 253 2.184511e-01 1.077042e+00 9.580529e-01 9.580529e-01 9.589430e-01 9.601705e-01 9.607894e-01 9.620545e-01 9.634241e-01 9.646417e-01 9.647165e-01 9.663135e-01 9.679330e-01 9.688543e-01 9.706361e-01 9.711717e-01 9.726523e-01 9.738458e-01 9.744674e-01 9.766551e-01 9.802468e-01 9.820303e-01 9.826028e-01 9.844148e-01 9.861503e-01 9.894764e-01 9.915787e-01 9.969450e-01 1.002262e+00 1.006522e+00 1.010541e+00 1.015354e+00 1.019188e+00 1.027456e+00 1.030141e+00 1.042322e+00 1.077042e+00 
19 267 2.119621e-01 1.075534e+00 9.557217e-01 9.557217e-01 9.566236e-01 9.579761e-01 9.591584e-01 9.611985e-01 9.615230e-01 9.635417e-01 9.639439e-01 9.652206e-01 9.663911e-01 9.671249e-01 9.682199e-01 9.687628e-01 9.708032e-01 9.736034e-01 9.742689e-01 9.768991e-01 9.798881e-01 9.804864e-01 9.824074e-01 9.842675e-01 9.873870e-01 9.888293e-01 9.915259e-01 9.956832e-01 1.003515e+00 1.008729e+00 1.010926e+00 1.017973e+00 1.019515e+00 1.028664e+00 1.030280e+00 1.045367e+00 1.075534e+00 
20 281 2.044328e-01 1.075168e+00 9.537423e-01 9.537423e-01 9.551343e-01 9.560902e-01 9.575951e-01 9.591993e-01 9.603601e-01 9.616672e-01 9.623144e-01 9.631448e-01 9.643612e-01 9.647404e-01 9.677444e-01 9.701594e-01 9.714342e-01 9.727693e-01 9.745355e-01 9.770327e-01 9.786302e-01 9.796711e-01 9.818913e-01 9.836243e-01 9.870518e-01 9.878945e-01 9.903168e-01 9.941001e-01 1.002593e+00 1.007261e+00 1.012708e+00 1.016273e+00 1.018886e+00 1.026991e+00 1.030210e+00 1.051371e+00 1.075168e+00 
21 295 1.980786e-01 1.073696e+00 9.522458e-01 9.522458e-01 9.533910e-01 9.542067e-01 9.560127e-01 9.569543e-01 9.584373e-01 9.596680e-01 9.606781e-01 9.616171e-01 9.633915e-01 9.650839e-01 9.663294e-01 9.689904e-01 9.705203e-01 9.716338e-01 9.745165e-01 9.761231e-01 9.764202e-01 9.775680e-01 9.807595e-01 9.850009e-01 9.855258e-01 9.883612e-01 9.907506e-01 9.939737e-01 1.002782e+00 1.005959e+00 1.011180e+00 1.014960e+00 1.019040e+00 1.026850e+00 1.037253e+00 1.053409e+00 1.073696e+00 
22 309 1.913566e-01 1.074202e+00 9.504626e-01 9.504626e-01 9.511333e-01 9.528243e-01 9.559459e-01 9.560431e-01 9.573248e-01 9.581162e-01 9.598566e-01 9.607919e-01 9.622249e-01 9.640735e-01 9.669973e-01 9.670338e-01 9.697616e-01 9.717348e-01 9.727572e-01 9.745614e-01 9.750778e-01 9.787247e-01 9.799579e-01 9.830073e-01 9.857332e-01 9.890354e-01 9.912915e-01 9.925787e-01 1.002201e+00 1.004960e+00 1.010372e+00 1.013438e+00 1.019486e+00 1.027217e+00 1.038406e+00 1.056956e+00 1.074202e+00 
23 323 1.836766e-01 1.071843e+00 9.482783e-01 9.482783e-01 9.490533e-01 9.506195e-01 9.535332e-01 9.536477e-01 9.567558e-01 9.573431e-01 9.584102e-01 9.587828e-01 9.598147e-01 9.634404e-01 9.652332e-01 9.675150e-01 9.690124e-01 9.701395e-01 9.710789e-01 9.728381e-01 9.740286e-01 9.778647e-01 9.802669e-01 9.813197e-01 9.854619e-01 9.879008e-01 9.916531e-01 9.926313e-01 1.000364e+00 1.004510e+00 1.011536e+00 1.015477e+00 1.019175e+00 1.025668e+00 1.037850e+00 1.060150e+00 1.071843e+00 
24 337 1.754852e-01 1.070958e+00 9.464749e-01 9.464749e-01 9.473391e-01 9.504516e-01 9.512517e-01 9.516280e-01 9.545049e-01 9.555923e-01 9.563057e-01 9.567696e-01 9.579644e-01 9.622638e-01 9.635603e-01 9.657760e-01 9.680799e-01 9.686333e-01 9.695066e-01 9.715675e-01 9.728021e-01 9.766345e-01 9.781693e-01 9.792887e-01 9.836459e-01 9.864959e-01 9.909538e-01 9.919922e-01 9.995710e-01 1.005447e+00 1.010475e+00 1.016052e+00 1.019696e+00 1.025730e+00 1.038009e+00 1.060589e+00 1.070958e+00 
25 351 1.723818e-01 1.077235e+00 9.447901e-01 9.447901e-01 9.451146e-01 9.490102e-01 9.495605e-01 9.501920e-01 9.529606e-01 9.536729e-01 9.548088e-01 9.558150e-01 9.575277e-01 9.604484e-01 9.623110e-01 9.658389e-01 9.660944e-01 9.694599e-01 9.696274e-01 9.720605e-01 9.729482e-01 9.750692e-01 9.772069e-01 9.798731e-01 9.826769e-01 9.880621e-01 9.904050e-01 9.956917e-01 9.991649e-01 1.004649e+00 1.009675e+00 1.016145e+00 1.020847e+00 1.024356e+00 1.039574e+00 1.060765e+00 1.077235e+00 
26 365 1.694171e-01 1.082222e+00 9.430066e-01 9.430066e-01 9.436847e-01 9.475806e-01 9.480132e-01 9.489828e-01 9.512492e-01 9.524772e-01 9.529002e-01 9.549148e-01 9.577270e-01 9.617932e-01 9.626813e-01 9.643748e-01 9.667128e-01 9.684535e-01 9.699191e-01 9.703297e-01 9.720987e-01 9.739220e-01 9.757783e-01 9.789515e-01 9.863443e-01 9.873950e-01 9.904442e-01 9.969641e-01 9.981685e-01 1.003966e+00 1.010888e+00 1.014778e+00 1.021926e+00 1.024392e+00 1.042364e+00 1.059800e+00 1.082222e+00 
27 379 1.662549e-01 1.088081e+00 9.413944e-01 9.413944e-01 9.418002e-01 9.458229e-01 9.470020e-01 9.482616e-01 9.490404e-01 9.504808e-01 9.527542e-01 9.564395e-01 9.585573e-01 9.611665e-01 9.625838e-01 9.633823e-01 9.653899e-01 9.676828e-01 9.695827e-01 9.702895e-01 9.706771e-01 9.731678e-01 9.746768e-01 9.777618e-01 9.844435e-01 9.874659e-01 9.928769e-01 9.960023e-01 1.000013e+00 1.008813e+00 1.011441e+00 1.012890e+00 1.020517e+00 1.023795e+00 1.043926e+00 1.058083e+00 1.088081e+00 
28 393 1.626538e-01 1.092555e+00 9.393427e-01 9.393427e-01 9.403631e-01 9.440729e-01 9.457008e-01 9.460063e-01 9.471520e-01 9.510133e-01 9.513503e-01 9.545708e-01 9.570916e-01 9.601427e-01 9.607897e-01 9.621446e-01 9.633297e-01 9.662829e-01 9.678104e-01 9.691495e-01 9.694785e-01 9.720089e-01 9.749347e-01 9.758151e-01 9.841779e-01 9.871386e-01 9.916189e-01 9.963940e-01 1.000565e+00 1.006841e+00 1.011056e+00 1.015230e+00 1.019259e+00 1.026656e+00 1.046038e+00 1.057267e+00 1.092555e+00 
29 407 1.620563e-01 1.097189e+00 9.372071e-01 9.372071e-01 9.395582e-01 9.417127e-01 9.439567e-01 9.449729e-01 9.455219e-01 9.488980e-01 9.501546e-01 9.526603e-01 9.562481e-01 9.579069e-01 9.589808e-01 9.608562e-01 9.626382e-01 9.655929e-01 9.666899e-01 9.682331e-01 9.695557e-01 9.719209e-01 9.741913e-01 9.786821e-01 9.856474e-01 9.883459e-01 9.934535e-01 9.958790e-01 1.000634e+00 1.007833e+00 1.010346e+00 1.017272e+00 1.023856e+00 1.027696e+00 1.050448e+00 1.056054e+00 1.097189e+00 
30 421 1.586086e-01 1.100474e+00 9.365409e-01 9.365409e-01 9.373707e-01 9.403418e-01 9.420661e-01 9.433763e-01 9.449052e-01 9.474991e-01 9.490120e-01 9.518778e-01 9.550095e-01 9.561914e-01 9.581031e-01 9.587282e-01 9.632033e-01 9.658845e-01 9.674645e-01 9.682513e-01 9.697363e-01 9.711907e-01 9.749125e-01 9.779446e-01 9.840618e-01 9.912703e-01 9.927234e-01 9.954313e-01 1.000838e+00 1.006860e+00 1.011761e+00 1.020112e+00 1.024341e+00 1.026307e+00 1.052692e+00 1.053954e+00 1.100474e+00 
31 435 1.554135e-01 1.101606e+00 9.344231e-01 9.344231e-01 9.370744e-01 9.382655e-01 9.400993e-01 9.417477e-01 9.430813e-01 9.453948e-01 9.482735e-01 9.500612e-01 9.531775e-01 9.554627e-01 9.563077e-01 9.591669e-01 9.620157e-01 9.644050e-01 9.663780e-01 9.692159e-01 9.697910e-01 9.721188e-01 9.764406e-01 9.803635e-01 9.832538e-01 9.900541e-01 9.932097e-01 9.955623e-01 9.988724e-01 1.005519e+00 1.012121e+00 1.022957e+00 1.025885e+00 1.026280e+00 1.052552e+00 1.055665e+00 1.101606e+00 
32 449 1.530655e-01 1.114815e+00 9.322756e-01 9.322756e-01 9.355829e-01 9.367642e-01 9.390072e-01 9.405486e-01 9.416235e-01 9.440643e-01 9.469247e-01 9.510520e-01 9.525361e-01 9.541201e-01 9.573254e-01 9.583578e-01 9.607592e-01 9.634323e-01 9.644807e-01 9.686697e-01 9.702662e-01 9.710500e-01 9.778383e-01 9.792711e-01 9.826483e-01 9.897655e-01 9.932900e-01 9.942294e-01 9.980184e-01 1.003476e+00 1.011416e+00 1.022086e+00 1.025087e+00 1.031431e+00 1.052447e+00 1.054717e+00 1.114815e+00 
33 463 1.485641e-01 1.118485e+00 9.302543e-01 9.302543e-01 9.336176e-01 9.352706e-01 9.369630e-01 9.386069e-01 9.404329e-01 9.432495e-01 9.450239e-01 9.494634e-01 9.505198e-01 9.529519e-01 9.563125e-01 9.582485e-01 9.605299e-01 9.627737e-01 9.637639e-01 9.675467e-01 9.691930e-01 9.752013e-01 9.775006e-01 9.789235e-01 9.809772e-01 9.907411e-01 9.919229e-01 9.950735e-01 9.961867e-01 1.002494e+00 1.010131e+00 1.021390e+00 1.028357e+00 1.032018e+00 1.052299e+00 1.052894e+00 1.118485e+00 
34 477 2.001857e-01 1.119395e+00 9.279050e-01 9.279050e-01 9.313203e-01 9.342470e-01 9.356731e-01 9.372376e-01 9.401845e-01 9.410248e-01 9.479182e-01 9.493146e-01 9.497909e-01 9.521306e-01 9.549938e-01 9.567570e-01 9.594634e-01 9.612089e-01 9.640216e-01 9.671320e-01 9.678620e-01 9.737157e-01 9.771963e-01 9.801369e-01 9.827176e-01 9.892962e-01 9.910676e-01 9.935518e-01 9.977335e-01 1.000785e+00 1.008258e+00 1.021528e+00 1.026785e+00 1.033841e+00 1.051191e+00 1.055711e+00 1.119395e+00 
35 491 1.929015e-01 1.119566e+00 9.260511e-01 9.260511e-01 9.295612e-01 9.321832e-01 9.339535e-01 9.359367e-01 9.380434e-01 9.390056e-01 9.469026e-01 9.477285e-01 9.507261e-01 9.525092e-01 9.542386e-01 9.558776e-01 9.574411e-01 9.605218e-01 9.628177e-01 9.657172e-01 9.677908e-01 9.722658e-01 9.752087e-01 9.786524e-01 9.841637e-01 9.876144e-01 9.902695e-01 9.918040e-01 9.970855e-01 1.003149e+00 1.008342e+00 1.019454e+00 1.025387e+00 1.032053e+00 1.050121e+00 1.055301e+00 1.119566e+00 
36 505 1.862250e-01 1.119166e+00 9.238253e-01 9.238253e-01 9.285545e-01 9.307256e-01 9.318088e-01 9.355973e-01 9.363480e-01 9.380725e-01 9.445063e-01 9.476784e-01 9.495058e-01 9.511608e-01 9.528701e-01 9.551414e-01 9.587053e-01 9.602014e-01 9.630091e-01 9.674767e-01 9.678165e-01 9.724971e-01 9.761713e-01 9.790139e-01 9.853000e-01 9.882520e-01 9.901873e-01 9.920582e-01 9.963630e-01 1.002778e+00 1.007503e+00 1.017678e+00 1.024170e+00 1.029703e+00 1.049182e+00 1.060572e+00 1.119166e+00 
37 519 1.794881e-01 1.118753e+00 9.236644e-01 9.236644e-01 9.267662e-01 9.295739e-01 9.308900e-01 9.339597e-01 9.355708e-01 9.367458e-01 9.424349e-01 9.462073e-01 9.476439e-01 9.501176e-01 9.526159e-01 9.541372e-01 9.576813e-01 9.585066e-01 9.611827e-01 9.657632e-01 9.675996e-01 9.718790e-01 9.744019e-01 9.780696e-01 9.836717e-01 9.868232e-01 9.902771e-01 9.930869e-01 9.957010e-01 1.002602e+00 1.008916e+00 1.015520e+00 1.023906e+00 1.027986e+00 1.047474e+00 1.060763e+00 1.118753e+00 
38 533 1.729057e-01 1.120190e+00 9.228629e-01 9.228629e-01 9.250692e-01 9.274234e-01 9.303158e-01 9.339314e-01 9.341112e-01 9.353967e-01 9.402148e-01 9.438131e-01 9.473001e-01 9.485165e-01 9.508069e-01 9.525436e-01 9.565258e-01 9.590206e-01 9.592555e-01 9.637197e-01 9.678727e-01 9.699949e-01 9.731839e-01 9.768357e-01 9.838115e-01 9.883015e-01 9.941197e-01 9.949975e-01 9.971324e-01 1.001636e+00 1.009501e+00 1.014747e+00 1.021722e+00 1.026751e+00 1.046066e+00 1.060496e+00 1.120190e+00 
39 547 1.670096e-01 1.123455e+00 9.214161e-01 9.214161e-01 9.233955e-01 9.258050e-01 9.286977e-01 9.329025e-01 9.333459e-01 9.336849e-01 9.386599e-01 9.427280e-01 9.458612e-01 9.476423e-01 9.491551e-01 9.513803e-01 9.556489e-01 9.580790e-01 9.602704e-01 9.619274e-01 9.666826e-01 9.675995e-01 9.719267e-01 9.747922e-01 9.842961e-01 9.879503e-01 9.935746e-01 9.957722e-01 9.982276e-01 1.001564e+00 1.008740e+00 1.013810e+00 1.020484e+00 1.026673e+00 1.044398e+00 1.058416e+00 1.123455e+00 
40 561 1.605843e-01 1.126494e+00 9.196134e-01 9.196134e-01 9.216611e-01 9.235767e-01 9.266330e-01 9.310673e-01 9.313580e-01 9.347834e-01 9.403336e-01 9.407301e-01 9.439843e-01 9.469436e-01 9.477413e-01 9.508995e-01 9.546894e-01 9.563696e-01 9.597418e-01 9.615324e-01 9.653274e-01 9.672805e-01 9.708654e-01 9.773454e-01 9.854553e-01 9.897279e-01 9.939730e-01 9.964564e-01 9.972693e-01 1.000988e+00 1.012254e+00 1.013834e+00 1.020941e+00 1.024632e+00 1.044739e+00 1.061824e+00 1.126494e+00 
41 575 1.563325e-01 1.126766e+00 9.181671e-01 9.181671e-01 9.206771e-01 9.220675e-01 9.282738e-01 9.296275e-01 9.305914e-01 9.339755e-01 9.392473e-01 9.409529e-01 9.428047e-01 9.447492e-01 9.456416e-01 9.495619e-01 9.528425e-01 9.552022e-01 9.591421e-01 9.598708e-01 9.648311e-01 9.659452e-01 9.685216e-01 9.754974e-01 9.838153e-01 9.912475e-01 9.940497e-01 9.961583e-01 9.988309e-01 1.000876e+00 1.011980e+00 1.018910e+00 1.022386e+00 1.023156e+00 1.043366e+00 1.064026e+00 1.126766e+00 
42 589 1.521122e-01 1.129522e+00 9.160130e-01 9.160130e-01 9.188337e-01 9.216076e-01 9.275868e-01 9.286542e-01 9.310116e-01 9.343462e-01 9.368597e-01 9.398916e-01 9.413081e-01 9.443376e-01 9.446333e-01 9.479252e-01 9.516529e-01 9.543564e-01 9.579724e-01 9.604757e-01 9.633041e-01 9.651329e-01 9.684781e-01 9.744247e-01 9.824255e-01 9.906104e-01 9.938659e-01 9.967976e-01 9.982998e-01 1.001514e+00 1.010715e+00 1.018817e+00 1.020542e+00 1.024745e+00 1.043890e+00 1.066105e+00 1.129522e+00 
43 603 1.500386e-01 1.128599e+00 9.147726e-01 9.147726e-01 9.181094e-01 9.215515e-01 9.252233e-01 9.271394e-01 9.320258e-01 9.327958e-01 9.347793e-01 9.394465e-01 9.410724e-01 9.431627e-01 9.447477e-01 9.489396e-01 9.502350e-01 9.529169e-01 9.566777e-01 9.602310e-01 9.631189e-01 9.644374e-01 9.702541e-01 9.747895e-01 9.829257e-01 9.894184e-01 9.926408e-01 9.956983e-01 9.992058e-01 1.007064e+00 1.011432e+00 1.016376e+00 1.021045e+00 1.025735e+00 1.041857e+00 1.065372e+00 1.128599e+00 
44 617 1.476996e-01 1.127848e+00 9.136594e-01 9.136594e-01 9.170541e-01 9.205503e-01 9.235730e-01 9.250230e-01 9.301488e-01 9.320052e-01 9.346086e-01 9.375441e-01 9.402885e-01 9.418429e-01 9.445171e-01 9.470750e-01 9.491217e-01 9.512708e-01 9.548605e-01 9.590494e-01 9.630729e-01 9.656928e-01 9.703074e-01 9.738231e-01 9.810246e-01 9.891808e-01 9.908688e-01 9.967989e-01 1.002857e+00 1.008334e+00 1.012122e+00 1.015685e+00 1.019441e+00 1.025989e+00 1.039920e+00 1.067662e+00 1.127848e+00 
45 631 2.046798e-01 1.125896e+00 9.115371e-01 9.115371e-01 9.152219e-01 9.186082e-01 9.221489e-01 9.238057e-01 9.294396e-01 9.321303e-01 9.327895e-01 9.373391e-01 9.387823e-01 9.425420e-01 9.443771e-01 9.462057e-01 9.474547e-01 9.494993e-01 9.544722e-01 9.582992e-01 9.646194e-01 9.659416e-01 9.697442e-01 9.747707e-01 9.811656e-01 9.889883e-01 9.929967e-01 9.948068e-01 1.001477e+00 1.007129e+00 1.010663e+00 1.016858e+00 1.020209e+00 1.027443e+00 1.041180e+00 1.073496e+00 1.125896e+00 
46 645 2.023710e-01 1.125150e+00 9.095848e-01 9.095848e-01 9.145677e-01 9.168768e-01 9.219723e-01 9.223101e-01 9.284319e-01 9.310150e-01 9.337759e-01 9.360252e-01 9.389598e-01 9.409625e-01 9.422226e-01 9.451979e-01 9.465945e-01 9.507403e-01 9.533416e-01 9.563524e-01 9.634693e-01 9.659267e-01 9.706078e-01 9.757865e-01 9.798488e-01 9.882453e-01 9.930621e-01 9.950982e-01 9.998380e-01 1.008311e+00 1.010940e+00 1.018296e+00 1.018432e+00 1.027102e+00 1.039585e+00 1.082050e+00 1.125150e+00 
47 659 1.985146e-01 1.123921e+00 9.081597e-01 9.081597e-01 9.139141e-01 9.173167e-01 9.196893e-01 9.211395e-01 9.270149e-01 9.294137e-01 9.317427e-01 9.345121e-01 9.372606e-01 9.401412e-01 9.422873e-01 9.438331e-01 9.451675e-01 9.503262e-01 9.526322e-01 9.581912e-01 9.636490e-01 9.646208e-01 9.696261e-01 9.757973e-01 9.826137e-01 9.866589e-01 9.915551e-01 9.937728e-01 9.987948e-01 1.007500e+00 1.015380e+00 1.017670e+00 1.018533e+00 1.031635e+00 1.039435e+00 1.086413e+00 1.123921e+00 
48 673 1.941467e-01 1.123906e+00 9.078778e-01 9.078778e-01 9.133593e-01 9.163145e-01 9.187349e-01 9.213893e-01 9.256036e-01 9.277298e-01 9.301870e-01 9.324783e-01 9.365033e-01 9.400556e-01 9.417470e-01 9.440296e-01 9.470070e-01 9.489845e-01 9.532746e-01 9.571285e-01 9.619916e-01 9.625429e-01 9.680203e-01 9.762133e-01 9.817395e-01 9.850610e-01 9.896678e-01 9.925884e-01 9.971816e-01 1.005633e+00 1.014362e+00 1.018743e+00 1.023052e+00 1.034236e+00 1.039238e+00 1.090246e+00 1.123906e+00 
49 687 1.937934e-01 1.124227e+00 9.064019e-01 9.064019e-01 9.133884e-01 9.154469e-01 9.177869e-01 9.198717e-01 9.242722e-01 9.261649e-01 9.279478e-01 9.334501e-01 9.359502e-01 9.382146e-01 9.417208e-01 9.448120e-01 9.471074e-01 9.501186e-01 9.544860e-01 9.562760e-01 9.603731e-01 9.620881e-01 9.662604e-01 9.777413e-01 9.802280e-01 9.841160e-01 9.906190e-01 9.928171e-01 1.002546e+00 1.004167e+00 1.012955e+00 1.018104e+00 1.024197e+00 1.032368e+00 1.037929e+00 1.097373e+00 1.124227e+00 
50 701 1.884554e-01 1.122222e+00 9.049894e-01 9.049894e-01 9.123041e-01 9.141330e-01 9.161929e-01 9.189794e-01 9.223022e-01 9.247810e-01 9.272375e-01 9.330284e-01 9.340649e-01 9.376192e-01 9.399818e-01 9.429982e-01 9.449752e-01 9.492434e-01 9.530947e-01 9.581253e-01 9.602920e-01 9.631994e-01 9.662167e-01 9.785234e-01 9.799970e-01 9.878407e-01 9.903591e-01 9.922012e-01 1.000471e+00 1.004009e+00 1.012088e+00 1.018734e+00 1.025055e+00 1.030438e+00 1.036078e+00 1.100796e+00 1.122222e+00 
51 715 1.802082e-01 1.120332e+00 9.034626e-01 9.034626e-01 9.124994e-01 9.134611e-01 9.145330e-01 9.178638e-01 9.213725e-01 9.229454e-01 9.248724e-01 9.308718e-01 9.327205e-01 9.371391e-01 9.378753e-01 9.439274e-01 9.454753e-01 9.487239e-01 9.533648e-01 9.570695e-01 9.594738e-01 9.653446e-01 9.682197e-01 9.803377e-01 9.814342e-01 9.859946e-01 9.887059e-01 9.923722e-01 9.983187e-01 1.003608e+00 1.010277e+00 1.017063e+00 1.024611e+00 1.029669e+00 1.037118e+00 1.101624e+00 1.120332e+00 
52 729 1.713538e-01 1.119232e+00 9.022133e-01 9.022133e-01 9.115887e-01 9.123605e-01 9.133421e-01 9.163021e-01 9.195183e-01 9.209202e-01 9.240517e-01 9.289231e-01 9.310516e-01 9.364073e-01 9.380718e-01 9.431656e-01 9.454307e-01 9.479338e-01 9.520102e-01 9.548282e-01 9.587661e-01 9.649521e-01 9.674866e-01 9.799442e-01 9.812954e-01 9.845438e-01 9.871107e-01 9.920650e-01 9.978057e-01 1.001319e+00 1.010603e+00 1.015112e+00 1.022345e+00 1.027655e+00 1.041130e+00 1.103916e+00 1.119232e+00 
53 743 1.653705e-01 1.117913e+00 9.014609e-01 9.014609e-01 9.094564e-01 9.107414e-01 9.122500e-01 9.149514e-01 9.188309e-01 9.219285e-01 9.242289e-01 9.268082e-01 9.289459e-01 9.345540e-01 9.377175e-01 9.418790e-01 9.433687e-01 9.462217e-01 9.511083e-01 9.543386e-01 9.591971e-01 9.634430e-01 9.675845e-01 9.778939e-01 9.796748e-01 9.828700e-01 9.854522e-01 9.915681e-01 9.983134e-01 1.001559e+00 1.011852e+00 1.015722e+00 1.022603e+00 1.029038e+00 1.041356e+00 1.105671e+00 1.117913e+00 
54 757 2.226569e-01 1.116640e+00 8.996613e-01 8.996613e-01 9.086677e-01 9.098648e-01 9.117691e-01 9.134732e-01 9.173251e-01 9.218898e-01 9.230396e-01 9.260312e-01 9.282370e-01 9.335264e-01 9.354466e-01 9.406855e-01 9.418975e-01 9.468719e-01 9.487942e-01 9.536982e-01 9.587225e-01 9.622950e-01 9.672862e-01 9.784537e-01 9.786456e-01 9.820594e-01 9.837675e-01 9.898153e-01 9.975369e-01 1.000994e+00 1.010580e+00 1.018046e+00 1.024054e+00 1.028443e+00 1.043553e+00 1.105858e+00 1.116640e+00 
55 771 2.152283e-01 1.116049e+00 8.977609e-01 8.977609e-01 9.068122e-01 9.085616e-01 9.116587e-01 9.131956e-01 9.173751e-01 9.207490e-01 9.233714e-01 9.251858e-01 9.271267e-01 9.336534e-01 9.355064e-01 9.402937e-01 9.410794e-01 9.454206e-01 9.464592e-01 9.526804e-01 9.570531e-01 9.620585e-01 9.664044e-01 9.762403e-01 9.778432e-01 9.812097e-01 9.822277e-01 9.907743e-01 9.962214e-01 9.998349e-01 1.008365e+00 1.016588e+00 1.026532e+00 1.028492e+00 1.047001e+00 1.106939e+00 1.116049e+00 
56 785 2.074073e-01 1.113460e+00 8.988851e-01 8.988851e-01 9.069155e-01 9.078280e-01 9.101384e-01 9.120405e-01 9.158035e-01 9.187334e-01 9.212646e-01 9.233358e-01 9.262568e-01 9.320546e-01 9.347991e-01 9.380643e-01 9.403181e-01 9.436323e-01 9.446118e-01 9.511055e-01 9.549472e-01 9.610770e-01 9.666426e-01 9.743091e-01 9.773168e-01 9.794324e-01 9.820893e-01 9.898948e-01 9.955294e-01 1.002470e+00 1.007676e+00 1.017348e+00 1.025374e+00 1.029974e+00 1.047175e+00 1.105350e+00 1.113460e+00 
57 799 1.987865e-01 1.113936e+00 8.971442e-01 8.971442e-01 9.050697e-01 9.058619e-01 9.100485e-01 9.110208e-01 9.159567e-01 9.165906e-01 9.196028e-01 9.215862e-01 9.249034e-01 9.306018e-01 9.342729e-01 9.380303e-01 9.380618e-01 9.423763e-01 9.447839e-01 9.506597e-01 9.534029e-01 9.594243e-01 9.649562e-01 9.745414e-01 9.771013e-01 9.787449e-01 9.808579e-01 9.892999e-01 9.958631e-01 1.000687e+00 1.006371e+00 1.016377e+00 1.023207e+00 1.030116e+00 1.046214e+00 1.104206e+00 1.113936e+00 
58 813 1.881634e-01 1.116000e+00 8.963552e-01 8.963552e-01 9.037060e-01 9.038738e-01 9.084998e-01 9.104468e-01 9.146652e-01 9.151440e-01 9.186131e-01 9.203359e-01 9.245474e-01 9.288480e-01 9.324840e-01 9.363996e-01 9.381063e-01 9.407509e-01 9.435171e-01 9.516900e-01 9.559046e-01 9.575995e-01 9.638356e-01 9.722894e-01 9.756638e-01 9.778844e-01 9.799309e-01 9.889611e-01 9.940134e-01 9.988496e-01 1.005270e+00 1.015043e+00 1.022194e+00 1.029752e+00 1.045743e+00 1.102926e+00 1.116000e+00 
59 827 1.791009e-01 1.117354e+00 8.968378e-01 8.968378e-01 9.016588e-01 9.024071e-01 9.071963e-01 9.098798e-01 9.139850e-01 9.173060e-01 9.175317e-01 9.201529e-01 9.231527e-01 9.267860e-01 9.313468e-01 9.347194e-01 9.363406e-01 9.404837e-01 9.416284e-01 9.508471e-01 9.548859e-01 9.563832e-01 9.631948e-01 9.701650e-01 9.759926e-01 9.775217e-01 9.789743e-01 9.895017e-01 9.936502e-01 1.002286e+00 1.004607e+00 1.017255e+00 1.021371e+00 1.031857e+00 1.044121e+00 1.101604e+00 1.117354e+00 
60 841 1.698329e-01 1.118147e+00 8.953766e-01 8.953766e-01 9.012922e-01 9.014759e-01 9.069008e-01 9.075904e-01 9.126353e-01 9.160457e-01 9.169763e-01 9.183721e-01 9.219145e-01 9.262467e-01 9.294806e-01 9.328935e-01 9.347780e-01 9.392434e-01 9.411454e-01 9.487353e-01 9.545763e-01 9.568479e-01 9.617532e-01 9.699622e-01 9.754987e-01 9.761833e-01 9.786957e-01 9.884868e-01 9.948937e-01 9.997034e-01 1.003766e+00 1.015933e+00 1.019531e+00 1.032549e+00 1.042669e+00 1.099300e+00 1.118147e+00 
61 855 1.614297e-01 1.120216e+00 8.939056e-01 8.939056e-01 8.996250e-01 8.999231e-01 9.055932e-01 9.067295e-01 9.108989e-01 9.137036e-01 9.162419e-01 9.207157e-01 9.227584e-01 9.267244e-01 9.288694e-01 9.324998e-01 9.335081e-01 9.375523e-01 9.401495e-01 9.469528e-01 9.535914e-01 9.567346e-01 9.613649e-01 9.687339e-01 9.735104e-01 9.743829e-01 9.791328e-01 9.880854e-01 9.936285e-01 9.990707e-01 1.003364e+00 1.014281e+00 1.018493e+00 1.030692e+00 1.040882e+00 1.098669e+00 1.120216e+00 
62 869 2.178161e-01 1.120556e+00 8.929641e-01 8.929641e-01 8.987988e-01 8.990732e-01 9.044083e-01 9.060171e-01 9.108742e-01 9.139818e-01 9.157232e-01 9.189737e-01 9.206802e-01 9.270200e-01 9.288308e-01 9.322628e-01 9.345816e-01 9.387811e-01 9.443216e-01 9.458670e-01 9.552637e-01 9.578255e-01 9.626539e-01 9.665435e-01 9.729695e-01 9.755456e-01 9.794123e-01 9.876024e-01 9.926446e-01 9.971170e-01 1.002113e+00 1.013751e+00 1.017619e+00 1.028922e+00 1.039031e+00 1.097952e+00 1.120556e+00 
63 883 2.107330e-01 1.119394e+00 8.909946e-01 8.909946e-01 8.974758e-01 8.986750e-01 9.035859e-01 9.064575e-01 9.087543e-01 9.122364e-01 9.142008e-01 9.188495e-01 9.214460e-01 9.256554e-01 9.276372e-01 9.316460e-01 9.339666e-01 9.371075e-01 9.445394e-01 9.481954e-01 9.534701e-01 9.575878e-01 9.620941e-01 9.690697e-01 9.717031e-01 9.737066e-01 9.773216e-01 9.853183e-01 9.926227e-01 9.974918e-01 1.003539e+00 1.011445e+00 1.019912e+00 1.027215e+00 1.037142e+00 1.097096e+00 1.119394e+00 
64 897 2.039051e-01 1.122012e+00 8.899321e-01 8.899321e-01 8.954674e-01 8.978629e-01 9.031108e-01 9.041919e-01 9.096383e-01 9.127409e-01 9.131744e-01 9.187508e-01 9.227249e-01 9.248537e-01 9.267047e-01 9.296920e-01 9.325914e-01 9.354422e-01 9.434587e-01 9.474149e-01 9.522791e-01 9.552546e-01 9.606492e-01 9.679230e-01 9.714035e-01 9.723045e-01 9.769964e-01 9.835255e-01 9.922811e-01 9.965816e-01 1.002477e+00 1.010135e+00 1.020362e+00 1.035493e+00 1.037058e+00 1.095050e+00 1.122012e+00 
65 911 1.912449e-01 1.119566e+00 8.881089e-01 8.881089e-01 8.935401e-01 8.965601e-01 9.015916e-01 9.028994e-01 9.094454e-01 9.108926e-01 9.112019e-01 9.168503e-01 9.225485e-01 9.234515e-01 9.259800e-01 9.278003e-01 9.316471e-01 9.365509e-01 9.420244e-01 9.454196e-01 9.506691e-01 9.535841e-01 9.594134e-01 9.668346e-01 9.704971e-01 9.727989e-01 9.766695e-01 9.824724e-01 9.907227e-01 9.963590e-01 1.003439e+00 1.007716e+00 1.021894e+00 1.034222e+00 1.036866e+00 1.093227e+00 1.119566e+00 
66 925 1.851462e-01 1.117898e+00 8.865437e-01 8.865437e-01 8.919215e-01 8.949258e-01 9.011621e-01 9.014977e-01 9.077715e-01 9.091170e-01 9.112355e-01 9.153130e-01 9.216911e-01 9.231892e-01 9.242467e-01 9.291196e-01 9.349139e-01 9.370031e-01 9.407611e-01 9.460591e-01 9.488618e-01 9.532513e-01 9.578494e-01 9.648114e-01 9.693060e-01 9.720382e-01 9.776979e-01 9.831340e-01 9.909537e-01 9.954091e-01 1.003981e+00 1.007942e+00 1.022333e+00 1.032092e+00 1.036272e+00 1.091261e+00 1.117898e+00 
67 939 1.772156e-01 1.115553e+00 8.854512e-01 8.854512e-01 8.896971e-01 8.931219e-01 9.000178e-01 9.020160e-01 9.059929e-01 9.073772e-01 9.116669e-01 9.138639e-01 9.195513e-01 9.225478e-01 9.245248e-01 9.288010e-01 9.331124e-01 9.385190e-01 9.407767e-01 9.456013e-01 9.490427e-01 9.543893e-01 9.575281e-01 9.634841e-01 9.689305e-01 9.706983e-01 9.764162e-01 9.819056e-01 9.897660e-01 9.952446e-01 1.001732e+00 1.007362e+00 1.020112e+00 1.029946e+00 1.034587e+00 1.095984e+00 1.115553e+00 
68 953 2.378928e-01 1.113219e+00 8.836551e-01 8.836551e-01 8.895636e-01 8.911448e-01 9.000226e-01 9.013788e-01 9.041893e-01 9.057315e-01 9.099171e-01 9.126285e-01 9.175310e-01 9.214010e-01 9.232441e-01 9.297865e-01 9.322533e-01 9.372520e-01 9.416800e-01 9.448319e-01 9.476746e-01 9.554634e-01 9.562572e-01 9.647611e-01 9.692014e-01 9.729817e-01 9.744182e-01 9.818205e-01 9.895760e-01 9.939224e-01 1.003378e+00 1.006580e+00 1.018536e+00 1.028293e+00 1.034482e+00 1.096131e+00 1.113219e+00 
69 967 2.308663e-01 1.114943e+00 8.818625e-01 8.818625e-01 8.881949e-01 8.896249e-01 8.993801e-01 9.007032e-01 9.030242e-01 9.047170e-01 9.099707e-01 9.113369e-01 9.170091e-01 9.195065e-01 9.213221e-01 9.279670e-01 9.323887e-01 9.360229e-01 9.402563e-01 9.434908e-01 9.458714e-01 9.545031e-01 9.552286e-01 9.660556e-01 9.683814e-01 9.716330e-01 9.762178e-01 9.837876e-01 9.894062e-01 9.929996e-01 1.003135e+00 1.008062e+00 1.017234e+00 1.027339e+00 1.032897e+00 1.096479e+00 1.114943e+00 
70 981 2.233157e-01 1.113610e+00 8.800612e-01 8.800612e-01 8.860739e-01 8.884777e-01 8.984699e-01 9.004259e-01 9.024430e-01 9.046468e-01 9.089041e-01 9.097064e-01 9.151317e-01 9.178135e-01 9.192806e-01 9.274332e-01 9.309638e-01 9.349256e-01 9.387876e-01 9.425667e-01 9.459323e-01 9.525724e-01 9.566764e-01 9.662762e-01 9.666824e-01 9.699869e-01 9.747270e-01 9.844740e-01 9.875266e-01 9.943414e-01 1.001654e+00 1.009043e+00 1.017193e+00 1.025547e+00 1.031038e+00 1.096215e+00 1.113610e+00 
71 995 2.168358e-01 1.113931e+00 8.784106e-01 8.784106e-01 8.848079e-01 8.872788e-01 8.982928e-01 8.998094e-01 9.020404e-01 9.046794e-01 9.070535e-01 9.093808e-01 9.152898e-01 9.166705e-01 9.218912e-01 9.284172e-01 9.304046e-01 9.339059e-01 9.374419e-01 9.426804e-01 9.437956e-01 9.518740e-01 9.562820e-01 9.644226e-01 9.667008e-01 9.680864e-01 9.735416e-01 9.832662e-01 9.858612e-01 9.918247e-01 1.001362e+00 1.008521e+00 1.017161e+00 1.023121e+00 1.030026e+00 1.097305e+00 1.113931e+00 
72 1009 2.136829e-01 1.117948e+00 8.793160e-01 8.793160e-01 8.846039e-01 8.861401e-01 8.974767e-01 8.986805e-01 9.007780e-01 9.034003e-01 9.059851e-01 9.095945e-01 9.157736e-01 9.172028e-01 9.216071e-01 9.267466e-01 9.289464e-01 9.330277e-01 9.375904e-01 9.414659e-01 9.447009e-01 9.502193e-01 9.555042e-01 9.637450e-01 9.648085e-01 9.689452e-01 9.737285e-01 9.821952e-01 9.847387e-01 9.908182e-01 1.001809e+00 1.011629e+00 1.016896e+00 1.023780e+00 1.029283e+00 1.097754e+00 1.117948e+00 
73 1023 2.085577e-01 1.119429e+00 8.787719e-01 8.787719e-01 8.830118e-01 8.843527e-01 8.954968e-01 8.971417e-01 8.991885e-01 9.019787e-01 9.045167e-01 9.099074e-01 9.136938e-01 9.155732e-01 9.199597e-01 9.259179e-01 9.269665e-01 9.317083e-01 9.360117e-01 9.413901e-01 9.430508e-01 9.487623e-01 9.542152e-01 9.621551e-01 9.650292e-01 9.710753e-01 9.745131e-01 9.834789e-01 9.839487e-01 9.898179e-01 1.004618e+00 1.010657e+00 1.018664e+00 1.024090e+00 1.031983e+00 1.096989e+00 1.119429e+00 
74 1037 2.004167e-01 1.121332e+00 8.780954e-01 8.780954e-01 8.808137e-01 8.828169e-01 8.934629e-01 8.952489e-01 8.976244e-01 9.008117e-01 9.053465e-01 9.082577e-01 9.122043e-01 9.147333e-01 9.185056e-01 9.239787e-01 9.259193e-01 9.301918e-01 9.347395e-01 9.398834e-01 9.418881e-01 9.472320e-01 9.528053e-01 9.602438e-01 9.649778e-01 9.713628e-01 9.734485e-01 9.816478e-01 9.825124e-01 9.883245e-01 1.003853e+00 1.009295e+00 1.018867e+00 1.023111e+00 1.034382e+00 1.095497e+00 1.121332e+00 
75 1051 1.926725e-01 1.121762e+00 8.763388e-01 8.763388e-01 8.795120e-01 8.813977e-01 8.927364e-01 8.934878e-01 8.972097e-01 8.991048e-01 9.054087e-01 9.075910e-01 9.107205e-01 9.137800e-01 9.210597e-01 9.224436e-01 9.241876e-01 9.296463e-01 9.333346e-01 9.385865e-01 9.413072e-01 9.449367e-01 9.509199e-01 9.601474e-01 9.641435e-01 9.709748e-01 9.726088e-01 9.805948e-01 9.840791e-01 9.875187e-01 1.001963e+00 1.009244e+00 1.018045e+00 1.022414e+00 1.033147e+00 1.093676e+00 1.121762e+00 
76 1065 1.832227e-01 1.121673e+00 8.753077e-01 8.753077e-01 8.784043e-01 8.810238e-01 8.906897e-01 8.938144e-01 8.953872e-01 8.999140e-01 9.041682e-01 9.060166e-01 9.098463e-01 9.133302e-01 9.210410e-01 9.224725e-01 9.248312e-01 9.318565e-01 9.322461e-01 9.370616e-01 9.419366e-01 9.447452e-01 9.502135e-01 9.579529e-01 9.659660e-01 9.697082e-01 9.734419e-01 9.806980e-01 9.837869e-01 9.868065e-01 1.001265e+00 1.009846e+00 1.017479e+00 1.020898e+00 1.032522e+00 1.091664e+00 1.121673e+00 
77 1079 1.762913e-01 1.120368e+00 8.737152e-01 8.737152e-01 8.774514e-01 8.799637e-01 8.903309e-01 8.918012e-01 8.951894e-01 8.988087e-01 9.029178e-01 9.056888e-01 9.083382e-01 9.132101e-01 9.193984e-01 9.208615e-01 9.244664e-01 9.302882e-01 9.346979e-01 9.355182e-01 9.420871e-01 9.453928e-01 9.499907e-01 9.567971e-01 9.668638e-01 9.685268e-01 9.740659e-01 9.796445e-01 9.814067e-01 9.873508e-01 1.001659e+00 1.009706e+00 1.016862e+00 1.022255e+00 1.032948e+00 1.090953e+00 1.120368e+00 
78 1093 1.673702e-01 1.119535e+00 8.726424e-01 8.726424e-01 8.752420e-01 8.799667e-01 8.882856e-01 8.897464e-01 8.956928e-01 8.971412e-01 9.010528e-01 9.047501e-01 9.084646e-01 9.118545e-01 9.172186e-01 9.202153e-01 9.241482e-01 9.305017e-01 9.350181e-01 9.355065e-01 9.413150e-01 9.438259e-01 9.512954e-01 9.556217e-01 9.673178e-01 9.688553e-01 9.725038e-01 9.785876e-01 9.805268e-01 9.855955e-01 1.000851e+00 1.008708e+00 1.015350e+00 1.021110e+00 1.033113e+00 1.088653e+00 1.119535e+00 
79 1107 2.206325e-01 1.116950e+00 8.714376e-01 8.714376e-01 8.743315e-01 8.844823e-01 8.876055e-01 8.890340e-01 8.946900e-01 8.956730e-01 9.007974e-01 9.047796e-01 9.087165e-01 9.103907e-01 9.165117e-01 9.202742e-01 9.224122e-01 9.315101e-01 9.334981e-01 9.353077e-01 9.416829e-01 9.446922e-01 9.496165e-01 9.552706e-01 9.654281e-01 9.686735e-01 9.702330e-01 9.774232e-01 9.785839e-01 9.907890e-01 9.990506e-01 1.011710e+00 1.014093e+00 1.019575e+00 1.036162e+00 1.088871e+00 1.116950e+00 
80 1121 2.123810e-01 1.114388e+00 8.699061e-01 8.699061e-01 8.732088e-01 8.838325e-01 8.857153e-01 8.874497e-01 8.929004e-01 8.947176e-01 9.026156e-01 9.037137e-01 9.081627e-01 9.093920e-01 9.145518e-01 9.184829e-01 9.224200e-01 9.294836e-01 9.316400e-01 9.331792e-01 9.408291e-01 9.465098e-01 9.479888e-01 9.531776e-01 9.638634e-01 9.671222e-01 9.693553e-01 9.766789e-01 9.819244e-01 9.896320e-01 9.968839e-01 1.009395e+00 1.014218e+00 1.018012e+00 1.035810e+00 1.089500e+00 1.114388e+00 
81 1135 2.064881e-01 1.116254e+00 8.686933e-01 8.686933e-01 8.714440e-01 8.825900e-01 8.853331e-01 8.860971e-01 8.930976e-01 8.954609e-01 9.008145e-01 9.037614e-01 9.067353e-01 9.082888e-01 9.139518e-01 9.171641e-01 9.212922e-01 9.294551e-01 9.298067e-01 9.323062e-01 9.397175e-01 9.449035e-01 9.464023e-01 9.523804e-01 9.635747e-01 9.654427e-01 9.673213e-01 9.751171e-01 9.835511e-01 9.906389e-01 9.962329e-01 1.008772e+00 1.012891e+00 1.019256e+00 1.033674e+00 1.088339e+00 1.116254e+00 
82 1149 2.008742e-01 1.118437e+00 8.679956e-01 8.679956e-01 8.698271e-01 8.819433e-01 8.832630e-01 8.844834e-01 8.917971e-01 8.939564e-01 8.990374e-01 9.028997e-01 9.055036e-01 9.090905e-01 9.127320e-01 9.152645e-01 9.194891e-01 9.278521e-01 9.286943e-01 9.313420e-01 9.378832e-01 9.437867e-01 9.451676e-01 9.527192e-01 9.617402e-01 9.650744e-01 9.662289e-01 9.727998e-01 9.831347e-01 9.923141e-01 9.970525e-01 1.008251e+00 1.012139e+00 1.018818e+00 1.034088e+00 1.088591e+00 1.118437e+00 
83 1163 1.980053e-01 1.118685e+00 8.663790e-01 8.663790e-01 8.689688e-01 8.803382e-01 8.824231e-01 8.840852e-01 8.913580e-01 8.939288e-01 8.973665e-01 9.009434e-01 9.042532e-01 9.076674e-01 9.111355e-01 9.146144e-01 9.177246e-01 9.275965e-01 9.291229e-01 9.313240e-01 9.363314e-01 9.421159e-01 9.468678e-01 9.541784e-01 9.608742e-01 9.644533e-01 9.650107e-01 9.755767e-01 9.814317e-01 9.915215e-01 9.981563e-01 1.009748e+00 1.009958e+00 1.019122e+00 1.035026e+00 1.088906e+00 1.118685e+00 
84 1177 1.938190e-01 1.117897e+00 8.649910e-01 8.649910e-01 8.680802e-01 8.789348e-01 8.816605e-01 8.840792e-01 8.909479e-01 8.952929e-01 8.971772e-01 9.001510e-01 9.044318e-01 9.063864e-01 9.102262e-01 9.135148e-01 9.162692e-01 9.261260e-01 9.272837e-01 9.302549e-01 9.361665e-01 9.402608e-01 9.446321e-01 9.534911e-01 9.594814e-01 9.632184e-01 9.660992e-01 9.749358e-01 9.801129e-01 9.903674e-01 9.986907e-01 1.007969e+00 1.011317e+00 1.017726e+00 1.034958e+00 1.089357e+00 1.117897e+00 
85 1191 1.897467e-01 1.116257e+00 8.636498e-01 8.636498e-01 8.687174e-01 8.779111e-01 8.797935e-01 8.827034e-01 8.929616e-01 8.931411e-01 8.971563e-01 9.000187e-01 9.025240e-01 9.051432e-01 9.099370e-01 9.132982e-01 9.147997e-01 9.239107e-01 9.268852e-01 9.344559e-01 9.358085e-01 9.392323e-01 9.478724e-01 9.519269e-01 9.603107e-01 9.624396e-01 9.669216e-01 9.742525e-01 9.809307e-01 9.888150e-01 9.969522e-01 1.006651e+00 1.010854e+00 1.017495e+00 1.035010e+00 1.089279e+00 1.116257e+00 
86 1205 1.853413e-01 1.114358e+00 8.637810e-01 8.637810e-01 8.674296e-01 8.761292e-01 8.778690e-01 8.810803e-01 8.915132e-01 8.946316e-01 8.957046e-01 8.988937e-01 9.011922e-01 9.029840e-01 9.084804e-01 9.131773e-01 9.181510e-01 9.233828e-01 9.261612e-01 9.335447e-01 9.358583e-01 9.382945e-01 9.493696e-01 9.505191e-01 9.584489e-01 9.604254e-01 9.670441e-01 9.749860e-01 9.805208e-01 9.889551e-01 9.968603e-01 1.005146e+00 1.011696e+00 1.016704e+00 1.036909e+00 1.087560e+00 1.114358e+00 
87 1219 1.766011e-01 1.112574e+00 8.620404e-01 8.620404e-01 8.663933e-01 8.760745e-01 8.761474e-01 8.791267e-01 8.893939e-01 8.926125e-01 8.936568e-01 8.979783e-01 8.999349e-01 9.025842e-01 9.075254e-01 9.121781e-01 9.165878e-01 9.221247e-01 9.244063e-01 9.341719e-01 9.362355e-01 9.370866e-01 9.479550e-01 9.509241e-01 9.567530e-01 9.592804e-01 9.686868e-01 9.743834e-01 9.805234e-01 9.891286e-01 9.962407e-01 1.003739e+00 1.009140e+00 1.018365e+00 1.036706e+00 1.085453e+00 1.112574e+00 
88 1233 2.353568e-01 1.111481e+00 8.603701e-01 8.603701e-01 8.670011e-01 8.739611e-01 8.760257e-01 8.775899e-01 8.883948e-01 8.909195e-01 8.927074e-01 8.964269e-01 8.992307e-01 9.021057e-01 9.072136e-01 9.139079e-01 9.168647e-01 9.199245e-01 9.227614e-01 9.324140e-01 9.350841e-01 9.358375e-01 9.461053e-01 9.498676e-01 9.552576e-01 9.578777e-01 9.689329e-01 9.750592e-01 9.797996e-01 9.871750e-01 9.942249e-01 1.001344e+00 1.007504e+00 1.017270e+00 1.040182e+00 1.085552e+00 1.111481e+00 
89 1247 2.273358e-01 1.109767e+00 8.584642e-01 8.584642e-01 8.665118e-01 8.730383e-01 8.741749e-01 8.771630e-01 8.872307e-01 8.905030e-01 8.906986e-01 8.946646e-01 8.980583e-01 9.012671e-01 9.060999e-01 9.143281e-01 9.164458e-01 9.192292e-01 9.224227e-01 9.313336e-01 9.336591e-01 9.350429e-01 9.459410e-01 9.493779e-01 9.545563e-01 9.588427e-01 9.674758e-01 9.744306e-01 9.827956e-01 9.855071e-01 9.938289e-01 1.002696e+00 1.007644e+00 1.015135e+00 1.041267e+00 1.089667e+00 1.109767e+00 
90 1261 2.208340e-01 1.114289e+00 8.573250e-01 8.573250e-01 8.649896e-01 8.722633e-01 8.734477e-01 8.772464e-01 8.863037e-01 8.886277e-01 8.900672e-01 8.943278e-01 8.973850e-01 9.009103e-01 9.047394e-01 9.142667e-01 9.152803e-01 9.192541e-01 9.241245e-01 9.304373e-01 9.314719e-01 9.340078e-01 9.446446e-01 9.475705e-01 9.535451e-01 9.570589e-01 9.698358e-01 9.736580e-01 9.818845e-01 9.840945e-01 9.925964e-01 1.000713e+00 1.005687e+00 1.015096e+00 1.041862e+00 1.091387e+00 1.114289e+00 
91 1275 2.106437e-01 1.118708e+00 8.558266e-01 8.558266e-01 8.632004e-01 8.703969e-01 8.716025e-01 8.765667e-01 8.848112e-01 8.874360e-01 8.883267e-01 8.934650e-01 8.962897e-01 8.998031e-01 9.031502e-01 9.135835e-01 9.138263e-01 9.175948e-01 9.236504e-01 9.286243e-01 9.316389e-01 9.341889e-01 9.431301e-01 9.455257e-01 9.529095e-01 9.563668e-01 9.704277e-01 9.724950e-01 9.801907e-01 9.828223e-01 9.918915e-01 1.000425e+00 1.005566e+00 1.013926e+00 1.046359e+00 1.091681e+00 1.118708e+00 
92 1289 2.033462e-01 1.117749e+00 8.543023e-01 8.543023e-01 8.616605e-01 8.683750e-01 8.698007e-01 8.750002e-01 8.832970e-01 8.867191e-01 8.899700e-01 8.918573e-01 8.950742e-01 8.997863e-01 9.016790e-01 9.125795e-01 9.136827e-01 9.178285e-01 9.233027e-01 9.289752e-01 9.333512e-01 9.336685e-01 9.415707e-01 9.463826e-01 9.519552e-01 9.565238e-01 9.688325e-01 9.707443e-01 9.788915e-01 9.810621e-01 9.925568e-01 9.988914e-01 1.003647e+00 1.013671e+00 1.044120e+00 1.090126e+00 1.117749e+00 
93 1303 1.942442e-01 1.115329e+00 8.531809e-01 8.531809e-01 8.594793e-01 8.670925e-01 8.681319e-01 8.741124e-01 8.819969e-01 8.855321e-01 8.897472e-01 8.914667e-01 8.928620e-01 8.982892e-01 9.023315e-01 9.106592e-01 9.137839e-01 9.177869e-01 9.227901e-01 9.271944e-01 9.322772e-01 9.330467e-01 9.396275e-01 9.459262e-01 9.527528e-01 9.575003e-01 9.676670e-01 9.710700e-01 9.772801e-01 9.793623e-01 9.917210e-01 9.980316e-01 1.004389e+00 1.013033e+00 1.042464e+00 1.089400e+00 1.115329e+00 
94 1317 1.854280e-01 1.113783e+00 8.512958e-01 8.512958e-01 8.576122e-01 8.653101e-01 8.665081e-01 8.730306e-01 8.823585e-01 8.835773e-01 8.883781e-01 8.896664e-01 8.921918e-01 8.964377e-01 9.008665e-01 9.092526e-01 9.122166e-01 9.161195e-01 9.220758e-01 9.254859e-01 9.304329e-01 9.346982e-01 9.393831e-01 9.441775e-01 9.510844e-01 9.562553e-01 9.668261e-01 9.715435e-01 9.751703e-01 9.773144e-01 9.916317e-01 9.961475e-01 1.004385e+00 1.012709e+00 1.041518e+00 1.093102e+00 1.113783e+00 
95 1331 1.793809e-01 1.112902e+00 8.492894e-01 8.492894e-01 8.578467e-01 8.634877e-01 8.692763e-01 8.730850e-01 8.808601e-01 8.851934e-01 8.868684e-01 8.892466e-01 8.915153e-01 8.950169e-01 8.996523e-01 9.076369e-01 9.105789e-01 9.160387e-01 9.215428e-01 9.255981e-01 9.308645e-01 9.334157e-01 9.391572e-01 9.430511e-01 9.507574e-01 9.563996e-01 9.652148e-01 9.696911e-01 9.738963e-01 9.797097e-01 9.897611e-01 9.966962e-01 1.002863e+00 1.011933e+00 1.039615e+00 1.094038e+00 1.112902e+00 
96 1345 1.755502e-01 1.111796e+00 8.476179e-01 8.476179e-01 8.561848e-01 8.617573e-01 8.684858e-01 8.733044e-01 8.795438e-01 8.839183e-01 8.854863e-01 8.874374e-01 8.900589e-01 8.936679e-01 8.984333e-01 9.052207e-01 9.103243e-01 9.146922e-01 9.200842e-01 9.253629e-01 9.296979e-01 9.319957e-01 9.370992e-01 9.447148e-01 9.518549e-01 9.569736e-01 9.670639e-01 9.686239e-01 9.742279e-01 9.798566e-01 9.887907e-01 9.972600e-01 1.002183e+00 1.014943e+00 1.038577e+00 1.094782e+00 1.111796e+00 
97 1359 1.713100e-01 1.113551e+00 8.464657e-01 8.464657e-01 8.542599e-01 8.599765e-01 8.666727e-01 8.725515e-01 8.781830e-01 8.820815e-01 8.840872e-01 8.868140e-01 8.882957e-01 8.929049e-01 8.985123e-01 9.047662e-01 9.091311e-01 9.148874e-01 9.181545e-01 9.261507e-01 9.276451e-01 9.317756e-01 9.402476e-01 9.453554e-01 9.554884e-01 9.563149e-01 9.671502e-01 9.703076e-01 9.744379e-01 9.829819e-01 9.874213e-01 9.965778e-01 1.001616e+00 1.016622e+00 1.036651e+00 1.094461e+00 1.113551e+00 
98 1373 1.647050e-01 1.114076e+00 8.460116e-01 8.460116e-01 8.528121e-01 8.597730e-01 8.650952e-01 8.712503e-01 8.762496e-01 8.815256e-01 8.826220e-01 8.852111e-01 8.880726e-01 8.915781e-01 8.984625e-01 9.036375e-01 9.079462e-01 9.139523e-01 9.178601e-01 9.245970e-01 9.256311e-01 9.307701e-01 9.389151e-01 9.456794e-01 9.550199e-01 9.593283e-01 9.662104e-01 9.692754e-01 9.738001e-01 9.824326e-01 9.862204e-01 9.982721e-01 1.002010e+00 1.017162e+00 1.036889e+00 1.093442e+00 1.114076e+00 
99 1387 1.591079e-01 1.115226e+00 8.447780e-01 8.447780e-01 8.508671e-01 8.605834e-01 8.650524e-01 8.699257e-01 8.764698e-01 8.795503e-01 8.814295e-01 8.836311e-01 8.877832e-01 8.901834e-01 8.976636e-01 9.051854e-01 9.067349e-01 9.127863e-01 9.167501e-01 9.240107e-01 9.244365e-01 9.301029e-01 9.388648e-01 9.439958e-01 9.529383e-01 9.597346e-01 9.660688e-01 9.719888e-01 9.734455e-01 9.819712e-01 9.880399e-01 9.964549e-01 1.000489e+00 1.019579e+00 1.038926e+00 1.091795e+00 1.115226e+00 
100 1401 1.533641e-01 1.114047e+00 8.430755e-01 8.430755e-01 8.495698e-01 8.595814e-01 8.630006e-01 8.694054e-01 8.747441e-01 8.783318e-01 8.808485e-01 8.819715e-01 8.862936e-01 8.891313e-01 8.971607e-01 9.042954e-01 9.059569e-01 9.122016e-01 9.155082e-01 9.227166e-01 9.232785e-01 9.304964e-01 9.390899e-01 9.426456e-01 9.528267e-01 9.582928e-01 9.668854e-01 9.711886e-01 9.756390e-01 9.831145e-01 9.858737e-01 9.974784e-01 9.996166e-01 1.019734e+00 1.041355e+00 1.093114e+00 1.114047e+00 
101 1415 1.476823e-01 1.114147e+00 8.415178e-01 8.415178e-01 8.476066e-01 8.595860e-01 8.613018e-01 8.672859e-01 8.726524e-01 8.771988e-01 8.796718e-01 8.818316e-01 8.872081e-01 8.893748e-01 8.956320e-01 9.024682e-01 9.046846e-01 9.119033e-01 9.139082e-01 9.212189e-01 9.224356e-01 9.322205e-01 9.393298e-01 9.429051e-01 9.517401e-01 9.560485e-01 9.648995e-01 9.693344e-01 9.767990e-01 9.818292e-01 9.889684e-01 9.969994e-01 9.985347e-01 1.020705e+00 1.041353e+00 1.092457e+00 1.114147e+00 
102 1429 1.445703e-01 1.114764e+00 8.407828e-01 8.407828e-01 8.467082e-01 8.588880e-01 8.640349e-01 8.665676e-01 8.716582e-01 8.759785e-01 8.791917e-01 8.815223e-01 8.857184e-01 8.871912e-01 8.944894e-01 9.025199e-01 9.041833e-01 9.107914e-01 9.119789e-01 9.204951e-01 9.251704e-01 9.310905e-01 9.376782e-01 9.424472e-01 9.494337e-01 9.549917e-01 9.629403e-01 9.684315e-01 9.753965e-01 9.853530e-01 9.890247e-01 9.957824e-01 1.001087e+00 1.020409e+00 1.041329e+00 1.098350e+00 1.114764e+00 
103 1443 1.964364e-01 1.114710e+00 8.400606e-01 8.400606e-01 8.453321e-01 8.569727e-01 8.628194e-01 8.658135e-01 8.705257e-01 8.754582e-01 8.771234e-01 8.807996e-01 8.846429e-01 8.873179e-01 8.928786e-01 9.004648e-01 9.046458e-01 9.104964e-01 9.117035e-01 9.191877e-01 9.236096e-01 9.318717e-01 9.370716e-01 9.427643e-01 9.495621e-01 9.569128e-01 9.606270e-01 9.690210e-01 9.734979e-01 9.848622e-01 9.897115e-01 9.936986e-01 1.005234e+00 1.021643e+00 1.043323e+00 1.098293e+00 1.114710e+00 
104 1457 1.904388e-01 1.113307e+00 8.421226e-01 8.421226e-01 8.434684e-01 8.559016e-01 8.629197e-01 8.646953e-01 8.695304e-01 8.741790e-01 8.787670e-01 8.794241e-01 8.842169e-01 8.864985e-01 8.928791e-01 8.988599e-01 9.038115e-01 9.094390e-01 9.120418e-01 9.183210e-01 9.220010e-01 9.305292e-01 9.367653e-01 9.427025e-01 9.477579e-01 9.548409e-01 9.608352e-01 9.669702e-01 9.711674e-01 9.834052e-01 9.898840e-01 9.926332e-01 1.007381e+00 1.020791e+00 1.044555e+00 1.096972e+00 1.113307e+00 
105 1471 1.832330e-01 1.113894e+00 8.401613e-01 8.401613e-01 8.418820e-01 8.541841e-01 8.617410e-01 8.639364e-01 8.678082e-01 8.728198e-01 8.775731e-01 8.800580e-01 8.861518e-01 8.873858e-01 8.934333e-01 8.988993e-01 9.024360e-01 9.079767e-01 9.113679e-01 9.169829e-01 9.209325e-01 9.307349e-01 9.350924e-01 9.407698e-01 9.469179e-01 9.531683e-01 9.590162e-01 9.648833e-01 9.686795e-01 9.862794e-01 9.896684e-01 9.921730e-01 1.008774e+00 1.018643e+00 1.044497e+00 1.097596e+00 1.113894e+00 
106 1485 1.754403e-01 1.114982e+00 8.388855e-01 8.388855e-01 8.402842e-01 8.523910e-01 8.603109e-01 8.624444e-01 8.664371e-01 8.714854e-01 8.781252e-01 8.801417e-01 8.853168e-01 8.879004e-01 8.921849e-01 8.971362e-01 9.009881e-01 9.058225e-01 9.103721e-01 9.152405e-01 9.197938e-01 9.306852e-01 9.338560e-01 9.403039e-01 9.455285e-01 9.511925e-01 9.581728e-01 9.638329e-01 9.721452e-01 9.868837e-01 9.900881e-01 9.924642e-01 1.009532e+00 1.018806e+00 1.044028e+00 1.097755e+00 1.114982e+00 
107 1499 1.688021e-01 1.115079e+00 8.371974e-01 8.371974e-01 8.392371e-01 8.516345e-01 8.594774e-01 8.609563e-01 8.659707e-01 8.696375e-01 8.758597e-01 8.799006e-01 8.844680e-01 8.873297e-01 8.923313e-01 8.959091e-01 8.996934e-01 9.036464e-01 9.089965e-01 9.149440e-01 9.181463e-01 9.307171e-01 9.325262e-01 9.386457e-01 9.455712e-01 9.489882e-01 9.570405e-01 9.641325e-01 9.719188e-01 9.853614e-01 9.904065e-01 9.914359e-01 1.010088e+00 1.016917e+00 1.042581e+00 1.099959e+00 1.115079e+00 
108 1513 1.636972e-01 1.113024e+00 8.350716e-01 8.350716e-01 8.375515e-01 8.516544e-01 8.581248e-01 8.593835e-01 8.651649e-01 8.694177e-01 8.746341e-01 8.798105e-01 8.845881e-01 8.862858e-01 8.913774e-01 8.968366e-01 8.987497e-01 9.030146e-01 9.080316e-01 9.150899e-01 9.177827e-01 9.291717e-01 9.317691e-01 9.380979e-01 9.469494e-01 9.472324e-01 9.553286e-01 9.620808e-01 9.701467e-01 9.835096e-01 9.922784e-01 9.982432e-01 1.009061e+00 1.018684e+00 1.043686e+00 1.101300e+00 1.113024e+00 
109 1527 1.609685e-01 1.113205e+00 8.340581e-01 8.340581e-01 8.360030e-01 8.506709e-01 8.562645e-01 8.578008e-01 8.632751e-01 8.695966e-01 8.757397e-01 8.789476e-01 8.831707e-01 8.844283e-01 8.903884e-01 8.948125e-01 8.979260e-01 9.011787e-01 9.074322e-01 9.153879e-01 9.174533e-01 9.281508e-01 9.322737e-01 9.392226e-01 9.447826e-01 9.484650e-01 9.582374e-01 9.601247e-01 9.713716e-01 9.820842e-01 9.896981e-01 1.001107e+00 1.011314e+00 1.021521e+00 1.042627e+00 1.101738e+00 1.113205e+00 
110 1541 2.215596e-01 1.111767e+00 8.325319e-01 8.325319e-01 8.377368e-01 8.501281e-01 8.548386e-01 8.565232e-01 8.612356e-01 8.696343e-01 8.737684e-01 8.783866e-01 8.833255e-01 8.836536e-01 8.885304e-01 8.952842e-01 8.978510e-01 9.022017e-01 9.072177e-01 9.155537e-01 9.166637e-01 9.266382e-01 9.314120e-01 9.386643e-01 9.436021e-01 9.479165e-01 9.572120e-01 9.589782e-01 9.691929e-01 9.805807e-01 9.875584e-01 1.001316e+00 1.011028e+00 1.022478e+00 1.042814e+00 1.105456e+00 1.111767e+00 
111 1555 2.160462e-01 1.111179e+00 8.309650e-01 8.309650e-01 8.369273e-01 8.482696e-01 8.534753e-01 8.550427e-01 8.612700e-01 8.683423e-01 8.719339e-01 8.766993e-01 8.821677e-01 8.855002e-01 8.874671e-01 8.933384e-01 8.962104e-01 9.006377e-01 9.059306e-01 9.155934e-01 9.168669e-01 9.262383e-01 9.318102e-01 9.395555e-01 9.420276e-01 9.491923e-01 9.554946e-01 9.579506e-01 9.679432e-01 9.783809e-01 9.869422e-01 9.996684e-01 1.009870e+00 1.023144e+00 1.042730e+00 1.104796e+00 1.111179e+00 
112 1569 2.072906e-01 1.111208e+00 8.289287e-01 8.289287e-01 8.348373e-01 8.482540e-01 8.517193e-01 8.540495e-01 8.605154e-01 8.665051e-01 8.715508e-01 8.752584e-01 8.801297e-01 8.849186e-01 8.874188e-01 8.920195e-01 8.951614e-01 8.994685e-01 9.054564e-01 9.162270e-01 9.168421e-01 9.254534e-01 9.311951e-01 9.380503e-01 9.401176e-01 9.494981e-01 9.553071e-01 9.571337e-01 9.684526e-01 9.771965e-01 9.854745e-01 9.989349e-01 1.009032e+00 1.022516e+00 1.041626e+00 1.103498e+00 1.111208e+00 
113 1583 1.985728e-01 1.110671e+00 8.279492e-01 8.279492e-01 8.336715e-01 8.478527e-01 8.496464e-01 8.539055e-01 8.599717e-01 8.646308e-01 8.731143e-01 8.744607e-01 8.782999e-01 8.837910e-01 8.862764e-01 8.901208e-01 8.934854e-01 8.998367e-01 9.054268e-01 9.153908e-01 9.175701e-01 9.267148e-01 9.293901e-01 9.376551e-01 9.390312e-01 9.488825e-01 9.540917e-01 9.557422e-01 9.669064e-01 9.761515e-01 9.856567e-01 9.987193e-01 1.008296e+00 1.021802e+00 1.040219e+00 1.104321e+00 1.110671e+00 
114 1597 1.911379e-01 1.109344e+00 8.263507e-01 8.263507e-01 8.325757e-01 8.462903e-01 8.488198e-01 8.528280e-01 8.608203e-01 8.646873e-01 8.722303e-01 8.740635e-01 8.778766e-01 8.831146e-01 8.852431e-01 8.914166e-01 8.923206e-01 9.018347e-01 9.060245e-01 9.143357e-01 9.154600e-01 9.254406e-01 9.283070e-01 9.373596e-01 9.377071e-01 9.476538e-01 9.540530e-01 9.545197e-01 9.678978e-01 9.761741e-01 9.845924e-01 9.981332e-01 1.011923e+00 1.021136e+00 1.038822e+00 1.105002e+00 1.109344e+00 
115 1611 1.859720e-01 1.107410e+00 8.259449e-01 8.259449e-01 8.311829e-01 8.446218e-01 8.469989e-01 8.510156e-01 8.617389e-01 8.642566e-01 8.701615e-01 8.729770e-01 8.774464e-01 8.811206e-01 8.873877e-01 8.902339e-01 8.938667e-01 9.054116e-01 9.092919e-01 9.139364e-01 9.155042e-01 9.243786e-01 9.274686e-01 9.359719e-01 9.373432e-01 9.497859e-01 9.522041e-01 9.543997e-01 9.660364e-01 9.741626e-01 9.862570e-01 9.965367e-01 1.013076e+00 1.019689e+00 1.036917e+00 1.104643e+00 1.107410e+00 
116 1625 1.846168e-01 1.105627e+00 8.248829e-01 8.248829e-01 8.301358e-01 8.428668e-01 8.451486e-01 8.506055e-01 8.615577e-01 8.645123e-01 8.708172e-01 8.735441e-01 8.772793e-01 8.796904e-01 8.857331e-01 8.893873e-01 8.953221e-01 9.040006e-01 9.087583e-01 9.149422e-01 9.167762e-01 9.222784e-01 9.266507e-01 9.346726e-01 9.374797e-01 9.505261e-01 9.506876e-01 9.553068e-01 9.642963e-01 9.723628e-01 9.880289e-01 9.953346e-01 1.012590e+00 1.021589e+00 1.035216e+00 1.103983e+00 1.105627e+00 
117 1639 1.838972e-01 1.105835e+00 8.238793e-01 8.238793e-01 8.287012e-01 8.414127e-01 8.434578e-01 8.490414e-01 8.597513e-01 8.643468e-01 8.700581e-01 8.723972e-01 8.761442e-01 8.791529e-01 8.854989e-01 8.877515e-01 8.962551e-01 9.019870e-01 9.074556e-01 9.128667e-01 9.158238e-01 9.212088e-01 9.247570e-01 9.338360e-01 9.355398e-01 9.492493e-01 9.507817e-01 9.554267e-01 9.639861e-01 9.733785e-01 9.923427e-01 9.947965e-01 1.018427e+00 1.024712e+00 1.035118e+00 1.103152e+00 1.105835e+00 
118 1653 1.842357e-01 1.105279e+00 8.225451e-01 8.225451e-01 8.273504e-01 8.409087e-01 8.420002e-01 8.474194e-01 8.621123e-01 8.626655e-01 8.693819e-01 8.711937e-01 8.754724e-01 8.794431e-01 8.851683e-01 8.876959e-01 8.960795e-01 9.007278e-01 9.060853e-01 9.132479e-01 9.165630e-01 9.200990e-01 9.229492e-01 9.321535e-01 9.346279e-01 9.488312e-01 9.511862e-01 9.563282e-01 9.628096e-01 9.744756e-01 9.916765e-01 9.933067e-01 1.017172e+00 1.035262e+00 1.035813e+00 1.101399e+00 1.105279e+00 
119 1667 1.825530e-01 1.105638e+00 8.219400e-01 8.219400e-01 8.257157e-01 8.395556e-01 8.404563e-01 8.454440e-01 8.607861e-01 8.629351e-01 8.692385e-01 8.697642e-01 8.746851e-01 8.791387e-01 8.843765e-01 8.863141e-01 8.946713e-01 8.991021e-01 9.048774e-01 9.131193e-01 9.175583e-01 9.184149e-01 9.245089e-01 9.315398e-01 9.366981e-01 9.496023e-01 9.511065e-01 9.585250e-01 9.622864e-01 9.743701e-01 9.890977e-01 9.930989e-01 1.014830e+00 1.034113e+00 1.041706e+00 1.102410e+00 1.105638e+00 
120 1681 1.760304e-01 1.103270e+00 8.208563e-01 8.208563e-01 8.241866e-01 8.386004e-01 8.398729e-01 8.485162e-01 8.600049e-01 8.635398e-01 8.672884e-01 8.686805e-01 8.729051e-01 8.779662e-01 8.826099e-01 8.848609e-01 8.944462e-01 8.974197e-01 9.028474e-01 9.124747e-01 9.174480e-01 9.179658e-01 9.244822e-01 9.299922e-01 9.362853e-01 9.483036e-01 9.491481e-01 9.579641e-01 9.620375e-01 9.729312e-01 9.895242e-01 9.944005e-01 1.012900e+00 1.033701e+00 1.044366e+00 1.099878e+00 1.103270e+00 
121 1695 1.726034e-01 1.101000e+00 8.197693e-01 8.197693e-01 8.226766e-01 8.372915e-01 8.389524e-01 8.487317e-01 8.582501e-01 8.626240e-01 8.655930e-01 8.678060e-01 8.725880e-01 8.783743e-01 8.822206e-01 8.857460e-01 8.935648e-01 8.976084e-01 9.015955e-01 9.113122e-01 9.156145e-01 9.175477e-01 9.237105e-01 9.282701e-01 9.364672e-01 9.475633e-01 9.487280e-01 9.560434e-01 9.598659e-01 9.720661e-01 9.907311e-01 9.921897e-01 1.011559e+00 1.033280e+00 1.049327e+00 1.100284e+00 1.101000e+00 
122 1709 1.657712e-01 1.099980e+00 8.179578e-01 8.179578e-01 8.211272e-01 8.368994e-01 8.375617e-01 8.481028e-01 8.569337e-01 8.623141e-01 8.652981e-01 8.661265e-01 8.710588e-01 8.772706e-01 8.805339e-01 8.854982e-01 8.930298e-01 8.959018e-01 8.998827e-01 9.100669e-01 9.136460e-01 9.166441e-01 9.222875e-01 9.264690e-01 9.362297e-01 9.453616e-01 9.491939e-01 9.560308e-01 9.587829e-01 9.717143e-01 9.896336e-01 9.901235e-01 1.009742e+00 1.032376e+00 1.052567e+00 1.098154e+00 1.099980e+00 
123 1723 1.592045e-01 1.098459e+00 8.178670e-01 8.178670e-01 8.190868e-01 8.350474e-01 8.362740e-01 8.468040e-01 8.568896e-01 8.606934e-01 8.638864e-01 8.672642e-01 8.702370e-01 8.757814e-01 8.815339e-01 8.839143e-01 8.919290e-01 8.945488e-01 8.988854e-01 9.088836e-01 9.124519e-01 9.145209e-01 9.228140e-01 9.267769e-01 9.354050e-01 9.435748e-01 9.479001e-01 9.541496e-01 9.586350e-01 9.701020e-01 9.888750e-01 9.919145e-01 1.008540e+00 1.032917e+00 1.056078e+00 1.096136e+00 1.098459e+00 
124 1737 1.569185e-01 1.096603e+00 8.163239e-01 8.163239e-01 8.178185e-01 8.328911e-01 8.372930e-01 8.453041e-01 8.548997e-01 8.598001e-01 8.642317e-01 8.658258e-01 8.703480e-01 8.752246e-01 8.808018e-01 8.847022e-01 8.916569e-01 8.938290e-01 8.985984e-01 9.072251e-01 9.103547e-01 9.130064e-01 9.214535e-01 9.267933e-01 9.349852e-01 9.418395e-01 9.473749e-01 9.538248e-01 9.637850e-01 9.678410e-01 9.880546e-01 9.944410e-01 1.006992e+00 1.034643e+00 1.056803e+00 1.094313e+00 1.096603e+00 
125 1751 1.533856e-01 1.095629e+00 8.149295e-01 8.149295e-01 8.173195e-01 8.322844e-01 8.377499e-01 8.439445e-01 8.544073e-01 8.581678e-01 8.632034e-01 8.664438e-01 8.721013e-01 8.735177e-01 8.797247e-01 8.845956e-01 8.909413e-01 8.929029e-01 8.991642e-01 9.051906e-01 9.086622e-01 9.146493e-01 9.205175e-01 9.262893e-01 9.361447e-01 9.424905e-01 9.461278e-01 9.522361e-01 9.639076e-01 9.661048e-01 9.870303e-01 9.961902e-01 1.006294e+00 1.035073e+00 1.056719e+00 1.092505e+00 1.095629e+00 
126 1765 1.490711e-01 1.096496e+00 8.139986e-01 8.139986e-01 8.161997e-01 8.324397e-01 8.363738e-01 8.432004e-01 8.536554e-01 8.571306e-01 8.610187e-01 8.682192e-01 8.720426e-01 8.730212e-01 8.783309e-01 8.833079e-01 8.893779e-01 8.924841e-01 8.984183e-01 9.044319e-01 9.091610e-01 9.133397e-01 9.195744e-01 9.257838e-01 9.364369e-01 9.428552e-01 9.451969e-01 9.523076e-01 9.644928e-01 9.656523e-01 9.859440e-01 9.976721e-01 1.004966e+00 1.033953e+00 1.055141e+00 1.091974e+00 1.096496e+00 
127 1779 1.461942e-01 1.096593e+00 8.125605e-01 8.125605e-01 8.148973e-01 8.309524e-01 8.359967e-01 8.423434e-01 8.521304e-01 8.549799e-01 8.623262e-01 8.662078e-01 8.700284e-01 8.735696e-01 8.765061e-01 8.820838e-01 8.884656e-01 8.924397e-01 8.983748e-01 9.059765e-01 9.073412e-01 9.115935e-01 9.181537e-01 9.257170e-01 9.351542e-01 9.425522e-01 9.452324e-01 9.521352e-01 9.631945e-01 9.702613e-01 9.854065e-01 9.963331e-01 1.006932e+00 1.032501e+00 1.054807e+00 1.089561e+00 1.096593e+00 
128 1793 1.431541e-01 1.099777e+00 8.112331e-01 8.112331e-01 8.132985e-01 8.288478e-01 8.350801e-01 8.410426e-01 8.506244e-01 8.552854e-01 8.617266e-01 8.657141e-01 8.690838e-01 8.723984e-01 8.760462e-01 8.819611e-01 8.881212e-01 8.911618e-01 8.983679e-01 9.042954e-01 9.071684e-01 9.117552e-01 9.169782e-01 9.253025e-01 9.332620e-01 9.412175e-01 9.456465e-01 9.509312e-01 9.627804e-01 9.720438e-01 9.857371e-01 9.961168e-01 1.007775e+00 1.031858e+00 1.062253e+00 1.087523e+00 1.099777e+00 
129 1807 1.403223e-01 1.099097e+00 8.097038e-01 8.097038e-01 8.113954e-01 8.277764e-01 8.364631e-01 8.423917e-01 8.517082e-01 8.536108e-01 8.596054e-01 8.656814e-01 8.686627e-01 8.721228e-01 8.753489e-01 8.812821e-01 8.892332e-01 8.909203e-01 8.974859e-01 9.043258e-01 9.098826e-01 9.105571e-01 9.168655e-01 9.255066e-01 9.324935e-01 9.396554e-01 9.463619e-01 9.497831e-01 9.609731e-01 9.728618e-01 9.840643e-01 9.952381e-01 1.007740e+00 1.030917e+00 1.063378e+00 1.086098e+00 1.099097e+00 
130 1821 1.927362e-01 1.098501e+00 8.079633e-01 8.079633e-01 8.110158e-01 8.270111e-01 8.349365e-01 8.410121e-01 8.500830e-01 8.526210e-01 8.580949e-01 8.665527e-01 8.678602e-01 8.731401e-01 8.737548e-01 8.792945e-01 8.891491e-01 8.918193e-01 8.984381e-01 9.044335e-01 9.082152e-01 9.106020e-01 9.171146e-01 9.281392e-01 9.330179e-01 9.375462e-01 9.489220e-01 9.504145e-01 9.589169e-01 9.724558e-01 9.834156e-01 9.966381e-01 1.007581e+00 1.030402e+00 1.066296e+00 1.085994e+00 1.098501e+00 
