%  columns="iteration, evaluation, void, void, void, xmean" (startseed=209686, 2023/08/17 11:3:34.88)
0 1 0 0 0 2.500000e-01 5.000000e-01 2.500000e-01 5.000000e-01 2.500000e-01 5.000000e-01 7.500000e-01 7.500000e-01 5.000000e-01 2.500000e-01 2.500000e-01 7.500000e-01 2.500000e-01 7.500000e-01 5.000000e-01 7.500000e-01 2.500000e-01 5.000000e-01 2.500000e-01 7.500000e-01 2.500000e-01 7.500000e-01 7.500000e-01 7.500000e-01 2.500000e-01 5.000000e-01 2.500000e-01 7.500000e-01 5.000000e-01 7.500000e-01 2.500000e-01 2.500000e-01 2.500000e-01 2.500000e-01 
1 15 0 0 0 2.986939e-01 5.776099e-01 2.452685e-01 5.523884e-01 2.504390e-01 7.024641e-01 7.248589e-01 6.229197e-01 2.991550e-01 1.179700e-01 2.132969e-01 7.371426e-01 3.864739e-01 5.473990e-01 3.094696e-01 8.368865e-01 3.778547e-01 5.468862e-01 2.871382e-01 8.584341e-01 3.474860e-01 6.664200e-01 6.730131e-01 7.621048e-01 3.265905e-01 6.739676e-01 5.132626e-01 9.747644e-01 4.376198e-01 8.102416e-01 2.138288e-01 5.167647e-01 1.512194e-01 2.220487e-01 
2 29 0 0 0 2.148070e-01 6.918865e-01 2.224270e-01 8.059623e-01 -3.968380e-02 6.619658e-01 1.083891e+00 3.650591e-01 3.438280e-01 7.383026e-02 1.599738e-01 5.659408e-01 2.084160e-01 4.188934e-01 1.639735e-01 8.708527e-01 4.830199e-01 5.575664e-01 2.577785e-01 9.560237e-01 4.961803e-01 7.290983e-01 6.564818e-01 8.403903e-01 3.296678e-01 8.037211e-01 4.946151e-01 1.034814e+00 5.245661e-01 1.040244e+00 4.804599e-01 4.697549e-01 5.564114e-02 4.624628e-01 
3 43 0 0 0 2.332339e-02 3.135988e-01 1.336100e-01 5.611879e-01 -1.559632e-01 6.067344e-01 8.779961e-01 1.012571e-01 3.864730e-01 9.585845e-02 -7.507264e-02 6.501030e-01 1.446851e-01 4.766953e-01 1.179441e-01 7.274235e-01 6.278751e-01 5.739726e-01 4.504806e-01 8.860903e-01 5.423736e-01 4.585256e-01 9.158269e-01 8.381168e-01 2.735063e-01 1.049781e+00 4.867407e-01 8.621842e-01 8.352585e-01 8.367333e-01 4.785227e-01 5.912257e-01 9.740248e-02 3.827074e-01 
4 57 0 0 0 1.074633e-01 5.999733e-01 4.479901e-01 3.275579e-01 -1.339591e-01 6.016943e-01 9.557233e-01 3.165345e-01 3.585683e-01 1.465195e-01 -2.029779e-01 9.067349e-01 1.738505e-01 6.614139e-01 5.198806e-01 9.770591e-01 8.212797e-01 3.148808e-01 8.056417e-01 9.910989e-01 5.796042e-01 5.988458e-01 7.554574e-01 6.368909e-01 4.201040e-01 9.879963e-01 1.825752e-01 7.391557e-01 6.326196e-01 6.061366e-01 3.354368e-01 5.069326e-01 -6.816338e-02 1.302351e-01 
5 71 0 0 0 2.403554e-01 7.051178e-01 1.326041e-01 4.057641e-01 1.071770e-01 6.333636e-01 7.380907e-01 3.576914e-01 4.659928e-01 1.468111e-01 -4.878313e-04 8.879325e-01 2.185256e-01 7.855089e-01 4.507339e-01 8.326146e-01 7.758345e-01 3.375754e-01 7.619904e-01 1.175359e+00 6.517297e-01 5.165223e-01 8.122108e-01 5.289141e-01 6.651636e-01 1.146061e+00 6.229307e-02 7.674474e-01 6.801716e-01 5.531699e-01 3.461871e-01 5.142727e-01 -1.552793e-01 3.875741e-02 
6 85 0 0 0 5.177365e-02 7.778958e-01 -6.834395e-02 2.857632e-01 1.044867e-01 7.173877e-01 7.013316e-01 2.993557e-01 5.896969e-01 -2.704400e-02 2.243903e-01 7.934397e-01 1.233713e-01 7.244809e-01 2.167429e-01 7.423917e-01 8.212108e-01 3.376923e-01 8.429863e-01 7.803955e-01 6.217230e-01 2.711664e-01 6.382549e-01 4.590088e-01 5.188209e-01 9.771354e-01 1.363494e-01 8.504833e-01 4.149745e-01 3.226679e-01 4.239696e-01 8.340330e-01 -2.125839e-01 -1.979794e-03 
7 99 0 0 0 1.335361e-01 7.734647e-01 -8.228838e-02 3.386358e-01 2.925820e-02 8.517911e-01 6.394971e-01 3.413957e-01 6.827675e-01 2.465520e-01 9.279482e-02 7.967784e-01 2.394088e-02 7.775906e-01 2.130197e-01 6.813822e-01 7.553688e-01 3.357424e-01 7.048678e-01 7.444434e-01 4.789484e-01 2.630352e-01 7.445794e-01 5.363244e-01 4.779394e-01 9.662235e-01 -6.044609e-02 1.035340e+00 2.457789e-01 4.168663e-01 6.296531e-01 9.779806e-01 -1.658932e-01 7.315569e-02 
8 113 0 0 0 2.921036e-01 7.686956e-01 -1.751229e-01 5.841241e-01 1.345844e-01 6.294068e-01 5.156016e-01 3.973334e-01 6.331654e-01 3.305713e-01 6.458984e-02 9.055195e-01 1.491520e-01 7.141419e-01 9.365643e-02 7.262465e-01 5.549694e-01 3.663611e-01 4.679552e-01 8.076844e-01 5.565045e-01 1.930341e-01 8.772480e-01 4.421542e-01 3.566806e-01 8.596389e-01 2.258528e-01 1.043207e+00 4.403146e-01 3.700995e-01 4.487047e-01 9.349652e-01 3.090938e-03 1.387137e-01 
9 127 0 0 0 3.492446e-01 5.173233e-01 6.392514e-02 5.933147e-01 3.608181e-01 8.407337e-01 4.014088e-01 3.948191e-01 3.866091e-01 6.106295e-01 3.357088e-02 1.042096e+00 2.530090e-01 8.496983e-01 3.471881e-01 7.921198e-01 4.812644e-01 2.637467e-01 7.096293e-01 7.673929e-01 7.081108e-01 1.129393e-01 7.303582e-01 5.593073e-01 5.396584e-01 6.217590e-01 1.065833e-01 8.596378e-01 6.116283e-01 2.390230e-01 4.193231e-01 1.016745e+00 6.740649e-02 1.527871e-01 
10 141 0 0 0 1.475651e-01 3.230080e-01 1.695642e-01 4.800217e-01 4.010210e-01 7.537548e-01 3.951563e-01 3.963289e-01 3.338588e-01 6.626582e-01 4.673050e-02 9.967085e-01 4.121690e-01 6.395664e-01 1.862330e-01 7.265714e-01 4.480541e-01 2.367995e-01 8.555903e-01 7.512002e-01 7.273472e-01 1.920383e-01 6.692293e-01 3.918162e-01 5.206528e-01 6.864120e-01 1.248849e-01 1.023892e+00 6.088314e-01 2.862055e-02 4.499590e-01 8.906349e-01 2.609939e-01 2.354699e-01 
11 155 0 0 0 3.610714e-01 3.921353e-01 3.017745e-03 3.901138e-01 4.845426e-01 8.629996e-01 3.752420e-01 2.796171e-01 2.338712e-01 3.668953e-01 2.371481e-01 1.073951e+00 4.470951e-01 7.155983e-01 2.758716e-01 6.457864e-01 4.130615e-01 2.544684e-01 7.903594e-01 7.430808e-01 5.898511e-01 3.312855e-01 8.111234e-01 4.193827e-01 3.838419e-01 6.678251e-01 3.354262e-01 9.166335e-01 6.582609e-01 7.911080e-02 5.100633e-01 7.123208e-01 4.386248e-01 3.490310e-01 
12 169 0 0 0 4.891197e-01 3.888379e-01 5.044274e-02 3.244769e-01 3.699337e-01 7.608073e-01 4.489825e-01 2.574293e-01 2.660071e-01 3.976802e-01 1.896574e-01 1.135477e+00 5.681733e-01 7.568563e-01 3.476505e-01 6.597274e-01 4.911940e-01 4.457942e-01 7.740432e-01 8.722573e-01 4.823647e-01 5.349239e-01 8.425971e-01 3.926444e-01 2.946872e-01 5.791104e-01 2.807557e-01 9.886016e-01 5.450680e-01 8.036608e-02 4.990191e-01 5.700782e-01 3.585230e-01 4.264601e-01 
13 183 0 0 0 4.186910e-01 3.668700e-01 -2.474056e-02 3.909389e-01 2.671900e-01 8.251541e-01 4.302417e-01 3.582490e-01 3.210949e-01 4.392634e-01 3.456123e-01 1.063970e+00 6.979028e-01 6.064974e-01 3.049276e-01 6.288113e-01 5.527827e-01 5.547824e-01 7.519854e-01 8.622925e-01 4.511821e-01 6.553123e-01 8.449136e-01 3.753144e-01 3.535064e-01 7.608868e-01 4.691433e-01 1.008904e+00 5.350128e-01 1.157719e-01 3.033178e-01 3.295922e-01 4.887942e-01 4.603436e-01 
14 197 0 0 0 5.130170e-01 4.731358e-01 1.461817e-01 4.200521e-01 1.471433e-01 8.320605e-01 3.921481e-01 2.826096e-01 2.804469e-01 3.706642e-01 3.201657e-01 8.704138e-01 6.063346e-01 5.899271e-01 1.275041e-01 6.059212e-01 4.474808e-01 5.870530e-01 6.558500e-01 7.376992e-01 2.368935e-01 6.476255e-01 7.274068e-01 2.435266e-02 4.445788e-01 8.597017e-01 3.806003e-01 9.458062e-01 3.770374e-01 8.986250e-02 2.428153e-01 1.634261e-01 5.334410e-01 5.513469e-01 
15 211 0 0 0 5.531545e-01 4.357135e-01 2.523144e-01 2.951939e-01 9.459704e-02 7.294917e-01 3.857536e-01 2.267374e-01 2.242391e-01 2.875272e-01 1.823660e-01 8.368252e-01 6.294744e-01 7.599407e-01 4.148699e-02 4.394696e-01 5.926838e-01 5.682284e-01 4.611215e-01 7.676409e-01 1.862499e-01 5.535370e-01 7.754278e-01 1.524986e-01 4.274207e-01 7.704895e-01 4.148060e-01 6.901326e-01 3.773822e-01 1.783675e-02 2.364701e-01 6.354826e-02 6.497405e-01 4.332406e-01 
16 225 0 0 0 4.478721e-01 3.668572e-01 3.332752e-01 4.256572e-01 1.336700e-01 8.447043e-01 3.451602e-01 2.612354e-01 2.922954e-01 3.962689e-01 2.799096e-01 6.186415e-01 5.603295e-01 5.922568e-01 7.806734e-02 3.837207e-01 6.730707e-01 6.636129e-01 4.052485e-01 7.590084e-01 2.947670e-01 5.256869e-01 7.638379e-01 2.717097e-01 4.305229e-01 7.857082e-01 4.590519e-01 7.292991e-01 3.052196e-01 1.068896e-01 3.647218e-01 -8.347137e-03 7.351863e-01 5.456185e-01 
17 239 0 0 0 4.393369e-01 3.648904e-01 2.774092e-01 3.093373e-01 3.276870e-02 6.393705e-01 4.891471e-01 3.056902e-01 1.329481e-01 5.778664e-01 2.618071e-01 4.763333e-01 5.641510e-01 5.126381e-01 1.300658e-01 4.611049e-01 6.947889e-01 5.674793e-01 3.315727e-01 8.565840e-01 2.376234e-01 6.314447e-01 7.406328e-01 1.287080e-01 3.605744e-01 6.547771e-01 4.439949e-01 6.918597e-01 2.155143e-01 1.696647e-01 3.447863e-01 2.484596e-01 6.845418e-01 5.783704e-01 
18 253 0 0 0 3.165233e-01 6.355990e-01 2.517434e-01 3.444449e-01 6.006062e-02 6.209418e-01 3.525896e-01 2.164266e-01 2.314294e-01 5.560590e-01 2.211685e-01 4.683011e-01 6.947899e-01 6.242266e-01 2.134779e-01 4.572201e-01 6.626255e-01 6.125926e-01 2.181915e-01 7.769276e-01 3.491398e-01 7.167908e-01 8.121378e-01 1.568993e-01 3.561811e-01 6.254311e-01 5.395752e-01 6.852398e-01 2.338303e-01 1.019772e-01 3.181147e-01 3.006142e-01 6.807981e-01 4.097245e-01 
19 267 0 0 0 3.669972e-01 5.896811e-01 2.381028e-01 4.123818e-01 2.251080e-01 6.769819e-01 4.040255e-01 4.065314e-01 2.193129e-01 5.987019e-01 3.297567e-01 3.456722e-01 5.635094e-01 6.958087e-01 2.045477e-01 4.907477e-01 6.365016e-01 6.246604e-01 3.722398e-01 8.402255e-01 4.290188e-01 6.942921e-01 8.370806e-01 3.177577e-01 3.894763e-01 6.577098e-01 6.570262e-01 7.843938e-01 2.047640e-01 2.535701e-01 3.552652e-01 4.280239e-01 5.676838e-01 3.713920e-01 
20 281 0 0 0 2.310891e-01 5.876131e-01 2.959473e-01 5.078137e-01 2.985945e-01 6.354437e-01 3.947096e-01 3.432930e-01 2.390715e-01 5.925490e-01 4.717761e-01 4.303639e-01 3.494610e-01 6.834988e-01 2.980747e-01 4.735154e-01 4.969002e-01 7.686845e-01 3.896113e-01 8.170170e-01 4.492481e-01 7.022883e-01 7.806283e-01 2.031852e-01 3.565878e-01 6.262636e-01 6.786375e-01 7.151187e-01 3.101395e-01 1.962104e-01 3.657541e-01 3.189181e-01 6.361978e-01 4.412316e-01 
21 295 0 0 0 3.192652e-01 7.232296e-01 2.523586e-01 5.750902e-01 1.672620e-01 7.582235e-01 3.575786e-01 2.520183e-01 4.426387e-01 5.899175e-01 4.052366e-01 4.507463e-01 4.264994e-01 7.318361e-01 3.198401e-01 3.401099e-01 4.864117e-01 5.623875e-01 4.625948e-01 7.314945e-01 6.261987e-01 7.486702e-01 7.659190e-01 2.847261e-01 2.957402e-01 6.429334e-01 5.990946e-01 7.782398e-01 3.800539e-01 2.957883e-01 4.098498e-01 3.611486e-01 5.847442e-01 4.311673e-01 
22 309 0 0 0 2.340850e-01 6.383059e-01 2.224389e-01 6.194617e-01 2.304948e-01 8.505724e-01 3.915875e-01 3.972563e-01 3.731508e-01 5.592100e-01 2.262654e-01 5.716543e-01 2.925055e-01 6.293766e-01 3.986386e-01 2.943898e-01 4.217157e-01 4.780835e-01 4.150201e-01 7.413806e-01 4.170587e-01 7.453011e-01 8.174322e-01 3.256250e-01 2.526237e-01 7.258196e-01 5.361037e-01 7.969862e-01 3.150627e-01 3.626284e-01 2.993827e-01 5.160774e-01 6.046975e-01 3.787078e-01 
23 323 0 0 0 2.983386e-01 5.936021e-01 2.519176e-01 6.356759e-01 1.518687e-01 8.390789e-01 6.220203e-01 3.746435e-01 5.072343e-01 6.242990e-01 1.435030e-01 6.926070e-01 2.898573e-01 6.289178e-01 4.228604e-01 2.707151e-01 5.021171e-01 5.257712e-01 5.266457e-01 8.859174e-01 5.091413e-01 6.214279e-01 7.075036e-01 4.060707e-01 2.260225e-01 5.556113e-01 5.589928e-01 7.922053e-01 4.514971e-01 3.774598e-01 3.146326e-01 3.943390e-01 6.285150e-01 3.400473e-01 
24 337 0 0 0 3.400995e-01 6.509124e-01 3.258458e-01 6.987699e-01 1.554453e-01 8.362351e-01 6.259837e-01 3.302342e-01 6.195305e-01 5.308866e-01 1.701619e-01 7.457779e-01 2.857579e-01 6.078653e-01 5.174642e-01 2.231490e-01 6.747701e-01 5.721845e-01 3.609555e-01 9.158409e-01 6.321530e-01 6.080979e-01 6.433432e-01 3.890707e-01 2.513542e-01 5.200737e-01 6.280605e-01 7.278617e-01 3.642659e-01 3.839754e-01 2.852240e-01 2.001415e-01 8.206509e-01 4.132122e-01 
25 351 0 0 0 2.261236e-01 5.916135e-01 2.895420e-01 7.209201e-01 3.387490e-01 8.311917e-01 5.547515e-01 3.877837e-01 5.289181e-01 6.355894e-01 1.605012e-01 6.950070e-01 3.981612e-01 6.589976e-01 3.860469e-01 2.186492e-01 6.148236e-01 5.646760e-01 3.061146e-01 8.990749e-01 6.831569e-01 4.755325e-01 6.884829e-01 5.312626e-01 2.033198e-01 4.291755e-01 6.438726e-01 8.167755e-01 4.192189e-01 3.295101e-01 3.377084e-01 2.670451e-01 7.868125e-01 4.852546e-01 
26 365 0 0 0 3.264196e-01 5.963216e-01 3.418038e-01 8.586336e-01 2.679492e-01 7.838740e-01 5.905266e-01 4.313646e-01 5.600165e-01 4.487498e-01 1.943354e-01 7.696279e-01 3.879769e-01 6.819657e-01 3.477752e-01 2.262119e-01 5.014637e-01 5.627699e-01 2.816096e-01 9.366976e-01 6.075818e-01 2.612196e-01 7.940456e-01 4.775549e-01 3.475978e-01 2.673133e-01 6.145573e-01 8.097363e-01 3.947425e-01 3.853245e-01 3.220767e-01 2.089792e-01 6.436532e-01 4.101971e-01 
27 379 0 0 0 3.242934e-01 4.950742e-01 1.738461e-01 6.805923e-01 2.835175e-01 7.750246e-01 6.504923e-01 4.679201e-01 5.721322e-01 4.674690e-01 1.621261e-01 6.990495e-01 4.283797e-01 6.797607e-01 5.134058e-01 2.699769e-01 4.630822e-01 4.346792e-01 3.621423e-01 7.919806e-01 5.510298e-01 3.095698e-01 7.517115e-01 5.697914e-01 3.861397e-01 3.801051e-01 7.194413e-01 8.213103e-01 3.524451e-01 4.139641e-01 4.125535e-01 3.627559e-01 5.314943e-01 3.794969e-01 
28 393 0 0 0 3.234210e-01 4.963944e-01 1.943795e-01 5.627533e-01 2.244781e-01 7.852228e-01 6.779546e-01 4.151848e-01 5.662534e-01 5.797849e-01 2.126641e-01 7.277159e-01 3.428212e-01 6.445552e-01 4.891442e-01 2.339552e-01 4.997819e-01 3.175524e-01 4.572539e-01 6.564735e-01 7.183051e-01 4.744926e-01 7.774450e-01 6.610188e-01 5.393070e-01 2.658000e-01 8.602013e-01 7.766761e-01 2.943695e-01 5.641299e-01 3.244733e-01 4.662055e-01 5.118557e-01 2.657207e-01 
29 407 0 0 0 3.468474e-01 5.199370e-01 3.144793e-01 5.665503e-01 1.852135e-01 8.216338e-01 5.693072e-01 2.977486e-01 6.300500e-01 6.583006e-01 2.137281e-01 8.071258e-01 4.067068e-01 7.040218e-01 5.857741e-01 1.780205e-01 5.481583e-01 2.496253e-01 3.950036e-01 7.078703e-01 8.322020e-01 4.418690e-01 5.331181e-01 5.891841e-01 4.876912e-01 4.039998e-01 7.575496e-01 7.933531e-01 3.468261e-01 4.174368e-01 3.113504e-01 3.160200e-01 6.053467e-01 3.405041e-01 
30 421 0 0 0 3.232781e-01 5.052307e-01 1.840561e-01 5.268608e-01 3.667162e-01 7.361246e-01 6.260267e-01 1.496648e-01 7.725744e-01 6.236410e-01 1.786235e-01 6.494470e-01 4.009839e-01 7.424296e-01 6.202788e-01 1.575354e-01 3.956346e-01 3.686881e-01 1.809540e-01 7.990783e-01 8.385861e-01 4.044806e-01 5.698644e-01 4.480947e-01 4.031684e-01 2.966137e-01 8.321623e-01 7.362819e-01 4.998306e-01 4.784636e-01 3.055953e-01 1.892254e-01 5.357582e-01 2.580853e-01 
31 435 0 0 0 2.641277e-01 4.445794e-01 2.341025e-01 6.396075e-01 3.594198e-01 7.128494e-01 6.094722e-01 1.434767e-01 7.759935e-01 5.936611e-01 2.122044e-01 5.215686e-01 4.127020e-01 7.748071e-01 6.699579e-01 1.948520e-01 2.870509e-01 3.764850e-01 1.596710e-01 6.338010e-01 7.373044e-01 5.695829e-01 6.597998e-01 5.734805e-01 1.770930e-01 3.485114e-01 7.861533e-01 7.289337e-01 4.439944e-01 7.182387e-01 2.394559e-01 2.855263e-01 5.992539e-01 2.080209e-01 
32 449 0 0 0 3.242627e-01 6.022367e-01 1.571174e-01 4.691288e-01 4.244563e-01 6.124044e-01 5.417941e-01 1.787950e-01 7.464546e-01 4.968832e-01 2.192238e-01 4.495812e-01 3.764672e-01 7.145831e-01 6.678000e-01 2.450846e-01 2.971795e-01 3.627620e-01 2.631820e-01 7.449234e-01 6.735512e-01 5.355878e-01 5.908909e-01 4.898972e-01 1.043823e-01 2.049417e-01 6.542828e-01 6.583914e-01 4.637267e-01 6.402414e-01 2.473793e-01 4.660378e-01 6.831679e-01 3.263584e-01 
33 463 0 0 0 3.402712e-01 6.410612e-01 1.638893e-01 3.382905e-01 2.710051e-01 5.150502e-01 4.193007e-01 1.958101e-01 6.617209e-01 4.579892e-01 2.468388e-01 5.277229e-01 3.522031e-01 6.814642e-01 6.948383e-01 2.685250e-01 2.821923e-01 5.317000e-01 2.566614e-01 7.932077e-01 5.032926e-01 5.111510e-01 5.573815e-01 4.674536e-01 1.375967e-01 2.252493e-01 5.879137e-01 5.633036e-01 6.220431e-01 6.266671e-01 3.253609e-01 4.794536e-01 6.987428e-01 3.556244e-01 
34 477 0 0 0 2.874486e-01 5.881482e-01 2.451447e-01 2.741652e-01 3.219548e-01 6.139702e-01 4.829400e-01 1.270375e-01 6.701216e-01 4.761271e-01 2.949077e-01 4.047902e-01 2.709977e-01 6.204137e-01 6.708927e-01 3.385007e-01 3.413284e-01 6.111695e-01 2.219516e-01 7.364741e-01 5.037612e-01 5.102326e-01 5.469063e-01 4.275031e-01 1.915881e-01 2.086648e-01 4.852918e-01 4.810446e-01 5.946755e-01 6.322038e-01 3.794915e-01 5.054069e-01 7.640164e-01 4.241715e-01 
35 491 0 0 0 3.546375e-01 3.997017e-01 2.074315e-01 3.265469e-01 2.802890e-01 6.747358e-01 4.844546e-01 1.889083e-01 5.982595e-01 5.069820e-01 3.189494e-01 4.591722e-01 3.105768e-01 7.033464e-01 6.407853e-01 2.897848e-01 2.374938e-01 5.671077e-01 3.293077e-01 7.864632e-01 5.187401e-01 4.676243e-01 6.420169e-01 4.481599e-01 1.801848e-01 2.587514e-01 6.733831e-01 6.534950e-01 5.187826e-01 5.740880e-01 3.528466e-01 4.784777e-01 7.021206e-01 3.175609e-01 
36 505 0 0 0 3.150799e-01 3.607437e-01 2.061654e-01 2.573860e-01 2.160632e-01 6.109207e-01 4.767435e-01 2.435805e-01 5.007503e-01 4.764240e-01 3.371471e-01 5.396983e-01 2.638160e-01 8.198321e-01 7.057699e-01 3.898060e-01 2.444892e-01 6.358844e-01 2.890824e-01 8.803115e-01 4.889374e-01 4.854779e-01 7.992345e-01 4.832784e-01 2.196973e-01 2.763360e-01 5.513371e-01 6.305419e-01 5.737627e-01 6.219881e-01 2.084267e-01 4.183195e-01 6.011438e-01 2.799368e-01 
37 519 0 0 0 2.830987e-01 3.427453e-01 3.267019e-01 3.799090e-01 2.062007e-01 7.226486e-01 5.144528e-01 3.294087e-01 6.873732e-01 4.869197e-01 3.993993e-01 4.800997e-01 2.348365e-01 7.505461e-01 7.086699e-01 6.129432e-01 2.193811e-01 7.150189e-01 2.134930e-01 9.198527e-01 4.370423e-01 4.813921e-01 7.480552e-01 5.669837e-01 3.164042e-01 3.770898e-01 6.193223e-01 5.178976e-01 6.257242e-01 5.231026e-01 2.248083e-01 4.245700e-01 5.303376e-01 3.554015e-01 
38 533 0 0 0 2.407752e-01 4.419921e-01 6.537400e-01 4.485415e-01 2.437631e-01 6.442525e-01 5.402848e-01 3.547899e-01 5.782427e-01 5.599080e-01 2.286263e-01 4.507816e-01 1.412995e-01 7.998237e-01 7.218117e-01 4.080121e-01 1.696738e-01 8.256792e-01 1.660714e-01 8.205950e-01 7.082622e-01 4.759719e-01 8.399315e-01 5.735914e-01 3.289139e-01 4.292228e-01 4.291089e-01 4.210726e-01 7.079291e-01 5.962068e-01 4.023911e-01 4.315835e-01 6.411386e-01 3.734908e-01 
39 547 0 0 0 2.027545e-01 3.725937e-01 5.356674e-01 5.093957e-01 3.439352e-01 8.189076e-01 5.931200e-01 2.961499e-01 6.016054e-01 5.231017e-01 2.099283e-01 5.377029e-01 1.819662e-01 7.313920e-01 4.966051e-01 4.863035e-01 2.293783e-01 7.906153e-01 1.091331e-01 8.283536e-01 6.660676e-01 4.192281e-01 7.517851e-01 5.327561e-01 4.035917e-01 6.192781e-01 3.799030e-01 4.590739e-01 7.558707e-01 4.555464e-01 4.876915e-01 4.163666e-01 7.356166e-01 2.943097e-01 
40 561 0 0 0 1.842687e-01 3.621545e-01 4.238420e-01 5.512830e-01 2.754115e-01 7.843178e-01 5.822259e-01 2.696706e-01 6.695869e-01 5.022542e-01 3.174508e-01 5.172913e-01 2.661991e-01 6.499835e-01 3.971637e-01 4.897514e-01 2.136091e-01 8.172259e-01 1.170264e-01 9.175384e-01 7.228845e-01 3.214505e-01 6.947955e-01 6.030855e-01 4.426669e-01 6.232718e-01 2.290636e-01 3.500588e-01 6.715262e-01 3.946867e-01 4.329963e-01 4.366278e-01 7.765422e-01 2.982234e-01 
41 575 0 0 0 2.564522e-01 3.902021e-01 3.445342e-01 4.231904e-01 1.907297e-01 6.908081e-01 6.339232e-01 2.007849e-01 6.838740e-01 4.363509e-01 2.886523e-01 4.397007e-01 4.088685e-01 6.986682e-01 3.597141e-01 6.675002e-01 1.190531e-01 8.223343e-01 2.118504e-01 8.687488e-01 6.432816e-01 4.490828e-01 6.635575e-01 7.350045e-01 3.273801e-01 5.500257e-01 2.620581e-01 4.800928e-01 7.216618e-01 3.818072e-01 2.604803e-01 3.763279e-01 7.432489e-01 1.953611e-01 
42 589 0 0 0 4.126685e-01 3.120214e-01 3.650772e-01 4.953437e-01 1.420368e-01 7.266691e-01 4.904664e-01 1.872690e-01 6.570489e-01 4.803797e-01 3.404802e-01 4.338640e-01 4.363448e-01 6.925308e-01 5.762742e-01 6.646958e-01 3.047605e-01 8.702334e-01 2.774874e-01 7.615271e-01 6.589454e-01 3.735080e-01 5.654646e-01 6.858590e-01 4.033310e-01 5.909070e-01 2.224478e-01 4.928110e-01 6.462589e-01 4.142104e-01 3.061836e-01 3.675255e-01 7.313362e-01 2.955434e-01 
43 603 0 0 0 4.509726e-01 3.536387e-01 3.240235e-01 4.141028e-01 2.312557e-01 7.216097e-01 3.931825e-01 2.952725e-01 7.967620e-01 4.868418e-01 4.087861e-01 2.244092e-01 5.280113e-01 7.493632e-01 6.400648e-01 6.494496e-01 2.191438e-01 8.869189e-01 2.588927e-01 6.810201e-01 5.465430e-01 3.669885e-01 5.895664e-01 5.507662e-01 4.157447e-01 6.030199e-01 1.786293e-01 5.313906e-01 8.718884e-01 4.517431e-01 2.913699e-01 4.305311e-01 8.324893e-01 2.514058e-01 
44 617 0 0 0 4.278859e-01 3.995472e-01 3.052288e-01 4.827190e-01 2.520947e-01 8.209073e-01 4.362682e-01 3.203688e-01 7.625436e-01 4.541062e-01 3.533852e-01 3.350001e-01 4.300367e-01 6.984536e-01 7.646040e-01 6.643936e-01 3.587863e-01 7.145242e-01 2.870819e-01 6.383897e-01 5.142460e-01 4.678479e-01 5.810652e-01 5.103946e-01 4.166839e-01 6.659129e-01 1.158673e-01 5.979552e-01 8.210714e-01 4.485257e-01 2.589020e-01 3.315133e-01 8.075684e-01 2.064043e-01 
45 631 0 0 0 5.178373e-01 4.376497e-01 3.912332e-01 4.991068e-01 3.278492e-01 8.737792e-01 4.767247e-01 3.388765e-01 6.974305e-01 3.655272e-01 4.168435e-01 4.369537e-01 3.671241e-01 7.053093e-01 7.129229e-01 6.941500e-01 3.723668e-01 7.237530e-01 3.555209e-01 7.134568e-01 5.346393e-01 4.425650e-01 5.934194e-01 5.305942e-01 4.613363e-01 4.701056e-01 1.658005e-01 7.443341e-01 8.443415e-01 5.485646e-01 2.935476e-01 2.902562e-01 7.518224e-01 2.138717e-01 
46 645 0 0 0 5.208852e-01 4.536077e-01 3.366704e-01 4.029180e-01 4.028315e-01 8.827345e-01 3.940341e-01 5.011710e-01 6.828515e-01 4.583611e-01 3.079698e-01 3.491747e-01 3.305301e-01 6.042717e-01 7.270618e-01 5.720614e-01 3.528361e-01 7.443734e-01 2.954652e-01 8.274656e-01 4.926429e-01 5.329398e-01 6.299296e-01 4.955417e-01 4.119306e-01 5.920122e-01 2.013563e-01 7.710481e-01 7.600937e-01 7.269437e-01 3.932547e-01 2.042491e-01 8.054667e-01 3.105859e-01 
47 659 0 0 0 4.936293e-01 6.479830e-01 3.297699e-01 4.205155e-01 3.804841e-01 8.880656e-01 6.260526e-01 4.696477e-01 5.692299e-01 3.053245e-01 4.823394e-01 1.847877e-01 5.228974e-01 6.597315e-01 8.305591e-01 4.524338e-01 3.787832e-01 7.140436e-01 2.038302e-01 8.571700e-01 4.189112e-01 5.804132e-01 6.191248e-01 5.264848e-01 5.467680e-01 5.916734e-01 1.725715e-01 8.145271e-01 8.500929e-01 7.414925e-01 2.543814e-01 2.928886e-01 7.990343e-01 3.033048e-01 
48 673 0 0 0 3.510954e-01 5.392654e-01 3.568984e-01 3.082384e-01 3.860312e-01 9.428720e-01 4.641923e-01 3.556276e-01 5.725341e-01 5.222778e-01 3.770969e-01 2.728222e-01 4.586385e-01 4.762828e-01 7.915963e-01 4.385346e-01 3.086578e-01 5.817324e-01 2.931238e-01 8.268208e-01 2.467176e-01 7.228442e-01 6.566376e-01 4.668101e-01 4.680067e-01 6.224439e-01 3.117046e-01 5.628697e-01 9.409492e-01 5.758656e-01 1.947719e-01 3.559940e-01 6.714621e-01 3.144641e-01 
49 687 0 0 0 4.438393e-01 5.241995e-01 3.648720e-01 3.616950e-01 3.739241e-01 9.044990e-01 5.676904e-01 3.070922e-01 5.506994e-01 4.596106e-01 2.770197e-01 2.918055e-01 6.717718e-01 4.822572e-01 7.943257e-01 4.528552e-01 1.725630e-01 4.476647e-01 3.414277e-01 6.444009e-01 2.111597e-01 7.091040e-01 6.136840e-01 4.357899e-01 4.119329e-01 6.446706e-01 4.403875e-01 4.584771e-01 8.478644e-01 4.854182e-01 1.963138e-01 3.261868e-01 6.499699e-01 2.069504e-01 
50 701 0 0 0 4.111852e-01 6.380395e-01 5.549022e-01 3.131858e-01 5.171076e-01 8.994777e-01 5.054045e-01 3.744822e-01 5.471971e-01 3.998633e-01 1.575308e-01 2.608449e-01 6.184406e-01 6.071485e-01 7.583464e-01 5.503796e-01 1.306664e-01 4.493005e-01 3.814344e-01 5.844935e-01 3.228325e-01 6.715805e-01 5.994334e-01 5.587890e-01 2.823583e-01 7.045481e-01 5.119084e-01 3.068276e-01 7.180789e-01 2.593214e-01 2.286213e-01 2.782014e-01 6.259196e-01 2.293389e-01 
51 715 0 0 0 6.082568e-01 5.490843e-01 5.633147e-01 3.676316e-01 5.253325e-01 8.500129e-01 4.467173e-01 2.289407e-01 5.606523e-01 4.312606e-01 2.409273e-01 3.532654e-01 5.777273e-01 6.341373e-01 6.922083e-01 5.183173e-01 1.538568e-01 5.102808e-01 3.613270e-01 6.377159e-01 3.337770e-01 5.179958e-01 6.093910e-01 5.018530e-01 2.404542e-01 7.028019e-01 3.982927e-01 2.022344e-01 6.835896e-01 3.209073e-01 3.910518e-01 2.609244e-01 6.242190e-01 3.077898e-01 
52 729 0 0 0 6.907789e-01 3.990319e-01 7.458376e-01 5.673834e-01 5.218034e-01 8.072491e-01 5.656357e-01 1.703765e-01 6.289677e-01 5.631087e-01 3.190419e-01 4.571706e-01 5.469274e-01 5.332003e-01 6.745939e-01 5.955128e-01 2.080104e-01 5.240708e-01 3.592885e-01 5.198799e-01 3.693853e-01 4.134323e-01 6.611804e-01 4.499486e-01 2.843932e-01 5.761099e-01 3.259122e-01 1.542261e-01 7.369896e-01 3.981401e-01 4.404074e-01 3.776293e-01 6.810553e-01 2.993420e-01 
53 743 0 0 0 6.603673e-01 3.878069e-01 8.675433e-01 7.133693e-01 5.550144e-01 6.739659e-01 5.581291e-01 1.597040e-01 5.440560e-01 5.908540e-01 3.275090e-01 4.149841e-01 5.174652e-01 5.444896e-01 6.024747e-01 7.020073e-01 1.374299e-01 6.125262e-01 3.063978e-01 3.857936e-01 3.828552e-01 3.317651e-01 6.466305e-01 4.401536e-01 3.375437e-01 6.051977e-01 3.846915e-01 1.519448e-01 7.340510e-01 3.837174e-01 3.013743e-01 3.870164e-01 7.720914e-01 2.785503e-01 
54 757 0 0 0 6.223841e-01 2.649700e-01 8.270170e-01 6.297118e-01 3.694824e-01 7.697568e-01 6.552804e-01 2.404414e-01 5.669973e-01 6.186197e-01 3.008436e-01 3.032362e-01 4.147580e-01 5.232320e-01 6.829175e-01 6.408355e-01 2.161621e-01 5.421580e-01 4.277879e-01 3.888353e-01 3.868604e-01 2.303177e-01 5.049711e-01 3.354391e-01 4.002764e-01 6.385924e-01 3.298142e-01 1.698248e-01 8.363940e-01 4.681826e-01 3.672730e-01 4.868528e-01 7.136187e-01 3.252630e-01 
55 771 0 0 0 4.995191e-01 2.709068e-01 7.515740e-01 6.115476e-01 2.402678e-01 6.986104e-01 6.504027e-01 2.938378e-01 6.106638e-01 5.688972e-01 2.991889e-01 3.171676e-01 3.612079e-01 6.422307e-01 6.955624e-01 5.370139e-01 2.737534e-01 5.461324e-01 4.718246e-01 2.972553e-01 5.065048e-01 3.175557e-01 4.640533e-01 4.097362e-01 3.816149e-01 7.311271e-01 2.267065e-01 2.489774e-01 8.102912e-01 3.708640e-01 4.247675e-01 5.274470e-01 6.306479e-01 3.841919e-01 
56 785 0 0 0 5.946405e-01 2.943387e-01 7.008529e-01 5.780693e-01 2.539690e-01 7.767649e-01 6.933284e-01 3.638060e-01 7.644454e-01 6.175804e-01 3.629952e-01 4.832502e-01 3.357748e-01 6.031874e-01 7.914538e-01 6.494340e-01 2.878114e-01 4.336997e-01 4.437519e-01 4.324870e-01 5.592327e-01 2.920847e-01 4.126235e-01 4.066249e-01 3.101032e-01 7.131158e-01 2.741436e-01 3.287472e-01 7.616689e-01 4.020544e-01 4.774351e-01 4.792516e-01 5.681166e-01 4.853852e-01 
57 799 0 0 0 5.255217e-01 2.375223e-01 8.423588e-01 6.269780e-01 3.170931e-01 9.360793e-01 6.464282e-01 3.747076e-01 8.448502e-01 5.567694e-01 4.984419e-01 6.052424e-01 3.678967e-01 6.824145e-01 7.975373e-01 5.808297e-01 3.201721e-01 3.340523e-01 4.556847e-01 4.527417e-01 4.306191e-01 4.934375e-01 2.820875e-01 3.126901e-01 3.373457e-01 7.753379e-01 4.550061e-01 2.139620e-01 7.491223e-01 4.027109e-01 4.354280e-01 4.528067e-01 5.181833e-01 3.828514e-01 
58 813 0 0 0 6.300712e-01 2.630449e-01 8.854381e-01 5.377931e-01 3.195283e-01 9.801267e-01 4.836006e-01 4.666299e-01 9.082498e-01 5.641082e-01 4.186037e-01 7.411860e-01 3.669306e-01 6.815030e-01 9.229516e-01 4.442952e-01 2.518230e-01 3.395466e-01 4.644086e-01 3.097791e-01 4.162175e-01 3.954605e-01 3.246081e-01 3.781215e-01 3.659994e-01 9.099311e-01 5.846158e-01 1.176438e-01 6.319963e-01 3.696603e-01 4.977448e-01 4.730551e-01 5.133593e-01 4.884020e-01 
59 827 0 0 0 6.482497e-01 3.459324e-01 6.954926e-01 4.833234e-01 4.193845e-01 9.913396e-01 4.635280e-01 5.430203e-01 7.039717e-01 4.976001e-01 6.115890e-01 9.061475e-01 3.703924e-01 7.638579e-01 9.588994e-01 6.254730e-01 2.343826e-01 3.204084e-01 5.141370e-01 2.109551e-01 3.530693e-01 3.286017e-01 3.964163e-01 4.152423e-01 3.586290e-01 9.317688e-01 6.337884e-01 1.441703e-01 6.830626e-01 3.306701e-01 5.175592e-01 6.769506e-01 5.109242e-01 4.388145e-01 
60 841 0 0 0 6.104153e-01 4.542391e-01 7.104865e-01 6.623119e-01 3.075572e-01 9.057136e-01 5.212657e-01 6.604280e-01 7.625519e-01 6.938005e-01 3.842139e-01 8.540637e-01 3.701203e-01 7.973670e-01 9.934887e-01 5.470475e-01 1.666626e-01 4.610375e-01 3.686749e-01 1.702898e-01 3.781569e-01 3.708366e-01 4.244305e-01 3.462234e-01 3.015614e-01 8.556812e-01 6.786740e-01 1.334877e-01 6.803607e-01 4.128829e-01 5.241355e-01 7.761123e-01 4.988927e-01 2.861459e-01 
61 855 0 0 0 6.642148e-01 3.561785e-01 7.617829e-01 6.659023e-01 2.800137e-01 8.673878e-01 4.718158e-01 6.568325e-01 7.300935e-01 8.028723e-01 3.141448e-01 8.051155e-01 3.560026e-01 7.860622e-01 9.498041e-01 7.153324e-01 1.087538e-01 5.737900e-01 3.428740e-01 2.677713e-01 2.860968e-01 3.438353e-01 4.243190e-01 2.470629e-01 1.998100e-01 8.633401e-01 6.744631e-01 1.079156e-01 6.563993e-01 4.026814e-01 6.009969e-01 7.405327e-01 4.662127e-01 1.192339e-01 
62 869 0 0 0 6.168349e-01 4.789571e-01 7.401924e-01 6.237725e-01 1.668728e-01 9.170603e-01 4.521157e-01 7.317528e-01 5.957035e-01 9.276545e-01 4.960668e-01 7.276309e-01 2.443835e-01 8.292707e-01 8.744817e-01 7.664354e-01 2.518572e-01 6.603477e-01 3.091677e-01 3.561269e-01 3.633932e-01 4.366497e-01 5.059876e-01 1.306642e-01 2.227358e-01 9.019813e-01 6.294898e-01 1.895195e-01 6.743091e-01 4.517480e-01 4.464481e-01 8.778174e-01 4.609032e-01 2.205572e-01 
63 883 0 0 0 6.635227e-01 5.308711e-01 5.603767e-01 5.742524e-01 7.427412e-02 9.596254e-01 4.010707e-01 6.810969e-01 4.887497e-01 9.124729e-01 6.596783e-01 7.556957e-01 2.929022e-01 8.516108e-01 9.986396e-01 6.977272e-01 3.280671e-01 6.980302e-01 3.869003e-01 3.630245e-01 3.625746e-01 3.683336e-01 5.027184e-01 1.108856e-01 2.140915e-01 8.079224e-01 6.554733e-01 1.738819e-01 8.824001e-01 4.458618e-01 3.809396e-01 8.558084e-01 4.334914e-01 1.946558e-01 
64 897 0 0 0 8.338128e-01 4.876148e-01 5.473078e-01 5.885267e-01 4.925517e-02 7.635328e-01 4.285945e-01 6.214559e-01 4.458007e-01 6.423406e-01 6.615915e-01 8.936585e-01 2.106333e-01 6.933267e-01 8.739080e-01 6.716159e-01 3.281974e-01 6.560318e-01 3.359909e-01 3.968005e-01 3.438716e-01 4.192161e-01 5.653660e-01 1.511294e-01 2.579391e-01 7.474702e-01 6.123523e-01 2.854144e-01 6.664842e-01 3.494570e-01 3.006898e-01 7.613807e-01 3.026862e-01 1.713542e-01 
65 911 0 0 0 8.109549e-01 4.369494e-01 4.585848e-01 5.109225e-01 5.678281e-02 8.352021e-01 3.067832e-01 4.941502e-01 4.020266e-01 7.216701e-01 6.592067e-01 8.264799e-01 2.205296e-01 7.845208e-01 7.383577e-01 6.026845e-01 2.655530e-01 6.511711e-01 2.162760e-01 3.744450e-01 3.811821e-01 3.560691e-01 4.219433e-01 2.106883e-01 2.525312e-01 7.081908e-01 7.350270e-01 3.424325e-01 5.464754e-01 4.228954e-01 3.197710e-01 7.151042e-01 2.414556e-01 3.039140e-01 
66 925 0 0 0 7.382256e-01 4.170041e-01 5.448284e-01 4.839242e-01 8.470786e-02 7.867260e-01 3.910253e-01 4.901964e-01 4.907648e-01 7.633356e-01 6.056350e-01 7.190406e-01 2.363926e-01 6.864319e-01 7.284845e-01 5.756721e-01 2.957687e-01 6.146609e-01 2.291354e-01 3.994068e-01 3.971670e-01 3.633288e-01 4.387643e-01 2.264889e-01 2.434022e-01 5.930786e-01 7.791653e-01 2.985029e-01 4.927914e-01 5.421599e-01 3.860168e-01 6.190981e-01 2.779750e-01 2.465515e-01 
67 939 0 0 0 7.208430e-01 3.638194e-01 6.382751e-01 5.145110e-01 1.462798e-01 7.824328e-01 4.170081e-01 3.797062e-01 5.509651e-01 7.650872e-01 6.004802e-01 7.162529e-01 3.053231e-01 5.640977e-01 6.376865e-01 5.623995e-01 3.930154e-01 7.082563e-01 3.550222e-01 3.738722e-01 3.584590e-01 3.061723e-01 3.638929e-01 2.377693e-01 1.974241e-01 4.938610e-01 7.834627e-01 4.119948e-01 5.604076e-01 5.709654e-01 3.027917e-01 4.659445e-01 1.974116e-01 3.382508e-01 
68 953 0 0 0 7.717696e-01 4.112041e-01 6.013780e-01 3.982931e-01 2.140230e-01 9.050395e-01 4.961730e-01 3.476938e-01 5.418937e-01 7.780867e-01 5.985196e-01 6.845786e-01 3.785788e-01 5.923148e-01 6.409637e-01 5.604646e-01 4.452708e-01 6.343169e-01 4.658477e-01 3.974337e-01 4.557977e-01 2.426202e-01 3.154285e-01 3.727147e-01 1.820712e-01 4.981566e-01 7.302045e-01 3.870138e-01 4.477144e-01 4.780584e-01 3.362205e-01 5.944337e-01 2.515425e-01 3.220167e-01 
69 967 0 0 0 6.213957e-01 5.530160e-01 5.649265e-01 3.810353e-01 1.899801e-01 8.202264e-01 3.132923e-01 3.021705e-01 6.635238e-01 7.780258e-01 5.881078e-01 5.878069e-01 3.423510e-01 7.858435e-01 5.294762e-01 6.531857e-01 5.567490e-01 7.148441e-01 4.992776e-01 4.140491e-01 5.622150e-01 1.763511e-01 1.389988e-01 3.204454e-01 2.510228e-01 5.085884e-01 7.278096e-01 3.527013e-01 3.614553e-01 4.850110e-01 2.992902e-01 4.452134e-01 3.625146e-01 2.302399e-01 
70 981 0 0 0 6.309900e-01 4.643478e-01 4.600024e-01 6.060606e-01 3.985563e-01 7.926800e-01 3.157967e-01 2.612438e-01 5.337983e-01 6.920545e-01 4.023898e-01 5.952246e-01 3.727593e-01 8.077414e-01 4.490600e-01 5.894677e-01 6.132459e-01 6.819455e-01 6.023166e-01 5.390107e-01 3.878370e-01 2.541930e-01 1.522309e-01 3.089719e-01 3.671595e-01 4.766535e-01 5.909150e-01 4.233390e-01 3.581303e-01 5.671046e-01 3.500817e-01 3.715497e-01 4.090644e-01 4.239617e-01 
71 995 0 0 0 5.403621e-01 5.783218e-01 7.185176e-01 6.175251e-01 4.824069e-01 8.157193e-01 3.777082e-01 1.051801e-01 6.225269e-01 6.035741e-01 4.797660e-01 7.136957e-01 4.051835e-01 8.754197e-01 4.121433e-01 5.393474e-01 6.250539e-01 6.429173e-01 5.259861e-01 7.052466e-01 4.888873e-01 1.473654e-01 6.756368e-02 2.812678e-01 3.836816e-01 5.343704e-01 6.675574e-01 5.496626e-01 3.560904e-01 6.703906e-01 2.920238e-01 2.243414e-01 4.996243e-01 4.584375e-01 
72 1009 0 0 0 5.329197e-01 5.042667e-01 8.805731e-01 5.767807e-01 4.905969e-01 7.147207e-01 3.843498e-01 1.843200e-01 7.923503e-01 4.703618e-01 5.375567e-01 6.952428e-01 3.527685e-01 7.553786e-01 3.585948e-01 4.903026e-01 5.493249e-01 7.915386e-01 6.353793e-01 5.460839e-01 6.763165e-01 1.581211e-01 8.878803e-02 3.064937e-01 5.540749e-01 4.680561e-01 7.466565e-01 5.648236e-01 4.182396e-01 8.140841e-01 3.760084e-01 1.979955e-01 4.143587e-01 5.716596e-01 
73 1023 0 0 0 5.204265e-01 5.486837e-01 8.160814e-01 5.251588e-01 5.986294e-01 7.044616e-01 3.406118e-01 2.351568e-01 8.412765e-01 3.979838e-01 6.329768e-01 6.169282e-01 3.487008e-01 8.008407e-01 4.620036e-01 5.688162e-01 5.226967e-01 6.977684e-01 6.971590e-01 6.415439e-01 7.057845e-01 1.164559e-01 1.792014e-01 3.528883e-01 4.670518e-01 3.871088e-01 6.395033e-01 6.377483e-01 5.917123e-01 7.184275e-01 3.179680e-01 2.602933e-01 4.905644e-01 5.407530e-01 
74 1037 0 0 0 4.953467e-01 5.700360e-01 7.290284e-01 4.871852e-01 6.293677e-01 8.915884e-01 2.511954e-01 3.533928e-01 7.041325e-01 3.307854e-01 4.965694e-01 5.317799e-01 2.711139e-01 8.358918e-01 3.356343e-01 5.975595e-01 4.923480e-01 7.643009e-01 6.503348e-01 7.524070e-01 6.362931e-01 3.000441e-01 3.004678e-01 5.981092e-01 4.346794e-01 2.566278e-01 5.781301e-01 5.373397e-01 5.768681e-01 6.505458e-01 3.547327e-01 2.080090e-01 3.429331e-01 6.409508e-01 
75 1051 0 0 0 4.392890e-01 6.140775e-01 6.719878e-01 4.960187e-01 5.671002e-01 8.443078e-01 3.493652e-01 3.224049e-01 7.924745e-01 2.552754e-01 6.158074e-01 6.988810e-01 4.026640e-01 7.691914e-01 3.607675e-01 4.440646e-01 4.227707e-01 6.407728e-01 5.694248e-01 6.880863e-01 7.273049e-01 3.805330e-01 2.781149e-01 6.561782e-01 1.930958e-01 2.506092e-01 5.966191e-01 5.579817e-01 5.568118e-01 7.077277e-01 3.331310e-01 2.994494e-01 4.340754e-01 5.092448e-01 
76 1065 0 0 0 4.212235e-01 4.721337e-01 7.120196e-01 6.630933e-01 4.959445e-01 8.654158e-01 3.800438e-01 2.387813e-01 6.990624e-01 2.374731e-01 6.381335e-01 5.549585e-01 4.474547e-01 7.439332e-01 4.475258e-01 5.337446e-01 4.359435e-01 6.621335e-01 5.369755e-01 6.468699e-01 6.826743e-01 4.306578e-01 1.846576e-01 3.981063e-01 2.201735e-01 3.883916e-01 5.485151e-01 6.105075e-01 5.462444e-01 6.893425e-01 4.145744e-01 2.915821e-01 3.644824e-01 4.730445e-01 
77 1079 0 0 0 3.262116e-01 4.451890e-01 7.476368e-01 5.796775e-01 4.569556e-01 7.953200e-01 4.985381e-01 2.081915e-01 7.890195e-01 3.335480e-01 4.380106e-01 6.688134e-01 5.002821e-01 6.381313e-01 5.079874e-01 4.002377e-01 5.072799e-01 6.518469e-01 4.169448e-01 7.306346e-01 6.894506e-01 6.073121e-01 3.494880e-01 4.497701e-01 2.117912e-01 3.569694e-01 5.477623e-01 4.724759e-01 6.574972e-01 6.323875e-01 2.447573e-01 2.960347e-01 2.828703e-01 4.156446e-01 
78 1093 0 0 0 3.500724e-01 3.683024e-01 7.034715e-01 6.735182e-01 4.382196e-01 8.190558e-01 5.283170e-01 2.505719e-01 5.817904e-01 4.373898e-01 5.535918e-01 5.410296e-01 4.204626e-01 5.115439e-01 4.611034e-01 3.791805e-01 5.579085e-01 5.815209e-01 3.674876e-01 7.220622e-01 6.519335e-01 5.468591e-01 3.026311e-01 3.564643e-01 3.858310e-01 3.822236e-01 6.010839e-01 4.253745e-01 5.597266e-01 6.450461e-01 3.747631e-01 2.602329e-01 2.682173e-01 4.915070e-01 
79 1107 0 0 0 2.354267e-01 4.207654e-01 6.955147e-01 4.962445e-01 3.482016e-01 8.301763e-01 5.723580e-01 3.447678e-01 4.966553e-01 3.612306e-01 5.321209e-01 5.722434e-01 5.048653e-01 5.147861e-01 5.058310e-01 4.790066e-01 5.477528e-01 6.255336e-01 4.705286e-01 6.079267e-01 5.365066e-01 4.297665e-01 3.225313e-01 4.008653e-01 2.580344e-01 2.753903e-01 6.119263e-01 6.142481e-01 6.071831e-01 9.081108e-01 3.917696e-01 1.753132e-01 1.643536e-01 4.546354e-01 
80 1121 0 0 0 4.079550e-01 4.801724e-01 8.271706e-01 4.638798e-01 3.871911e-01 6.783339e-01 5.333524e-01 3.368842e-01 3.268740e-01 4.957448e-01 5.912354e-01 6.023224e-01 5.174266e-01 6.408186e-01 4.481186e-01 4.531351e-01 6.778585e-01 7.351633e-01 6.179755e-01 5.608656e-01 5.465751e-01 4.029485e-01 4.595610e-01 3.740113e-01 2.191646e-01 1.426598e-01 7.989742e-01 6.389924e-01 4.771687e-01 8.009444e-01 3.935847e-01 3.133443e-01 1.394370e-01 3.960777e-01 
81 1135 0 0 0 4.016579e-01 3.216305e-01 6.603252e-01 4.193358e-01 3.956640e-01 5.989412e-01 5.687647e-01 2.882283e-01 2.724158e-01 5.373803e-01 6.531881e-01 4.699700e-01 4.477489e-01 5.591392e-01 4.456524e-01 4.392440e-01 6.592117e-01 7.003390e-01 5.378197e-01 4.491066e-01 4.834073e-01 3.080623e-01 5.102153e-01 3.003102e-01 1.174101e-01 2.777387e-01 8.093335e-01 5.035715e-01 3.767342e-01 8.007617e-01 3.601514e-01 4.323161e-01 1.882325e-01 5.213583e-01 
82 1149 0 0 0 5.723584e-01 2.617369e-01 6.030501e-01 4.626623e-01 3.939739e-01 5.538814e-01 5.254066e-01 1.872847e-01 2.827343e-01 5.117739e-01 7.253782e-01 4.889059e-01 4.943991e-01 6.368996e-01 4.057655e-01 3.940598e-01 5.795610e-01 8.509292e-01 6.811577e-01 5.325670e-01 6.096584e-01 3.058737e-01 6.140478e-01 4.745724e-01 1.462347e-01 3.037457e-01 7.931795e-01 5.489343e-01 2.295643e-01 7.687822e-01 2.220428e-01 3.734494e-01 2.457157e-01 4.583889e-01 
83 1163 0 0 0 5.327381e-01 3.586265e-01 5.080717e-01 3.537070e-01 3.944888e-01 5.651561e-01 4.688868e-01 2.447701e-01 4.126684e-01 5.398906e-01 7.275104e-01 5.113424e-01 5.777668e-01 6.377620e-01 3.544518e-01 4.095876e-01 4.853795e-01 7.745282e-01 7.687051e-01 5.678839e-01 7.982235e-01 3.251892e-01 7.048157e-01 4.425284e-01 2.986455e-01 3.131300e-01 6.486530e-01 4.527840e-01 2.347237e-01 7.367099e-01 3.776292e-01 4.072299e-01 1.835511e-01 5.226136e-01 
84 1177 0 0 0 5.954024e-01 2.852931e-01 4.667206e-01 3.524037e-01 4.619623e-01 5.533617e-01 5.262958e-01 1.993725e-01 4.929403e-01 5.687180e-01 7.651905e-01 5.503874e-01 5.693798e-01 5.405135e-01 3.343458e-01 4.317165e-01 5.203667e-01 6.995295e-01 7.503304e-01 5.790676e-01 8.236012e-01 2.972032e-01 6.808653e-01 4.867475e-01 2.292346e-01 4.122124e-01 8.046026e-01 3.691672e-01 2.662756e-01 6.930273e-01 5.209051e-01 4.140220e-01 1.984543e-01 5.515004e-01 
85 1191 0 0 0 5.585837e-01 2.680833e-01 5.252571e-01 3.212187e-01 3.409120e-01 4.447377e-01 5.119094e-01 2.883034e-01 6.298838e-01 4.254480e-01 7.769143e-01 5.600775e-01 5.731632e-01 5.603429e-01 2.668340e-01 3.084095e-01 3.306356e-01 6.684912e-01 7.481236e-01 4.084446e-01 7.558742e-01 3.849649e-01 5.342102e-01 4.581874e-01 2.844521e-01 4.431300e-01 8.276133e-01 3.589833e-01 2.468254e-01 7.722067e-01 4.946466e-01 5.632250e-01 2.763256e-01 5.072171e-01 
86 1205 0 0 0 7.216627e-01 2.287824e-01 6.128807e-01 4.234291e-01 3.882945e-01 4.450430e-01 4.468865e-01 2.456858e-01 5.862733e-01 4.419974e-01 7.700107e-01 4.719976e-01 5.268312e-01 5.820782e-01 3.483012e-01 4.096513e-01 3.786638e-01 6.939290e-01 8.007967e-01 3.736873e-01 7.143089e-01 2.585112e-01 4.281526e-01 3.953040e-01 3.543624e-01 4.804455e-01 8.494636e-01 5.039576e-01 2.152071e-01 7.711931e-01 4.511028e-01 5.955971e-01 2.705071e-01 5.886741e-01 
87 1219 0 0 0 7.019466e-01 2.352008e-01 5.727760e-01 3.836513e-01 4.171030e-01 5.793635e-01 3.846700e-01 2.535671e-01 6.569063e-01 5.394832e-01 7.869500e-01 4.575457e-01 5.777737e-01 5.011563e-01 2.772298e-01 6.111774e-01 3.231500e-01 7.312077e-01 8.085000e-01 4.210244e-01 6.986025e-01 2.988802e-01 3.622924e-01 3.121272e-01 4.035912e-01 3.277547e-01 8.411952e-01 4.268420e-01 3.401265e-01 7.943413e-01 3.053679e-01 5.582777e-01 2.318569e-01 6.381079e-01 
88 1233 0 0 0 6.844154e-01 9.132955e-02 5.156645e-01 5.370068e-01 2.349048e-01 6.531182e-01 4.386082e-01 1.958125e-01 5.829571e-01 4.784951e-01 8.336712e-01 4.003014e-01 4.444245e-01 3.907341e-01 3.912698e-01 6.831879e-01 3.058861e-01 6.862021e-01 7.065029e-01 4.148384e-01 6.856989e-01 1.690702e-01 4.040703e-01 4.346480e-01 3.551946e-01 4.111723e-01 6.955138e-01 2.953030e-01 3.288749e-01 8.101441e-01 2.852097e-01 6.833941e-01 2.453897e-01 7.490474e-01 
89 1247 0 0 0 7.237844e-01 6.595718e-02 6.425602e-01 5.016526e-01 2.759029e-01 7.662469e-01 4.925223e-01 2.128331e-01 5.934881e-01 4.872807e-01 7.798124e-01 4.033045e-01 2.979112e-01 2.323761e-01 4.847800e-01 7.838121e-01 3.026584e-01 5.986042e-01 7.897684e-01 4.001960e-01 7.888116e-01 2.447604e-01 2.397549e-01 5.246636e-01 3.813045e-01 4.025190e-01 6.412376e-01 3.297930e-01 5.182085e-01 7.731039e-01 2.810722e-01 6.874838e-01 2.176154e-01 7.359407e-01 
90 1261 0 0 0 8.068909e-01 1.726135e-01 5.567682e-01 5.448021e-01 2.604038e-01 7.128827e-01 3.940307e-01 3.425298e-01 6.097982e-01 5.221702e-01 6.696970e-01 3.804938e-01 1.429290e-01 3.262954e-01 4.231358e-01 6.216169e-01 2.857315e-01 3.770837e-01 6.597329e-01 3.231870e-01 7.216290e-01 1.853282e-01 1.863603e-01 5.629152e-01 2.569305e-01 4.040970e-01 5.608999e-01 3.171977e-01 6.123992e-01 8.271120e-01 2.379267e-01 7.861450e-01 2.288837e-01 8.282009e-01 
91 1275 0 0 0 7.146418e-01 1.986512e-01 5.373707e-01 4.857333e-01 2.270318e-01 7.521865e-01 3.297389e-01 3.445158e-01 7.584100e-01 6.202530e-01 7.560360e-01 3.217993e-01 2.096811e-01 4.698999e-01 2.864106e-01 4.586590e-01 4.499868e-01 4.263713e-01 6.300158e-01 4.328237e-01 6.081028e-01 8.870114e-02 1.377808e-01 5.967381e-01 2.978425e-01 3.280107e-01 4.516024e-01 5.655797e-01 5.015534e-01 7.412467e-01 1.759849e-01 7.570821e-01 2.170564e-01 7.636121e-01 
92 1289 0 0 0 6.617371e-01 2.133228e-01 4.368258e-01 6.386776e-01 1.593866e-01 7.575163e-01 2.951997e-01 2.686555e-01 5.994936e-01 7.320123e-01 7.807715e-01 2.413012e-01 3.051276e-01 4.158639e-01 4.011499e-01 4.639779e-01 5.290381e-01 3.579453e-01 4.793477e-01 4.004067e-01 6.193710e-01 1.923875e-01 2.612509e-01 5.932061e-01 3.915475e-01 2.093445e-01 4.946896e-01 6.208089e-01 4.082809e-01 7.907328e-01 1.590735e-01 8.335714e-01 1.876766e-01 7.473625e-01 
93 1303 0 0 0 7.822026e-01 1.955664e-01 5.156956e-01 5.412715e-01 1.446298e-01 6.873506e-01 3.611827e-01 3.206920e-01 5.187075e-01 6.511594e-01 8.198738e-01 2.337877e-01 2.424128e-01 3.915047e-01 3.551155e-01 4.428559e-01 4.028551e-01 3.561924e-01 4.923030e-01 2.458758e-01 7.980562e-01 2.596820e-01 2.597019e-01 4.141007e-01 4.383403e-01 1.169707e-01 5.776434e-01 5.769177e-01 3.510470e-01 8.038726e-01 1.000095e-01 8.642071e-01 1.144159e-01 8.333256e-01 
94 1317 0 0 0 8.610226e-01 2.402038e-01 5.409692e-01 4.998263e-01 1.095197e-01 7.550790e-01 3.059735e-01 3.711558e-01 4.557238e-01 6.083703e-01 6.861751e-01 3.686867e-01 3.053126e-01 3.905407e-01 4.176858e-01 5.380488e-01 4.033243e-01 2.214920e-01 4.188203e-01 2.712702e-01 7.101116e-01 2.515542e-01 3.505876e-01 3.435992e-01 3.820115e-01 1.496923e-01 6.348998e-01 5.337587e-01 3.435272e-01 7.413742e-01 1.563273e-01 7.395570e-01 3.675717e-02 6.179215e-01 
95 1331 0 0 0 6.504825e-01 2.558905e-01 4.815819e-01 4.711485e-01 8.335991e-02 5.618114e-01 3.700605e-01 2.937095e-01 5.115862e-01 7.491513e-01 5.569500e-01 4.344393e-01 4.173165e-01 4.293716e-01 4.573834e-01 6.250464e-01 4.532909e-01 2.269003e-01 3.294355e-01 5.661823e-01 9.063457e-01 1.973165e-01 3.458545e-01 2.829862e-01 3.367031e-01 1.856572e-01 6.316604e-01 5.489105e-01 3.260424e-01 6.221054e-01 3.706996e-02 6.818964e-01 1.273634e-01 4.704877e-01 
96 1345 0 0 0 5.888206e-01 2.211719e-01 5.014655e-01 5.273726e-01 8.305329e-02 5.154299e-01 3.177814e-01 3.123808e-01 5.113082e-01 6.859790e-01 4.808304e-01 4.967125e-01 4.899192e-01 3.006533e-01 4.533594e-01 7.447237e-01 4.290106e-01 2.645968e-01 2.818011e-01 5.561127e-01 7.757687e-01 2.516143e-01 3.792043e-01 3.473332e-01 3.814314e-01 2.328937e-01 8.599990e-01 5.705129e-01 2.528482e-01 4.501679e-01 1.963028e-01 5.917375e-01 1.229767e-01 5.068309e-01 
97 1359 0 0 0 5.548179e-01 2.342704e-01 4.857329e-01 5.022135e-01 3.258813e-02 5.171964e-01 2.486447e-01 2.832395e-01 4.986123e-01 6.915550e-01 4.256282e-01 4.917471e-01 4.267762e-01 3.103495e-01 3.152986e-01 7.133127e-01 5.560854e-01 3.370712e-01 2.992551e-01 5.722791e-01 7.180365e-01 3.799505e-01 4.388660e-01 3.511291e-01 3.390310e-01 2.785978e-01 8.072884e-01 6.502690e-01 2.105974e-01 4.519227e-01 1.330761e-01 5.228953e-01 2.544181e-01 6.225654e-01 
98 1373 0 0 0 6.176067e-01 2.418846e-01 4.181724e-01 4.847563e-01 1.260918e-01 5.804241e-01 3.094905e-01 3.444432e-01 3.613102e-01 7.258835e-01 4.315889e-01 5.752093e-01 3.673013e-01 5.023787e-01 3.553880e-01 5.931351e-01 4.934016e-01 4.449978e-01 2.624642e-01 6.315799e-01 7.379858e-01 4.060992e-01 4.796732e-01 3.888147e-01 3.126019e-01 3.012053e-01 8.410062e-01 5.439691e-01 3.253895e-01 4.877847e-01 1.972426e-01 4.556512e-01 2.701901e-01 5.607067e-01 
99 1387 0 0 0 6.475402e-01 2.121467e-01 4.586645e-01 4.857618e-01 1.784153e-01 6.569159e-01 2.913711e-01 3.658175e-01 3.809371e-01 8.244922e-01 4.259498e-01 3.868952e-01 4.677490e-01 4.381964e-01 4.460695e-01 5.106167e-01 4.357273e-01 5.657820e-01 3.059839e-01 6.385306e-01 7.712378e-01 3.454288e-01 4.665356e-01 2.838103e-01 3.516646e-01 2.767550e-01 8.152607e-01 6.558984e-01 3.738031e-01 5.544115e-01 3.156793e-01 3.984054e-01 2.054843e-01 5.642578e-01 
100 1401 0 0 0 6.989666e-01 2.331746e-01 5.287277e-01 5.119065e-01 1.659143e-01 7.175386e-01 2.730590e-01 1.988168e-01 2.915587e-01 7.828928e-01 5.918379e-01 4.201382e-01 5.330442e-01 4.800537e-01 4.376066e-01 5.252588e-01 4.797632e-01 6.932505e-01 3.698288e-01 7.050128e-01 8.023642e-01 3.479035e-01 3.882950e-01 1.939383e-01 4.079912e-01 1.934590e-01 7.148260e-01 5.532407e-01 4.226447e-01 5.195477e-01 3.941809e-01 4.872230e-01 2.282243e-01 4.480442e-01 
101 1415 0 0 0 7.276982e-01 2.220318e-01 6.403773e-01 5.918440e-01 2.761289e-01 6.338692e-01 5.292016e-01 2.186270e-01 3.282950e-01 7.675870e-01 4.641926e-01 5.288114e-01 5.372635e-01 3.839213e-01 3.981467e-01 5.620352e-01 4.426218e-01 5.326515e-01 3.917321e-01 6.397907e-01 5.867087e-01 3.571118e-01 3.340434e-01 1.775196e-01 4.325353e-01 2.672725e-01 6.449434e-01 4.763897e-01 4.773790e-01 4.768952e-01 4.911152e-01 4.249264e-01 3.637787e-01 4.496412e-01 
102 1429 0 0 0 6.043012e-01 2.698380e-01 6.276710e-01 6.382412e-01 3.717579e-01 4.993876e-01 6.945648e-01 2.377736e-01 1.707907e-01 5.309702e-01 5.171379e-01 5.526964e-01 6.333979e-01 3.481950e-01 3.373077e-01 4.903136e-01 3.972431e-01 6.864804e-01 5.004858e-01 6.980883e-01 6.799666e-01 2.672384e-01 3.818770e-01 2.241532e-01 5.027466e-01 2.049171e-01 6.383766e-01 4.562253e-01 4.380984e-01 3.498857e-01 5.614990e-01 3.979813e-01 4.895067e-01 6.188161e-01 
103 1443 0 0 0 6.507693e-01 2.703794e-01 5.060226e-01 6.030767e-01 3.824492e-01 6.615062e-01 7.215424e-01 1.946637e-01 3.794337e-01 5.264717e-01 6.021708e-01 4.856376e-01 5.452117e-01 3.245535e-01 2.056277e-01 6.442531e-01 3.300407e-01 8.115509e-01 5.006480e-01 7.042004e-01 6.976580e-01 3.268562e-01 2.919556e-01 3.918997e-01 4.715325e-01 2.476783e-01 5.816066e-01 2.520169e-01 6.310337e-01 4.144773e-01 5.113141e-01 2.919528e-01 6.667024e-01 5.998439e-01 
104 1457 0 0 0 6.807993e-01 3.229845e-01 4.078407e-01 5.775134e-01 3.334684e-01 7.495393e-01 5.233495e-01 1.902913e-01 1.672260e-01 6.401509e-01 6.522123e-01 5.010093e-01 5.965714e-01 3.102580e-01 2.350119e-01 8.257759e-01 4.239436e-01 7.250734e-01 4.226353e-01 6.584545e-01 6.062979e-01 2.774444e-01 3.922008e-01 4.207649e-01 5.634308e-01 2.967371e-01 5.416524e-01 2.441678e-01 6.637773e-01 4.652230e-01 4.690246e-01 2.508812e-01 6.907702e-01 4.797048e-01 
105 1471 0 0 0 6.414783e-01 1.815763e-01 5.039273e-01 4.388374e-01 2.857644e-01 6.050576e-01 4.328721e-01 3.126664e-01 2.007729e-01 6.873367e-01 7.263168e-01 5.906795e-01 5.303650e-01 2.829218e-01 3.586990e-01 6.464482e-01 6.677628e-01 5.865556e-01 4.071567e-01 6.940146e-01 6.379834e-01 3.462572e-01 4.732983e-01 5.369596e-01 5.488520e-01 2.334144e-01 6.249985e-01 3.243190e-01 4.806367e-01 5.397989e-01 4.037120e-01 1.975286e-01 6.386404e-01 5.802509e-01 
106 1485 0 0 0 5.682100e-01 2.971569e-01 6.603804e-01 3.533056e-01 3.619845e-01 5.739248e-01 3.616161e-01 2.036750e-01 2.866054e-01 5.841800e-01 7.571843e-01 5.340465e-01 4.897455e-01 4.141831e-01 2.066369e-01 6.108588e-01 6.638317e-01 6.924270e-01 4.083448e-01 6.807959e-01 5.719589e-01 5.012862e-01 4.057401e-01 5.591279e-01 4.351820e-01 2.531620e-01 5.276745e-01 4.711012e-01 3.716445e-01 4.423037e-01 3.529191e-01 2.767539e-01 6.058438e-01 6.342409e-01 
107 1499 0 0 0 6.540434e-01 2.851145e-01 5.826593e-01 3.895039e-01 4.510719e-01 6.680340e-01 4.385250e-01 1.994781e-01 2.755825e-01 4.732624e-01 5.450778e-01 3.229938e-01 6.299783e-01 5.107854e-01 2.653867e-01 6.811605e-01 5.769811e-01 7.043030e-01 2.546122e-01 7.734180e-01 4.387408e-01 5.839148e-01 4.454974e-01 6.702305e-01 3.953052e-01 1.123292e-01 5.820038e-01 4.956384e-01 4.997192e-01 3.789418e-01 3.156492e-01 2.425002e-01 6.498561e-01 6.726682e-01 
108 1513 0 0 0 5.024070e-01 1.140849e-01 8.185226e-01 4.064752e-01 3.653140e-01 5.716285e-01 3.759991e-01 1.747367e-01 2.717211e-01 6.248698e-01 5.545355e-01 2.709074e-01 7.038137e-01 4.432844e-01 2.559542e-01 8.085065e-01 6.215172e-01 3.752310e-01 3.933929e-01 7.054267e-01 4.318658e-01 6.079319e-01 5.071876e-01 5.864254e-01 3.286691e-01 1.159791e-01 5.930429e-01 5.471496e-01 4.660456e-01 3.633691e-01 4.340670e-01 5.192432e-01 5.823543e-01 6.570884e-01 
109 1527 0 0 0 4.618415e-01 2.109631e-01 6.498809e-01 3.071716e-01 3.411248e-01 7.415832e-01 5.920839e-01 3.370063e-01 3.413618e-01 5.972847e-01 6.153351e-01 3.973958e-01 6.222935e-01 3.087161e-01 2.268951e-01 7.127488e-01 5.591718e-01 3.376781e-01 5.272594e-01 8.311515e-01 2.674361e-01 7.398435e-01 6.135081e-01 6.110262e-01 4.729711e-01 1.052180e-01 5.757517e-01 3.270362e-01 6.114230e-01 4.459675e-01 4.581780e-01 4.174534e-01 5.155577e-01 6.941567e-01 
110 1541 0 0 0 5.407914e-01 2.895154e-01 4.529613e-01 4.653926e-01 3.260504e-01 7.373478e-01 3.378253e-01 3.307333e-01 2.753475e-01 7.371190e-01 6.226004e-01 2.585786e-01 7.855916e-01 3.498627e-01 2.368291e-01 7.333735e-01 4.971901e-01 4.097007e-01 4.374137e-01 8.302657e-01 1.890880e-01 8.483551e-01 5.011433e-01 6.479707e-01 4.811427e-01 1.826746e-01 4.007927e-01 4.185972e-01 6.408547e-01 4.919486e-01 4.811218e-01 3.350816e-01 6.116292e-01 5.912435e-01 
111 1555 0 0 0 5.607109e-01 3.615945e-01 3.319104e-01 5.452228e-01 1.872972e-01 7.654237e-01 1.880342e-01 4.641016e-01 3.497336e-01 7.890547e-01 6.126294e-01 2.678818e-01 8.085385e-01 4.189135e-01 2.334355e-01 8.109329e-01 3.533833e-01 4.341187e-01 4.928940e-01 7.145360e-01 1.607854e-01 7.478487e-01 4.935754e-01 7.435739e-01 5.456475e-01 1.793225e-01 1.859416e-01 4.255443e-01 8.151439e-01 5.081041e-01 5.787467e-01 4.667228e-01 6.650731e-01 7.443258e-01 
112 1569 0 0 0 5.707222e-01 3.103860e-01 4.540109e-01 4.293499e-01 3.088002e-01 7.663667e-01 2.770291e-01 4.265830e-01 2.754052e-01 6.649613e-01 6.006130e-01 2.175459e-01 8.474129e-01 3.678858e-01 2.625325e-01 6.744368e-01 2.664890e-01 5.078211e-01 4.397012e-01 8.173319e-01 8.578870e-02 7.139933e-01 5.533066e-01 8.728575e-01 5.094043e-01 3.342782e-01 1.760166e-01 3.796791e-01 7.484036e-01 3.588734e-01 4.848369e-01 5.188351e-01 6.652757e-01 7.080720e-01 
113 1583 0 0 0 4.051545e-01 4.179021e-01 5.021516e-01 3.467462e-01 4.500552e-01 7.847641e-01 2.448907e-01 4.526317e-01 3.146737e-01 4.820035e-01 6.175566e-01 2.146182e-01 7.909142e-01 3.206755e-01 1.943927e-01 6.676598e-01 2.364267e-01 6.447397e-01 4.076265e-01 7.188621e-01 2.466192e-01 8.155761e-01 5.167349e-01 7.704247e-01 3.749763e-01 1.654445e-01 4.008046e-01 3.640907e-01 6.122770e-01 3.931092e-01 5.527539e-01 3.641120e-01 6.753365e-01 6.218951e-01 
114 1597 0 0 0 2.557866e-01 6.147471e-01 4.895481e-01 4.783503e-01 4.691750e-01 8.192851e-01 3.340949e-01 3.734718e-01 5.302917e-01 5.303316e-01 7.006452e-01 2.876312e-01 8.563604e-01 3.766617e-01 3.006349e-01 7.314239e-01 2.726263e-01 5.665249e-01 5.674519e-01 7.291748e-01 2.828941e-01 7.165446e-01 4.420967e-01 8.035169e-01 3.518865e-01 1.130638e-01 2.028943e-01 4.057561e-01 6.225301e-01 5.121852e-01 5.098004e-01 2.165407e-01 7.378904e-01 6.202133e-01 
115 1611 0 0 0 4.302484e-01 5.675081e-01 6.025087e-01 4.909525e-01 4.513705e-01 7.649018e-01 3.196945e-01 2.728801e-01 3.868325e-01 5.393989e-01 6.269793e-01 3.671965e-01 9.174578e-01 4.935744e-01 3.561796e-01 6.330745e-01 3.082550e-01 4.833602e-01 6.529467e-01 7.358606e-01 1.377845e-01 7.311740e-01 4.548166e-01 7.835025e-01 3.570612e-01 4.969848e-02 3.272260e-01 4.745531e-01 6.555168e-01 4.712320e-01 4.752568e-01 1.441941e-01 8.009339e-01 5.958034e-01 
116 1625 0 0 0 5.871820e-01 5.718431e-01 7.470361e-01 4.433121e-01 3.006952e-01 8.214511e-01 5.155357e-01 2.988337e-01 3.070702e-01 5.934407e-01 6.019744e-01 4.050682e-01 8.741507e-01 4.766010e-01 3.684570e-01 6.321006e-01 2.956868e-01 4.920355e-01 7.439354e-01 5.915089e-01 1.516329e-01 6.792222e-01 5.174477e-01 6.041432e-01 2.558772e-01 1.428799e-01 4.056482e-01 3.608979e-01 6.367927e-01 5.356627e-01 4.459636e-01 1.207049e-01 8.094033e-01 4.418596e-01 
117 1639 0 0 0 6.501437e-01 5.961914e-01 8.174129e-01 5.178717e-01 3.711148e-01 7.048745e-01 5.399592e-01 2.942634e-01 3.295728e-01 6.910541e-01 4.931896e-01 4.962713e-01 8.532416e-01 5.117379e-01 4.704802e-01 5.334767e-01 3.433133e-01 5.247173e-01 6.990007e-01 5.798439e-01 2.951336e-01 6.236289e-01 4.277136e-01 5.584270e-01 2.509330e-01 2.629028e-01 4.534129e-01 4.428449e-01 5.103627e-01 4.728659e-01 3.289347e-01 2.116378e-01 7.337393e-01 3.296099e-01 
118 1653 0 0 0 6.775188e-01 6.967964e-01 7.494332e-01 6.235172e-01 2.414462e-01 6.679819e-01 5.965629e-01 3.640506e-01 3.406077e-01 6.649940e-01 4.076374e-01 5.051931e-01 8.173490e-01 5.023816e-01 4.131903e-01 6.078199e-01 4.068851e-01 5.242947e-01 6.665341e-01 5.163217e-01 2.574894e-01 5.781522e-01 5.111341e-01 4.744282e-01 2.070984e-01 2.159588e-01 6.688733e-01 3.398816e-01 4.166321e-01 6.020727e-01 3.252920e-01 3.117038e-01 7.496357e-01 2.761401e-01 
119 1667 0 0 0 6.615239e-01 6.249538e-01 7.958087e-01 4.294136e-01 3.090513e-01 6.425866e-01 6.334104e-01 2.498731e-01 3.787366e-01 4.846257e-01 4.273835e-01 3.632561e-01 6.889667e-01 4.967978e-01 3.263850e-01 5.848505e-01 6.799234e-01 4.443257e-01 6.317556e-01 5.090304e-01 2.108733e-01 4.453729e-01 5.181824e-01 5.302186e-01 2.147967e-01 3.376671e-01 6.173469e-01 1.896383e-01 2.757716e-01 6.095134e-01 2.252807e-01 3.843057e-01 8.898774e-01 1.827093e-01 
120 1681 0 0 0 6.885332e-01 5.665607e-01 8.238128e-01 3.917818e-01 2.922639e-01 5.281175e-01 7.145085e-01 2.278456e-01 4.686115e-01 6.140267e-01 5.887677e-01 3.427233e-01 5.646799e-01 6.188982e-01 3.417645e-01 6.672287e-01 6.918052e-01 4.260828e-01 6.613247e-01 5.289906e-01 3.517080e-01 4.486069e-01 4.257712e-01 6.634772e-01 7.934560e-02 2.474383e-01 5.857685e-01 3.307979e-01 2.246320e-01 6.120054e-01 3.502660e-01 4.885931e-01 8.415306e-01 2.748070e-01 
121 1695 0 0 0 6.890189e-01 5.276377e-01 8.587598e-01 3.561645e-01 3.053256e-01 5.339214e-01 7.365585e-01 2.273310e-01 5.808783e-01 6.100853e-01 5.002694e-01 3.870238e-01 6.275566e-01 5.702928e-01 3.331369e-01 6.257867e-01 7.089199e-01 5.083429e-01 5.605430e-01 4.635377e-01 5.280298e-01 3.728516e-01 2.072810e-01 6.162086e-01 1.610659e-01 3.237848e-01 5.214507e-01 3.283239e-01 2.677670e-01 6.448622e-01 3.691402e-01 4.409407e-01 7.649412e-01 3.764706e-01 
122 1709 0 0 0 7.448916e-01 4.692404e-01 8.812454e-01 3.273623e-01 2.220371e-01 5.655851e-01 7.191246e-01 2.769922e-01 6.695831e-01 4.561042e-01 4.758077e-01 3.122764e-01 5.943542e-01 6.497817e-01 4.232015e-01 6.233438e-01 7.241024e-01 4.404467e-01 5.228984e-01 4.269712e-01 4.888105e-01 4.908054e-01 1.909635e-01 6.127330e-01 3.240188e-01 2.996248e-01 5.126751e-01 3.683692e-01 2.325397e-01 5.856610e-01 3.114246e-01 5.000564e-01 6.834050e-01 4.287818e-01 
123 1723 0 0 0 6.781162e-01 3.532841e-01 7.727026e-01 3.880740e-01 1.234144e-01 5.196710e-01 7.349000e-01 2.981558e-01 7.597690e-01 4.696752e-01 4.001827e-01 3.387901e-01 4.413336e-01 6.197497e-01 3.389969e-01 7.422887e-01 6.424370e-01 4.102552e-01 5.292826e-01 4.866721e-01 5.428237e-01 4.577513e-01 2.405985e-01 5.221712e-01 4.816915e-01 1.853174e-01 4.987425e-01 3.277917e-01 4.098641e-01 5.348228e-01 3.785785e-01 6.469126e-01 5.818031e-01 4.621779e-01 
124 1737 0 0 0 5.936060e-01 2.988129e-01 8.358039e-01 4.152675e-01 1.597275e-01 5.899857e-01 7.325020e-01 1.511406e-01 7.231987e-01 4.865281e-01 4.049706e-01 2.500977e-01 4.014799e-01 6.959069e-01 4.043165e-01 6.513284e-01 5.391498e-01 4.101161e-01 6.287001e-01 4.956018e-01 6.485444e-01 4.159507e-01 3.401650e-01 5.429042e-01 5.462305e-01 2.273350e-01 4.340942e-01 1.839363e-01 3.981681e-01 4.759329e-01 4.096308e-01 6.693794e-01 7.431314e-01 4.553601e-01 
125 1751 0 0 0 4.963168e-01 4.316306e-01 8.291387e-01 3.682131e-01 2.229337e-01 4.912300e-01 6.975633e-01 1.855473e-01 7.663068e-01 4.290444e-01 4.684155e-01 2.467336e-01 3.543794e-01 7.049418e-01 5.064463e-01 6.782350e-01 5.807433e-01 5.427245e-01 5.914181e-01 4.238168e-01 4.024896e-01 3.962193e-01 3.378025e-01 5.241340e-01 6.574162e-01 2.552982e-01 3.690375e-01 1.411482e-01 4.576911e-01 4.186717e-01 4.165400e-01 5.380856e-01 7.034384e-01 4.807532e-01 
126 1765 0 0 0 4.669850e-01 3.748356e-01 7.836005e-01 3.254162e-01 3.544189e-01 4.469764e-01 7.592052e-01 1.774212e-01 7.874811e-01 3.751253e-01 5.287652e-01 2.243161e-01 4.221476e-01 7.145962e-01 5.501279e-01 6.267183e-01 6.269023e-01 7.393769e-01 6.731842e-01 3.621057e-01 3.822501e-01 3.840511e-01 3.455731e-01 5.481119e-01 5.943203e-01 3.911512e-01 2.528542e-01 3.185604e-01 5.176522e-01 4.498689e-01 4.186633e-01 5.609040e-01 7.721681e-01 4.688319e-01 
127 1779 0 0 0 4.538935e-01 3.395561e-01 4.940251e-01 5.436094e-01 2.744487e-01 5.103888e-01 8.048975e-01 1.574157e-01 6.757896e-01 6.128468e-01 3.413746e-01 3.391917e-01 3.620212e-01 7.566070e-01 5.391794e-01 6.099051e-01 5.358097e-01 7.221537e-01 4.226564e-01 5.123799e-01 4.968217e-01 4.953100e-01 4.360870e-01 7.183784e-01 4.823823e-01 2.841218e-01 3.069887e-01 3.968435e-01 5.557007e-01 2.846117e-01 4.712218e-01 4.429855e-01 8.300126e-01 5.502205e-01 
128 1793 0 0 0 4.933582e-01 2.906780e-01 3.501059e-01 6.429716e-01 3.263549e-01 5.779811e-01 7.864981e-01 1.384807e-01 7.877427e-01 3.458614e-01 3.925950e-01 2.932695e-01 3.631369e-01 5.777350e-01 4.170028e-01 4.283952e-01 6.738165e-01 8.536026e-01 4.434023e-01 4.616541e-01 5.802466e-01 5.548242e-01 3.013744e-01 4.864766e-01 5.640735e-01 3.138477e-01 2.761565e-01 4.243388e-01 5.712571e-01 3.725998e-01 6.371072e-01 4.642782e-01 8.422232e-01 6.404942e-01 
129 1807 0 0 0 4.802566e-01 3.099472e-01 5.137386e-01 5.772663e-01 4.066890e-01 4.900759e-01 8.098638e-01 1.319264e-01 8.407709e-01 3.772678e-01 3.206516e-01 4.605588e-01 3.672440e-01 5.677598e-01 3.018717e-01 4.813695e-01 6.395617e-01 7.530418e-01 3.462242e-01 4.485856e-01 5.116165e-01 5.555615e-01 3.906172e-01 5.581459e-01 4.815894e-01 2.213292e-01 3.448616e-01 5.127556e-01 4.759232e-01 3.398269e-01 5.788140e-01 2.760797e-01 8.223853e-01 6.586066e-01 
130 1821 0 0 0 4.695941e-01 3.081919e-01 6.438325e-01 4.641347e-01 3.675292e-01 4.669439e-01 8.385859e-01 1.355787e-01 8.241319e-01 5.378862e-01 2.710762e-01 4.693518e-01 3.801414e-01 6.593918e-01 3.861183e-01 6.424984e-01 6.310865e-01 7.276288e-01 3.428519e-01 5.716863e-01 5.159650e-01 3.639293e-01 3.772772e-01 5.723638e-01 5.697535e-01 2.499782e-01 3.440878e-01 5.751451e-01 6.379641e-01 3.455533e-01 5.495177e-01 3.916208e-01 7.339246e-01 7.572459e-01 
131 1835 0 0 0 6.812684e-01 3.551528e-01 6.056740e-01 5.482945e-01 3.899275e-01 6.901639e-01 6.598127e-01 1.543243e-01 7.726952e-01 7.188972e-01 2.884471e-01 5.328804e-01 4.775494e-01 6.208349e-01 3.251968e-01 6.549720e-01 5.476919e-01 7.831711e-01 3.875159e-01 6.439366e-01 5.191204e-01 2.941536e-01 3.835528e-01 5.046643e-01 6.807925e-01 3.008393e-01 2.503316e-01 6.516020e-01 7.117946e-01 4.712536e-01 7.585891e-01 2.795001e-01 7.324630e-01 7.242337e-01 
132 1849 0 0 0 6.268477e-01 4.042133e-01 5.175146e-01 5.033559e-01 4.439696e-01 7.257183e-01 5.652756e-01 2.376862e-01 7.761375e-01 7.752746e-01 4.652940e-01 5.823265e-01 4.590495e-01 5.541113e-01 4.229517e-01 4.907147e-01 5.098773e-01 7.494283e-01 3.893089e-01 5.619815e-01 4.569742e-01 3.403036e-01 2.434638e-01 5.134497e-01 5.381565e-01 3.442425e-01 2.579179e-01 4.968333e-01 6.884219e-01 5.082891e-01 7.638545e-01 3.365971e-01 5.881269e-01 6.773232e-01 
133 1863 0 0 0 6.405112e-01 3.673040e-01 5.432581e-01 4.705357e-01 5.206099e-01 7.654657e-01 5.317592e-01 2.515569e-01 7.028587e-01 7.606234e-01 4.912092e-01 5.294630e-01 5.438968e-01 4.559043e-01 5.781168e-01 3.703009e-01 4.879797e-01 8.191476e-01 4.822193e-01 6.689484e-01 5.192604e-01 4.447906e-01 8.303530e-02 4.965749e-01 5.475097e-01 2.036007e-01 4.239798e-01 6.273700e-01 6.801234e-01 3.852599e-01 7.229535e-01 2.191252e-01 5.533312e-01 6.404700e-01 
134 1877 0 0 0 4.802168e-01 3.906699e-01 4.315537e-01 6.950408e-01 5.780043e-01 9.440061e-01 6.335798e-01 1.106736e-01 6.050177e-01 6.466868e-01 4.829258e-01 6.097794e-01 4.761567e-01 4.308079e-01 4.479370e-01 4.125185e-01 5.017426e-01 7.356265e-01 5.225903e-01 7.380479e-01 4.891967e-01 4.495669e-01 2.062296e-02 5.424263e-01 4.778359e-01 3.183687e-01 4.625958e-01 6.559696e-01 7.163453e-01 4.391934e-01 7.528990e-01 2.267920e-01 2.697286e-01 5.209621e-01 
135 1891 0 0 0 7.007374e-01 3.848334e-01 3.152191e-01 6.524813e-01 4.599024e-01 8.733949e-01 7.393701e-01 1.193026e-01 3.574311e-01 4.044070e-01 4.151488e-01 6.241012e-01 5.406376e-01 3.088754e-01 5.307912e-01 4.621544e-01 4.396192e-01 7.002389e-01 5.049342e-01 7.582721e-01 5.973606e-01 5.908955e-01 1.128044e-01 5.238195e-01 6.199439e-01 3.761000e-01 4.830566e-01 7.064052e-01 7.214743e-01 3.000559e-01 6.642429e-01 3.297620e-01 4.030994e-01 7.871293e-01 
136 1905 0 0 0 7.385853e-01 5.347913e-01 2.348524e-01 4.789337e-01 2.752076e-01 7.522903e-01 6.928952e-01 1.705657e-01 3.953436e-01 5.030323e-01 4.381596e-01 6.387254e-01 6.068712e-01 4.384236e-01 6.358155e-01 7.031173e-01 3.009593e-01 4.972114e-01 4.879046e-01 7.199985e-01 5.873970e-01 5.593631e-01 1.075472e-01 6.084780e-01 7.065995e-01 4.262908e-01 4.795114e-01 6.084583e-01 5.741345e-01 5.491111e-01 6.404044e-01 3.860581e-01 3.838220e-01 7.290508e-01 
137 1919 0 0 0 7.420860e-01 4.973100e-01 3.423915e-01 4.750183e-01 1.423286e-01 7.863347e-01 5.506285e-01 1.942911e-01 5.036196e-01 5.971859e-01 4.224550e-01 6.642252e-01 3.353967e-01 4.159180e-01 6.330340e-01 7.477228e-01 2.506397e-01 5.327074e-01 4.000579e-01 7.355600e-01 5.716806e-01 6.038122e-01 1.694881e-01 4.653453e-01 6.552815e-01 4.813403e-01 3.032703e-01 6.258441e-01 6.639221e-01 4.126804e-01 6.071350e-01 4.980919e-01 3.940528e-01 7.419888e-01 
138 1933 0 0 0 7.261001e-01 4.721338e-01 4.484597e-01 4.476325e-01 1.165651e-02 7.707984e-01 3.908182e-01 1.444967e-01 6.234538e-01 8.184340e-01 3.458817e-01 7.249715e-01 2.906292e-01 4.779602e-01 7.269764e-01 7.128148e-01 2.614653e-01 3.993697e-01 4.699811e-01 6.119767e-01 5.973661e-01 5.966778e-01 2.687616e-01 4.413835e-01 4.726582e-01 4.427581e-01 1.723545e-01 4.744946e-01 6.155848e-01 5.639694e-01 5.654551e-01 5.115906e-01 3.043131e-01 6.986380e-01 
139 1947 0 0 0 8.654530e-01 4.480550e-01 5.373247e-01 5.467799e-01 2.170581e-01 7.820783e-01 4.986863e-01 1.957830e-01 5.589977e-01 7.643163e-01 3.890600e-01 6.969913e-01 3.758623e-01 4.983525e-01 6.223844e-01 8.249466e-01 3.782322e-01 3.214003e-01 3.327473e-01 6.603783e-01 4.914670e-01 5.414445e-01 2.893186e-01 4.448459e-01 6.156750e-01 5.923529e-01 1.794795e-01 4.987830e-01 7.487531e-01 6.494608e-01 6.213254e-01 4.911115e-01 3.842778e-01 8.280351e-01 
140 1961 0 0 0 8.680506e-01 3.814775e-01 4.778444e-01 6.302371e-01 1.587060e-01 6.777358e-01 4.803612e-01 2.966400e-01 6.311606e-01 7.534594e-01 2.801673e-01 8.234809e-01 3.313845e-01 4.746178e-01 7.716175e-01 8.477882e-01 4.789346e-01 3.536309e-01 3.585163e-01 6.552191e-01 5.801408e-01 5.075775e-01 3.476461e-01 3.373709e-01 5.835156e-01 5.183708e-01 2.270058e-01 4.391469e-01 5.787713e-01 6.931356e-01 7.142259e-01 4.471029e-01 2.009754e-01 7.945402e-01 
141 1975 0 0 0 8.072465e-01 4.241187e-01 4.099156e-01 6.090653e-01 1.932751e-01 7.938783e-01 7.478968e-01 3.320411e-01 6.169234e-01 7.314658e-01 1.982395e-01 7.713153e-01 2.601740e-01 5.883797e-01 8.181105e-01 8.548857e-01 5.428403e-01 3.481324e-01 2.521478e-01 7.284019e-01 5.564464e-01 5.335563e-01 4.570651e-01 2.964127e-01 5.536138e-01 5.265041e-01 3.562224e-01 3.942957e-01 6.318881e-01 5.817402e-01 7.037782e-01 3.679826e-01 2.303049e-01 5.962836e-01 
142 1989 0 0 0 8.545102e-01 4.598035e-01 3.691908e-01 6.224007e-01 1.328574e-01 6.362661e-01 7.212944e-01 3.039949e-01 5.986503e-01 7.332667e-01 2.189157e-01 6.934615e-01 2.948501e-01 6.127892e-01 7.499818e-01 7.632133e-01 4.710821e-01 4.070753e-01 2.460791e-01 6.532510e-01 5.865261e-01 5.653923e-01 4.609743e-01 2.683860e-01 4.450758e-01 4.994687e-01 3.155175e-01 3.765163e-01 5.979852e-01 6.741119e-01 5.829558e-01 4.170280e-01 1.765940e-01 6.458460e-01 
143 2003 0 0 0 9.243174e-01 5.414472e-01 2.716879e-01 6.398205e-01 1.055913e-01 7.960045e-01 6.163522e-01 3.698023e-01 5.965975e-01 8.344865e-01 2.927815e-01 5.017859e-01 4.121153e-01 7.374666e-01 5.411224e-01 7.073994e-01 4.224210e-01 3.305838e-01 2.698298e-01 5.928671e-01 5.593234e-01 4.590405e-01 5.003273e-01 3.880621e-01 4.398161e-01 4.783053e-01 3.093648e-01 3.989725e-01 6.160092e-01 7.513440e-01 3.781578e-01 5.841891e-01 2.426155e-01 5.403157e-01 
144 2017 0 0 0 8.830129e-01 4.541888e-01 2.496189e-01 5.623371e-01 5.215118e-02 7.783635e-01 6.867223e-01 3.029177e-01 7.408080e-01 7.565451e-01 3.541836e-01 4.972657e-01 5.127708e-01 6.285194e-01 6.180520e-01 6.520757e-01 5.031813e-01 4.315660e-01 2.676761e-01 5.583927e-01 6.839587e-01 4.514127e-01 3.987309e-01 4.062270e-01 3.954825e-01 4.153078e-01 3.798795e-01 3.828513e-01 5.760211e-01 6.622836e-01 3.369419e-01 5.215039e-01 1.354758e-01 4.153915e-01 
145 2031 0 0 0 8.076961e-01 3.840238e-01 1.868546e-01 4.866541e-01 1.649497e-01 7.850688e-01 5.442645e-01 2.859307e-01 6.791634e-01 7.698176e-01 3.983526e-01 4.097729e-01 4.300835e-01 4.880001e-01 5.189974e-01 5.739887e-01 6.069304e-01 4.908670e-01 2.532175e-01 5.618255e-01 5.960842e-01 4.074689e-01 3.528726e-01 4.407456e-01 3.633153e-01 3.031483e-01 3.567186e-01 5.552343e-01 6.862145e-01 6.014734e-01 4.401384e-01 5.018589e-01 2.636577e-01 4.278634e-01 
146 2045 0 0 0 8.866394e-01 4.609047e-01 1.799414e-01 5.376275e-01 1.842090e-01 7.499195e-01 5.129995e-01 2.455349e-01 6.848176e-01 6.866489e-01 3.808200e-01 5.319089e-01 3.984474e-01 4.310287e-01 5.749779e-01 6.599575e-01 5.709614e-01 5.311654e-01 2.460125e-01 6.432623e-01 4.862601e-01 5.169424e-01 3.860896e-01 4.278575e-01 3.443525e-01 3.429762e-01 1.829180e-01 5.864484e-01 8.507328e-01 6.849953e-01 3.610952e-01 4.275672e-01 2.978463e-01 4.438068e-01 
147 2059 0 0 0 6.960328e-01 3.895491e-01 1.786515e-01 3.970330e-01 2.104647e-01 7.860732e-01 3.972746e-01 2.767051e-01 6.075742e-01 6.275773e-01 2.596154e-01 6.228261e-01 3.654086e-01 5.060673e-01 5.887656e-01 7.650168e-01 5.751529e-01 5.787561e-01 2.586136e-01 6.278817e-01 4.969726e-01 6.052656e-01 3.221308e-01 4.964981e-01 5.269637e-01 5.324817e-01 1.213072e-01 5.626507e-01 8.381333e-01 6.458398e-01 5.690385e-01 3.628531e-01 3.694852e-01 4.215553e-01 
148 2073 0 0 0 7.741382e-01 3.253143e-01 1.134679e-01 4.103092e-01 4.188644e-01 8.294866e-01 3.604190e-01 3.524179e-01 6.228925e-01 6.189416e-01 1.836462e-01 6.942123e-01 3.571743e-01 4.397873e-01 5.595951e-01 7.881522e-01 5.354321e-01 5.359478e-01 2.923002e-01 6.399163e-01 4.294006e-01 4.211012e-01 3.490806e-01 5.332426e-01 5.960927e-01 5.293172e-01 1.063310e-01 6.580879e-01 8.496435e-01 6.478988e-01 5.865319e-01 2.742769e-01 2.658509e-01 5.551987e-01 
149 2087 0 0 0 7.387558e-01 5.005350e-01 2.033634e-01 3.219210e-01 2.635487e-01 8.155853e-01 3.859506e-01 3.156922e-01 5.599469e-01 5.496637e-01 1.662519e-01 6.545426e-01 3.409359e-01 4.577811e-01 5.397661e-01 7.316280e-01 5.497688e-01 5.449321e-01 2.484042e-01 7.311778e-01 3.067373e-01 3.739279e-01 3.964701e-01 4.644901e-01 6.025437e-01 7.373567e-01 5.422347e-02 6.843318e-01 8.655342e-01 4.839044e-01 6.505403e-01 2.724672e-01 4.436313e-01 6.507657e-01 
150 2101 0 0 0 8.550990e-01 4.596367e-01 1.169987e-01 3.029319e-01 2.954954e-01 9.270918e-01 3.826008e-01 2.853904e-01 6.145720e-01 7.214515e-01 2.334103e-01 6.084587e-01 3.733541e-01 4.854105e-01 5.343840e-01 7.140645e-01 5.895256e-01 5.306082e-01 1.751533e-01 7.749621e-01 3.242383e-01 3.857222e-01 3.535961e-01 6.173609e-01 6.591407e-01 8.355696e-01 1.408078e-01 7.236093e-01 8.569323e-01 5.624693e-01 7.109984e-01 2.546332e-01 5.653942e-01 6.160724e-01 
151 2115 0 0 0 7.544463e-01 5.649760e-01 1.426455e-01 3.224415e-01 3.426607e-01 9.528208e-01 3.709809e-01 3.469826e-01 4.826357e-01 6.507410e-01 9.864046e-02 6.638622e-01 3.858414e-01 4.936331e-01 5.080516e-01 8.075152e-01 6.011704e-01 4.982827e-01 8.508479e-02 7.507970e-01 2.974072e-01 5.145992e-01 2.579139e-01 5.737620e-01 6.260618e-01 9.659490e-01 2.642866e-01 5.782790e-01 8.778057e-01 6.042874e-01 7.549743e-01 3.128766e-01 5.346079e-01 4.896305e-01 
152 2129 0 0 0 8.791934e-01 5.287372e-01 5.768613e-02 4.713848e-01 3.629006e-01 9.210439e-01 4.624698e-01 3.793372e-01 5.319463e-01 5.919696e-01 1.255815e-01 6.693470e-01 3.549091e-01 5.549744e-01 4.982671e-01 6.404190e-01 6.028467e-01 5.949176e-01 1.162310e-01 7.403583e-01 2.735597e-01 6.270476e-01 2.952080e-01 7.151126e-01 6.404250e-01 9.509316e-01 2.883763e-01 6.563277e-01 8.069924e-01 6.596943e-01 7.766600e-01 3.534574e-01 6.230256e-01 5.958621e-01 
153 2143 0 0 0 8.901624e-01 5.785653e-01 1.036056e-01 6.041995e-01 3.756665e-01 8.872833e-01 4.791443e-01 2.932020e-01 5.707324e-01 5.593013e-01 7.403522e-02 6.523425e-01 4.286910e-01 7.010047e-01 4.940796e-01 6.879877e-01 7.408056e-01 5.086656e-01 2.821796e-01 7.330507e-01 2.070425e-01 5.819194e-01 2.010486e-01 8.239251e-01 7.123385e-01 8.914671e-01 4.397694e-01 7.950110e-01 6.059950e-01 6.361965e-01 8.115515e-01 2.848122e-01 6.164664e-01 4.907435e-01 
154 2157 0 0 0 8.231509e-01 4.647958e-01 1.317571e-01 7.161427e-01 3.665879e-01 8.648390e-01 4.129773e-01 3.675359e-01 5.951418e-01 6.026252e-01 1.124105e-01 6.653882e-01 4.344433e-01 8.299303e-01 5.352603e-01 6.401752e-01 7.370822e-01 4.299567e-01 2.783718e-01 6.590190e-01 3.318315e-01 5.687934e-01 2.209958e-01 7.458143e-01 8.212674e-01 6.796508e-01 2.712129e-01 5.476177e-01 4.913947e-01 7.682871e-01 7.395268e-01 3.861326e-01 4.617852e-01 5.471509e-01 
155 2171 0 0 0 7.282470e-01 4.377936e-01 1.311354e-01 7.343336e-01 2.653682e-01 8.156249e-01 4.497111e-01 3.153414e-01 5.930844e-01 6.723890e-01 1.661677e-01 6.603840e-01 4.548453e-01 7.318243e-01 5.598857e-01 5.954053e-01 7.755435e-01 4.384871e-01 2.492940e-01 7.095659e-01 2.683727e-01 6.544186e-01 1.897572e-01 7.999674e-01 7.943239e-01 7.051923e-01 1.497903e-01 5.389486e-01 5.072684e-01 8.291015e-01 6.794393e-01 3.916803e-01 4.122257e-01 6.197175e-01 
156 2185 0 0 0 7.401388e-01 4.153144e-01 4.082925e-02 7.219911e-01 2.502422e-01 7.503650e-01 4.332831e-01 3.238945e-01 7.371422e-01 5.692232e-01 2.260578e-01 6.887490e-01 4.928835e-01 6.982671e-01 3.576240e-01 5.121528e-01 6.738332e-01 4.555047e-01 1.827855e-01 6.700699e-01 1.996298e-01 6.584555e-01 2.514353e-01 7.396912e-01 8.361790e-01 5.660756e-01 1.275977e-01 4.093127e-01 5.456570e-01 8.109474e-01 6.423510e-01 3.361269e-01 4.779093e-01 6.263109e-01 
157 2199 0 0 0 7.524548e-01 4.286298e-01 7.937574e-02 5.864957e-01 1.464839e-01 8.126761e-01 3.316484e-01 2.919532e-01 6.411851e-01 6.315987e-01 2.485734e-01 5.347196e-01 3.834800e-01 6.550201e-01 1.938023e-01 6.023248e-01 6.046204e-01 5.364506e-01 2.424869e-01 6.702878e-01 1.943319e-01 5.524474e-01 2.474465e-01 8.022676e-01 8.001069e-01 6.589951e-01 2.553766e-01 4.154536e-01 6.481514e-01 7.975457e-01 6.861760e-01 3.775343e-01 4.394628e-01 5.388399e-01 
158 2213 0 0 0 6.483561e-01 3.553446e-01 1.537382e-01 5.132645e-01 1.840593e-01 9.042123e-01 3.633279e-01 3.325451e-01 5.738470e-01 6.260383e-01 3.755165e-01 5.648547e-01 4.294979e-01 7.235498e-01 1.093059e-01 6.671446e-01 6.753888e-01 4.218839e-01 2.804741e-01 7.896336e-01 1.943465e-01 5.418642e-01 3.099600e-01 7.469030e-01 8.217911e-01 6.696970e-01 3.107954e-01 4.593907e-01 6.260587e-01 7.455015e-01 4.262649e-01 1.930447e-01 5.147390e-01 5.731101e-01 
159 2227 0 0 0 6.683797e-01 4.367101e-01 1.692943e-01 3.995140e-01 2.532965e-01 7.077564e-01 3.412961e-01 2.577689e-01 5.519923e-01 6.275805e-01 2.590010e-01 6.915452e-01 4.505871e-01 8.817572e-01 2.453079e-01 6.435437e-01 6.716104e-01 3.984056e-01 3.063331e-01 6.655138e-01 1.918365e-01 4.496468e-01 3.039576e-01 7.122671e-01 7.131521e-01 6.612065e-01 2.815312e-01 3.951778e-01 5.747589e-01 6.492998e-01 4.158130e-01 2.142744e-01 4.775818e-01 4.577331e-01 
160 2241 0 0 0 7.221391e-01 3.748059e-01 3.880763e-01 3.455097e-01 2.496266e-01 6.988631e-01 3.170550e-01 2.698318e-01 7.528466e-01 8.382297e-01 3.169650e-01 6.735042e-01 4.128728e-01 8.803197e-01 3.172146e-01 7.996866e-01 5.579357e-01 4.603777e-01 3.066708e-01 5.237331e-01 1.740952e-01 4.492471e-01 2.831637e-01 6.396407e-01 6.572700e-01 6.094622e-01 3.837397e-01 3.618780e-01 6.152501e-01 6.394795e-01 4.290199e-01 2.057105e-01 4.720493e-01 4.952598e-01 
161 2255 0 0 0 7.210528e-01 3.811872e-01 3.889809e-01 2.505059e-01 9.803852e-02 6.645714e-01 3.479616e-01 1.680328e-01 7.774073e-01 7.196492e-01 3.181701e-01 7.699363e-01 3.880110e-01 9.034153e-01 2.952265e-01 6.916563e-01 4.180503e-01 4.860054e-01 1.804154e-01 3.953254e-01 2.254958e-01 4.749429e-01 2.158895e-01 6.569806e-01 7.489602e-01 6.670438e-01 3.586014e-01 3.694077e-01 6.830379e-01 7.465651e-01 3.381544e-01 2.614059e-01 5.130104e-01 4.916989e-01 
162 2269 0 0 0 7.665133e-01 2.762396e-01 4.612272e-01 2.065712e-01 2.016225e-01 6.648505e-01 3.737320e-01 2.758878e-01 8.190324e-01 6.292532e-01 1.652253e-01 7.758563e-01 2.667237e-01 8.005861e-01 3.095273e-01 6.557986e-01 4.460825e-01 5.559874e-01 2.274483e-01 4.983358e-01 3.155435e-01 4.870563e-01 2.938363e-01 6.397270e-01 7.676172e-01 6.328405e-01 3.788616e-01 2.523400e-01 6.734789e-01 7.172810e-01 3.956648e-01 2.810740e-01 4.342776e-01 6.616169e-01 
163 2283 0 0 0 7.021147e-01 2.742849e-01 4.452142e-01 2.263505e-01 2.933207e-01 7.679359e-01 3.966640e-01 2.262595e-01 7.967294e-01 6.157150e-01 1.739948e-01 8.281067e-01 2.404971e-01 7.702157e-01 2.909128e-01 6.720264e-01 4.046011e-01 5.419537e-01 2.512201e-01 4.388546e-01 3.360507e-01 4.896728e-01 2.916028e-01 6.039874e-01 7.169416e-01 5.399219e-01 3.688969e-01 3.794008e-01 7.920144e-01 7.213464e-01 4.067773e-01 2.686382e-01 3.971392e-01 6.127200e-01 
164 2297 0 0 0 6.664645e-01 2.503580e-01 4.937338e-01 1.646191e-01 2.159828e-01 8.310984e-01 4.650426e-01 3.094346e-01 6.919994e-01 5.031873e-01 4.092430e-01 6.299515e-01 2.067213e-01 7.660081e-01 2.957910e-01 5.673164e-01 4.007684e-01 5.601634e-01 3.209794e-01 3.512785e-01 3.945971e-01 5.881732e-01 2.057028e-01 6.678956e-01 8.106559e-01 7.483977e-01 2.047152e-01 5.215519e-01 8.594883e-01 6.920043e-01 4.772055e-01 3.231840e-01 6.556850e-01 6.762086e-01 
165 2311 0 0 0 6.464096e-01 1.544464e-01 2.169015e-01 2.020338e-01 1.543082e-01 7.510411e-01 3.201620e-01 3.823263e-01 7.425729e-01 4.301332e-01 3.335813e-01 6.450432e-01 1.760072e-01 9.326674e-01 3.325400e-01 6.853910e-01 4.367435e-01 4.628747e-01 1.675934e-01 4.150189e-01 6.359362e-01 5.327533e-01 2.502763e-01 6.736749e-01 8.815776e-01 7.575620e-01 2.824085e-01 6.550852e-01 8.771271e-01 6.905719e-01 4.419113e-01 2.577852e-01 4.529760e-01 4.451786e-01 
166 2325 0 0 0 6.467489e-01 2.165716e-01 1.685505e-01 2.884505e-01 2.481140e-01 8.047880e-01 3.260183e-01 4.509963e-01 7.399471e-01 4.495416e-01 3.468588e-01 5.476346e-01 1.983072e-01 9.253598e-01 2.090227e-01 5.637459e-01 5.014419e-01 4.635994e-01 3.289605e-01 3.385647e-01 7.097115e-01 5.917547e-01 3.449771e-01 7.363155e-01 7.596264e-01 7.634731e-01 3.587781e-01 6.953058e-01 8.327278e-01 7.899733e-01 4.179207e-01 2.880873e-01 3.577338e-01 4.714704e-01 
167 2339 0 0 0 7.284720e-01 1.970844e-01 1.834987e-01 2.472997e-01 3.064307e-01 8.343030e-01 2.477333e-01 4.306087e-01 6.721698e-01 3.072112e-01 2.892158e-01 4.338718e-01 1.457179e-01 9.027426e-01 2.328122e-01 5.710300e-01 4.610477e-01 6.088962e-01 5.457030e-01 4.116063e-01 6.286742e-01 5.336978e-01 4.273890e-01 6.323233e-01 7.666983e-01 7.535523e-01 3.845655e-01 7.041042e-01 8.232357e-01 7.278797e-01 4.211974e-01 2.522545e-01 3.753846e-01 4.130096e-01 
168 2353 0 0 0 6.249772e-01 1.126285e-01 2.723151e-01 8.753909e-02 2.743040e-01 8.076098e-01 2.046355e-01 4.387641e-01 6.875196e-01 2.581183e-01 3.371653e-01 4.124726e-01 2.232488e-01 8.712514e-01 3.522810e-01 6.058663e-01 6.287634e-01 5.112247e-01 5.160180e-01 4.150375e-01 6.840018e-01 5.613387e-01 4.398052e-01 5.214063e-01 7.769961e-01 6.618115e-01 4.140421e-01 8.988529e-01 6.923289e-01 7.738566e-01 3.582977e-01 3.068498e-01 2.879970e-01 4.012762e-01 
169 2367 0 0 0 5.946571e-01 1.860710e-01 3.759509e-01 1.772766e-01 2.964564e-01 7.270721e-01 2.923739e-01 4.913652e-01 7.208050e-01 2.694533e-01 3.538483e-01 4.156733e-01 1.780281e-01 8.171478e-01 3.763698e-01 6.476860e-01 5.944709e-01 5.260348e-01 5.917539e-01 4.333557e-01 5.854941e-01 5.301913e-01 3.906939e-01 4.150710e-01 7.208143e-01 6.703743e-01 5.033343e-01 7.882090e-01 7.719586e-01 5.723311e-01 2.517258e-01 2.016209e-01 3.089004e-01 2.711729e-01 
170 2381 0 0 0 5.724420e-01 1.314249e-01 3.186457e-01 2.310760e-01 2.594433e-01 6.333623e-01 3.240137e-01 4.042964e-01 7.732445e-01 3.653868e-01 2.613346e-01 5.191995e-01 2.429493e-01 8.425968e-01 2.900580e-01 7.730374e-01 6.321919e-01 5.845090e-01 6.217232e-01 3.926354e-01 6.458646e-01 4.324891e-01 3.722398e-01 4.556002e-01 7.298578e-01 7.494386e-01 5.310633e-01 7.708562e-01 7.475325e-01 4.721618e-01 2.845267e-01 3.122286e-01 2.092674e-01 2.239668e-01 
171 2395 0 0 0 4.427468e-01 1.362466e-01 1.193997e-01 4.725738e-01 1.603424e-01 7.366573e-01 2.063761e-01 5.301209e-01 5.932491e-01 3.978673e-01 6.533594e-02 5.442816e-01 2.898712e-01 8.918740e-01 3.467200e-01 7.406907e-01 6.820413e-01 5.335601e-01 6.189069e-01 3.848336e-01 4.700932e-01 4.526175e-01 4.493543e-01 4.516999e-01 9.218891e-01 7.584077e-01 5.006093e-01 5.736140e-01 7.305811e-01 4.281109e-01 2.337288e-01 2.353707e-01 4.641383e-01 3.667066e-01 
172 2409 0 0 0 3.747464e-01 2.200168e-01 2.275816e-01 4.351465e-01 3.263805e-02 7.702562e-01 2.689595e-01 5.351687e-01 5.230956e-01 4.046246e-01 1.741438e-01 4.937055e-01 3.122084e-01 7.618640e-01 1.525046e-01 8.683219e-01 6.961679e-01 5.520342e-01 5.457782e-01 3.040495e-01 4.638545e-01 4.313012e-01 6.048025e-01 3.989433e-01 8.050760e-01 8.182897e-01 5.898327e-01 6.344356e-01 5.393117e-01 4.424160e-01 2.319090e-01 2.194370e-01 5.029245e-01 3.900381e-01 
173 2423 0 0 0 2.740850e-01 1.060940e-01 2.872083e-01 4.353405e-01 1.073556e-01 7.298717e-01 4.236260e-01 4.871803e-01 6.980738e-01 5.112270e-01 2.293130e-01 4.295066e-01 2.073036e-01 8.407324e-01 1.605657e-01 8.534276e-01 8.280869e-01 4.676219e-01 7.347533e-01 3.695354e-01 5.984170e-01 5.351780e-01 6.362554e-01 4.819435e-01 7.782971e-01 7.252762e-01 5.588768e-01 6.964149e-01 4.989424e-01 5.274145e-01 2.520744e-01 2.247113e-01 3.176512e-01 4.745459e-01 
174 2437 0 0 0 1.906499e-01 1.251115e-01 2.243590e-01 4.554309e-01 1.129751e-01 8.459505e-01 5.355277e-01 5.575938e-01 6.071997e-01 6.535383e-01 1.728281e-01 3.774980e-01 4.051048e-01 8.123426e-01 1.789455e-01 8.462093e-01 8.079164e-01 5.628507e-01 7.366210e-01 4.632089e-01 7.596247e-01 4.324108e-01 5.373892e-01 5.960861e-01 8.125843e-01 6.497194e-01 6.413369e-01 5.662147e-01 6.057481e-01 5.852230e-01 2.363953e-01 3.596156e-01 4.402947e-01 4.977084e-01 
175 2451 0 0 0 3.086191e-01 1.171173e-01 2.815299e-01 3.213710e-01 2.128538e-01 9.440440e-01 5.563565e-01 5.969910e-01 6.694960e-01 5.682823e-01 1.549207e-01 4.069767e-01 3.418279e-01 7.250768e-01 2.381110e-01 8.056420e-01 7.760357e-01 7.072560e-01 6.653834e-01 4.602434e-01 7.106607e-01 6.082003e-01 5.174536e-01 6.484283e-01 7.467254e-01 6.617259e-01 7.467513e-01 6.354294e-01 5.800182e-01 5.129655e-01 1.949470e-01 2.008669e-01 3.883278e-01 7.482946e-01 
176 2465 0 0 0 2.752474e-01 7.507796e-02 3.272815e-01 3.487499e-01 1.571581e-01 9.585349e-01 5.884285e-01 7.454546e-01 8.144837e-01 5.468547e-01 1.896643e-01 2.714740e-01 2.796602e-01 6.600301e-01 7.902957e-02 7.447477e-01 7.466942e-01 6.925292e-01 7.268962e-01 3.249992e-01 8.249290e-01 6.353274e-01 5.813459e-01 6.147015e-01 5.882243e-01 5.775179e-01 7.126217e-01 5.935379e-01 5.741177e-01 5.335434e-01 1.393059e-01 1.277906e-01 5.267513e-01 7.979182e-01 
177 2479 0 0 0 2.665009e-01 4.080632e-02 3.689564e-01 2.407745e-01 1.209681e-01 9.236768e-01 4.223778e-01 7.605816e-01 8.145323e-01 7.371142e-01 1.566373e-01 3.092941e-01 2.669976e-01 7.458805e-01 1.173394e-01 7.438252e-01 7.989981e-01 5.950401e-01 6.955198e-01 4.585586e-01 7.972773e-01 6.474686e-01 6.112820e-01 5.079901e-01 6.724654e-01 5.806544e-01 5.693560e-01 6.305081e-01 5.208810e-01 5.192401e-01 1.541729e-01 2.771892e-01 5.165611e-01 7.809724e-01 
178 2493 0 0 0 1.720922e-01 1.750372e-01 3.908524e-01 3.027380e-01 1.323422e-01 8.208107e-01 4.454682e-01 8.114057e-01 8.515319e-01 6.541071e-01 2.486606e-01 3.976639e-01 1.641948e-01 8.155418e-01 1.321927e-01 6.128758e-01 8.433039e-01 7.061661e-01 7.381276e-01 5.912633e-01 6.512422e-01 7.140051e-01 6.299937e-01 4.296303e-01 6.044038e-01 6.072438e-01 5.845926e-01 6.863406e-01 4.681624e-01 4.880141e-01 3.321980e-01 2.605551e-01 5.444627e-01 7.019423e-01 
179 2507 0 0 0 2.906380e-01 1.270312e-01 4.858821e-01 2.192677e-01 8.466737e-02 9.002573e-01 4.426077e-01 7.813947e-01 7.507064e-01 6.225798e-01 3.518909e-01 3.342986e-01 1.432424e-01 7.767209e-01 9.677886e-02 7.337982e-01 7.496633e-01 8.150823e-01 7.545311e-01 5.416416e-01 5.331452e-01 7.371900e-01 6.732727e-01 3.818273e-01 6.096456e-01 5.746645e-01 5.855897e-01 6.871188e-01 5.238295e-01 4.521130e-01 2.883638e-01 1.890577e-01 5.744377e-01 6.828263e-01 
180 2521 0 0 0 3.628664e-01 2.137989e-01 4.785498e-01 3.707232e-01 9.838927e-02 8.871994e-01 3.524851e-01 8.376698e-01 7.474466e-01 6.789114e-01 2.846452e-01 4.017707e-01 2.103341e-01 8.350429e-01 1.227529e-01 6.919508e-01 8.330937e-01 8.801137e-01 7.189384e-01 4.786949e-01 5.237600e-01 7.719261e-01 6.737506e-01 2.971861e-01 5.414443e-01 5.106382e-01 5.949715e-01 6.277399e-01 4.533653e-01 3.581314e-01 2.249790e-01 1.865589e-01 7.443392e-01 7.087746e-01 
181 2535 0 0 0 2.753274e-01 2.268808e-01 5.650717e-01 3.338468e-01 2.003420e-01 8.632088e-01 5.147136e-01 6.879568e-01 7.926784e-01 5.761511e-01 2.333573e-01 4.681163e-01 1.218880e-01 7.449307e-01 1.565456e-01 7.720723e-01 8.817107e-01 8.360928e-01 7.850628e-01 5.286860e-01 5.771076e-01 7.054101e-01 6.493263e-01 2.973179e-01 5.558106e-01 4.959454e-01 6.216013e-01 7.991665e-01 4.751686e-01 4.217018e-01 2.772981e-01 3.092436e-01 7.103745e-01 6.926164e-01 
182 2549 0 0 0 3.070751e-01 1.633961e-01 5.726335e-01 4.912850e-01 1.188330e-01 8.705531e-01 4.763228e-01 5.460073e-01 8.075554e-01 6.311091e-01 3.251320e-01 4.089062e-01 1.557229e-01 4.958588e-01 1.009128e-01 7.266771e-01 7.230461e-01 6.669747e-01 8.820653e-01 4.972215e-01 7.790474e-01 6.653278e-01 6.959084e-01 2.275820e-01 7.049531e-01 5.325686e-01 6.238360e-01 8.880820e-01 4.332526e-01 3.796427e-01 3.596283e-01 1.643179e-01 5.898096e-01 8.379115e-01 
183 2563 0 0 0 4.259385e-01 1.816110e-01 6.558122e-01 4.740268e-01 1.780218e-01 8.724817e-01 5.507884e-01 5.650081e-01 9.017300e-01 6.318661e-01 2.856329e-01 5.206865e-01 1.039261e-01 5.650125e-01 1.085206e-01 6.399143e-01 6.353518e-01 6.091589e-01 7.877573e-01 4.564287e-01 8.020805e-01 5.689245e-01 7.561493e-01 2.729881e-01 7.056601e-01 4.799634e-01 7.872452e-01 9.537231e-01 4.545258e-01 5.725995e-01 6.299361e-01 1.607199e-01 4.603277e-01 8.571160e-01 
184 2577 0 0 0 4.020931e-01 2.988817e-01 6.781531e-01 5.497052e-01 2.698378e-01 9.746225e-01 5.300857e-01 5.157931e-01 9.040675e-01 7.476230e-01 2.836592e-01 6.019300e-01 2.502975e-01 5.925007e-01 1.079936e-01 6.466937e-01 7.101552e-01 5.667680e-01 6.281954e-01 4.299030e-01 9.257171e-01 4.160850e-01 6.601207e-01 2.265471e-01 7.525196e-01 2.994509e-01 7.822623e-01 9.195023e-01 4.595307e-01 6.465714e-01 6.484605e-01 2.306328e-01 4.660456e-01 9.470085e-01 
185 2591 0 0 0 5.987504e-01 3.204085e-01 7.641147e-01 6.490332e-01 6.563018e-02 8.314982e-01 4.858830e-01 4.327593e-01 6.649737e-01 7.326310e-01 2.709216e-01 6.140089e-01 2.609927e-01 5.844041e-01 1.417133e-01 6.011577e-01 8.286627e-01 6.508596e-01 5.237029e-01 4.564152e-01 9.864567e-01 3.219989e-01 6.004083e-01 1.097151e-01 7.375237e-01 4.608647e-01 8.856477e-01 1.001531e+00 4.496733e-01 5.862447e-01 6.469063e-01 1.968101e-01 5.361986e-01 9.758627e-01 
186 2605 0 0 0 6.333731e-01 3.974989e-01 6.036083e-01 6.892937e-01 1.173820e-01 7.933825e-01 5.312045e-01 3.755945e-01 6.355219e-01 7.066229e-01 1.847986e-01 6.868290e-01 2.405862e-01 5.620323e-01 1.138672e-01 7.287363e-01 8.166081e-01 6.934975e-01 6.304650e-01 4.718788e-01 8.629484e-01 3.608043e-01 5.394733e-01 1.183806e-01 7.885704e-01 3.246657e-01 8.976700e-01 9.217591e-01 4.689886e-01 5.853471e-01 6.298184e-01 2.010287e-01 4.705165e-01 8.754897e-01 
187 2619 0 0 0 5.066398e-01 3.006337e-01 7.020800e-01 6.330229e-01 1.111559e-01 6.990159e-01 4.651941e-01 3.785498e-01 6.704620e-01 8.173138e-01 2.306442e-01 7.378927e-01 2.390741e-01 6.703273e-01 2.793941e-01 7.881211e-01 7.031950e-01 6.866768e-01 5.704780e-01 5.115727e-01 8.838018e-01 3.878327e-01 6.904041e-01 1.482658e-01 6.969475e-01 4.642792e-01 8.615243e-01 9.154410e-01 4.279427e-01 7.782113e-01 6.270264e-01 1.836196e-01 5.104702e-01 9.459321e-01 
188 2633 0 0 0 4.998719e-01 1.746104e-01 8.411879e-01 6.354046e-01 1.461285e-01 6.119623e-01 5.042167e-01 3.508685e-01 5.838774e-01 8.589950e-01 2.427137e-01 7.932369e-01 3.333741e-01 5.960111e-01 2.439950e-01 7.791144e-01 5.786492e-01 6.347259e-01 4.909869e-01 4.852501e-01 8.038166e-01 4.129035e-01 6.964953e-01 2.434163e-01 7.375158e-01 4.312030e-01 9.225345e-01 8.528803e-01 5.252014e-01 6.755787e-01 5.284832e-01 2.690984e-01 5.371541e-01 9.034918e-01 
189 2647 0 0 0 4.276423e-01 2.025275e-01 8.483471e-01 7.289399e-01 1.536861e-01 6.518138e-01 6.692443e-01 3.988665e-01 5.661141e-01 8.738438e-01 2.653288e-01 7.397475e-01 3.963169e-01 6.360804e-01 2.374441e-01 6.827071e-01 6.213183e-01 7.078671e-01 3.184793e-01 4.231531e-01 8.482500e-01 4.423600e-01 6.601317e-01 2.804326e-01 7.165090e-01 3.658538e-01 9.281359e-01 7.887797e-01 5.326684e-01 5.953692e-01 3.948378e-01 4.129190e-01 5.909126e-01 9.007887e-01 
190 2661 0 0 0 4.692954e-01 3.375447e-01 7.057906e-01 8.018663e-01 1.630614e-01 7.477673e-01 6.073625e-01 2.896725e-01 5.905011e-01 8.088788e-01 1.894835e-01 6.732877e-01 4.852326e-01 6.917148e-01 2.750718e-01 6.282366e-01 5.999490e-01 7.158405e-01 3.049965e-01 3.365233e-01 9.058301e-01 3.107809e-01 5.373605e-01 4.087522e-01 7.900334e-01 4.327474e-01 8.690922e-01 6.798238e-01 5.310767e-01 5.856805e-01 3.226161e-01 4.027517e-01 5.643155e-01 8.358817e-01 
191 2675 0 0 0 4.284388e-01 2.420488e-01 6.801256e-01 7.997093e-01 1.856391e-01 5.963476e-01 5.881398e-01 3.618006e-01 4.938574e-01 8.424839e-01 2.696537e-01 5.196902e-01 4.697550e-01 6.879708e-01 2.304128e-01 6.830638e-01 4.856711e-01 6.102715e-01 3.043594e-01 3.337012e-01 8.279338e-01 3.576604e-01 5.823531e-01 3.853563e-01 8.124746e-01 3.908967e-01 8.855888e-01 6.710246e-01 4.573903e-01 6.677555e-01 3.397949e-01 5.015828e-01 6.020777e-01 8.571928e-01 
192 2689 0 0 0 4.628879e-01 3.041642e-01 7.305463e-01 8.429841e-01 2.578541e-01 6.264557e-01 7.405036e-01 3.971373e-01 3.342626e-01 8.645255e-01 3.810794e-01 5.229037e-01 3.519595e-01 7.170927e-01 1.725008e-01 6.479006e-01 5.480192e-01 6.315032e-01 2.477372e-01 3.649190e-01 7.181698e-01 3.093407e-01 6.462063e-01 4.064706e-01 8.499453e-01 4.688816e-01 8.221302e-01 6.350608e-01 5.060759e-01 7.438277e-01 3.860606e-01 5.024964e-01 6.363915e-01 7.538153e-01 
193 2703 0 0 0 5.292705e-01 4.204923e-01 7.319096e-01 7.103143e-01 2.254008e-01 5.885574e-01 7.345090e-01 4.179090e-01 2.032190e-01 8.144570e-01 4.839534e-01 5.019173e-01 3.998432e-01 6.945497e-01 1.574279e-01 5.899503e-01 5.329469e-01 5.742809e-01 3.479711e-01 4.521981e-01 6.673836e-01 3.474544e-01 6.841554e-01 3.341796e-01 8.559701e-01 4.401012e-01 8.570190e-01 6.783646e-01 4.539734e-01 8.268143e-01 3.119741e-01 4.274087e-01 5.812069e-01 6.914030e-01 
194 2717 0 0 0 4.394729e-01 4.475872e-01 7.398212e-01 6.912544e-01 2.312648e-01 4.861883e-01 5.435656e-01 3.301982e-01 2.840522e-01 8.768931e-01 3.952430e-01 5.452031e-01 3.378444e-01 5.845448e-01 1.267300e-01 4.002214e-01 5.842739e-01 5.412076e-01 3.867776e-01 3.824045e-01 6.271354e-01 3.441872e-01 7.406516e-01 3.779452e-01 8.520140e-01 3.412908e-01 7.940476e-01 6.106054e-01 2.790569e-01 9.515069e-01 3.764909e-01 5.122308e-01 5.990752e-01 7.373621e-01 
195 2731 0 0 0 4.100415e-01 4.214280e-01 6.331071e-01 8.386385e-01 2.044780e-01 4.948556e-01 4.053040e-01 3.471066e-01 2.924331e-01 8.377133e-01 2.962434e-01 5.896431e-01 3.843253e-01 6.468530e-01 1.183194e-01 4.262778e-01 5.948333e-01 5.284727e-01 5.431873e-01 3.599163e-01 6.990725e-01 3.307506e-01 7.918635e-01 3.193355e-01 9.407347e-01 2.014203e-01 7.288225e-01 5.982558e-01 2.238363e-01 9.040536e-01 3.440174e-01 3.944040e-01 5.982481e-01 7.809184e-01 
196 2745 0 0 0 3.150404e-01 5.085413e-01 7.480826e-01 7.834517e-01 2.177967e-01 5.084152e-01 3.800486e-01 3.759008e-01 4.032755e-01 6.488951e-01 3.708362e-01 7.077104e-01 3.111776e-01 7.390185e-01 2.254971e-01 3.651229e-01 6.419934e-01 4.231587e-01 5.282789e-01 2.354997e-01 7.280953e-01 3.577275e-01 8.395601e-01 3.501773e-01 8.866468e-01 2.345512e-01 8.266845e-01 4.711375e-01 2.927906e-01 8.097067e-01 4.229441e-01 2.242664e-01 6.755864e-01 7.031332e-01 
197 2759 0 0 0 2.840794e-01 5.881012e-01 7.015592e-01 7.781485e-01 2.136411e-01 4.464805e-01 3.716196e-01 2.840472e-01 3.852191e-01 5.097275e-01 4.075017e-01 6.809610e-01 3.613319e-01 7.320972e-01 2.792279e-01 4.517129e-01 6.340230e-01 5.401401e-01 6.002975e-01 1.765912e-01 6.629607e-01 3.312592e-01 7.431885e-01 2.663942e-01 8.128824e-01 1.977634e-01 9.367739e-01 4.528528e-01 3.553700e-01 7.984878e-01 4.608071e-01 4.497184e-01 6.324090e-01 7.589705e-01 
198 2773 0 0 0 2.043230e-01 3.760902e-01 6.761306e-01 7.208663e-01 1.716839e-01 4.280822e-01 4.401106e-01 3.453074e-01 3.624141e-01 6.302220e-01 3.881982e-01 7.310607e-01 3.627985e-01 7.525900e-01 2.096487e-01 4.346452e-01 6.679371e-01 5.782012e-01 4.282878e-01 1.915529e-01 6.906056e-01 2.595010e-01 6.575867e-01 3.598428e-01 8.775194e-01 1.778031e-01 8.329731e-01 4.269569e-01 3.780478e-01 7.319381e-01 3.821041e-01 4.532055e-01 5.813415e-01 8.099455e-01 
199 2787 0 0 0 1.745422e-01 2.478689e-01 6.087009e-01 6.244810e-01 1.043232e-01 5.147166e-01 4.287260e-01 2.870294e-01 5.013079e-01 5.407230e-01 2.188736e-01 7.476836e-01 3.804996e-01 7.165902e-01 1.336924e-01 5.481450e-01 6.346075e-01 5.653861e-01 4.825724e-01 2.266415e-01 6.050111e-01 3.689049e-01 6.111464e-01 3.792032e-01 8.832541e-01 1.843203e-01 8.314434e-01 2.865865e-01 4.361900e-01 8.305970e-01 2.470406e-01 4.384210e-01 4.947488e-01 6.888769e-01 
200 2801 0 0 0 2.678399e-01 2.229336e-01 7.253803e-01 4.695472e-01 1.899251e-01 5.676304e-01 4.488987e-01 2.599962e-01 4.595801e-01 5.745066e-01 2.535570e-01 5.604691e-01 3.392231e-01 6.892260e-01 1.049528e-01 4.920325e-01 7.078261e-01 7.361100e-01 5.791135e-01 1.463864e-01 4.953612e-01 3.706855e-01 4.972737e-01 1.613338e-01 7.383033e-01 3.240132e-01 8.412242e-01 2.816351e-01 3.591914e-01 7.819366e-01 1.813116e-01 4.959083e-01 5.155859e-01 7.225834e-01 
201 2815 0 0 0 3.157978e-01 1.715931e-01 7.803968e-01 5.336554e-01 1.344530e-01 5.242739e-01 3.631281e-01 3.804491e-01 5.530569e-01 6.364493e-01 2.587429e-01 5.728785e-01 3.322496e-01 7.289841e-01 1.877913e-01 6.099735e-01 6.682447e-01 7.549557e-01 6.977085e-01 2.057299e-01 5.781069e-01 3.357602e-01 4.014840e-01 1.999706e-01 7.936106e-01 2.634522e-01 8.486618e-01 2.372862e-01 3.607280e-01 8.263284e-01 2.680707e-01 5.537239e-01 4.783879e-01 6.923581e-01 
202 2829 0 0 0 2.359678e-01 2.067505e-01 7.073903e-01 5.974947e-01 1.418837e-01 5.908176e-01 3.309178e-01 3.063954e-01 7.268818e-01 5.714526e-01 2.006747e-01 5.516668e-01 3.193115e-01 8.056552e-01 1.323598e-01 5.827933e-01 7.393015e-01 6.690901e-01 6.588897e-01 2.857868e-01 6.725397e-01 3.397012e-01 2.887660e-01 1.228491e-01 7.203122e-01 2.614115e-01 7.941514e-01 3.343134e-01 2.878090e-01 8.348481e-01 2.705425e-01 4.751482e-01 3.945296e-01 6.206237e-01 
203 2843 0 0 0 1.303910e-01 2.410083e-01 7.223927e-01 6.225693e-01 1.237828e-01 5.679500e-01 2.929885e-01 3.175938e-01 6.372682e-01 5.771408e-01 2.514096e-01 5.168088e-01 4.392915e-01 7.843980e-01 1.739864e-01 6.424863e-01 6.952419e-01 5.506254e-01 6.589914e-01 2.656841e-01 5.966853e-01 3.616258e-01 2.642032e-01 7.400239e-02 6.253294e-01 2.016470e-01 7.861654e-01 2.646140e-01 2.367529e-01 8.515115e-01 1.892819e-01 6.223556e-01 4.104535e-01 6.810569e-01 
204 2857 0 0 0 1.944110e-01 1.820845e-01 6.863722e-01 5.762154e-01 6.629111e-02 6.032791e-01 4.562264e-01 2.575055e-01 6.118137e-01 5.929163e-01 3.297785e-01 5.295166e-01 4.312291e-01 7.403779e-01 2.050390e-01 6.450956e-01 7.513144e-01 5.992899e-01 6.944084e-01 3.415516e-01 6.832751e-01 3.616664e-01 2.478161e-01 1.276274e-01 6.845670e-01 2.298518e-01 7.826360e-01 2.740940e-01 1.641745e-01 7.771434e-01 2.224700e-01 5.973862e-01 2.856760e-01 7.292848e-01 
