%  columns="iteration, evaluation, sigma, axis ratio, bestever, best, median, worst fitness function value, further objective values of best" (startseed=209686, 2023/08/17 11:3:34.88)
1 15 2.793672e-01 1.025716e+00  1.080559532765307267e+03  1.080559532765307267e+03  5.000000050000000000e+12  1.000000000000000000e+18
2 29 3.775601e-01 1.038520e+00  1.080559532765307267e+03  1.000000000000000000e+05  1.000000000000000000e+05  1.000000000000000000e+18
3 43 3.662934e-01 1.047466e+00  1.080559532765307267e+03  1.000000000000000000e+05  1.000000000000000000e+05  1.000000000000000000e+13
4 57 3.516382e-01 1.055807e+00  1.080559532765307267e+03  3.554057129669625738e+03  1.000000000000000000e+05  1.000000000000000000e+11
5 71 3.355095e-01 1.057856e+00  1.080559532765307267e+03  1.000000000000000000e+05  1.000000000000000000e+05  1.000000000000000000e+11
6 85 3.233911e-01 1.061375e+00  1.080559532765307267e+03  1.000000000000000000e+05  1.000000000000000000e+05  1.000000000000000000e+18
7 99 3.100177e-01 1.065933e+00  1.080559532765307267e+03  1.000000000000000000e+05  1.000000000000000000e+05  1.000000000000000000e+11
8 113 2.919306e-01 1.069153e+00  1.080559532765307267e+03  1.000000000000000000e+05  1.000000000000000000e+05  1.000000000000000000e+11
9 127 2.797926e-01 1.073414e+00  1.080559532765307267e+03  2.628732173192735900e+03  1.000000000000000000e+05  1.000000000000000000e+11
10 141 2.697752e-01 1.074209e+00  1.080559532765307267e+03  1.000000000000000000e+05  1.000000000000000000e+05  1.000000000000000000e+18
11 155 2.577843e-01 1.075315e+00  1.080559532765307267e+03  1.000000000000000000e+05  1.000000000000000000e+05  1.000000000000000000e+18
12 169 2.451190e-01 1.077631e+00  1.080559532765307267e+03  1.000000000000000000e+05  1.000000000000000000e+05  1.000000000000000000e+18
13 183 2.362616e-01 1.079347e+00  1.080559532765307267e+03  1.000000000000000000e+05  1.000000000000000000e+05  1.000000000000000000e+18
14 197 2.321007e-01 1.082159e+00  1.080559532765307267e+03  1.000000000000000000e+05  1.000000000000000000e+05  1.000000000000000000e+11
15 211 2.285414e-01 1.092700e+00  1.080559532765307267e+03  1.000000000000000000e+05  1.000000000000000000e+05  1.000000000000000000e+05
16 225 2.240691e-01 1.102307e+00  1.080559532765307267e+03  1.000000000000000000e+05  1.000000000000000000e+05  1.000000000000000000e+11
17 239 2.183969e-01 1.109416e+00  1.080559532765307267e+03  1.000000000000000000e+05  1.000000000000000000e+05  1.000000000000000000e+05
18 253 2.109546e-01 1.118123e+00  1.080559532765307267e+03  1.000000000000000000e+05  1.000000000000000000e+05  1.000000000000000000e+05
19 267 2.005862e-01 1.125565e+00  1.080559532765307267e+03  1.000000000000000000e+05  1.000000000000000000e+05  1.000000000000000000e+13
20 281 1.916775e-01 1.128524e+00  1.080559532765307267e+03  1.000000000000000000e+05  1.000000000000000000e+05  1.000000000000000000e+15
21 295 1.821799e-01 1.130231e+00  1.080559532765307267e+03  1.000000000000000000e+05  1.000000000000000000e+05  1.000000000000000000e+13
22 309 1.728780e-01 1.132616e+00  1.080559532765307267e+03  1.000000000000000000e+05  1.000000000000000000e+05  1.000000000000000000e+05
23 323 1.656815e-01 1.134656e+00  1.080559532765307267e+03  1.000000000000000000e+05  1.000000000000000000e+05  1.000000000000000000e+13
24 337 1.629071e-01 1.146093e+00  1.080559532765307267e+03  1.000000000000000000e+05  1.000000000000000000e+05  1.000000000000000000e+05
25 351 1.580621e-01 1.147847e+00  1.080559532765307267e+03  1.000000000000000000e+05  1.000000000000000000e+05  1.000000000000000000e+05
26 365 2.166316e-01 1.148942e+00  1.080559532765307267e+03  1.000000000000000000e+05  1.000000000000000000e+05  1.000000000000000000e+11
27 379 2.074281e-01 1.152486e+00  1.080559532765307267e+03  1.000000000000000000e+05  1.000000000000000000e+05  1.000000000000000000e+11
28 393 2.012678e-01 1.154593e+00  1.080559532765307267e+03  1.000000000000000000e+05  1.000000000000000000e+05  1.000000000000000000e+18
29 407 1.924174e-01 1.157161e+00  1.080559532765307267e+03  1.000000000000000000e+05  1.000000000000000000e+05  1.000000000000000000e+11
30 421 1.867966e-01 1.159728e+00  1.080559532765307267e+03  1.000000000000000000e+05  1.000000000000000000e+05  1.000000000000000000e+11
31 435 1.817085e-01 1.159614e+00  1.080559532765307267e+03  1.000000000000000000e+05  1.000000000000000000e+05  1.000000000000000000e+05
32 449 1.753023e-01 1.159970e+00  1.080559532765307267e+03  1.000000000000000000e+05  1.000000000000000000e+05  1.000000000000000000e+05
33 463 1.699495e-01 1.161371e+00  1.080559532765307267e+03  1.000000000000000000e+05  1.000000000000000000e+05  1.000000000000000000e+11
34 477 1.650121e-01 1.164000e+00  1.080559532765307267e+03  1.000000000000000000e+05  1.000000000000000000e+05  1.000000000000000000e+18
35 491 2.147622e-01 1.165632e+00  1.080559532765307267e+03  1.000000000000000000e+05  1.000000000000000000e+05  1.000000000000000000e+05
36 505 2.029021e-01 1.165632e+00  1.080559532765307267e+03  1.000000000000000000e+05  1.000000000000000000e+05  1.000000000000000000e+18
37 519 1.936027e-01 1.165349e+00  1.080559532765307267e+03  1.000000000000000000e+05  1.000000000000000000e+05  1.000000000000000000e+13
38 533 1.883819e-01 1.168430e+00  1.080559532765307267e+03  1.000000000000000000e+05  1.000000000000000000e+05  1.000000000000000000e+13
39 547 1.819551e-01 1.170369e+00  1.080559532765307267e+03  1.000000000000000000e+05  1.000000000000000000e+05  1.000000000000000000e+13
40 561 1.766335e-01 1.170114e+00  1.080559532765307267e+03  1.000000000000000000e+05  1.000000000000000000e+05  1.000000000000000000e+13
41 575 1.702518e-01 1.169555e+00  1.080559532765307267e+03  1.000000000000000000e+05  1.000000000000000000e+05  1.000000000000000000e+13
42 589 1.627645e-01 1.168486e+00  1.080559532765307267e+03  1.000000000000000000e+05  1.000000000000000000e+05  1.000000000000000000e+05
43 603 1.594739e-01 1.170996e+00  1.080559532765307267e+03  1.000000000000000000e+05  1.000000000000000000e+05  1.000000000000000000e+05
44 617 1.539879e-01 1.170449e+00  1.080559532765307267e+03  1.000000000000000000e+05  1.000000000000000000e+05  1.000000000000000000e+13
45 631 2.063548e-01 1.170079e+00  1.080559532765307267e+03  1.000000000000000000e+05  1.000000000000000000e+05  1.000000000000000000e+05
46 645 1.979100e-01 1.173079e+00  1.080559532765307267e+03  1.000000000000000000e+05  1.000000000000000000e+05  1.000000000000000000e+11
47 659 1.931430e-01 1.173786e+00  1.080559532765307267e+03  1.000000000000000000e+05  1.000000000000000000e+05  1.000000000000000000e+16
48 673 1.852409e-01 1.176303e+00  1.080559532765307267e+03  1.000000000000000000e+05  1.000000000000000000e+05  1.000000000000000000e+13
49 687 1.790471e-01 1.178190e+00  1.080559532765307267e+03  1.000000000000000000e+05  1.000000000000000000e+05  1.000000000000000000e+05
50 701 1.755279e-01 1.179359e+00  1.080559532765307267e+03  1.000000000000000000e+05  1.000000000000000000e+05  1.000000000000000000e+18
51 715 1.691016e-01 1.180585e+00  1.080559532765307267e+03  1.000000000000000000e+05  1.000000000000000000e+05  1.000000000000000000e+16
52 729 1.656763e-01 1.181854e+00  1.080559532765307267e+03  1.000000000000000000e+05  1.000000000000000000e+05  1.000000000000000000e+13
53 743 1.647633e-01 1.181533e+00  1.080559532765307267e+03  1.000000000000000000e+05  1.000000000000000000e+05  1.000000000000000000e+05
54 757 1.616026e-01 1.187357e+00  1.080559532765307267e+03  1.000000000000000000e+05  1.000000000000000000e+05  1.000000000000000000e+18
55 771 1.570465e-01 1.194410e+00  1.080559532765307267e+03  1.000000000000000000e+05  1.000000000000000000e+05  1.000000000000000000e+05
56 785 2.121013e-01 1.199759e+00  1.080559532765307267e+03  1.000000000000000000e+05  1.000000000000000000e+05  1.000000000000000000e+05
57 799 2.069366e-01 1.200193e+00  1.080559532765307267e+03  1.000000000000000000e+05  1.000000000000000000e+05  1.000000000000000000e+13
58 813 2.044309e-01 1.204047e+00  1.080559532765307267e+03  1.623511353285033692e+03  1.000000000000000000e+05  1.000000000000000000e+11
59 827 2.026886e-01 1.211371e+00  1.080559532765307267e+03  1.000000000000000000e+05  1.000000000000000000e+05  1.000000000000000000e+18
60 841 1.983246e-01 1.217066e+00  1.080559532765307267e+03  2.134928775133570070e+03  1.000000000000000000e+05  1.000000000000000000e+18
61 855 1.933800e-01 1.225115e+00  1.080559532765307267e+03  1.000000000000000000e+05  1.000000000000000000e+05  1.000000000000000000e+18
62 869 1.894085e-01 1.230021e+00  1.080559532765307267e+03  1.000000000000000000e+05  1.000000000000000000e+05  1.000000000000000000e+18
63 883 1.860846e-01 1.232309e+00  5.745172631451647476e+02  5.745172631451647476e+02  1.000000000000000000e+05  1.000000000000000000e+13
64 897 1.804696e-01 1.233983e+00  5.745172631451647476e+02  1.000000000000000000e+05  1.000000000000000000e+05  1.000000000000000000e+05
65 911 1.747905e-01 1.233422e+00  5.745172631451647476e+02  1.000000000000000000e+05  1.000000000000000000e+05  1.000000000000000000e+13
66 925 1.656021e-01 1.234829e+00  5.745172631451647476e+02  1.000000000000000000e+05  1.000000000000000000e+05  1.000000000000000000e+05
67 939 1.603174e-01 1.235752e+00  5.745172631451647476e+02  1.240895812316372712e+03  1.000000000000000000e+05  1.000000000000000000e+13
68 953 2.150896e-01 1.237083e+00  5.745172631451647476e+02  1.000000000000000000e+05  1.000000000000000000e+05  1.000000000000000000e+05
69 967 2.097044e-01 1.240150e+00  5.745172631451647476e+02  1.000000000000000000e+05  1.000000000000000000e+05  1.000000000000000000e+13
70 981 2.049425e-01 1.240908e+00  5.745172631451647476e+02  1.000000000000000000e+05  1.000000000000000000e+05  1.000000000000000000e+05
71 995 2.035955e-01 1.245931e+00  5.745172631451647476e+02  1.000000000000000000e+05  1.000000000000000000e+05  1.000000000000000000e+13
72 1009 2.031286e-01 1.252192e+00  5.745172631451647476e+02  1.000000000000000000e+05  1.000000000000000000e+05  1.000000000000000000e+13
73 1023 1.990863e-01 1.260326e+00  5.745172631451647476e+02  1.000000000000000000e+05  1.000000000000000000e+05  1.000000000000000000e+18
74 1037 1.956299e-01 1.264783e+00  5.745172631451647476e+02  1.000000000000000000e+05  1.000000000000000000e+05  1.000000000000000000e+11
75 1051 1.896133e-01 1.269808e+00  5.745172631451647476e+02  1.000000000000000000e+05  1.000000000000000000e+05  1.000000000000000000e+18
76 1065 1.793941e-01 1.274121e+00  5.745172631451647476e+02  1.000000000000000000e+05  1.000000000000000000e+05  1.000000000000000000e+18
77 1079 1.725356e-01 1.275431e+00  5.745172631451647476e+02  1.000000000000000000e+05  1.000000000000000000e+05  1.000000000000000000e+18
78 1093 2.292818e-01 1.277181e+00  5.745172631451647476e+02  1.000000000000000000e+05  1.000000000000000000e+05  1.000000000000000000e+05
79 1107 2.186879e-01 1.280834e+00  5.745172631451647476e+02  1.000000000000000000e+05  1.000000000000000000e+05  1.000000000000000000e+13
80 1121 2.091915e-01 1.281952e+00  5.745172631451647476e+02  5.495344113085991012e+03  1.000000000000000000e+05  1.000000000000000000e+18
81 1135 2.011324e-01 1.282401e+00  3.234553249447205303e+02  3.234553249447205303e+02  1.000000000000000000e+05  1.000000000000000000e+13
82 1149 1.940345e-01 1.284061e+00  3.234553249447205303e+02  1.000000000000000000e+05  1.000000000000000000e+05  1.000000000000000000e+13
83 1163 1.866100e-01 1.284550e+00  3.234553249447205303e+02  3.410105248611762363e+02  1.000000000000000000e+05  1.000000000000000000e+13
84 1177 1.796404e-01 1.286380e+00  3.234553249447205303e+02  5.725983765098139884e+02  1.000000000000000000e+05  1.000000000000000000e+18
85 1191 1.731662e-01 1.287397e+00  2.914714812508915429e+02  2.914714812508915429e+02  1.000000000000000000e+05  1.000000000000000000e+13
86 1205 1.653424e-01 1.287006e+00  2.844651964824645347e+02  2.844651964824645347e+02  1.000000000000000000e+05  1.000000000000000000e+05
87 1219 1.582537e-01 1.285589e+00  2.233777709329641823e+02  2.233777709329641823e+02  1.000000000000000000e+05  1.000000000000000000e+13
88 1233 2.163012e-01 1.294813e+00  2.233777709329641823e+02  1.000000000000000000e+05  1.000000000000000000e+05  1.000000000000000000e+11
89 1247 2.134440e-01 1.301069e+00  2.233777709329641823e+02  1.000000000000000000e+05  1.000000000000000000e+05  1.000000000000000000e+18
90 1261 2.109457e-01 1.305119e+00  2.233777709329641823e+02  1.000000000000000000e+05  1.000000000000000000e+05  1.000000000000000000e+05
91 1275 2.053080e-01 1.307913e+00  2.233777709329641823e+02  5.338460003628398454e+02  1.000000000000000000e+05  1.000000000000000000e+16
92 1289 2.000067e-01 1.306035e+00  2.233777709329641823e+02  1.000000000000000000e+05  1.000000000000000000e+05  1.000000000000000000e+05
93 1303 1.939047e-01 1.307980e+00  2.233777709329641823e+02  1.000000000000000000e+05  1.000000000000000000e+05  1.000000000000000000e+05
94 1317 1.854225e-01 1.308064e+00  2.233777709329641823e+02  1.000000000000000000e+05  1.000000000000000000e+05  1.000000000000000000e+11
95 1331 1.801447e-01 1.314823e+00  2.233777709329641823e+02  1.000000000000000000e+05  1.000000000000000000e+05  1.000000000000000000e+11
96 1345 1.756659e-01 1.316176e+00  2.233777709329641823e+02  1.000000000000000000e+05  1.000000000000000000e+05  1.000000000000000000e+05
97 1359 1.699306e-01 1.315880e+00  2.233777709329641823e+02  1.000000000000000000e+05  1.000000000000000000e+05  1.000000000000000000e+11
98 1373 1.620552e-01 1.316097e+00  2.233777709329641823e+02  1.000000000000000000e+05  1.000000000000000000e+05  1.000000000000000000e+11
99 1387 1.544113e-01 1.315035e+00  2.233777709329641823e+02  1.000000000000000000e+05  1.000000000000000000e+05  1.000000000000000000e+11
100 1401 2.080918e-01 1.314406e+00  2.233777709329641823e+02  1.000000000000000000e+05  1.000000000000000000e+05  1.000000000000000000e+13
101 1415 1.999705e-01 1.316333e+00  2.233777709329641823e+02  1.000000000000000000e+05  1.000000000000000000e+05  1.000000000000000000e+05
102 1429 1.971771e-01 1.318061e+00  2.233777709329641823e+02  1.000000000000000000e+05  1.000000000000000000e+05  1.000000000000000000e+05
103 1443 1.949242e-01 1.321115e+00  2.233777709329641823e+02  1.000000000000000000e+05  1.000000000000000000e+05  1.000000000000000000e+13
104 1457 1.912466e-01 1.323046e+00  2.233777709329641823e+02  1.000000000000000000e+05  1.000000000000000000e+05  1.000000000000000000e+13
105 1471 1.831000e-01 1.325690e+00  2.233777709329641823e+02  2.729491745378182372e+02  1.000000000000000000e+05  1.000000000000000000e+05
106 1485 2.437535e-01 1.331274e+00  2.233777709329641823e+02  1.000000000000000000e+05  1.000000000000000000e+05  1.000000000000000000e+11
107 1499 2.334972e-01 1.336773e+00  2.233777709329641823e+02  1.000000000000000000e+05  1.000000000000000000e+05  1.000000000000000000e+13
108 1513 2.245936e-01 1.339699e+00  2.233777709329641823e+02  3.265925962236213422e+02  1.000000000000000000e+05  1.000000000000000000e+13
109 1527 2.159457e-01 1.339123e+00  2.233777709329641823e+02  1.000000000000000000e+05  1.000000000000000000e+05  1.000000000000000000e+11
110 1541 2.083967e-01 1.339879e+00  2.233777709329641823e+02  1.000000000000000000e+05  1.000000000000000000e+05  1.000000000000000000e+18
111 1555 2.058095e-01 1.342452e+00  2.233777709329641823e+02  1.000000000000000000e+05  1.000000000000000000e+05  1.000000000000000000e+15
112 1569 1.999620e-01 1.340823e+00  2.233777709329641823e+02  1.000000000000000000e+05  1.000000000000000000e+05  1.000000000000000000e+05
113 1583 1.909252e-01 1.342342e+00  2.233777709329641823e+02  1.000000000000000000e+05  1.000000000000000000e+05  1.000000000000000000e+15
114 1597 1.853933e-01 1.347302e+00  2.233777709329641823e+02  1.000000000000000000e+05  1.000000000000000000e+05  1.000000000000000000e+13
115 1611 1.777395e-01 1.351000e+00  2.233777709329641823e+02  1.000000000000000000e+05  1.000000000000000000e+05  1.000000000000000000e+18
116 1625 1.721583e-01 1.355129e+00  2.233777709329641823e+02  1.000000000000000000e+05  1.000000000000000000e+05  1.000000000000000000e+16
117 1639 1.670500e-01 1.356659e+00  2.233777709329641823e+02  1.000000000000000000e+05  1.000000000000000000e+05  1.000000000000000000e+18
118 1653 2.294373e-01 1.359651e+00  2.233777709329641823e+02  1.000000000000000000e+05  1.000000000000000000e+05  1.000000000000000000e+18
119 1667 2.273616e-01 1.359321e+00  2.233777709329641823e+02  1.000000000000000000e+05  1.000000000000000000e+05  1.000000000000000000e+13
120 1681 2.220876e-01 1.359798e+00  2.233777709329641823e+02  7.429279622352909200e+02  1.000000000000000000e+05  1.000000000000000000e+11
121 1695 2.142428e-01 1.360591e+00  2.233777709329641823e+02  3.474894918106935506e+02  1.000000000000000000e+05  1.000000000000000000e+11
122 1709 2.059012e-01 1.360990e+00  2.233777709329641823e+02  1.000000000000000000e+05  1.000000000000000000e+05  1.000000000000000000e+11
123 1723 1.981499e-01 1.368801e+00  2.233777709329641823e+02  1.000000000000000000e+05  1.000000000000000000e+05  1.000000000000000000e+05
124 1737 1.907784e-01 1.370053e+00  2.233777709329641823e+02  1.000000000000000000e+05  1.000000000000000000e+05  1.000000000000000000e+11
125 1751 1.833870e-01 1.368132e+00  2.233777709329641823e+02  1.000000000000000000e+05  1.000000000000000000e+05  1.000000000000000000e+05
126 1765 2.474543e-01 1.368159e+00  2.233777709329641823e+02  1.000000000000000000e+05  1.000000000000000000e+05  1.000000000000000000e+11
127 1779 2.369451e-01 1.369752e+00  2.233777709329641823e+02  1.000000000000000000e+05  1.000000000000000000e+05  1.000000000000000000e+15
128 1793 2.302750e-01 1.369639e+00  2.233777709329641823e+02  1.000000000000000000e+05  1.000000000000000000e+05  1.000000000000000000e+13
129 1807 2.192004e-01 1.371121e+00  2.233777709329641823e+02  1.000000000000000000e+05  1.000000000000000000e+05  1.000000000000000000e+13
130 1821 2.072863e-01 1.370672e+00  2.233777709329641823e+02  1.000000000000000000e+05  1.000000000000000000e+05  1.000000000000000000e+18
131 1835 1.996640e-01 1.369785e+00  2.233777709329641823e+02  1.000000000000000000e+05  1.000000000000000000e+05  1.000000000000000000e+16
132 1849 1.903374e-01 1.366540e+00  2.233777709329641823e+02  1.000000000000000000e+05  1.000000000000000000e+05  1.000000000000000000e+13
133 1863 2.569895e-01 1.367053e+00  2.233777709329641823e+02  1.000000000000000000e+05  1.000000000000000000e+05  1.000000000000000000e+16
134 1877 2.509064e-01 1.366529e+00  2.233777709329641823e+02  1.000000000000000000e+05  1.000000000000000000e+05  1.000000000000000000e+18
135 1891 2.433371e-01 1.367027e+00  2.233777709329641823e+02  1.000000000000000000e+05  1.000000000000000000e+05  1.000000000000000000e+13
136 1905 2.340975e-01 1.367756e+00  2.233777709329641823e+02  1.000000000000000000e+05  1.000000000000000000e+05  1.000000000000000000e+05
137 1919 2.222249e-01 1.367685e+00  2.233777709329641823e+02  1.000000000000000000e+05  1.000000000000000000e+05  1.000000000000000000e+05
138 1933 2.142374e-01 1.374731e+00  2.233777709329641823e+02  1.000000000000000000e+05  1.000000000000000000e+05  1.000000000000000000e+05
139 1947 2.036381e-01 1.378148e+00  2.233777709329641823e+02  1.000000000000000000e+05  1.000000000000000000e+05  1.000000000000000000e+05
140 1961 1.954125e-01 1.387451e+00  2.233777709329641823e+02  1.000000000000000000e+05  1.000000000000000000e+05  1.000000000000000000e+05
141 1975 1.877146e-01 1.389946e+00  2.233777709329641823e+02  1.000000000000000000e+05  1.000000000000000000e+05  1.000000000000000000e+11
142 1989 1.779112e-01 1.389684e+00  2.233777709329641823e+02  1.000000000000000000e+05  1.000000000000000000e+05  1.000000000000000000e+05
143 2003 1.724979e-01 1.389957e+00  2.233777709329641823e+02  1.000000000000000000e+05  1.000000000000000000e+05  1.000000000000000000e+11
144 2017 1.666559e-01 1.394659e+00  2.233777709329641823e+02  1.000000000000000000e+05  1.000000000000000000e+05  1.000000000000000000e+05
145 2031 1.604620e-01 1.397792e+00  2.233777709329641823e+02  1.000000000000000000e+05  1.000000000000000000e+05  1.000000000000000000e+05
146 2045 2.145391e-01 1.399654e+00  2.233777709329641823e+02  1.000000000000000000e+05  1.000000000000000000e+05  1.000000000000000000e+05
147 2059 2.038938e-01 1.400742e+00  2.233777709329641823e+02  1.000000000000000000e+05  1.000000000000000000e+05  1.000000000000000000e+05
148 2073 1.955381e-01 1.399468e+00  2.233777709329641823e+02  1.000000000000000000e+05  1.000000000000000000e+05  1.000000000000000000e+05
149 2087 1.882143e-01 1.403450e+00  2.233777709329641823e+02  1.000000000000000000e+05  1.000000000000000000e+05  1.000000000000000000e+13
150 2101 1.822191e-01 1.404569e+00  2.233777709329641823e+02  1.000000000000000000e+05  1.000000000000000000e+05  1.000000000000000000e+05
151 2115 1.774564e-01 1.409486e+00  2.233777709329641823e+02  1.000000000000000000e+05  1.000000000000000000e+05  1.000000000000000000e+05
152 2129 1.724536e-01 1.411725e+00  2.233777709329641823e+02  1.000000000000000000e+05  1.000000000000000000e+05  1.000000000000000000e+05
153 2143 1.710116e-01 1.413075e+00  2.233777709329641823e+02  1.000000000000000000e+05  1.000000000000000000e+05  1.000000000000000000e+05
154 2157 1.665354e-01 1.420645e+00  2.233777709329641823e+02  1.000000000000000000e+05  1.000000000000000000e+05  1.000000000000000000e+05
155 2171 1.612161e-01 1.420378e+00  2.233777709329641823e+02  1.000000000000000000e+05  1.000000000000000000e+05  1.000000000000000000e+11
156 2185 2.190210e-01 1.420927e+00  2.233777709329641823e+02  1.000000000000000000e+05  1.000000000000000000e+05  1.000000000000000000e+05
157 2199 2.085983e-01 1.422477e+00  2.233777709329641823e+02  1.000000000000000000e+05  1.000000000000000000e+05  1.000000000000000000e+05
158 2213 2.002027e-01 1.427020e+00  2.233777709329641823e+02  1.000000000000000000e+05  1.000000000000000000e+05  1.000000000000000000e+05
159 2227 1.897446e-01 1.427889e+00  2.233777709329641823e+02  1.000000000000000000e+05  1.000000000000000000e+05  1.000000000000000000e+05
160 2241 1.820122e-01 1.432015e+00  2.233777709329641823e+02  1.000000000000000000e+05  1.000000000000000000e+05  1.000000000000000000e+11
161 2255 1.770282e-01 1.431186e+00  2.233777709329641823e+02  1.000000000000000000e+05  1.000000000000000000e+05  1.000000000000000000e+11
162 2269 1.703232e-01 1.429505e+00  2.233777709329641823e+02  1.000000000000000000e+05  1.000000000000000000e+05  1.000000000000000000e+05
163 2283 2.263084e-01 1.430878e+00  2.233777709329641823e+02  1.000000000000000000e+05  1.000000000000000000e+05  1.000000000000000000e+05
164 2297 2.171511e-01 1.432102e+00  2.233777709329641823e+02  1.000000000000000000e+05  1.000000000000000000e+05  1.000000000000000000e+05
165 2311 2.095812e-01 1.430185e+00  2.233777709329641823e+02  1.000000000000000000e+05  1.000000000000000000e+05  1.000000000000000000e+16
166 2325 2.017502e-01 1.429368e+00  2.233777709329641823e+02  1.000000000000000000e+05  1.000000000000000000e+05  1.000000000000000000e+11
167 2339 1.951152e-01 1.425327e+00  2.233777709329641823e+02  1.000000000000000000e+05  1.000000000000000000e+05  1.000000000000000000e+11
168 2353 1.909968e-01 1.425340e+00  2.233777709329641823e+02  1.000000000000000000e+05  1.000000000000000000e+05  1.000000000000000000e+15
169 2367 1.853518e-01 1.426980e+00  2.233777709329641823e+02  1.000000000000000000e+05  1.000000000000000000e+05  1.000000000000000000e+13
170 2381 2.492360e-01 1.427388e+00  2.233777709329641823e+02  1.000000000000000000e+05  1.000000000000000000e+05  1.000000000000000000e+11
171 2395 2.400242e-01 1.429350e+00  2.233777709329641823e+02  1.000000000000000000e+05  1.000000000000000000e+05  1.000000000000000000e+11
172 2409 2.312551e-01 1.430669e+00  2.233777709329641823e+02  1.000000000000000000e+05  1.000000000000000000e+05  1.000000000000000000e+11
173 2423 2.222542e-01 1.431632e+00  2.233777709329641823e+02  1.000000000000000000e+05  1.000000000000000000e+05  1.000000000000000000e+11
174 2437 2.146898e-01 1.431123e+00  2.233777709329641823e+02  1.000000000000000000e+05  1.000000000000000000e+05  1.000000000000000000e+15
175 2451 2.065361e-01 1.434621e+00  2.233777709329641823e+02  1.000000000000000000e+05  1.000000000000000000e+05  1.000000000000000000e+11
176 2465 2.027892e-01 1.434142e+00  2.233777709329641823e+02  1.000000000000000000e+05  1.000000000000000000e+05  1.000000000000000000e+13
177 2479 1.949219e-01 1.433811e+00  2.233777709329641823e+02  1.000000000000000000e+05  1.000000000000000000e+05  1.000000000000000000e+11
178 2493 1.876937e-01 1.432516e+00  2.233777709329641823e+02  1.000000000000000000e+05  1.000000000000000000e+05  1.000000000000000000e+11
179 2507 1.794885e-01 1.433300e+00  2.233777709329641823e+02  1.000000000000000000e+05  1.000000000000000000e+05  1.000000000000000000e+13
180 2521 1.742287e-01 1.434209e+00  2.233777709329641823e+02  1.000000000000000000e+05  1.000000000000000000e+05  1.000000000000000000e+13
181 2535 2.326677e-01 1.432812e+00  2.233777709329641823e+02  1.000000000000000000e+05  1.000000000000000000e+05  1.000000000000000000e+18
182 2549 2.235751e-01 1.433990e+00  2.233777709329641823e+02  1.000000000000000000e+05  1.000000000000000000e+05  1.000000000000000000e+18
183 2563 2.167599e-01 1.435114e+00  2.233777709329641823e+02  1.000000000000000000e+05  1.000000000000000000e+05  1.000000000000000000e+18
184 2577 2.121057e-01 1.437130e+00  2.233777709329641823e+02  1.000000000000000000e+05  1.000000000000000000e+05  1.000000000000000000e+11
185 2591 2.095849e-01 1.440592e+00  2.233777709329641823e+02  1.000000000000000000e+05  1.000000000000000000e+05  1.000000000000000000e+13
186 2605 2.030462e-01 1.440525e+00  2.233777709329641823e+02  1.000000000000000000e+05  1.000000000000000000e+05  1.000000000000000000e+05
187 2619 1.951454e-01 1.443537e+00  2.233777709329641823e+02  1.000000000000000000e+05  1.000000000000000000e+05  1.000000000000000000e+13
188 2633 1.882249e-01 1.441559e+00  2.233777709329641823e+02  1.000000000000000000e+05  1.000000000000000000e+05  1.000000000000000000e+05
189 2647 1.828312e-01 1.448869e+00  2.233777709329641823e+02  1.000000000000000000e+05  1.000000000000000000e+05  1.000000000000000000e+05
190 2661 1.772278e-01 1.448889e+00  2.233777709329641823e+02  1.000000000000000000e+05  1.000000000000000000e+05  1.000000000000000000e+05
191 2675 1.709439e-01 1.446495e+00  2.233777709329641823e+02  1.000000000000000000e+05  1.000000000000000000e+05  1.000000000000000000e+05
192 2689 2.330920e-01 1.447205e+00  2.233777709329641823e+02  1.000000000000000000e+05  1.000000000000000000e+05  1.000000000000000000e+05
193 2703 2.265326e-01 1.447127e+00  2.233777709329641823e+02  1.000000000000000000e+05  1.000000000000000000e+05  1.000000000000000000e+13
194 2717 2.202123e-01 1.447732e+00  2.233777709329641823e+02  1.000000000000000000e+05  1.000000000000000000e+05  1.000000000000000000e+15
195 2731 2.118032e-01 1.448427e+00  2.233777709329641823e+02  1.000000000000000000e+05  1.000000000000000000e+05  1.000000000000000000e+15
196 2745 2.040936e-01 1.449844e+00  2.233777709329641823e+02  1.000000000000000000e+05  1.000000000000000000e+05  1.000000000000000000e+05
197 2759 1.967481e-01 1.450919e+00  2.233777709329641823e+02  1.000000000000000000e+05  1.000000000000000000e+05  1.000000000000000000e+11
198 2773 1.860111e-01 1.449631e+00  2.233777709329641823e+02  1.000000000000000000e+05  1.000000000000000000e+05  1.000000000000000000e+13
199 2787 1.784424e-01 1.449749e+00  2.233777709329641823e+02  1.000000000000000000e+05  1.000000000000000000e+05  1.000000000000000000e+13
200 2801 1.735792e-01 1.450603e+00  2.233777709329641823e+02  1.000000000000000000e+05  1.000000000000000000e+05  1.000000000000000000e+13
201 2815 1.674380e-01 1.450422e+00  2.233777709329641823e+02  1.000000000000000000e+05  1.000000000000000000e+05  1.000000000000000000e+05
202 2829 1.627375e-01 1.450878e+00  2.233777709329641823e+02  1.000000000000000000e+05  1.000000000000000000e+05  1.000000000000000000e+13
203 2843 1.593085e-01 1.452413e+00  2.233777709329641823e+02  1.000000000000000000e+05  1.000000000000000000e+05  1.000000000000000000e+11
204 2857 2.146780e-01 1.448616e+00  2.233777709329641823e+02  1.000000000000000000e+05  1.000000000000000000e+05  1.000000000000000000e+11
