%  columns="iteration, evaluation, void, void, void, xmean" (startseed=209669, 2023/08/17 11:3:34.70)
0 1 0 0 0 2.500000e-01 5.000000e-01 2.500000e-01 5.000000e-01 2.500000e-01 5.000000e-01 7.500000e-01 7.500000e-01 5.000000e-01 2.500000e-01 2.500000e-01 7.500000e-01 2.500000e-01 7.500000e-01 5.000000e-01 7.500000e-01 2.500000e-01 5.000000e-01 2.500000e-01 7.500000e-01 2.500000e-01 7.500000e-01 7.500000e-01 7.500000e-01 2.500000e-01 5.000000e-01 2.500000e-01 7.500000e-01 5.000000e-01 7.500000e-01 2.500000e-01 2.500000e-01 2.500000e-01 2.500000e-01 
1 15 0 0 0 4.307583e-01 3.545076e-01 1.276571e-01 5.207804e-01 4.713450e-02 4.247458e-01 8.902856e-01 5.950528e-01 5.574371e-01 3.675555e-01 1.475869e-01 9.313597e-01 1.868817e-01 6.417339e-01 7.342442e-01 9.018793e-01 1.833621e-01 3.056431e-01 2.709021e-01 6.727954e-01 2.610446e-01 6.228511e-01 6.748872e-01 9.794981e-01 2.085647e-01 5.879119e-01 3.434706e-01 8.467147e-01 6.152585e-01 1.030989e+00 4.166010e-01 1.685508e-01 -6.177395e-02 3.242411e-01 
2 29 0 0 0 6.972679e-01 5.068209e-01 1.277251e-01 5.757985e-01 8.017336e-02 6.009764e-01 7.852163e-01 5.767497e-01 4.502347e-01 3.179716e-01 2.579646e-01 9.323948e-01 3.597090e-01 6.256409e-01 5.245590e-01 7.663866e-01 1.302972e-01 2.821094e-01 5.092907e-01 7.980788e-01 3.075473e-01 4.111887e-01 7.554428e-01 9.649545e-01 2.674149e-01 7.287672e-01 3.639517e-01 7.733618e-01 5.470030e-01 7.619232e-01 5.646215e-01 2.033922e-01 -9.087029e-02 3.356938e-01 
3 43 0 0 0 7.756478e-01 6.885435e-01 3.969935e-02 7.117976e-01 1.629709e-01 6.257773e-01 7.608161e-01 5.258971e-01 4.711678e-01 4.411924e-01 1.666111e-01 1.016172e+00 4.136322e-01 6.394068e-01 5.417993e-01 5.676331e-01 2.325437e-01 2.433825e-01 5.421222e-01 7.331918e-01 2.596449e-01 4.601442e-01 8.709775e-01 9.460059e-01 2.194141e-01 6.698731e-01 1.798773e-01 8.041503e-01 4.707721e-01 6.300426e-01 4.821476e-01 1.979695e-01 -4.139847e-02 2.197823e-01 
4 57 0 0 0 5.670844e-01 7.277384e-01 1.577805e-01 4.380649e-01 6.196252e-02 7.695626e-01 5.599558e-01 2.259515e-01 3.479076e-01 2.689148e-01 3.850906e-01 1.053090e+00 4.888352e-01 4.791492e-01 6.257227e-01 5.639143e-01 3.738542e-01 1.817097e-01 3.641725e-01 7.522808e-01 3.339528e-01 4.091274e-01 8.046839e-01 9.378505e-01 5.643275e-01 5.781538e-01 2.724012e-01 6.378651e-01 3.859609e-01 7.429717e-01 6.222731e-01 2.198388e-01 -1.057268e-01 1.828573e-01 
5 71 0 0 0 3.984774e-01 7.161753e-01 1.570766e-01 3.851411e-01 6.086093e-02 8.017560e-01 6.765348e-01 1.312975e-01 2.368127e-01 4.381252e-01 3.143807e-01 1.095472e+00 5.097373e-01 5.449178e-01 6.537130e-01 6.583627e-01 4.163816e-01 1.383241e-01 4.233361e-02 6.208935e-01 1.603083e-01 4.694360e-01 7.534675e-01 9.717952e-01 5.050818e-01 6.398586e-01 3.204239e-01 6.696385e-01 6.744360e-01 1.042227e+00 7.150834e-01 1.310285e-01 9.724380e-03 2.061816e-01 
6 85 0 0 0 4.902192e-01 7.554432e-01 3.592057e-01 3.086868e-01 -5.670612e-03 9.094668e-01 5.990852e-01 1.231041e-01 1.837824e-01 4.023129e-01 3.545876e-01 7.305507e-01 4.644891e-01 4.840830e-01 5.454373e-01 5.314915e-01 3.456559e-01 1.010889e-01 1.189280e-01 4.537433e-01 1.073088e-01 4.195308e-01 7.087723e-01 9.785238e-01 7.195622e-01 6.650843e-01 4.497898e-01 7.235675e-01 8.282684e-01 8.645769e-01 7.241094e-01 6.982447e-02 4.713756e-02 5.209568e-01 
7 99 0 0 0 3.358497e-01 9.431920e-01 4.752091e-01 2.225693e-01 1.480119e-01 7.609018e-01 3.997134e-01 8.630945e-02 3.007085e-02 5.615490e-01 3.671518e-01 6.122734e-01 3.672705e-01 3.591327e-01 4.709002e-01 5.174670e-01 2.462820e-01 2.119127e-01 2.527326e-01 6.459903e-01 2.293280e-01 3.184621e-01 6.144043e-01 1.041810e+00 5.603167e-01 6.706287e-01 4.293529e-01 6.544297e-01 6.712542e-01 8.422431e-01 6.258376e-01 9.028311e-02 1.181807e-01 3.472204e-01 
8 113 0 0 0 3.068970e-01 9.496247e-01 4.281647e-01 2.313549e-01 2.781882e-01 6.499978e-01 4.536165e-01 1.462376e-01 4.343770e-02 3.543101e-01 2.183581e-01 3.540597e-01 3.263310e-01 3.035906e-01 6.932260e-01 5.505788e-01 4.004184e-01 1.737855e-01 6.738092e-02 5.839376e-01 1.026550e-01 4.045458e-01 7.490535e-01 8.883459e-01 5.058452e-01 8.260713e-01 5.163822e-01 5.316801e-01 7.694297e-01 5.011231e-01 5.122316e-01 3.507782e-01 2.201004e-01 4.440200e-01 
9 127 0 0 0 3.036419e-01 8.187112e-01 2.224381e-01 3.907272e-01 1.964776e-01 5.140351e-01 3.786225e-01 1.918082e-01 1.477288e-01 4.786364e-01 2.642465e-01 3.686493e-01 3.899163e-01 2.933068e-01 6.660924e-01 6.205581e-01 4.396650e-01 1.569406e-01 5.123152e-02 6.205237e-01 1.263912e-01 4.803253e-01 6.765563e-01 7.924801e-01 6.611029e-01 1.007349e+00 5.305203e-01 4.841200e-01 7.687053e-01 6.744207e-01 6.807258e-01 3.278044e-01 2.849700e-01 2.967573e-01 
10 141 0 0 0 4.409898e-01 8.955365e-01 1.711885e-01 4.732075e-01 1.757119e-01 6.186207e-01 3.697187e-01 3.231234e-01 2.180680e-01 4.708489e-01 2.055151e-01 2.510818e-01 5.361570e-01 2.462971e-01 6.488438e-01 7.469705e-01 3.433593e-01 1.035335e-01 7.081016e-02 6.904652e-01 1.753687e-01 4.745148e-01 6.232012e-01 8.099626e-01 7.179192e-01 9.523245e-01 6.002809e-01 4.380239e-01 7.042533e-01 5.929196e-01 4.220174e-01 3.401940e-01 3.342150e-01 3.439691e-01 
11 155 0 0 0 4.452645e-01 7.194489e-01 1.634069e-01 5.028288e-01 4.417970e-02 5.930305e-01 2.814314e-01 4.302941e-01 2.720044e-01 6.645338e-01 2.463893e-01 3.551700e-01 6.338258e-01 2.643315e-01 7.871353e-01 7.141090e-01 4.291654e-01 2.516228e-01 2.287419e-01 6.359877e-01 1.636717e-01 5.753586e-01 7.855438e-01 7.752464e-01 8.000336e-01 9.646474e-01 5.504414e-01 4.506469e-01 7.321368e-01 6.243518e-01 6.305020e-01 5.120323e-01 2.123492e-01 3.961714e-01 
12 169 0 0 0 3.161577e-01 5.458691e-01 3.087093e-02 5.190585e-01 3.319375e-02 7.395849e-01 1.022617e-01 3.058550e-01 2.059555e-01 6.602723e-01 3.571426e-01 4.279624e-01 6.865663e-01 1.739321e-01 7.776519e-01 6.943907e-01 5.004197e-01 2.443945e-01 2.599101e-01 6.872551e-01 2.174796e-01 5.749201e-01 5.963091e-01 7.960794e-01 7.849118e-01 9.863741e-01 3.993292e-01 4.362531e-01 7.439397e-01 6.474666e-01 7.133964e-01 3.524632e-01 1.904597e-01 3.537885e-01 
13 183 0 0 0 4.413427e-01 4.235325e-01 8.258192e-02 4.446884e-01 1.931611e-01 7.718756e-01 2.986970e-01 4.505352e-01 3.374502e-01 7.487347e-01 4.212811e-01 3.902591e-01 7.062146e-01 2.686878e-01 7.337539e-01 7.252725e-01 6.598333e-01 1.647122e-01 1.749761e-01 7.375382e-01 2.470496e-01 5.944669e-01 5.015448e-01 8.608549e-01 7.260936e-01 9.675425e-01 4.782406e-01 3.859081e-01 8.326837e-01 6.218904e-01 6.393352e-01 1.946739e-01 1.555701e-01 3.531582e-01 
14 197 0 0 0 3.799145e-01 3.611236e-01 9.095221e-02 3.506825e-01 1.539924e-01 8.820063e-01 2.608901e-01 3.795651e-01 3.308873e-01 7.340404e-01 4.263169e-01 3.830494e-01 6.904121e-01 3.326357e-01 8.002078e-01 7.208574e-01 7.340760e-01 2.684319e-01 1.986962e-01 8.133701e-01 2.286888e-01 6.573302e-01 4.042394e-01 8.989131e-01 7.721693e-01 8.483164e-01 5.878445e-01 4.240755e-01 8.749139e-01 6.133194e-01 7.555349e-01 3.315992e-01 2.212603e-01 2.962884e-01 
15 211 0 0 0 3.159501e-01 4.543713e-01 1.963554e-01 2.965763e-01 2.607609e-01 8.292502e-01 1.758185e-01 4.558588e-01 2.816088e-01 7.892345e-01 4.228291e-01 2.163435e-01 6.661955e-01 4.234440e-01 7.891841e-01 7.762601e-01 6.422218e-01 2.767123e-01 1.484337e-01 9.915328e-01 2.584667e-01 6.514397e-01 3.144896e-01 8.587644e-01 6.249721e-01 9.023960e-01 4.324075e-01 3.601624e-01 8.897356e-01 4.775695e-01 6.542232e-01 4.844023e-01 2.310129e-01 1.901584e-01 
16 225 0 0 0 4.667162e-01 3.990141e-01 2.006353e-01 2.395070e-01 4.482254e-01 7.859629e-01 2.226728e-01 3.214947e-01 2.749079e-01 6.369062e-01 5.751975e-01 2.683363e-01 8.148450e-01 3.567499e-01 7.201299e-01 6.255756e-01 4.571446e-01 3.436146e-01 1.972421e-01 9.572685e-01 3.736633e-01 8.107618e-01 3.428757e-01 7.420391e-01 6.122834e-01 7.563543e-01 4.386915e-01 2.235834e-01 7.878879e-01 5.103429e-01 5.527138e-01 4.967131e-01 3.237475e-01 1.522689e-01 
17 239 0 0 0 3.708367e-01 3.557347e-01 1.968764e-01 2.500106e-01 4.072189e-01 8.452946e-01 2.692974e-01 3.364094e-01 3.336585e-01 6.835833e-01 4.774906e-01 4.362325e-01 7.830663e-01 2.197582e-01 7.603970e-01 5.795839e-01 3.333464e-01 1.827592e-01 2.265863e-01 8.160659e-01 2.422774e-01 8.589631e-01 3.970920e-01 7.337537e-01 6.196300e-01 7.624013e-01 3.370885e-01 2.348086e-01 6.143296e-01 6.285005e-01 5.693966e-01 4.571543e-01 3.573506e-01 1.227180e-01 
18 253 0 0 0 2.452742e-01 3.663782e-01 2.860438e-01 2.915136e-01 3.319451e-01 8.642445e-01 3.340877e-01 3.551106e-01 3.708372e-01 7.883592e-01 3.681998e-01 4.052743e-01 8.458167e-01 2.998859e-01 6.992285e-01 6.145887e-01 3.615143e-01 1.024286e-01 2.053592e-01 8.280228e-01 2.147726e-01 7.439445e-01 4.108134e-01 6.866508e-01 5.970475e-01 7.175545e-01 2.906937e-01 3.060180e-01 6.489496e-01 6.377640e-01 5.770472e-01 3.533166e-01 4.999782e-01 2.121326e-01 
19 267 0 0 0 3.039773e-01 3.356121e-01 3.701650e-01 3.792602e-01 3.226367e-01 8.967590e-01 4.826210e-01 3.192277e-01 4.400904e-01 7.242084e-01 4.045926e-01 2.915274e-01 9.145917e-01 4.414359e-01 7.487569e-01 4.214557e-01 4.352674e-01 2.077305e-01 2.601952e-01 7.968191e-01 1.523688e-01 6.966618e-01 3.985515e-01 7.068309e-01 7.119106e-01 6.982171e-01 2.542402e-01 4.177580e-01 6.166857e-01 6.329456e-01 5.744164e-01 3.169564e-01 5.512426e-01 2.442550e-01 
20 281 0 0 0 4.270553e-01 3.977329e-01 4.869060e-01 3.600406e-01 2.991502e-01 8.828560e-01 4.042534e-01 2.627401e-01 4.546502e-01 6.899558e-01 4.648360e-01 2.834970e-01 8.361141e-01 4.184062e-01 7.692176e-01 3.947583e-01 4.155041e-01 2.381022e-01 2.395338e-01 6.863227e-01 2.578942e-01 6.728078e-01 3.837076e-01 7.549186e-01 6.775036e-01 7.141956e-01 2.795931e-01 5.152437e-01 5.644073e-01 6.140913e-01 5.789408e-01 2.979569e-01 5.424295e-01 3.236601e-01 
21 295 0 0 0 4.928002e-01 4.302281e-01 5.230688e-01 3.130513e-01 2.984823e-01 8.808664e-01 4.487783e-01 1.645481e-01 3.994370e-01 7.240969e-01 5.814674e-01 3.403589e-01 8.379683e-01 4.307689e-01 7.376500e-01 3.000481e-01 3.462716e-01 3.164879e-01 3.335110e-01 6.306679e-01 3.163429e-01 7.343720e-01 4.859593e-01 7.868678e-01 6.177427e-01 6.918591e-01 2.295305e-01 5.546226e-01 5.534447e-01 6.453081e-01 5.709349e-01 3.065702e-01 5.975495e-01 1.737219e-01 
22 309 0 0 0 4.265695e-01 4.386582e-01 4.686415e-01 3.370874e-01 3.009705e-01 7.869215e-01 5.106778e-01 1.586257e-01 4.383331e-01 7.676910e-01 4.581510e-01 3.359133e-01 7.971659e-01 2.749254e-01 7.066965e-01 2.333147e-01 3.350682e-01 3.076828e-01 2.678492e-01 5.926330e-01 4.510173e-01 7.901816e-01 5.709231e-01 8.263432e-01 7.083550e-01 7.539858e-01 2.305058e-01 4.603195e-01 5.396776e-01 6.936697e-01 5.729415e-01 3.909831e-01 6.077653e-01 1.704785e-01 
23 323 0 0 0 4.547398e-01 4.610880e-01 5.662781e-01 3.604711e-01 4.032644e-01 8.460991e-01 5.659025e-01 2.814777e-01 5.509177e-01 7.951414e-01 3.955052e-01 3.303967e-01 8.481089e-01 2.690761e-01 6.252653e-01 2.025252e-01 3.988225e-01 3.919813e-01 3.398927e-01 5.940263e-01 4.585050e-01 7.518989e-01 5.426273e-01 8.513339e-01 7.518670e-01 7.000696e-01 2.273952e-01 4.893131e-01 5.888336e-01 7.565471e-01 6.767156e-01 4.640438e-01 7.877408e-01 1.736614e-01 
24 337 0 0 0 4.819456e-01 5.194820e-01 5.086358e-01 2.529927e-01 5.206375e-01 8.627234e-01 7.184411e-01 2.665444e-01 4.787529e-01 7.904164e-01 4.007727e-01 4.674078e-01 8.500516e-01 2.625805e-01 5.731535e-01 1.825956e-01 4.307564e-01 5.064943e-01 3.872016e-01 5.275757e-01 6.111792e-01 7.838474e-01 5.864209e-01 8.512937e-01 7.411097e-01 6.351972e-01 3.864595e-01 5.019231e-01 6.483971e-01 8.008262e-01 5.447315e-01 3.931650e-01 7.772929e-01 1.386748e-01 
25 351 0 0 0 6.390019e-01 4.050843e-01 5.506158e-01 2.307822e-01 5.229291e-01 8.890353e-01 7.548233e-01 3.408320e-01 4.621469e-01 8.813820e-01 4.814128e-01 4.760306e-01 8.139882e-01 2.356010e-01 6.324079e-01 3.845491e-01 2.775365e-01 6.772355e-01 4.494867e-01 6.072968e-01 6.834039e-01 6.868715e-01 4.585695e-01 7.710811e-01 7.807593e-01 6.548642e-01 2.819494e-01 4.066154e-01 7.128924e-01 7.286924e-01 5.147367e-01 4.476698e-01 7.543643e-01 2.397563e-01 
26 365 0 0 0 6.573022e-01 5.143875e-01 5.760331e-01 2.326802e-01 5.166839e-01 7.971195e-01 8.193240e-01 3.332956e-01 3.677327e-01 9.250760e-01 4.830255e-01 4.152243e-01 8.446478e-01 3.531126e-01 5.850257e-01 3.869860e-01 4.640009e-01 6.730992e-01 4.770301e-01 6.804331e-01 5.653298e-01 5.517758e-01 4.187231e-01 7.370114e-01 6.935756e-01 5.724294e-01 2.705730e-01 4.741482e-01 6.228845e-01 7.058329e-01 5.643269e-01 4.987571e-01 6.819129e-01 3.077268e-01 
27 379 0 0 0 5.532294e-01 5.644122e-01 4.587407e-01 1.110896e-01 5.116918e-01 8.677660e-01 8.853448e-01 2.959769e-01 3.907080e-01 9.041564e-01 4.606900e-01 4.313425e-01 7.366779e-01 2.948530e-01 4.549189e-01 3.644749e-01 4.368710e-01 6.454660e-01 5.748048e-01 7.875110e-01 4.955570e-01 5.503422e-01 4.553954e-01 7.147880e-01 6.523737e-01 5.128085e-01 2.453750e-01 5.931635e-01 6.858528e-01 6.308606e-01 5.391864e-01 5.165964e-01 5.692002e-01 4.223909e-01 
28 393 0 0 0 5.177677e-01 5.678479e-01 4.971925e-01 1.270645e-01 4.330246e-01 8.054539e-01 7.851967e-01 3.937784e-01 5.238158e-01 7.465934e-01 4.125139e-01 5.831249e-01 6.401618e-01 3.270543e-01 5.166500e-01 6.355769e-01 4.069078e-01 6.920852e-01 5.660865e-01 9.114067e-01 4.939637e-01 5.546960e-01 3.507560e-01 6.279650e-01 6.257271e-01 3.652664e-01 3.049718e-01 6.393218e-01 7.689420e-01 7.048187e-01 5.516180e-01 6.557195e-01 4.358999e-01 3.527948e-01 
29 407 0 0 0 6.808067e-01 6.346484e-01 5.706118e-01 1.326793e-01 4.491510e-01 8.715764e-01 7.364868e-01 3.945853e-01 4.507981e-01 7.198210e-01 4.513227e-01 5.106848e-01 6.597719e-01 2.643559e-01 3.748988e-01 6.355573e-01 3.554532e-01 6.086139e-01 5.194911e-01 7.285435e-01 5.237555e-01 5.408285e-01 3.275587e-01 6.991032e-01 5.780235e-01 4.983628e-01 4.117448e-01 5.784496e-01 6.594759e-01 5.032267e-01 4.504509e-01 6.126274e-01 5.015908e-01 2.847646e-01 
30 421 0 0 0 5.767921e-01 5.468561e-01 6.601126e-01 2.539323e-01 4.833719e-01 8.924988e-01 7.046637e-01 2.626140e-01 3.257621e-01 7.094874e-01 3.395944e-01 6.149520e-01 7.673036e-01 3.156172e-01 2.597761e-01 6.870905e-01 4.708233e-01 5.498214e-01 4.220412e-01 7.692487e-01 5.643739e-01 4.912870e-01 3.047791e-01 7.586788e-01 5.779224e-01 4.321343e-01 4.685523e-01 6.195631e-01 6.677234e-01 4.963427e-01 4.433840e-01 6.329305e-01 5.150891e-01 3.899368e-01 
31 435 0 0 0 5.752192e-01 3.662436e-01 6.747756e-01 3.646541e-01 4.847469e-01 7.456850e-01 5.989865e-01 2.958772e-01 3.128006e-01 8.077377e-01 3.549181e-01 5.990435e-01 7.343657e-01 2.680776e-01 1.503893e-01 5.968087e-01 5.537030e-01 6.592694e-01 4.319321e-01 7.924635e-01 6.376537e-01 4.786193e-01 2.442157e-01 7.945971e-01 6.232814e-01 4.768378e-01 3.907603e-01 6.488951e-01 8.096485e-01 4.928028e-01 6.586751e-01 6.147696e-01 5.425225e-01 3.450851e-01 
32 449 0 0 0 5.312231e-01 2.748287e-01 5.006516e-01 3.372258e-01 4.943178e-01 7.409336e-01 7.127373e-01 2.664829e-01 2.876995e-01 7.736683e-01 2.810770e-01 5.682958e-01 5.801798e-01 2.310048e-01 1.899456e-01 5.754491e-01 6.903952e-01 8.126351e-01 4.295673e-01 7.631826e-01 7.774830e-01 4.968615e-01 3.545954e-01 8.619749e-01 6.182644e-01 5.050132e-01 3.117884e-01 6.250212e-01 7.810299e-01 4.817151e-01 5.011506e-01 5.649429e-01 4.848871e-01 3.355145e-01 
33 463 0 0 0 5.323107e-01 4.172264e-01 4.544851e-01 2.800221e-01 4.160330e-01 7.150762e-01 5.721375e-01 2.425115e-01 2.513624e-01 7.515277e-01 2.845643e-01 5.028956e-01 6.669445e-01 4.340032e-01 1.410561e-01 6.421799e-01 5.729510e-01 7.323544e-01 3.894242e-01 7.623712e-01 6.738251e-01 4.398337e-01 4.486079e-01 7.687196e-01 6.348428e-01 4.875748e-01 2.813687e-01 6.543262e-01 7.937033e-01 6.554035e-01 3.927005e-01 6.465431e-01 4.953999e-01 3.342730e-01 
34 477 0 0 0 4.842559e-01 4.303094e-01 4.170034e-01 2.823174e-01 3.683277e-01 7.678703e-01 7.784421e-01 2.807558e-01 2.630216e-01 7.222038e-01 3.465126e-01 5.187547e-01 6.032941e-01 4.482767e-01 1.744037e-01 6.515774e-01 6.330350e-01 6.762439e-01 5.234356e-01 7.180211e-01 5.490454e-01 3.788343e-01 6.204285e-01 7.389132e-01 5.227615e-01 5.686240e-01 4.507336e-01 6.662459e-01 6.897405e-01 6.315475e-01 4.060054e-01 6.087549e-01 4.692966e-01 2.446034e-01 
35 491 0 0 0 2.985248e-01 1.912349e-01 2.932765e-01 3.124953e-01 4.232362e-01 8.227887e-01 7.794602e-01 1.546654e-01 3.986129e-01 5.839376e-01 4.406632e-01 4.842219e-01 7.132975e-01 5.318377e-01 2.625390e-01 7.301836e-01 7.077793e-01 7.678483e-01 5.584095e-01 6.505706e-01 5.528780e-01 4.288811e-01 7.474055e-01 8.466791e-01 5.976888e-01 3.886054e-01 3.333302e-01 7.581026e-01 7.180742e-01 5.025489e-01 5.782564e-01 6.810381e-01 4.363785e-01 1.761594e-01 
36 505 0 0 0 4.725559e-01 1.856297e-01 3.528513e-01 2.436854e-01 4.576519e-01 7.129736e-01 8.527746e-01 7.260231e-02 2.461921e-01 5.919673e-01 5.004197e-01 3.222362e-01 6.565704e-01 7.006139e-01 1.680597e-01 6.638639e-01 6.427430e-01 5.154940e-01 5.391226e-01 7.255944e-01 3.240862e-01 5.368782e-01 7.456553e-01 6.106395e-01 7.472177e-01 4.269948e-01 3.146993e-01 7.121704e-01 5.781780e-01 4.789906e-01 4.168393e-01 6.951791e-01 5.268810e-01 1.283623e-01 
37 519 0 0 0 6.073138e-01 2.228577e-01 4.742807e-01 1.130432e-01 5.235611e-01 6.016856e-01 8.530857e-01 1.565460e-01 1.789076e-01 5.418940e-01 6.028375e-01 3.192030e-01 4.861584e-01 5.391272e-01 3.053614e-01 5.621108e-01 6.065350e-01 5.236802e-01 5.625406e-01 5.521836e-01 3.749443e-01 5.396602e-01 7.353105e-01 5.219766e-01 8.438116e-01 2.779502e-01 3.790948e-01 7.049071e-01 4.614927e-01 4.848837e-01 3.966892e-01 8.455194e-01 5.597762e-01 2.459139e-01 
38 533 0 0 0 6.835135e-01 2.010574e-01 3.185763e-01 1.958471e-01 6.123564e-01 6.258600e-01 9.088453e-01 1.895727e-01 1.267089e-01 4.890599e-01 4.316870e-01 5.172705e-01 4.637144e-01 4.440969e-01 4.420202e-01 6.438649e-01 4.521929e-01 5.474712e-01 6.369215e-01 6.076055e-01 3.273383e-01 6.196059e-01 8.719714e-01 4.890936e-01 7.163789e-01 1.990235e-01 2.415624e-01 4.779310e-01 5.143523e-01 4.896426e-01 3.550041e-01 8.481847e-01 4.838864e-01 3.337163e-01 
39 547 0 0 0 6.329444e-01 1.257052e-01 2.830499e-01 2.284101e-01 3.976657e-01 5.928914e-01 8.647791e-01 1.300300e-01 1.566908e-01 3.887024e-01 2.872230e-01 5.788634e-01 3.764778e-01 4.720254e-01 4.165934e-01 6.245681e-01 3.796036e-01 6.430643e-01 6.986573e-01 5.525917e-01 3.258245e-01 6.251092e-01 8.786417e-01 5.099168e-01 7.082857e-01 2.170928e-01 3.987387e-01 5.981566e-01 5.044893e-01 5.071124e-01 3.242900e-01 8.166999e-01 3.378056e-01 3.721735e-01 
40 561 0 0 0 5.841662e-01 1.429288e-01 2.532771e-01 2.086555e-01 3.512912e-01 6.397029e-01 8.872826e-01 1.333049e-01 7.089716e-02 4.362763e-01 2.627535e-01 6.011808e-01 4.954826e-01 5.585271e-01 4.633489e-01 5.619715e-01 3.504642e-01 5.344897e-01 6.163657e-01 5.432729e-01 4.114625e-01 4.953719e-01 8.945342e-01 5.974102e-01 8.540204e-01 3.541543e-01 3.008108e-01 4.628825e-01 5.203895e-01 4.870965e-01 3.419524e-01 7.425423e-01 3.415329e-01 5.162497e-01 
41 575 0 0 0 5.108326e-01 1.940882e-01 3.869972e-01 2.783873e-01 2.756308e-01 6.167201e-01 7.678052e-01 1.491328e-01 1.767054e-01 5.225879e-01 2.338383e-01 6.553786e-01 6.601783e-01 4.411814e-01 4.361799e-01 5.512411e-01 2.031300e-01 4.685031e-01 5.410298e-01 5.270005e-01 4.654755e-01 4.516646e-01 7.793909e-01 6.735604e-01 8.784760e-01 2.919953e-01 2.474394e-01 3.763963e-01 4.955555e-01 4.693912e-01 3.600290e-01 7.891322e-01 3.068766e-01 2.765644e-01 
42 589 0 0 0 5.409016e-01 2.411692e-01 4.333930e-01 3.326087e-01 4.165714e-01 7.665240e-01 6.509948e-01 1.836390e-01 2.158486e-01 4.936505e-01 2.554796e-01 4.556497e-01 7.045895e-01 4.331948e-01 4.435523e-01 5.988953e-01 2.143745e-01 4.793193e-01 5.320397e-01 5.996951e-01 4.322486e-01 3.896418e-01 8.909054e-01 7.642765e-01 8.024701e-01 2.444666e-01 1.996758e-01 4.786154e-01 5.856002e-01 4.756912e-01 3.723448e-01 7.944891e-01 4.359029e-01 3.023200e-01 
43 603 0 0 0 6.169071e-01 2.822349e-01 4.242445e-01 3.772494e-01 3.367937e-01 7.182169e-01 5.950210e-01 1.217133e-01 2.725091e-01 3.709276e-01 3.001207e-01 5.477377e-01 6.609041e-01 4.130557e-01 3.237734e-01 5.249865e-01 2.075129e-01 3.572884e-01 4.065959e-01 4.455672e-01 4.479320e-01 4.857860e-01 7.752465e-01 6.586612e-01 8.061851e-01 2.803253e-01 1.977242e-01 4.616272e-01 6.410359e-01 3.277468e-01 5.068353e-01 7.281004e-01 4.545746e-01 3.666550e-01 
44 617 0 0 0 5.809073e-01 2.525520e-01 4.182390e-01 3.474314e-01 4.220941e-01 6.293648e-01 6.522728e-01 1.575240e-01 1.699513e-01 4.048443e-01 2.254476e-01 5.504216e-01 5.600204e-01 4.329907e-01 3.833414e-01 5.271280e-01 2.752937e-01 2.539183e-01 5.593715e-01 4.539656e-01 5.082730e-01 6.089770e-01 7.685217e-01 6.107090e-01 8.519605e-01 3.421143e-01 2.515098e-01 4.275247e-01 7.033980e-01 3.737122e-01 5.352153e-01 6.826839e-01 5.045239e-01 4.506927e-01 
45 631 0 0 0 4.160969e-01 2.740893e-01 2.985240e-01 4.504165e-01 2.823206e-01 6.217779e-01 6.364708e-01 1.757139e-01 1.445516e-01 4.868982e-01 1.363571e-01 5.750277e-01 5.870160e-01 3.462291e-01 1.406919e-01 5.806599e-01 3.752544e-01 4.121312e-01 6.496261e-01 3.919643e-01 4.180927e-01 6.186503e-01 8.448156e-01 5.518617e-01 9.377256e-01 3.299856e-01 3.089799e-01 5.091461e-01 7.676606e-01 4.115109e-01 4.922240e-01 8.451987e-01 3.647507e-01 5.248681e-01 
46 645 0 0 0 4.961925e-01 4.854436e-01 2.998859e-01 4.950973e-01 1.124687e-01 4.813656e-01 6.839800e-01 1.853400e-01 1.093692e-01 3.156297e-01 2.351512e-01 6.370185e-01 6.185283e-01 4.300785e-01 2.059093e-01 6.860025e-01 5.518551e-01 3.807811e-01 5.179288e-01 3.704771e-01 3.468280e-01 5.240399e-01 7.540216e-01 4.723781e-01 8.998032e-01 3.182391e-01 3.375288e-01 5.573259e-01 7.974234e-01 3.814550e-01 5.471819e-01 8.047771e-01 2.391693e-01 4.672040e-01 
47 659 0 0 0 6.093705e-01 4.045583e-01 3.451014e-01 5.234890e-01 -1.346524e-02 6.725076e-01 5.571597e-01 2.223061e-01 2.148737e-01 3.948805e-01 3.752820e-01 6.809431e-01 5.791300e-01 1.922878e-01 1.298328e-01 7.412964e-01 6.260222e-01 3.016697e-01 5.242659e-01 4.034694e-01 3.344113e-01 5.566749e-01 7.683604e-01 5.698902e-01 8.615327e-01 1.707374e-01 3.445941e-01 6.586744e-01 7.187572e-01 1.682306e-01 4.073484e-01 8.325350e-01 1.753034e-01 4.154024e-01 
48 673 0 0 0 5.814700e-01 3.861545e-01 4.921052e-01 4.409688e-01 7.034180e-02 5.724492e-01 5.947199e-01 2.901966e-01 3.213104e-01 4.461057e-01 3.669011e-01 7.024609e-01 4.940838e-01 2.040986e-01 1.504862e-01 7.395156e-01 5.866500e-01 4.558747e-01 5.813675e-01 3.674747e-01 3.636164e-01 5.979628e-01 7.253790e-01 5.797906e-01 7.434456e-01 2.236034e-01 4.668304e-01 7.449673e-01 6.355304e-01 1.617430e-01 2.637379e-01 7.659181e-01 2.642009e-01 4.298848e-01 
49 687 0 0 0 5.306438e-01 3.252897e-01 5.041043e-01 3.207632e-01 1.147906e-01 5.695514e-01 6.117125e-01 2.317548e-01 3.852698e-01 5.083783e-01 3.253317e-01 6.101226e-01 5.314693e-01 2.812156e-01 1.168722e-01 6.409949e-01 7.387601e-01 5.463435e-01 6.477469e-01 4.222290e-01 3.531756e-01 6.188477e-01 6.909073e-01 7.365708e-01 6.351211e-01 1.337020e-01 5.900784e-01 7.671015e-01 7.520087e-01 2.457456e-01 2.321750e-01 7.623143e-01 3.359369e-01 4.715543e-01 
50 701 0 0 0 4.296555e-01 3.863036e-01 3.345740e-01 3.162635e-01 1.234536e-01 6.188539e-01 5.108889e-01 1.865683e-01 4.307179e-01 4.902283e-01 3.584115e-01 6.331599e-01 5.854613e-01 2.524022e-01 1.484372e-01 6.289418e-01 6.273954e-01 4.236921e-01 6.804611e-01 4.548266e-01 9.468825e-02 6.826763e-01 6.895205e-01 6.984146e-01 5.823613e-01 2.242600e-01 7.193808e-01 7.123881e-01 8.070374e-01 1.735222e-01 2.303537e-01 7.999145e-01 3.404508e-01 3.938513e-01 
51 715 0 0 0 5.344972e-01 4.429530e-01 3.039695e-01 2.964402e-01 1.971220e-01 6.058311e-01 5.268762e-01 1.781251e-01 4.296907e-01 5.473688e-01 3.235701e-01 5.239207e-01 6.530363e-01 1.998665e-01 1.392220e-01 4.781331e-01 5.712763e-01 3.745153e-01 6.847360e-01 4.261700e-01 2.375315e-01 5.660125e-01 7.091140e-01 7.671143e-01 6.338746e-01 8.379808e-02 6.877105e-01 6.617857e-01 7.349710e-01 3.052497e-01 1.469583e-01 8.417471e-01 5.029440e-01 3.847418e-01 
52 729 0 0 0 4.866357e-01 4.567809e-01 4.785022e-01 3.488628e-01 1.755914e-01 6.144632e-01 5.703803e-01 1.195771e-01 4.807796e-01 5.764448e-01 2.548367e-01 5.274255e-01 6.207747e-01 1.731067e-01 9.189524e-02 5.558697e-01 4.920882e-01 3.567706e-01 7.284560e-01 4.543798e-01 1.866972e-01 6.094854e-01 7.009761e-01 6.391486e-01 6.462999e-01 1.430791e-01 7.634398e-01 7.068051e-01 6.299421e-01 3.472456e-01 1.547266e-01 7.907543e-01 4.674692e-01 3.876845e-01 
53 743 0 0 0 4.964247e-01 4.618688e-01 5.598881e-01 3.712921e-01 1.309596e-01 5.795717e-01 5.213157e-01 3.482374e-01 3.946313e-01 6.028360e-01 1.937910e-01 4.564001e-01 7.647946e-01 1.657487e-01 2.213319e-01 6.583015e-01 6.430051e-01 2.235651e-01 6.408939e-01 5.306468e-01 9.514065e-02 5.975656e-01 6.651081e-01 6.632230e-01 6.729412e-01 1.467735e-01 8.356847e-01 6.905526e-01 7.059186e-01 2.049164e-01 2.354074e-01 8.260884e-01 4.587725e-01 2.705690e-01 
54 757 0 0 0 5.339304e-01 4.887880e-01 6.109250e-01 3.652523e-01 1.596088e-01 6.640783e-01 4.533646e-01 4.821142e-01 4.416780e-01 6.090426e-01 2.046031e-01 4.274487e-01 6.911820e-01 1.334414e-01 1.392395e-01 7.386494e-01 6.896754e-01 2.343347e-01 6.328285e-01 5.470665e-01 1.294538e-01 6.794191e-01 6.838962e-01 6.290348e-01 6.656859e-01 2.073676e-01 8.378537e-01 7.494005e-01 6.473618e-01 2.231807e-01 2.447121e-01 7.515906e-01 3.358915e-01 3.109679e-01 
55 771 0 0 0 5.004712e-01 4.157315e-01 7.273411e-01 3.534725e-01 1.396389e-01 6.797395e-01 4.084043e-01 4.677519e-01 4.943741e-01 6.380034e-01 2.478435e-01 4.487669e-01 7.337800e-01 1.748158e-01 2.018745e-01 7.707497e-01 6.055100e-01 1.832292e-01 6.841022e-01 5.084388e-01 1.557425e-01 6.286802e-01 6.645152e-01 6.298791e-01 5.567747e-01 2.910364e-01 8.217339e-01 7.706506e-01 6.619458e-01 1.869480e-01 2.666667e-01 7.704708e-01 4.591678e-01 1.988135e-01 
56 785 0 0 0 5.816671e-01 3.467991e-01 8.664843e-01 2.995208e-01 1.576427e-01 6.177705e-01 4.732032e-01 4.355321e-01 6.685381e-01 5.015629e-01 3.277891e-01 3.943504e-01 7.635422e-01 1.227082e-01 1.952778e-01 7.232706e-01 5.358243e-01 1.736819e-01 8.539024e-01 5.213150e-01 1.370929e-01 6.273676e-01 6.630749e-01 6.040004e-01 6.013990e-01 2.595445e-01 8.531465e-01 7.419363e-01 8.309963e-01 2.545518e-01 3.936647e-01 6.178303e-01 4.697552e-01 2.540543e-01 
57 799 0 0 0 5.155889e-01 2.091903e-01 8.423663e-01 1.806913e-01 2.576779e-01 6.703700e-01 5.616807e-01 4.141439e-01 6.616960e-01 5.097370e-01 3.187569e-01 4.048864e-01 6.801722e-01 2.018008e-01 1.008035e-01 6.733760e-01 5.354812e-01 2.688846e-01 7.182432e-01 5.560060e-01 2.632785e-01 6.077748e-01 7.981877e-01 5.441860e-01 6.793346e-01 2.330234e-01 8.424140e-01 8.528639e-01 8.366397e-01 3.130895e-01 3.337955e-01 8.391735e-01 4.091673e-01 1.613041e-01 
58 813 0 0 0 7.024493e-01 1.744845e-01 7.953694e-01 2.599325e-01 1.618628e-01 6.716654e-01 6.666930e-01 3.775165e-01 6.303135e-01 5.135348e-01 3.360725e-01 4.125233e-01 6.700982e-01 1.895188e-01 1.996810e-01 7.227997e-01 4.360332e-01 2.567834e-01 6.880723e-01 4.794905e-01 2.008922e-01 7.043769e-01 7.731610e-01 5.613366e-01 6.640830e-01 1.951283e-01 7.377541e-01 8.813448e-01 8.611602e-01 3.440364e-01 2.963155e-01 7.726804e-01 4.195535e-01 2.676008e-01 
59 827 0 0 0 5.703073e-01 1.076855e-01 8.273872e-01 2.876098e-01 1.535742e-01 6.781277e-01 5.672491e-01 4.853175e-01 6.781599e-01 5.216568e-01 4.071355e-01 3.928144e-01 6.747356e-01 1.829198e-01 2.260972e-01 6.518748e-01 4.023764e-01 2.241504e-01 7.528661e-01 4.885369e-01 2.826940e-01 6.877645e-01 7.952479e-01 6.054812e-01 6.876053e-01 2.829651e-01 7.919853e-01 8.914874e-01 8.131785e-01 2.478875e-01 1.930847e-01 7.037676e-01 4.156005e-01 1.487120e-01 
60 841 0 0 0 5.927749e-01 1.247354e-01 8.067089e-01 1.810675e-01 1.673333e-01 8.304879e-01 4.696530e-01 4.454981e-01 7.387660e-01 5.242176e-01 2.006936e-01 3.273627e-01 7.883694e-01 2.187560e-01 2.317866e-01 5.204681e-01 4.770601e-01 2.086677e-01 5.790627e-01 5.084264e-01 2.459962e-01 7.882156e-01 8.359914e-01 7.030891e-01 7.139263e-01 2.515156e-01 8.067333e-01 8.869767e-01 8.197998e-01 2.936599e-01 2.259526e-01 7.066041e-01 4.109445e-01 2.031689e-01 
61 855 0 0 0 7.517609e-01 2.011683e-01 8.110581e-01 1.841253e-01 8.452642e-02 5.678178e-01 4.061812e-01 4.977089e-01 7.380750e-01 5.385385e-01 2.349727e-01 4.050360e-01 8.508730e-01 2.092512e-01 1.116046e-01 3.797234e-01 4.023235e-01 2.380983e-01 5.049959e-01 4.831809e-01 3.517342e-01 7.918933e-01 7.803839e-01 6.510786e-01 7.856734e-01 1.013703e-01 8.552933e-01 8.819140e-01 7.744507e-01 2.330740e-01 2.019728e-01 6.482619e-01 5.183784e-01 2.540883e-01 
62 869 0 0 0 7.695551e-01 2.585994e-01 9.186003e-01 1.202165e-01 1.087583e-01 5.246717e-01 3.282165e-01 3.306912e-01 6.457218e-01 5.625606e-01 2.009560e-01 3.809427e-01 8.307726e-01 2.339967e-01 1.140872e-01 3.353383e-01 2.137565e-01 3.165927e-01 4.853838e-01 5.745158e-01 4.296098e-01 7.220694e-01 7.683184e-01 6.316161e-01 7.544824e-01 2.249770e-01 8.227907e-01 8.252484e-01 7.907177e-01 2.980157e-01 1.525450e-01 7.453496e-01 4.876989e-01 3.016521e-01 
63 883 0 0 0 5.933978e-01 2.108720e-01 7.862537e-01 2.047030e-01 1.283100e-01 3.825652e-01 2.589083e-01 3.018908e-01 6.619809e-01 6.207023e-01 3.623175e-01 4.557787e-01 8.807045e-01 1.953305e-01 1.766379e-01 4.128615e-01 2.153285e-01 2.331741e-01 4.628645e-01 6.780191e-01 4.060422e-01 7.365911e-01 7.078990e-01 7.304973e-01 6.125428e-01 2.077090e-01 7.922158e-01 8.038431e-01 8.900571e-01 2.525295e-01 1.825472e-01 6.433520e-01 4.867180e-01 4.743568e-01 
64 897 0 0 0 5.942786e-01 1.514433e-01 8.250271e-01 2.184675e-01 1.987055e-01 3.889294e-01 2.730352e-01 2.662107e-01 7.148056e-01 7.643083e-01 3.448444e-01 4.181377e-01 8.516489e-01 1.679620e-01 1.558068e-01 3.946471e-01 1.319027e-01 1.761751e-01 4.915344e-01 7.554659e-01 5.236916e-01 7.588745e-01 7.589985e-01 7.743927e-01 6.087181e-01 1.406705e-01 8.644015e-01 9.172117e-01 8.427849e-01 2.525814e-01 1.196512e-01 7.300246e-01 6.712517e-01 5.291133e-01 
65 911 0 0 0 5.199163e-01 2.209228e-01 8.000891e-01 2.268350e-01 2.548730e-01 4.812885e-01 2.350117e-01 2.394781e-01 5.858870e-01 7.438533e-01 3.452222e-01 5.503277e-01 7.706128e-01 1.582654e-01 1.721588e-01 3.605345e-01 6.360204e-02 2.049273e-01 4.818082e-01 7.879412e-01 5.681222e-01 5.989068e-01 8.436595e-01 7.493279e-01 6.844217e-01 1.995032e-01 8.414525e-01 8.680959e-01 8.527583e-01 3.628553e-01 1.239144e-01 7.163922e-01 6.345967e-01 6.395546e-01 
66 925 0 0 0 5.661834e-01 2.004588e-01 7.051232e-01 1.974915e-01 1.542136e-01 4.447481e-01 4.681849e-01 1.950528e-01 6.421915e-01 8.222319e-01 3.117314e-01 6.832435e-01 5.933734e-01 2.366480e-01 3.317694e-01 5.026563e-01 1.681520e-01 2.347797e-01 3.394512e-01 8.474339e-01 5.656248e-01 6.005753e-01 6.795455e-01 7.813868e-01 7.666688e-01 2.726159e-01 8.185391e-01 8.376060e-01 7.835623e-01 3.532951e-01 1.796049e-01 6.937132e-01 7.083522e-01 5.204881e-01 
67 939 0 0 0 4.265003e-01 5.044479e-01 7.669858e-01 2.724901e-01 2.667921e-01 4.416704e-01 5.948241e-01 2.455201e-01 7.246053e-01 7.762566e-01 4.504769e-01 7.301054e-01 6.454132e-01 3.469454e-01 3.730386e-01 6.956391e-01 2.356882e-01 1.063034e-01 3.481088e-01 8.683870e-01 6.073206e-01 5.460098e-01 5.976184e-01 8.331704e-01 7.992420e-01 3.485827e-01 8.515517e-01 7.868597e-01 7.933061e-01 3.608139e-01 1.991618e-01 6.374286e-01 6.973710e-01 4.936227e-01 
68 953 0 0 0 4.804250e-01 4.925415e-01 7.187444e-01 2.244844e-01 2.733286e-01 5.576903e-01 5.641152e-01 2.233141e-01 8.034462e-01 8.130037e-01 5.691970e-01 7.389191e-01 6.431632e-01 2.556026e-01 3.078062e-01 5.933892e-01 2.676231e-01 2.652389e-01 3.866025e-01 8.973807e-01 7.712111e-01 4.408048e-01 5.840842e-01 9.091357e-01 7.368923e-01 3.224786e-01 8.356434e-01 7.546299e-01 7.134628e-01 4.672099e-01 2.588731e-01 6.110016e-01 6.016856e-01 5.060885e-01 
69 967 0 0 0 4.300168e-01 5.178030e-01 7.340296e-01 3.315067e-01 2.660875e-01 4.120697e-01 5.642163e-01 1.621964e-01 7.054128e-01 9.258989e-01 6.901567e-01 7.385635e-01 7.139016e-01 2.311821e-01 3.620591e-01 5.380704e-01 3.292855e-01 3.689288e-01 4.224558e-01 8.385907e-01 7.927218e-01 5.475945e-01 5.950625e-01 8.147283e-01 6.934686e-01 3.061760e-01 8.316341e-01 7.897871e-01 6.854650e-01 4.532860e-01 2.757611e-01 6.319351e-01 6.756518e-01 5.395263e-01 
70 981 0 0 0 4.183640e-01 4.709858e-01 7.531465e-01 2.971451e-01 2.442475e-01 3.097319e-01 5.064635e-01 1.091657e-01 6.336459e-01 8.329862e-01 7.557431e-01 6.539639e-01 7.137965e-01 1.866900e-01 3.478662e-01 5.424367e-01 3.173563e-01 3.259760e-01 5.148033e-01 8.404381e-01 7.347757e-01 5.077839e-01 5.857826e-01 7.904323e-01 7.068694e-01 5.029435e-01 8.115644e-01 7.657086e-01 7.058908e-01 4.626526e-01 3.344509e-01 5.931605e-01 6.055489e-01 4.572439e-01 
71 995 0 0 0 3.972862e-01 4.678437e-01 8.681105e-01 2.367848e-01 1.854554e-01 4.264632e-01 4.817819e-01 1.871442e-01 6.649616e-01 8.118727e-01 6.903083e-01 5.834860e-01 7.493796e-01 1.607788e-01 3.290711e-01 5.254737e-01 2.671673e-01 3.745883e-01 4.221858e-01 8.216575e-01 6.516322e-01 5.863024e-01 6.041939e-01 6.882661e-01 6.861844e-01 4.226375e-01 9.010047e-01 8.603047e-01 6.720805e-01 5.974868e-01 2.859216e-01 6.045078e-01 5.556657e-01 4.297951e-01 
72 1009 0 0 0 3.313066e-01 5.380910e-01 8.497377e-01 2.621564e-01 2.977876e-01 4.669468e-01 5.527040e-01 2.165676e-01 6.828527e-01 7.356745e-01 6.430692e-01 7.139078e-01 7.355135e-01 1.655635e-01 3.534495e-01 5.076677e-01 2.933652e-01 4.568754e-01 4.676574e-01 7.445354e-01 5.181994e-01 5.229126e-01 5.470031e-01 7.121158e-01 8.197143e-01 3.107763e-01 8.753576e-01 7.748643e-01 6.146793e-01 5.259489e-01 3.691252e-01 6.497830e-01 4.541866e-01 4.295442e-01 
73 1023 0 0 0 3.468784e-01 5.208954e-01 8.746061e-01 2.504051e-01 2.530020e-01 4.418379e-01 5.508747e-01 2.024327e-01 6.227050e-01 7.003053e-01 6.337433e-01 7.178631e-01 6.683947e-01 2.363829e-01 4.486286e-01 5.163440e-01 3.218340e-01 4.402600e-01 4.815200e-01 7.809267e-01 5.570564e-01 5.030664e-01 5.968602e-01 7.241914e-01 8.178554e-01 3.447553e-01 8.040175e-01 7.672588e-01 5.997631e-01 4.818624e-01 4.955540e-01 5.898018e-01 4.711046e-01 3.429331e-01 
74 1037 0 0 0 3.687277e-01 3.784639e-01 7.403310e-01 1.172783e-01 1.337379e-01 3.100583e-01 3.931392e-01 1.072622e-01 6.724690e-01 6.346240e-01 6.624713e-01 8.210572e-01 5.605576e-01 2.104283e-01 2.908193e-01 5.064116e-01 3.354474e-01 4.855006e-01 4.909167e-01 6.123721e-01 5.844026e-01 5.251005e-01 6.272349e-01 7.446445e-01 7.815348e-01 2.827640e-01 8.383225e-01 7.084960e-01 5.741455e-01 3.933135e-01 4.290803e-01 6.067567e-01 4.665213e-01 2.139378e-01 
75 1051 0 0 0 4.136422e-01 2.283742e-01 6.525515e-01 1.809842e-01 1.185977e-01 4.422585e-01 3.343593e-01 1.198418e-01 6.372901e-01 4.808957e-01 6.635474e-01 7.539040e-01 5.926133e-01 1.553474e-01 2.077614e-01 5.331045e-01 2.590024e-01 4.200018e-01 4.886682e-01 6.822654e-01 5.643887e-01 4.667296e-01 5.338736e-01 7.365403e-01 8.839735e-01 2.918482e-01 7.626494e-01 7.236622e-01 6.136790e-01 2.862326e-01 2.315723e-01 5.560419e-01 4.002009e-01 2.869898e-01 
76 1065 0 0 0 3.555565e-01 2.367447e-01 5.516369e-01 1.686360e-01 1.126995e-01 4.636147e-01 3.649152e-01 1.661876e-01 6.307751e-01 6.020913e-01 5.815417e-01 7.364675e-01 5.270320e-01 2.597511e-01 2.472362e-01 6.257773e-01 2.419119e-01 5.618021e-01 3.770056e-01 6.561798e-01 7.629358e-01 4.399994e-01 5.738674e-01 5.928626e-01 9.008443e-01 1.541267e-01 7.207935e-01 7.624285e-01 6.827431e-01 2.439446e-01 3.390662e-01 5.151400e-01 3.607746e-01 3.093809e-01 
77 1079 0 0 0 4.025836e-01 3.938885e-01 4.620080e-01 1.997215e-01 1.779044e-01 3.934863e-01 3.063072e-01 1.106533e-01 6.298861e-01 6.884135e-01 5.790126e-01 7.230266e-01 5.164646e-01 3.484521e-01 2.435383e-01 6.598827e-01 2.479972e-01 5.488905e-01 3.640579e-01 7.612434e-01 6.788756e-01 4.492471e-01 5.752104e-01 6.367966e-01 7.440637e-01 3.176241e-01 7.390816e-01 6.159664e-01 6.270007e-01 1.918868e-01 3.188635e-01 4.630681e-01 3.726011e-01 3.801902e-01 
78 1093 0 0 0 4.714974e-01 3.978168e-01 4.008430e-01 1.159576e-01 2.995690e-01 3.556225e-01 1.683113e-01 1.223382e-01 6.306512e-01 6.964051e-01 5.512993e-01 8.066920e-01 4.574099e-01 3.321931e-01 3.084281e-01 6.761087e-01 1.781098e-01 4.703422e-01 3.229952e-01 7.088766e-01 6.561354e-01 4.720474e-01 5.554560e-01 6.240523e-01 7.315180e-01 3.145328e-01 7.160471e-01 6.238993e-01 7.324490e-01 2.058782e-01 2.534508e-01 5.113495e-01 3.856743e-01 4.134759e-01 
79 1107 0 0 0 4.865223e-01 4.989104e-01 4.086372e-01 2.840884e-01 2.963939e-01 4.664742e-01 1.249265e-01 9.835893e-02 6.667197e-01 7.002466e-01 5.169431e-01 7.442883e-01 5.940125e-01 3.086145e-01 3.731094e-01 6.280802e-01 1.561134e-01 3.776089e-01 2.485778e-01 7.883926e-01 6.869464e-01 5.396276e-01 7.074081e-01 5.815037e-01 7.811361e-01 3.064327e-01 7.919787e-01 5.605545e-01 7.009563e-01 3.240527e-01 2.797378e-01 5.025291e-01 3.987111e-01 4.775604e-01 
80 1121 0 0 0 5.039938e-01 3.566065e-01 4.665018e-01 3.238188e-01 3.443305e-01 5.239261e-01 1.906519e-01 1.808823e-01 6.837129e-01 6.572142e-01 5.589545e-01 7.610030e-01 6.653379e-01 3.168701e-01 4.317629e-01 5.640051e-01 2.685135e-01 4.418064e-01 2.307066e-01 7.535762e-01 7.533747e-01 5.815201e-01 7.817259e-01 5.442992e-01 7.146504e-01 3.758572e-01 7.350918e-01 4.417852e-01 7.655080e-01 2.917326e-01 2.933319e-01 5.070876e-01 4.787690e-01 4.549945e-01 
81 1135 0 0 0 6.257329e-01 4.426047e-01 3.382453e-01 3.921226e-01 2.812807e-01 5.658322e-01 1.084554e-01 3.347855e-01 6.193234e-01 6.760935e-01 4.556821e-01 7.562220e-01 7.455909e-01 4.037200e-01 3.610947e-01 5.488019e-01 2.364044e-01 3.683644e-01 3.160650e-01 7.481418e-01 6.488211e-01 5.959111e-01 8.955243e-01 5.784837e-01 6.866226e-01 3.212533e-01 7.706472e-01 5.740336e-01 7.288770e-01 3.290521e-01 2.494810e-01 4.370682e-01 6.835915e-01 3.413695e-01 
82 1149 0 0 0 6.610556e-01 5.286040e-01 4.127490e-01 2.574098e-01 1.781661e-01 5.444004e-01 1.217180e-01 2.632459e-01 5.413319e-01 6.788589e-01 4.330430e-01 7.763612e-01 7.886840e-01 4.320884e-01 4.423761e-01 6.273104e-01 2.742953e-01 4.998071e-01 3.541530e-01 7.453010e-01 6.172854e-01 6.237819e-01 8.111382e-01 5.217895e-01 7.637270e-01 3.726891e-01 7.589436e-01 6.524806e-01 6.819560e-01 3.029953e-01 2.183578e-01 4.326364e-01 6.242210e-01 2.788230e-01 
83 1163 0 0 0 5.874672e-01 5.277254e-01 4.319990e-01 3.722098e-01 2.319718e-01 4.962991e-01 2.012181e-01 1.892490e-01 6.307848e-01 7.168400e-01 4.315242e-01 6.345712e-01 6.890893e-01 3.811234e-01 6.012457e-01 6.344892e-01 3.006596e-01 4.093382e-01 4.098983e-01 5.985634e-01 5.209665e-01 6.907847e-01 7.115385e-01 5.630851e-01 8.121688e-01 3.358693e-01 6.018003e-01 5.275627e-01 6.554042e-01 3.203160e-01 1.823395e-01 4.567746e-01 6.098030e-01 2.774727e-01 
84 1177 0 0 0 5.566702e-01 5.539640e-01 3.184208e-01 3.919233e-01 2.495380e-01 4.563279e-01 1.550390e-01 1.369637e-01 6.513641e-01 6.807032e-01 4.353037e-01 5.576649e-01 7.139727e-01 3.468833e-01 5.990296e-01 7.178307e-01 3.411146e-01 4.200379e-01 3.954403e-01 5.787796e-01 5.870724e-01 6.029237e-01 7.416024e-01 7.335232e-01 8.972421e-01 4.157746e-01 5.122043e-01 5.960489e-01 5.722663e-01 2.601732e-01 2.993261e-01 3.118752e-01 6.635170e-01 1.318452e-01 
85 1191 0 0 0 4.898776e-01 5.225376e-01 3.536513e-01 3.292763e-01 1.812737e-01 5.507152e-01 2.591726e-01 1.869217e-01 6.205684e-01 6.511559e-01 3.404306e-01 6.236437e-01 6.701345e-01 2.678818e-01 6.186231e-01 7.940448e-01 2.969032e-01 3.895538e-01 3.502340e-01 5.682125e-01 5.681590e-01 6.131146e-01 7.073801e-01 8.034571e-01 8.969005e-01 5.775321e-01 4.953034e-01 5.946039e-01 6.429693e-01 3.513858e-01 2.867742e-01 3.043074e-01 5.550113e-01 1.650671e-01 
86 1205 0 0 0 5.306991e-01 3.782333e-01 3.520113e-01 2.254372e-01 2.557772e-01 6.473757e-01 3.946169e-01 2.561630e-01 6.042928e-01 7.865793e-01 3.411197e-01 5.237627e-01 6.617188e-01 3.695625e-01 5.641063e-01 7.121354e-01 1.281105e-01 3.114587e-01 3.431525e-01 5.940286e-01 6.014070e-01 5.023028e-01 7.227483e-01 6.718598e-01 8.937216e-01 6.233609e-01 4.241208e-01 5.453237e-01 7.024095e-01 2.263331e-01 2.075796e-01 3.468065e-01 5.772400e-01 2.412319e-01 
87 1219 0 0 0 4.285888e-01 3.825281e-01 2.401252e-01 1.989886e-01 2.647953e-01 6.177158e-01 4.461250e-01 2.711162e-01 7.016678e-01 7.187798e-01 3.499523e-01 4.936958e-01 5.843718e-01 2.515983e-01 7.245248e-01 7.469505e-01 1.154370e-01 4.509292e-01 3.705050e-01 5.773427e-01 5.993756e-01 4.834548e-01 6.987905e-01 7.105654e-01 7.775412e-01 5.831366e-01 4.152143e-01 5.213144e-01 6.560192e-01 2.369562e-01 1.858433e-01 3.479550e-01 5.837218e-01 2.356912e-01 
88 1233 0 0 0 3.281913e-01 3.497675e-01 2.131783e-01 1.881071e-01 2.011395e-01 5.981244e-01 4.319516e-01 1.925246e-01 7.050433e-01 6.304407e-01 3.649592e-01 4.585736e-01 5.172882e-01 2.395707e-01 8.694322e-01 6.960553e-01 8.954102e-02 4.960436e-01 3.394257e-01 4.657988e-01 5.315425e-01 5.312709e-01 6.324262e-01 6.950760e-01 7.765619e-01 4.836613e-01 4.035999e-01 6.157665e-01 7.288292e-01 2.574787e-01 2.051356e-01 3.266147e-01 4.911292e-01 2.170388e-01 
89 1247 0 0 0 3.075077e-01 4.682254e-01 2.387410e-01 2.855101e-01 7.827125e-02 6.369919e-01 2.615109e-01 2.105520e-01 6.531421e-01 5.726068e-01 2.387702e-01 4.138407e-01 5.185974e-01 2.087975e-01 9.580080e-01 5.929386e-01 2.481374e-01 4.323215e-01 3.127298e-01 4.755651e-01 6.679881e-01 5.638977e-01 5.788505e-01 6.701080e-01 8.169479e-01 5.636865e-01 5.137880e-01 6.052488e-01 7.306510e-01 2.491499e-01 2.507837e-01 2.301650e-01 5.157920e-01 2.228762e-01 
90 1261 0 0 0 3.303387e-01 4.890605e-01 2.141726e-01 3.079672e-01 -6.288684e-02 7.639403e-01 3.204234e-01 2.425804e-01 4.728313e-01 3.922257e-01 1.994502e-01 3.792474e-01 5.325987e-01 2.208165e-01 9.044963e-01 5.467256e-01 3.420269e-01 4.502137e-01 3.727023e-01 3.817298e-01 7.351330e-01 4.965105e-01 6.725233e-01 5.523737e-01 9.179436e-01 4.808862e-01 5.943966e-01 5.690450e-01 7.838887e-01 3.307679e-01 2.982580e-01 2.927354e-01 3.429092e-01 2.030233e-01 
91 1275 0 0 0 3.987419e-01 3.656294e-01 2.617197e-01 3.525581e-01 1.268947e-01 6.783692e-01 3.465668e-01 2.951579e-01 3.742701e-01 3.551285e-01 2.635943e-01 1.873986e-01 5.103730e-01 1.843901e-01 7.592634e-01 5.726113e-01 3.887960e-01 4.074956e-01 3.320876e-01 3.215652e-01 6.855981e-01 6.065138e-01 6.656974e-01 5.885907e-01 8.465549e-01 5.561026e-01 5.950750e-01 6.733251e-01 8.188797e-01 3.510962e-01 1.357960e-01 4.718799e-01 3.842934e-01 2.022545e-01 
92 1289 0 0 0 5.415133e-01 1.726784e-01 2.988682e-01 3.674573e-01 1.628338e-01 8.214947e-01 3.543936e-01 3.388514e-01 4.265022e-01 2.335999e-01 2.483864e-01 3.163117e-01 3.812953e-01 2.179793e-01 6.696811e-01 4.610379e-01 4.324203e-01 3.429747e-01 2.664718e-01 2.286118e-01 8.186129e-01 6.818851e-01 7.243318e-01 5.907674e-01 7.490360e-01 6.026254e-01 5.707276e-01 6.489250e-01 8.405151e-01 4.608790e-01 1.742893e-01 4.534461e-01 4.414718e-01 1.365863e-01 
93 1303 0 0 0 3.867510e-01 1.360455e-01 3.511578e-01 4.458714e-01 2.861761e-01 6.604535e-01 3.246346e-01 2.893011e-01 3.873128e-01 2.264348e-01 2.437279e-01 1.490868e-01 3.898440e-01 3.381262e-01 7.601682e-01 4.294767e-01 5.071525e-01 4.629112e-01 4.125517e-01 3.134854e-01 7.483679e-01 8.193670e-01 7.829471e-01 8.271669e-01 5.391718e-01 5.819461e-01 6.994761e-01 5.111111e-01 8.082333e-01 3.909719e-01 2.541426e-01 4.062034e-01 3.631454e-01 2.298911e-01 
94 1317 0 0 0 3.361889e-01 2.214917e-01 4.112968e-01 3.860120e-01 3.071537e-01 7.543327e-01 2.217383e-01 2.415218e-01 3.413600e-01 3.948117e-01 2.925929e-01 2.102617e-01 2.773463e-01 3.278422e-01 7.698569e-01 3.865057e-01 5.544257e-01 4.770181e-01 5.111113e-01 2.299863e-01 6.358206e-01 8.061906e-01 8.200389e-01 8.214434e-01 6.584306e-01 7.047581e-01 7.281867e-01 6.298452e-01 8.264000e-01 3.037184e-01 2.641706e-01 5.057316e-01 4.161827e-01 1.739909e-01 
95 1331 0 0 0 3.369530e-01 2.726568e-01 4.002439e-01 4.240862e-01 1.825080e-01 6.075279e-01 3.417254e-01 1.940228e-01 3.664796e-01 3.333728e-01 3.463393e-01 2.593273e-01 3.715700e-01 2.153091e-01 7.814555e-01 4.997514e-01 4.375842e-01 5.324814e-01 4.704975e-01 2.544363e-01 4.948276e-01 6.868996e-01 7.537141e-01 7.925159e-01 6.470630e-01 7.014307e-01 7.426533e-01 7.114611e-01 8.969646e-01 2.893663e-01 1.022830e-01 6.521973e-01 4.735039e-01 3.139318e-01 
96 1345 0 0 0 2.343731e-01 2.539684e-01 4.623838e-01 2.258847e-01 2.791309e-01 5.715665e-01 3.720420e-01 2.281208e-01 4.094696e-01 3.442830e-01 4.526634e-01 2.310828e-01 4.044271e-01 2.841384e-01 6.653353e-01 4.924190e-01 5.153714e-01 5.744640e-01 5.437208e-01 3.091582e-01 4.369686e-01 5.428644e-01 7.639668e-01 7.447565e-01 6.305508e-01 6.010587e-01 7.897140e-01 6.692178e-01 8.254875e-01 1.882654e-01 2.285337e-01 6.771994e-01 6.013408e-01 2.517337e-01 
97 1359 0 0 0 1.987288e-01 3.509094e-01 4.458524e-01 1.653042e-01 1.762203e-01 5.926122e-01 3.705467e-01 2.452321e-01 4.247515e-01 3.785908e-01 4.876249e-01 2.248886e-01 3.663415e-01 3.165652e-01 7.087608e-01 4.810405e-01 5.049536e-01 5.265149e-01 5.468696e-01 3.553053e-01 4.576355e-01 4.667191e-01 7.551161e-01 6.986005e-01 5.579832e-01 6.152839e-01 7.443733e-01 7.883465e-01 7.349186e-01 2.255394e-01 2.022129e-01 6.911631e-01 7.292145e-01 3.374872e-01 
98 1373 0 0 0 1.849066e-01 3.934116e-01 5.599611e-01 1.594050e-01 2.468822e-01 7.593723e-01 4.412515e-01 2.477628e-01 4.158523e-01 3.584987e-01 3.019046e-01 2.764908e-01 3.887430e-01 2.088188e-01 8.203563e-01 5.446179e-01 5.555297e-01 4.931824e-01 4.147623e-01 2.390930e-01 4.247314e-01 4.669926e-01 7.424207e-01 6.959374e-01 5.358326e-01 6.950122e-01 7.302490e-01 7.281403e-01 6.946278e-01 2.972074e-01 9.324053e-02 7.230238e-01 6.736615e-01 4.082021e-01 
99 1387 0 0 0 1.545470e-01 3.040400e-01 4.967479e-01 2.103986e-01 2.661888e-01 7.391737e-01 5.611510e-01 1.766500e-01 4.668121e-01 2.591469e-01 2.751669e-01 2.058137e-01 4.039462e-01 2.556897e-01 8.316632e-01 6.012129e-01 6.506112e-01 4.696489e-01 5.093556e-01 2.114843e-01 3.846570e-01 5.545770e-01 7.522721e-01 7.949634e-01 5.927465e-01 7.758674e-01 7.994045e-01 7.087071e-01 7.370580e-01 4.291460e-01 6.188134e-02 6.935693e-01 7.059597e-01 4.247657e-01 
100 1401 0 0 0 2.730901e-01 4.943961e-01 5.070294e-01 3.166564e-01 2.668103e-01 7.884697e-01 5.586920e-01 2.429577e-01 4.767168e-01 1.660931e-01 2.912317e-01 3.243419e-01 3.439135e-01 2.155090e-01 7.925364e-01 6.066436e-01 6.810135e-01 5.252632e-01 5.906421e-01 2.417980e-01 3.542366e-01 5.462524e-01 7.447033e-01 8.082816e-01 6.393875e-01 7.113452e-01 7.746053e-01 7.247568e-01 6.202355e-01 4.984220e-01 1.051095e-01 7.525754e-01 7.217474e-01 5.329599e-01 
101 1415 0 0 0 2.154945e-01 3.878417e-01 5.943256e-01 2.357895e-01 2.954468e-01 8.420482e-01 5.890048e-01 2.288184e-01 5.579622e-01 2.253405e-01 2.579338e-01 3.626277e-01 2.861289e-01 1.710330e-01 6.690557e-01 4.680963e-01 6.694207e-01 6.321233e-01 6.896705e-01 1.950688e-01 2.404099e-01 6.221270e-01 8.185784e-01 7.536144e-01 6.363201e-01 6.748972e-01 8.434351e-01 7.511929e-01 6.921389e-01 4.844874e-01 1.049290e-01 7.650840e-01 7.437394e-01 2.947984e-01 
102 1429 0 0 0 1.963409e-01 4.593080e-01 5.143491e-01 1.134617e-01 2.281955e-01 8.591385e-01 6.772677e-01 1.934334e-01 4.222870e-01 2.147941e-01 2.529883e-01 3.496413e-01 3.217780e-01 1.461844e-01 7.550554e-01 5.529022e-01 5.935551e-01 5.131636e-01 7.943849e-01 1.488905e-01 1.934724e-01 6.053663e-01 8.039625e-01 7.728637e-01 6.287492e-01 6.284825e-01 8.849323e-01 7.268792e-01 6.048543e-01 4.445895e-01 1.124342e-01 8.744011e-01 7.907579e-01 2.634830e-01 
103 1443 0 0 0 1.060419e-01 4.806898e-01 4.797686e-01 1.761107e-01 2.853614e-01 8.941017e-01 7.800010e-01 1.996541e-01 3.848556e-01 1.361575e-01 3.034973e-01 3.684457e-01 2.528294e-01 1.146859e-01 7.348437e-01 7.297932e-01 5.284999e-01 3.928816e-01 8.098888e-01 1.423967e-01 1.944739e-01 5.915167e-01 6.912459e-01 7.540857e-01 6.124294e-01 4.923576e-01 8.886141e-01 6.312646e-01 5.838321e-01 4.294987e-01 1.940263e-01 8.601390e-01 9.274627e-01 2.660868e-01 
104 1457 0 0 0 1.264663e-01 3.693108e-01 4.815727e-01 5.462734e-02 2.550857e-01 9.125996e-01 8.579476e-01 2.235664e-01 3.785185e-01 2.319657e-01 2.643222e-01 3.752454e-01 2.100449e-01 8.113554e-02 8.452644e-01 6.616057e-01 5.192077e-01 2.776098e-01 8.125793e-01 1.022113e-01 3.579986e-01 5.458842e-01 7.508526e-01 7.666450e-01 5.546433e-01 4.810347e-01 9.316569e-01 4.661113e-01 5.753569e-01 4.666019e-01 1.562130e-01 8.606434e-01 8.712691e-01 4.042270e-01 
105 1471 0 0 0 1.296910e-01 4.288797e-01 4.501777e-01 1.549832e-01 2.692645e-01 8.317947e-01 8.211402e-01 2.507164e-01 3.716200e-01 2.379399e-01 2.054136e-01 3.995950e-01 1.622960e-01 1.656105e-01 8.475149e-01 5.813546e-01 5.775704e-01 3.663696e-01 7.326935e-01 2.111719e-01 4.234428e-01 4.903248e-01 7.805253e-01 7.535861e-01 5.890503e-01 5.507540e-01 9.164014e-01 5.355620e-01 5.492349e-01 5.409684e-01 2.232396e-01 6.650463e-01 9.180712e-01 4.404415e-01 
106 1485 0 0 0 2.053080e-01 4.732326e-01 3.983009e-01 1.428491e-01 1.970975e-01 7.738852e-01 7.831761e-01 2.743742e-01 4.171892e-01 1.961853e-01 2.328040e-01 4.082265e-01 1.556948e-01 2.298925e-01 8.768276e-01 6.018918e-01 7.087825e-01 3.164697e-01 6.535811e-01 2.835927e-01 4.518311e-01 5.018668e-01 7.586642e-01 6.564228e-01 5.616213e-01 5.501987e-01 8.307517e-01 4.940436e-01 4.575448e-01 5.663190e-01 2.041119e-01 5.955102e-01 8.891656e-01 5.045289e-01 
107 1499 0 0 0 2.047039e-01 3.233113e-01 4.774713e-01 9.987147e-02 1.880302e-01 7.121156e-01 5.981621e-01 3.047391e-01 4.061057e-01 2.431976e-01 2.890110e-01 5.094043e-01 1.581945e-01 2.270022e-01 8.283347e-01 6.022780e-01 6.552712e-01 2.546218e-01 6.480541e-01 3.162678e-01 4.623140e-01 4.443547e-01 7.684703e-01 5.465327e-01 4.702062e-01 5.816588e-01 8.402240e-01 5.762331e-01 4.644644e-01 5.360827e-01 1.716671e-01 6.068409e-01 9.561163e-01 5.682913e-01 
108 1513 0 0 0 1.391931e-01 2.627691e-01 4.729561e-01 2.096313e-01 8.397277e-02 8.365131e-01 6.050755e-01 2.866903e-01 4.793335e-01 2.875809e-01 3.553722e-01 4.103253e-01 1.890978e-01 3.290974e-01 8.513263e-01 5.184066e-01 7.051232e-01 2.828902e-01 6.974870e-01 3.738696e-01 4.805784e-01 3.548755e-01 7.146899e-01 5.567629e-01 4.903929e-01 6.240676e-01 8.065150e-01 4.734441e-01 3.854533e-01 5.987815e-01 1.886849e-01 5.963156e-01 8.556100e-01 5.086361e-01 
109 1527 0 0 0 2.326572e-01 2.951213e-01 5.243042e-01 1.560709e-01 6.475720e-02 8.379812e-01 5.469297e-01 2.828479e-01 4.137757e-01 2.793473e-01 3.234321e-01 3.836720e-01 3.958236e-01 4.122417e-01 8.337882e-01 6.161230e-01 7.459464e-01 1.705902e-01 6.003409e-01 4.537592e-01 4.237584e-01 3.094502e-01 7.673305e-01 4.858695e-01 5.431461e-01 6.495878e-01 8.497432e-01 4.230070e-01 4.147478e-01 6.452720e-01 2.747761e-01 6.997255e-01 7.889704e-01 4.386061e-01 
110 1541 0 0 0 1.529919e-01 2.654498e-01 4.921524e-01 2.116072e-01 2.569197e-01 8.243374e-01 5.341748e-01 3.357819e-01 4.725875e-01 2.147530e-01 3.902344e-01 2.871314e-01 4.477245e-01 4.164790e-01 7.663802e-01 7.061353e-01 6.509241e-01 3.423366e-01 5.488165e-01 4.173468e-01 4.402060e-01 3.707343e-01 7.368272e-01 5.435110e-01 6.244149e-01 6.587412e-01 7.944861e-01 4.506121e-01 6.200653e-01 5.869161e-01 2.383204e-01 7.475937e-01 7.367066e-01 3.431744e-01 
111 1555 0 0 0 2.339767e-01 2.696430e-01 4.145465e-01 3.893241e-01 2.401785e-01 7.760474e-01 4.033078e-01 2.961335e-01 5.380906e-01 3.076529e-01 4.681597e-01 1.754284e-01 4.454921e-01 3.140437e-01 7.044757e-01 7.215260e-01 6.891609e-01 3.928256e-01 5.463210e-01 3.929821e-01 4.413707e-01 4.131874e-01 6.338008e-01 4.535741e-01 6.125016e-01 5.193178e-01 8.457359e-01 2.936311e-01 7.140824e-01 5.559452e-01 1.813529e-01 8.602655e-01 5.902041e-01 4.062373e-01 
112 1569 0 0 0 2.866817e-01 3.074267e-01 3.717773e-01 4.286880e-01 3.420579e-01 7.225405e-01 4.085699e-01 2.907924e-01 4.457063e-01 4.425184e-01 4.469538e-01 3.884496e-01 3.510270e-01 3.201177e-01 7.025446e-01 6.231001e-01 6.843796e-01 4.409121e-01 5.663713e-01 3.588188e-01 4.957382e-01 3.796936e-01 6.715104e-01 4.443138e-01 6.230973e-01 4.351117e-01 8.514424e-01 3.509839e-01 6.210705e-01 4.395950e-01 1.635951e-01 8.130857e-01 5.931914e-01 3.801674e-01 
113 1583 0 0 0 1.947299e-01 2.586559e-01 4.414676e-01 3.851200e-01 3.254537e-01 6.778550e-01 4.115046e-01 2.628589e-01 3.932197e-01 3.858788e-01 2.289016e-01 2.774140e-01 3.509125e-01 2.558722e-01 6.446384e-01 6.461078e-01 6.909804e-01 4.403010e-01 6.372945e-01 3.183281e-01 5.024371e-01 4.486637e-01 6.590197e-01 5.207393e-01 6.555689e-01 5.105685e-01 8.235565e-01 3.385981e-01 7.165768e-01 3.905521e-01 1.740238e-01 7.273987e-01 4.853057e-01 3.206514e-01 
114 1597 0 0 0 1.983805e-01 1.254408e-01 3.924900e-01 4.406891e-01 4.121246e-01 8.052199e-01 5.904651e-01 3.434011e-01 5.010977e-01 2.273997e-01 1.160333e-01 3.208683e-01 4.469183e-01 1.917858e-01 4.253784e-01 4.921504e-01 6.758759e-01 3.931632e-01 7.591711e-01 3.341781e-01 3.936641e-01 5.498537e-01 5.546686e-01 6.604214e-01 5.391604e-01 4.474755e-01 8.883027e-01 2.786967e-01 8.262071e-01 3.375706e-01 1.484520e-01 8.110986e-01 4.505017e-01 1.932305e-01 
115 1611 0 0 0 1.409569e-01 1.246569e-01 3.775907e-01 5.846782e-01 3.357446e-01 7.989475e-01 5.682643e-01 3.830309e-01 5.116515e-01 1.629315e-01 2.190093e-01 2.022384e-01 5.087260e-01 2.350138e-01 2.928382e-01 6.202837e-01 5.893798e-01 4.433613e-01 7.362299e-01 5.496743e-01 3.079016e-01 5.572374e-01 5.017899e-01 7.331408e-01 3.733679e-01 4.119991e-01 8.897152e-01 4.129638e-01 7.619381e-01 1.655526e-01 9.442399e-02 7.353608e-01 4.524241e-01 3.869855e-01 
116 1625 0 0 0 1.869357e-01 1.201883e-01 3.459126e-01 6.593092e-01 2.752989e-01 8.375450e-01 7.216522e-01 3.194593e-01 5.102002e-01 1.769723e-01 2.191598e-01 3.222015e-01 3.242592e-01 2.789747e-01 3.979975e-01 5.770845e-01 6.146225e-01 5.838263e-01 6.623826e-01 4.341258e-01 2.941581e-01 4.564208e-01 6.588357e-01 4.910998e-01 3.420052e-01 4.215228e-01 8.532162e-01 5.515102e-01 5.798623e-01 1.195343e-01 1.727303e-01 7.526854e-01 4.346833e-01 5.293518e-01 
117 1639 0 0 0 1.382075e-01 1.211182e-01 4.282218e-01 6.257566e-01 3.797453e-01 8.717189e-01 7.549376e-01 1.938583e-01 5.974132e-01 1.672652e-01 2.347250e-01 3.791848e-01 2.927789e-01 5.279341e-01 2.821604e-01 5.487092e-01 7.615998e-01 5.490833e-01 5.369172e-01 5.153588e-01 2.025695e-01 3.511805e-01 5.737080e-01 4.850009e-01 3.555300e-01 3.544696e-01 7.982566e-01 6.002071e-01 6.327426e-01 1.584098e-01 2.446335e-01 7.216669e-01 4.878314e-01 6.048941e-01 
118 1653 0 0 0 2.172467e-01 1.330537e-01 4.823484e-01 5.665077e-01 2.762520e-01 7.477541e-01 6.553320e-01 3.505798e-01 5.548490e-01 2.312769e-01 2.542467e-01 3.456733e-01 2.146010e-01 5.891407e-01 4.381430e-01 4.534122e-01 8.575847e-01 4.491338e-01 4.896757e-01 6.223997e-01 1.945442e-01 4.798413e-01 4.456636e-01 5.295466e-01 3.994895e-01 5.856652e-01 9.248733e-01 6.413006e-01 6.877444e-01 2.188068e-01 4.522502e-01 7.960344e-01 5.471563e-01 4.668404e-01 
119 1667 0 0 0 2.477450e-01 1.921788e-01 4.110252e-01 6.230560e-01 4.129605e-01 8.882356e-01 7.194825e-01 3.141559e-01 5.124472e-01 2.928801e-01 3.532785e-01 3.045353e-01 2.006723e-01 6.052661e-01 4.470145e-01 4.095489e-01 8.505587e-01 3.502057e-01 5.097456e-01 6.184271e-01 1.569803e-01 4.727855e-01 4.688086e-01 5.106901e-01 4.699412e-01 4.166805e-01 9.362236e-01 6.828047e-01 6.768350e-01 2.581742e-01 4.395482e-01 8.314335e-01 6.836217e-01 4.125263e-01 
120 1681 0 0 0 4.037095e-01 2.486623e-01 5.593311e-01 6.028156e-01 3.132431e-01 8.551472e-01 7.984468e-01 3.063766e-01 6.266169e-01 3.607490e-01 3.652124e-01 1.557102e-01 2.351233e-01 6.475551e-01 4.552220e-01 3.718288e-01 9.121026e-01 1.762689e-01 4.552071e-01 4.422379e-01 1.883366e-01 4.975518e-01 5.212919e-01 4.528364e-01 5.504745e-01 3.441815e-01 8.967215e-01 7.971061e-01 7.999922e-01 3.234482e-01 4.798733e-01 7.120562e-01 6.187202e-01 4.799758e-01 
121 1695 0 0 0 4.184906e-01 2.784351e-01 5.187273e-01 4.924208e-01 2.735297e-01 8.442373e-01 7.538391e-01 3.609836e-01 7.634878e-01 3.083925e-01 2.488708e-01 7.539633e-02 2.617879e-01 7.178974e-01 6.221452e-01 3.867376e-01 9.610670e-01 2.671688e-01 5.501916e-01 4.560624e-01 1.874639e-01 4.154419e-01 4.293627e-01 4.968787e-01 6.533812e-01 4.803208e-01 8.849657e-01 7.439385e-01 6.940804e-01 4.930014e-01 6.183104e-01 7.308927e-01 4.900482e-01 4.174656e-01 
122 1709 0 0 0 4.589842e-01 5.293388e-01 5.547243e-01 5.146364e-01 1.779711e-01 7.603070e-01 6.393680e-01 3.724096e-01 7.628287e-01 3.365061e-01 2.904264e-01 1.994009e-01 4.161387e-01 5.248971e-01 6.607762e-01 5.232286e-01 8.879352e-01 4.135803e-01 5.268925e-01 4.953542e-01 2.208340e-01 3.384186e-01 4.297963e-01 5.568432e-01 6.923108e-01 5.190273e-01 8.476065e-01 7.876331e-01 6.910777e-01 5.157800e-01 5.856569e-01 6.160451e-01 3.396496e-01 3.229819e-01 
123 1723 0 0 0 4.445604e-01 6.470496e-01 6.152949e-01 4.766069e-01 7.752366e-02 6.672894e-01 6.960755e-01 2.995377e-01 6.441034e-01 3.441452e-01 3.616767e-01 2.319568e-01 4.096686e-01 4.382492e-01 7.426076e-01 6.126474e-01 7.520184e-01 4.210908e-01 4.216184e-01 3.788024e-01 1.500105e-01 3.741011e-01 4.191058e-01 4.191397e-01 7.228355e-01 4.500347e-01 8.475103e-01 6.845425e-01 7.397558e-01 7.183898e-01 6.224338e-01 5.508557e-01 2.861174e-01 3.861779e-01 
124 1737 0 0 0 4.234253e-01 6.428168e-01 6.930030e-01 4.578801e-01 1.056809e-01 6.636743e-01 8.059381e-01 2.242770e-01 6.151547e-01 2.191167e-01 4.205180e-01 2.974373e-01 4.755323e-01 5.420300e-01 5.886858e-01 6.097004e-01 7.773965e-01 4.672573e-01 4.187102e-01 3.222200e-01 1.829311e-01 3.510588e-01 4.805603e-01 4.235848e-01 7.872766e-01 4.692402e-01 7.804395e-01 6.448505e-01 7.461990e-01 6.722774e-01 7.883328e-01 4.706506e-01 3.622918e-01 3.319667e-01 
125 1751 0 0 0 5.457110e-01 6.855248e-01 5.997797e-01 3.408526e-01 2.564031e-01 6.306286e-01 7.744697e-01 2.069882e-01 6.173084e-01 2.667309e-01 4.963674e-01 3.445839e-01 4.390370e-01 4.847044e-01 5.738723e-01 6.016155e-01 7.207766e-01 5.391112e-01 5.527694e-01 3.723652e-01 2.542074e-01 3.237447e-01 4.912528e-01 5.174544e-01 7.442271e-01 5.473156e-01 7.094999e-01 6.994530e-01 7.899146e-01 6.242617e-01 7.079096e-01 5.066795e-01 2.028602e-01 3.347776e-01 
126 1765 0 0 0 5.489230e-01 7.984335e-01 6.385441e-01 3.763699e-01 2.546098e-01 6.533140e-01 6.942093e-01 2.822137e-01 5.587706e-01 3.422031e-01 3.941510e-01 3.998036e-01 5.664905e-01 5.216927e-01 6.248609e-01 6.261779e-01 6.161628e-01 5.241503e-01 5.899549e-01 5.207308e-01 3.216071e-01 4.262229e-01 5.484094e-01 5.351991e-01 6.276511e-01 5.990058e-01 7.636820e-01 7.487910e-01 7.187227e-01 5.848097e-01 6.784718e-01 5.194897e-01 2.831648e-01 4.664167e-01 
127 1779 0 0 0 5.114802e-01 7.629995e-01 6.411598e-01 3.026029e-01 2.471608e-01 7.534546e-01 6.803046e-01 2.759739e-01 6.249787e-01 3.042163e-01 2.401677e-01 3.599810e-01 6.726068e-01 4.083032e-01 5.705013e-01 6.658362e-01 5.627515e-01 5.045221e-01 7.533774e-01 6.815847e-01 2.017144e-01 4.690179e-01 5.276595e-01 5.481743e-01 6.145821e-01 5.578883e-01 6.920518e-01 7.166366e-01 7.627720e-01 5.695850e-01 6.298461e-01 4.881381e-01 4.123414e-01 2.717557e-01 
128 1793 0 0 0 5.499050e-01 6.974563e-01 7.392949e-01 3.118972e-01 3.479732e-01 8.620931e-01 6.906136e-01 2.571800e-01 7.631109e-01 1.921091e-01 1.669521e-01 2.963741e-01 8.039213e-01 2.438033e-01 5.999774e-01 6.951741e-01 5.957036e-01 5.325388e-01 7.118883e-01 7.041525e-01 3.648133e-01 6.287913e-01 6.279154e-01 4.388611e-01 6.188862e-01 3.680783e-01 6.316423e-01 8.251252e-01 7.854947e-01 7.450653e-01 4.877015e-01 6.355891e-01 3.796715e-01 2.586693e-01 
129 1807 0 0 0 5.636722e-01 6.734319e-01 7.197077e-01 4.382076e-01 3.690510e-01 7.740862e-01 6.104488e-01 2.227362e-01 6.913708e-01 2.447177e-01 2.242821e-01 2.115207e-01 9.036345e-01 2.495787e-01 6.305506e-01 7.775311e-01 7.362546e-01 4.081562e-01 6.607000e-01 7.023705e-01 3.779459e-01 6.357597e-01 7.959260e-01 4.486313e-01 7.067252e-01 3.818498e-01 6.090729e-01 7.562274e-01 8.693360e-01 7.736441e-01 5.460757e-01 6.550037e-01 3.968782e-01 2.154977e-01 
130 1821 0 0 0 4.748651e-01 6.186803e-01 7.250356e-01 4.345076e-01 2.978202e-01 8.604383e-01 5.657268e-01 8.086663e-02 5.658597e-01 1.846013e-01 1.559210e-01 2.509772e-01 8.406897e-01 3.042243e-01 6.399382e-01 8.402981e-01 7.559203e-01 4.144343e-01 5.586650e-01 7.049072e-01 4.020787e-01 6.759648e-01 9.839571e-01 3.017437e-01 6.380274e-01 3.900805e-01 5.659365e-01 6.835574e-01 8.072605e-01 6.483368e-01 5.214904e-01 6.937290e-01 4.071754e-01 2.224331e-01 
131 1835 0 0 0 5.416876e-01 4.698910e-01 7.098634e-01 5.147570e-01 2.474945e-01 8.249556e-01 5.824688e-01 1.187990e-01 5.348730e-01 3.282273e-01 1.526439e-01 3.098453e-01 8.459643e-01 3.201470e-01 6.952616e-01 7.360001e-01 7.138941e-01 3.514411e-01 6.618425e-01 6.563330e-01 4.778064e-01 7.109741e-01 8.792701e-01 4.389608e-01 7.266747e-01 3.628301e-01 3.925627e-01 7.260226e-01 9.054257e-01 5.556084e-01 3.770553e-01 7.467787e-01 3.419235e-01 1.366489e-01 
132 1849 0 0 0 6.373695e-01 4.306800e-01 7.410706e-01 4.622315e-01 2.000617e-01 7.164253e-01 6.570790e-01 2.587832e-01 4.440913e-01 4.696074e-01 1.620093e-01 2.913268e-01 8.041576e-01 2.754778e-01 7.967882e-01 7.199455e-01 6.744793e-01 3.077974e-01 6.276530e-01 6.577583e-01 4.586751e-01 7.456597e-01 7.877932e-01 4.527055e-01 7.994862e-01 4.644519e-01 5.826040e-01 7.436026e-01 8.955729e-01 4.596105e-01 3.050429e-01 8.830385e-01 4.885239e-01 1.616634e-01 
133 1863 0 0 0 6.651419e-01 5.092321e-01 6.980376e-01 3.688010e-01 1.852276e-01 6.649937e-01 7.170581e-01 2.209781e-01 3.949354e-01 5.663091e-01 2.856125e-01 2.010869e-01 7.721640e-01 2.900080e-01 7.911645e-01 7.819342e-01 6.712646e-01 2.588359e-01 4.859208e-01 8.152190e-01 5.374856e-01 7.185416e-01 6.683928e-01 3.611136e-01 8.819239e-01 4.815306e-01 6.438932e-01 8.333911e-01 8.529309e-01 5.219158e-01 3.232618e-01 8.332937e-01 3.371424e-01 2.489858e-01 
134 1877 0 0 0 5.529761e-01 4.604568e-01 7.265822e-01 4.206767e-01 2.206059e-01 8.074380e-01 6.996030e-01 1.696409e-01 3.858075e-01 5.732956e-01 2.935763e-01 1.938524e-01 7.780084e-01 2.282251e-01 7.933851e-01 7.846172e-01 7.242352e-01 3.213372e-01 4.285249e-01 6.778784e-01 4.010186e-01 6.953994e-01 7.085490e-01 2.886856e-01 8.783095e-01 3.146791e-01 6.853403e-01 8.210881e-01 8.696208e-01 4.222222e-01 4.826062e-01 7.906481e-01 3.519352e-01 1.872691e-01 
135 1891 0 0 0 7.316840e-01 4.322496e-01 7.488514e-01 3.734151e-01 1.479567e-01 7.040170e-01 6.258986e-01 2.894539e-01 3.669686e-01 5.087888e-01 2.850047e-01 2.091500e-01 7.962533e-01 2.463670e-01 7.197521e-01 6.486188e-01 7.965658e-01 3.772566e-01 4.130871e-01 7.545668e-01 4.574501e-01 6.683962e-01 6.644991e-01 2.574126e-01 7.805749e-01 2.736512e-01 7.412090e-01 8.032676e-01 7.494505e-01 5.442636e-01 4.925064e-01 7.422413e-01 4.469348e-01 1.812973e-01 
136 1905 0 0 0 7.542369e-01 4.266620e-01 8.225308e-01 3.965625e-01 1.858635e-01 7.432144e-01 6.043983e-01 3.356992e-01 3.244459e-01 5.922520e-01 2.772428e-01 2.691782e-01 7.809806e-01 2.839710e-01 6.741696e-01 6.966556e-01 7.903000e-01 3.532695e-01 3.362595e-01 7.765448e-01 3.982485e-01 5.322141e-01 4.928850e-01 3.190475e-01 7.824151e-01 1.898731e-01 7.726049e-01 8.110702e-01 7.950923e-01 5.370542e-01 4.717081e-01 7.697949e-01 4.217911e-01 2.645268e-01 
137 1919 0 0 0 8.113107e-01 3.033316e-01 7.361418e-01 4.214599e-01 1.182451e-01 7.009074e-01 6.519698e-01 2.576691e-01 2.620931e-01 5.482360e-01 2.266660e-01 2.536071e-01 7.257346e-01 3.069545e-01 6.690749e-01 6.984775e-01 8.534817e-01 3.885020e-01 3.681974e-01 7.120713e-01 3.286868e-01 4.745081e-01 4.322956e-01 4.063379e-01 8.021727e-01 1.209462e-01 6.780647e-01 8.775633e-01 7.461254e-01 4.879287e-01 5.979204e-01 7.115185e-01 3.428541e-01 2.579548e-01 
138 1933 0 0 0 7.479168e-01 3.503860e-01 7.850052e-01 5.089709e-01 1.567008e-01 6.529400e-01 6.779256e-01 2.274190e-01 3.338372e-01 4.633336e-01 2.986325e-01 1.781730e-01 8.560932e-01 3.510963e-01 6.838626e-01 6.982180e-01 8.836557e-01 4.024405e-01 4.168884e-01 6.909893e-01 2.834319e-01 4.380091e-01 3.477191e-01 4.675750e-01 6.852807e-01 8.653925e-02 6.463424e-01 8.751952e-01 7.682771e-01 4.568264e-01 4.355881e-01 7.714550e-01 3.764338e-01 2.383399e-01 
139 1947 0 0 0 6.513870e-01 3.150389e-01 8.127256e-01 5.520839e-01 1.331459e-01 7.401481e-01 6.697425e-01 2.705700e-01 2.588491e-01 4.599924e-01 1.974778e-01 2.839324e-01 8.011418e-01 3.675171e-01 6.270693e-01 7.139821e-01 8.726195e-01 3.876476e-01 3.669338e-01 6.678178e-01 3.447100e-01 3.865676e-01 3.109317e-01 3.892157e-01 6.084691e-01 8.523703e-02 6.602562e-01 7.889362e-01 7.647903e-01 5.514438e-01 5.022061e-01 6.980504e-01 5.525200e-01 4.187526e-01 
140 1961 0 0 0 7.098615e-01 2.731766e-01 7.543690e-01 6.223668e-01 1.728277e-01 7.255375e-01 6.428364e-01 3.139554e-01 3.386580e-01 4.738896e-01 2.188765e-01 3.117919e-01 8.050614e-01 3.108951e-01 6.703356e-01 7.121131e-01 8.576611e-01 3.096328e-01 3.570149e-01 6.543409e-01 3.312983e-01 3.278629e-01 3.573285e-01 3.212372e-01 5.322532e-01 1.731185e-01 8.296724e-01 7.480040e-01 8.554581e-01 5.692245e-01 6.049974e-01 7.195395e-01 5.702818e-01 3.625326e-01 
141 1975 0 0 0 6.933594e-01 3.424384e-01 6.825022e-01 5.700113e-01 2.571075e-01 8.457288e-01 5.227515e-01 4.365999e-01 4.147051e-01 5.135567e-01 3.204753e-01 2.172417e-01 8.292308e-01 1.856830e-01 7.491807e-01 7.823301e-01 7.733271e-01 4.359576e-01 3.430086e-01 7.428584e-01 3.464810e-01 2.792615e-01 4.134446e-01 3.106394e-01 5.617454e-01 2.844652e-01 7.801166e-01 5.321861e-01 7.191943e-01 6.113330e-01 6.409924e-01 7.601429e-01 5.619906e-01 4.348906e-01 
142 1989 0 0 0 7.357438e-01 2.186488e-01 6.395866e-01 4.888937e-01 2.706427e-01 9.080433e-01 6.309917e-01 4.546309e-01 2.957681e-01 6.131542e-01 3.575349e-01 2.371040e-01 8.033076e-01 2.927890e-01 8.263742e-01 6.345449e-01 6.983104e-01 4.657037e-01 2.506710e-01 7.292754e-01 3.843381e-01 2.891158e-01 5.023562e-01 3.319994e-01 5.345509e-01 2.128654e-01 6.398523e-01 4.839540e-01 7.042183e-01 7.056803e-01 6.529597e-01 7.187955e-01 5.348316e-01 6.421649e-01 
143 2003 0 0 0 8.223190e-01 4.166759e-01 6.955004e-01 4.654090e-01 2.148235e-01 8.139718e-01 4.765334e-01 4.233345e-01 3.399177e-01 6.391378e-01 4.527080e-01 2.545996e-01 8.699692e-01 2.434774e-01 9.015404e-01 6.951133e-01 7.471875e-01 4.658141e-01 1.653591e-01 7.457092e-01 3.356620e-01 2.128853e-01 4.718963e-01 2.298954e-01 6.018480e-01 3.380799e-01 7.185969e-01 5.407210e-01 7.671440e-01 8.017987e-01 7.030374e-01 7.401648e-01 6.225260e-01 5.444369e-01 
144 2017 0 0 0 6.805905e-01 3.444716e-01 6.758525e-01 3.919223e-01 2.327351e-01 7.480900e-01 3.644356e-01 2.909107e-01 2.498665e-01 7.016894e-01 4.817388e-01 3.284858e-01 8.920916e-01 1.991624e-01 9.082386e-01 6.991831e-01 7.504524e-01 4.084367e-01 1.864508e-01 6.314222e-01 2.288845e-01 2.027528e-01 4.958769e-01 2.982560e-01 5.843394e-01 3.956486e-01 6.877326e-01 5.691139e-01 7.639221e-01 7.605329e-01 5.829568e-01 5.351549e-01 6.712095e-01 5.414138e-01 
145 2031 0 0 0 6.313221e-01 2.787854e-01 5.677366e-01 3.895190e-01 3.755660e-01 7.458898e-01 5.872638e-01 2.288790e-01 4.055940e-01 7.317926e-01 5.361788e-01 3.773892e-01 8.616553e-01 2.393333e-01 6.545341e-01 6.551252e-01 6.843157e-01 2.949624e-01 1.875312e-01 8.236727e-01 2.319052e-01 1.716745e-01 5.267421e-01 2.195636e-01 5.112783e-01 3.901621e-01 6.969346e-01 3.992101e-01 6.997673e-01 7.302787e-01 4.796709e-01 5.690590e-01 6.827248e-01 7.471877e-01 
146 2045 0 0 0 6.012729e-01 4.451597e-01 5.768209e-01 4.978780e-01 4.880300e-01 8.616461e-01 6.420048e-01 3.534561e-01 4.348576e-01 6.815940e-01 5.744072e-01 4.470409e-01 7.630098e-01 2.421252e-01 7.717595e-01 7.110721e-01 6.395969e-01 3.042418e-01 3.137395e-01 7.853801e-01 2.042494e-01 9.800028e-02 4.987258e-01 2.240466e-01 4.959763e-01 4.168945e-01 7.133236e-01 4.278504e-01 6.959778e-01 6.951147e-01 4.118698e-01 6.492392e-01 5.767997e-01 6.891037e-01 
147 2059 0 0 0 6.955448e-01 5.838734e-01 5.323837e-01 5.527060e-01 4.048647e-01 7.494066e-01 6.497514e-01 3.953760e-01 3.726190e-01 7.377879e-01 6.045389e-01 4.756837e-01 6.927241e-01 2.119319e-01 8.200294e-01 6.404599e-01 6.723844e-01 4.237636e-01 3.856280e-01 7.685440e-01 3.132613e-01 1.031433e-01 4.830442e-01 1.952260e-01 5.287633e-01 4.958533e-01 7.631190e-01 3.640319e-01 6.690191e-01 7.028883e-01 3.776256e-01 4.966473e-01 5.202360e-01 7.530168e-01 
148 2073 0 0 0 7.133188e-01 5.933056e-01 5.797894e-01 5.854103e-01 3.896985e-01 7.585325e-01 6.928542e-01 3.625007e-01 4.914319e-01 7.999805e-01 6.716375e-01 5.043081e-01 7.391071e-01 2.087586e-01 7.991776e-01 6.191475e-01 6.373824e-01 4.159035e-01 5.092263e-01 7.611233e-01 3.211000e-01 1.112764e-01 5.731282e-01 2.661320e-01 4.614859e-01 3.424808e-01 7.017534e-01 3.354722e-01 6.440560e-01 5.620533e-01 4.128399e-01 4.825195e-01 4.946437e-01 7.276410e-01 
149 2087 0 0 0 7.294448e-01 6.436273e-01 6.319367e-01 5.111446e-01 3.244595e-01 8.492872e-01 7.108753e-01 3.048591e-01 4.070236e-01 6.927770e-01 7.750669e-01 5.204849e-01 6.942266e-01 2.861836e-01 8.419318e-01 6.965340e-01 5.950654e-01 5.891014e-01 5.715523e-01 7.493058e-01 2.961309e-01 1.189211e-01 5.761564e-01 3.010389e-01 4.589216e-01 3.755720e-01 6.318115e-01 3.520525e-01 6.517100e-01 6.257925e-01 5.039085e-01 4.048686e-01 4.564574e-01 8.364107e-01 
150 2101 0 0 0 7.788045e-01 6.568834e-01 3.676358e-01 5.103183e-01 3.425941e-01 8.347008e-01 6.658420e-01 2.725857e-01 5.480475e-01 7.005638e-01 8.448360e-01 5.040537e-01 7.352160e-01 2.089150e-01 7.861273e-01 4.762289e-01 7.066103e-01 4.231638e-01 7.083120e-01 6.768171e-01 4.702427e-01 2.423040e-01 6.520877e-01 3.876696e-01 3.006568e-01 5.276228e-01 7.537696e-01 6.024292e-01 7.062782e-01 5.730553e-01 3.328247e-01 5.086229e-01 3.282680e-01 8.877952e-01 
151 2115 0 0 0 8.882090e-01 7.429680e-01 4.474681e-01 4.482119e-01 4.245430e-01 7.892421e-01 4.914824e-01 1.933866e-01 6.372273e-01 6.941162e-01 8.007986e-01 6.603076e-01 5.753729e-01 2.219140e-01 7.306222e-01 4.911976e-01 4.708540e-01 3.297019e-01 4.929925e-01 6.751100e-01 4.175542e-01 3.580688e-01 7.001735e-01 2.945958e-01 4.653273e-01 5.650149e-01 7.131077e-01 6.240327e-01 5.232257e-01 6.406035e-01 2.768606e-01 5.297825e-01 4.496182e-01 8.062286e-01 
152 2129 0 0 0 7.308604e-01 8.276233e-01 5.384277e-01 2.245463e-01 3.288780e-01 7.310927e-01 5.518815e-01 2.774039e-01 6.763175e-01 5.420325e-01 7.730634e-01 5.727122e-01 6.166634e-01 1.618265e-01 6.978993e-01 4.641098e-01 5.039046e-01 2.694271e-01 6.370293e-01 6.675803e-01 4.592850e-01 4.446308e-01 6.649099e-01 2.019906e-01 5.119061e-01 5.527502e-01 6.714556e-01 5.758037e-01 5.356911e-01 6.407217e-01 2.835936e-01 3.882197e-01 3.799213e-01 8.126426e-01 
153 2143 0 0 0 7.159258e-01 6.804909e-01 5.395193e-01 2.313504e-01 2.236341e-01 7.724452e-01 3.566875e-01 2.091925e-01 8.275974e-01 6.413500e-01 6.932897e-01 5.645801e-01 5.760712e-01 1.520985e-01 7.293667e-01 2.781757e-01 5.632792e-01 1.835530e-01 6.540076e-01 4.899730e-01 5.398155e-01 5.219295e-01 6.507684e-01 2.678720e-01 5.308039e-01 5.338902e-01 6.178859e-01 7.128914e-01 5.449612e-01 6.752912e-01 3.791875e-01 4.106392e-01 4.093977e-01 8.087723e-01 
154 2157 0 0 0 7.845706e-01 5.610700e-01 5.215439e-01 2.490770e-01 2.125298e-01 7.784406e-01 3.362699e-01 2.409383e-01 7.935907e-01 7.637572e-01 7.403623e-01 5.133323e-01 3.521378e-01 1.766294e-02 7.211530e-01 3.060381e-01 5.367777e-01 2.010381e-01 6.293451e-01 6.141767e-01 5.242897e-01 5.794324e-01 7.098315e-01 4.149427e-01 4.514300e-01 5.642215e-01 5.864010e-01 5.792860e-01 8.054095e-01 7.003515e-01 4.233688e-01 4.669073e-01 3.951686e-01 7.940974e-01 
155 2171 0 0 0 7.956266e-01 7.343742e-01 6.150229e-01 2.480117e-01 4.012848e-01 6.577152e-01 3.123903e-01 3.703028e-02 7.736548e-01 8.414894e-01 6.758573e-01 5.396189e-01 4.391116e-01 -2.777597e-02 5.755593e-01 3.520737e-01 3.720596e-01 2.000143e-01 5.145057e-01 6.416424e-01 6.560739e-01 5.016132e-01 6.019388e-01 3.685393e-01 5.859998e-01 5.052628e-01 5.635049e-01 4.658178e-01 6.991996e-01 7.917100e-01 4.223837e-01 5.516106e-01 2.802149e-01 7.192104e-01 
156 2185 0 0 0 8.944725e-01 7.847092e-01 6.832902e-01 2.247350e-01 5.259599e-01 6.408723e-01 3.163160e-01 7.536609e-02 7.842580e-01 7.976594e-01 5.789592e-01 5.135348e-01 4.260465e-01 6.091998e-02 6.788221e-01 2.409991e-01 4.480923e-01 1.738412e-01 5.357825e-01 5.608260e-01 6.137360e-01 5.998049e-01 5.485563e-01 4.158729e-01 5.991306e-01 4.140102e-01 5.150656e-01 4.787018e-01 6.012527e-01 6.418927e-01 4.770358e-01 5.659878e-01 1.988110e-01 7.444121e-01 
157 2199 0 0 0 7.990454e-01 7.362248e-01 7.784231e-01 2.869568e-01 5.138992e-01 6.709784e-01 3.313264e-01 6.432920e-02 6.617728e-01 6.924421e-01 6.080462e-01 4.748558e-01 4.067618e-01 1.132364e-01 6.989463e-01 1.480975e-01 5.055266e-01 2.570244e-01 3.800388e-01 4.942513e-01 6.030484e-01 6.363233e-01 7.430710e-01 3.742466e-01 5.389967e-01 2.723541e-01 5.397016e-01 4.467411e-01 6.149715e-01 6.830529e-01 5.465195e-01 5.605917e-01 2.423858e-01 6.950724e-01 
