%  columns="iteration, evaluation, sigma, axis ratio, bestever, best, median, worst fitness function value, further objective values of best" (startseed=209547, 2023/08/29 12:15:8.48)
1 15 2.824568e-01 1.032441e+00  1.000000000000000000e+05  1.000000000000000000e+05  1.000000000000000000e+11  1.000000000000000000e+13
2 29 2.692073e-01 1.036825e+00  1.000000000000000000e+05  1.000000000000000000e+05  1.000000000000000000e+11  1.000000000000000000e+15
3 43 2.561776e-01 1.043771e+00  1.000000000000000000e+05  1.000000000000000000e+05  5.050000000000000000e+12  1.000000000000000000e+15
4 57 2.449959e-01 1.045780e+00  1.000000000000000000e+05  1.000000000000000000e+05  1.000000000000000000e+11  1.000000000000000000e+15
5 71 2.379322e-01 1.053507e+00  1.000000000000000000e+05  1.000000000000000000e+05  1.000000000000000000e+13  1.000000000000000000e+15
6 85 2.328021e-01 1.065147e+00  1.000000000000000000e+05  1.000000000000000000e+05  1.000000000000000000e+05  1.000000000000000000e+13
7 99 2.289631e-01 1.075879e+00  1.000000000000000000e+05  1.000000000000000000e+05  1.000000000000000000e+05  1.000000000000000000e+18
8 113 2.249370e-01 1.086128e+00  1.000000000000000000e+05  1.000000000000000000e+05  1.000000000000000000e+05  1.000000000000000000e+11
9 127 2.221160e-01 1.093812e+00  1.000000000000000000e+05  1.000000000000000000e+05  1.000000000000000000e+05  1.000000000000000000e+16
10 141 2.164561e-01 1.100869e+00  1.000000000000000000e+05  1.000000000000000000e+05  1.000000000000000000e+05  1.000000000000000000e+18
11 155 2.108454e-01 1.105626e+00  1.000000000000000000e+05  1.000000000000000000e+05  1.000000000000000000e+05  1.000000000000000000e+11
12 169 2.076213e-01 1.109386e+00  1.000000000000000000e+05  1.000000000000000000e+05  5.000005000000000000e+10  1.000000000000000000e+11
13 183 2.035639e-01 1.114222e+00  1.000000000000000000e+05  1.000000000000000000e+05  1.000000000000000000e+05  1.000000000000000000e+11
14 197 2.014033e-01 1.119743e+00  1.000000000000000000e+05  1.000000000000000000e+05  1.000000000000000000e+05  1.000000000000000000e+11
15 211 1.938140e-01 1.126784e+00  1.000000000000000000e+05  1.000000000000000000e+05  1.000000000000000000e+05  1.000000000000000000e+11
16 225 1.855584e-01 1.131937e+00  1.000000000000000000e+05  1.000000000000000000e+05  1.000000000000000000e+05  1.000000000000000000e+11
17 239 1.770031e-01 1.135887e+00  1.000000000000000000e+05  1.000000000000000000e+05  1.000000000000000000e+05  1.000000000000000000e+05
18 253 1.686571e-01 1.139181e+00  1.000000000000000000e+05  1.000000000000000000e+05  1.000000000000000000e+05  1.000000000000000000e+05
19 267 1.625749e-01 1.143735e+00  1.000000000000000000e+05  1.000000000000000000e+05  1.000000000000000000e+05  1.000000000000000000e+11
20 281 1.564984e-01 1.147592e+00  1.000000000000000000e+05  1.000000000000000000e+05  1.000000000000000000e+05  1.000000000000000000e+05
21 295 1.510375e-01 1.154444e+00  1.000000000000000000e+05  1.000000000000000000e+05  1.000000000000000000e+05  1.000000000000000000e+05
22 309 1.442995e-01 1.154955e+00  1.000000000000000000e+05  1.000000000000000000e+05  1.000000000000000000e+05  1.000000000000000000e+05
23 323 1.415740e-01 1.154678e+00  1.000000000000000000e+05  1.000000000000000000e+05  1.000000000000000000e+05  1.000000000000000000e+11
24 337 1.386430e-01 1.155328e+00  1.000000000000000000e+05  1.000000000000000000e+05  1.000000000000000000e+05  1.000000000000000000e+05
25 351 1.356354e-01 1.155686e+00  1.000000000000000000e+05  1.000000000000000000e+05  1.000000000000000000e+05  1.000000000000000000e+05
26 365 1.825890e-01 1.157222e+00  1.000000000000000000e+05  1.000000000000000000e+05  1.000000000000000000e+05  1.000000000000000000e+05
27 379 1.776452e-01 1.163296e+00  1.000000000000000000e+05  1.000000000000000000e+05  1.000000000000000000e+05  1.000000000000000000e+05
28 393 1.719608e-01 1.167937e+00  1.000000000000000000e+05  1.000000000000000000e+05  1.000000000000000000e+05  1.000000000000000000e+05
29 407 1.657529e-01 1.170694e+00  1.000000000000000000e+05  1.000000000000000000e+05  1.000000000000000000e+05  1.000000000000000000e+11
30 421 1.603476e-01 1.170914e+00  1.000000000000000000e+05  1.000000000000000000e+05  1.000000000000000000e+05  1.000000000000000000e+05
31 435 1.543226e-01 1.172946e+00  1.000000000000000000e+05  1.000000000000000000e+05  1.000000000000000000e+05  1.000000000000000000e+05
32 449 1.480439e-01 1.173053e+00  1.000000000000000000e+05  1.000000000000000000e+05  1.000000000000000000e+05  1.000000000000000000e+05
33 463 1.440291e-01 1.174547e+00  1.000000000000000000e+05  1.000000000000000000e+05  1.000000000000000000e+05  1.000000000000000000e+13
34 477 1.410393e-01 1.177721e+00  1.000000000000000000e+05  1.000000000000000000e+05  1.000000000000000000e+05  1.000000000000000000e+05
35 491 1.412594e-01 1.182184e+00  1.000000000000000000e+05  1.000000000000000000e+05  1.000000000000000000e+05  1.000000000000000000e+13
36 505 1.441567e-01 1.189270e+00  1.000000000000000000e+05  1.000000000000000000e+05  1.000000000000000000e+05  1.000000000000000000e+05
37 519 1.977064e-01 1.197314e+00  1.000000000000000000e+05  1.000000000000000000e+05  1.000000000000000000e+05  1.000000000000000000e+05
38 533 1.945169e-01 1.201573e+00  1.000000000000000000e+05  1.000000000000000000e+05  1.000000000000000000e+05  1.000000000000000000e+18
39 547 1.888245e-01 1.205130e+00  1.000000000000000000e+05  1.000000000000000000e+05  1.000000000000000000e+05  1.000000000000000000e+11
40 561 1.824105e-01 1.208854e+00  1.000000000000000000e+05  1.000000000000000000e+05  1.000000000000000000e+05  1.000000000000000000e+05
41 575 1.796923e-01 1.212593e+00  1.000000000000000000e+05  1.000000000000000000e+05  1.000000000000000000e+05  1.000000000000000000e+11
42 589 1.768725e-01 1.214774e+00  1.000000000000000000e+05  1.000000000000000000e+05  1.000000000000000000e+05  1.000000000000000000e+05
43 603 1.721320e-01 1.215093e+00  1.000000000000000000e+05  1.000000000000000000e+05  1.000000000000000000e+05  1.000000000000000000e+05
44 617 1.659949e-01 1.218658e+00  1.000000000000000000e+05  1.000000000000000000e+05  1.000000000000000000e+05  1.000000000000000000e+05
45 631 1.586862e-01 1.220446e+00  1.000000000000000000e+05  1.000000000000000000e+05  1.000000000000000000e+05  1.000000000000000000e+05
46 645 1.557525e-01 1.223275e+00  1.000000000000000000e+05  1.000000000000000000e+05  1.000000000000000000e+05  1.000000000000000000e+05
47 659 1.529576e-01 1.228588e+00  1.000000000000000000e+05  1.000000000000000000e+05  1.000000000000000000e+05  1.000000000000000000e+05
48 673 1.524825e-01 1.228339e+00  1.000000000000000000e+05  1.000000000000000000e+05  1.000000000000000000e+05  1.000000000000000000e+05
49 687 1.540090e-01 1.226195e+00  1.000000000000000000e+05  1.000000000000000000e+05  1.000000000000000000e+05  1.000000000000000000e+05
50 701 1.520306e-01 1.228638e+00  1.000000000000000000e+05  1.000000000000000000e+05  1.000000000000000000e+05  1.000000000000000000e+05
51 715 1.484443e-01 1.229004e+00  1.000000000000000000e+05  1.000000000000000000e+05  1.000000000000000000e+05  1.000000000000000000e+05
52 729 1.441928e-01 1.229355e+00  1.000000000000000000e+05  1.000000000000000000e+05  1.000000000000000000e+05  1.000000000000000000e+05
53 743 1.955456e-01 1.229606e+00  1.000000000000000000e+05  1.000000000000000000e+05  1.000000000000000000e+05  1.000000000000000000e+11
54 757 1.916675e-01 1.232244e+00  1.000000000000000000e+05  1.000000000000000000e+05  1.000000000000000000e+05  1.000000000000000000e+05
55 771 1.885515e-01 1.232797e+00  5.069395649452147268e+02  5.069395649452147268e+02  1.000000000000000000e+05  1.000000000000000000e+18
56 785 1.864045e-01 1.233863e+00  5.069395649452147268e+02  1.000000000000000000e+05  1.000000000000000000e+05  1.000000000000000000e+05
57 799 1.808625e-01 1.234714e+00  5.069395649452147268e+02  1.000000000000000000e+05  1.000000000000000000e+05  1.000000000000000000e+05
58 813 1.785863e-01 1.235229e+00  5.069395649452147268e+02  1.000000000000000000e+05  1.000000000000000000e+05  1.000000000000000000e+11
59 827 1.748628e-01 1.236290e+00  5.069395649452147268e+02  1.000000000000000000e+05  1.000000000000000000e+05  1.000000000000000000e+18
60 841 1.712122e-01 1.239337e+00  5.069395649452147268e+02  1.000000000000000000e+05  1.000000000000000000e+05  1.000000000000000000e+13
61 855 1.668426e-01 1.240464e+00  5.069395649452147268e+02  1.000000000000000000e+05  1.000000000000000000e+05  1.000000000000000000e+05
62 869 1.620583e-01 1.241934e+00  5.069395649452147268e+02  1.000000000000000000e+05  1.000000000000000000e+05  1.000000000000000000e+05
63 883 1.588709e-01 1.244748e+00  5.069395649452147268e+02  1.000000000000000000e+05  1.000000000000000000e+05  1.000000000000000000e+05
64 897 1.548361e-01 1.247912e+00  5.069395649452147268e+02  1.000000000000000000e+05  1.000000000000000000e+05  1.000000000000000000e+05
65 911 1.479946e-01 1.249713e+00  5.069395649452147268e+02  1.000000000000000000e+05  1.000000000000000000e+05  1.000000000000000000e+05
66 925 1.438251e-01 1.255617e+00  5.069395649452147268e+02  1.000000000000000000e+05  1.000000000000000000e+05  1.000000000000000000e+05
67 939 1.368441e-01 1.261506e+00  5.069395649452147268e+02  1.000000000000000000e+05  1.000000000000000000e+05  1.000000000000000000e+05
68 953 1.311860e-01 1.262046e+00  5.069395649452147268e+02  1.000000000000000000e+05  1.000000000000000000e+05  1.000000000000000000e+05
69 967 1.797009e-01 1.261760e+00  5.069395649452147268e+02  1.000000000000000000e+05  1.000000000000000000e+05  1.000000000000000000e+05
70 981 1.770717e-01 1.266301e+00  5.069395649452147268e+02  1.000000000000000000e+05  1.000000000000000000e+05  1.000000000000000000e+05
71 995 1.728683e-01 1.265210e+00  5.069395649452147268e+02  1.000000000000000000e+05  1.000000000000000000e+05  1.000000000000000000e+11
72 1009 2.324935e-01 1.267646e+00  5.069395649452147268e+02  1.000000000000000000e+05  1.000000000000000000e+05  1.000000000000000000e+11
73 1023 2.239415e-01 1.270292e+00  5.069395649452147268e+02  1.000000000000000000e+05  1.000000000000000000e+05  1.000000000000000000e+05
74 1037 2.147665e-01 1.274986e+00  5.069395649452147268e+02  1.000000000000000000e+05  1.000000000000000000e+05  1.000000000000000000e+18
75 1051 2.057981e-01 1.276751e+00  5.069395649452147268e+02  1.357979483129291111e+03  1.000000000000000000e+05  1.000000000000000000e+11
76 1065 1.964560e-01 1.277752e+00  5.069395649452147268e+02  2.783681137063146707e+03  1.000000000000000000e+05  1.000000000000000000e+11
77 1079 1.917300e-01 1.280394e+00  5.069395649452147268e+02  1.466450952556191169e+03  1.000000000000000000e+05  1.000000000000000000e+12
78 1093 1.852718e-01 1.283567e+00  5.069395649452147268e+02  1.000000000000000000e+05  1.000000000000000000e+05  1.000000000000000000e+05
79 1107 1.756035e-01 1.286431e+00  5.069395649452147268e+02  1.026892912782737540e+03  1.000000000000000000e+05  1.000000000000000000e+18
80 1121 1.662746e-01 1.286741e+00  5.069395649452147268e+02  1.000000000000000000e+05  1.000000000000000000e+05  1.000000000000000000e+05
81 1135 2.209095e-01 1.288840e+00  5.069395649452147268e+02  1.000000000000000000e+05  1.000000000000000000e+05  1.000000000000000000e+05
82 1149 2.143494e-01 1.289802e+00  5.069395649452147268e+02  1.000000000000000000e+05  1.000000000000000000e+05  1.000000000000000000e+15
83 1163 2.038137e-01 1.294847e+00  5.069395649452147268e+02  1.000000000000000000e+05  1.000000000000000000e+05  1.000000000000000000e+05
84 1177 1.988987e-01 1.301563e+00  5.069395649452147268e+02  3.313138541621813147e+03  1.000000000000000000e+05  1.000000000000000000e+11
85 1191 1.928780e-01 1.303660e+00  5.069395649452147268e+02  1.000000000000000000e+05  1.000000000000000000e+05  1.000000000000000000e+13
86 1205 1.910414e-01 1.307819e+00  5.069395649452147268e+02  1.000000000000000000e+05  1.000000000000000000e+05  1.000000000000000000e+11
87 1219 1.865003e-01 1.310743e+00  5.069395649452147268e+02  1.000000000000000000e+05  1.000000000000000000e+05  1.000000000000000000e+13
88 1233 1.791276e-01 1.311024e+00  5.069395649452147268e+02  1.000000000000000000e+05  1.000000000000000000e+05  1.000000000000000000e+13
89 1247 1.730137e-01 1.317004e+00  5.069395649452147268e+02  1.000000000000000000e+05  1.000000000000000000e+05  1.000000000000000000e+05
90 1261 1.670688e-01 1.317587e+00  5.069395649452147268e+02  1.000000000000000000e+05  1.000000000000000000e+05  1.000000000000000000e+05
91 1275 1.592303e-01 1.319871e+00  5.069395649452147268e+02  1.000000000000000000e+05  1.000000000000000000e+05  1.000000000000000000e+13
92 1289 1.501679e-01 1.320775e+00  5.069395649452147268e+02  1.000000000000000000e+05  1.000000000000000000e+05  1.000000000000000000e+11
93 1303 2.021282e-01 1.326263e+00  5.069395649452147268e+02  1.000000000000000000e+05  1.000000000000000000e+05  1.000000000000000000e+05
94 1317 1.938590e-01 1.324897e+00  5.069395649452147268e+02  1.000000000000000000e+05  1.000000000000000000e+05  1.000000000000000000e+13
95 1331 1.889350e-01 1.325746e+00  5.069395649452147268e+02  1.000000000000000000e+05  1.000000000000000000e+05  1.000000000000000000e+15
96 1345 2.559950e-01 1.327962e+00  5.069395649452147268e+02  1.000000000000000000e+05  1.000000000000000000e+05  1.000000000000000000e+11
97 1359 2.490886e-01 1.328876e+00  5.069395649452147268e+02  1.000000000000000000e+05  1.000000000000000000e+05  1.000000000000000000e+11
98 1373 2.399695e-01 1.329399e+00  5.069395649452147268e+02  1.000000000000000000e+05  1.000000000000000000e+05  1.000000000000000000e+13
99 1387 2.318043e-01 1.331104e+00  5.069395649452147268e+02  1.000000000000000000e+05  1.000000000000000000e+05  1.000000000000000000e+18
100 1401 2.237296e-01 1.333191e+00  5.069395649452147268e+02  1.000000000000000000e+05  1.000000000000000000e+05  1.000000000000000000e+11
101 1415 2.119771e-01 1.334205e+00  5.069395649452147268e+02  1.000000000000000000e+05  1.000000000000000000e+05  1.000000000000000000e+11
102 1429 2.056238e-01 1.332108e+00  5.069395649452147268e+02  1.000000000000000000e+05  1.000000000000000000e+05  1.000000000000000000e+11
103 1443 1.976945e-01 1.331247e+00  5.069395649452147268e+02  1.000000000000000000e+05  1.000000000000000000e+05  1.000000000000000000e+11
104 1457 1.900004e-01 1.334585e+00  5.069395649452147268e+02  1.000000000000000000e+05  1.000000000000000000e+05  1.000000000000000000e+11
105 1471 1.833127e-01 1.336189e+00  5.069395649452147268e+02  1.000000000000000000e+05  1.000000000000000000e+05  1.000000000000000000e+05
106 1485 2.494478e-01 1.335364e+00  5.069395649452147268e+02  1.000000000000000000e+05  1.000000000000000000e+05  1.000000000000000000e+11
107 1499 2.443540e-01 1.334825e+00  5.069395649452147268e+02  1.262260737046935674e+03  1.000000000000000000e+05  1.000000000000000000e+18
108 1513 2.384340e-01 1.331642e+00  5.069395649452147268e+02  1.000000000000000000e+05  1.000000000000000000e+05  1.000000000000000000e+15
109 1527 2.303097e-01 1.331467e+00  5.069395649452147268e+02  1.000000000000000000e+05  1.000000000000000000e+05  1.000000000000000000e+11
110 1541 2.186821e-01 1.329825e+00  5.069395649452147268e+02  1.000000000000000000e+05  1.000000000000000000e+05  1.000000000000000000e+11
111 1555 2.111195e-01 1.329703e+00  5.069395649452147268e+02  1.000000000000000000e+05  1.000000000000000000e+05  1.000000000000000000e+05
112 1569 2.054396e-01 1.328901e+00  5.069395649452147268e+02  1.000000000000000000e+05  1.000000000000000000e+05  1.000000000000000000e+05
113 1583 1.986296e-01 1.326773e+00  5.069395649452147268e+02  1.000000000000000000e+05  1.000000000000000000e+05  1.000000000000000000e+13
114 1597 1.911359e-01 1.327432e+00  5.069395649452147268e+02  1.000000000000000000e+05  1.000000000000000000e+05  1.000000000000000000e+13
115 1611 1.851426e-01 1.328931e+00  5.069395649452147268e+02  1.000000000000000000e+05  1.000000000000000000e+05  1.000000000000000000e+13
116 1625 1.807561e-01 1.330848e+00  5.069395649452147268e+02  1.000000000000000000e+05  1.000000000000000000e+05  1.000000000000000000e+05
117 1639 1.768717e-01 1.330801e+00  5.069395649452147268e+02  1.000000000000000000e+05  1.000000000000000000e+05  1.000000000000000000e+05
118 1653 1.732104e-01 1.334898e+00  5.069395649452147268e+02  1.000000000000000000e+05  1.000000000000000000e+05  1.000000000000000000e+05
119 1667 1.682091e-01 1.334600e+00  5.069395649452147268e+02  1.000000000000000000e+05  1.000000000000000000e+05  1.000000000000000000e+11
120 1681 1.624700e-01 1.337299e+00  5.069395649452147268e+02  1.000000000000000000e+05  1.000000000000000000e+05  1.000000000000000000e+05
121 1695 1.579144e-01 1.336980e+00  5.069395649452147268e+02  1.000000000000000000e+05  1.000000000000000000e+05  1.000000000000000000e+05
122 1709 1.516827e-01 1.340399e+00  5.069395649452147268e+02  1.000000000000000000e+05  1.000000000000000000e+05  1.000000000000000000e+05
123 1723 1.443350e-01 1.344504e+00  5.069395649452147268e+02  1.000000000000000000e+05  1.000000000000000000e+05  1.000000000000000000e+05
124 1737 1.367583e-01 1.343862e+00  5.069395649452147268e+02  1.000000000000000000e+05  1.000000000000000000e+05  1.000000000000000000e+05
125 1751 1.802754e-01 1.342904e+00  5.069395649452147268e+02  1.000000000000000000e+05  1.000000000000000000e+05  1.000000000000000000e+05
126 1765 1.732935e-01 1.345997e+00  5.069395649452147268e+02  1.000000000000000000e+05  1.000000000000000000e+05  1.000000000000000000e+18
127 1779 2.375875e-01 1.345641e+00  5.069395649452147268e+02  1.000000000000000000e+05  1.000000000000000000e+05  1.000000000000000000e+05
128 1793 2.354604e-01 1.344465e+00  5.069395649452147268e+02  1.000000000000000000e+05  1.000000000000000000e+05  1.000000000000000000e+18
129 1807 2.293291e-01 1.347755e+00  4.025657087874628814e+02  4.025657087874628814e+02  1.000000000000000000e+05  1.000000000000000000e+17
130 1821 2.202750e-01 1.350126e+00  4.025657087874628814e+02  1.000000000000000000e+05  1.000000000000000000e+05  1.000000000000000000e+11
131 1835 2.102382e-01 1.352315e+00  4.025657087874628814e+02  1.000000000000000000e+05  1.000000000000000000e+05  1.000000000000000000e+11
132 1849 2.064176e-01 1.350422e+00  4.025657087874628814e+02  1.000000000000000000e+05  1.000000000000000000e+05  1.000000000000000000e+11
133 1863 2.049840e-01 1.349285e+00  4.025657087874628814e+02  1.000000000000000000e+05  1.000000000000000000e+05  1.000000000000000000e+11
134 1877 2.003201e-01 1.352075e+00  4.025657087874628814e+02  1.000000000000000000e+05  1.000000000000000000e+05  1.000000000000000000e+11
135 1891 1.930681e-01 1.351692e+00  4.025657087874628814e+02  1.000000000000000000e+05  1.000000000000000000e+05  1.000000000000000000e+11
136 1905 1.820351e-01 1.350279e+00  4.025657087874628814e+02  1.000000000000000000e+05  1.000000000000000000e+05  1.000000000000000000e+11
137 1919 1.756413e-01 1.351927e+00  4.025657087874628814e+02  1.000000000000000000e+05  1.000000000000000000e+05  1.000000000000000000e+11
138 1933 2.365535e-01 1.352175e+00  4.025657087874628814e+02  1.000000000000000000e+05  1.000000000000000000e+05  1.000000000000000000e+05
139 1947 2.276064e-01 1.360724e+00  4.025657087874628814e+02  1.000000000000000000e+05  1.000000000000000000e+05  1.000000000000000000e+11
140 1961 2.209324e-01 1.359549e+00  4.025657087874628814e+02  1.000000000000000000e+05  1.000000000000000000e+05  1.000000000000000000e+11
141 1975 2.158733e-01 1.359100e+00  4.025657087874628814e+02  1.000000000000000000e+05  1.000000000000000000e+05  1.000000000000000000e+11
142 1989 2.123841e-01 1.363223e+00  4.025657087874628814e+02  1.000000000000000000e+05  1.000000000000000000e+05  1.000000000000000000e+11
143 2003 2.071285e-01 1.364023e+00  4.025657087874628814e+02  1.000000000000000000e+05  1.000000000000000000e+05  1.000000000000000000e+11
144 2017 2.047432e-01 1.365076e+00  4.025657087874628814e+02  1.000000000000000000e+05  1.000000000000000000e+05  1.000000000000000000e+05
145 2031 2.033512e-01 1.370236e+00  4.025657087874628814e+02  1.000000000000000000e+05  1.000000000000000000e+05  1.000000000000000000e+11
146 2045 1.976885e-01 1.371502e+00  4.025657087874628814e+02  1.000000000000000000e+05  1.000000000000000000e+05  1.000000000000000000e+11
147 2059 1.916818e-01 1.373370e+00  4.025657087874628814e+02  1.000000000000000000e+05  1.000000000000000000e+05  1.000000000000000000e+11
148 2073 1.848669e-01 1.372324e+00  4.025657087874628814e+02  1.000000000000000000e+05  1.000000000000000000e+05  1.000000000000000000e+11
149 2087 1.778137e-01 1.374587e+00  4.025657087874628814e+02  1.000000000000000000e+05  1.000000000000000000e+05  1.000000000000000000e+11
150 2101 1.715157e-01 1.378839e+00  4.025657087874628814e+02  1.000000000000000000e+05  1.000000000000000000e+05  1.000000000000000000e+11
151 2115 1.677419e-01 1.382353e+00  4.025657087874628814e+02  1.000000000000000000e+05  1.000000000000000000e+05  1.000000000000000000e+18
152 2129 1.606495e-01 1.386455e+00  4.025657087874628814e+02  1.000000000000000000e+05  1.000000000000000000e+05  1.000000000000000000e+13
153 2143 1.538244e-01 1.388732e+00  4.025657087874628814e+02  4.722043891702632550e+02  1.000000000000000000e+05  1.000000000000000000e+11
154 2157 1.469744e-01 1.388187e+00  4.025657087874628814e+02  1.000000000000000000e+05  1.000000000000000000e+05  1.000000000000000000e+18
155 2171 1.446870e-01 1.395229e+00  4.025657087874628814e+02  1.000000000000000000e+05  1.000000000000000000e+05  1.000000000000000000e+13
156 2185 1.972033e-01 1.394001e+00  4.025657087874628814e+02  1.000000000000000000e+05  1.000000000000000000e+05  1.000000000000000000e+11
157 2199 1.905815e-01 1.395494e+00  4.025657087874628814e+02  1.000000000000000000e+05  1.000000000000000000e+05  1.000000000000000000e+13
158 2213 1.865491e-01 1.398475e+00  4.025657087874628814e+02  1.000000000000000000e+05  1.000000000000000000e+05  1.000000000000000000e+11
159 2227 1.801159e-01 1.399490e+00  4.025657087874628814e+02  1.000000000000000000e+05  1.000000000000000000e+05  1.000000000000000000e+18
160 2241 1.733263e-01 1.399319e+00  4.025657087874628814e+02  1.000000000000000000e+05  1.000000000000000000e+05  1.000000000000000000e+13
161 2255 2.324372e-01 1.399702e+00  4.025657087874628814e+02  1.000000000000000000e+05  1.000000000000000000e+05  1.000000000000000000e+13
162 2269 2.220191e-01 1.404771e+00  4.025657087874628814e+02  1.000000000000000000e+05  1.000000000000000000e+05  1.000000000000000000e+13
163 2283 2.153829e-01 1.406673e+00  4.025657087874628814e+02  1.000000000000000000e+05  1.000000000000000000e+05  1.000000000000000000e+13
164 2297 2.117304e-01 1.411477e+00  4.025657087874628814e+02  1.000000000000000000e+05  1.000000000000000000e+05  1.000000000000000000e+13
165 2311 2.065472e-01 1.412514e+00  4.025657087874628814e+02  1.000000000000000000e+05  1.000000000000000000e+05  1.000000000000000000e+05
166 2325 2.037787e-01 1.415463e+00  4.025657087874628814e+02  1.000000000000000000e+05  1.000000000000000000e+05  1.000000000000000000e+05
167 2339 1.995981e-01 1.420485e+00  4.025657087874628814e+02  1.000000000000000000e+05  1.000000000000000000e+05  1.000000000000000000e+05
168 2353 1.922523e-01 1.423380e+00  4.025657087874628814e+02  1.000000000000000000e+05  1.000000000000000000e+05  1.000000000000000000e+05
169 2367 1.850243e-01 1.424372e+00  4.025657087874628814e+02  1.000000000000000000e+05  1.000000000000000000e+05  1.000000000000000000e+05
170 2381 1.797324e-01 1.426152e+00  4.025657087874628814e+02  1.000000000000000000e+05  1.000000000000000000e+05  1.000000000000000000e+05
171 2395 1.760724e-01 1.429054e+00  4.025657087874628814e+02  1.000000000000000000e+05  1.000000000000000000e+05  1.000000000000000000e+05
172 2409 1.727137e-01 1.430434e+00  4.025657087874628814e+02  1.000000000000000000e+05  1.000000000000000000e+05  1.000000000000000000e+16
173 2423 1.708504e-01 1.437534e+00  4.025657087874628814e+02  1.000000000000000000e+05  1.000000000000000000e+05  1.000000000000000000e+05
174 2437 2.364536e-01 1.437031e+00  4.025657087874628814e+02  1.000000000000000000e+05  1.000000000000000000e+05  1.000000000000000000e+11
175 2451 2.357232e-01 1.436522e+00  4.025657087874628814e+02  1.000000000000000000e+05  1.000000000000000000e+05  1.000000000000000000e+15
176 2465 2.303241e-01 1.435834e+00  4.025657087874628814e+02  1.000000000000000000e+05  1.000000000000000000e+05  1.000000000000000000e+15
177 2479 2.263795e-01 1.438678e+00  4.025657087874628814e+02  1.000000000000000000e+05  1.000000000000000000e+05  1.000000000000000000e+11
178 2493 2.222451e-01 1.439467e+00  4.025657087874628814e+02  1.000000000000000000e+05  1.000000000000000000e+05  1.000000000000000000e+18
179 2507 2.229463e-01 1.435936e+00  4.025657087874628814e+02  1.000000000000000000e+05  1.000000000000000000e+05  1.000000000000000000e+15
180 2521 2.222686e-01 1.441392e+00  4.025657087874628814e+02  1.000000000000000000e+05  1.000000000000000000e+05  1.000000000000000000e+11
181 2535 2.211798e-01 1.440951e+00  4.025657087874628814e+02  1.000000000000000000e+05  1.000000000000000000e+05  1.000000000000000000e+15
182 2549 2.186909e-01 1.441945e+00  4.025657087874628814e+02  1.000000000000000000e+05  1.000000000000000000e+05  1.000000000000000000e+05
183 2563 2.144110e-01 1.439878e+00  4.025657087874628814e+02  1.000000000000000000e+05  1.000000000000000000e+05  1.000000000000000000e+11
184 2577 2.079510e-01 1.440466e+00  4.025657087874628814e+02  1.000000000000000000e+05  1.000000000000000000e+05  1.000000000000000000e+11
185 2591 2.016912e-01 1.440265e+00  4.025657087874628814e+02  1.000000000000000000e+05  1.000000000000000000e+05  1.000000000000000000e+05
186 2605 1.949205e-01 1.442133e+00  4.025657087874628814e+02  1.000000000000000000e+05  1.000000000000000000e+05  1.000000000000000000e+05
187 2619 1.857974e-01 1.443734e+00  4.025657087874628814e+02  1.000000000000000000e+05  1.000000000000000000e+05  1.000000000000000000e+11
188 2633 1.765368e-01 1.445505e+00  4.025657087874628814e+02  1.000000000000000000e+05  1.000000000000000000e+05  1.000000000000000000e+11
189 2647 2.341771e-01 1.442730e+00  4.025657087874628814e+02  1.000000000000000000e+05  1.000000000000000000e+05  1.000000000000000000e+11
190 2661 2.214750e-01 1.446861e+00  4.025657087874628814e+02  1.000000000000000000e+05  1.000000000000000000e+05  1.000000000000000000e+11
191 2675 2.103299e-01 1.445294e+00  4.025657087874628814e+02  1.000000000000000000e+05  1.000000000000000000e+05  1.000000000000000000e+05
192 2689 1.994930e-01 1.445593e+00  4.025657087874628814e+02  1.000000000000000000e+05  1.000000000000000000e+05  1.000000000000000000e+05
193 2703 2.669519e-01 1.447912e+00  4.025657087874628814e+02  1.000000000000000000e+05  1.000000000000000000e+05  1.000000000000000000e+05
194 2717 2.591522e-01 1.448731e+00  4.025657087874628814e+02  1.000000000000000000e+05  1.000000000000000000e+05  1.000000000000000000e+15
195 2731 2.515654e-01 1.449242e+00  4.025657087874628814e+02  1.000000000000000000e+05  1.000000000000000000e+05  1.000000000000000000e+11
196 2745 2.431390e-01 1.450213e+00  4.025657087874628814e+02  1.000000000000000000e+05  1.000000000000000000e+05  1.000000000000000000e+15
197 2759 2.318100e-01 1.451257e+00  4.025657087874628814e+02  1.000000000000000000e+05  1.000000000000000000e+05  1.000000000000000000e+18
198 2773 2.248267e-01 1.446436e+00  4.025657087874628814e+02  1.000000000000000000e+05  1.000000000000000000e+05  1.000000000000000000e+11
199 2787 2.171458e-01 1.443382e+00  4.025657087874628814e+02  1.000000000000000000e+05  1.000000000000000000e+05  1.000000000000000000e+13
200 2801 2.072683e-01 1.443204e+00  4.025657087874628814e+02  1.000000000000000000e+05  1.000000000000000000e+05  1.000000000000000000e+11
201 2815 1.993970e-01 1.448527e+00  4.025657087874628814e+02  1.000000000000000000e+05  1.000000000000000000e+05  1.000000000000000000e+11
202 2829 1.916383e-01 1.447701e+00  4.025657087874628814e+02  1.000000000000000000e+05  1.000000000000000000e+05  1.000000000000000000e+15
203 2843 1.836860e-01 1.446008e+00  4.025657087874628814e+02  1.000000000000000000e+05  1.000000000000000000e+05  1.000000000000000000e+11
204 2857 2.467715e-01 1.441389e+00  4.025657087874628814e+02  1.000000000000000000e+05  1.000000000000000000e+05  1.000000000000000000e+15
205 2871 2.399471e-01 1.440589e+00  4.025657087874628814e+02  1.000000000000000000e+05  1.000000000000000000e+05  1.000000000000000000e+05
206 2885 2.374515e-01 1.440811e+00  4.025657087874628814e+02  1.000000000000000000e+05  1.000000000000000000e+05  1.000000000000000000e+05
207 2899 2.348052e-01 1.441891e+00  4.025657087874628814e+02  1.000000000000000000e+05  1.000000000000000000e+05  1.000000000000000000e+05
208 2913 2.258546e-01 1.444122e+00  4.025657087874628814e+02  1.000000000000000000e+05  1.000000000000000000e+05  1.000000000000000000e+05
209 2927 2.199974e-01 1.446766e+00  4.025657087874628814e+02  1.000000000000000000e+05  1.000000000000000000e+05  1.000000000000000000e+11
210 2941 2.085426e-01 1.448182e+00  4.025657087874628814e+02  1.000000000000000000e+05  1.000000000000000000e+05  1.000000000000000000e+05
211 2955 1.981865e-01 1.451872e+00  4.025657087874628814e+02  1.000000000000000000e+05  1.000000000000000000e+05  1.000000000000000000e+05
212 2969 1.915953e-01 1.449131e+00  4.025657087874628814e+02  1.000000000000000000e+05  1.000000000000000000e+05  1.000000000000000000e+05
213 2983 2.607161e-01 1.450125e+00  4.025657087874628814e+02  1.000000000000000000e+05  1.000000000000000000e+05  1.000000000000000000e+05
214 2997 2.535922e-01 1.447788e+00  4.025657087874628814e+02  1.000000000000000000e+05  1.000000000000000000e+05  1.000000000000000000e+13
215 3011 2.474127e-01 1.447050e+00  4.025657087874628814e+02  1.000000000000000000e+05  1.000000000000000000e+05  1.000000000000000000e+05
216 3025 2.414398e-01 1.447575e+00  4.025657087874628814e+02  1.000000000000000000e+05  1.000000000000000000e+05  1.000000000000000000e+11
217 3039 2.336908e-01 1.447339e+00  4.025657087874628814e+02  1.000000000000000000e+05  1.000000000000000000e+05  1.000000000000000000e+05
218 3053 2.245464e-01 1.449288e+00  4.025657087874628814e+02  1.000000000000000000e+05  1.000000000000000000e+05  1.000000000000000000e+11
219 3067 2.190623e-01 1.450896e+00  4.025657087874628814e+02  1.000000000000000000e+05  1.000000000000000000e+05  1.000000000000000000e+05
220 3081 2.101411e-01 1.451390e+00  4.025657087874628814e+02  1.000000000000000000e+05  1.000000000000000000e+05  1.000000000000000000e+11
221 3095 2.022144e-01 1.452644e+00  4.025657087874628814e+02  1.000000000000000000e+05  1.000000000000000000e+05  1.000000000000000000e+11
222 3109 1.978987e-01 1.455473e+00  4.025657087874628814e+02  1.000000000000000000e+05  1.000000000000000000e+05  1.000000000000000000e+05
223 3123 1.915513e-01 1.456239e+00  4.025657087874628814e+02  1.000000000000000000e+05  1.000000000000000000e+05  1.000000000000000000e+11
224 3137 1.840934e-01 1.458451e+00  4.025657087874628814e+02  1.000000000000000000e+05  1.000000000000000000e+05  1.000000000000000000e+05
225 3151 1.762977e-01 1.461750e+00  4.025657087874628814e+02  1.000000000000000000e+05  1.000000000000000000e+05  1.000000000000000000e+05
226 3165 1.685450e-01 1.463467e+00  4.025657087874628814e+02  1.000000000000000000e+05  1.000000000000000000e+05  1.000000000000000000e+05
227 3179 1.614440e-01 1.474987e+00  4.025657087874628814e+02  1.000000000000000000e+05  1.000000000000000000e+05  1.000000000000000000e+05
228 3193 2.114672e-01 1.482605e+00  4.025657087874628814e+02  1.000000000000000000e+05  1.000000000000000000e+05  1.000000000000000000e+11
229 3207 2.013023e-01 1.484679e+00  4.025657087874628814e+02  1.000000000000000000e+05  1.000000000000000000e+05  1.000000000000000000e+11
230 3221 1.944163e-01 1.484760e+00  4.025657087874628814e+02  1.000000000000000000e+05  1.000000000000000000e+05  1.000000000000000000e+18
231 3235 1.907642e-01 1.483359e+00  4.025657087874628814e+02  1.000000000000000000e+05  1.000000000000000000e+05  1.000000000000000000e+05
232 3249 1.879817e-01 1.483990e+00  4.025657087874628814e+02  1.000000000000000000e+05  1.000000000000000000e+05  1.000000000000000000e+11
233 3263 2.576588e-01 1.486239e+00  4.025657087874628814e+02  1.000000000000000000e+05  1.000000000000000000e+05  1.000000000000000000e+05
234 3277 2.536354e-01 1.487676e+00  4.025657087874628814e+02  1.000000000000000000e+05  1.000000000000000000e+05  1.000000000000000000e+11
235 3291 2.478347e-01 1.489997e+00  4.025657087874628814e+02  1.307345075441834069e+03  1.000000000000000000e+05  1.000000000000000000e+15
236 3305 2.401249e-01 1.486182e+00  4.025657087874628814e+02  1.000000000000000000e+05  1.000000000000000000e+05  1.000000000000000000e+05
237 3319 2.306188e-01 1.486678e+00  4.025657087874628814e+02  1.000000000000000000e+05  1.000000000000000000e+05  1.000000000000000000e+05
238 3333 2.190641e-01 1.486693e+00  4.025657087874628814e+02  1.000000000000000000e+05  1.000000000000000000e+05  1.000000000000000000e+11
239 3347 2.148856e-01 1.493929e+00  4.025657087874628814e+02  1.000000000000000000e+05  1.000000000000000000e+05  1.000000000000000000e+05
240 3361 2.107604e-01 1.498940e+00  4.025657087874628814e+02  1.000000000000000000e+05  1.000000000000000000e+05  1.000000000000000000e+05
241 3375 2.075516e-01 1.500438e+00  4.025657087874628814e+02  1.000000000000000000e+05  1.000000000000000000e+05  1.000000000000000000e+05
242 3389 2.059191e-01 1.501213e+00  4.025657087874628814e+02  1.000000000000000000e+05  1.000000000000000000e+05  1.000000000000000000e+05
243 3403 2.016048e-01 1.501464e+00  4.025657087874628814e+02  1.000000000000000000e+05  1.000000000000000000e+05  1.000000000000000000e+11
244 3417 1.954160e-01 1.500029e+00  4.025657087874628814e+02  1.000000000000000000e+05  1.000000000000000000e+05  1.000000000000000000e+05
245 3431 1.864373e-01 1.502765e+00  4.025657087874628814e+02  1.000000000000000000e+05  1.000000000000000000e+05  1.000000000000000000e+11
246 3445 2.495893e-01 1.508184e+00  4.025657087874628814e+02  1.000000000000000000e+05  1.000000000000000000e+05  1.000000000000000000e+11
247 3459 2.416787e-01 1.512122e+00  4.025657087874628814e+02  1.000000000000000000e+05  1.000000000000000000e+05  1.000000000000000000e+11
248 3473 2.333819e-01 1.516089e+00  4.025657087874628814e+02  1.561286141858040082e+03  1.000000000000000000e+05  1.000000000000000000e+15
249 3487 2.228271e-01 1.521110e+00  4.025657087874628814e+02  1.000000000000000000e+05  1.000000000000000000e+05  1.000000000000000000e+11
250 3501 2.151214e-01 1.515022e+00  4.025657087874628814e+02  5.415269231666275118e+02  1.000000000000000000e+05  1.000000000000000000e+05
251 3515 2.036333e-01 1.514748e+00  4.025657087874628814e+02  1.000000000000000000e+05  5.000005000000000000e+10  1.000000000000000000e+15
252 3529 1.955449e-01 1.514756e+00  4.025657087874628814e+02  1.000000000000000000e+05  1.000000000000000000e+05  1.000000000000000000e+15
253 3543 1.900700e-01 1.515635e+00  4.025657087874628814e+02  1.000000000000000000e+05  1.000000000000000000e+05  1.000000000000000000e+05
254 3557 1.837632e-01 1.518593e+00  4.025657087874628814e+02  1.008769595260740971e+03  1.000000000000000000e+05  1.000000000000000000e+18
255 3571 1.748086e-01 1.519210e+00  4.025657087874628814e+02  1.000000000000000000e+05  1.000000000000000000e+05  1.000000000000000000e+15
256 3585 1.683515e-01 1.517009e+00  4.025657087874628814e+02  1.000000000000000000e+05  1.000000000000000000e+05  1.000000000000000000e+15
257 3599 2.274171e-01 1.516702e+00  4.025657087874628814e+02  1.000000000000000000e+05  1.000000000000000000e+05  1.000000000000000000e+05
258 3613 2.221700e-01 1.517373e+00  4.025657087874628814e+02  1.000000000000000000e+05  1.000000000000000000e+05  1.000000000000000000e+13
259 3627 2.186908e-01 1.519892e+00  4.025657087874628814e+02  1.000000000000000000e+05  1.000000000000000000e+05  1.000000000000000000e+15
260 3641 2.135537e-01 1.524243e+00  4.025657087874628814e+02  1.000000000000000000e+05  1.000000000000000000e+05  1.000000000000000000e+13
261 3655 2.087833e-01 1.527519e+00  4.025657087874628814e+02  1.000000000000000000e+05  1.000000000000000000e+05  1.000000000000000000e+13
262 3669 2.045593e-01 1.526207e+00  4.025657087874628814e+02  1.000000000000000000e+05  1.000000000000000000e+05  1.000000000000000000e+13
263 3683 1.984266e-01 1.527396e+00  4.025657087874628814e+02  1.000000000000000000e+05  1.000000000000000000e+05  1.000000000000000000e+13
264 3697 1.938048e-01 1.527989e+00  4.025657087874628814e+02  1.000000000000000000e+05  1.000000000000000000e+05  1.000000000000000000e+13
265 3711 1.899779e-01 1.531018e+00  4.025657087874628814e+02  1.000000000000000000e+05  1.000000000000000000e+05  1.000000000000000000e+05
266 3725 1.863493e-01 1.530863e+00  4.025657087874628814e+02  1.000000000000000000e+05  1.000000000000000000e+05  1.000000000000000000e+05
267 3739 2.537447e-01 1.530854e+00  4.025657087874628814e+02  1.000000000000000000e+05  1.000000000000000000e+05  1.000000000000000000e+05
268 3753 2.456132e-01 1.535682e+00  4.025657087874628814e+02  1.000000000000000000e+05  1.000000000000000000e+05  1.000000000000000000e+05
269 3767 2.322947e-01 1.536848e+00  4.025657087874628814e+02  1.000000000000000000e+05  1.000000000000000000e+05  1.000000000000000000e+13
270 3781 2.282457e-01 1.542516e+00  4.025657087874628814e+02  1.000000000000000000e+05  1.000000000000000000e+05  1.000000000000000000e+16
271 3795 2.234918e-01 1.545715e+00  4.025657087874628814e+02  1.000000000000000000e+05  1.000000000000000000e+05  1.000000000000000000e+13
272 3809 2.171550e-01 1.543993e+00  4.025657087874628814e+02  1.000000000000000000e+05  1.000000000000000000e+05  1.000000000000000000e+13
273 3823 2.110822e-01 1.543762e+00  4.025657087874628814e+02  1.000000000000000000e+05  1.000000000000000000e+05  1.000000000000000000e+05
274 3837 2.071382e-01 1.543607e+00  4.025657087874628814e+02  1.000000000000000000e+05  1.000000000000000000e+05  1.000000000000000000e+13
275 3851 2.027372e-01 1.543259e+00  4.025657087874628814e+02  1.000000000000000000e+05  1.000000000000000000e+05  1.000000000000000000e+05
276 3865 1.954371e-01 1.546807e+00  4.025657087874628814e+02  1.000000000000000000e+05  1.000000000000000000e+05  1.000000000000000000e+13
277 3879 1.888580e-01 1.545766e+00  4.025657087874628814e+02  1.000000000000000000e+05  1.000000000000000000e+05  1.000000000000000000e+15
278 3893 1.791546e-01 1.545681e+00  4.025657087874628814e+02  1.000000000000000000e+05  1.000000000000000000e+05  1.000000000000000000e+05
279 3907 1.726671e-01 1.547771e+00  4.025657087874628814e+02  1.000000000000000000e+05  1.000000000000000000e+05  1.000000000000000000e+05
280 3921 1.704389e-01 1.550183e+00  4.025657087874628814e+02  1.000000000000000000e+05  1.000000000000000000e+05  1.000000000000000000e+05
281 3935 1.687849e-01 1.550848e+00  4.025657087874628814e+02  1.000000000000000000e+05  1.000000000000000000e+05  1.000000000000000000e+05
282 3949 1.635548e-01 1.553658e+00  4.025657087874628814e+02  1.000000000000000000e+05  1.000000000000000000e+05  1.000000000000000000e+05
283 3963 1.585094e-01 1.554613e+00  4.025657087874628814e+02  1.000000000000000000e+05  1.000000000000000000e+05  1.000000000000000000e+05
284 3977 1.537813e-01 1.555442e+00  4.025657087874628814e+02  1.000000000000000000e+05  1.000000000000000000e+05  1.000000000000000000e+05
285 3991 2.116920e-01 1.557418e+00  4.025657087874628814e+02  1.000000000000000000e+05  1.000000000000000000e+05  1.000000000000000000e+05
286 4005 2.090363e-01 1.556114e+00  4.025657087874628814e+02  1.000000000000000000e+05  1.000000000000000000e+05  1.000000000000000000e+05
287 4019 2.062908e-01 1.555394e+00  4.025657087874628814e+02  1.000000000000000000e+05  1.000000000000000000e+05  1.000000000000000000e+05
288 4033 2.010987e-01 1.556627e+00  4.025657087874628814e+02  1.000000000000000000e+05  1.000000000000000000e+05  1.000000000000000000e+05
289 4047 2.707414e-01 1.557777e+00  4.025657087874628814e+02  1.000000000000000000e+05  1.000000000000000000e+05  1.000000000000000000e+11
290 4061 2.614766e-01 1.557547e+00  4.025657087874628814e+02  1.000000000000000000e+05  1.000000000000000000e+05  1.000000000000000000e+11
291 4075 2.527065e-01 1.552599e+00  4.025657087874628814e+02  1.000000000000000000e+05  1.000000000000000000e+05  1.000000000000000000e+11
292 4089 2.473613e-01 1.551203e+00  4.025657087874628814e+02  1.000000000000000000e+05  1.000000000000000000e+05  1.000000000000000000e+13
293 4103 2.410324e-01 1.546824e+00  4.025657087874628814e+02  1.000000000000000000e+05  1.000000000000000000e+05  1.000000000000000000e+05
294 4117 2.331351e-01 1.545196e+00  4.025657087874628814e+02  1.000000000000000000e+05  1.000000000000000000e+05  1.000000000000000000e+13
295 4131 2.252139e-01 1.548023e+00  4.025657087874628814e+02  1.000000000000000000e+05  1.000000000000000000e+05  1.000000000000000000e+11
296 4145 2.199252e-01 1.550967e+00  4.025657087874628814e+02  1.000000000000000000e+05  1.000000000000000000e+05  1.000000000000000000e+05
297 4159 2.153184e-01 1.556547e+00  4.025657087874628814e+02  1.000000000000000000e+05  1.000000000000000000e+05  1.000000000000000000e+18
298 4173 2.110067e-01 1.562631e+00  4.025657087874628814e+02  1.000000000000000000e+05  1.000000000000000000e+05  1.000000000000000000e+11
299 4187 2.060544e-01 1.572802e+00  4.025657087874628814e+02  1.000000000000000000e+05  1.000000000000000000e+05  1.000000000000000000e+11
300 4201 2.793673e-01 1.579263e+00  4.025657087874628814e+02  1.000000000000000000e+05  1.000000000000000000e+05  1.000000000000000000e+05
301 4215 2.706333e-01 1.581290e+00  4.025657087874628814e+02  1.000000000000000000e+05  5.000005000000000000e+10  1.000000000000000000e+16
302 4229 2.670074e-01 1.581056e+00  4.025657087874628814e+02  1.000000000000000000e+05  1.000000000000000000e+05  1.000000000000000000e+11
303 4243 2.670123e-01 1.575928e+00  4.025657087874628814e+02  1.000000000000000000e+05  1.000000000000000000e+05  1.000000000000000000e+11
304 4257 2.667921e-01 1.577032e+00  4.025657087874628814e+02  1.000000000000000000e+05  1.000000000000000000e+05  1.000000000000000000e+15
305 4271 2.638130e-01 1.577073e+00  4.025657087874628814e+02  1.000000000000000000e+05  1.000000000000000000e+05  1.000000000000000000e+05
306 4285 2.563190e-01 1.576528e+00  4.025657087874628814e+02  1.000000000000000000e+05  1.000000000000000000e+05  1.000000000000000000e+18
307 4299 2.455979e-01 1.574819e+00  4.025657087874628814e+02  1.000000000000000000e+05  1.000000000000000000e+05  1.000000000000000000e+13
308 4313 2.401620e-01 1.576196e+00  4.025657087874628814e+02  1.000000000000000000e+05  1.000000000000000000e+05  1.000000000000000000e+11
309 4327 2.321593e-01 1.577763e+00  4.025657087874628814e+02  1.000000000000000000e+05  1.000000000000000000e+05  1.000000000000000000e+05
310 4341 2.238456e-01 1.578392e+00  3.923598180108776887e+02  3.923598180108776887e+02  1.000000000000000000e+05  1.000000000000000000e+11
311 4355 2.135785e-01 1.579584e+00  3.923598180108776887e+02  1.000000000000000000e+05  1.000000000000000000e+05  1.000000000000000000e+15
312 4369 2.044132e-01 1.580143e+00  3.923598180108776887e+02  1.000000000000000000e+05  1.000000000000000000e+05  1.000000000000000000e+05
313 4383 1.979164e-01 1.584385e+00  3.923598180108776887e+02  1.000000000000000000e+05  1.000000000000000000e+05  1.000000000000000000e+11
314 4397 1.913830e-01 1.585501e+00  3.923598180108776887e+02  1.000000000000000000e+05  1.000000000000000000e+05  1.000000000000000000e+05
315 4411 2.575451e-01 1.589246e+00  3.923598180108776887e+02  1.000000000000000000e+05  1.000000000000000000e+05  1.000000000000000000e+18
316 4425 2.530237e-01 1.591198e+00  3.923598180108776887e+02  1.000000000000000000e+05  1.000000000000000000e+05  1.000000000000000000e+11
317 4439 2.429488e-01 1.592710e+00  3.923598180108776887e+02  1.000000000000000000e+05  1.000000000000000000e+05  1.000000000000000000e+18
318 4453 2.327801e-01 1.593483e+00  3.923598180108776887e+02  1.000000000000000000e+05  1.000000000000000000e+05  1.000000000000000000e+13
319 4467 2.241358e-01 1.593389e+00  3.923598180108776887e+02  1.000000000000000000e+05  1.000000000000000000e+05  1.000000000000000000e+11
320 4481 2.178141e-01 1.594282e+00  3.923598180108776887e+02  1.000000000000000000e+05  1.000000000000000000e+05  1.000000000000000000e+11
321 4495 2.083098e-01 1.597744e+00  3.923598180108776887e+02  1.000000000000000000e+05  1.000000000000000000e+05  1.000000000000000000e+11
322 4509 1.989210e-01 1.596474e+00  3.923598180108776887e+02  1.000000000000000000e+05  1.000000000000000000e+05  1.000000000000000000e+11
323 4523 1.929181e-01 1.598458e+00  3.923598180108776887e+02  1.000000000000000000e+05  1.000000000000000000e+05  1.000000000000000000e+11
324 4537 1.863832e-01 1.600156e+00  3.923598180108776887e+02  1.000000000000000000e+05  1.000000000000000000e+05  1.000000000000000000e+11
325 4551 1.781808e-01 1.603648e+00  3.923598180108776887e+02  1.000000000000000000e+05  1.000000000000000000e+05  1.000000000000000000e+05
326 4565 1.689041e-01 1.597686e+00  3.923598180108776887e+02  1.000000000000000000e+05  1.000000000000000000e+05  1.000000000000000000e+05
327 4579 2.224966e-01 1.593299e+00  3.923598180108776887e+02  1.000000000000000000e+05  1.000000000000000000e+05  1.000000000000000000e+05
328 4593 2.129749e-01 1.592011e+00  3.923598180108776887e+02  1.000000000000000000e+05  1.000000000000000000e+05  1.000000000000000000e+05
329 4607 2.050103e-01 1.597446e+00  3.923598180108776887e+02  1.000000000000000000e+05  1.000000000000000000e+05  1.000000000000000000e+05
330 4621 2.799247e-01 1.595404e+00  3.923598180108776887e+02  1.000000000000000000e+05  1.000000000000000000e+05  1.000000000000000000e+11
331 4635 2.733409e-01 1.596073e+00  3.923598180108776887e+02  1.000000000000000000e+05  1.000000000000000000e+05  1.000000000000000000e+05
332 4649 2.625336e-01 1.593973e+00  3.923598180108776887e+02  1.000000000000000000e+05  1.000000000000000000e+05  1.000000000000000000e+11
333 4663 2.508298e-01 1.592666e+00  3.923598180108776887e+02  1.000000000000000000e+05  1.000000000000000000e+05  1.000000000000000000e+05
334 4677 2.408534e-01 1.592530e+00  3.923598180108776887e+02  1.000000000000000000e+05  1.000000000000000000e+05  1.000000000000000000e+15
335 4691 2.302099e-01 1.591999e+00  3.923598180108776887e+02  1.000000000000000000e+05  1.000000000000000000e+05  1.000000000000000000e+15
336 4705 2.224260e-01 1.597731e+00  3.923598180108776887e+02  1.000000000000000000e+05  1.000000000000000000e+05  1.000000000000000000e+16
337 4719 2.133472e-01 1.599111e+00  3.923598180108776887e+02  1.000000000000000000e+05  1.000000000000000000e+05  1.000000000000000000e+11
338 4733 2.058612e-01 1.602455e+00  3.923598180108776887e+02  1.000000000000000000e+05  1.000000000000000000e+05  1.000000000000000000e+05
339 4747 1.974942e-01 1.604100e+00  3.923598180108776887e+02  1.000000000000000000e+05  1.000000000000000000e+05  1.000000000000000000e+05
340 4761 1.892145e-01 1.607595e+00  3.923598180108776887e+02  1.000000000000000000e+05  1.000000000000000000e+05  1.000000000000000000e+11
341 4775 1.804227e-01 1.607751e+00  3.923598180108776887e+02  1.000000000000000000e+05  1.000000000000000000e+05  1.000000000000000000e+05
342 4789 2.416510e-01 1.616788e+00  3.923598180108776887e+02  1.000000000000000000e+05  1.000000000000000000e+05  1.000000000000000000e+05
343 4803 2.292802e-01 1.617299e+00  3.923598180108776887e+02  1.000000000000000000e+05  1.000000000000000000e+05  1.000000000000000000e+05
344 4817 3.069958e-01 1.615224e+00  3.923598180108776887e+02  1.000000000000000000e+05  1.000000000000000000e+05  1.000000000000000000e+05
345 4831 2.924675e-01 1.617666e+00  3.923598180108776887e+02  1.000000000000000000e+05  1.000000000000000000e+05  1.000000000000000000e+18
346 4845 2.825988e-01 1.623121e+00  3.923598180108776887e+02  1.000000000000000000e+05  1.000000000000000000e+05  1.000000000000000000e+05
347 4859 2.717364e-01 1.622784e+00  3.923598180108776887e+02  1.000000000000000000e+05  1.000000000000000000e+05  1.000000000000000000e+11
348 4873 2.576075e-01 1.621496e+00  3.923598180108776887e+02  1.000000000000000000e+05  1.000000000000000000e+05  1.000000000000000000e+11
349 4887 2.469091e-01 1.622428e+00  3.923598180108776887e+02  1.000000000000000000e+05  1.000000000000000000e+05  1.000000000000000000e+05
350 4901 2.403082e-01 1.621490e+00  3.923598180108776887e+02  1.000000000000000000e+05  1.000000000000000000e+05  1.000000000000000000e+13
351 4915 2.327350e-01 1.622905e+00  3.923598180108776887e+02  1.000000000000000000e+05  1.000000000000000000e+05  1.000000000000000000e+11
352 4929 2.220548e-01 1.620326e+00  3.923598180108776887e+02  1.000000000000000000e+05  1.000000000000000000e+05  1.000000000000000000e+11
353 4943 2.159491e-01 1.624959e+00  3.923598180108776887e+02  1.000000000000000000e+05  1.000000000000000000e+05  1.000000000000000000e+11
354 4957 2.086006e-01 1.621745e+00  3.923598180108776887e+02  1.000000000000000000e+05  1.000000000000000000e+05  1.000000000000000000e+11
355 4971 1.994849e-01 1.619938e+00  3.923598180108776887e+02  1.000000000000000000e+05  1.000000000000000000e+05  1.000000000000000000e+11
356 4985 2.667820e-01 1.626355e+00  3.923598180108776887e+02  1.000000000000000000e+05  1.000000000000000000e+05  1.000000000000000000e+05
357 4999 2.565075e-01 1.629865e+00  3.923598180108776887e+02  1.000000000000000000e+05  1.000000000000000000e+05  1.000000000000000000e+11
358 5013 2.487011e-01 1.634113e+00  3.923598180108776887e+02  1.000000000000000000e+05  1.000000000000000000e+05  1.000000000000000000e+11
359 5027 2.381451e-01 1.639439e+00  3.923598180108776887e+02  1.000000000000000000e+05  1.000000000000000000e+05  1.000000000000000000e+11
360 5041 2.312015e-01 1.641114e+00  3.923598180108776887e+02  1.000000000000000000e+05  1.000000000000000000e+05  1.000000000000000000e+11
361 5055 2.279157e-01 1.645061e+00  3.923598180108776887e+02  1.000000000000000000e+05  1.000000000000000000e+05  1.000000000000000000e+11
362 5069 2.221021e-01 1.645682e+00  3.923598180108776887e+02  1.000000000000000000e+05  1.000000000000000000e+05  1.000000000000000000e+15
363 5083 2.113990e-01 1.646739e+00  3.923598180108776887e+02  1.000000000000000000e+05  1.000000000000000000e+05  1.000000000000000000e+11
364 5097 2.866476e-01 1.645331e+00  3.923598180108776887e+02  1.000000000000000000e+05  1.000000000000000000e+05  1.000000000000000000e+11
365 5111 2.832323e-01 1.646327e+00  3.923598180108776887e+02  1.000000000000000000e+05  1.000000000000000000e+05  1.000000000000000000e+05
366 5125 2.785264e-01 1.645613e+00  3.923598180108776887e+02  1.000000000000000000e+05  1.000000000000000000e+05  1.000000000000000000e+05
367 5139 2.733630e-01 1.643393e+00  3.923598180108776887e+02  1.000000000000000000e+05  1.000000000000000000e+05  1.000000000000000000e+05
368 5153 2.614069e-01 1.649604e+00  3.923598180108776887e+02  1.000000000000000000e+05  1.000000000000000000e+05  1.000000000000000000e+18
369 5167 2.504327e-01 1.649778e+00  3.923598180108776887e+02  1.000000000000000000e+05  1.000000000000000000e+05  1.000000000000000000e+11
370 5181 2.417571e-01 1.649551e+00  3.923598180108776887e+02  1.000000000000000000e+05  1.000000000000000000e+05  1.000000000000000000e+05
371 5195 2.294296e-01 1.650455e+00  3.923598180108776887e+02  1.000000000000000000e+05  1.000000000000000000e+05  1.000000000000000000e+05
372 5209 2.184551e-01 1.648758e+00  3.923598180108776887e+02  1.000000000000000000e+05  1.000000000000000000e+05  1.000000000000000000e+05
373 5223 2.127562e-01 1.646525e+00  3.923598180108776887e+02  1.000000000000000000e+05  1.000000000000000000e+05  1.000000000000000000e+05
374 5237 2.057001e-01 1.649336e+00  3.923598180108776887e+02  1.000000000000000000e+05  1.000000000000000000e+05  1.000000000000000000e+18
375 5251 1.982667e-01 1.651764e+00  3.923598180108776887e+02  1.000000000000000000e+05  1.000000000000000000e+05  1.000000000000000000e+05
376 5265 1.923005e-01 1.652008e+00  3.923598180108776887e+02  1.000000000000000000e+05  1.000000000000000000e+05  1.000000000000000000e+11
377 5279 2.604583e-01 1.654229e+00  3.923598180108776887e+02  1.000000000000000000e+05  1.000000000000000000e+05  1.000000000000000000e+05
378 5293 2.546148e-01 1.655553e+00  3.923598180108776887e+02  1.000000000000000000e+05  1.000000000000000000e+05  1.000000000000000000e+11
379 5307 2.501493e-01 1.657175e+00  3.923598180108776887e+02  1.000000000000000000e+05  1.000000000000000000e+05  1.000000000000000000e+18
380 5321 2.489121e-01 1.656872e+00  3.923598180108776887e+02  1.000000000000000000e+05  1.000000000000000000e+05  1.000000000000000000e+11
381 5335 2.481306e-01 1.657784e+00  3.923598180108776887e+02  1.000000000000000000e+05  1.000000000000000000e+05  1.000000000000000000e+13
382 5349 2.434171e-01 1.658144e+00  3.923598180108776887e+02  1.000000000000000000e+05  1.000000000000000000e+05  1.000000000000000000e+13
383 5363 2.328274e-01 1.660224e+00  3.923598180108776887e+02  1.000000000000000000e+05  1.000000000000000000e+05  1.000000000000000000e+15
384 5377 2.237150e-01 1.660767e+00  3.923598180108776887e+02  1.000000000000000000e+05  1.000000000000000000e+05  1.000000000000000000e+13
385 5391 2.172531e-01 1.672545e+00  3.923598180108776887e+02  1.000000000000000000e+05  1.000000000000000000e+05  1.000000000000000000e+15
386 5405 2.921071e-01 1.673950e+00  3.923598180108776887e+02  1.000000000000000000e+05  1.000000000000000000e+05  1.000000000000000000e+05
387 5419 2.817403e-01 1.674907e+00  3.923598180108776887e+02  1.000000000000000000e+05  1.000000000000000000e+05  1.000000000000000000e+18
388 5433 2.745441e-01 1.683112e+00  3.923598180108776887e+02  1.000000000000000000e+05  1.000000000000000000e+05  1.000000000000000000e+18
389 5447 2.641652e-01 1.686794e+00  3.923598180108776887e+02  1.000000000000000000e+05  1.000000000000000000e+05  1.000000000000000000e+13
390 5461 2.506584e-01 1.689441e+00  3.923598180108776887e+02  1.000000000000000000e+05  1.000000000000000000e+05  1.000000000000000000e+15
391 5475 2.361886e-01 1.697326e+00  3.923598180108776887e+02  1.000000000000000000e+05  1.000000000000000000e+05  1.000000000000000000e+18
392 5489 2.243084e-01 1.704022e+00  3.923598180108776887e+02  1.000000000000000000e+05  1.000000000000000000e+05  1.000000000000000000e+18
393 5503 2.933725e-01 1.707502e+00  3.923598180108776887e+02  1.000000000000000000e+05  1.000000000000000000e+05  1.000000000000000000e+05
