%  columns="iteration, evaluation, fitness, void, void, xrecentbest" (startseed=211175, 2023/08/18 11:37:14.75)
1 15  7.226869300473880458e+02 0 0 6.172546e-01 -1.488442e-01 7.688216e-01 -1.602508e-01 2.619862e-01 3.806898e-01 3.877372e-01 6.630630e-01 -3.252749e-01 8.050652e-01 5.744880e-01 7.125935e-01 1.204399e-01 3.729602e-01 6.461608e-01 -2.700784e-01 3.190051e-01 5.964773e-01 4.409352e-01 1.175198e-01 6.724329e-01 7.872111e-01 5.486370e-02 5.694704e-01 3.909646e-01 3.393198e-01 3.177762e-01 4.042344e-01 -3.224147e-01 6.897523e-01 1.034902e-01 8.465026e-01 3.017876e-01 4.787786e-02 
2 29  1.000000000000000000e+05 0 0 4.724973e-01 -6.996762e-02 4.627881e-01 5.271476e-01 7.281255e-01 1.171879e+00 -9.599513e-02 -7.358486e-03 -3.035103e-01 8.212458e-01 3.278794e-01 7.999990e-01 3.597301e-01 1.223383e-01 6.757361e-01 -1.085500e-01 6.104782e-01 5.101403e-01 -2.444803e-02 -1.455672e-02 5.758454e-01 5.583521e-01 9.300178e-01 6.075427e-01 2.757153e-01 5.184926e-01 4.520796e-01 1.767245e-01 -5.877793e-02 2.501948e-01 6.150803e-01 9.562352e-01 1.772770e-01 7.126518e-01 
3 43  1.000000000000000000e+05 0 0 1.201281e+00 3.812327e-01 5.612011e-01 6.584984e-01 4.370611e-01 1.206086e+00 -2.273064e-01 4.737709e-01 3.884006e-01 1.317487e+00 4.743349e-01 5.561607e-01 9.601334e-01 -2.028714e-01 7.110510e-01 -3.095586e-01 7.210139e-01 8.507918e-01 4.412638e-01 2.111931e-01 5.307142e-01 1.054956e+00 5.736642e-01 1.030524e-01 7.503187e-01 7.242078e-01 4.281500e-01 3.252751e-01 -1.075973e-01 7.239043e-01 4.412172e-01 9.777363e-01 3.324675e-01 7.482270e-01 
4 57  1.000000000000000000e+05 0 0 6.076474e-01 2.492314e-01 1.132556e+00 2.390524e-01 -8.759466e-02 7.120700e-01 3.051795e-01 2.275966e-01 1.502365e-01 9.869735e-01 3.136533e-01 -1.333973e-01 1.480281e-01 8.653878e-01 8.077812e-01 4.371416e-01 9.631155e-01 5.011942e-01 3.455005e-01 6.719418e-02 8.669622e-01 8.937901e-01 6.729231e-01 8.024630e-01 8.012151e-02 2.980857e-01 8.318604e-01 2.124917e-01 -2.781075e-01 4.088764e-01 3.320369e-01 8.973376e-01 6.640598e-01 4.631973e-01 
5 71  1.000000000000000000e+05 0 0 7.620927e-01 8.385457e-01 7.587025e-01 5.380488e-01 3.830397e-01 4.003407e-01 7.518469e-01 2.105980e-01 3.557199e-01 8.498799e-01 4.502918e-01 2.570096e-01 1.868959e-01 6.254944e-02 2.566641e-01 3.772851e-01 1.093194e+00 6.154635e-01 8.597451e-01 3.999039e-01 8.572351e-01 1.009175e+00 1.386335e+00 4.569069e-01 2.578831e-01 4.769418e-01 6.040002e-01 3.215134e-01 -2.250118e-01 8.750993e-01 3.483679e-01 1.101296e+00 6.826168e-01 1.108217e+00 
6 85  1.000000000000000000e+05 0 0 5.761432e-01 4.817118e-01 6.977509e-01 1.453506e-01 3.792368e-01 9.545158e-01 -1.614476e-02 7.907592e-01 5.102109e-01 8.240186e-01 3.452716e-01 5.501985e-01 2.553197e-01 5.023447e-01 2.379405e-01 5.396173e-01 7.774563e-01 5.780923e-01 6.806203e-01 1.277264e-01 1.152400e+00 8.365049e-01 8.894062e-01 2.042621e-01 -4.622569e-01 1.027226e+00 7.478877e-01 4.719227e-01 -4.408620e-02 2.947812e-01 8.420509e-01 5.576091e-01 4.856678e-01 5.444316e-01 
7 99  1.000000000000000000e+05 0 0 2.416148e-01 8.397435e-01 2.670441e-01 4.186039e-01 1.919944e-01 1.020572e+00 1.921714e-01 3.457833e-01 9.860078e-01 6.464489e-01 1.718353e-01 -3.479086e-01 -1.566512e-01 1.295305e-01 1.196188e-01 1.892167e-01 6.014202e-01 2.264413e-01 3.909504e-01 6.148769e-02 6.453524e-01 7.708512e-01 7.440788e-01 6.207423e-01 2.846630e-01 -1.027182e-02 4.795313e-01 5.915379e-01 2.618398e-01 4.559099e-01 8.802855e-01 8.036405e-01 7.818952e-01 5.035864e-01 
8 113  1.000000000000000000e+05 0 0 4.659666e-01 9.974325e-02 9.343064e-01 1.340708e-01 -2.015500e-01 9.899684e-01 4.348372e-01 3.549715e-01 6.159497e-01 8.051421e-01 2.593597e-01 -2.211487e-01 3.646098e-01 -3.464310e-02 3.329043e-01 6.406442e-01 7.606140e-01 6.471700e-01 4.381359e-01 1.856545e-01 6.075112e-01 7.702459e-01 1.222329e+00 9.494502e-01 3.666969e-01 5.592842e-01 2.507274e-01 2.990819e-01 6.221747e-01 8.095985e-01 4.936977e-01 4.534045e-01 7.246520e-01 8.773518e-01 
9 127  1.000000000000000000e+05 0 0 1.021045e+00 9.523576e-02 1.321838e+00 4.128790e-01 4.059048e-01 1.040343e+00 4.371060e-01 2.254249e-01 4.262017e-01 6.352195e-01 -1.689231e-02 2.563594e-01 2.653214e-01 -1.893443e-01 4.830797e-01 2.262234e-01 5.595807e-01 1.011287e-01 5.849904e-01 2.586264e-01 7.269428e-01 8.279371e-01 8.884754e-01 8.239372e-01 -7.267954e-02 6.956349e-01 5.488264e-01 6.304714e-01 4.205193e-01 8.581256e-01 3.257772e-01 8.042008e-01 7.346535e-01 7.172343e-01 
10 141  1.000000000000000000e+05 0 0 5.534819e-01 6.447470e-01 8.778525e-01 3.524117e-01 3.836766e-02 5.222326e-01 3.926384e-01 2.009955e-01 7.217555e-01 5.095082e-01 1.629543e-01 8.231379e-02 5.466681e-01 1.542224e-01 6.795417e-01 -3.733761e-01 6.843771e-01 5.019602e-01 6.442305e-01 3.021755e-01 3.890424e-01 9.340499e-01 7.248770e-01 7.946895e-01 2.349968e-01 5.634720e-01 4.287213e-01 2.346519e-01 7.048139e-02 4.216566e-01 5.198982e-01 7.504094e-01 5.647153e-02 9.610564e-01 
11 155  1.000000000000000000e+05 0 0 7.244010e-01 3.825807e-01 4.542949e-01 4.126933e-01 -7.245512e-02 7.455537e-01 9.975368e-02 3.538288e-01 6.990091e-01 8.256240e-01 2.531092e-01 9.886756e-02 1.340370e-01 6.471438e-01 4.059683e-01 -1.273420e-02 5.606946e-01 6.632146e-01 9.391865e-01 1.853606e-01 2.732010e-01 1.150821e+00 4.783881e-01 1.103613e+00 2.657881e-01 4.670391e-01 5.505934e-01 6.351137e-01 1.069094e-01 -4.243715e-02 5.080386e-01 8.702259e-01 -3.740620e-02 8.170315e-01 
12 169  1.000000000000000000e+05 0 0 1.176955e+00 2.678918e-01 1.046018e+00 4.184799e-01 8.877961e-03 9.506739e-01 2.935881e-01 3.216828e-01 4.475162e-01 6.753334e-01 1.115039e-01 1.460388e-01 4.554191e-01 2.728425e-01 3.722932e-01 5.756525e-02 5.950632e-01 8.551164e-01 1.879660e-01 5.828182e-01 1.902210e-01 4.635801e-01 7.334737e-01 8.764334e-01 -5.077204e-02 5.677567e-01 7.569278e-01 3.562605e-01 7.853933e-01 2.225412e-01 4.162220e-01 6.901463e-01 7.199295e-02 9.819580e-01 
13 183  1.000000000000000000e+05 0 0 4.358152e-01 5.316343e-01 5.467074e-01 5.831592e-02 1.518387e-01 9.115835e-01 1.193424e-01 5.548262e-01 6.630991e-01 6.476489e-01 4.019923e-01 4.550834e-01 7.240832e-01 6.488582e-01 8.054740e-01 -2.885487e-02 5.346268e-01 5.924220e-01 4.400092e-01 -1.026355e-01 7.036797e-01 6.058901e-01 6.601352e-01 1.270156e+00 -8.231624e-03 5.825456e-01 8.374549e-01 6.941583e-01 4.555073e-01 1.741643e-02 3.742652e-01 6.162941e-01 2.027450e-01 7.480319e-01 
14 197  1.000000000000000000e+05 0 0 8.781618e-01 -2.257059e-02 6.495054e-01 3.615071e-01 4.174710e-01 5.658126e-01 4.729660e-01 -1.455374e-02 6.771933e-01 8.044337e-01 1.821545e-01 2.681952e-01 8.197101e-01 5.581275e-01 5.707887e-01 1.994583e-01 4.520564e-01 3.092222e-01 2.900141e-01 5.530967e-01 4.417774e-01 9.107980e-01 5.354676e-01 8.698287e-01 -2.420972e-01 2.465012e-02 8.232259e-01 4.989646e-01 5.950132e-01 3.402798e-01 9.677573e-01 3.109375e-01 2.073145e-01 5.451425e-01 
15 211  1.000000000000000000e+05 0 0 8.662981e-01 6.178919e-02 5.920990e-01 5.341357e-01 3.956239e-01 5.978538e-01 3.510775e-01 6.172318e-02 9.283324e-01 8.312864e-01 4.414141e-01 -1.039430e-01 8.385307e-01 6.342494e-01 2.758783e-01 1.257255e-01 2.817402e-01 4.194659e-01 3.211003e-01 6.269773e-02 2.046616e-01 1.121522e+00 8.653103e-01 2.916300e-01 -1.373126e-01 4.238360e-01 5.710106e-01 3.667607e-01 3.055158e-01 3.522906e-01 1.183038e+00 4.144370e-01 3.147938e-01 7.138126e-01 
16 225  1.000000000000000000e+05 0 0 6.201108e-01 4.196812e-01 2.969827e-01 5.686236e-01 5.350883e-01 9.129025e-01 1.905465e-01 4.143754e-01 1.183151e+00 5.957394e-01 4.786584e-01 7.282178e-02 7.134053e-01 7.232211e-01 3.316267e-01 4.294803e-01 2.998396e-03 4.390925e-01 6.795036e-01 2.960527e-01 5.333968e-01 9.471753e-01 7.794758e-01 2.864960e-01 -4.085944e-02 2.717085e-01 6.497807e-01 5.524771e-01 2.173120e-01 4.096435e-01 8.164569e-01 5.753703e-01 3.429900e-01 3.954696e-01 
17 239  1.000000000000000000e+05 0 0 6.307008e-01 5.921286e-01 5.292633e-01 3.221007e-01 2.636967e-01 7.287710e-01 3.750575e-01 1.772040e-01 8.212201e-01 9.263449e-01 5.025868e-01 4.106814e-02 9.570690e-01 2.971837e-01 1.146628e-01 6.196215e-02 3.832679e-01 3.079657e-01 7.291673e-01 2.625501e-01 2.678505e-01 4.444265e-01 6.789768e-01 4.136110e-01 1.716455e-01 6.548746e-01 8.679785e-01 4.805345e-01 4.545532e-01 2.171474e-01 6.933335e-01 5.459657e-01 4.669931e-01 8.265450e-01 
18 253  1.000000000000000000e+05 0 0 6.704333e-01 3.430692e-01 7.437396e-01 5.852214e-01 2.166767e-01 7.323500e-01 6.175779e-01 1.355904e-01 1.108376e+00 8.230703e-01 5.770057e-01 4.963627e-01 9.121807e-01 4.283538e-01 1.675489e-01 -2.834048e-02 5.362812e-01 5.723834e-01 7.963923e-01 7.408489e-02 6.009156e-02 5.326830e-01 4.120758e-01 3.233981e-01 9.328217e-02 5.049595e-01 8.651931e-01 4.517124e-01 4.186902e-01 1.202963e-01 8.138351e-01 4.287238e-01 2.468306e-01 7.126769e-01 
19 267  1.000000000000000000e+05 0 0 8.260428e-01 2.769516e-01 6.070567e-01 6.143496e-01 3.095115e-01 9.738568e-01 4.138607e-01 3.499624e-01 7.790687e-01 8.409850e-01 3.563785e-01 2.850199e-01 7.373690e-01 4.514620e-02 7.731106e-02 1.316370e-01 1.838719e-01 3.411393e-01 4.428904e-01 -1.377564e-01 4.176317e-01 8.855608e-01 5.122127e-01 3.517477e-01 3.227889e-01 3.966570e-01 9.546434e-01 6.208662e-01 6.197807e-01 3.918698e-02 9.032774e-01 1.702474e-01 3.002072e-01 6.113105e-01 
20 281  4.135212262668462699e+02 0 0 7.797235e-01 7.222853e-01 3.738218e-01 3.941783e-01 4.508678e-01 5.791653e-01 8.358269e-01 5.240104e-01 5.942542e-01 7.182231e-01 6.617677e-01 3.130592e-01 8.975299e-01 1.065654e-01 -2.596428e-01 2.974611e-01 2.534474e-01 3.503089e-01 4.625662e-01 5.831840e-01 2.858221e-01 5.856917e-01 1.052271e+00 5.692389e-01 -4.107950e-02 5.462602e-01 7.061821e-01 6.301127e-01 4.167262e-01 3.605130e-02 7.637697e-01 2.780319e-01 -5.773003e-02 9.161072e-01 
21 295  1.000000000000000000e+05 0 0 7.761779e-01 2.351712e-01 3.175742e-01 5.329921e-01 3.659842e-01 7.123418e-01 2.647849e-01 3.871421e-01 5.925002e-01 4.702177e-01 2.589826e-01 9.208401e-02 9.159973e-01 5.394898e-02 6.858596e-01 1.717435e-01 3.359862e-01 1.229949e-01 5.118859e-01 5.593411e-01 4.205709e-01 6.501903e-01 8.852521e-01 3.668794e-01 1.221135e-01 5.448107e-01 1.111253e+00 6.899477e-01 1.011644e-01 5.222753e-01 8.931457e-01 2.424309e-01 7.283472e-01 5.468224e-01 
22 309  1.000000000000000000e+05 0 0 7.052284e-01 1.481920e-01 2.357196e-01 2.213372e-01 2.287878e-01 5.558820e-01 4.961096e-01 5.077098e-01 6.732972e-01 5.212120e-01 3.661964e-01 2.316779e-01 3.836538e-01 1.667152e-01 4.225486e-01 2.221359e-01 5.841769e-01 4.951701e-01 4.403585e-01 2.936736e-01 4.188524e-01 8.774900e-01 7.537704e-01 7.564522e-01 4.125516e-01 5.670987e-01 8.160970e-01 7.828880e-01 4.539577e-01 3.373191e-01 8.440537e-01 2.111941e-01 4.305898e-01 8.868929e-01 
23 323  1.000000000000000000e+05 0 0 7.258477e-01 2.410254e-01 4.364019e-01 1.371384e-01 1.559559e-01 5.675205e-01 2.481376e-01 5.295325e-01 1.170075e+00 7.280962e-01 3.934672e-01 5.885024e-01 5.611007e-01 1.466857e-01 5.580467e-01 1.692879e-01 4.115856e-01 2.806802e-01 3.959593e-01 3.138311e-01 3.212833e-01 9.897549e-01 7.875377e-01 6.335739e-01 3.183890e-01 6.849206e-01 9.471075e-01 7.926262e-01 3.686542e-01 4.674326e-01 9.086081e-01 -4.646565e-02 4.028844e-01 1.030270e+00 
24 337  3.137437998060957511e+02 0 0 8.964122e-01 3.471490e-01 5.466754e-01 4.598063e-01 1.627553e-01 4.161985e-01 4.542541e-01 5.548027e-01 6.283607e-01 8.336899e-01 7.668620e-01 2.411322e-01 5.316032e-01 1.946862e-01 4.009475e-01 1.342417e-01 4.472927e-01 6.961701e-01 5.179868e-01 5.962782e-01 3.759141e-01 6.888015e-01 8.654046e-01 4.107929e-01 4.197229e-01 4.896601e-01 8.375964e-01 6.440145e-01 1.763054e-02 1.009441e-01 8.237095e-01 2.991601e-01 4.830695e-01 9.111660e-01 
25 351  2.700109497586141742e+02 0 0 6.879117e-01 2.397774e-01 5.312043e-01 2.576781e-01 1.984792e-01 3.866724e-01 5.581440e-01 5.880785e-01 8.590503e-01 7.954713e-01 1.039403e+00 8.787268e-02 3.255550e-01 9.347084e-02 2.139650e-01 2.106028e-01 2.696796e-01 5.207098e-01 4.399015e-01 5.123456e-01 6.186220e-01 8.867153e-01 8.272891e-01 5.051482e-01 3.780493e-01 4.436926e-01 7.912922e-01 6.848029e-01 3.571574e-01 3.880744e-01 9.965231e-01 1.030590e-01 4.112313e-01 6.653919e-01 
26 365  3.278819606967654181e+02 0 0 5.309681e-01 2.661906e-01 5.678777e-01 5.052575e-01 1.725443e-01 4.873879e-01 3.456548e-01 7.019529e-01 8.703866e-01 8.880211e-01 9.991750e-01 1.470520e-01 2.182648e-01 3.680504e-01 5.230595e-01 4.609092e-02 2.680220e-01 6.718833e-01 6.534049e-01 5.009902e-01 3.590692e-01 5.816296e-01 7.638836e-01 2.319674e-01 5.282296e-01 5.773137e-01 8.249929e-01 9.158290e-01 5.078153e-02 4.159523e-01 9.047478e-01 2.488705e-01 8.377846e-01 7.609269e-01 
27 379  2.721120474560952971e+02 0 0 6.947853e-01 1.840891e-01 4.479238e-01 2.620106e-01 3.919759e-01 8.243944e-01 1.599460e-01 7.361745e-01 9.732911e-01 9.595460e-01 7.600568e-01 1.147271e-01 5.389819e-01 3.036300e-01 4.748175e-01 -1.333359e-01 1.406611e-01 8.248309e-01 7.417644e-01 5.337988e-01 4.474229e-01 6.556835e-01 8.784778e-01 2.150113e-01 3.609386e-01 5.136948e-01 6.220822e-01 6.484091e-01 2.060045e-01 7.175289e-01 9.206042e-01 -1.484449e-02 6.680708e-01 5.517655e-01 
28 393  1.000000000000000000e+05 0 0 6.378020e-01 3.729017e-01 7.298504e-01 3.499140e-01 1.459148e-01 9.486006e-01 4.668023e-01 4.868920e-01 9.764313e-01 9.080978e-01 5.446668e-01 1.123707e-01 1.760284e-01 2.434981e-01 2.545075e-01 2.405650e-01 4.719855e-01 4.672133e-01 4.314744e-01 8.013807e-01 3.310124e-01 5.630208e-01 7.934378e-01 3.811270e-01 4.297214e-01 5.115551e-01 8.196990e-01 6.154947e-01 1.841791e-01 5.489033e-01 7.523728e-01 2.189579e-01 5.910515e-01 7.805522e-01 
29 407  1.000000000000000000e+05 0 0 6.592401e-01 4.163646e-01 6.929357e-01 4.011664e-01 2.055293e-01 9.951945e-01 3.685947e-01 4.743451e-01 1.056667e+00 9.189656e-01 4.658961e-01 4.025281e-01 1.028526e-01 6.163136e-03 3.457734e-01 1.701007e-01 -4.157144e-02 4.673376e-01 3.460494e-01 5.297855e-01 6.351882e-01 4.919494e-01 9.136175e-01 3.727085e-01 7.082313e-01 3.216341e-01 6.434261e-01 5.717817e-01 2.150736e-01 3.446279e-01 7.182224e-01 4.249569e-01 4.946775e-01 9.489526e-01 
30 421  2.732576397402157909e+03 0 0 1.008911e+00 4.293995e-01 6.061007e-01 4.028077e-01 4.052183e-01 8.151664e-01 5.561541e-01 7.039868e-01 7.548598e-01 7.372325e-01 7.538980e-01 2.849571e-01 6.818842e-02 2.563651e-01 4.608383e-01 3.350309e-01 4.936321e-02 3.214118e-01 5.347360e-01 6.070942e-01 2.816532e-01 9.384860e-01 9.698939e-01 2.458765e-02 4.433365e-01 5.345698e-01 8.373764e-01 7.136919e-01 -2.475314e-01 5.832800e-01 8.685599e-01 1.745619e-01 3.223104e-01 5.127058e-01 
31 435  1.000000000000000000e+05 0 0 5.587747e-01 4.917182e-01 8.351059e-01 4.542649e-01 2.279110e-01 9.298770e-01 8.178488e-01 5.259307e-01 5.478596e-01 4.821809e-01 7.419287e-01 2.753550e-02 2.054737e-01 9.663303e-02 1.166919e-01 6.678361e-01 1.346849e-01 3.247667e-01 8.000282e-01 2.586212e-01 4.057824e-01 8.020531e-01 8.492796e-01 2.019839e-02 7.569883e-01 6.175061e-01 6.510440e-01 4.662875e-01 4.452265e-01 5.394535e-01 6.643977e-01 4.228859e-01 5.848087e-01 6.178549e-01 
32 449  1.000000000000000000e+05 0 0 4.450507e-01 6.633960e-01 9.013317e-01 3.579541e-01 4.124132e-01 7.665272e-01 3.845607e-01 5.626273e-01 4.406417e-01 3.031879e-01 6.210095e-01 1.953821e-01 2.060319e-01 4.895471e-01 4.434754e-02 7.142943e-01 1.141905e-01 2.704410e-01 5.337728e-01 4.050118e-01 2.389346e-01 6.447371e-01 9.526798e-01 5.124256e-02 5.491127e-01 5.835286e-01 8.768657e-01 7.979721e-01 5.381406e-01 4.896214e-01 7.679888e-01 4.609419e-01 8.191910e-01 4.270935e-01 
33 463  1.000000000000000000e+05 0 0 4.348700e-01 3.419487e-01 5.334410e-01 4.439893e-01 3.733299e-01 9.052388e-01 1.876077e-01 7.224426e-01 3.135590e-01 4.064668e-01 7.255910e-01 3.366811e-01 2.756532e-01 5.001574e-01 2.667626e-01 6.944786e-01 2.185071e-01 7.012559e-02 9.859700e-01 5.708817e-01 4.760109e-01 1.040770e+00 8.741671e-01 3.300439e-01 4.628617e-01 4.952921e-01 7.762467e-01 6.053600e-01 4.872615e-01 7.323943e-01 9.133384e-01 4.705769e-01 9.045684e-01 6.976182e-01 
34 477  1.260817642248622178e+03 0 0 4.513325e-01 4.278808e-01 6.706634e-01 1.821179e-01 3.381587e-01 8.709011e-01 6.518879e-01 9.053675e-01 5.245277e-01 5.365006e-01 6.231786e-01 4.478661e-01 -3.423734e-01 3.684538e-01 1.435389e-01 2.792381e-01 4.294683e-01 4.618632e-01 4.444376e-01 3.777033e-01 2.421143e-01 1.000673e+00 6.605261e-01 6.437011e-02 7.316697e-01 5.113797e-01 8.690361e-01 7.421779e-01 5.131766e-01 3.820321e-01 8.793101e-01 6.592064e-01 6.499402e-01 5.457664e-01 
35 491  1.000000000000000000e+05 0 0 5.563845e-01 3.907784e-01 5.701740e-01 4.159905e-01 4.097162e-01 9.447409e-01 4.827416e-01 4.997975e-01 5.382533e-02 5.188170e-01 7.262819e-01 2.605600e-01 1.356352e-01 5.903011e-02 2.725018e-01 7.520447e-01 2.538200e-01 5.581289e-02 7.566632e-01 2.557615e-01 2.146444e-01 7.449828e-01 5.753132e-01 1.240204e-01 4.810365e-01 4.107878e-01 6.387352e-01 5.403931e-01 5.120438e-01 8.296271e-01 7.930515e-01 6.751972e-01 5.822632e-01 5.113172e-01 
36 505  1.000000000000000000e+05 0 0 8.608394e-01 4.117008e-01 5.195389e-01 4.414779e-01 1.056412e-01 9.876229e-01 3.710127e-01 4.653700e-01 7.478348e-01 6.069954e-01 2.895114e-01 5.847414e-01 1.249526e-01 3.227763e-01 3.093251e-01 5.322346e-01 9.101203e-02 9.557134e-03 7.414926e-01 2.586950e-01 1.801576e-01 1.011522e+00 8.534639e-01 2.425408e-01 4.977850e-01 4.139154e-01 6.086602e-01 3.084963e-01 6.352187e-01 6.168209e-01 8.010042e-01 8.692288e-01 9.368077e-01 7.759380e-01 
37 519  1.000000000000000000e+05 0 0 6.086467e-01 5.560136e-01 7.816601e-01 5.333420e-01 1.972102e-02 1.045343e+00 6.360510e-01 4.095021e-01 2.690059e-01 5.722173e-01 6.259210e-01 2.203300e-01 2.340271e-01 3.650493e-01 4.981130e-01 7.646978e-01 4.853968e-01 2.091334e-01 4.663636e-01 2.999927e-01 8.115618e-02 6.342809e-01 5.920070e-01 2.160302e-01 6.362401e-01 5.312081e-01 6.478612e-01 3.972088e-01 5.607286e-01 2.560977e-01 7.413051e-01 8.939485e-01 6.785677e-01 4.993895e-01 
38 533  1.000000000000000000e+05 0 0 7.924132e-01 5.969754e-01 6.763864e-01 6.183651e-01 1.397399e-01 1.042710e+00 4.296710e-01 3.045079e-01 4.782529e-01 8.269094e-01 2.811505e-01 3.461297e-01 1.138188e-01 2.187580e-01 1.853576e-01 8.275997e-01 3.926954e-01 4.843618e-01 4.304580e-01 1.620019e-01 3.883175e-01 8.483071e-01 5.200367e-01 4.363207e-01 5.534686e-01 6.449531e-01 5.657356e-01 5.725530e-01 5.888049e-01 1.425172e-01 8.171819e-01 6.447583e-01 6.901706e-01 3.785891e-01 
39 547  1.000000000000000000e+05 0 0 6.186888e-01 3.063429e-01 4.214684e-01 7.178025e-01 4.580294e-01 7.454860e-01 5.741832e-01 4.283321e-01 3.354350e-01 1.039970e+00 3.288607e-01 2.836134e-01 2.894271e-01 1.458351e-01 4.011528e-01 4.678664e-01 3.190118e-01 2.544052e-01 6.818447e-01 4.198182e-01 3.613992e-01 9.001622e-01 7.234200e-01 5.258749e-01 4.060229e-01 8.021830e-01 2.938274e-01 4.926746e-01 5.278476e-01 6.033466e-01 3.663218e-01 8.785647e-01 7.916644e-01 6.380440e-01 
40 561  1.000000000000000000e+05 0 0 5.171849e-01 6.123246e-01 9.548683e-02 6.022875e-01 2.256772e-01 8.558084e-01 7.425495e-01 2.435790e-01 4.745295e-01 6.951566e-01 3.154873e-01 4.599638e-01 1.992238e-01 2.047315e-01 4.943793e-01 9.489392e-01 3.648120e-01 3.165465e-01 9.670047e-01 1.253520e-01 1.617945e-01 8.058813e-01 7.810721e-01 4.635275e-01 6.457002e-01 3.338552e-01 3.504777e-01 5.374604e-01 2.916304e-01 4.410470e-01 2.973728e-01 7.166774e-01 8.226308e-01 5.804984e-01 
41 575  1.000000000000000000e+05 0 0 7.543254e-01 2.707062e-01 1.837260e-01 6.532528e-01 1.269760e-01 8.403640e-01 6.131041e-01 1.314271e-01 6.924776e-01 7.674695e-01 3.644571e-01 3.647118e-01 5.430250e-01 3.378668e-01 3.598527e-01 4.069990e-01 4.425780e-01 7.552623e-02 7.498855e-01 6.328990e-02 2.192046e-01 9.738929e-01 5.084806e-01 6.706191e-01 5.313391e-01 2.095820e-01 4.406447e-01 6.159605e-01 2.790205e-01 5.675657e-01 2.809515e-01 6.119256e-01 6.628990e-01 6.191174e-01 
42 589  1.000000000000000000e+05 0 0 7.645762e-01 4.276370e-01 2.469854e-01 4.314710e-01 1.027768e-01 9.720142e-01 7.166265e-01 1.832449e-01 4.928527e-01 5.522992e-01 4.539635e-01 2.875674e-01 4.579211e-01 3.190166e-01 5.095006e-01 9.584240e-01 4.248130e-01 3.522529e-01 1.067784e+00 -8.821760e-02 2.408382e-01 7.584152e-01 7.665270e-01 3.475949e-01 3.891184e-01 1.633231e-01 6.138212e-01 7.640846e-01 2.777260e-01 4.607755e-01 2.225114e-01 5.483138e-01 8.736297e-01 5.903034e-01 
43 603  1.000000000000000000e+05 0 0 7.964474e-01 2.457022e-01 1.424890e-02 5.949856e-01 1.537811e-01 7.219540e-01 6.342946e-01 9.965901e-02 3.465591e-01 5.603448e-01 5.744451e-01 3.983319e-01 4.329398e-01 2.770565e-01 1.033248e-01 6.512054e-01 3.415039e-01 1.436227e-01 4.247295e-01 1.252230e-01 1.559089e-01 7.201878e-01 5.171618e-01 3.194388e-02 5.931449e-01 1.494558e-01 6.108673e-01 6.087076e-01 2.729143e-01 5.270212e-01 3.901198e-01 6.916014e-01 4.654149e-01 6.316411e-01 
44 617  1.000000000000000000e+05 0 0 5.875604e-01 3.055704e-01 2.555514e-01 5.541677e-01 5.548850e-01 7.468189e-01 2.843721e-01 -1.096554e-01 4.453481e-01 7.149472e-01 5.038618e-01 4.398632e-01 8.155489e-01 2.112863e-02 -3.989425e-02 7.002986e-01 2.472698e-01 6.682793e-01 4.980207e-01 7.832350e-02 2.319230e-01 7.132346e-01 6.379313e-01 2.048125e-01 4.457800e-01 1.343937e-01 5.509362e-01 6.974836e-01 5.836653e-01 -5.694220e-02 3.244818e-01 8.416895e-01 6.893655e-01 7.089343e-01 
45 631  1.000000000000000000e+05 0 0 9.405349e-01 6.399385e-01 -4.921373e-02 4.048444e-01 3.710217e-01 6.949698e-01 7.086248e-01 7.959555e-02 1.993913e-01 5.283414e-01 8.355262e-01 4.296611e-01 5.196832e-01 2.780830e-01 1.125309e-01 1.123734e+00 4.223889e-01 -1.016173e-01 6.795171e-01 4.130171e-01 2.144726e-02 4.362177e-01 8.311676e-01 4.715926e-02 5.074160e-01 4.354160e-01 4.257377e-01 1.031219e+00 4.631101e-01 2.866744e-01 6.481317e-01 4.922988e-01 7.801269e-01 1.441044e-02 
46 645  1.000000000000000000e+05 0 0 7.882703e-01 4.123222e-01 5.274264e-03 6.502783e-01 -2.645879e-01 1.036696e+00 6.409142e-01 4.611589e-01 4.818999e-01 7.187998e-01 3.947709e-01 3.588243e-01 7.017219e-01 3.717379e-01 1.878979e-01 3.855870e-01 1.553479e-01 3.285199e-01 7.609678e-01 4.790955e-01 4.250344e-02 8.263685e-01 6.324027e-01 5.647310e-01 3.419663e-01 3.367277e-01 3.722481e-01 6.391503e-01 5.233282e-01 5.186700e-01 4.653349e-01 8.085478e-02 9.085704e-01 2.967806e-01 
47 659  1.000000000000000000e+05 0 0 7.356916e-01 5.073406e-01 6.060514e-02 9.672980e-01 2.327987e-01 9.825524e-01 6.558324e-01 1.095520e-01 4.630233e-01 6.100859e-01 6.637791e-01 5.113914e-01 6.765063e-01 3.930645e-01 5.153433e-01 4.514613e-01 5.056544e-02 2.683343e-01 3.390442e-01 5.993971e-02 5.132210e-01 6.757883e-01 1.064931e+00 5.181968e-01 5.553535e-01 9.413297e-02 6.620266e-01 5.503134e-01 5.032586e-01 2.622651e-01 6.561064e-01 7.095862e-01 7.836613e-01 4.006141e-01 
48 673  1.000000000000000000e+05 0 0 6.660179e-01 4.091106e-01 4.160925e-01 4.788632e-01 3.763230e-01 8.188843e-01 5.965689e-01 5.097537e-01 4.174256e-01 4.693961e-01 7.348786e-01 6.484230e-01 7.594027e-01 5.832897e-01 -3.033145e-02 6.260251e-01 3.220970e-01 3.191027e-01 3.754860e-01 3.400241e-02 3.533123e-01 6.402574e-01 5.806177e-01 7.543343e-01 6.966725e-01 3.344737e-01 6.332624e-01 6.566561e-01 6.635889e-01 3.667485e-01 7.132049e-01 6.545875e-01 1.050322e+00 8.637233e-01 
49 687  1.000000000000000000e+05 0 0 -4.899818e-02 9.697499e-02 2.976706e-01 4.643787e-01 3.783083e-01 9.252995e-01 4.647946e-01 3.819506e-01 1.421995e-01 5.918784e-01 5.146371e-01 3.368852e-01 5.439051e-01 5.708999e-01 4.132967e-01 6.810376e-01 3.165251e-01 2.941036e-01 3.312828e-01 1.463338e-01 4.711292e-01 6.522701e-01 7.973849e-01 8.896056e-01 7.655163e-01 6.561711e-01 6.919402e-01 9.355080e-01 8.504055e-01 2.747825e-01 6.071805e-01 5.065726e-01 8.219289e-01 2.496492e-01 
50 701  1.000000000000000000e+05 0 0 5.003376e-01 2.076063e-01 4.793522e-01 3.093963e-01 4.018445e-01 8.216324e-01 4.265427e-01 4.674533e-01 1.850600e-01 5.396623e-01 5.246991e-01 3.899624e-01 3.993282e-01 3.421569e-01 5.371279e-01 2.256265e-01 3.108813e-01 4.283892e-01 -1.040808e-02 4.273504e-01 2.022739e-01 5.750614e-01 1.000753e+00 6.807612e-01 7.473258e-01 5.048506e-01 7.789486e-01 6.258297e-01 5.014132e-01 3.610598e-01 1.046597e+00 6.572634e-01 9.844417e-01 5.151790e-01 
51 715  1.000000000000000000e+05 0 0 3.725515e-01 2.231500e-01 5.145190e-01 5.154695e-01 2.139350e-01 6.443180e-01 8.469553e-01 2.419291e-01 2.330083e-01 4.506536e-01 4.841275e-01 4.282325e-01 6.219690e-01 2.140987e-01 2.824554e-01 4.824173e-01 -1.101731e-02 6.072435e-01 1.676382e-01 1.450571e-01 5.285451e-01 6.317026e-01 7.238346e-01 7.447856e-01 6.968314e-01 4.162210e-01 4.090188e-01 4.514806e-01 1.038526e+00 3.641851e-01 5.604375e-01 9.191659e-01 8.297182e-01 7.893413e-01 
52 729  1.000000000000000000e+05 0 0 2.906612e-01 4.847269e-01 5.357947e-01 3.674278e-01 2.344813e-01 6.024568e-01 9.222706e-01 4.182987e-01 1.604265e-01 8.129690e-01 5.835084e-01 6.314790e-01 6.470216e-01 2.186186e-01 1.153832e-01 2.366342e-01 3.288767e-01 4.206318e-01 3.465298e-02 9.268466e-02 1.132091e-01 1.016733e+00 1.008513e+00 9.152709e-01 8.363041e-01 3.877257e-01 5.384897e-01 7.755624e-01 5.384150e-01 1.762385e-01 4.555026e-01 5.400344e-01 3.717644e-01 5.444271e-01 
53 743  1.000000000000000000e+05 0 0 3.699128e-01 6.265187e-01 3.657859e-01 4.977760e-01 -2.785578e-02 8.747824e-01 7.815609e-01 5.030762e-01 1.556786e-01 9.956130e-01 5.720772e-01 4.005698e-01 5.992102e-01 3.570089e-01 3.305178e-01 1.766300e-01 -1.465841e-01 3.377230e-01 3.946042e-01 8.780164e-02 2.669592e-01 4.308217e-01 1.090039e+00 7.349242e-01 5.755444e-01 2.589231e-02 8.244487e-01 2.820146e-01 6.772892e-01 5.977332e-01 4.975968e-01 2.875569e-01 7.017476e-01 6.398618e-01 
54 757  1.000000000000000000e+05 0 0 5.603119e-01 2.257114e-01 6.527877e-01 6.657534e-01 1.808035e-01 9.052562e-01 6.138666e-01 6.169586e-01 4.548805e-02 9.651580e-01 2.560258e-01 6.565131e-01 3.898835e-01 1.158171e-01 2.461947e-01 5.556106e-01 6.250220e-01 4.248814e-01 -1.868118e-01 -1.992607e-01 3.744017e-01 5.647781e-01 7.584926e-01 8.992331e-01 4.683363e-01 1.907516e-01 7.085271e-01 6.345417e-01 6.224617e-01 4.739673e-01 3.760222e-01 2.479596e-01 6.951894e-01 8.172266e-01 
55 771  1.000000000000000000e+05 0 0 1.351828e-01 4.139649e-01 6.295172e-01 9.252472e-01 4.663124e-01 9.201535e-01 1.073260e+00 3.169840e-02 -4.828010e-02 7.236510e-01 6.791541e-01 5.160937e-01 5.827506e-01 4.562581e-01 1.418815e-01 2.673227e-01 -4.182139e-03 2.628865e-01 1.250141e-01 1.612969e-01 6.212340e-01 7.896226e-01 5.601887e-01 9.264231e-01 8.605236e-01 4.216918e-01 3.749661e-01 7.513046e-01 6.312744e-01 1.221859e-01 3.335595e-01 3.899650e-01 8.284400e-01 1.718574e-01 
56 785  1.000000000000000000e+05 0 0 1.922982e-01 1.229001e-01 5.831732e-01 7.982174e-01 2.058280e-01 9.460718e-01 7.531485e-01 4.279736e-01 3.692634e-01 5.947368e-01 6.492266e-01 3.389994e-01 5.533644e-01 3.580187e-01 1.179002e-01 2.498454e-01 6.874092e-02 3.602686e-01 1.436189e-01 3.127136e-01 5.574169e-01 6.352113e-01 7.835585e-01 6.895739e-01 6.855177e-01 -8.966882e-02 5.255293e-01 3.512291e-01 4.110240e-01 1.450514e-01 6.169304e-01 2.632734e-01 7.434345e-01 4.800318e-01 
57 799  1.000000000000000000e+05 0 0 4.443683e-01 3.640558e-01 4.365803e-01 6.421762e-01 4.268264e-01 6.174389e-01 6.277019e-01 2.495670e-01 2.984188e-01 5.788494e-01 6.651182e-01 5.486995e-01 9.171720e-01 3.906582e-01 3.745629e-01 2.928253e-01 2.914453e-01 3.988534e-01 -1.930073e-01 -5.075626e-03 9.373196e-01 4.474240e-01 7.611239e-01 5.295748e-01 7.643364e-01 1.427625e-01 1.025885e+00 2.393530e-01 5.521922e-01 6.194129e-02 4.017903e-01 4.504337e-01 6.919670e-01 5.611590e-01 
58 813  1.000000000000000000e+05 0 0 3.906156e-01 2.422433e-01 2.492196e-01 6.508665e-01 -7.167953e-02 6.317640e-01 4.025906e-01 3.477875e-01 4.458506e-01 7.475737e-01 7.983622e-01 1.580113e-01 8.707000e-01 6.157627e-01 1.118156e-01 -4.316625e-03 4.982544e-01 2.733335e-01 3.364483e-01 -4.078865e-02 4.787568e-01 2.926349e-01 5.128676e-01 6.863174e-01 4.840487e-01 8.104316e-02 7.145650e-01 6.696461e-01 4.512340e-01 2.734245e-01 3.254015e-01 4.475366e-01 9.657371e-01 5.934189e-01 
59 827  1.000000000000000000e+05 0 0 6.663797e-01 3.757964e-01 4.284788e-01 7.266984e-01 5.332330e-01 8.348883e-01 5.809648e-01 1.220308e-01 6.353651e-01 6.220106e-01 2.829828e-01 6.442012e-01 5.830296e-01 5.313205e-01 3.494290e-01 4.239469e-01 2.997587e-01 7.018285e-01 1.259612e-01 2.077392e-01 4.580020e-01 3.458938e-01 8.515232e-01 4.658900e-01 8.350956e-01 3.613310e-01 9.567298e-01 6.767921e-01 3.313434e-01 1.424116e-01 5.318712e-01 6.379397e-01 8.771208e-01 6.562832e-01 
60 841  1.000000000000000000e+05 0 0 6.456699e-01 3.771553e-01 3.011919e-01 8.364714e-01 5.829361e-01 1.179282e+00 4.120449e-01 3.826148e-02 9.391011e-01 2.012424e-01 1.689042e-01 6.790455e-01 9.873964e-01 3.515376e-01 3.671576e-01 2.006558e-01 7.087946e-01 9.342457e-01 1.708829e-01 2.455445e-01 5.941834e-01 5.674271e-01 6.891786e-01 3.275573e-01 5.122730e-01 7.136543e-01 4.467217e-01 4.902065e-01 1.994172e-01 1.395046e-01 5.291689e-01 1.087830e+00 7.359783e-01 5.997227e-01 
61 855  1.000000000000000000e+05 0 0 6.174835e-01 3.757137e-01 3.355245e-01 5.400853e-01 6.890816e-01 7.961058e-01 4.657952e-01 -8.008760e-02 5.681557e-01 6.431318e-01 5.159368e-01 7.334340e-01 7.964538e-02 3.455950e-01 3.675979e-01 6.562789e-01 5.229910e-01 6.164588e-01 3.993365e-01 5.581676e-01 4.195075e-01 3.036392e-01 7.031296e-01 8.527560e-01 3.943505e-01 3.076811e-01 8.308838e-01 7.136912e-01 5.914588e-01 -1.064197e-01 6.439994e-01 5.596656e-01 8.539596e-01 8.459064e-01 
62 869  1.000000000000000000e+05 0 0 7.385567e-01 6.144258e-01 5.369714e-02 1.334781e+00 6.237591e-01 1.034813e+00 5.389221e-01 -3.446951e-02 7.013622e-01 8.048400e-01 5.726744e-01 4.004196e-01 3.589639e-01 1.273180e-02 3.692565e-01 6.463766e-01 4.839965e-01 5.001869e-01 4.896029e-01 3.064002e-01 2.803085e-01 2.804102e-01 1.117127e+00 6.790426e-01 6.232918e-01 7.134132e-01 6.567659e-01 8.402413e-01 6.680713e-01 2.263792e-01 5.193519e-01 4.264603e-01 1.003786e+00 7.266892e-01 
63 883  1.000000000000000000e+05 0 0 1.014634e+00 6.427179e-01 2.175490e-01 7.159747e-01 7.398764e-02 6.958421e-01 4.152354e-01 1.339095e-01 9.984811e-01 5.181695e-01 6.102824e-01 3.974297e-01 3.690541e-01 7.584383e-01 7.178322e-01 3.239220e-01 5.231491e-01 4.284844e-01 -1.179449e-01 3.518015e-01 6.600264e-01 5.710303e-01 7.216533e-01 4.996554e-01 7.935929e-01 7.635458e-01 5.816646e-01 8.294831e-01 7.583170e-01 3.200177e-01 5.135446e-01 5.515378e-01 9.029049e-01 3.459298e-01 
64 897  1.000000000000000000e+05 0 0 4.400062e-01 6.974522e-01 1.219707e-01 6.546421e-01 2.627345e-01 1.003957e+00 3.747635e-01 9.177952e-02 8.702688e-01 7.785146e-01 6.218237e-01 2.453699e-01 4.489931e-01 7.603382e-01 -1.396342e-03 3.044404e-01 8.307904e-01 5.421555e-01 2.282696e-01 3.687550e-01 6.528513e-01 2.023649e-01 9.565243e-01 5.554423e-01 6.528874e-01 5.662245e-01 6.961737e-01 5.436346e-01 4.292150e-01 2.304381e-03 8.830647e-01 4.466977e-01 7.029917e-01 6.143176e-01 
65 911  1.000000000000000000e+05 0 0 3.364171e-01 5.508514e-01 5.197876e-03 5.751943e-01 2.471776e-01 7.216786e-01 2.968765e-01 6.986555e-01 6.052980e-01 6.364331e-01 4.791051e-01 2.771544e-01 6.606602e-01 5.654166e-01 1.070423e-01 2.725425e-01 6.601858e-01 1.447978e-01 2.576836e-01 -1.287045e-01 8.942022e-01 2.297284e-01 9.366576e-01 8.134575e-01 4.628641e-01 7.109417e-01 6.347756e-01 9.560098e-01 7.453963e-01 -2.950233e-01 7.593039e-01 5.475968e-01 5.272141e-01 6.654131e-01 
66 925  1.000000000000000000e+05 0 0 6.746677e-01 4.253479e-01 1.479342e-01 6.796173e-01 9.646026e-02 8.529742e-01 3.450394e-01 3.092122e-01 9.442842e-01 9.140953e-01 2.728019e-01 5.924231e-01 7.627869e-01 3.798969e-01 4.581544e-01 3.245098e-01 6.637485e-01 8.865769e-01 2.798610e-01 2.252355e-01 4.770927e-01 3.864028e-01 9.567995e-01 5.605920e-01 3.349233e-01 7.595059e-01 9.803420e-01 4.883218e-01 6.744349e-01 2.613253e-01 8.842412e-01 2.317966e-01 6.065105e-01 1.077129e+00 
67 939  1.000000000000000000e+05 0 0 8.053902e-01 2.955006e-01 2.513103e-01 4.634180e-01 3.874509e-01 5.319799e-01 3.587155e-01 2.748367e-01 1.175102e+00 9.062198e-01 8.113286e-01 -5.367674e-02 5.399996e-01 4.788959e-01 5.059764e-01 6.624898e-01 5.441739e-01 8.519336e-01 1.327670e-01 2.686311e-01 9.075811e-01 3.034283e-01 7.877384e-01 4.637915e-01 5.784055e-01 6.932992e-01 7.053540e-01 8.943632e-01 3.954101e-01 7.510371e-02 1.101808e+00 1.917752e-01 6.103630e-01 9.679288e-01 
68 953  1.000000000000000000e+05 0 0 4.095365e-01 6.070407e-01 -1.051706e-01 4.795057e-01 -2.346540e-01 6.375793e-01 2.543264e-01 3.169674e-01 8.571213e-01 9.429348e-01 3.828810e-01 3.083331e-01 6.852701e-01 3.458958e-01 5.510313e-01 5.521226e-01 3.047052e-01 1.024768e+00 1.511860e-01 1.596934e-01 5.325993e-01 5.472545e-01 9.058292e-01 3.795891e-01 3.775046e-01 7.055254e-01 9.246449e-01 7.678593e-01 3.574916e-01 5.077126e-02 9.688295e-01 3.575757e-01 1.043848e+00 1.129011e+00 
69 967  1.000000000000000000e+05 0 0 5.919228e-01 4.569997e-01 1.866643e-01 2.373417e-01 2.416548e-01 6.802532e-01 2.123884e-01 2.150579e-01 1.040730e+00 8.725886e-01 6.427634e-01 3.261338e-01 4.598463e-01 4.523820e-01 3.799520e-01 3.815470e-01 8.568846e-01 7.947677e-01 2.525486e-01 4.812541e-01 4.246474e-01 -5.147857e-02 7.120096e-01 4.135754e-01 8.847499e-01 5.891003e-01 9.545083e-01 9.193204e-01 6.127351e-01 7.106412e-01 9.178207e-01 3.218981e-01 7.482516e-01 8.423123e-01 
70 981  1.000000000000000000e+05 0 0 4.350703e-01 3.697353e-01 1.988032e-01 5.458638e-01 5.253638e-01 6.535930e-01 1.216565e-01 2.156542e-01 1.125644e+00 1.032785e+00 5.348006e-01 3.405409e-01 3.298147e-01 4.489925e-01 3.732478e-01 3.976668e-01 6.357924e-01 7.362699e-01 2.648576e-01 4.003497e-01 5.331788e-01 3.792458e-01 7.956476e-01 5.447887e-01 4.290426e-01 1.097797e+00 5.709016e-01 7.900479e-01 6.619085e-01 2.934846e-01 8.052817e-01 6.604541e-01 8.764417e-01 7.985540e-01 
71 995  1.000000000000000000e+05 0 0 6.850929e-01 3.701388e-01 -2.445072e-02 4.104116e-01 4.682605e-01 6.600365e-01 1.169790e-02 2.439947e-01 8.709235e-01 1.184747e+00 6.608187e-01 3.908281e-01 2.707601e-01 6.724528e-01 2.159240e-01 5.049190e-01 6.564576e-01 8.922267e-01 4.107742e-03 1.605480e-01 5.558448e-01 2.285807e-01 7.477786e-01 7.013416e-01 4.887710e-01 6.388437e-01 8.470595e-01 8.430854e-01 7.854040e-01 3.932755e-01 9.470650e-01 6.841583e-01 7.752519e-01 6.099806e-01 
72 1009  1.000000000000000000e+05 0 0 3.891053e-01 5.640613e-01 3.321169e-01 4.170365e-01 3.601191e-01 7.017729e-01 -3.941799e-02 2.815091e-01 9.977080e-01 7.635577e-01 5.385547e-01 2.792117e-01 2.687116e-01 3.493063e-01 3.723151e-01 2.526831e-01 9.261168e-01 1.201818e+00 5.478289e-01 7.194299e-01 6.410524e-01 2.202591e-01 9.964612e-01 4.992262e-01 5.679645e-01 7.617609e-01 5.407928e-01 6.918861e-01 7.270225e-01 3.113647e-01 9.594274e-01 5.265168e-01 7.850359e-01 9.681147e-01 
73 1023  1.000000000000000000e+05 0 0 4.499339e-01 5.784110e-01 3.083425e-01 3.833821e-01 1.823250e-01 7.006090e-01 4.148641e-01 1.872595e-01 7.447898e-01 9.813665e-01 6.778101e-01 3.055629e-01 5.354710e-01 4.414672e-01 7.774261e-01 5.312071e-01 8.011273e-01 5.905958e-01 2.874941e-01 6.162288e-01 4.783757e-01 3.755933e-01 9.628642e-01 8.867645e-01 4.766147e-01 6.202923e-01 3.622329e-01 5.679866e-01 4.310723e-01 2.116702e-01 4.709063e-01 2.582920e-01 2.067976e-01 8.002227e-01 
74 1037  1.000000000000000000e+05 0 0 3.976318e-01 3.329744e-01 4.194951e-01 3.865113e-01 3.170351e-01 9.631552e-01 4.415981e-01 -2.891859e-01 9.463219e-01 7.403729e-01 4.136433e-01 9.832453e-02 4.307244e-01 6.044055e-01 4.047143e-01 6.081473e-01 7.391552e-01 5.761133e-01 -6.134280e-02 4.258998e-01 2.475759e-01 2.630296e-01 8.588858e-01 1.028428e+00 1.664691e-01 5.405515e-01 3.857528e-01 8.769586e-01 5.318522e-01 1.613181e-01 4.445574e-01 1.762656e-01 7.786146e-01 5.492583e-01 
75 1051  1.000000000000000000e+05 0 0 -4.616030e-02 6.135875e-01 2.274438e-01 3.120603e-01 2.866596e-01 8.643527e-01 4.163677e-01 4.235578e-01 6.107570e-01 8.093595e-01 7.705493e-01 1.803171e-01 8.738273e-02 4.371924e-01 5.069222e-01 7.492757e-01 5.385692e-01 7.787816e-01 1.627077e-01 2.468424e-01 5.471150e-01 2.962534e-01 9.071867e-01 6.832492e-01 5.790666e-01 6.295117e-01 4.531855e-01 8.903819e-01 5.706623e-01 2.487857e-01 5.398149e-01 1.514410e-01 5.778111e-01 4.611014e-01 
76 1065  1.000000000000000000e+05 0 0 4.139474e-01 7.492473e-01 3.494169e-01 3.582645e-01 -2.022598e-01 5.248189e-01 3.748912e-01 3.000716e-01 7.629820e-01 3.788630e-01 8.244203e-01 2.226754e-01 4.982076e-01 6.126003e-01 4.714113e-01 6.768948e-01 8.242050e-01 7.435256e-01 3.754152e-01 4.647978e-01 7.020522e-01 3.080993e-01 1.267448e+00 1.098852e+00 7.572664e-01 7.718022e-01 2.160989e-01 5.992749e-01 8.037360e-01 3.218692e-01 8.456336e-01 3.755787e-01 4.003692e-02 4.195701e-01 
77 1079  1.000000000000000000e+05 0 0 5.082852e-01 5.441692e-01 1.425543e-01 6.159991e-01 1.305345e-02 7.289811e-01 2.289335e-01 1.673468e-01 5.596736e-01 6.229061e-01 8.516953e-01 3.534849e-01 4.965352e-02 8.958657e-02 5.247845e-01 5.299363e-01 7.670504e-01 5.619221e-01 2.222015e-01 1.020157e+00 8.070784e-01 3.195956e-01 7.630194e-01 6.267621e-01 1.066954e+00 7.561979e-01 1.589082e-01 4.835010e-01 7.823098e-01 3.751686e-01 6.556101e-01 2.277922e-01 2.166703e-01 5.913634e-01 
78 1093  1.000000000000000000e+05 0 0 2.542101e-01 9.893326e-01 4.502251e-01 5.033683e-01 3.611980e-01 6.769953e-01 5.408255e-01 5.352974e-01 5.346118e-01 5.756425e-01 6.333878e-01 2.222127e-01 2.970140e-01 5.054785e-01 4.876950e-01 8.638268e-01 1.050507e+00 6.101607e-01 3.683031e-01 5.771787e-01 3.789330e-01 5.262417e-02 8.341060e-01 5.698077e-01 8.263611e-01 7.272431e-01 5.897503e-02 1.321326e-01 5.299581e-01 4.051004e-01 4.619433e-01 6.046210e-01 6.329533e-01 6.031093e-01 
79 1107  1.000000000000000000e+05 0 0 4.864788e-01 4.850892e-01 5.471086e-01 3.937209e-01 3.230930e-01 4.991224e-01 4.889041e-01 3.499039e-01 4.947617e-01 7.628475e-01 7.367599e-01 3.209211e-01 5.827365e-01 2.861982e-01 4.244587e-01 8.266070e-01 9.373776e-01 7.962583e-01 3.482506e-01 7.017394e-01 6.530746e-01 -1.590532e-01 7.307541e-01 6.585446e-01 8.043451e-01 7.237209e-01 3.054469e-01 2.347657e-01 9.201640e-01 2.881121e-02 6.933921e-01 6.963760e-01 6.053209e-01 5.358525e-01 
80 1121  1.000000000000000000e+05 0 0 -5.798498e-03 7.245574e-01 4.259481e-01 5.671812e-01 5.412308e-01 1.067758e+00 7.238707e-01 4.565039e-01 6.937303e-01 6.283418e-01 9.828912e-01 6.624925e-01 4.935718e-01 6.455109e-01 2.489759e-01 8.533224e-01 1.061036e+00 4.571779e-01 4.827897e-01 5.310797e-01 1.081202e+00 3.809045e-01 6.671690e-01 4.150234e-01 7.516494e-01 4.020237e-01 3.988684e-02 5.043605e-01 8.095764e-01 3.029261e-01 5.603648e-01 4.822480e-01 6.352991e-01 6.168713e-01 
81 1135  1.000000000000000000e+05 0 0 7.299290e-01 4.569549e-01 5.095932e-01 5.447489e-01 6.491135e-03 6.763935e-01 9.090103e-01 2.462522e-01 4.332964e-01 4.546084e-01 7.097176e-01 9.663810e-02 2.420148e-01 4.409690e-01 -2.155457e-01 6.280350e-01 7.477808e-01 5.091543e-01 2.305830e-01 5.054310e-01 8.858603e-01 7.029973e-01 9.958194e-01 6.806605e-01 6.315949e-01 7.547343e-01 4.138956e-02 4.834201e-01 7.256333e-01 6.151666e-01 6.710528e-01 4.959873e-01 6.603352e-01 5.633099e-01 
82 1149  1.000000000000000000e+05 0 0 3.963376e-01 3.867984e-01 4.609299e-01 2.453298e-01 2.649892e-01 6.548594e-01 7.992379e-01 5.681505e-01 4.450379e-01 2.466273e-01 7.802773e-01 1.866271e-01 9.033263e-01 2.585236e-01 3.168372e-01 7.897223e-01 7.727835e-01 5.504770e-01 -1.140294e-01 4.115954e-01 6.009709e-01 6.332560e-01 6.472254e-01 4.522042e-01 5.790687e-01 2.029608e-01 3.440683e-01 6.014009e-01 5.795734e-01 7.187208e-01 6.159751e-01 3.023357e-01 4.264405e-01 4.411036e-01 
83 1163  1.000000000000000000e+05 0 0 2.287759e-01 5.229397e-01 5.322154e-01 4.095021e-01 -5.400935e-02 2.737383e-01 7.594277e-01 3.906616e-01 1.799373e-01 6.406773e-01 8.170784e-01 3.861030e-02 6.051740e-01 4.168568e-01 2.994341e-01 5.854405e-01 4.334664e-01 5.998887e-01 3.324303e-01 5.925610e-01 6.393057e-01 2.307369e-01 3.765513e-01 5.370003e-01 1.040548e+00 5.280631e-01 4.113629e-01 5.333872e-01 6.451932e-01 6.945695e-01 2.447940e-01 1.435136e-01 7.294745e-01 5.280578e-01 
84 1177  1.000000000000000000e+05 0 0 2.160679e-01 4.715842e-01 4.838249e-01 5.259391e-01 3.989430e-02 9.223562e-01 9.694434e-01 2.771560e-01 4.614266e-01 5.600509e-01 3.390521e-01 1.806960e-01 4.004580e-01 4.709819e-01 6.103689e-01 9.115581e-01 5.692483e-01 5.239443e-01 2.963088e-01 8.637912e-01 9.334047e-01 6.424860e-01 8.446137e-01 5.653731e-01 8.072360e-01 6.196172e-01 3.462829e-01 5.093374e-01 8.034081e-01 5.284599e-01 2.053419e-01 1.247546e-01 2.557108e-01 4.226449e-01 
85 1191  1.000000000000000000e+05 0 0 2.008840e-02 6.380243e-01 4.180643e-01 4.290610e-01 8.888411e-02 5.105963e-01 9.086218e-01 5.142304e-01 -8.731380e-02 7.570506e-01 6.907795e-01 1.378919e-01 2.929013e-01 4.693800e-01 5.998422e-01 6.857625e-01 9.260916e-01 7.582417e-01 1.059873e-01 7.601370e-01 7.377537e-01 6.170969e-01 1.004539e+00 3.834169e-01 8.047940e-01 8.026371e-01 4.286302e-01 6.630392e-01 2.790265e-01 2.298744e-01 -1.265480e-02 3.254635e-01 -2.087588e-03 4.426111e-01 
86 1205  1.000000000000000000e+05 0 0 9.026629e-02 9.765116e-01 3.336266e-01 3.580816e-01 2.186297e-01 5.504541e-01 7.931160e-01 2.506046e-01 1.552751e-01 9.343300e-01 2.736477e-01 4.291714e-01 5.199077e-01 5.055076e-01 3.330402e-01 5.908492e-01 8.546165e-01 5.115872e-01 2.824331e-01 7.582241e-01 5.207991e-01 1.544949e-01 9.971548e-01 5.109416e-01 4.767298e-01 7.599441e-01 4.874508e-01 3.825044e-01 7.692075e-01 2.655956e-01 1.544462e-02 4.366024e-01 3.362329e-01 4.903196e-01 
87 1219  1.000000000000000000e+05 0 0 2.156413e-01 1.074139e+00 5.270314e-01 5.648316e-01 -7.561736e-03 7.715770e-01 7.932977e-01 3.324419e-01 2.562277e-01 7.943640e-01 2.798309e-01 1.105612e-01 4.285449e-01 4.499021e-02 3.367112e-01 9.238752e-01 8.196885e-01 7.589543e-01 8.172053e-01 6.039242e-01 4.694733e-01 1.814954e-01 9.412991e-01 4.544740e-01 5.917046e-01 7.563905e-01 5.423827e-01 4.889803e-01 1.026547e+00 5.961486e-01 2.829254e-01 3.099140e-01 3.896164e-01 2.853296e-01 
88 1233  1.000000000000000000e+05 0 0 2.621559e-01 7.855904e-01 5.582699e-01 7.098167e-01 -2.790922e-01 6.376266e-01 6.554236e-01 4.699218e-01 3.560397e-01 4.421623e-01 3.479442e-01 3.648236e-01 3.496608e-01 2.938466e-01 6.828928e-01 3.618852e-01 6.860547e-01 4.509942e-01 6.840759e-01 3.004849e-01 6.739955e-01 5.933691e-01 8.838773e-01 6.149483e-01 4.628219e-01 6.350479e-01 2.090985e-01 7.563021e-01 9.612376e-01 5.465254e-01 5.187794e-01 6.330401e-01 4.255023e-01 8.350740e-01 
89 1247  1.000000000000000000e+05 0 0 3.265364e-01 9.041247e-01 1.768116e-01 1.151853e-01 2.018832e-01 8.429099e-01 6.699126e-01 6.770443e-02 2.056753e-01 6.647779e-01 2.915710e-02 1.723368e-01 3.692556e-01 4.007939e-01 7.158225e-01 6.830051e-02 1.070884e+00 4.771037e-01 6.309123e-01 9.383614e-01 6.046557e-01 2.395061e-01 4.647610e-01 5.264036e-01 9.925571e-01 7.535906e-01 2.280208e-01 7.703378e-01 1.051205e+00 3.478344e-01 3.852544e-01 6.060210e-01 1.252214e-01 6.650522e-01 
90 1261  1.000000000000000000e+05 0 0 2.515891e-01 9.746397e-01 2.916205e-01 5.520591e-01 3.030844e-01 9.357999e-01 9.834648e-01 3.166914e-01 2.062779e-01 8.183199e-01 1.588373e-01 3.958990e-01 6.194861e-01 4.510114e-01 3.762200e-01 6.086898e-01 8.944141e-01 9.555374e-01 5.523257e-01 6.138824e-01 4.725914e-02 1.168580e-01 1.039497e+00 3.364376e-01 6.612660e-01 6.299057e-01 3.349324e-01 6.038385e-01 1.154568e+00 4.551971e-01 2.459359e-01 5.774165e-01 4.557239e-01 3.816385e-01 
91 1275  1.000000000000000000e+05 0 0 4.207173e-01 5.134451e-01 5.267029e-01 5.463040e-01 2.604285e-01 9.421027e-01 5.127470e-01 4.682439e-02 2.774586e-01 3.784212e-01 3.278467e-01 2.572135e-01 4.553880e-01 1.969285e-01 3.835844e-01 3.548535e-01 9.861456e-01 7.327739e-01 6.013091e-01 8.118199e-01 3.796563e-01 3.227412e-01 6.718059e-01 3.880141e-01 9.366086e-01 8.571247e-01 4.096456e-01 6.563392e-01 1.030536e+00 3.999004e-01 6.587321e-01 3.372792e-01 4.988259e-02 8.396608e-01 
92 1289  1.000000000000000000e+05 0 0 4.378215e-01 9.604248e-01 3.995098e-01 5.669819e-01 4.559997e-01 7.671385e-01 5.311147e-01 5.189630e-02 1.562440e-01 8.802632e-01 1.592257e-01 9.216972e-02 7.432423e-01 4.974563e-01 5.647159e-01 6.147432e-01 7.620584e-01 4.200556e-01 5.866840e-01 7.609921e-01 2.796848e-01 7.256628e-01 7.463469e-01 5.734471e-01 8.218468e-01 5.527259e-01 3.984695e-01 7.827939e-01 7.849184e-01 2.396362e-01 4.959192e-01 2.296743e-01 -3.027648e-02 6.696137e-01 
93 1303  1.000000000000000000e+05 0 0 4.415167e-01 9.977832e-01 2.892112e-01 5.036173e-01 6.054617e-01 8.197122e-01 5.614573e-01 2.931310e-01 2.014599e-01 8.071484e-01 2.694940e-01 1.012998e-01 4.770040e-01 4.465487e-01 5.886355e-01 6.341675e-01 6.032000e-01 4.859923e-01 4.811833e-01 8.751752e-01 4.388826e-01 6.421504e-01 9.974087e-01 2.783533e-01 9.730315e-01 8.783834e-01 4.030254e-01 7.067806e-01 7.274293e-01 4.367242e-01 4.330606e-01 3.745179e-01 2.184510e-02 8.179893e-01 
94 1317  1.000000000000000000e+05 0 0 4.244800e-01 8.591727e-01 5.197365e-01 1.975654e-01 3.187735e-01 6.844902e-01 3.713944e-01 1.891634e-01 1.865765e-01 3.351219e-01 4.385976e-01 1.894417e-01 1.768411e-01 7.206489e-01 4.787485e-01 6.947860e-01 7.486268e-01 3.887103e-01 5.706315e-01 7.858284e-01 3.645927e-01 6.279222e-01 9.242508e-01 2.592755e-01 9.727772e-01 6.216135e-01 4.683282e-01 6.085672e-01 8.117926e-01 3.571111e-01 4.041980e-01 3.333680e-01 3.778394e-01 7.414122e-01 
95 1331  1.000000000000000000e+05 0 0 5.348469e-01 8.179701e-01 2.208569e-01 2.649830e-01 2.824436e-01 9.023007e-01 1.876159e-01 5.171626e-01 4.362134e-01 5.340293e-01 2.037151e-01 4.013230e-01 3.226495e-01 7.963505e-01 4.578887e-01 6.004200e-01 6.442968e-01 4.056859e-01 5.166240e-01 7.457599e-01 6.770877e-01 4.771824e-01 6.887763e-01 3.541170e-01 7.936551e-01 4.557326e-01 3.559097e-01 8.129712e-01 7.999440e-01 2.658157e-01 5.802180e-01 4.342314e-01 4.066550e-01 4.967483e-01 
96 1345  1.000000000000000000e+05 0 0 6.276862e-01 6.606733e-01 6.966871e-01 2.648047e-01 3.311460e-01 9.883310e-01 -2.274526e-02 3.109556e-01 2.254790e-01 6.724374e-01 2.593863e-01 4.329327e-01 7.742745e-02 5.564022e-01 3.551050e-01 7.218778e-01 4.745623e-01 6.107991e-01 6.109855e-01 7.050779e-01 5.973543e-01 4.537051e-01 8.470545e-01 6.877316e-02 8.523842e-01 6.082515e-01 3.992364e-01 5.186740e-01 8.516631e-01 1.512548e-01 5.728523e-01 3.642176e-01 4.672247e-01 6.765403e-01 
97 1359  1.000000000000000000e+05 0 0 3.721343e-01 1.049522e+00 4.241912e-01 6.025305e-01 7.793371e-01 7.988144e-01 2.475193e-01 1.546917e-01 1.020894e-01 6.926224e-01 1.418167e-01 1.170064e-01 3.629289e-01 4.536073e-01 6.779698e-01 4.823406e-01 2.470326e-01 1.447935e-01 7.851333e-01 9.439604e-01 4.505750e-01 8.495923e-01 6.250134e-01 3.254520e-01 9.282449e-01 9.018515e-01 3.170924e-01 1.176158e+00 7.476875e-01 1.157771e-01 7.469831e-02 4.604299e-01 1.316961e-01 1.024033e+00 
98 1373  1.000000000000000000e+05 0 0 7.982642e-01 8.014093e-01 4.610087e-01 1.791762e-01 4.285912e-01 6.090047e-01 8.180925e-01 1.241705e-01 3.234813e-01 6.693132e-01 4.283345e-01 4.711026e-01 4.321540e-01 6.410419e-01 7.767631e-01 4.248513e-01 3.853692e-01 6.612075e-01 7.285583e-01 7.934054e-01 9.410129e-01 2.216989e-01 1.032423e+00 3.186986e-01 7.704326e-01 9.822927e-01 1.621272e-01 7.461912e-01 8.958554e-01 4.170601e-01 7.788062e-01 4.989594e-01 4.429559e-01 8.204990e-01 
99 1387  1.000000000000000000e+05 0 0 5.647765e-01 6.261490e-01 3.591054e-01 2.745437e-01 2.595383e-01 5.835661e-01 1.723837e-01 -1.004069e-02 2.408137e-01 6.939835e-01 3.631594e-01 5.995606e-01 6.332266e-01 2.698664e-01 8.323301e-01 7.250011e-01 6.345842e-01 7.423692e-01 3.486700e-01 9.431033e-01 9.125545e-01 6.708704e-01 4.382486e-01 6.333743e-01 8.387349e-01 9.109667e-01 3.200150e-01 6.492362e-01 9.971824e-01 8.530873e-02 6.975963e-01 4.859939e-01 2.767039e-01 8.770900e-01 
100 1401  1.000000000000000000e+05 0 0 5.554394e-01 3.894448e-01 3.429719e-01 1.557670e-01 2.519188e-01 9.153411e-01 6.288105e-01 2.867621e-01 2.800152e-01 7.085309e-01 4.001528e-01 2.795814e-01 7.458034e-01 6.591797e-01 8.440928e-01 7.175771e-01 2.538547e-01 3.256079e-01 2.360514e-01 5.923316e-01 2.642910e-01 6.796176e-01 6.830365e-01 1.722395e-01 6.645402e-01 4.192856e-01 2.946650e-01 5.387632e-01 7.310434e-01 5.159616e-02 1.106092e+00 2.964911e-01 4.386106e-01 6.059735e-01 
101 1415  1.000000000000000000e+05 0 0 5.780662e-01 1.024509e+00 2.372546e-03 9.475691e-02 1.994631e-01 4.096958e-01 1.758054e-01 3.827145e-01 3.888749e-01 1.012557e+00 2.550646e-01 2.638885e-01 4.861342e-01 4.869309e-01 6.896061e-01 6.513182e-01 6.131632e-02 6.971972e-01 7.462035e-01 5.573353e-01 7.168506e-01 3.561951e-01 9.301972e-01 6.419919e-01 3.918051e-01 6.575612e-01 3.094342e-01 9.645515e-01 8.463477e-01 1.255269e-01 5.576537e-01 5.639478e-01 3.131243e-01 6.489017e-01 
102 1429  1.000000000000000000e+05 0 0 8.165515e-01 7.797184e-01 3.385873e-01 2.774250e-01 1.860510e-01 4.577109e-01 1.906152e-01 4.911719e-01 4.694231e-01 5.900872e-01 4.226855e-01 7.791418e-01 6.086687e-01 5.697610e-01 7.868194e-01 7.679587e-01 4.981091e-01 6.940315e-01 4.938638e-01 5.257320e-01 4.996735e-01 4.079727e-01 5.568233e-01 6.205980e-01 5.044163e-01 5.377979e-01 2.162644e-01 8.385279e-01 4.398720e-01 9.393292e-02 7.623526e-01 7.108529e-01 3.273429e-01 8.290487e-01 
103 1443  1.000000000000000000e+05 0 0 7.591923e-01 8.435248e-01 2.814591e-01 2.618021e-01 3.746828e-01 7.617729e-01 -6.457910e-02 2.672718e-01 4.736240e-01 6.375657e-01 6.451256e-01 7.170939e-01 6.058027e-01 8.844996e-01 6.410898e-01 6.569327e-01 2.581131e-01 6.870332e-01 7.491574e-01 4.806417e-01 3.762667e-01 2.505624e-01 5.532029e-01 4.244907e-01 5.516251e-01 4.359888e-01 1.791229e-01 7.029696e-01 8.927414e-01 -3.548632e-02 5.938372e-01 3.774825e-01 4.165187e-01 6.309295e-01 
104 1457  1.000000000000000000e+05 0 0 5.921172e-01 7.878536e-01 3.993484e-01 1.803744e-01 -5.127531e-02 6.655835e-01 1.608368e-01 2.957133e-01 7.693496e-01 3.199611e-01 3.486139e-01 4.865857e-01 5.241983e-01 8.559904e-01 3.658715e-01 8.759233e-01 3.322569e-01 6.785442e-01 1.396726e-01 8.017762e-01 6.909671e-01 4.757578e-01 3.304123e-01 7.210555e-01 4.056050e-01 5.648533e-01 4.964517e-01 8.056462e-01 6.070980e-01 4.712300e-01 9.145858e-01 7.050192e-01 2.513714e-01 7.342622e-01 
105 1471  1.000000000000000000e+05 0 0 6.235943e-01 5.601749e-01 3.669053e-01 4.453518e-01 1.903357e-01 1.033149e+00 -1.399549e-01 1.659873e-01 9.620098e-01 4.927752e-01 1.819532e-01 1.724621e-01 5.920426e-01 1.210376e+00 5.152749e-01 4.065767e-01 4.491625e-01 3.753285e-01 5.910735e-01 -1.879287e-01 9.428432e-01 1.866863e-02 8.761386e-01 8.117010e-01 3.109746e-01 4.314575e-01 5.307210e-01 9.725419e-01 3.370109e-01 3.780302e-01 1.198607e+00 5.614876e-01 8.811982e-01 7.058663e-01 
106 1485  1.000000000000000000e+05 0 0 6.984870e-01 8.161452e-01 1.142102e-02 2.120715e-01 2.862637e-01 8.788669e-01 2.267928e-01 3.908443e-01 3.980100e-01 6.157098e-01 3.009453e-01 7.526788e-01 7.840239e-01 1.003339e+00 5.386335e-01 4.243309e-01 -9.818070e-02 6.902185e-01 5.303035e-01 1.698135e-01 1.185519e+00 1.145224e-01 4.516944e-01 9.708529e-01 8.879919e-01 8.826596e-01 5.832980e-01 4.700782e-01 6.464983e-01 4.101222e-01 7.020322e-01 3.154430e-01 5.181033e-01 1.026021e+00 
107 1499  1.000000000000000000e+05 0 0 4.375468e-01 6.545179e-01 4.137378e-01 -6.094970e-02 3.389995e-01 1.225171e+00 1.128589e-01 2.888535e-01 2.441588e-01 7.811257e-01 2.883004e-01 2.283390e-01 6.642864e-01 8.251509e-01 4.861599e-01 3.942954e-01 1.303957e-01 6.055536e-01 3.389072e-01 6.419457e-02 5.786322e-01 5.072514e-01 6.195362e-01 9.840337e-01 4.485937e-01 1.104166e+00 7.293981e-01 4.444701e-01 8.622030e-01 3.695795e-02 1.094865e+00 9.383470e-01 3.432934e-01 8.546856e-01 
108 1513  1.000000000000000000e+05 0 0 4.186885e-01 8.907968e-01 4.763508e-01 4.699308e-01 4.158349e-01 6.939825e-01 4.328795e-03 -1.018497e-03 3.005738e-01 8.375325e-01 4.849327e-02 3.439369e-01 6.293413e-01 1.200870e+00 2.167758e-01 4.170550e-01 3.519904e-01 8.084203e-01 7.349295e-01 4.749175e-01 5.862810e-01 5.126951e-01 5.556629e-01 7.446480e-01 5.162483e-01 6.682513e-01 4.794791e-01 4.346046e-01 5.838187e-01 3.066411e-01 4.102430e-01 4.523518e-01 8.270617e-01 6.211882e-01 
109 1527  1.000000000000000000e+05 0 0 3.833662e-01 7.669981e-01 4.626264e-01 1.359133e-01 3.188682e-01 7.770042e-01 -1.089985e-01 5.852503e-02 3.924298e-01 6.919590e-01 -1.111652e-01 4.059044e-01 9.635901e-01 9.853325e-01 2.531664e-01 4.524048e-01 4.338456e-01 3.511471e-01 2.722076e-01 2.939784e-01 7.565249e-01 6.808211e-01 3.992764e-01 8.325539e-01 1.534557e-01 1.097236e+00 4.679920e-01 6.715487e-01 1.030147e+00 5.634290e-01 8.189688e-01 8.152430e-01 2.132632e-01 6.324384e-01 
110 1541  1.000000000000000000e+05 0 0 2.058185e-01 9.603765e-01 8.610268e-01 1.637886e-01 5.459404e-01 8.304809e-01 5.681400e-01 -1.497842e-01 5.759809e-02 7.845676e-01 -4.999854e-02 2.847783e-01 9.212096e-01 9.079862e-01 5.761262e-01 5.797085e-01 1.506494e-01 2.529322e-01 4.443739e-01 8.590156e-02 8.080111e-01 8.630133e-01 4.498780e-01 6.817341e-01 5.074796e-01 7.443280e-01 3.060827e-01 4.388921e-01 3.964972e-01 5.519446e-01 6.586260e-01 9.130577e-01 3.598697e-01 8.768749e-01 
111 1555  1.000000000000000000e+05 0 0 1.402318e-01 8.185867e-01 4.802925e-01 4.096331e-01 4.769119e-01 9.863369e-01 8.182967e-01 3.965402e-01 1.699888e-01 5.212655e-01 3.148560e-01 3.784382e-01 4.600209e-01 6.334613e-01 5.147131e-01 4.071076e-01 6.653726e-01 2.145513e-01 3.538401e-01 2.499008e-01 6.730547e-01 8.651150e-01 7.494286e-01 8.666517e-01 1.443009e-01 8.255863e-01 8.576949e-01 9.938345e-01 5.272937e-01 4.594756e-01 7.132105e-01 6.568526e-01 5.288103e-01 5.883075e-01 
112 1569  1.000000000000000000e+05 0 0 2.957817e-01 7.483982e-01 1.390781e-01 3.777763e-01 9.613436e-01 8.732610e-01 4.395181e-01 -7.585966e-02 2.773324e-01 7.406010e-01 5.717769e-02 6.842654e-02 5.269201e-01 9.079043e-01 1.089900e+00 6.345698e-01 4.780596e-01 7.323594e-01 3.835255e-01 3.071478e-01 6.327007e-01 7.595741e-01 5.877012e-01 8.973106e-01 2.362232e-01 9.036011e-01 5.400991e-01 7.294183e-01 2.650479e-01 5.969197e-01 9.596930e-01 5.302595e-01 5.337570e-01 3.502677e-01 
113 1583  1.000000000000000000e+05 0 0 5.256769e-01 8.034939e-01 5.391079e-01 2.975165e-01 -5.010281e-03 7.809609e-01 5.610178e-01 3.054473e-01 3.166492e-01 8.562780e-01 1.752581e-01 3.960487e-01 6.263075e-01 7.133973e-01 7.904848e-01 3.874066e-01 7.093084e-01 6.089667e-01 7.434760e-01 3.171624e-01 6.032604e-01 7.735687e-01 8.278348e-01 8.085307e-01 1.151469e-01 8.064344e-01 7.271612e-01 8.786772e-01 4.092998e-01 4.433824e-01 9.724265e-01 7.665855e-01 6.869509e-01 5.573530e-01 
114 1597  1.000000000000000000e+05 0 0 7.508654e-02 6.852907e-01 3.493549e-01 2.253084e-01 4.197389e-01 7.299047e-01 9.174608e-01 1.640785e-01 4.152975e-01 4.959289e-01 1.972491e-01 2.021093e-01 5.293518e-01 6.444173e-01 6.494980e-01 2.879751e-01 4.963092e-01 3.919951e-01 4.435880e-01 7.503197e-02 6.485528e-01 9.382832e-01 7.955765e-01 9.420697e-01 3.300381e-01 9.523152e-01 5.240205e-01 8.427280e-01 5.274730e-01 5.753452e-01 9.804404e-01 1.754911e-01 7.946166e-01 5.803995e-01 
115 1611  1.000000000000000000e+05 0 0 1.045332e-01 7.559687e-01 2.706029e-01 4.779346e-01 1.864920e-01 1.026406e+00 7.349143e-01 2.343886e-01 1.505812e-01 7.212532e-01 2.432239e-01 2.919914e-01 5.623133e-01 6.884089e-01 6.160327e-01 5.346737e-01 2.864183e-01 6.122708e-01 5.154879e-01 1.823311e-01 8.146907e-01 6.270764e-01 9.539095e-01 9.783840e-01 3.946144e-01 6.588770e-01 5.401803e-01 7.734927e-01 4.174922e-01 4.715135e-01 8.185251e-01 5.316037e-01 6.974748e-01 2.550417e-01 
116 1625  1.000000000000000000e+05 0 0 1.978146e-01 9.210913e-01 6.216496e-01 2.456274e-01 2.639594e-01 8.354866e-01 7.840458e-01 1.414542e-01 2.838240e-01 7.304793e-01 2.055000e-01 1.009244e-01 7.906783e-01 7.326526e-01 6.677438e-01 1.447536e-01 3.027044e-02 5.212656e-01 8.387987e-01 2.547207e-01 2.718505e-01 7.883014e-01 8.031084e-01 3.500112e-01 1.823781e-01 7.608465e-01 3.800795e-01 5.907300e-01 5.255521e-01 6.677479e-01 8.242967e-01 2.574364e-01 6.577541e-01 2.454127e-01 
117 1639  1.000000000000000000e+05 0 0 3.332317e-01 5.914902e-01 5.802332e-01 3.132635e-01 2.408562e-01 6.974943e-01 5.358555e-01 2.987674e-01 4.793213e-01 5.680992e-01 4.675286e-01 1.661229e-01 7.411855e-01 7.478369e-01 1.172356e+00 6.628648e-01 -4.768475e-03 6.144053e-01 6.935255e-01 9.909300e-02 3.750848e-01 6.706775e-01 9.205208e-01 7.721472e-01 2.078998e-01 7.228661e-01 5.455237e-01 5.000262e-01 8.394735e-01 5.585410e-01 9.247569e-01 6.929349e-02 1.160592e+00 4.850465e-01 
