%  columns="iteration, evaluation, sigma, max axis length, min axis length, all principle axes lengths (sorted square roots of eigenvalues of C)" (startseed=208321, 2023/08/21 12:18:1.32)
1 15 2.824069e-01 1.027416e+00 9.972581e-01 9.972581e-01 9.972581e-01 9.972581e-01 9.972581e-01 9.972581e-01 9.972581e-01 9.972581e-01 9.972581e-01 9.972581e-01 9.972581e-01 9.972581e-01 9.972581e-01 9.972581e-01 9.972581e-01 9.972581e-01 9.972581e-01 9.972581e-01 9.972581e-01 9.972581e-01 9.972581e-01 9.972581e-01 9.972581e-01 9.972581e-01 9.972581e-01 9.972581e-01 9.972581e-01 9.972581e-01 9.977738e-01 9.990001e-01 1.001363e+00 1.002097e+00 1.005196e+00 1.011540e+00 1.027416e+00 
2 29 2.686850e-01 1.031352e+00 9.945238e-01 9.945238e-01 9.945238e-01 9.945238e-01 9.945238e-01 9.945238e-01 9.945238e-01 9.945238e-01 9.945238e-01 9.945238e-01 9.945238e-01 9.945238e-01 9.945238e-01 9.945238e-01 9.945238e-01 9.945238e-01 9.945238e-01 9.945238e-01 9.945238e-01 9.945238e-01 9.945238e-01 9.948085e-01 9.951157e-01 9.957090e-01 9.960357e-01 9.965952e-01 9.981134e-01 9.999057e-01 1.000392e+00 1.001229e+00 1.002514e+00 1.007570e+00 1.011887e+00 1.015735e+00 1.031352e+00 
3 43 2.551072e-01 1.032605e+00 9.917970e-01 9.917970e-01 9.917970e-01 9.917970e-01 9.917970e-01 9.917970e-01 9.917970e-01 9.917970e-01 9.917970e-01 9.917970e-01 9.917970e-01 9.917970e-01 9.917970e-01 9.917970e-01 9.918744e-01 9.920999e-01 9.922927e-01 9.924384e-01 9.929135e-01 9.933036e-01 9.935481e-01 9.940119e-01 9.949512e-01 9.960076e-01 9.963887e-01 9.973284e-01 9.985183e-01 9.986510e-01 1.001135e+00 1.005523e+00 1.007279e+00 1.011174e+00 1.013729e+00 1.017936e+00 1.032605e+00 
4 57 2.445820e-01 1.033045e+00 9.890776e-01 9.890776e-01 9.890776e-01 9.890776e-01 9.890776e-01 9.890776e-01 9.890776e-01 9.891091e-01 9.892071e-01 9.892634e-01 9.893174e-01 9.894704e-01 9.895231e-01 9.897281e-01 9.900332e-01 9.902946e-01 9.907898e-01 9.913872e-01 9.917957e-01 9.920900e-01 9.927784e-01 9.937295e-01 9.941435e-01 9.947326e-01 9.955380e-01 9.981543e-01 9.990100e-01 1.002503e+00 1.005832e+00 1.006780e+00 1.010166e+00 1.010859e+00 1.016315e+00 1.022200e+00 1.033045e+00 
5 71 2.350040e-01 1.032348e+00 9.863674e-01 9.863674e-01 9.863743e-01 9.864427e-01 9.864865e-01 9.865678e-01 9.865853e-01 9.866442e-01 9.866923e-01 9.868341e-01 9.869244e-01 9.871559e-01 9.872700e-01 9.880455e-01 9.884783e-01 9.887316e-01 9.892407e-01 9.900993e-01 9.907951e-01 9.919258e-01 9.922926e-01 9.926759e-01 9.937418e-01 9.945986e-01 9.988150e-01 9.997885e-01 1.003948e+00 1.005253e+00 1.007991e+00 1.008440e+00 1.012875e+00 1.016053e+00 1.019342e+00 1.023790e+00 1.032348e+00 
6 85 2.273913e-01 1.031619e+00 9.837794e-01 9.837794e-01 9.838368e-01 9.838775e-01 9.839948e-01 9.840553e-01 9.842610e-01 9.843586e-01 9.845046e-01 9.846412e-01 9.851056e-01 9.852873e-01 9.861555e-01 9.863660e-01 9.868297e-01 9.876569e-01 9.877955e-01 9.880986e-01 9.897755e-01 9.901047e-01 9.912019e-01 9.921817e-01 9.943514e-01 9.971663e-01 9.992930e-01 9.994578e-01 1.001725e+00 1.004769e+00 1.008201e+00 1.012892e+00 1.016169e+00 1.017188e+00 1.023396e+00 1.026955e+00 1.031619e+00 
7 99 2.207037e-01 1.035102e+00 9.811930e-01 9.811930e-01 9.813010e-01 9.814486e-01 9.815867e-01 9.817469e-01 9.820503e-01 9.821042e-01 9.826022e-01 9.828683e-01 9.834551e-01 9.839152e-01 9.842649e-01 9.850690e-01 9.853033e-01 9.859350e-01 9.872872e-01 9.878542e-01 9.885446e-01 9.896056e-01 9.908960e-01 9.915019e-01 9.948757e-01 9.973570e-01 9.986561e-01 9.995614e-01 1.003831e+00 1.008043e+00 1.009209e+00 1.012140e+00 1.015194e+00 1.019775e+00 1.023222e+00 1.029918e+00 1.035102e+00 
8 113 2.133134e-01 1.039953e+00 9.787504e-01 9.787504e-01 9.788382e-01 9.789838e-01 9.793195e-01 9.795882e-01 9.798170e-01 9.805437e-01 9.806945e-01 9.809920e-01 9.819209e-01 9.823260e-01 9.829693e-01 9.835859e-01 9.837661e-01 9.851836e-01 9.863446e-01 9.868480e-01 9.883264e-01 9.887207e-01 9.907011e-01 9.928376e-01 9.935347e-01 9.966398e-01 9.983580e-01 9.989055e-01 1.002615e+00 1.007029e+00 1.007845e+00 1.009816e+00 1.013059e+00 1.018901e+00 1.028861e+00 1.034526e+00 1.039953e+00 
9 127 2.024793e-01 1.043073e+00 9.762467e-01 9.762467e-01 9.763552e-01 9.768998e-01 9.769894e-01 9.774123e-01 9.780616e-01 9.782935e-01 9.789384e-01 9.794806e-01 9.802218e-01 9.803724e-01 9.812630e-01 9.816617e-01 9.830119e-01 9.840220e-01 9.842710e-01 9.853367e-01 9.864089e-01 9.882673e-01 9.904031e-01 9.920832e-01 9.929206e-01 9.947775e-01 9.961567e-01 9.996895e-01 1.001254e+00 1.004987e+00 1.008779e+00 1.011269e+00 1.017255e+00 1.020576e+00 1.027937e+00 1.034235e+00 1.043073e+00 
10 141 1.920813e-01 1.045200e+00 9.739537e-01 9.739537e-01 9.743708e-01 9.747577e-01 9.752581e-01 9.758650e-01 9.761318e-01 9.765125e-01 9.773047e-01 9.776697e-01 9.783744e-01 9.789081e-01 9.796550e-01 9.808907e-01 9.814715e-01 9.819335e-01 9.825245e-01 9.842917e-01 9.871389e-01 9.881410e-01 9.895158e-01 9.905793e-01 9.930571e-01 9.940105e-01 9.948585e-01 9.974770e-01 1.001776e+00 1.004936e+00 1.007208e+00 1.011675e+00 1.017326e+00 1.021240e+00 1.031109e+00 1.035766e+00 1.045200e+00 
11 155 1.858259e-01 1.048421e+00 9.715811e-01 9.715811e-01 9.723420e-01 9.726028e-01 9.735690e-01 9.740039e-01 9.743595e-01 9.747378e-01 9.755120e-01 9.760951e-01 9.771062e-01 9.773841e-01 9.785837e-01 9.788519e-01 9.793680e-01 9.796774e-01 9.821406e-01 9.842461e-01 9.848371e-01 9.866409e-01 9.873096e-01 9.888783e-01 9.927363e-01 9.940724e-01 9.971118e-01 1.000733e+00 1.003035e+00 1.005325e+00 1.008466e+00 1.015850e+00 1.017408e+00 1.020259e+00 1.035863e+00 1.036907e+00 1.048421e+00 
12 169 1.803726e-01 1.051386e+00 9.690986e-01 9.690986e-01 9.702555e-01 9.709542e-01 9.717031e-01 9.720117e-01 9.727579e-01 9.731317e-01 9.737749e-01 9.746451e-01 9.752814e-01 9.759976e-01 9.766819e-01 9.768400e-01 9.778372e-01 9.797378e-01 9.828580e-01 9.831273e-01 9.833802e-01 9.857798e-01 9.870402e-01 9.881712e-01 9.906124e-01 9.940696e-01 9.982453e-01 9.989488e-01 1.001382e+00 1.005944e+00 1.008299e+00 1.015799e+00 1.017145e+00 1.019039e+00 1.034883e+00 1.041541e+00 1.051386e+00 
13 183 1.759329e-01 1.054380e+00 9.669177e-01 9.669177e-01 9.682042e-01 9.690801e-01 9.698678e-01 9.700955e-01 9.709807e-01 9.715004e-01 9.722791e-01 9.729187e-01 9.732293e-01 9.741861e-01 9.745621e-01 9.752861e-01 9.761426e-01 9.793654e-01 9.805732e-01 9.811746e-01 9.833607e-01 9.841761e-01 9.850617e-01 9.886782e-01 9.911426e-01 9.941093e-01 9.972436e-01 1.000025e+00 1.003249e+00 1.006472e+00 1.010215e+00 1.014476e+00 1.017584e+00 1.022782e+00 1.035859e+00 1.042620e+00 1.054380e+00 
14 197 1.732351e-01 1.059850e+00 9.651467e-01 9.651467e-01 9.663305e-01 9.671714e-01 9.678603e-01 9.682588e-01 9.691795e-01 9.695199e-01 9.701752e-01 9.707894e-01 9.713409e-01 9.732281e-01 9.741084e-01 9.754378e-01 9.770147e-01 9.789512e-01 9.808202e-01 9.816993e-01 9.830057e-01 9.837568e-01 9.854361e-01 9.895659e-01 9.914419e-01 9.945413e-01 9.973083e-01 1.001504e+00 1.002719e+00 1.005594e+00 1.011268e+00 1.012725e+00 1.019871e+00 1.022505e+00 1.037362e+00 1.042715e+00 1.059850e+00 
15 211 1.694967e-01 1.064742e+00 9.639041e-01 9.639041e-01 9.647359e-01 9.653486e-01 9.662373e-01 9.668806e-01 9.671566e-01 9.672888e-01 9.681926e-01 9.702278e-01 9.707909e-01 9.713867e-01 9.725906e-01 9.737267e-01 9.766615e-01 9.770196e-01 9.790607e-01 9.805805e-01 9.821111e-01 9.827374e-01 9.854671e-01 9.889677e-01 9.911331e-01 9.959642e-01 9.991849e-01 1.001009e+00 1.002642e+00 1.005302e+00 1.010796e+00 1.011696e+00 1.019593e+00 1.025636e+00 1.037152e+00 1.042980e+00 1.064742e+00 
16 225 1.658977e-01 1.070087e+00 9.624248e-01 9.624248e-01 9.627961e-01 9.635713e-01 9.640266e-01 9.644341e-01 9.652965e-01 9.658478e-01 9.671626e-01 9.683859e-01 9.695204e-01 9.701910e-01 9.714485e-01 9.722833e-01 9.743373e-01 9.758844e-01 9.785491e-01 9.797974e-01 9.800138e-01 9.824307e-01 9.834823e-01 9.883056e-01 9.899550e-01 9.956155e-01 9.997595e-01 1.000880e+00 1.002584e+00 1.005853e+00 1.009056e+00 1.011957e+00 1.020617e+00 1.028218e+00 1.039606e+00 1.050233e+00 1.070087e+00 
17 239 1.632374e-01 1.078214e+00 9.605579e-01 9.605579e-01 9.610390e-01 9.618255e-01 9.620767e-01 9.632233e-01 9.633176e-01 9.639281e-01 9.655942e-01 9.677625e-01 9.678907e-01 9.682746e-01 9.695848e-01 9.720592e-01 9.734312e-01 9.749973e-01 9.772821e-01 9.787452e-01 9.799403e-01 9.827246e-01 9.850032e-01 9.895465e-01 9.922983e-01 9.946280e-01 9.975112e-01 1.000858e+00 1.002738e+00 1.005768e+00 1.007964e+00 1.013053e+00 1.020804e+00 1.027068e+00 1.040068e+00 1.051925e+00 1.078214e+00 
18 253 1.587426e-01 1.083191e+00 9.585027e-01 9.585027e-01 9.587437e-01 9.597800e-01 9.600396e-01 9.613892e-01 9.618691e-01 9.619997e-01 9.642630e-01 9.661021e-01 9.666285e-01 9.687757e-01 9.696406e-01 9.714275e-01 9.721323e-01 9.733034e-01 9.754104e-01 9.771636e-01 9.782496e-01 9.807366e-01 9.836678e-01 9.888345e-01 9.919895e-01 9.931042e-01 9.960176e-01 9.983866e-01 1.002990e+00 1.006635e+00 1.009589e+00 1.011737e+00 1.022961e+00 1.026070e+00 1.038085e+00 1.051949e+00 1.083191e+00 
19 267 1.580738e-01 1.102167e+00 9.563995e-01 9.563995e-01 9.573422e-01 9.574935e-01 9.586048e-01 9.590358e-01 9.597711e-01 9.610217e-01 9.629220e-01 9.644779e-01 9.654338e-01 9.673926e-01 9.681281e-01 9.701766e-01 9.710392e-01 9.724049e-01 9.744585e-01 9.760643e-01 9.767531e-01 9.794050e-01 9.845143e-01 9.883356e-01 9.903495e-01 9.926568e-01 9.951571e-01 9.972372e-01 1.004095e+00 1.006834e+00 1.008049e+00 1.012131e+00 1.025449e+00 1.027203e+00 1.039192e+00 1.052664e+00 1.102167e+00 
20 281 1.540050e-01 1.110963e+00 9.539479e-01 9.539479e-01 9.553754e-01 9.560607e-01 9.563690e-01 9.571415e-01 9.577812e-01 9.603704e-01 9.617730e-01 9.624423e-01 9.641585e-01 9.656796e-01 9.667561e-01 9.690644e-01 9.697074e-01 9.713726e-01 9.729979e-01 9.754803e-01 9.783636e-01 9.786872e-01 9.841246e-01 9.872500e-01 9.893517e-01 9.913426e-01 9.948853e-01 9.971499e-01 1.001999e+00 1.005174e+00 1.008668e+00 1.014379e+00 1.025517e+00 1.027160e+00 1.037700e+00 1.057505e+00 1.110963e+00 
21 295 1.477180e-01 1.115234e+00 9.522918e-01 9.522918e-01 9.534747e-01 9.547785e-01 9.552379e-01 9.567302e-01 9.577240e-01 9.594160e-01 9.605554e-01 9.609929e-01 9.631192e-01 9.649821e-01 9.659582e-01 9.668295e-01 9.685904e-01 9.697061e-01 9.732957e-01 9.751284e-01 9.784966e-01 9.794476e-01 9.843558e-01 9.856855e-01 9.872415e-01 9.892688e-01 9.940823e-01 9.960942e-01 1.000411e+00 1.005155e+00 1.008592e+00 1.012863e+00 1.023686e+00 1.028250e+00 1.035835e+00 1.056823e+00 1.115234e+00 
22 309 1.419871e-01 1.116872e+00 9.506279e-01 9.506279e-01 9.522918e-01 9.527867e-01 9.538072e-01 9.547927e-01 9.564213e-01 9.581008e-01 9.595068e-01 9.599837e-01 9.621804e-01 9.641920e-01 9.655188e-01 9.664829e-01 9.685767e-01 9.714112e-01 9.736654e-01 9.737556e-01 9.769231e-01 9.773053e-01 9.829534e-01 9.844232e-01 9.894982e-01 9.917226e-01 9.947053e-01 9.967412e-01 9.999888e-01 1.005882e+00 1.008270e+00 1.012688e+00 1.022909e+00 1.026348e+00 1.034120e+00 1.056183e+00 1.116872e+00 
23 323 1.375607e-01 1.115983e+00 9.482021e-01 9.482021e-01 9.502069e-01 9.504492e-01 9.523680e-01 9.547506e-01 9.549221e-01 9.564972e-01 9.576100e-01 9.592489e-01 9.607230e-01 9.630912e-01 9.656469e-01 9.661736e-01 9.678387e-01 9.699316e-01 9.729047e-01 9.747468e-01 9.768195e-01 9.779662e-01 9.838137e-01 9.846690e-01 9.873727e-01 9.925020e-01 9.955265e-01 9.989685e-01 9.997103e-01 1.005321e+00 1.007532e+00 1.012435e+00 1.021862e+00 1.026860e+00 1.035289e+00 1.059264e+00 1.115983e+00 
24 337 1.314671e-01 1.116910e+00 9.468136e-01 9.468136e-01 9.481014e-01 9.488379e-01 9.503625e-01 9.525334e-01 9.541386e-01 9.553337e-01 9.555100e-01 9.592068e-01 9.612127e-01 9.617235e-01 9.648590e-01 9.651413e-01 9.671421e-01 9.689346e-01 9.722524e-01 9.734065e-01 9.751406e-01 9.777984e-01 9.826605e-01 9.835541e-01 9.857795e-01 9.928478e-01 9.972834e-01 9.993218e-01 1.001427e+00 1.005134e+00 1.008123e+00 1.011538e+00 1.023128e+00 1.026110e+00 1.033684e+00 1.059479e+00 1.116910e+00 
25 351 1.277117e-01 1.117768e+00 9.444935e-01 9.444935e-01 9.468290e-01 9.470954e-01 9.496031e-01 9.511419e-01 9.526443e-01 9.538125e-01 9.549288e-01 9.568668e-01 9.596594e-01 9.608064e-01 9.627316e-01 9.647957e-01 9.653329e-01 9.684662e-01 9.721715e-01 9.736821e-01 9.753389e-01 9.780350e-01 9.813676e-01 9.831176e-01 9.903389e-01 9.929952e-01 9.959411e-01 9.975634e-01 1.003535e+00 1.004347e+00 1.005962e+00 1.014591e+00 1.022191e+00 1.031053e+00 1.041891e+00 1.057427e+00 1.117768e+00 
26 365 1.227594e-01 1.118178e+00 9.424799e-01 9.424799e-01 9.450037e-01 9.452445e-01 9.487321e-01 9.499783e-01 9.503585e-01 9.516304e-01 9.541861e-01 9.550802e-01 9.588520e-01 9.594052e-01 9.623983e-01 9.626008e-01 9.640875e-01 9.695207e-01 9.719565e-01 9.731157e-01 9.761553e-01 9.788439e-01 9.824776e-01 9.863589e-01 9.880186e-01 9.923492e-01 9.953758e-01 9.971922e-01 1.002396e+00 1.003601e+00 1.004125e+00 1.016392e+00 1.022003e+00 1.034050e+00 1.042217e+00 1.055974e+00 1.118178e+00 
27 379 1.647748e-01 1.117977e+00 9.409241e-01 9.409241e-01 9.426459e-01 9.433538e-01 9.471895e-01 9.481941e-01 9.493047e-01 9.513704e-01 9.525504e-01 9.539891e-01 9.566683e-01 9.578552e-01 9.610769e-01 9.625463e-01 9.633329e-01 9.683771e-01 9.700436e-01 9.725043e-01 9.750957e-01 9.790773e-01 9.817940e-01 9.858724e-01 9.866554e-01 9.909779e-01 9.931348e-01 9.955858e-01 1.000890e+00 1.003955e+00 1.006638e+00 1.017391e+00 1.022863e+00 1.034769e+00 1.042845e+00 1.058023e+00 1.117977e+00 
28 393 1.568847e-01 1.117749e+00 9.387888e-01 9.387888e-01 9.413897e-01 9.420868e-01 9.457803e-01 9.459141e-01 9.474507e-01 9.497386e-01 9.514024e-01 9.535353e-01 9.543362e-01 9.562334e-01 9.592730e-01 9.618340e-01 9.633564e-01 9.679783e-01 9.689718e-01 9.716031e-01 9.731791e-01 9.784335e-01 9.810325e-01 9.845579e-01 9.868503e-01 9.904382e-01 9.931367e-01 9.941168e-01 9.998888e-01 1.002749e+00 1.009500e+00 1.016488e+00 1.027884e+00 1.035729e+00 1.042685e+00 1.057114e+00 1.117749e+00 
29 407 1.484358e-01 1.119838e+00 9.365486e-01 9.365486e-01 9.394950e-01 9.414997e-01 9.435924e-01 9.441743e-01 9.472898e-01 9.500708e-01 9.505553e-01 9.512944e-01 9.526208e-01 9.550992e-01 9.572640e-01 9.616021e-01 9.636630e-01 9.666161e-01 9.675622e-01 9.701459e-01 9.748353e-01 9.785281e-01 9.803270e-01 9.833771e-01 9.860006e-01 9.906135e-01 9.910096e-01 9.955247e-01 1.000597e+00 1.001394e+00 1.010723e+00 1.016116e+00 1.028162e+00 1.034613e+00 1.042399e+00 1.055197e+00 1.119838e+00 
30 421 1.420015e-01 1.119001e+00 9.350960e-01 9.350960e-01 9.375217e-01 9.403229e-01 9.419758e-01 9.429984e-01 9.456285e-01 9.484002e-01 9.491006e-01 9.512057e-01 9.520879e-01 9.529958e-01 9.562288e-01 9.623282e-01 9.646724e-01 9.665737e-01 9.672509e-01 9.688646e-01 9.727461e-01 9.768457e-01 9.781400e-01 9.827594e-01 9.842051e-01 9.886548e-01 9.918468e-01 9.957274e-01 1.001541e+00 1.003591e+00 1.010056e+00 1.014869e+00 1.025976e+00 1.033292e+00 1.041126e+00 1.057428e+00 1.119001e+00 
31 435 1.903474e-01 1.118713e+00 9.344708e-01 9.344708e-01 9.356511e-01 9.387986e-01 9.405151e-01 9.432697e-01 9.445259e-01 9.476928e-01 9.478595e-01 9.491909e-01 9.525482e-01 9.537162e-01 9.548940e-01 9.610960e-01 9.641279e-01 9.645010e-01 9.662892e-01 9.680098e-01 9.710453e-01 9.757704e-01 9.764080e-01 9.811201e-01 9.840317e-01 9.891281e-01 9.901436e-01 9.964050e-01 9.996469e-01 1.007412e+00 1.008637e+00 1.019105e+00 1.023771e+00 1.033885e+00 1.039277e+00 1.059468e+00 1.118713e+00 
32 449 1.867997e-01 1.117269e+00 9.328845e-01 9.328845e-01 9.350529e-01 9.370263e-01 9.406816e-01 9.419778e-01 9.432882e-01 9.455306e-01 9.467867e-01 9.471074e-01 9.513037e-01 9.521204e-01 9.537107e-01 9.589796e-01 9.627124e-01 9.639605e-01 9.653557e-01 9.682752e-01 9.712392e-01 9.747148e-01 9.761017e-01 9.794659e-01 9.845183e-01 9.881451e-01 9.901670e-01 9.960307e-01 1.003638e+00 1.005495e+00 1.006838e+00 1.021730e+00 1.024881e+00 1.037283e+00 1.039108e+00 1.057499e+00 1.117269e+00 
33 463 1.827814e-01 1.116924e+00 9.306940e-01 9.306940e-01 9.331346e-01 9.351626e-01 9.401850e-01 9.407939e-01 9.421343e-01 9.434843e-01 9.450250e-01 9.468214e-01 9.505044e-01 9.514528e-01 9.533171e-01 9.578407e-01 9.615691e-01 9.630853e-01 9.667652e-01 9.681776e-01 9.720593e-01 9.747997e-01 9.758953e-01 9.779417e-01 9.862263e-01 9.869410e-01 9.892294e-01 9.956247e-01 1.002009e+00 1.005121e+00 1.008455e+00 1.021091e+00 1.024382e+00 1.037272e+00 1.042881e+00 1.055590e+00 1.116924e+00 
34 477 1.800647e-01 1.117809e+00 9.291338e-01 9.291338e-01 9.315595e-01 9.342731e-01 9.383578e-01 9.387620e-01 9.399210e-01 9.422450e-01 9.437712e-01 9.491444e-01 9.500309e-01 9.504163e-01 9.535758e-01 9.559886e-01 9.619234e-01 9.641580e-01 9.649354e-01 9.662119e-01 9.724160e-01 9.737087e-01 9.764070e-01 9.776955e-01 9.844041e-01 9.876930e-01 9.902073e-01 9.940156e-01 1.001073e+00 1.003568e+00 1.010393e+00 1.019830e+00 1.023997e+00 1.037016e+00 1.046903e+00 1.057581e+00 1.117809e+00 
35 491 1.767853e-01 1.120353e+00 9.271187e-01 9.271187e-01 9.308743e-01 9.324877e-01 9.366001e-01 9.375451e-01 9.399564e-01 9.409219e-01 9.426393e-01 9.472006e-01 9.481462e-01 9.509945e-01 9.532580e-01 9.553240e-01 9.614414e-01 9.623188e-01 9.636610e-01 9.653375e-01 9.701850e-01 9.719129e-01 9.764895e-01 9.778929e-01 9.827539e-01 9.874053e-01 9.895063e-01 9.925362e-01 1.000954e+00 1.003866e+00 1.010931e+00 1.020401e+00 1.022161e+00 1.037260e+00 1.047541e+00 1.057997e+00 1.120353e+00 
36 505 2.387240e-01 1.121115e+00 9.253536e-01 9.253536e-01 9.289982e-01 9.324987e-01 9.350790e-01 9.359965e-01 9.389616e-01 9.401600e-01 9.439070e-01 9.460262e-01 9.465758e-01 9.516520e-01 9.531342e-01 9.549070e-01 9.590945e-01 9.607038e-01 9.622726e-01 9.645928e-01 9.677490e-01 9.701249e-01 9.750924e-01 9.790466e-01 9.812242e-01 9.875771e-01 9.899767e-01 9.911757e-01 9.992711e-01 1.003824e+00 1.011053e+00 1.018853e+00 1.021035e+00 1.036398e+00 1.046600e+00 1.058567e+00 1.121115e+00 
37 519 2.335084e-01 1.121621e+00 9.246192e-01 9.246192e-01 9.276586e-01 9.306867e-01 9.345712e-01 9.369753e-01 9.376710e-01 9.381933e-01 9.430541e-01 9.441691e-01 9.472612e-01 9.494715e-01 9.518273e-01 9.556991e-01 9.578167e-01 9.602642e-01 9.619998e-01 9.630434e-01 9.660569e-01 9.711587e-01 9.736516e-01 9.775620e-01 9.814313e-01 9.856271e-01 9.885728e-01 9.894530e-01 9.977598e-01 1.003003e+00 1.015333e+00 1.020119e+00 1.025166e+00 1.038805e+00 1.045032e+00 1.057496e+00 1.121621e+00 
38 533 2.286811e-01 1.122609e+00 9.231884e-01 9.231884e-01 9.263793e-01 9.285899e-01 9.339865e-01 9.359658e-01 9.366951e-01 9.377119e-01 9.414618e-01 9.442947e-01 9.453818e-01 9.475132e-01 9.514819e-01 9.544594e-01 9.560861e-01 9.593816e-01 9.615085e-01 9.625763e-01 9.664760e-01 9.711299e-01 9.736223e-01 9.772645e-01 9.797316e-01 9.840986e-01 9.865444e-01 9.920721e-01 9.973643e-01 1.000790e+00 1.013773e+00 1.019529e+00 1.024479e+00 1.040152e+00 1.044071e+00 1.060551e+00 1.122609e+00 
39 547 2.205280e-01 1.123094e+00 9.215369e-01 9.215369e-01 9.252417e-01 9.268048e-01 9.323025e-01 9.343246e-01 9.352582e-01 9.359184e-01 9.398558e-01 9.430061e-01 9.447653e-01 9.464173e-01 9.509031e-01 9.529505e-01 9.563754e-01 9.582325e-01 9.606579e-01 9.613642e-01 9.656457e-01 9.696915e-01 9.739901e-01 9.770840e-01 9.785221e-01 9.825765e-01 9.849541e-01 9.914830e-01 9.972755e-01 1.001222e+00 1.012738e+00 1.020590e+00 1.026643e+00 1.040221e+00 1.043488e+00 1.060351e+00 1.123094e+00 
40 561 2.129187e-01 1.123081e+00 9.194550e-01 9.194550e-01 9.241756e-01 9.263282e-01 9.309638e-01 9.327308e-01 9.332613e-01 9.345656e-01 9.379609e-01 9.410493e-01 9.430637e-01 9.466982e-01 9.508615e-01 9.516662e-01 9.540761e-01 9.580683e-01 9.603827e-01 9.618934e-01 9.666810e-01 9.699959e-01 9.729759e-01 9.751814e-01 9.773056e-01 9.811384e-01 9.837498e-01 9.907848e-01 9.984686e-01 1.005223e+00 1.013237e+00 1.020587e+00 1.027444e+00 1.041780e+00 1.044035e+00 1.064174e+00 1.123081e+00 
41 575 2.013656e-01 1.120557e+00 9.176746e-01 9.176746e-01 9.235272e-01 9.270382e-01 9.307726e-01 9.314518e-01 9.325664e-01 9.332690e-01 9.361482e-01 9.396663e-01 9.436917e-01 9.445966e-01 9.484169e-01 9.507232e-01 9.537629e-01 9.578960e-01 9.606005e-01 9.630941e-01 9.645406e-01 9.683798e-01 9.730955e-01 9.738375e-01 9.769562e-01 9.797528e-01 9.822740e-01 9.899355e-01 9.984632e-01 1.003322e+00 1.015168e+00 1.019471e+00 1.027851e+00 1.040121e+00 1.044118e+00 1.064125e+00 1.120557e+00 
42 589 1.914446e-01 1.118389e+00 9.163893e-01 9.163893e-01 9.224223e-01 9.259192e-01 9.286701e-01 9.306056e-01 9.319146e-01 9.331063e-01 9.354879e-01 9.377946e-01 9.420317e-01 9.449518e-01 9.482872e-01 9.495358e-01 9.527978e-01 9.557485e-01 9.597666e-01 9.623969e-01 9.635648e-01 9.675439e-01 9.718456e-01 9.726747e-01 9.753072e-01 9.778570e-01 9.815237e-01 9.898293e-01 9.987335e-01 1.001148e+00 1.015685e+00 1.019449e+00 1.026771e+00 1.037473e+00 1.041719e+00 1.063045e+00 1.118389e+00 
43 603 1.846536e-01 1.117108e+00 9.143597e-01 9.143597e-01 9.208335e-01 9.240586e-01 9.270533e-01 9.284350e-01 9.307571e-01 9.311668e-01 9.351997e-01 9.359484e-01 9.401916e-01 9.440843e-01 9.474714e-01 9.490853e-01 9.510432e-01 9.543268e-01 9.589928e-01 9.613257e-01 9.641344e-01 9.672901e-01 9.707598e-01 9.715639e-01 9.739300e-01 9.785349e-01 9.826962e-01 9.908412e-01 9.985361e-01 9.999806e-01 1.014636e+00 1.020498e+00 1.024871e+00 1.036800e+00 1.044754e+00 1.061739e+00 1.117108e+00 
44 617 1.792117e-01 1.117202e+00 9.139394e-01 9.139394e-01 9.196426e-01 9.228026e-01 9.259488e-01 9.277064e-01 9.289991e-01 9.298485e-01 9.343827e-01 9.347791e-01 9.384677e-01 9.435728e-01 9.458995e-01 9.491847e-01 9.510041e-01 9.549788e-01 9.573894e-01 9.608259e-01 9.626002e-01 9.674788e-01 9.690373e-01 9.700094e-01 9.749736e-01 9.791866e-01 9.812454e-01 9.933075e-01 9.988650e-01 1.002254e+00 1.013337e+00 1.020786e+00 1.024306e+00 1.036019e+00 1.044980e+00 1.061016e+00 1.117202e+00 
45 631 1.767405e-01 1.115007e+00 9.124464e-01 9.124464e-01 9.189660e-01 9.210350e-01 9.240241e-01 9.256708e-01 9.273813e-01 9.278432e-01 9.332653e-01 9.346448e-01 9.368609e-01 9.421885e-01 9.445995e-01 9.472068e-01 9.495860e-01 9.540033e-01 9.562121e-01 9.603115e-01 9.616174e-01 9.668418e-01 9.675770e-01 9.698940e-01 9.762971e-01 9.795555e-01 9.841558e-01 9.953291e-01 9.981683e-01 1.005339e+00 1.017071e+00 1.021374e+00 1.024130e+00 1.035678e+00 1.044824e+00 1.062977e+00 1.115007e+00 
46 645 1.740631e-01 1.112578e+00 9.109064e-01 9.109064e-01 9.174378e-01 9.201456e-01 9.220414e-01 9.246720e-01 9.256565e-01 9.287382e-01 9.321030e-01 9.333725e-01 9.349840e-01 9.401883e-01 9.429470e-01 9.460910e-01 9.476323e-01 9.516525e-01 9.541926e-01 9.592249e-01 9.628060e-01 9.657314e-01 9.668133e-01 9.681939e-01 9.739924e-01 9.795449e-01 9.823363e-01 9.957179e-01 9.978764e-01 1.005380e+00 1.016618e+00 1.020871e+00 1.031474e+00 1.036948e+00 1.043467e+00 1.063066e+00 1.112578e+00 
47 659 1.715088e-01 1.114732e+00 9.114688e-01 9.114688e-01 9.167098e-01 9.193914e-01 9.214459e-01 9.229982e-01 9.264444e-01 9.276425e-01 9.307788e-01 9.322138e-01 9.346161e-01 9.389914e-01 9.433207e-01 9.451263e-01 9.458258e-01 9.506498e-01 9.527901e-01 9.593768e-01 9.623475e-01 9.649701e-01 9.674022e-01 9.684763e-01 9.737790e-01 9.778502e-01 9.826853e-01 9.961554e-01 9.972933e-01 1.007441e+00 1.019251e+00 1.024588e+00 1.032910e+00 1.039435e+00 1.047822e+00 1.064055e+00 1.114732e+00 
48 673 1.676053e-01 1.116485e+00 9.117572e-01 9.117572e-01 9.166400e-01 9.181646e-01 9.208787e-01 9.224473e-01 9.257619e-01 9.261348e-01 9.290895e-01 9.311072e-01 9.336477e-01 9.374520e-01 9.423221e-01 9.435553e-01 9.464209e-01 9.496882e-01 9.520418e-01 9.577536e-01 9.611716e-01 9.634367e-01 9.672746e-01 9.681367e-01 9.738168e-01 9.776142e-01 9.845269e-01 9.951799e-01 9.969726e-01 1.005784e+00 1.016970e+00 1.024585e+00 1.030623e+00 1.039701e+00 1.052939e+00 1.064636e+00 1.116485e+00 
49 687 1.633370e-01 1.114835e+00 9.096795e-01 9.096795e-01 9.160132e-01 9.186977e-01 9.205441e-01 9.223141e-01 9.244662e-01 9.259568e-01 9.289345e-01 9.302985e-01 9.330067e-01 9.363399e-01 9.408160e-01 9.445030e-01 9.473880e-01 9.484861e-01 9.513671e-01 9.556680e-01 9.612523e-01 9.626612e-01 9.665634e-01 9.682477e-01 9.731211e-01 9.760906e-01 9.827418e-01 9.944395e-01 9.992152e-01 1.006682e+00 1.015946e+00 1.023206e+00 1.027955e+00 1.039459e+00 1.055087e+00 1.070708e+00 1.114835e+00 
50 701 2.216148e-01 1.113728e+00 9.082774e-01 9.082774e-01 9.143782e-01 9.169944e-01 9.192600e-01 9.209220e-01 9.223317e-01 9.245225e-01 9.274384e-01 9.303294e-01 9.333162e-01 9.343611e-01 9.392636e-01 9.449793e-01 9.469150e-01 9.478526e-01 9.530232e-01 9.557294e-01 9.598710e-01 9.635640e-01 9.664405e-01 9.692284e-01 9.713904e-01 9.753776e-01 9.865155e-01 9.974852e-01 9.983059e-01 1.007673e+00 1.014579e+00 1.021587e+00 1.026256e+00 1.037605e+00 1.055792e+00 1.074556e+00 1.113728e+00 
51 715 2.160295e-01 1.113712e+00 9.068027e-01 9.068027e-01 9.123978e-01 9.170669e-01 9.176126e-01 9.189857e-01 9.204669e-01 9.230127e-01 9.254978e-01 9.292835e-01 9.321789e-01 9.322131e-01 9.377872e-01 9.435309e-01 9.464041e-01 9.515319e-01 9.532161e-01 9.535780e-01 9.584767e-01 9.631006e-01 9.651742e-01 9.684969e-01 9.713649e-01 9.740953e-01 9.847912e-01 9.963885e-01 9.976110e-01 1.009691e+00 1.014459e+00 1.021883e+00 1.027192e+00 1.036010e+00 1.057118e+00 1.072815e+00 1.113712e+00 
52 729 2.126610e-01 1.112684e+00 9.071390e-01 9.071390e-01 9.122222e-01 9.151345e-01 9.166943e-01 9.176454e-01 9.188431e-01 9.228821e-01 9.271969e-01 9.285111e-01 9.303508e-01 9.317625e-01 9.372396e-01 9.421598e-01 9.441887e-01 9.504137e-01 9.527717e-01 9.539197e-01 9.585241e-01 9.639258e-01 9.662124e-01 9.682620e-01 9.718896e-01 9.764818e-01 9.828231e-01 9.947096e-01 9.958038e-01 1.008716e+00 1.013695e+00 1.020701e+00 1.025720e+00 1.034250e+00 1.059632e+00 1.075393e+00 1.112684e+00 
53 743 2.071039e-01 1.110465e+00 9.059284e-01 9.059284e-01 9.105107e-01 9.129822e-01 9.144520e-01 9.158339e-01 9.170449e-01 9.207182e-01 9.252001e-01 9.279069e-01 9.293064e-01 9.305875e-01 9.355573e-01 9.406092e-01 9.442436e-01 9.491197e-01 9.511353e-01 9.532161e-01 9.569527e-01 9.625910e-01 9.655894e-01 9.694452e-01 9.722311e-01 9.773919e-01 9.810309e-01 9.933969e-01 9.954598e-01 1.008333e+00 1.012680e+00 1.019449e+00 1.027327e+00 1.035543e+00 1.060784e+00 1.077964e+00 1.110465e+00 
54 757 1.992460e-01 1.108255e+00 9.041785e-01 9.041785e-01 9.096202e-01 9.118281e-01 9.123878e-01 9.141399e-01 9.149046e-01 9.196544e-01 9.232057e-01 9.270529e-01 9.284832e-01 9.287174e-01 9.338782e-01 9.401250e-01 9.443488e-01 9.483610e-01 9.492129e-01 9.534721e-01 9.583408e-01 9.606323e-01 9.647351e-01 9.689072e-01 9.727415e-01 9.771188e-01 9.794147e-01 9.922566e-01 9.948999e-01 1.007586e+00 1.012052e+00 1.018711e+00 1.028121e+00 1.038376e+00 1.062395e+00 1.076469e+00 1.108255e+00 
55 771 1.913894e-01 1.109553e+00 9.020331e-01 9.020331e-01 9.084960e-01 9.099435e-01 9.109781e-01 9.122363e-01 9.131902e-01 9.183207e-01 9.228580e-01 9.247544e-01 9.268335e-01 9.290251e-01 9.328721e-01 9.385403e-01 9.437274e-01 9.479286e-01 9.491118e-01 9.520706e-01 9.568373e-01 9.597475e-01 9.653205e-01 9.682076e-01 9.706584e-01 9.763400e-01 9.806751e-01 9.908548e-01 9.987168e-01 1.007941e+00 1.013147e+00 1.019776e+00 1.028645e+00 1.036667e+00 1.065026e+00 1.075343e+00 1.109553e+00 
56 785 1.833885e-01 1.109143e+00 9.002794e-01 9.002794e-01 9.070853e-01 9.078676e-01 9.096383e-01 9.115159e-01 9.130793e-01 9.162882e-01 9.212416e-01 9.246932e-01 9.257600e-01 9.300455e-01 9.310230e-01 9.374970e-01 9.427720e-01 9.465584e-01 9.497431e-01 9.535187e-01 9.547226e-01 9.616178e-01 9.655649e-01 9.674539e-01 9.691828e-01 9.772974e-01 9.788491e-01 9.909088e-01 9.994342e-01 1.006586e+00 1.011130e+00 1.017397e+00 1.028033e+00 1.036150e+00 1.063360e+00 1.075414e+00 1.109143e+00 
57 799 1.808593e-01 1.107469e+00 8.991969e-01 8.991969e-01 9.056676e-01 9.069205e-01 9.080084e-01 9.098812e-01 9.129002e-01 9.149162e-01 9.215487e-01 9.239740e-01 9.261252e-01 9.291421e-01 9.351683e-01 9.366161e-01 9.425804e-01 9.446676e-01 9.490926e-01 9.517767e-01 9.551276e-01 9.598658e-01 9.639485e-01 9.667902e-01 9.700410e-01 9.771476e-01 9.837508e-01 9.903529e-01 9.980174e-01 1.006647e+00 1.009488e+00 1.015575e+00 1.030305e+00 1.036277e+00 1.065068e+00 1.075113e+00 1.107469e+00 
58 813 1.787014e-01 1.106289e+00 9.001433e-01 9.001433e-01 9.041133e-01 9.059653e-01 9.071116e-01 9.094720e-01 9.114366e-01 9.132656e-01 9.218620e-01 9.239790e-01 9.248444e-01 9.282357e-01 9.338944e-01 9.366657e-01 9.423021e-01 9.443100e-01 9.503782e-01 9.515475e-01 9.541797e-01 9.595685e-01 9.625263e-01 9.662095e-01 9.720465e-01 9.751732e-01 9.819630e-01 9.908335e-01 9.984004e-01 1.005146e+00 1.007335e+00 1.016111e+00 1.029416e+00 1.035966e+00 1.070005e+00 1.078915e+00 1.106289e+00 
59 827 1.756445e-01 1.104389e+00 8.978551e-01 8.978551e-01 9.030510e-01 9.050416e-01 9.061602e-01 9.078686e-01 9.107768e-01 9.122415e-01 9.204046e-01 9.221920e-01 9.239974e-01 9.277325e-01 9.328761e-01 9.380551e-01 9.421216e-01 9.443267e-01 9.492947e-01 9.497173e-01 9.542538e-01 9.608653e-01 9.641823e-01 9.657089e-01 9.715469e-01 9.750594e-01 9.810095e-01 9.890283e-01 9.969705e-01 1.004103e+00 1.006132e+00 1.014568e+00 1.028476e+00 1.034831e+00 1.072760e+00 1.080465e+00 1.104389e+00 
60 841 1.750043e-01 1.102195e+00 8.967417e-01 8.967417e-01 9.017663e-01 9.036505e-01 9.046348e-01 9.070469e-01 9.094438e-01 9.123340e-01 9.182611e-01 9.202665e-01 9.226222e-01 9.273835e-01 9.310266e-01 9.363696e-01 9.402588e-01 9.431468e-01 9.487019e-01 9.505497e-01 9.533610e-01 9.594645e-01 9.620408e-01 9.665629e-01 9.725157e-01 9.747020e-01 9.798962e-01 9.867670e-01 9.966076e-01 1.003608e+00 1.007109e+00 1.017027e+00 1.027508e+00 1.034020e+00 1.077998e+00 1.085157e+00 1.102195e+00 
61 855 1.705810e-01 1.099723e+00 8.956560e-01 8.956560e-01 9.001624e-01 9.017293e-01 9.032638e-01 9.051494e-01 9.086834e-01 9.110209e-01 9.175363e-01 9.209436e-01 9.252371e-01 9.258347e-01 9.308613e-01 9.363358e-01 9.391870e-01 9.412750e-01 9.472005e-01 9.500780e-01 9.520474e-01 9.577398e-01 9.610355e-01 9.657731e-01 9.725930e-01 9.734569e-01 9.781797e-01 9.868557e-01 9.959357e-01 1.001872e+00 1.005572e+00 1.015263e+00 1.025934e+00 1.032087e+00 1.077366e+00 1.090290e+00 1.099723e+00 
62 869 1.659387e-01 1.099688e+00 8.959635e-01 8.959635e-01 8.983676e-01 8.998871e-01 9.015075e-01 9.046735e-01 9.071600e-01 9.096412e-01 9.167429e-01 9.199509e-01 9.233568e-01 9.243381e-01 9.294087e-01 9.343645e-01 9.380061e-01 9.397899e-01 9.458252e-01 9.499943e-01 9.515675e-01 9.592793e-01 9.614001e-01 9.644332e-01 9.707863e-01 9.748512e-01 9.769668e-01 9.868499e-01 9.964174e-01 1.001073e+00 1.003268e+00 1.014456e+00 1.024218e+00 1.031596e+00 1.077549e+00 1.093344e+00 1.099688e+00 
63 883 1.631168e-01 1.103038e+00 8.959591e-01 8.959591e-01 8.977306e-01 8.978555e-01 9.005675e-01 9.055668e-01 9.065291e-01 9.118218e-01 9.155246e-01 9.201202e-01 9.221435e-01 9.228921e-01 9.294111e-01 9.329859e-01 9.382656e-01 9.400184e-01 9.445383e-01 9.487628e-01 9.504547e-01 9.582457e-01 9.623601e-01 9.667292e-01 9.712529e-01 9.758643e-01 9.799220e-01 9.856392e-01 9.959196e-01 9.986274e-01 1.001875e+00 1.013953e+00 1.022674e+00 1.030512e+00 1.076588e+00 1.095004e+00 1.103038e+00 
64 897 2.270213e-01 1.102564e+00 8.946060e-01 8.946060e-01 8.957298e-01 8.966083e-01 8.994646e-01 9.045421e-01 9.055907e-01 9.111617e-01 9.146405e-01 9.199897e-01 9.205249e-01 9.225373e-01 9.286621e-01 9.325822e-01 9.378156e-01 9.423229e-01 9.427491e-01 9.469636e-01 9.486612e-01 9.583031e-01 9.606892e-01 9.651046e-01 9.702706e-01 9.805908e-01 9.819057e-01 9.836323e-01 9.945940e-01 9.976515e-01 1.006786e+00 1.012101e+00 1.022244e+00 1.028590e+00 1.074994e+00 1.100465e+00 1.102564e+00 
65 911 2.234021e-01 1.105215e+00 8.930702e-01 8.930702e-01 8.943683e-01 8.949666e-01 8.985676e-01 9.030096e-01 9.046150e-01 9.095947e-01 9.128291e-01 9.184918e-01 9.204435e-01 9.212168e-01 9.277698e-01 9.334616e-01 9.373002e-01 9.401783e-01 9.418748e-01 9.452808e-01 9.481321e-01 9.558049e-01 9.600437e-01 9.650788e-01 9.686851e-01 9.793828e-01 9.823917e-01 9.862136e-01 9.926868e-01 9.999591e-01 1.007170e+00 1.012798e+00 1.021571e+00 1.026922e+00 1.072870e+00 1.097716e+00 1.105215e+00 
66 925 2.198668e-01 1.107333e+00 8.914373e-01 8.914373e-01 8.925257e-01 8.932243e-01 8.975395e-01 9.013863e-01 9.044952e-01 9.077623e-01 9.111249e-01 9.169730e-01 9.188895e-01 9.195946e-01 9.262036e-01 9.334947e-01 9.369821e-01 9.390654e-01 9.408211e-01 9.443638e-01 9.480184e-01 9.545032e-01 9.604549e-01 9.648747e-01 9.675477e-01 9.783124e-01 9.810058e-01 9.855378e-01 9.920245e-01 9.998064e-01 1.007348e+00 1.012682e+00 1.023593e+00 1.028419e+00 1.072267e+00 1.096889e+00 1.107333e+00 
67 939 2.165056e-01 1.110698e+00 8.902694e-01 8.902694e-01 8.911553e-01 8.924565e-01 8.962106e-01 8.995222e-01 9.022549e-01 9.057833e-01 9.119559e-01 9.154218e-01 9.175482e-01 9.178040e-01 9.255538e-01 9.323178e-01 9.356469e-01 9.376353e-01 9.411286e-01 9.429468e-01 9.476533e-01 9.531108e-01 9.589540e-01 9.650088e-01 9.656451e-01 9.770950e-01 9.808840e-01 9.867256e-01 9.946744e-01 1.000186e+00 1.006819e+00 1.010818e+00 1.024514e+00 1.030111e+00 1.071358e+00 1.098157e+00 1.110698e+00 
68 953 2.121334e-01 1.111105e+00 8.879991e-01 8.879991e-01 8.899673e-01 8.918061e-01 8.950203e-01 8.986681e-01 9.002304e-01 9.042014e-01 9.103698e-01 9.152988e-01 9.156661e-01 9.166062e-01 9.239614e-01 9.330987e-01 9.339521e-01 9.363612e-01 9.395584e-01 9.421192e-01 9.471477e-01 9.524757e-01 9.567411e-01 9.637128e-01 9.667021e-01 9.766121e-01 9.814632e-01 9.854076e-01 9.959052e-01 9.989216e-01 1.005242e+00 1.010701e+00 1.024097e+00 1.030852e+00 1.071994e+00 1.097183e+00 1.111105e+00 
69 967 2.102240e-01 1.118084e+00 8.861789e-01 8.861789e-01 8.886338e-01 8.899439e-01 8.931403e-01 8.974280e-01 8.983421e-01 9.044195e-01 9.091598e-01 9.129183e-01 9.145773e-01 9.163298e-01 9.257768e-01 9.319457e-01 9.355974e-01 9.361440e-01 9.380915e-01 9.420163e-01 9.484702e-01 9.507339e-01 9.550622e-01 9.631918e-01 9.651456e-01 9.760993e-01 9.796166e-01 9.844282e-01 9.958880e-01 9.970382e-01 1.005563e+00 1.010427e+00 1.024044e+00 1.032936e+00 1.069941e+00 1.097900e+00 1.118084e+00 
70 981 2.044896e-01 1.120890e+00 8.842946e-01 8.842946e-01 8.879071e-01 8.897856e-01 8.917869e-01 8.970844e-01 8.984309e-01 9.035660e-01 9.090692e-01 9.120504e-01 9.132729e-01 9.159071e-01 9.243586e-01 9.297721e-01 9.342620e-01 9.362398e-01 9.365125e-01 9.403335e-01 9.482117e-01 9.491610e-01 9.544613e-01 9.610152e-01 9.639300e-01 9.761128e-01 9.828321e-01 9.837548e-01 9.954867e-01 1.000632e+00 1.003957e+00 1.010902e+00 1.022324e+00 1.035873e+00 1.067275e+00 1.095563e+00 1.120890e+00 
71 995 2.006051e-01 1.121404e+00 8.827996e-01 8.827996e-01 8.865351e-01 8.888320e-01 8.928396e-01 8.964310e-01 8.991736e-01 9.026105e-01 9.085551e-01 9.107992e-01 9.139569e-01 9.174843e-01 9.232891e-01 9.291775e-01 9.329495e-01 9.350857e-01 9.378124e-01 9.394305e-01 9.473498e-01 9.482077e-01 9.534830e-01 9.605076e-01 9.649223e-01 9.751456e-01 9.819327e-01 9.857766e-01 9.942646e-01 1.000180e+00 1.003863e+00 1.012259e+00 1.020070e+00 1.034223e+00 1.065055e+00 1.095252e+00 1.121404e+00 
72 1009 1.956427e-01 1.124348e+00 8.838727e-01 8.838727e-01 8.856753e-01 8.897752e-01 8.909039e-01 8.951905e-01 8.979077e-01 9.022308e-01 9.067980e-01 9.111539e-01 9.134432e-01 9.162862e-01 9.218658e-01 9.300157e-01 9.312022e-01 9.341371e-01 9.372805e-01 9.433671e-01 9.464900e-01 9.474230e-01 9.521834e-01 9.595084e-01 9.675703e-01 9.743933e-01 9.798927e-01 9.867376e-01 9.931263e-01 1.000510e+00 1.003936e+00 1.013228e+00 1.020576e+00 1.032732e+00 1.065052e+00 1.095448e+00 1.124348e+00 
73 1023 1.913788e-01 1.123179e+00 8.831498e-01 8.831498e-01 8.845930e-01 8.887317e-01 8.892954e-01 8.935944e-01 8.967761e-01 9.002796e-01 9.052965e-01 9.101049e-01 9.122103e-01 9.162648e-01 9.197677e-01 9.286719e-01 9.308387e-01 9.324025e-01 9.378028e-01 9.451601e-01 9.456623e-01 9.475694e-01 9.520335e-01 9.576524e-01 9.667338e-01 9.723316e-01 9.774977e-01 9.894457e-01 9.912373e-01 9.990900e-01 1.002372e+00 1.013892e+00 1.019814e+00 1.031349e+00 1.063685e+00 1.093793e+00 1.123179e+00 
74 1037 1.876849e-01 1.121665e+00 8.825969e-01 8.825969e-01 8.834517e-01 8.872232e-01 8.891410e-01 8.918444e-01 8.950786e-01 8.993896e-01 9.034433e-01 9.083917e-01 9.111713e-01 9.149945e-01 9.189008e-01 9.277001e-01 9.297154e-01 9.317841e-01 9.360865e-01 9.447436e-01 9.459436e-01 9.497015e-01 9.552714e-01 9.568413e-01 9.670459e-01 9.733674e-01 9.786247e-01 9.892725e-01 9.908633e-01 9.979819e-01 1.000360e+00 1.014423e+00 1.020110e+00 1.031284e+00 1.062445e+00 1.093894e+00 1.121665e+00 
75 1051 1.839186e-01 1.119149e+00 8.806074e-01 8.806074e-01 8.819667e-01 8.857325e-01 8.873988e-01 8.912265e-01 8.937950e-01 8.987641e-01 9.027122e-01 9.076946e-01 9.122518e-01 9.143715e-01 9.189623e-01 9.255301e-01 9.285780e-01 9.303660e-01 9.358633e-01 9.430898e-01 9.439806e-01 9.516829e-01 9.540773e-01 9.587512e-01 9.658463e-01 9.723202e-01 9.769531e-01 9.870250e-01 9.930215e-01 9.973790e-01 9.983622e-01 1.016136e+00 1.018438e+00 1.032741e+00 1.063261e+00 1.093399e+00 1.119149e+00 
76 1065 1.791880e-01 1.119839e+00 8.791914e-01 8.791914e-01 8.843183e-01 8.846472e-01 8.871660e-01 8.906085e-01 8.929459e-01 8.979639e-01 9.006151e-01 9.069899e-01 9.120082e-01 9.124031e-01 9.176675e-01 9.253503e-01 9.271322e-01 9.284957e-01 9.337470e-01 9.420086e-01 9.422416e-01 9.511374e-01 9.534516e-01 9.591955e-01 9.660592e-01 9.721778e-01 9.752213e-01 9.878684e-01 9.930285e-01 9.978152e-01 1.000667e+00 1.016773e+00 1.017842e+00 1.033612e+00 1.060837e+00 1.094999e+00 1.119839e+00 
77 1079 1.752444e-01 1.118648e+00 8.784956e-01 8.784956e-01 8.829471e-01 8.834906e-01 8.852407e-01 8.886933e-01 8.929040e-01 8.962463e-01 8.988511e-01 9.061534e-01 9.112994e-01 9.119633e-01 9.174802e-01 9.253965e-01 9.274414e-01 9.286624e-01 9.344917e-01 9.395664e-01 9.417552e-01 9.497754e-01 9.531303e-01 9.568742e-01 9.673489e-01 9.707964e-01 9.746758e-01 9.868998e-01 9.961404e-01 9.963446e-01 9.985518e-01 1.016875e+00 1.020292e+00 1.035536e+00 1.058549e+00 1.093509e+00 1.118648e+00 
78 1093 1.689336e-01 1.120512e+00 8.768360e-01 8.768360e-01 8.815165e-01 8.821013e-01 8.839315e-01 8.880027e-01 8.919857e-01 8.950156e-01 8.981640e-01 9.043201e-01 9.097605e-01 9.110997e-01 9.158926e-01 9.245664e-01 9.261549e-01 9.280422e-01 9.335471e-01 9.378601e-01 9.475758e-01 9.484417e-01 9.527269e-01 9.553173e-01 9.658442e-01 9.690586e-01 9.746280e-01 9.854612e-01 9.946863e-01 9.954847e-01 1.001111e+00 1.018680e+00 1.020865e+00 1.035949e+00 1.058532e+00 1.091669e+00 1.120512e+00 
79 1107 1.621491e-01 1.118291e+00 8.758169e-01 8.758169e-01 8.796962e-01 8.818130e-01 8.836478e-01 8.865521e-01 8.925568e-01 8.935963e-01 8.987259e-01 9.046954e-01 9.079985e-01 9.114243e-01 9.142293e-01 9.245935e-01 9.267349e-01 9.293247e-01 9.326746e-01 9.366925e-01 9.461155e-01 9.505338e-01 9.534521e-01 9.542806e-01 9.643291e-01 9.680817e-01 9.762493e-01 9.833393e-01 9.940059e-01 9.972510e-01 1.000196e+00 1.019925e+00 1.020984e+00 1.036121e+00 1.056599e+00 1.091638e+00 1.118291e+00 
80 1121 1.569336e-01 1.117110e+00 8.757982e-01 8.757982e-01 8.776929e-01 8.806439e-01 8.827434e-01 8.855504e-01 8.910666e-01 8.954122e-01 9.001732e-01 9.039058e-01 9.067655e-01 9.113574e-01 9.141272e-01 9.229739e-01 9.253878e-01 9.302173e-01 9.312616e-01 9.377889e-01 9.445301e-01 9.521608e-01 9.531843e-01 9.533747e-01 9.646934e-01 9.664042e-01 9.755959e-01 9.831496e-01 9.937547e-01 9.976886e-01 9.992997e-01 1.019522e+00 1.020157e+00 1.035159e+00 1.055022e+00 1.090759e+00 1.117110e+00 
81 1135 1.534860e-01 1.115550e+00 8.744523e-01 8.744523e-01 8.770178e-01 8.804236e-01 8.824742e-01 8.852007e-01 8.891369e-01 8.936707e-01 9.005678e-01 9.025466e-01 9.074479e-01 9.098648e-01 9.147317e-01 9.216213e-01 9.231673e-01 9.284784e-01 9.291776e-01 9.403837e-01 9.446955e-01 9.498704e-01 9.516876e-01 9.552501e-01 9.640344e-01 9.665823e-01 9.749823e-01 9.809912e-01 9.940198e-01 9.982927e-01 1.003332e+00 1.017835e+00 1.019576e+00 1.038713e+00 1.052908e+00 1.090625e+00 1.115550e+00 
82 1149 1.484450e-01 1.115923e+00 8.727410e-01 8.727410e-01 8.757218e-01 8.788470e-01 8.815002e-01 8.839957e-01 8.881062e-01 8.944456e-01 9.007975e-01 9.032512e-01 9.060425e-01 9.079052e-01 9.131471e-01 9.212121e-01 9.221046e-01 9.275185e-01 9.319170e-01 9.391032e-01 9.436049e-01 9.488398e-01 9.502981e-01 9.537817e-01 9.644101e-01 9.650439e-01 9.731745e-01 9.809640e-01 9.934109e-01 9.967904e-01 1.003193e+00 1.017887e+00 1.019739e+00 1.038232e+00 1.051546e+00 1.088946e+00 1.115923e+00 
83 1163 1.457108e-01 1.116257e+00 8.714022e-01 8.714022e-01 8.753523e-01 8.781113e-01 8.820781e-01 8.847475e-01 8.864468e-01 8.921522e-01 8.994440e-01 9.016774e-01 9.050608e-01 9.063452e-01 9.116946e-01 9.195863e-01 9.209823e-01 9.258424e-01 9.312694e-01 9.390035e-01 9.463274e-01 9.472662e-01 9.488787e-01 9.539901e-01 9.620392e-01 9.640162e-01 9.719570e-01 9.810884e-01 9.929568e-01 9.975941e-01 1.002480e+00 1.016188e+00 1.021087e+00 1.038060e+00 1.049438e+00 1.088088e+00 1.116257e+00 
84 1177 1.426801e-01 1.117400e+00 8.700004e-01 8.700004e-01 8.738688e-01 8.767658e-01 8.814784e-01 8.841574e-01 8.868950e-01 8.903278e-01 9.007825e-01 9.009628e-01 9.041990e-01 9.055974e-01 9.151861e-01 9.176079e-01 9.205049e-01 9.249245e-01 9.301609e-01 9.390967e-01 9.446064e-01 9.463843e-01 9.511120e-01 9.533712e-01 9.620125e-01 9.639783e-01 9.709329e-01 9.804728e-01 9.907766e-01 9.965809e-01 1.002236e+00 1.018772e+00 1.026965e+00 1.037716e+00 1.048516e+00 1.086206e+00 1.117400e+00 
85 1191 1.938347e-01 1.117277e+00 8.685140e-01 8.685140e-01 8.736661e-01 8.753259e-01 8.796325e-01 8.823587e-01 8.853462e-01 8.893813e-01 8.995069e-01 9.003869e-01 9.053627e-01 9.059350e-01 9.154165e-01 9.182189e-01 9.212915e-01 9.243707e-01 9.286925e-01 9.370484e-01 9.428247e-01 9.444445e-01 9.493028e-01 9.542333e-01 9.633571e-01 9.666372e-01 9.742862e-01 9.801462e-01 9.887825e-01 9.985246e-01 1.004034e+00 1.016226e+00 1.030080e+00 1.040395e+00 1.048999e+00 1.086143e+00 1.117277e+00 
86 1205 1.938873e-01 1.125745e+00 8.670122e-01 8.670122e-01 8.716857e-01 8.750700e-01 8.781981e-01 8.821696e-01 8.835646e-01 8.897831e-01 8.983746e-01 8.992444e-01 9.036308e-01 9.055011e-01 9.149118e-01 9.175500e-01 9.204875e-01 9.225173e-01 9.282224e-01 9.367442e-01 9.423031e-01 9.444622e-01 9.505544e-01 9.540493e-01 9.636555e-01 9.694975e-01 9.741236e-01 9.824398e-01 9.865770e-01 9.966229e-01 1.005552e+00 1.014300e+00 1.028284e+00 1.038910e+00 1.050010e+00 1.086129e+00 1.125745e+00 
87 1219 1.888773e-01 1.127941e+00 8.656260e-01 8.656260e-01 8.710168e-01 8.736483e-01 8.774000e-01 8.806219e-01 8.814555e-01 8.892775e-01 8.967002e-01 8.975281e-01 9.024529e-01 9.070843e-01 9.136270e-01 9.155194e-01 9.190170e-01 9.226562e-01 9.260205e-01 9.370033e-01 9.422914e-01 9.437568e-01 9.500393e-01 9.530489e-01 9.613831e-01 9.690912e-01 9.731634e-01 9.803658e-01 9.848719e-01 9.960826e-01 1.006914e+00 1.013410e+00 1.027563e+00 1.040020e+00 1.050746e+00 1.086430e+00 1.127941e+00 
88 1233 1.819040e-01 1.128424e+00 8.642018e-01 8.642018e-01 8.707963e-01 8.723502e-01 8.771267e-01 8.802250e-01 8.807521e-01 8.893801e-01 8.951613e-01 8.970069e-01 9.017751e-01 9.059353e-01 9.127111e-01 9.142115e-01 9.179534e-01 9.232018e-01 9.263250e-01 9.356643e-01 9.417023e-01 9.422485e-01 9.486325e-01 9.516682e-01 9.625083e-01 9.674487e-01 9.724208e-01 9.786689e-01 9.840650e-01 9.975593e-01 1.007804e+00 1.012062e+00 1.026212e+00 1.038699e+00 1.052473e+00 1.085281e+00 1.128424e+00 
89 1247 1.763629e-01 1.127636e+00 8.632878e-01 8.632878e-01 8.686994e-01 8.741754e-01 8.765591e-01 8.783330e-01 8.805796e-01 8.885245e-01 8.944307e-01 8.972889e-01 8.996181e-01 9.062978e-01 9.121081e-01 9.145452e-01 9.159747e-01 9.222822e-01 9.250939e-01 9.337146e-01 9.402963e-01 9.428581e-01 9.476071e-01 9.517369e-01 9.612807e-01 9.687862e-01 9.707420e-01 9.783586e-01 9.821971e-01 9.963534e-01 1.008026e+00 1.009509e+00 1.025750e+00 1.038685e+00 1.050915e+00 1.087259e+00 1.127636e+00 
90 1261 1.712619e-01 1.127182e+00 8.624282e-01 8.624282e-01 8.676131e-01 8.733460e-01 8.759886e-01 8.769148e-01 8.800931e-01 8.866223e-01 8.928650e-01 8.972945e-01 8.984554e-01 9.047727e-01 9.104636e-01 9.134051e-01 9.162382e-01 9.221100e-01 9.248278e-01 9.342543e-01 9.384138e-01 9.421271e-01 9.459187e-01 9.523113e-01 9.595899e-01 9.678405e-01 9.706696e-01 9.768017e-01 9.836088e-01 9.949450e-01 1.007641e+00 1.011625e+00 1.025297e+00 1.037940e+00 1.051405e+00 1.086685e+00 1.127182e+00 
91 1275 1.671089e-01 1.126923e+00 8.620236e-01 8.620236e-01 8.669569e-01 8.728849e-01 8.747732e-01 8.750252e-01 8.793666e-01 8.851402e-01 8.914565e-01 8.974473e-01 8.979589e-01 9.052390e-01 9.089550e-01 9.139389e-01 9.168835e-01 9.206522e-01 9.232907e-01 9.322523e-01 9.396737e-01 9.402282e-01 9.451246e-01 9.537137e-01 9.579253e-01 9.687350e-01 9.720859e-01 9.750525e-01 9.834884e-01 9.941945e-01 1.010033e+00 1.012577e+00 1.024587e+00 1.036904e+00 1.049725e+00 1.087133e+00 1.126923e+00 
92 1289 1.633418e-01 1.126225e+00 8.609003e-01 8.609003e-01 8.656382e-01 8.721898e-01 8.746652e-01 8.750280e-01 8.788413e-01 8.851684e-01 8.897724e-01 8.956935e-01 9.013350e-01 9.037526e-01 9.082452e-01 9.125964e-01 9.167119e-01 9.200721e-01 9.233268e-01 9.308877e-01 9.391553e-01 9.419887e-01 9.436319e-01 9.554684e-01 9.560225e-01 9.668158e-01 9.716370e-01 9.782053e-01 9.860793e-01 9.929903e-01 1.009050e+00 1.011368e+00 1.027255e+00 1.041058e+00 1.048477e+00 1.088168e+00 1.126225e+00 
93 1303 2.259195e-01 1.127145e+00 8.601272e-01 8.601272e-01 8.635198e-01 8.708439e-01 8.729368e-01 8.738668e-01 8.779837e-01 8.839663e-01 8.916793e-01 8.950658e-01 9.017576e-01 9.040487e-01 9.104867e-01 9.126856e-01 9.149419e-01 9.180406e-01 9.217222e-01 9.294176e-01 9.389460e-01 9.407709e-01 9.440711e-01 9.533374e-01 9.554814e-01 9.687611e-01 9.717894e-01 9.810590e-01 9.855594e-01 9.908322e-01 1.008301e+00 1.011690e+00 1.026429e+00 1.040535e+00 1.046167e+00 1.093461e+00 1.127145e+00 
94 1317 2.244370e-01 1.125029e+00 8.582132e-01 8.582132e-01 8.628819e-01 8.692830e-01 8.713628e-01 8.722964e-01 8.765541e-01 8.821770e-01 8.899436e-01 8.951106e-01 9.000445e-01 9.030762e-01 9.098830e-01 9.118576e-01 9.132647e-01 9.172640e-01 9.210330e-01 9.277573e-01 9.384394e-01 9.395275e-01 9.456347e-01 9.540736e-01 9.578087e-01 9.687189e-01 9.722480e-01 9.817456e-01 9.856505e-01 9.906932e-01 1.006624e+00 1.013260e+00 1.024925e+00 1.041463e+00 1.045856e+00 1.093159e+00 1.125029e+00 
95 1331 2.208688e-01 1.125589e+00 8.573096e-01 8.573096e-01 8.613345e-01 8.677672e-01 8.694755e-01 8.708550e-01 8.751129e-01 8.813116e-01 8.901794e-01 8.934820e-01 8.988396e-01 9.014026e-01 9.085213e-01 9.114547e-01 9.135741e-01 9.149608e-01 9.202201e-01 9.280598e-01 9.372555e-01 9.402352e-01 9.467004e-01 9.526827e-01 9.570217e-01 9.683240e-01 9.727667e-01 9.818914e-01 9.846531e-01 9.907694e-01 1.008547e+00 1.012354e+00 1.023560e+00 1.040509e+00 1.045426e+00 1.095304e+00 1.125589e+00 
96 1345 2.160109e-01 1.124134e+00 8.556751e-01 8.556751e-01 8.593985e-01 8.674408e-01 8.683075e-01 8.692113e-01 8.731237e-01 8.811862e-01 8.887941e-01 8.928680e-01 8.975928e-01 8.997077e-01 9.078958e-01 9.095426e-01 9.115351e-01 9.147458e-01 9.184872e-01 9.269280e-01 9.352790e-01 9.394678e-01 9.463801e-01 9.533509e-01 9.574148e-01 9.666385e-01 9.731010e-01 9.825717e-01 9.865214e-01 9.928303e-01 1.007815e+00 1.011016e+00 1.021872e+00 1.043211e+00 1.044268e+00 1.098743e+00 1.124134e+00 
97 1359 2.144608e-01 1.122629e+00 8.543697e-01 8.543697e-01 8.588194e-01 8.660950e-01 8.664509e-01 8.687941e-01 8.728854e-01 8.824550e-01 8.878838e-01 8.915880e-01 8.978279e-01 8.983239e-01 9.066345e-01 9.083308e-01 9.111089e-01 9.137306e-01 9.175273e-01 9.255579e-01 9.362389e-01 9.388225e-01 9.468648e-01 9.524994e-01 9.575085e-01 9.658121e-01 9.726975e-01 9.827185e-01 9.850161e-01 9.913278e-01 1.008921e+00 1.012265e+00 1.021221e+00 1.043509e+00 1.048520e+00 1.101150e+00 1.122629e+00 
98 1373 2.124462e-01 1.121293e+00 8.537314e-01 8.537314e-01 8.570741e-01 8.644468e-01 8.655762e-01 8.666864e-01 8.722924e-01 8.812774e-01 8.864775e-01 8.927889e-01 8.958512e-01 9.006755e-01 9.046806e-01 9.076174e-01 9.116873e-01 9.126039e-01 9.162194e-01 9.237501e-01 9.342981e-01 9.370469e-01 9.472710e-01 9.531581e-01 9.577966e-01 9.645164e-01 9.710348e-01 9.823187e-01 9.846686e-01 9.922380e-01 1.008815e+00 1.012260e+00 1.025116e+00 1.041355e+00 1.049368e+00 1.106838e+00 1.121293e+00 
99 1387 2.085596e-01 1.118588e+00 8.535289e-01 8.535289e-01 8.590686e-01 8.636943e-01 8.658711e-01 8.666659e-01 8.738768e-01 8.793005e-01 8.846343e-01 8.939193e-01 8.946931e-01 8.999488e-01 9.030393e-01 9.075254e-01 9.108911e-01 9.128298e-01 9.166603e-01 9.225641e-01 9.329952e-01 9.388464e-01 9.458344e-01 9.521255e-01 9.569118e-01 9.657183e-01 9.743415e-01 9.806561e-01 9.884966e-01 9.917499e-01 1.007882e+00 1.010658e+00 1.024948e+00 1.040828e+00 1.050359e+00 1.109838e+00 1.118588e+00 
100 1401 2.027316e-01 1.116362e+00 8.534601e-01 8.534601e-01 8.570943e-01 8.616384e-01 8.643697e-01 8.652498e-01 8.728469e-01 8.787396e-01 8.831673e-01 8.929221e-01 8.946090e-01 8.996470e-01 9.019082e-01 9.059509e-01 9.092429e-01 9.115194e-01 9.154983e-01 9.206640e-01 9.316971e-01 9.391610e-01 9.442881e-01 9.536126e-01 9.571556e-01 9.643225e-01 9.728486e-01 9.800561e-01 9.883827e-01 9.908788e-01 1.007990e+00 1.013798e+00 1.023262e+00 1.039480e+00 1.053403e+00 1.112165e+00 1.116362e+00 
101 1415 1.957976e-01 1.117113e+00 8.520219e-01 8.520219e-01 8.564789e-01 8.603417e-01 8.630091e-01 8.659006e-01 8.721021e-01 8.783487e-01 8.825295e-01 8.910977e-01 8.924951e-01 8.986058e-01 9.004205e-01 9.047842e-01 9.086621e-01 9.104403e-01 9.136219e-01 9.216475e-01 9.307197e-01 9.387832e-01 9.434173e-01 9.531505e-01 9.571566e-01 9.629350e-01 9.765339e-01 9.813337e-01 9.880429e-01 9.905741e-01 1.005827e+00 1.013902e+00 1.022612e+00 1.040233e+00 1.053483e+00 1.113042e+00 1.117113e+00 
102 1429 1.906229e-01 1.117725e+00 8.510853e-01 8.510853e-01 8.558462e-01 8.595521e-01 8.615521e-01 8.641192e-01 8.707254e-01 8.772489e-01 8.808285e-01 8.894023e-01 8.908656e-01 8.968966e-01 8.992438e-01 9.044430e-01 9.084974e-01 9.110356e-01 9.125339e-01 9.229782e-01 9.297315e-01 9.393804e-01 9.415049e-01 9.519047e-01 9.555779e-01 9.665093e-01 9.755546e-01 9.811628e-01 9.875428e-01 9.913862e-01 1.007944e+00 1.013641e+00 1.025313e+00 1.039966e+00 1.051814e+00 1.115317e+00 1.117725e+00 
103 1443 1.870153e-01 1.116899e+00 8.492077e-01 8.492077e-01 8.543254e-01 8.580006e-01 8.604178e-01 8.626263e-01 8.690230e-01 8.755535e-01 8.794413e-01 8.875637e-01 8.895230e-01 8.956715e-01 8.996714e-01 9.041108e-01 9.080613e-01 9.095355e-01 9.126088e-01 9.229376e-01 9.281267e-01 9.372196e-01 9.394050e-01 9.516738e-01 9.575552e-01 9.655678e-01 9.739875e-01 9.821482e-01 9.882858e-01 9.894107e-01 1.011633e+00 1.015009e+00 1.023451e+00 1.039372e+00 1.049774e+00 1.114907e+00 1.116899e+00 
104 1457 1.809043e-01 1.118935e+00 8.487288e-01 8.487288e-01 8.524661e-01 8.561693e-01 8.588030e-01 8.615637e-01 8.673371e-01 8.738029e-01 8.820877e-01 8.863177e-01 8.876146e-01 8.971368e-01 8.983822e-01 9.034648e-01 9.065031e-01 9.085135e-01 9.112278e-01 9.234933e-01 9.263937e-01 9.351456e-01 9.374911e-01 9.501399e-01 9.573046e-01 9.641090e-01 9.725566e-01 9.806492e-01 9.862063e-01 9.900144e-01 1.009934e+00 1.016448e+00 1.021781e+00 1.039648e+00 1.050217e+00 1.113401e+00 1.118935e+00 
105 1471 1.741207e-01 1.117616e+00 8.484526e-01 8.484526e-01 8.508053e-01 8.541718e-01 8.565097e-01 8.608072e-01 8.667048e-01 8.725856e-01 8.812499e-01 8.856157e-01 8.861447e-01 8.952252e-01 8.976817e-01 9.023029e-01 9.060280e-01 9.067710e-01 9.104338e-01 9.236330e-01 9.243156e-01 9.328430e-01 9.373465e-01 9.485943e-01 9.589364e-01 9.626463e-01 9.716953e-01 9.800051e-01 9.854484e-01 9.927965e-01 1.014387e+00 1.015717e+00 1.021600e+00 1.038612e+00 1.050289e+00 1.112349e+00 1.117616e+00 
106 1485 1.679585e-01 1.115659e+00 8.465977e-01 8.465977e-01 8.494257e-01 8.531377e-01 8.558161e-01 8.612044e-01 8.651623e-01 8.714476e-01 8.795560e-01 8.838573e-01 8.859223e-01 8.940066e-01 8.972741e-01 9.010281e-01 9.047704e-01 9.062809e-01 9.114020e-01 9.217878e-01 9.243911e-01 9.316594e-01 9.360010e-01 9.481342e-01 9.590745e-01 9.611265e-01 9.715266e-01 9.808791e-01 9.880829e-01 9.919811e-01 1.012513e+00 1.016815e+00 1.020006e+00 1.039184e+00 1.051685e+00 1.110547e+00 1.115659e+00 
107 1499 1.600139e-01 1.114890e+00 8.446582e-01 8.446582e-01 8.480922e-01 8.517410e-01 8.537843e-01 8.598296e-01 8.637195e-01 8.708495e-01 8.779536e-01 8.826198e-01 8.865824e-01 8.920593e-01 8.962116e-01 8.991866e-01 9.039253e-01 9.044617e-01 9.097461e-01 9.198821e-01 9.237033e-01 9.296737e-01 9.344180e-01 9.475248e-01 9.573770e-01 9.591059e-01 9.722600e-01 9.790284e-01 9.876946e-01 9.901616e-01 1.010179e+00 1.018408e+00 1.019443e+00 1.037189e+00 1.051669e+00 1.109821e+00 1.114890e+00 
108 1513 1.547902e-01 1.113570e+00 8.429396e-01 8.429396e-01 8.468637e-01 8.510826e-01 8.519790e-01 8.582455e-01 8.623565e-01 8.716918e-01 8.777571e-01 8.810272e-01 8.855744e-01 8.922692e-01 8.957890e-01 8.980432e-01 9.026860e-01 9.073153e-01 9.089723e-01 9.190720e-01 9.242667e-01 9.291066e-01 9.334704e-01 9.480995e-01 9.562452e-01 9.576935e-01 9.728989e-01 9.785147e-01 9.882817e-01 9.921029e-01 1.008714e+00 1.017471e+00 1.024640e+00 1.035366e+00 1.050551e+00 1.108738e+00 1.113570e+00 
109 1527 1.506254e-01 1.115285e+00 8.411841e-01 8.411841e-01 8.451350e-01 8.499108e-01 8.518110e-01 8.567249e-01 8.613016e-01 8.699394e-01 8.760849e-01 8.801407e-01 8.851918e-01 8.922934e-01 8.962534e-01 8.995437e-01 9.015252e-01 9.056308e-01 9.072717e-01 9.182105e-01 9.228809e-01 9.285090e-01 9.318732e-01 9.470164e-01 9.548972e-01 9.557282e-01 9.723812e-01 9.796244e-01 9.878644e-01 9.920316e-01 1.006858e+00 1.023246e+00 1.029355e+00 1.033991e+00 1.049439e+00 1.109365e+00 1.115285e+00 
110 1541 2.044452e-01 1.115508e+00 8.391322e-01 8.391322e-01 8.448284e-01 8.498575e-01 8.503101e-01 8.551650e-01 8.598420e-01 8.692223e-01 8.747822e-01 8.789762e-01 8.831943e-01 8.929282e-01 8.950759e-01 8.991602e-01 8.994321e-01 9.051163e-01 9.078993e-01 9.165424e-01 9.222374e-01 9.276922e-01 9.316616e-01 9.460206e-01 9.537101e-01 9.554713e-01 9.718727e-01 9.804437e-01 9.884778e-01 9.916444e-01 1.006130e+00 1.025777e+00 1.027966e+00 1.034722e+00 1.049636e+00 1.108137e+00 1.115508e+00 
111 1555 1.995559e-01 1.114269e+00 8.374909e-01 8.374909e-01 8.435640e-01 8.484522e-01 8.493296e-01 8.551122e-01 8.591654e-01 8.687445e-01 8.730126e-01 8.775876e-01 8.847492e-01 8.915153e-01 8.933382e-01 8.986162e-01 9.002276e-01 9.030186e-01 9.073292e-01 9.171071e-01 9.210299e-01 9.282100e-01 9.321638e-01 9.448358e-01 9.532115e-01 9.553838e-01 9.703562e-01 9.782745e-01 9.866041e-01 9.916448e-01 1.009404e+00 1.025800e+00 1.027567e+00 1.038234e+00 1.050838e+00 1.105682e+00 1.114269e+00 
112 1569 1.949536e-01 1.114775e+00 8.369963e-01 8.369963e-01 8.420657e-01 8.466933e-01 8.478986e-01 8.544157e-01 8.570734e-01 8.678278e-01 8.720809e-01 8.769497e-01 8.847115e-01 8.907858e-01 8.916727e-01 8.978033e-01 8.995312e-01 9.027378e-01 9.083873e-01 9.156386e-01 9.193989e-01 9.285780e-01 9.332724e-01 9.431189e-01 9.520931e-01 9.546667e-01 9.699166e-01 9.775672e-01 9.876473e-01 9.920027e-01 1.007478e+00 1.023558e+00 1.025386e+00 1.038763e+00 1.053385e+00 1.106076e+00 1.114775e+00 
113 1583 1.910997e-01 1.114418e+00 8.358283e-01 8.358283e-01 8.410805e-01 8.451254e-01 8.460644e-01 8.542530e-01 8.595909e-01 8.665953e-01 8.726085e-01 8.769980e-01 8.842501e-01 8.895547e-01 8.922334e-01 8.962264e-01 8.996459e-01 9.026852e-01 9.104419e-01 9.177059e-01 9.183621e-01 9.292567e-01 9.319596e-01 9.426966e-01 9.504278e-01 9.535416e-01 9.680457e-01 9.754780e-01 9.854751e-01 9.923562e-01 1.007278e+00 1.023032e+00 1.025364e+00 1.040098e+00 1.054369e+00 1.104035e+00 1.114418e+00 
114 1597 1.864171e-01 1.113739e+00 8.358613e-01 8.358613e-01 8.398919e-01 8.432035e-01 8.443429e-01 8.534681e-01 8.581960e-01 8.648476e-01 8.721595e-01 8.770894e-01 8.842341e-01 8.899124e-01 8.922875e-01 8.969584e-01 8.978672e-01 9.006738e-01 9.094526e-01 9.167911e-01 9.194608e-01 9.271984e-01 9.306848e-01 9.424411e-01 9.479993e-01 9.519439e-01 9.678371e-01 9.771527e-01 9.843818e-01 9.925065e-01 1.005839e+00 1.021599e+00 1.023862e+00 1.046966e+00 1.055284e+00 1.101687e+00 1.113739e+00 
115 1611 1.839625e-01 1.112857e+00 8.347109e-01 8.347109e-01 8.395366e-01 8.423340e-01 8.439468e-01 8.520633e-01 8.585189e-01 8.653852e-01 8.703492e-01 8.770392e-01 8.840623e-01 8.884254e-01 8.913961e-01 8.957361e-01 8.998069e-01 9.005323e-01 9.128977e-01 9.153151e-01 9.178059e-01 9.264358e-01 9.297371e-01 9.406165e-01 9.493771e-01 9.512759e-01 9.673694e-01 9.763952e-01 9.827511e-01 9.950538e-01 1.004370e+00 1.022341e+00 1.028197e+00 1.048398e+00 1.055913e+00 1.104149e+00 1.112857e+00 
116 1625 1.814093e-01 1.111226e+00 8.334162e-01 8.334162e-01 8.382188e-01 8.420258e-01 8.437727e-01 8.511182e-01 8.582483e-01 8.636529e-01 8.703727e-01 8.776496e-01 8.825095e-01 8.866284e-01 8.906145e-01 8.948895e-01 8.981667e-01 9.004923e-01 9.131623e-01 9.150625e-01 9.184017e-01 9.257833e-01 9.289475e-01 9.439618e-01 9.488691e-01 9.518920e-01 9.692973e-01 9.750096e-01 9.837850e-01 9.995338e-01 1.004175e+00 1.022326e+00 1.028470e+00 1.048156e+00 1.057871e+00 1.102345e+00 1.111226e+00 
117 1639 1.780040e-01 1.110110e+00 8.317545e-01 8.317545e-01 8.367928e-01 8.422934e-01 8.439818e-01 8.501959e-01 8.575200e-01 8.620809e-01 8.686954e-01 8.764678e-01 8.806366e-01 8.849800e-01 8.890280e-01 8.943774e-01 8.981386e-01 8.985838e-01 9.138321e-01 9.166707e-01 9.193462e-01 9.265360e-01 9.317474e-01 9.418723e-01 9.496701e-01 9.518639e-01 9.677108e-01 9.730385e-01 9.823394e-01 1.000116e+00 1.004175e+00 1.020703e+00 1.029211e+00 1.046137e+00 1.058114e+00 1.103689e+00 1.110110e+00 
118 1653 1.734977e-01 1.111398e+00 8.300647e-01 8.300647e-01 8.353903e-01 8.409960e-01 8.440667e-01 8.506628e-01 8.565917e-01 8.614457e-01 8.673522e-01 8.755307e-01 8.792026e-01 8.832947e-01 8.869997e-01 8.933209e-01 8.960336e-01 8.968287e-01 9.119223e-01 9.148682e-01 9.196065e-01 9.248663e-01 9.304339e-01 9.412494e-01 9.474071e-01 9.509749e-01 9.663035e-01 9.734848e-01 9.799178e-01 9.993124e-01 1.004732e+00 1.020108e+00 1.029165e+00 1.044668e+00 1.061641e+00 1.105248e+00 1.111398e+00 
119 1667 1.666378e-01 1.112503e+00 8.291066e-01 8.291066e-01 8.358737e-01 8.399403e-01 8.424652e-01 8.501767e-01 8.550451e-01 8.647337e-01 8.671232e-01 8.741796e-01 8.782359e-01 8.836422e-01 8.854260e-01 8.917636e-01 8.943321e-01 8.951109e-01 9.101095e-01 9.150781e-01 9.195915e-01 9.230484e-01 9.286294e-01 9.402197e-01 9.455688e-01 9.534162e-01 9.640735e-01 9.721895e-01 9.788410e-01 9.989402e-01 1.006008e+00 1.018717e+00 1.027763e+00 1.043942e+00 1.059930e+00 1.104101e+00 1.112503e+00 
120 1681 2.245138e-01 1.113767e+00 8.274855e-01 8.274855e-01 8.358731e-01 8.389530e-01 8.405801e-01 8.487372e-01 8.531362e-01 8.635813e-01 8.671073e-01 8.727357e-01 8.761431e-01 8.819800e-01 8.860286e-01 8.916121e-01 8.925001e-01 8.933352e-01 9.092971e-01 9.141954e-01 9.174451e-01 9.228835e-01 9.269298e-01 9.390846e-01 9.447046e-01 9.533083e-01 9.619338e-01 9.711889e-01 9.780902e-01 9.968026e-01 1.003963e+00 1.019120e+00 1.027282e+00 1.042489e+00 1.065552e+00 1.103970e+00 1.113767e+00 
121 1695 2.181291e-01 1.113593e+00 8.280343e-01 8.280343e-01 8.343951e-01 8.378812e-01 8.405709e-01 8.475572e-01 8.508765e-01 8.637626e-01 8.652026e-01 8.732931e-01 8.756148e-01 8.804730e-01 8.847477e-01 8.905285e-01 8.911690e-01 8.929197e-01 9.090076e-01 9.133106e-01 9.155287e-01 9.217997e-01 9.261181e-01 9.413725e-01 9.432282e-01 9.521914e-01 9.624637e-01 9.712580e-01 9.762512e-01 9.964294e-01 1.003606e+00 1.020249e+00 1.026870e+00 1.044156e+00 1.067125e+00 1.103388e+00 1.113593e+00 
122 1709 2.130298e-01 1.113290e+00 8.264758e-01 8.264758e-01 8.342590e-01 8.360323e-01 8.420569e-01 8.466665e-01 8.491624e-01 8.626507e-01 8.629246e-01 8.724961e-01 8.747842e-01 8.783858e-01 8.861081e-01 8.890663e-01 8.901154e-01 8.925992e-01 9.073321e-01 9.130349e-01 9.138434e-01 9.204103e-01 9.286022e-01 9.420421e-01 9.442288e-01 9.518570e-01 9.611296e-01 9.697642e-01 9.775312e-01 9.953942e-01 1.001355e+00 1.020901e+00 1.026586e+00 1.043856e+00 1.067222e+00 1.103705e+00 1.113290e+00 
123 1723 2.074478e-01 1.111666e+00 8.253617e-01 8.253617e-01 8.333027e-01 8.350483e-01 8.400995e-01 8.464465e-01 8.492700e-01 8.607468e-01 8.613851e-01 8.720717e-01 8.750334e-01 8.778456e-01 8.848310e-01 8.875190e-01 8.903799e-01 8.938889e-01 9.057007e-01 9.109531e-01 9.136202e-01 9.211387e-01 9.269732e-01 9.410846e-01 9.421718e-01 9.516096e-01 9.603591e-01 9.704928e-01 9.752001e-01 9.943929e-01 1.000912e+00 1.018989e+00 1.026148e+00 1.042718e+00 1.068792e+00 1.103125e+00 1.111666e+00 
124 1737 2.024307e-01 1.112861e+00 8.235590e-01 8.235590e-01 8.321389e-01 8.335681e-01 8.402123e-01 8.452342e-01 8.476548e-01 8.588675e-01 8.608104e-01 8.702539e-01 8.738194e-01 8.772120e-01 8.851664e-01 8.869522e-01 8.900161e-01 8.927953e-01 9.040424e-01 9.113740e-01 9.134987e-01 9.195341e-01 9.251960e-01 9.397273e-01 9.406220e-01 9.515004e-01 9.590090e-01 9.705837e-01 9.731523e-01 9.925854e-01 9.990546e-01 1.017113e+00 1.029798e+00 1.040919e+00 1.072834e+00 1.101331e+00 1.112861e+00 
125 1751 1.978365e-01 1.117284e+00 8.215215e-01 8.215215e-01 8.308405e-01 8.336880e-01 8.393779e-01 8.441550e-01 8.470910e-01 8.576814e-01 8.612001e-01 8.698871e-01 8.719803e-01 8.757283e-01 8.849949e-01 8.865893e-01 8.895222e-01 8.930913e-01 9.018715e-01 9.107001e-01 9.121482e-01 9.189024e-01 9.266339e-01 9.379310e-01 9.412624e-01 9.503493e-01 9.570201e-01 9.689716e-01 9.742066e-01 9.915040e-01 9.980773e-01 1.016802e+00 1.028919e+00 1.041680e+00 1.074929e+00 1.101082e+00 1.117284e+00 
126 1765 1.944316e-01 1.121180e+00 8.198344e-01 8.198344e-01 8.297204e-01 8.329155e-01 8.385675e-01 8.424105e-01 8.460967e-01 8.578677e-01 8.602761e-01 8.684362e-01 8.709255e-01 8.763044e-01 8.836018e-01 8.855673e-01 8.897663e-01 8.942735e-01 9.001488e-01 9.096438e-01 9.117920e-01 9.165904e-01 9.259795e-01 9.385473e-01 9.426283e-01 9.487446e-01 9.574798e-01 9.681059e-01 9.725946e-01 9.932286e-01 1.002718e+00 1.017939e+00 1.030415e+00 1.039568e+00 1.074342e+00 1.103688e+00 1.121180e+00 
127 1779 1.885994e-01 1.124716e+00 8.187907e-01 8.187907e-01 8.295159e-01 8.323044e-01 8.379540e-01 8.410505e-01 8.445528e-01 8.562520e-01 8.621793e-01 8.683565e-01 8.707285e-01 8.749442e-01 8.829039e-01 8.841691e-01 8.879720e-01 8.932094e-01 8.990065e-01 9.088829e-01 9.103674e-01 9.171170e-01 9.247553e-01 9.408878e-01 9.434072e-01 9.478654e-01 9.566717e-01 9.684160e-01 9.718210e-01 9.913799e-01 1.001524e+00 1.017483e+00 1.031011e+00 1.037672e+00 1.073867e+00 1.102422e+00 1.124716e+00 
128 1793 1.845266e-01 1.125374e+00 8.192589e-01 8.192589e-01 8.282093e-01 8.327865e-01 8.363575e-01 8.406253e-01 8.440379e-01 8.543401e-01 8.606290e-01 8.676980e-01 8.728963e-01 8.743450e-01 8.816328e-01 8.830976e-01 8.872154e-01 8.957765e-01 8.976526e-01 9.068792e-01 9.107906e-01 9.159115e-01 9.231995e-01 9.394791e-01 9.418098e-01 9.474101e-01 9.566689e-01 9.671975e-01 9.706095e-01 9.903475e-01 1.005176e+00 1.015359e+00 1.030595e+00 1.037073e+00 1.073808e+00 1.101578e+00 1.125374e+00 
129 1807 1.807902e-01 1.124955e+00 8.187896e-01 8.187896e-01 8.265298e-01 8.335867e-01 8.381837e-01 8.393457e-01 8.428564e-01 8.540555e-01 8.587587e-01 8.676795e-01 8.716532e-01 8.735705e-01 8.813944e-01 8.826021e-01 8.865117e-01 8.947171e-01 8.996156e-01 9.072147e-01 9.110981e-01 9.178985e-01 9.239309e-01 9.381313e-01 9.398924e-01 9.465386e-01 9.566284e-01 9.655516e-01 9.718755e-01 9.898657e-01 1.003466e+00 1.012802e+00 1.029873e+00 1.036717e+00 1.075076e+00 1.100058e+00 1.124955e+00 
130 1821 1.798558e-01 1.128245e+00 8.188895e-01 8.188895e-01 8.251968e-01 8.320751e-01 8.374602e-01 8.397765e-01 8.427315e-01 8.545410e-01 8.574938e-01 8.668532e-01 8.719656e-01 8.733757e-01 8.798051e-01 8.818696e-01 8.847003e-01 8.946979e-01 9.015536e-01 9.103081e-01 9.142721e-01 9.202313e-01 9.271554e-01 9.360767e-01 9.430310e-01 9.463139e-01 9.579368e-01 9.656995e-01 9.700863e-01 9.899446e-01 1.002601e+00 1.011582e+00 1.028074e+00 1.034669e+00 1.077632e+00 1.098972e+00 1.128245e+00 
131 1835 1.806524e-01 1.126931e+00 8.182528e-01 8.182528e-01 8.246713e-01 8.315936e-01 8.357502e-01 8.380538e-01 8.416227e-01 8.542770e-01 8.563896e-01 8.663725e-01 8.703399e-01 8.715346e-01 8.797719e-01 8.809890e-01 8.851383e-01 8.948855e-01 9.018375e-01 9.112911e-01 9.124785e-01 9.198670e-01 9.296409e-01 9.341842e-01 9.429346e-01 9.505101e-01 9.567921e-01 9.653119e-01 9.700374e-01 9.882661e-01 1.004004e+00 1.012334e+00 1.026161e+00 1.033469e+00 1.078032e+00 1.096727e+00 1.126931e+00 
132 1849 1.784500e-01 1.126108e+00 8.182891e-01 8.182891e-01 8.233066e-01 8.301893e-01 8.345283e-01 8.383307e-01 8.406008e-01 8.537948e-01 8.548295e-01 8.648639e-01 8.684277e-01 8.712575e-01 8.782583e-01 8.806074e-01 8.850027e-01 8.931382e-01 9.018543e-01 9.103364e-01 9.107824e-01 9.208752e-01 9.304981e-01 9.328379e-01 9.414529e-01 9.537053e-01 9.563375e-01 9.677655e-01 9.768057e-01 9.901530e-01 1.004789e+00 1.010141e+00 1.024502e+00 1.030862e+00 1.076788e+00 1.098013e+00 1.126108e+00 
133 1863 1.755026e-01 1.124731e+00 8.179077e-01 8.179077e-01 8.219709e-01 8.298141e-01 8.342567e-01 8.376340e-01 8.392206e-01 8.533548e-01 8.543183e-01 8.645215e-01 8.671119e-01 8.701130e-01 8.767782e-01 8.785180e-01 8.840185e-01 8.913440e-01 9.017045e-01 9.089655e-01 9.103523e-01 9.204436e-01 9.323912e-01 9.336724e-01 9.459516e-01 9.525898e-01 9.563943e-01 9.682866e-01 9.755065e-01 9.917449e-01 1.005250e+00 1.009574e+00 1.023926e+00 1.030892e+00 1.076170e+00 1.095904e+00 1.124731e+00 
134 1877 1.712630e-01 1.127084e+00 8.161958e-01 8.161958e-01 8.204803e-01 8.277623e-01 8.327853e-01 8.357069e-01 8.380161e-01 8.525917e-01 8.528495e-01 8.659912e-01 8.667338e-01 8.692280e-01 8.755601e-01 8.766863e-01 8.836930e-01 8.914013e-01 8.997990e-01 9.083930e-01 9.110210e-01 9.188087e-01 9.324459e-01 9.337558e-01 9.449206e-01 9.508597e-01 9.581768e-01 9.681567e-01 9.740843e-01 9.904663e-01 1.007556e+00 1.008237e+00 1.023334e+00 1.031363e+00 1.075670e+00 1.098975e+00 1.127084e+00 
135 1891 1.659022e-01 1.126278e+00 8.151104e-01 8.151104e-01 8.210013e-01 8.272743e-01 8.325507e-01 8.343559e-01 8.367741e-01 8.519773e-01 8.555454e-01 8.647173e-01 8.652356e-01 8.674017e-01 8.739060e-01 8.774684e-01 8.830127e-01 8.897924e-01 8.990075e-01 9.084336e-01 9.093326e-01 9.196170e-01 9.303700e-01 9.326506e-01 9.458624e-01 9.511012e-01 9.602264e-01 9.672972e-01 9.732490e-01 9.910811e-01 1.006800e+00 1.007361e+00 1.022294e+00 1.033052e+00 1.075102e+00 1.097695e+00 1.126278e+00 
136 1905 1.604823e-01 1.125545e+00 8.135416e-01 8.135416e-01 8.193279e-01 8.268764e-01 8.315885e-01 8.324676e-01 8.393517e-01 8.512579e-01 8.544355e-01 8.632803e-01 8.649225e-01 8.675151e-01 8.724217e-01 8.763659e-01 8.826675e-01 8.884571e-01 8.986509e-01 9.068045e-01 9.077060e-01 9.180974e-01 9.287880e-01 9.305043e-01 9.459860e-01 9.505909e-01 9.595003e-01 9.660012e-01 9.738978e-01 9.903237e-01 1.005983e+00 1.010053e+00 1.023213e+00 1.034523e+00 1.073344e+00 1.098137e+00 1.125545e+00 
137 1919 2.170211e-01 1.123117e+00 8.119501e-01 8.119501e-01 8.178059e-01 8.250733e-01 8.301471e-01 8.338738e-01 8.383233e-01 8.498133e-01 8.525445e-01 8.614476e-01 8.639898e-01 8.672947e-01 8.711840e-01 8.756236e-01 8.820527e-01 8.892704e-01 8.974833e-01 9.063706e-01 9.076349e-01 9.164215e-01 9.265933e-01 9.285987e-01 9.446029e-01 9.499139e-01 9.601848e-01 9.643878e-01 9.720262e-01 9.901393e-01 1.005689e+00 1.009330e+00 1.024068e+00 1.036469e+00 1.074352e+00 1.096130e+00 1.123117e+00 
138 1933 2.145593e-01 1.123019e+00 8.115089e-01 8.115089e-01 8.161276e-01 8.255640e-01 8.286703e-01 8.334541e-01 8.373796e-01 8.487691e-01 8.508290e-01 8.622093e-01 8.636218e-01 8.689363e-01 8.714264e-01 8.750821e-01 8.801796e-01 8.879689e-01 8.952850e-01 9.057538e-01 9.075746e-01 9.161111e-01 9.253285e-01 9.299181e-01 9.433378e-01 9.495471e-01 9.596551e-01 9.635837e-01 9.706404e-01 9.894038e-01 1.003322e+00 1.007686e+00 1.021342e+00 1.040302e+00 1.081282e+00 1.096632e+00 1.123019e+00 
139 1947 2.129436e-01 1.122610e+00 8.097837e-01 8.097837e-01 8.146279e-01 8.253507e-01 8.282268e-01 8.320208e-01 8.374875e-01 8.482718e-01 8.494459e-01 8.634692e-01 8.643559e-01 8.689811e-01 8.697157e-01 8.745098e-01 8.784507e-01 8.877704e-01 8.951762e-01 9.045958e-01 9.090295e-01 9.170962e-01 9.231403e-01 9.289933e-01 9.446232e-01 9.480355e-01 9.587353e-01 9.625422e-01 9.683976e-01 9.882130e-01 1.001624e+00 1.006112e+00 1.019107e+00 1.042298e+00 1.085908e+00 1.097514e+00 1.122610e+00 
140 1961 2.074685e-01 1.121574e+00 8.090577e-01 8.090577e-01 8.137478e-01 8.236778e-01 8.269048e-01 8.344540e-01 8.368054e-01 8.474049e-01 8.490883e-01 8.618444e-01 8.636204e-01 8.684710e-01 8.708460e-01 8.754467e-01 8.778714e-01 8.864216e-01 8.946806e-01 9.036917e-01 9.090572e-01 9.166911e-01 9.226941e-01 9.278544e-01 9.445412e-01 9.495054e-01 9.573050e-01 9.638569e-01 9.665990e-01 9.865304e-01 9.998249e-01 1.004839e+00 1.016681e+00 1.043882e+00 1.087555e+00 1.096887e+00 1.121574e+00 
141 1975 2.026242e-01 1.122575e+00 8.073905e-01 8.073905e-01 8.136143e-01 8.224059e-01 8.284477e-01 8.333413e-01 8.357815e-01 8.465388e-01 8.480952e-01 8.601157e-01 8.622109e-01 8.671240e-01 8.707492e-01 8.750695e-01 8.776142e-01 8.845957e-01 8.929030e-01 9.034167e-01 9.084856e-01 9.167859e-01 9.229389e-01 9.260455e-01 9.428497e-01 9.514492e-01 9.554011e-01 9.628324e-01 9.648780e-01 9.854504e-01 1.000853e+00 1.002862e+00 1.014781e+00 1.046067e+00 1.087084e+00 1.098321e+00 1.122575e+00 
142 1989 2.003754e-01 1.125507e+00 8.066145e-01 8.066145e-01 8.133127e-01 8.212743e-01 8.285127e-01 8.319402e-01 8.344035e-01 8.470744e-01 8.489624e-01 8.586245e-01 8.628810e-01 8.666067e-01 8.700208e-01 8.764185e-01 8.776438e-01 8.871108e-01 8.913858e-01 9.015221e-01 9.070175e-01 9.153386e-01 9.241051e-01 9.306296e-01 9.408057e-01 9.519612e-01 9.553705e-01 9.627824e-01 9.647675e-01 9.851648e-01 1.000197e+00 1.002996e+00 1.016795e+00 1.045291e+00 1.086209e+00 1.098539e+00 1.125507e+00 
143 2003 1.957128e-01 1.128790e+00 8.061500e-01 8.061500e-01 8.125962e-01 8.203006e-01 8.285397e-01 8.315780e-01 8.346832e-01 8.466210e-01 8.484110e-01 8.567510e-01 8.635477e-01 8.649971e-01 8.682118e-01 8.760230e-01 8.765945e-01 8.887338e-01 8.898746e-01 9.029339e-01 9.070793e-01 9.158263e-01 9.231557e-01 9.314384e-01 9.388533e-01 9.505833e-01 9.558651e-01 9.626940e-01 9.667096e-01 9.840612e-01 9.996872e-01 1.003845e+00 1.016227e+00 1.044475e+00 1.085764e+00 1.096293e+00 1.128790e+00 
144 2017 1.888557e-01 1.127518e+00 8.067287e-01 8.067287e-01 8.118791e-01 8.194602e-01 8.271535e-01 8.299325e-01 8.338924e-01 8.460314e-01 8.493117e-01 8.554783e-01 8.622870e-01 8.643360e-01 8.669880e-01 8.746996e-01 8.772728e-01 8.877844e-01 8.889573e-01 9.029980e-01 9.064715e-01 9.159844e-01 9.265164e-01 9.314143e-01 9.391855e-01 9.497884e-01 9.563159e-01 9.631216e-01 9.651278e-01 9.826837e-01 9.989492e-01 1.002849e+00 1.016308e+00 1.042988e+00 1.083418e+00 1.096129e+00 1.127518e+00 
145 2031 1.837375e-01 1.125813e+00 8.053016e-01 8.053016e-01 8.107687e-01 8.177918e-01 8.262361e-01 8.286490e-01 8.334615e-01 8.443246e-01 8.478958e-01 8.554668e-01 8.628846e-01 8.631706e-01 8.702348e-01 8.743649e-01 8.774816e-01 8.861231e-01 8.885571e-01 9.016082e-01 9.067553e-01 9.140745e-01 9.245777e-01 9.316129e-01 9.380279e-01 9.514343e-01 9.586490e-01 9.628658e-01 9.669456e-01 9.808478e-01 9.976686e-01 1.001497e+00 1.017028e+00 1.041578e+00 1.084975e+00 1.094880e+00 1.125813e+00 
146 2045 1.788308e-01 1.128496e+00 8.036177e-01 8.036177e-01 8.090084e-01 8.163263e-01 8.245131e-01 8.270722e-01 8.316604e-01 8.424749e-01 8.475288e-01 8.544442e-01 8.610359e-01 8.615914e-01 8.693716e-01 8.743711e-01 8.795756e-01 8.872986e-01 8.928849e-01 9.006148e-01 9.059234e-01 9.133804e-01 9.230564e-01 9.312390e-01 9.383099e-01 9.517812e-01 9.598084e-01 9.609677e-01 9.687138e-01 9.801403e-01 9.952816e-01 1.000136e+00 1.016913e+00 1.040616e+00 1.087549e+00 1.093700e+00 1.128496e+00 
147 2059 1.721536e-01 1.127820e+00 8.016940e-01 8.016940e-01 8.090768e-01 8.143332e-01 8.243403e-01 8.260348e-01 8.308110e-01 8.406870e-01 8.469197e-01 8.543135e-01 8.589713e-01 8.610157e-01 8.709293e-01 8.730047e-01 8.787886e-01 8.904302e-01 8.939880e-01 8.992184e-01 9.049403e-01 9.117612e-01 9.235748e-01 9.307335e-01 9.370636e-01 9.503650e-01 9.584599e-01 9.599399e-01 9.701448e-01 9.784263e-01 9.933852e-01 9.987498e-01 1.017219e+00 1.039387e+00 1.086075e+00 1.091123e+00 1.127820e+00 
148 2073 1.679534e-01 1.127973e+00 8.009401e-01 8.009401e-01 8.078437e-01 8.131761e-01 8.229984e-01 8.258004e-01 8.302735e-01 8.387920e-01 8.458508e-01 8.546330e-01 8.577037e-01 8.598169e-01 8.710474e-01 8.750203e-01 8.813676e-01 8.896915e-01 8.943707e-01 8.983648e-01 9.039747e-01 9.119741e-01 9.229411e-01 9.294888e-01 9.352897e-01 9.504275e-01 9.575298e-01 9.606499e-01 9.689290e-01 9.782506e-01 9.926586e-01 9.972205e-01 1.015770e+00 1.037284e+00 1.087035e+00 1.090498e+00 1.127973e+00 
149 2087 1.658867e-01 1.128410e+00 8.000111e-01 8.000111e-01 8.059036e-01 8.130661e-01 8.226120e-01 8.243745e-01 8.290271e-01 8.377074e-01 8.466557e-01 8.540716e-01 8.571523e-01 8.601900e-01 8.700357e-01 8.738739e-01 8.811125e-01 8.898029e-01 8.934638e-01 8.970307e-01 9.026088e-01 9.122909e-01 9.216309e-01 9.275590e-01 9.386908e-01 9.483596e-01 9.557500e-01 9.620703e-01 9.677631e-01 9.778043e-01 9.910689e-01 9.965216e-01 1.014247e+00 1.037053e+00 1.087559e+00 1.092857e+00 1.128410e+00 
150 2101 1.624150e-01 1.126332e+00 7.989061e-01 7.989061e-01 8.047363e-01 8.125699e-01 8.220253e-01 8.239903e-01 8.278251e-01 8.372484e-01 8.458857e-01 8.535848e-01 8.554201e-01 8.595752e-01 8.683070e-01 8.730779e-01 8.800276e-01 8.897977e-01 8.922765e-01 8.983046e-01 9.018977e-01 9.113086e-01 9.223305e-01 9.271334e-01 9.380450e-01 9.543046e-01 9.548517e-01 9.643236e-01 9.702688e-01 9.757083e-01 9.907653e-01 9.985696e-01 1.013220e+00 1.035944e+00 1.087152e+00 1.093058e+00 1.126332e+00 
151 2115 1.579813e-01 1.124301e+00 7.978637e-01 7.978637e-01 8.031479e-01 8.119291e-01 8.203621e-01 8.241653e-01 8.266249e-01 8.364845e-01 8.449630e-01 8.529097e-01 8.546761e-01 8.610637e-01 8.673706e-01 8.712378e-01 8.782968e-01 8.893539e-01 8.924700e-01 8.967835e-01 9.011840e-01 9.106927e-01 9.219998e-01 9.278209e-01 9.360530e-01 9.532177e-01 9.542148e-01 9.640949e-01 9.715454e-01 9.735924e-01 9.925421e-01 9.992575e-01 1.012670e+00 1.035393e+00 1.085705e+00 1.091411e+00 1.124301e+00 
152 2129 1.539593e-01 1.122730e+00 7.964652e-01 7.964652e-01 8.022089e-01 8.102814e-01 8.194240e-01 8.229283e-01 8.253769e-01 8.353652e-01 8.432052e-01 8.510283e-01 8.527437e-01 8.600706e-01 8.654651e-01 8.735495e-01 8.777730e-01 8.889245e-01 8.918849e-01 8.958049e-01 9.010198e-01 9.096924e-01 9.204866e-01 9.303342e-01 9.386850e-01 9.526998e-01 9.552616e-01 9.633141e-01 9.719788e-01 9.735304e-01 9.912449e-01 9.979601e-01 1.012659e+00 1.034692e+00 1.085125e+00 1.092196e+00 1.122730e+00 
153 2143 1.530491e-01 1.120204e+00 7.965441e-01 7.965441e-01 8.018822e-01 8.087736e-01 8.184480e-01 8.221949e-01 8.241164e-01 8.337545e-01 8.420780e-01 8.502084e-01 8.524084e-01 8.593848e-01 8.642572e-01 8.732170e-01 8.795113e-01 8.874839e-01 8.913337e-01 8.945126e-01 8.996867e-01 9.078766e-01 9.210148e-01 9.299198e-01 9.385588e-01 9.529125e-01 9.546363e-01 9.623427e-01 9.733263e-01 9.816809e-01 9.907844e-01 1.000259e+00 1.014282e+00 1.035267e+00 1.083514e+00 1.092739e+00 1.120204e+00 
154 2157 1.505284e-01 1.118495e+00 7.953966e-01 7.953966e-01 8.014295e-01 8.078461e-01 8.162795e-01 8.207464e-01 8.249304e-01 8.328911e-01 8.420983e-01 8.485088e-01 8.520480e-01 8.577172e-01 8.632864e-01 8.727807e-01 8.789549e-01 8.856138e-01 8.910267e-01 8.931422e-01 8.986732e-01 9.072678e-01 9.207350e-01 9.301883e-01 9.413318e-01 9.521418e-01 9.530748e-01 9.676476e-01 9.727846e-01 9.829430e-01 9.899981e-01 1.001113e+00 1.015322e+00 1.034878e+00 1.081098e+00 1.091213e+00 1.118495e+00 
155 2171 1.492281e-01 1.119203e+00 7.939282e-01 7.939282e-01 8.002031e-01 8.068214e-01 8.162392e-01 8.201054e-01 8.245731e-01 8.310378e-01 8.409966e-01 8.476093e-01 8.531598e-01 8.593107e-01 8.633969e-01 8.713422e-01 8.773189e-01 8.852139e-01 8.896416e-01 8.929346e-01 8.966419e-01 9.060878e-01 9.201417e-01 9.292423e-01 9.407406e-01 9.498290e-01 9.525236e-01 9.681045e-01 9.780018e-01 9.836036e-01 9.897442e-01 1.002643e+00 1.016253e+00 1.034470e+00 1.080844e+00 1.092277e+00 1.119203e+00 
156 2185 2.014506e-01 1.122110e+00 7.925919e-01 7.925919e-01 7.987917e-01 8.052908e-01 8.149963e-01 8.206781e-01 8.236862e-01 8.290539e-01 8.408933e-01 8.460453e-01 8.515238e-01 8.580302e-01 8.645473e-01 8.694254e-01 8.772219e-01 8.848925e-01 8.912716e-01 8.922827e-01 8.953640e-01 9.056603e-01 9.203211e-01 9.296539e-01 9.404662e-01 9.475864e-01 9.522078e-01 9.657223e-01 9.786904e-01 9.836462e-01 9.881994e-01 1.002909e+00 1.015561e+00 1.033571e+00 1.079048e+00 1.090791e+00 1.122110e+00 
157 2199 2.674247e-01 1.121687e+00 7.911449e-01 7.911449e-01 7.978307e-01 8.052356e-01 8.135417e-01 8.224134e-01 8.225536e-01 8.277283e-01 8.391897e-01 8.461981e-01 8.516653e-01 8.567734e-01 8.645484e-01 8.689883e-01 8.763694e-01 8.841521e-01 8.909951e-01 8.918566e-01 8.957790e-01 9.057055e-01 9.202049e-01 9.278127e-01 9.389892e-01 9.454355e-01 9.514219e-01 9.642094e-01 9.777441e-01 9.824308e-01 9.883986e-01 1.003677e+00 1.014580e+00 1.031646e+00 1.078374e+00 1.088174e+00 1.121687e+00 
