%  columns="iteration, evaluation, sigma, axis ratio, bestever, best, median, worst fitness function value, further objective values of best" (startseed=208637, 2023/08/19 3:23:10.37)
1 15 2.859123e-01 1.035874e+00  1.000000000000000000e+05  1.000000000000000000e+05  5.050000000000000000e+14  1.000000000000000000e+18
2 29 2.720115e-01 1.042782e+00  5.710733087192168114e+02  5.710733087192168114e+02  1.000000000000000000e+11  1.000000000000000000e+11
3 43 2.612370e-01 1.046658e+00  5.710733087192168114e+02  1.000000000000000000e+05  1.000000000000000000e+11  1.000000000000000000e+13
4 57 2.506586e-01 1.050436e+00  5.710733087192168114e+02  1.000000000000000000e+05  1.000000000000000000e+05  1.000000000000000000e+05
5 71 2.418538e-01 1.054931e+00  5.710733087192168114e+02  1.000000000000000000e+05  1.000000000000000000e+05  1.000000000000000000e+13
6 85 2.331457e-01 1.060128e+00  5.710733087192168114e+02  1.000000000000000000e+05  1.000000000000000000e+05  1.000000000000000000e+13
7 99 2.240764e-01 1.064126e+00  5.710733087192168114e+02  1.000000000000000000e+05  1.000000000000000000e+05  1.000000000000000000e+11
8 113 2.192344e-01 1.068872e+00  5.710733087192168114e+02  1.000000000000000000e+05  1.000000000000000000e+05  1.000000000000000000e+11
9 127 2.127658e-01 1.074262e+00  5.710733087192168114e+02  1.000000000000000000e+05  1.000000000000000000e+05  1.000000000000000000e+11
10 141 2.058249e-01 1.078632e+00  5.710733087192168114e+02  1.000000000000000000e+05  1.000000000000000000e+05  1.000000000000000000e+11
11 155 1.997179e-01 1.083981e+00  5.710733087192168114e+02  1.000000000000000000e+05  1.000000000000000000e+05  1.000000000000000000e+05
12 169 1.930109e-01 1.087983e+00  5.710733087192168114e+02  1.000000000000000000e+05  1.000000000000000000e+05  1.000000000000000000e+05
13 183 1.888509e-01 1.091633e+00  5.710733087192168114e+02  1.000000000000000000e+05  1.000000000000000000e+05  1.000000000000000000e+11
14 197 1.872929e-01 1.099918e+00  5.710733087192168114e+02  1.000000000000000000e+05  1.000000000000000000e+05  1.000000000000000000e+11
15 211 1.844967e-01 1.106869e+00  5.710733087192168114e+02  1.000000000000000000e+05  1.000000000000000000e+05  1.000000000000000000e+05
16 225 1.800595e-01 1.111548e+00  5.710733087192168114e+02  1.000000000000000000e+05  1.000000000000000000e+05  1.000000000000000000e+11
17 239 1.753295e-01 1.117522e+00  5.710733087192168114e+02  1.000000000000000000e+05  1.000000000000000000e+05  1.000000000000000000e+05
18 253 1.715435e-01 1.123383e+00  5.710733087192168114e+02  1.000000000000000000e+05  1.000000000000000000e+05  1.000000000000000000e+05
19 267 1.661292e-01 1.127156e+00  5.710733087192168114e+02  1.000000000000000000e+05  1.000000000000000000e+05  1.000000000000000000e+05
20 281 1.583207e-01 1.133378e+00  5.710733087192168114e+02  1.000000000000000000e+05  1.000000000000000000e+05  1.000000000000000000e+11
21 295 1.510990e-01 1.136750e+00  5.710733087192168114e+02  1.000000000000000000e+05  1.000000000000000000e+05  1.000000000000000000e+05
22 309 1.458055e-01 1.143936e+00  5.710733087192168114e+02  1.000000000000000000e+05  1.000000000000000000e+05  1.000000000000000000e+05
23 323 1.396776e-01 1.145345e+00  5.710733087192168114e+02  1.000000000000000000e+05  1.000000000000000000e+05  1.000000000000000000e+05
24 337 1.895209e-01 1.147612e+00  5.710733087192168114e+02  1.000000000000000000e+05  1.000000000000000000e+05  1.000000000000000000e+11
25 351 1.839550e-01 1.150688e+00  5.710733087192168114e+02  1.000000000000000000e+05  1.000000000000000000e+05  1.000000000000000000e+13
26 365 1.801237e-01 1.151046e+00  5.710733087192168114e+02  1.000000000000000000e+05  1.000000000000000000e+05  1.000000000000000000e+05
27 379 2.448273e-01 1.151598e+00  5.710733087192168114e+02  1.000000000000000000e+05  1.000000000000000000e+05  1.000000000000000000e+13
28 393 2.392576e-01 1.155459e+00  5.710733087192168114e+02  1.000000000000000000e+05  1.000000000000000000e+05  1.000000000000000000e+13
29 407 2.357884e-01 1.156080e+00  5.710733087192168114e+02  1.000000000000000000e+05  1.000000000000000000e+05  1.000000000000000000e+11
30 421 2.333945e-01 1.156336e+00  5.710733087192168114e+02  1.000000000000000000e+05  1.000000000000000000e+05  1.000000000000000000e+05
31 435 2.293137e-01 1.159937e+00  5.710733087192168114e+02  1.000000000000000000e+05  1.000000000000000000e+05  1.000000000000000000e+05
32 449 2.215877e-01 1.159618e+00  5.710733087192168114e+02  1.000000000000000000e+05  1.000000000000000000e+05  1.000000000000000000e+13
33 463 2.180243e-01 1.169139e+00  5.710733087192168114e+02  1.000000000000000000e+05  1.000000000000000000e+05  1.000000000000000000e+18
34 477 2.148753e-01 1.175419e+00  5.710733087192168114e+02  3.492680374191284955e+03  1.000000000000000000e+05  1.000000000000000000e+13
35 491 2.130917e-01 1.182235e+00  5.710733087192168114e+02  1.087170796257883239e+03  1.000000000000000000e+05  1.000000000000000000e+05
36 505 2.021278e-01 1.187609e+00  5.710733087192168114e+02  1.000000000000000000e+05  1.000000000000000000e+05  1.000000000000000000e+11
37 519 1.941775e-01 1.197038e+00  5.710733087192168114e+02  1.819840800491928121e+03  1.000000000000000000e+05  1.000000000000000000e+18
38 533 1.860590e-01 1.197130e+00  5.710733087192168114e+02  1.000000000000000000e+05  1.000000000000000000e+05  1.000000000000000000e+15
39 547 1.791391e-01 1.199754e+00  5.710733087192168114e+02  7.328727527692696640e+03  1.000000000000000000e+05  1.000000000000000000e+11
40 561 1.748766e-01 1.204117e+00  5.710733087192168114e+02  1.000000000000000000e+05  5.000005000000000000e+10  1.000000000000000000e+13
41 575 1.704134e-01 1.205915e+00  5.710733087192168114e+02  1.000000000000000000e+05  1.000000000000000000e+05  1.000000000000000000e+18
42 589 1.672827e-01 1.215134e+00  5.710733087192168114e+02  1.000000000000000000e+05  1.000000000000000000e+05  1.000000000000000000e+11
43 603 1.621093e-01 1.215738e+00  5.710733087192168114e+02  1.000000000000000000e+05  1.000000000000000000e+05  1.000000000000000000e+18
44 617 1.563318e-01 1.220427e+00  5.710733087192168114e+02  1.000000000000000000e+05  1.000000000000000000e+05  1.000000000000000000e+11
45 631 1.485837e-01 1.223436e+00  5.710733087192168114e+02  1.000000000000000000e+05  1.000000000000000000e+05  1.000000000000000000e+05
46 645 1.435746e-01 1.232097e+00  5.710733087192168114e+02  1.000000000000000000e+05  1.000000000000000000e+05  1.000000000000000000e+18
47 659 1.395357e-01 1.238761e+00  5.710733087192168114e+02  1.000000000000000000e+05  1.000000000000000000e+05  1.000000000000000000e+05
48 673 1.360709e-01 1.245532e+00  5.710733087192168114e+02  1.000000000000000000e+05  1.000000000000000000e+05  1.000000000000000000e+05
49 687 1.328623e-01 1.248783e+00  5.710733087192168114e+02  1.000000000000000000e+05  1.000000000000000000e+05  1.000000000000000000e+05
50 701 1.779938e-01 1.251606e+00  5.710733087192168114e+02  1.000000000000000000e+05  1.000000000000000000e+05  1.000000000000000000e+13
51 715 1.707853e-01 1.256326e+00  5.710733087192168114e+02  1.000000000000000000e+05  1.000000000000000000e+05  1.000000000000000000e+18
52 729 1.646634e-01 1.263910e+00  5.710733087192168114e+02  1.000000000000000000e+05  1.000000000000000000e+05  1.000000000000000000e+11
53 743 1.613925e-01 1.264400e+00  5.710733087192168114e+02  1.000000000000000000e+05  1.000000000000000000e+05  1.000000000000000000e+13
54 757 1.571947e-01 1.264756e+00  5.710733087192168114e+02  1.000000000000000000e+05  1.000000000000000000e+05  1.000000000000000000e+05
55 771 1.548670e-01 1.265563e+00  5.710733087192168114e+02  1.000000000000000000e+05  1.000000000000000000e+05  1.000000000000000000e+18
56 785 1.503624e-01 1.268348e+00  5.710733087192168114e+02  1.000000000000000000e+05  1.000000000000000000e+05  1.000000000000000000e+05
57 799 1.428055e-01 1.268297e+00  5.710733087192168114e+02  1.000000000000000000e+05  1.000000000000000000e+05  1.000000000000000000e+18
58 813 1.896965e-01 1.269057e+00  5.710733087192168114e+02  1.000000000000000000e+05  1.000000000000000000e+05  1.000000000000000000e+18
59 827 1.841758e-01 1.272314e+00  5.219717542543678519e+02  5.219717542543678519e+02  1.000000000000000000e+05  1.000000000000000000e+18
60 841 1.794605e-01 1.272616e+00  5.219717542543678519e+02  1.000000000000000000e+05  1.000000000000000000e+05  1.000000000000000000e+18
61 855 1.767573e-01 1.272125e+00  5.219717542543678519e+02  1.000000000000000000e+05  1.000000000000000000e+05  1.000000000000000000e+18
62 869 1.741962e-01 1.274020e+00  5.219717542543678519e+02  1.000000000000000000e+05  1.000000000000000000e+05  1.000000000000000000e+13
63 883 1.711427e-01 1.273514e+00  5.219717542543678519e+02  1.000000000000000000e+05  1.000000000000000000e+05  1.000000000000000000e+18
64 897 1.675068e-01 1.278179e+00  5.219717542543678519e+02  1.000000000000000000e+05  1.000000000000000000e+05  1.000000000000000000e+18
65 911 1.617211e-01 1.278265e+00  5.219717542543678519e+02  2.046428898489384665e+03  1.000000000000000000e+05  1.000000000000000000e+11
66 925 2.189569e-01 1.278844e+00  5.219717542543678519e+02  1.000000000000000000e+05  1.000000000000000000e+05  1.000000000000000000e+05
67 939 2.127298e-01 1.279604e+00  5.219717542543678519e+02  1.000000000000000000e+05  1.000000000000000000e+05  1.000000000000000000e+18
68 953 2.064730e-01 1.277971e+00  5.219717542543678519e+02  1.000000000000000000e+05  1.000000000000000000e+05  1.000000000000000000e+05
69 967 1.974508e-01 1.281678e+00  5.219717542543678519e+02  1.000000000000000000e+05  1.000000000000000000e+05  1.000000000000000000e+05
70 981 1.883213e-01 1.282290e+00  5.219717542543678519e+02  1.000000000000000000e+05  1.000000000000000000e+05  1.000000000000000000e+13
71 995 2.552136e-01 1.281663e+00  5.219717542543678519e+02  1.000000000000000000e+05  1.000000000000000000e+05  1.000000000000000000e+05
72 1009 2.477805e-01 1.284646e+00  5.219717542543678519e+02  1.000000000000000000e+05  1.000000000000000000e+05  1.000000000000000000e+13
73 1023 2.376725e-01 1.287341e+00  5.219717542543678519e+02  1.000000000000000000e+05  1.000000000000000000e+05  1.000000000000000000e+13
74 1037 2.320009e-01 1.286853e+00  5.219717542543678519e+02  1.000000000000000000e+05  1.000000000000000000e+05  1.000000000000000000e+13
75 1051 2.220854e-01 1.286578e+00  5.219717542543678519e+02  1.000000000000000000e+05  1.000000000000000000e+05  1.000000000000000000e+11
76 1065 2.147723e-01 1.288252e+00  5.219717542543678519e+02  1.000000000000000000e+05  1.000000000000000000e+05  1.000000000000000000e+05
77 1079 2.097278e-01 1.290068e+00  5.219717542543678519e+02  1.000000000000000000e+05  1.000000000000000000e+05  1.000000000000000000e+11
78 1093 2.040950e-01 1.291125e+00  5.219717542543678519e+02  1.000000000000000000e+05  1.000000000000000000e+05  1.000000000000000000e+05
79 1107 2.000796e-01 1.291378e+00  5.219717542543678519e+02  1.000000000000000000e+05  1.000000000000000000e+05  1.000000000000000000e+13
80 1121 1.964287e-01 1.292524e+00  5.219717542543678519e+02  1.000000000000000000e+05  1.000000000000000000e+05  1.000000000000000000e+13
81 1135 1.914076e-01 1.292195e+00  5.219717542543678519e+02  1.000000000000000000e+05  1.000000000000000000e+05  1.000000000000000000e+11
82 1149 1.856354e-01 1.294568e+00  5.219717542543678519e+02  1.000000000000000000e+05  1.000000000000000000e+05  1.000000000000000000e+11
83 1163 1.780862e-01 1.295389e+00  5.219717542543678519e+02  1.000000000000000000e+05  1.000000000000000000e+05  1.000000000000000000e+13
84 1177 2.408575e-01 1.296152e+00  5.219717542543678519e+02  1.000000000000000000e+05  1.000000000000000000e+05  1.000000000000000000e+18
85 1191 2.353327e-01 1.294364e+00  5.219717542543678519e+02  1.000000000000000000e+05  1.000000000000000000e+05  1.000000000000000000e+18
86 1205 2.313642e-01 1.290385e+00  5.219717542543678519e+02  1.000000000000000000e+05  1.000000000000000000e+05  1.000000000000000000e+05
87 1219 2.263065e-01 1.289485e+00  5.219717542543678519e+02  1.000000000000000000e+05  1.000000000000000000e+05  1.000000000000000000e+18
88 1233 2.203906e-01 1.290446e+00  5.219717542543678519e+02  1.000000000000000000e+05  1.000000000000000000e+05  1.000000000000000000e+13
89 1247 2.112574e-01 1.295043e+00  5.219717542543678519e+02  1.000000000000000000e+05  1.000000000000000000e+05  1.000000000000000000e+18
90 1261 2.033438e-01 1.298276e+00  5.219717542543678519e+02  1.000000000000000000e+05  1.000000000000000000e+05  1.000000000000000000e+18
91 1275 1.964060e-01 1.301611e+00  5.219717542543678519e+02  1.000000000000000000e+05  1.000000000000000000e+05  1.000000000000000000e+13
92 1289 1.897811e-01 1.303825e+00  5.219717542543678519e+02  1.000000000000000000e+05  1.000000000000000000e+05  1.000000000000000000e+11
93 1303 1.841251e-01 1.305526e+00  5.219717542543678519e+02  1.000000000000000000e+05  1.000000000000000000e+05  1.000000000000000000e+05
94 1317 1.777010e-01 1.311102e+00  5.219717542543678519e+02  1.000000000000000000e+05  1.000000000000000000e+05  1.000000000000000000e+05
95 1331 1.728612e-01 1.311781e+00  5.219717542543678519e+02  1.000000000000000000e+05  1.000000000000000000e+05  1.000000000000000000e+15
96 1345 1.648257e-01 1.317040e+00  5.219717542543678519e+02  1.000000000000000000e+05  1.000000000000000000e+05  1.000000000000000000e+18
97 1359 1.595408e-01 1.317501e+00  5.219717542543678519e+02  1.000000000000000000e+05  1.000000000000000000e+05  1.000000000000000000e+05
98 1373 2.187464e-01 1.321915e+00  5.219717542543678519e+02  1.000000000000000000e+05  1.000000000000000000e+05  1.000000000000000000e+18
99 1387 2.136888e-01 1.324921e+00  5.219717542543678519e+02  1.000000000000000000e+05  1.000000000000000000e+05  1.000000000000000000e+05
100 1401 2.107515e-01 1.325573e+00  5.219717542543678519e+02  1.000000000000000000e+05  1.000000000000000000e+05  1.000000000000000000e+13
101 1415 2.063844e-01 1.319979e+00  5.219717542543678519e+02  1.000000000000000000e+05  1.000000000000000000e+05  1.000000000000000000e+13
102 1429 1.979450e-01 1.317180e+00  5.219717542543678519e+02  1.000000000000000000e+05  1.000000000000000000e+05  1.000000000000000000e+13
103 1443 1.909118e-01 1.317357e+00  5.219717542543678519e+02  1.000000000000000000e+05  1.000000000000000000e+05  1.000000000000000000e+05
104 1457 1.882927e-01 1.318050e+00  5.219717542543678519e+02  1.000000000000000000e+05  1.000000000000000000e+05  1.000000000000000000e+11
105 1471 2.600635e-01 1.316569e+00  5.219717542543678519e+02  1.000000000000000000e+05  1.000000000000000000e+05  1.000000000000000000e+05
106 1485 2.561977e-01 1.318242e+00  5.219717542543678519e+02  1.000000000000000000e+05  1.000000000000000000e+05  1.000000000000000000e+13
107 1499 2.522508e-01 1.323927e+00  5.219717542543678519e+02  1.000000000000000000e+05  1.000000000000000000e+05  1.000000000000000000e+13
108 1513 2.479518e-01 1.328604e+00  5.219717542543678519e+02  1.000000000000000000e+05  1.000000000000000000e+05  1.000000000000000000e+05
109 1527 2.393105e-01 1.332543e+00  5.219717542543678519e+02  1.000000000000000000e+05  1.000000000000000000e+11  1.000000000000000000e+13
110 1541 2.292193e-01 1.337895e+00  5.219717542543678519e+02  1.000000000000000000e+05  1.000000000000000000e+05  1.000000000000000000e+13
111 1555 2.189282e-01 1.339373e+00  5.219717542543678519e+02  1.000000000000000000e+05  1.000000000000000000e+05  1.000000000000000000e+05
112 1569 2.091704e-01 1.339319e+00  5.219717542543678519e+02  1.000000000000000000e+05  1.000000000000000000e+05  1.000000000000000000e+11
113 1583 1.979479e-01 1.340164e+00  5.219717542543678519e+02  1.000000000000000000e+05  1.000000000000000000e+05  1.000000000000000000e+13
114 1597 1.926911e-01 1.340406e+00  5.219717542543678519e+02  1.000000000000000000e+05  1.000000000000000000e+05  1.000000000000000000e+13
115 1611 1.864105e-01 1.342423e+00  5.219717542543678519e+02  1.000000000000000000e+05  1.000000000000000000e+05  1.000000000000000000e+05
116 1625 1.786018e-01 1.344429e+00  5.219717542543678519e+02  1.000000000000000000e+05  1.000000000000000000e+05  1.000000000000000000e+05
117 1639 1.721405e-01 1.345591e+00  5.219717542543678519e+02  1.000000000000000000e+05  1.000000000000000000e+05  1.000000000000000000e+11
118 1653 1.691231e-01 1.350680e+00  5.219717542543678519e+02  1.000000000000000000e+05  1.000000000000000000e+05  1.000000000000000000e+18
119 1667 1.663649e-01 1.356364e+00  5.219717542543678519e+02  2.048725779072783098e+03  1.000000000000000000e+05  1.000000000000000000e+11
120 1681 2.302147e-01 1.364358e+00  5.219717542543678519e+02  1.000000000000000000e+05  1.000000000000000000e+05  1.000000000000000000e+18
121 1695 2.288509e-01 1.366870e+00  5.219717542543678519e+02  1.000000000000000000e+05  1.000000000000000000e+05  1.000000000000000000e+17
122 1709 2.255752e-01 1.361988e+00  5.219717542543678519e+02  6.112902351652606967e+02  1.000000000000000000e+05  1.000000000000000000e+13
123 1723 2.212222e-01 1.361118e+00  2.919682121748331838e+02  2.919682121748331838e+02  5.000000050000000000e+12  1.000000000000000000e+18
124 1737 2.126765e-01 1.360913e+00  2.919682121748331838e+02  7.608846127584626629e+03  1.000000000000000000e+05  1.000000000000000000e+18
125 1751 2.049035e-01 1.361914e+00  2.919682121748331838e+02  1.000000000000000000e+05  1.000000000000000000e+05  1.000000000000000000e+13
126 1765 1.962259e-01 1.361361e+00  2.919682121748331838e+02  1.000000000000000000e+05  1.000000000000000000e+05  1.000000000000000000e+13
127 1779 2.647275e-01 1.365023e+00  2.919682121748331838e+02  1.000000000000000000e+05  1.000000000000000000e+05  1.000000000000000000e+11
128 1793 2.545628e-01 1.364078e+00  2.919682121748331838e+02  1.000000000000000000e+05  1.000000000000000000e+05  1.000000000000000000e+13
129 1807 2.420614e-01 1.370507e+00  2.919682121748331838e+02  1.000000000000000000e+05  1.000000000000000000e+05  1.000000000000000000e+11
130 1821 2.321108e-01 1.372519e+00  2.919682121748331838e+02  1.000000000000000000e+05  1.000000000000000000e+05  1.000000000000000000e+13
131 1835 2.242908e-01 1.373562e+00  2.919682121748331838e+02  1.000000000000000000e+05  1.000000000000000000e+05  1.000000000000000000e+11
132 1849 2.170604e-01 1.376796e+00  2.919682121748331838e+02  1.000000000000000000e+05  1.000000000000000000e+05  1.000000000000000000e+18
133 1863 2.100410e-01 1.374176e+00  2.919682121748331838e+02  1.000000000000000000e+05  1.000000000000000000e+05  1.000000000000000000e+05
134 1877 2.036082e-01 1.380059e+00  2.919682121748331838e+02  1.000000000000000000e+05  1.000000000000000000e+05  1.000000000000000000e+11
135 1891 1.957797e-01 1.382605e+00  2.919682121748331838e+02  1.000000000000000000e+05  1.000000000000000000e+05  1.000000000000000000e+15
136 1905 2.621048e-01 1.383323e+00  2.919682121748331838e+02  1.000000000000000000e+05  1.000000000000000000e+05  1.000000000000000000e+13
137 1919 2.550005e-01 1.385900e+00  2.919682121748331838e+02  1.000000000000000000e+05  1.000000000000000000e+05  1.000000000000000000e+13
138 1933 2.516557e-01 1.388735e+00  2.919682121748331838e+02  1.000000000000000000e+05  1.000000000000000000e+05  1.000000000000000000e+18
139 1947 2.433727e-01 1.387514e+00  2.919682121748331838e+02  1.000000000000000000e+05  1.000000000000000000e+05  1.000000000000000000e+16
140 1961 2.362755e-01 1.390094e+00  2.919682121748331838e+02  1.000000000000000000e+05  1.000000000000000000e+05  1.000000000000000000e+05
141 1975 2.311126e-01 1.391939e+00  2.919682121748331838e+02  1.000000000000000000e+05  1.000000000000000000e+05  1.000000000000000000e+05
142 1989 2.211452e-01 1.393484e+00  2.919682121748331838e+02  1.000000000000000000e+05  1.000000000000000000e+05  1.000000000000000000e+05
143 2003 2.118442e-01 1.392270e+00  2.919682121748331838e+02  1.000000000000000000e+05  1.000000000000000000e+05  1.000000000000000000e+05
144 2017 2.018948e-01 1.393026e+00  2.919682121748331838e+02  1.000000000000000000e+05  1.000000000000000000e+05  1.000000000000000000e+11
145 2031 1.950078e-01 1.393626e+00  2.919682121748331838e+02  1.000000000000000000e+05  1.000000000000000000e+05  1.000000000000000000e+11
146 2045 1.891629e-01 1.395453e+00  2.919682121748331838e+02  1.000000000000000000e+05  1.000000000000000000e+05  1.000000000000000000e+05
147 2059 1.812896e-01 1.397642e+00  2.919682121748331838e+02  1.000000000000000000e+05  1.000000000000000000e+05  1.000000000000000000e+05
148 2073 1.766019e-01 1.398754e+00  2.919682121748331838e+02  1.000000000000000000e+05  1.000000000000000000e+05  1.000000000000000000e+05
149 2087 1.745523e-01 1.398542e+00  2.919682121748331838e+02  7.009756255171075736e+02  1.000000000000000000e+05  1.000000000000000000e+05
150 2101 1.709437e-01 1.403184e+00  2.919682121748331838e+02  1.000000000000000000e+05  1.000000000000000000e+05  1.000000000000000000e+05
151 2115 1.694480e-01 1.403831e+00  2.919682121748331838e+02  1.000000000000000000e+05  1.000000000000000000e+05  1.000000000000000000e+11
152 2129 2.322409e-01 1.404992e+00  2.919682121748331838e+02  1.000000000000000000e+05  1.000000000000000000e+05  1.000000000000000000e+11
153 2143 2.259112e-01 1.408298e+00  2.919682121748331838e+02  1.000000000000000000e+05  1.000000000000000000e+05  1.000000000000000000e+11
154 2157 2.163341e-01 1.411011e+00  2.919682121748331838e+02  1.000000000000000000e+05  1.000000000000000000e+05  1.000000000000000000e+15
155 2171 2.101186e-01 1.412206e+00  2.919682121748331838e+02  1.000000000000000000e+05  1.000000000000000000e+05  1.000000000000000000e+05
156 2185 2.065927e-01 1.411023e+00  2.919682121748331838e+02  1.000000000000000000e+05  1.000000000000000000e+05  1.000000000000000000e+11
157 2199 2.001866e-01 1.412637e+00  2.919682121748331838e+02  1.000000000000000000e+05  1.000000000000000000e+05  1.000000000000000000e+18
158 2213 1.962752e-01 1.415883e+00  2.146121314950695762e+02  2.146121314950695762e+02  1.000000000000000000e+05  1.000000000000000000e+18
159 2227 1.957288e-01 1.424938e+00  2.146121314950695762e+02  3.260920905240458296e+02  1.000000000000000000e+05  1.000000000000000000e+18
160 2241 1.959943e-01 1.430192e+00  2.146121314950695762e+02  3.191295306688800792e+02  5.500000000000000000e+15  1.000000000000000000e+18
161 2255 1.964776e-01 1.436012e+00  2.146121314950695762e+02  5.104750119394285548e+02  5.005000000000000000e+17  1.000000000000000000e+18
162 2269 1.972548e-01 1.437524e+00  2.146121314950695762e+02  1.514717333253144352e+04  5.000005000000000000e+10  1.000000000000000000e+18
163 2283 1.916148e-01 1.436695e+00  2.146121314950695762e+02  6.316885849656073333e+02  1.000000000000000000e+05  1.000000000000000000e+18
164 2297 1.860254e-01 1.435517e+00  2.146121314950695762e+02  1.147959875069268946e+03  1.000000000000000000e+05  1.000000000000000000e+15
165 2311 1.782502e-01 1.436059e+00  2.146121314950695762e+02  3.477526115079710507e+03  1.000000000000000000e+05  1.000000000000000000e+18
166 2325 2.374821e-01 1.438331e+00  2.146121314950695762e+02  2.606242050899274432e+02  1.000000000000000000e+05  1.000000000000000000e+11
167 2339 2.302415e-01 1.443859e+00  2.146121314950695762e+02  1.000000000000000000e+05  1.000000000000000000e+05  1.000000000000000000e+18
168 2353 2.248440e-01 1.443468e+00  2.146121314950695762e+02  1.000000000000000000e+05  1.000000000000000000e+05  1.000000000000000000e+13
169 2367 2.194874e-01 1.448548e+00  2.146121314950695762e+02  1.000000000000000000e+05  1.000000000000000000e+05  1.000000000000000000e+18
170 2381 2.117449e-01 1.446314e+00  2.146121314950695762e+02  1.000000000000000000e+05  1.000000000000000000e+05  1.000000000000000000e+15
171 2395 2.039122e-01 1.439493e+00  2.146121314950695762e+02  1.000000000000000000e+05  1.000000000000000000e+05  1.000000000000000000e+13
172 2409 1.958629e-01 1.440338e+00  2.146121314950695762e+02  1.000000000000000000e+05  1.000000000000000000e+05  1.000000000000000000e+13
173 2423 1.895857e-01 1.440499e+00  2.146121314950695762e+02  1.000000000000000000e+05  1.000000000000000000e+05  1.000000000000000000e+15
174 2437 1.844660e-01 1.443815e+00  2.146121314950695762e+02  1.000000000000000000e+05  1.000000000000000000e+05  1.000000000000000000e+13
175 2451 1.812467e-01 1.445717e+00  2.146121314950695762e+02  1.000000000000000000e+05  1.000000000000000000e+05  1.000000000000000000e+15
176 2465 1.775033e-01 1.451768e+00  2.146121314950695762e+02  1.000000000000000000e+05  1.000000000000000000e+05  1.000000000000000000e+05
177 2479 1.753770e-01 1.456915e+00  2.146121314950695762e+02  1.000000000000000000e+05  1.000000000000000000e+05  1.000000000000000000e+05
178 2493 1.717459e-01 1.458213e+00  2.146121314950695762e+02  1.000000000000000000e+05  1.000000000000000000e+05  1.000000000000000000e+11
179 2507 1.691572e-01 1.459719e+00  2.146121314950695762e+02  1.000000000000000000e+05  1.000000000000000000e+05  1.000000000000000000e+15
180 2521 1.655026e-01 1.463085e+00  2.146121314950695762e+02  1.000000000000000000e+05  1.000000000000000000e+05  1.000000000000000000e+05
181 2535 1.644172e-01 1.464912e+00  2.146121314950695762e+02  1.000000000000000000e+05  1.000000000000000000e+05  1.000000000000000000e+11
182 2549 1.623152e-01 1.466140e+00  2.146121314950695762e+02  1.000000000000000000e+05  1.000000000000000000e+05  1.000000000000000000e+15
183 2563 1.576717e-01 1.471570e+00  2.146121314950695762e+02  1.000000000000000000e+05  1.000000000000000000e+05  1.000000000000000000e+05
184 2577 1.522471e-01 1.468021e+00  2.146121314950695762e+02  1.000000000000000000e+05  1.000000000000000000e+05  1.000000000000000000e+05
185 2591 1.499472e-01 1.470178e+00  2.146121314950695762e+02  1.000000000000000000e+05  1.000000000000000000e+05  1.000000000000000000e+11
186 2605 1.477189e-01 1.469912e+00  2.146121314950695762e+02  1.000000000000000000e+05  1.000000000000000000e+05  1.000000000000000000e+11
187 2619 1.490306e-01 1.469907e+00  2.146121314950695762e+02  1.000000000000000000e+05  1.000000000000000000e+05  1.000000000000000000e+11
188 2633 1.493033e-01 1.472081e+00  2.146121314950695762e+02  1.000000000000000000e+05  1.000000000000000000e+05  1.000000000000000000e+11
189 2647 1.472981e-01 1.473619e+00  2.146121314950695762e+02  1.000000000000000000e+05  5.000005000000000000e+10  1.000000000000000000e+11
190 2661 1.464238e-01 1.473822e+00  2.146121314950695762e+02  1.000000000000000000e+05  1.000000000000000000e+05  1.000000000000000000e+11
191 2675 1.465534e-01 1.471838e+00  2.146121314950695762e+02  1.000000000000000000e+05  1.000000000000000000e+05  1.000000000000000000e+11
192 2689 1.418588e-01 1.472695e+00  2.146121314950695762e+02  1.000000000000000000e+05  1.000000000000000000e+05  1.000000000000000000e+05
193 2703 1.379357e-01 1.470395e+00  2.146121314950695762e+02  1.000000000000000000e+05  1.000000000000000000e+05  1.000000000000000000e+11
194 2717 1.355698e-01 1.469353e+00  2.146121314950695762e+02  1.000000000000000000e+05  1.000000000000000000e+05  1.000000000000000000e+05
195 2731 1.849129e-01 1.472124e+00  2.146121314950695762e+02  1.000000000000000000e+05  1.000000000000000000e+05  1.000000000000000000e+05
196 2745 1.799434e-01 1.472031e+00  2.146121314950695762e+02  1.000000000000000000e+05  1.000000000000000000e+05  1.000000000000000000e+11
197 2759 1.761379e-01 1.469157e+00  2.146121314950695762e+02  1.000000000000000000e+05  1.000000000000000000e+05  1.000000000000000000e+11
198 2773 1.738155e-01 1.472632e+00  2.146121314950695762e+02  1.000000000000000000e+05  1.000000000000000000e+05  1.000000000000000000e+11
199 2787 1.690275e-01 1.470287e+00  2.146121314950695762e+02  1.000000000000000000e+05  1.000000000000000000e+05  1.000000000000000000e+11
200 2801 1.652087e-01 1.474969e+00  2.146121314950695762e+02  1.000000000000000000e+05  1.000000000000000000e+05  1.000000000000000000e+05
201 2815 1.617025e-01 1.475347e+00  2.146121314950695762e+02  1.000000000000000000e+05  1.000000000000000000e+05  1.000000000000000000e+05
202 2829 1.566523e-01 1.474864e+00  2.146121314950695762e+02  1.000000000000000000e+05  1.000000000000000000e+05  1.000000000000000000e+11
203 2843 2.125376e-01 1.477372e+00  2.146121314950695762e+02  1.000000000000000000e+05  1.000000000000000000e+05  1.000000000000000000e+05
204 2857 2.107389e-01 1.476525e+00  2.146121314950695762e+02  1.000000000000000000e+05  1.000000000000000000e+05  1.000000000000000000e+05
205 2871 2.079467e-01 1.476219e+00  2.146121314950695762e+02  1.000000000000000000e+05  1.000000000000000000e+05  1.000000000000000000e+05
206 2885 2.047317e-01 1.477942e+00  2.146121314950695762e+02  1.000000000000000000e+05  1.000000000000000000e+05  1.000000000000000000e+11
207 2899 1.976842e-01 1.479443e+00  2.146121314950695762e+02  1.000000000000000000e+05  1.000000000000000000e+05  1.000000000000000000e+05
208 2913 1.898239e-01 1.479698e+00  2.146121314950695762e+02  1.000000000000000000e+05  1.000000000000000000e+05  1.000000000000000000e+11
209 2927 1.807985e-01 1.478016e+00  2.146121314950695762e+02  6.580570502967143511e+02  1.000000000000000000e+05  1.000000000000000000e+05
210 2941 1.736373e-01 1.477216e+00  2.146121314950695762e+02  1.000000000000000000e+05  1.000000000000000000e+05  1.000000000000000000e+13
211 2955 1.669251e-01 1.478123e+00  2.146121314950695762e+02  1.000000000000000000e+05  1.000000000000000000e+05  1.000000000000000000e+11
212 2969 1.627645e-01 1.479960e+00  2.146121314950695762e+02  1.000000000000000000e+05  1.000000000000000000e+05  1.000000000000000000e+11
213 2983 1.558399e-01 1.484001e+00  2.146121314950695762e+02  1.000000000000000000e+05  1.000000000000000000e+05  1.000000000000000000e+05
214 2997 1.499467e-01 1.483859e+00  2.146121314950695762e+02  1.000000000000000000e+05  1.000000000000000000e+05  1.000000000000000000e+05
215 3011 1.458281e-01 1.493847e+00  2.146121314950695762e+02  1.000000000000000000e+05  1.000000000000000000e+05  1.000000000000000000e+05
216 3025 1.449877e-01 1.499962e+00  2.146121314950695762e+02  1.000000000000000000e+05  1.000000000000000000e+05  1.000000000000000000e+05
217 3039 1.419874e-01 1.500463e+00  2.146121314950695762e+02  1.000000000000000000e+05  1.000000000000000000e+05  1.000000000000000000e+05
218 3053 1.400866e-01 1.500762e+00  2.146121314950695762e+02  1.000000000000000000e+05  1.000000000000000000e+05  1.000000000000000000e+11
219 3067 1.393419e-01 1.505379e+00  2.146121314950695762e+02  1.000000000000000000e+05  1.000000000000000000e+05  1.000000000000000000e+11
220 3081 1.358818e-01 1.505036e+00  2.146121314950695762e+02  1.000000000000000000e+05  1.000000000000000000e+05  1.000000000000000000e+11
221 3095 1.832512e-01 1.506704e+00  2.146121314950695762e+02  1.000000000000000000e+05  1.000000000000000000e+05  1.000000000000000000e+11
222 3109 1.769019e-01 1.511500e+00  2.146121314950695762e+02  1.000000000000000000e+05  1.000000000000000000e+05  1.000000000000000000e+05
223 3123 1.654743e-01 1.512928e+00  2.146121314950695762e+02  1.000000000000000000e+05  1.000000000000000000e+05  1.000000000000000000e+11
224 3137 2.187395e-01 1.514489e+00  2.146121314950695762e+02  1.000000000000000000e+05  1.000000000000000000e+05  1.000000000000000000e+11
225 3151 2.120801e-01 1.514027e+00  2.146121314950695762e+02  1.000000000000000000e+05  1.000000000000000000e+05  1.000000000000000000e+11
226 3165 2.058226e-01 1.517173e+00  2.146121314950695762e+02  1.000000000000000000e+05  1.000000000000000000e+05  1.000000000000000000e+11
227 3179 1.979728e-01 1.518376e+00  2.146121314950695762e+02  1.000000000000000000e+05  1.000000000000000000e+05  1.000000000000000000e+18
228 3193 1.902783e-01 1.519442e+00  2.146121314950695762e+02  1.000000000000000000e+05  1.000000000000000000e+05  1.000000000000000000e+05
229 3207 1.869822e-01 1.522183e+00  2.146121314950695762e+02  1.000000000000000000e+05  1.000000000000000000e+05  1.000000000000000000e+11
230 3221 1.842938e-01 1.527932e+00  2.146121314950695762e+02  1.000000000000000000e+05  1.000000000000000000e+05  1.000000000000000000e+05
231 3235 1.796836e-01 1.533781e+00  2.146121314950695762e+02  1.000000000000000000e+05  1.000000000000000000e+05  1.000000000000000000e+11
232 3249 2.496234e-01 1.533760e+00  2.146121314950695762e+02  1.000000000000000000e+05  1.000000000000000000e+05  1.000000000000000000e+05
233 3263 2.487259e-01 1.532571e+00  2.146121314950695762e+02  1.000000000000000000e+05  1.000000000000000000e+05  1.000000000000000000e+18
234 3277 2.406473e-01 1.534783e+00  2.146121314950695762e+02  8.061030328485566315e+03  1.000000000000000000e+05  1.000000000000000000e+11
235 3291 2.329559e-01 1.535901e+00  2.146121314950695762e+02  7.840018520178614381e+03  1.000000000000000000e+05  1.000000000000000000e+18
236 3305 2.238474e-01 1.534947e+00  2.146121314950695762e+02  1.000000000000000000e+05  1.000000000000000000e+05  1.000000000000000000e+11
237 3319 2.154211e-01 1.539671e+00  2.146121314950695762e+02  1.000000000000000000e+05  1.000000000000000000e+05  1.000000000000000000e+11
238 3333 2.060216e-01 1.539774e+00  2.146121314950695762e+02  1.000000000000000000e+05  1.000000000000000000e+05  1.000000000000000000e+11
239 3347 2.002143e-01 1.540526e+00  2.146121314950695762e+02  1.000000000000000000e+05  1.000000000000000000e+05  1.000000000000000000e+05
240 3361 1.918733e-01 1.541296e+00  2.146121314950695762e+02  1.000000000000000000e+05  1.000000000000000000e+05  1.000000000000000000e+05
241 3375 1.850439e-01 1.541438e+00  2.146121314950695762e+02  1.000000000000000000e+05  1.000000000000000000e+05  1.000000000000000000e+18
242 3389 1.813385e-01 1.545053e+00  2.146121314950695762e+02  1.000000000000000000e+05  1.000000000000000000e+05  1.000000000000000000e+05
243 3403 1.771673e-01 1.544171e+00  2.146121314950695762e+02  1.000000000000000000e+05  1.000000000000000000e+05  1.000000000000000000e+05
244 3417 2.415881e-01 1.544914e+00  2.146121314950695762e+02  1.000000000000000000e+05  1.000000000000000000e+05  1.000000000000000000e+05
245 3431 2.350738e-01 1.542233e+00  2.146121314950695762e+02  1.000000000000000000e+05  1.000000000000000000e+05  1.000000000000000000e+17
246 3445 2.265561e-01 1.550528e+00  2.146121314950695762e+02  1.000000000000000000e+05  1.000000000000000000e+05  1.000000000000000000e+05
247 3459 2.192627e-01 1.552762e+00  2.146121314950695762e+02  1.000000000000000000e+05  1.000000000000000000e+05  1.000000000000000000e+05
248 3473 2.125680e-01 1.554365e+00  2.146121314950695762e+02  1.000000000000000000e+05  1.000000000000000000e+05  1.000000000000000000e+05
249 3487 2.045090e-01 1.558046e+00  2.146121314950695762e+02  1.000000000000000000e+05  1.000000000000000000e+05  1.000000000000000000e+05
250 3501 1.981954e-01 1.558574e+00  2.146121314950695762e+02  1.000000000000000000e+05  1.000000000000000000e+05  1.000000000000000000e+05
251 3515 1.900217e-01 1.559992e+00  2.146121314950695762e+02  1.000000000000000000e+05  1.000000000000000000e+05  1.000000000000000000e+11
252 3529 1.832469e-01 1.562057e+00  2.146121314950695762e+02  1.000000000000000000e+05  1.000000000000000000e+05  1.000000000000000000e+05
253 3543 1.764914e-01 1.561895e+00  2.146121314950695762e+02  1.000000000000000000e+05  1.000000000000000000e+05  1.000000000000000000e+11
254 3557 1.712498e-01 1.565874e+00  2.146121314950695762e+02  1.000000000000000000e+05  1.000000000000000000e+05  1.000000000000000000e+13
255 3571 1.674349e-01 1.570450e+00  2.146121314950695762e+02  1.000000000000000000e+05  1.000000000000000000e+05  1.000000000000000000e+05
256 3585 1.639857e-01 1.572377e+00  2.146121314950695762e+02  1.000000000000000000e+05  1.000000000000000000e+05  1.000000000000000000e+11
257 3599 2.257253e-01 1.569017e+00  2.146121314950695762e+02  1.000000000000000000e+05  1.000000000000000000e+05  1.000000000000000000e+05
258 3613 2.230868e-01 1.568066e+00  2.146121314950695762e+02  1.000000000000000000e+05  1.000000000000000000e+05  1.000000000000000000e+18
259 3627 2.197340e-01 1.567619e+00  2.146121314950695762e+02  1.000000000000000000e+05  1.000000000000000000e+05  1.000000000000000000e+11
260 3641 2.181281e-01 1.566872e+00  2.146121314950695762e+02  1.000000000000000000e+05  1.000000000000000000e+05  1.000000000000000000e+05
261 3655 2.178954e-01 1.574792e+00  2.146121314950695762e+02  1.000000000000000000e+05  1.000000000000000000e+05  1.000000000000000000e+05
262 3669 2.164311e-01 1.579113e+00  2.146121314950695762e+02  1.000000000000000000e+05  1.000000000000000000e+05  1.000000000000000000e+05
263 3683 2.117450e-01 1.582107e+00  2.146121314950695762e+02  1.000000000000000000e+05  1.000000000000000000e+05  1.000000000000000000e+05
264 3697 2.064474e-01 1.584915e+00  2.146121314950695762e+02  1.000000000000000000e+05  1.000000000000000000e+05  1.000000000000000000e+11
265 3711 2.016073e-01 1.585540e+00  2.146121314950695762e+02  1.000000000000000000e+05  1.000000000000000000e+05  1.000000000000000000e+11
266 3725 1.985280e-01 1.588670e+00  2.146121314950695762e+02  1.000000000000000000e+05  1.000000000000000000e+05  1.000000000000000000e+11
267 3739 1.896435e-01 1.589982e+00  2.146121314950695762e+02  1.059338224994712391e+03  1.000000000000000000e+05  1.000000000000000000e+11
268 3753 1.810837e-01 1.589963e+00  2.146121314950695762e+02  1.000000000000000000e+05  1.000000000000000000e+05  1.000000000000000000e+11
269 3767 1.739941e-01 1.590219e+00  2.146121314950695762e+02  1.000000000000000000e+05  1.000000000000000000e+05  1.000000000000000000e+15
270 3781 1.707488e-01 1.588972e+00  2.146121314950695762e+02  2.929969387219046553e+02  1.000000000000000000e+05  1.000000000000000000e+15
271 3795 1.685741e-01 1.590079e+00  2.146121314950695762e+02  1.417035257104357470e+03  1.000000000000000000e+05  1.000000000000000000e+11
272 3809 1.662640e-01 1.599773e+00  2.146121314950695762e+02  1.000000000000000000e+05  1.000000000000000000e+05  1.000000000000000000e+11
273 3823 1.651998e-01 1.607968e+00  2.146121314950695762e+02  1.000000000000000000e+05  1.000000000000000000e+05  1.000000000000000000e+11
274 3837 1.634208e-01 1.608566e+00  2.146121314950695762e+02  1.000000000000000000e+05  1.000000000000000000e+05  1.000000000000000000e+18
275 3851 1.631434e-01 1.613726e+00  2.146121314950695762e+02  1.000000000000000000e+05  1.000000000000000000e+05  1.000000000000000000e+05
276 3865 1.633205e-01 1.620462e+00  2.146121314950695762e+02  1.000000000000000000e+05  1.000000000000000000e+05  1.000000000000000000e+05
277 3879 1.629871e-01 1.626998e+00  2.146121314950695762e+02  1.000000000000000000e+05  1.000000000000000000e+05  1.000000000000000000e+05
278 3893 2.256034e-01 1.624998e+00  2.146121314950695762e+02  1.000000000000000000e+05  1.000000000000000000e+05  1.000000000000000000e+05
279 3907 2.219585e-01 1.627994e+00  2.146121314950695762e+02  8.091822426198227731e+03  1.000000000000000000e+05  1.000000000000000000e+05
280 3921 2.163937e-01 1.628992e+00  2.146121314950695762e+02  9.289239341325514943e+02  1.000000000000000000e+05  1.000000000000000000e+05
281 3935 2.069487e-01 1.632432e+00  2.146121314950695762e+02  1.000000000000000000e+05  1.000000000000000000e+05  1.000000000000000000e+11
282 3949 1.985384e-01 1.639640e+00  2.146121314950695762e+02  1.000000000000000000e+05  1.000000000000000000e+05  1.000000000000000000e+11
283 3963 1.884720e-01 1.641693e+00  2.146121314950695762e+02  1.000000000000000000e+05  1.000000000000000000e+05  1.000000000000000000e+11
284 3977 1.817030e-01 1.643892e+00  2.146121314950695762e+02  1.170902240825347008e+03  1.000000000000000000e+05  1.000000000000000000e+11
285 3991 1.733080e-01 1.642165e+00  2.146121314950695762e+02  2.849076623590292911e+03  1.000000000000000000e+05  1.000000000000000000e+11
286 4005 1.682311e-01 1.642051e+00  2.146121314950695762e+02  1.245487032152164375e+03  1.000000000000000000e+05  1.000000000000000000e+18
287 4019 1.640817e-01 1.640481e+00  2.146121314950695762e+02  9.922195313144754891e+02  1.000000000000000000e+05  1.000000000000000000e+11
288 4033 1.615821e-01 1.639158e+00  2.146121314950695762e+02  1.136781513004276576e+03  1.000000000000000000e+05  1.000000000000000000e+11
289 4047 1.567692e-01 1.641434e+00  2.146121314950695762e+02  4.542643327506740206e+03  1.000000000000000000e+05  1.000000000000000000e+13
290 4061 1.516669e-01 1.641840e+00  2.146121314950695762e+02  2.879819836536708408e+03  1.000000000000000000e+05  1.000000000000000000e+05
291 4075 1.442414e-01 1.642366e+00  2.146121314950695762e+02  8.557385207733739207e+02  1.000000000000000000e+05  1.000000000000000000e+11
292 4089 1.938398e-01 1.643907e+00  2.146121314950695762e+02  5.421166113793917248e+03  1.000000000000000000e+05  1.000000000000000000e+05
293 4103 1.851052e-01 1.646391e+00  2.146121314950695762e+02  1.000000000000000000e+05  1.000000000000000000e+05  1.000000000000000000e+13
294 4117 1.786119e-01 1.648475e+00  2.146121314950695762e+02  1.125143894176455433e+03  1.000000000000000000e+05  1.000000000000000000e+05
295 4131 1.743672e-01 1.649202e+00  2.146121314950695762e+02  1.000000000000000000e+05  1.000000000000000000e+05  1.000000000000000000e+05
296 4145 2.406315e-01 1.653034e+00  2.146121314950695762e+02  1.000000000000000000e+05  1.000000000000000000e+05  1.000000000000000000e+05
297 4159 2.370411e-01 1.652757e+00  2.146121314950695762e+02  1.000000000000000000e+05  1.000000000000000000e+05  1.000000000000000000e+05
298 4173 2.358765e-01 1.658342e+00  2.146121314950695762e+02  1.000000000000000000e+05  1.000000000000000000e+05  1.000000000000000000e+05
299 4187 2.283031e-01 1.657824e+00  2.146121314950695762e+02  1.000000000000000000e+05  1.000000000000000000e+05  1.000000000000000000e+11
300 4201 2.228386e-01 1.657323e+00  2.146121314950695762e+02  4.752908668656651798e+02  1.000000000000000000e+05  1.000000000000000000e+11
301 4215 2.197830e-01 1.660593e+00  2.146121314950695762e+02  1.000000000000000000e+05  1.000000000000000000e+05  1.000000000000000000e+16
302 4229 2.162439e-01 1.658778e+00  2.146121314950695762e+02  1.593235523249593143e+03  1.000000000000000000e+05  1.000000000000000000e+16
303 4243 2.110247e-01 1.660075e+00  2.146121314950695762e+02  8.285671991019237339e+02  1.000000000000000000e+05  1.000000000000000000e+18
304 4257 2.045583e-01 1.660480e+00  2.146121314950695762e+02  1.801126190774896486e+03  1.000000000000000000e+05  1.000000000000000000e+18
305 4271 1.965488e-01 1.659562e+00  2.146121314950695762e+02  1.000000000000000000e+05  1.000000000000000000e+05  1.000000000000000000e+18
306 4285 1.905115e-01 1.659706e+00  2.146121314950695762e+02  6.301278526817790180e+02  1.000000000000000000e+05  1.000000000000000000e+11
307 4299 1.852565e-01 1.658223e+00  2.146121314950695762e+02  1.000000000000000000e+05  1.000000000000000000e+05  1.000000000000000000e+13
308 4313 1.774274e-01 1.658932e+00  2.146121314950695762e+02  9.040654401887944687e+02  1.000000000000000000e+05  1.000000000000000000e+05
309 4327 1.742372e-01 1.660587e+00  2.146121314950695762e+02  1.000000000000000000e+05  1.000000000000000000e+05  1.000000000000000000e+05
310 4341 1.667084e-01 1.662548e+00  2.146121314950695762e+02  1.000000000000000000e+05  1.000000000000000000e+05  1.000000000000000000e+11
311 4355 2.240075e-01 1.658503e+00  2.146121314950695762e+02  1.000000000000000000e+05  1.000000000000000000e+05  1.000000000000000000e+11
312 4369 2.211127e-01 1.658471e+00  2.146121314950695762e+02  1.000000000000000000e+05  1.000000000000000000e+05  1.000000000000000000e+05
313 4383 2.183401e-01 1.656437e+00  2.146121314950695762e+02  1.000000000000000000e+05  1.000000000000000000e+05  1.000000000000000000e+13
314 4397 2.124753e-01 1.652961e+00  2.146121314950695762e+02  1.000000000000000000e+05  1.000000000000000000e+05  1.000000000000000000e+05
315 4411 2.069415e-01 1.652654e+00  2.146121314950695762e+02  6.843523974325124755e+02  1.000000000000000000e+05  1.000000000000000000e+13
316 4425 1.998580e-01 1.656241e+00  2.146121314950695762e+02  8.227687670900174908e+02  1.000000000000000000e+05  1.000000000000000000e+13
317 4439 1.966858e-01 1.655878e+00  2.146121314950695762e+02  9.764733014868072587e+02  1.000000000000000000e+05  1.000000000000000000e+13
318 4453 1.914672e-01 1.655377e+00  2.146121314950695762e+02  3.425822827227754601e+02  1.000000000000000000e+05  1.000000000000000000e+11
319 4467 1.865922e-01 1.663860e+00  2.146121314950695762e+02  1.219316314196451231e+03  1.000000000000000000e+05  1.000000000000000000e+11
320 4481 1.809578e-01 1.663630e+00  2.146121314950695762e+02  2.064564170004656717e+03  1.000000000000000000e+05  1.000000000000000000e+11
321 4495 1.740717e-01 1.670309e+00  2.146121314950695762e+02  1.000000000000000000e+05  1.000000000000000000e+05  1.000000000000000000e+11
322 4509 2.359854e-01 1.670729e+00  2.146121314950695762e+02  1.000000000000000000e+05  1.000000000000000000e+05  1.000000000000000000e+11
323 4523 2.297223e-01 1.672711e+00  2.146121314950695762e+02  1.000000000000000000e+05  1.000000000000000000e+05  1.000000000000000000e+11
324 4537 2.226199e-01 1.670650e+00  2.146121314950695762e+02  1.000000000000000000e+05  1.000000000000000000e+05  1.000000000000000000e+13
325 4551 2.174484e-01 1.671179e+00  2.146121314950695762e+02  1.000000000000000000e+05  1.000000000000000000e+05  1.000000000000000000e+11
326 4565 2.131501e-01 1.670690e+00  2.146121314950695762e+02  1.000000000000000000e+05  1.000000000000000000e+05  1.000000000000000000e+05
327 4579 2.087299e-01 1.671634e+00  2.146121314950695762e+02  1.000000000000000000e+05  1.000000000000000000e+05  1.000000000000000000e+13
328 4593 2.061152e-01 1.669716e+00  2.146121314950695762e+02  1.000000000000000000e+05  1.000000000000000000e+05  1.000000000000000000e+13
329 4607 2.020444e-01 1.670601e+00  2.146121314950695762e+02  1.000000000000000000e+05  1.000000000000000000e+05  1.000000000000000000e+05
330 4621 1.961746e-01 1.669519e+00  2.146121314950695762e+02  1.000000000000000000e+05  1.000000000000000000e+05  1.000000000000000000e+05
331 4635 1.912340e-01 1.670538e+00  2.146121314950695762e+02  1.000000000000000000e+05  1.000000000000000000e+05  1.000000000000000000e+05
332 4649 1.906260e-01 1.670157e+00  2.146121314950695762e+02  1.000000000000000000e+05  1.000000000000000000e+05  1.000000000000000000e+05
333 4663 1.884398e-01 1.669815e+00  2.146121314950695762e+02  1.000000000000000000e+05  1.000000000000000000e+05  1.000000000000000000e+05
334 4677 1.820148e-01 1.666636e+00  2.146121314950695762e+02  1.000000000000000000e+05  1.000000000000000000e+05  1.000000000000000000e+05
335 4691 1.769664e-01 1.668778e+00  2.146121314950695762e+02  1.000000000000000000e+05  1.000000000000000000e+05  1.000000000000000000e+05
336 4705 1.740437e-01 1.661577e+00  2.146121314950695762e+02  1.000000000000000000e+05  1.000000000000000000e+05  1.000000000000000000e+05
337 4719 1.713229e-01 1.660894e+00  2.146121314950695762e+02  1.000000000000000000e+05  1.000000000000000000e+05  1.000000000000000000e+05
338 4733 1.711795e-01 1.665744e+00  2.146121314950695762e+02  1.000000000000000000e+05  1.000000000000000000e+05  1.000000000000000000e+05
339 4747 1.686620e-01 1.670014e+00  2.146121314950695762e+02  1.000000000000000000e+05  1.000000000000000000e+05  1.000000000000000000e+05
340 4761 1.652188e-01 1.675860e+00  2.146121314950695762e+02  1.000000000000000000e+05  1.000000000000000000e+05  1.000000000000000000e+05
341 4775 1.611271e-01 1.678427e+00  2.146121314950695762e+02  1.000000000000000000e+05  1.000000000000000000e+05  1.000000000000000000e+05
342 4789 1.598478e-01 1.681486e+00  2.146121314950695762e+02  1.000000000000000000e+05  1.000000000000000000e+05  1.000000000000000000e+05
343 4803 1.558998e-01 1.685886e+00  2.146121314950695762e+02  1.000000000000000000e+05  1.000000000000000000e+05  1.000000000000000000e+05
344 4817 2.126226e-01 1.691811e+00  2.146121314950695762e+02  1.000000000000000000e+05  1.000000000000000000e+05  1.000000000000000000e+05
345 4831 2.067766e-01 1.694684e+00  2.146121314950695762e+02  1.000000000000000000e+05  1.000000000000000000e+05  1.000000000000000000e+05
346 4845 2.026509e-01 1.699315e+00  2.146121314950695762e+02  1.000000000000000000e+05  1.000000000000000000e+05  1.000000000000000000e+05
347 4859 2.008577e-01 1.701657e+00  2.146121314950695762e+02  1.000000000000000000e+05  1.000000000000000000e+05  1.000000000000000000e+05
348 4873 1.957210e-01 1.702035e+00  2.146121314950695762e+02  1.000000000000000000e+05  1.000000000000000000e+05  1.000000000000000000e+05
349 4887 1.890467e-01 1.704548e+00  2.146121314950695762e+02  1.000000000000000000e+05  1.000000000000000000e+05  1.000000000000000000e+05
350 4901 1.841431e-01 1.708880e+00  2.146121314950695762e+02  1.000000000000000000e+05  1.000000000000000000e+05  1.000000000000000000e+05
351 4915 2.508598e-01 1.707024e+00  2.146121314950695762e+02  1.000000000000000000e+05  1.000000000000000000e+05  1.000000000000000000e+05
352 4929 2.466279e-01 1.706144e+00  2.146121314950695762e+02  1.000000000000000000e+05  1.000000000000000000e+05  1.000000000000000000e+05
353 4943 2.425266e-01 1.701548e+00  2.146121314950695762e+02  1.000000000000000000e+05  1.000000000000000000e+05  1.000000000000000000e+05
354 4957 2.367593e-01 1.703792e+00  2.146121314950695762e+02  1.000000000000000000e+05  1.000000000000000000e+05  1.000000000000000000e+15
355 4971 2.336371e-01 1.704905e+00  2.146121314950695762e+02  1.000000000000000000e+05  1.000000000000000000e+05  1.000000000000000000e+05
356 4985 2.326527e-01 1.710667e+00  2.146121314950695762e+02  1.000000000000000000e+05  1.000000000000000000e+05  1.000000000000000000e+15
357 4999 2.317007e-01 1.712172e+00  2.146121314950695762e+02  1.000000000000000000e+05  1.000000000000000000e+05  1.000000000000000000e+16
358 5013 2.344527e-01 1.720539e+00  2.146121314950695762e+02  1.000000000000000000e+05  1.000000000000000000e+05  1.000000000000000000e+15
359 5027 2.331334e-01 1.727188e+00  2.146121314950695762e+02  1.000000000000000000e+05  1.000000000000000000e+05  1.000000000000000000e+13
360 5041 2.246415e-01 1.731319e+00  2.146121314950695762e+02  1.000000000000000000e+05  1.000000000000000000e+05  1.000000000000000000e+05
361 5055 2.173474e-01 1.734713e+00  2.146121314950695762e+02  1.000000000000000000e+05  1.000000000000000000e+05  1.000000000000000000e+05
362 5069 2.105462e-01 1.738569e+00  2.146121314950695762e+02  1.000000000000000000e+05  1.000000000000000000e+05  1.000000000000000000e+05
363 5083 2.033062e-01 1.747618e+00  2.146121314950695762e+02  1.000000000000000000e+05  1.000000000000000000e+05  1.000000000000000000e+18
364 5097 1.953652e-01 1.753614e+00  2.146121314950695762e+02  1.000000000000000000e+05  1.000000000000000000e+05  1.000000000000000000e+05
365 5111 1.865433e-01 1.757770e+00  2.146121314950695762e+02  1.000000000000000000e+05  1.000000000000000000e+05  1.000000000000000000e+13
366 5125 1.760651e-01 1.763815e+00  2.146121314950695762e+02  1.000000000000000000e+05  1.000000000000000000e+05  1.000000000000000000e+18
367 5139 2.352791e-01 1.766334e+00  2.146121314950695762e+02  2.426113432186176396e+03  1.000000000000000000e+05  1.000000000000000000e+05
368 5153 2.258701e-01 1.766370e+00  2.146121314950695762e+02  1.000000000000000000e+05  1.000000000000000000e+05  1.000000000000000000e+17
369 5167 2.177978e-01 1.766408e+00  2.146121314950695762e+02  1.000000000000000000e+05  1.000000000000000000e+05  1.000000000000000000e+05
370 5181 2.105437e-01 1.769937e+00  2.146121314950695762e+02  1.000000000000000000e+05  1.000000000000000000e+05  1.000000000000000000e+05
371 5195 2.043300e-01 1.767572e+00  2.146121314950695762e+02  1.000000000000000000e+05  1.000000000000000000e+05  1.000000000000000000e+05
372 5209 1.954663e-01 1.771030e+00  2.146121314950695762e+02  1.000000000000000000e+05  1.000000000000000000e+05  1.000000000000000000e+05
373 5223 2.688010e-01 1.769761e+00  2.146121314950695762e+02  1.000000000000000000e+05  1.000000000000000000e+05  1.000000000000000000e+05
374 5237 2.632186e-01 1.771511e+00  2.146121314950695762e+02  1.000000000000000000e+05  1.000000000000000000e+05  1.000000000000000000e+05
375 5251 2.566961e-01 1.777177e+00  2.146121314950695762e+02  1.000000000000000000e+05  1.000000000000000000e+05  1.000000000000000000e+05
376 5265 2.473023e-01 1.773475e+00  2.146121314950695762e+02  1.000000000000000000e+05  1.000000000000000000e+05  1.000000000000000000e+05
377 5279 2.379717e-01 1.773421e+00  2.146121314950695762e+02  1.000000000000000000e+05  1.000000000000000000e+05  1.000000000000000000e+05
378 5293 2.332544e-01 1.774014e+00  2.146121314950695762e+02  1.000000000000000000e+05  1.000000000000000000e+05  1.000000000000000000e+13
379 5307 2.274522e-01 1.772321e+00  2.146121314950695762e+02  1.000000000000000000e+05  1.000000000000000000e+05  1.000000000000000000e+17
380 5321 2.200942e-01 1.773430e+00  2.146121314950695762e+02  1.000000000000000000e+05  1.000000000000000000e+05  1.000000000000000000e+11
381 5335 2.135742e-01 1.773510e+00  2.146121314950695762e+02  1.000000000000000000e+05  1.000000000000000000e+05  1.000000000000000000e+18
382 5349 2.092054e-01 1.774917e+00  2.146121314950695762e+02  1.000000000000000000e+05  1.000000000000000000e+05  1.000000000000000000e+05
383 5363 2.070587e-01 1.775980e+00  2.146121314950695762e+02  1.000000000000000000e+05  1.000000000000000000e+05  1.000000000000000000e+13
384 5377 2.041316e-01 1.778090e+00  2.146121314950695762e+02  1.000000000000000000e+05  1.000000000000000000e+05  1.000000000000000000e+13
385 5391 2.046961e-01 1.781867e+00  2.146121314950695762e+02  1.000000000000000000e+05  1.000000000000000000e+05  1.000000000000000000e+13
386 5405 2.037596e-01 1.780753e+00  2.146121314950695762e+02  1.000000000000000000e+05  1.000000000000000000e+05  1.000000000000000000e+13
387 5419 1.994839e-01 1.783996e+00  2.146121314950695762e+02  2.546697916779953630e+02  1.000000000000000000e+05  1.000000000000000000e+13
388 5433 1.939444e-01 1.784959e+00  2.146121314950695762e+02  1.000000000000000000e+05  1.000000000000000000e+05  1.000000000000000000e+11
389 5447 1.873010e-01 1.783889e+00  2.146121314950695762e+02  1.000000000000000000e+05  1.000000000000000000e+05  1.000000000000000000e+05
390 5461 1.847062e-01 1.782690e+00  2.146121314950695762e+02  1.000000000000000000e+05  1.000000000000000000e+05  1.000000000000000000e+05
391 5475 1.841992e-01 1.791529e+00  2.146121314950695762e+02  1.000000000000000000e+05  1.000000000000000000e+05  1.000000000000000000e+13
392 5489 1.796989e-01 1.795609e+00  2.146121314950695762e+02  1.000000000000000000e+05  1.000000000000000000e+05  1.000000000000000000e+11
393 5503 2.456511e-01 1.796580e+00  2.146121314950695762e+02  1.000000000000000000e+05  1.000000000000000000e+05  1.000000000000000000e+05
394 5517 2.385098e-01 1.795200e+00  2.146121314950695762e+02  2.214718230940767114e+02  1.000000000000000000e+05  1.000000000000000000e+13
395 5531 2.302611e-01 1.792562e+00  2.146121314950695762e+02  1.000000000000000000e+05  1.000000000000000000e+05  1.000000000000000000e+13
396 5545 2.242601e-01 1.790310e+00  2.146121314950695762e+02  1.000000000000000000e+05  1.000000000000000000e+05  1.000000000000000000e+13
397 5559 2.130742e-01 1.791625e+00  2.146121314950695762e+02  2.751297152989294545e+02  1.000000000000000000e+05  1.000000000000000000e+05
398 5573 2.046412e-01 1.791018e+00  2.146121314950695762e+02  1.000000000000000000e+05  1.000000000000000000e+05  1.000000000000000000e+13
399 5587 1.967200e-01 1.792990e+00  2.146121314950695762e+02  1.000000000000000000e+05  1.000000000000000000e+05  1.000000000000000000e+11
400 5601 1.907129e-01 1.792503e+00  2.146121314950695762e+02  1.000000000000000000e+05  1.000000000000000000e+05  1.000000000000000000e+11
401 5615 1.869487e-01 1.792547e+00  2.146121314950695762e+02  1.000000000000000000e+05  1.000000000000000000e+05  1.000000000000000000e+05
402 5629 1.815202e-01 1.793500e+00  2.146121314950695762e+02  1.000000000000000000e+05  1.000000000000000000e+05  1.000000000000000000e+13
403 5643 1.754411e-01 1.790593e+00  2.146121314950695762e+02  1.000000000000000000e+05  1.000000000000000000e+05  1.000000000000000000e+11
404 5657 1.689729e-01 1.788354e+00  2.146121314950695762e+02  1.000000000000000000e+05  1.000000000000000000e+05  1.000000000000000000e+05
405 5671 1.648594e-01 1.786376e+00  2.146121314950695762e+02  1.000000000000000000e+05  1.000000000000000000e+05  1.000000000000000000e+05
406 5685 2.212452e-01 1.789237e+00  2.146121314950695762e+02  1.000000000000000000e+05  1.000000000000000000e+05  1.000000000000000000e+11
407 5699 2.144106e-01 1.788704e+00  2.146121314950695762e+02  5.403195049890608743e+02  1.000000000000000000e+05  1.000000000000000000e+11
408 5713 2.057575e-01 1.789133e+00  2.146121314950695762e+02  1.000000000000000000e+05  1.000000000000000000e+05  1.000000000000000000e+11
409 5727 2.019840e-01 1.794049e+00  2.146121314950695762e+02  1.000000000000000000e+05  1.000000000000000000e+05  1.000000000000000000e+13
410 5741 1.990376e-01 1.793112e+00  2.146121314950695762e+02  1.000000000000000000e+05  1.000000000000000000e+05  1.000000000000000000e+05
411 5755 1.967347e-01 1.793446e+00  2.146121314950695762e+02  1.000000000000000000e+05  1.000000000000000000e+05  1.000000000000000000e+18
412 5769 1.922162e-01 1.801345e+00  2.146121314950695762e+02  1.000000000000000000e+05  1.000000000000000000e+05  1.000000000000000000e+13
413 5783 2.558720e-01 1.803679e+00  2.146121314950695762e+02  1.000000000000000000e+05  1.000000000000000000e+05  1.000000000000000000e+11
414 5797 2.494679e-01 1.802705e+00  2.146121314950695762e+02  1.000000000000000000e+05  1.000000000000000000e+05  1.000000000000000000e+13
415 5811 2.449805e-01 1.803645e+00  2.146121314950695762e+02  1.000000000000000000e+05  1.000000000000000000e+05  1.000000000000000000e+11
416 5825 2.375818e-01 1.808878e+00  2.146121314950695762e+02  1.000000000000000000e+05  1.000000000000000000e+05  1.000000000000000000e+11
417 5839 2.328281e-01 1.819088e+00  2.146121314950695762e+02  1.000000000000000000e+05  1.000000000000000000e+05  1.000000000000000000e+11
418 5853 2.297303e-01 1.822014e+00  2.146121314950695762e+02  1.000000000000000000e+05  1.000000000000000000e+05  1.000000000000000000e+05
419 5867 2.210594e-01 1.822218e+00  2.146121314950695762e+02  1.000000000000000000e+05  1.000000000000000000e+05  1.000000000000000000e+05
420 5881 2.106505e-01 1.825428e+00  2.146121314950695762e+02  1.000000000000000000e+05  1.000000000000000000e+05  1.000000000000000000e+05
421 5895 2.012183e-01 1.825676e+00  2.146121314950695762e+02  1.000000000000000000e+05  1.000000000000000000e+05  1.000000000000000000e+05
422 5909 1.940850e-01 1.823560e+00  2.146121314950695762e+02  1.000000000000000000e+05  1.000000000000000000e+05  1.000000000000000000e+05
423 5923 1.895603e-01 1.823026e+00  2.146121314950695762e+02  1.000000000000000000e+05  1.000000000000000000e+05  1.000000000000000000e+05
424 5937 2.559316e-01 1.825187e+00  2.146121314950695762e+02  1.000000000000000000e+05  1.000000000000000000e+05  1.000000000000000000e+05
425 5951 2.488582e-01 1.827354e+00  2.146121314950695762e+02  1.000000000000000000e+05  1.000000000000000000e+05  1.000000000000000000e+05
426 5965 2.399217e-01 1.828350e+00  2.146121314950695762e+02  1.000000000000000000e+05  1.000000000000000000e+05  1.000000000000000000e+15
427 5979 2.282863e-01 1.829543e+00  2.146121314950695762e+02  1.000000000000000000e+05  1.000000000000000000e+05  1.000000000000000000e+05
428 5993 2.202691e-01 1.838766e+00  2.146121314950695762e+02  1.000000000000000000e+05  1.000000000000000000e+05  1.000000000000000000e+11
429 6007 2.980425e-01 1.839834e+00  2.146121314950695762e+02  1.000000000000000000e+05  1.000000000000000000e+05  1.000000000000000000e+05
430 6021 2.896635e-01 1.840199e+00  2.146121314950695762e+02  1.000000000000000000e+05  1.000000000000000000e+05  1.000000000000000000e+11
431 6035 2.826693e-01 1.840652e+00  2.146121314950695762e+02  1.000000000000000000e+05  1.000000000000000000e+05  1.000000000000000000e+11
432 6049 2.769552e-01 1.838995e+00  2.146121314950695762e+02  1.813485505382876681e+03  1.000000000000000000e+05  1.000000000000000000e+18
433 6063 2.705320e-01 1.848105e+00  2.146121314950695762e+02  1.000000000000000000e+05  1.000000000000000000e+05  1.000000000000000000e+18
434 6077 2.640654e-01 1.846878e+00  2.146121314950695762e+02  1.000000000000000000e+05  1.000000000000000000e+05  1.000000000000000000e+16
435 6091 2.572472e-01 1.856750e+00  2.146121314950695762e+02  1.000000000000000000e+05  1.000000000000000000e+05  1.000000000000000000e+11
436 6105 2.469264e-01 1.857119e+00  2.146121314950695762e+02  7.524925996617591863e+02  1.000000000000000000e+05  1.000000000000000000e+13
437 6119 2.375142e-01 1.856256e+00  2.146121314950695762e+02  3.012213857064539752e+03  1.000000000000000000e+05  1.000000000000000000e+11
438 6133 2.338139e-01 1.857397e+00  2.146121314950695762e+02  6.527852850733782361e+03  1.000000000000000000e+05  1.000000000000000000e+11
439 6147 2.258466e-01 1.860214e+00  2.146121314950695762e+02  4.883782790458996715e+03  1.000000000000000000e+05  1.000000000000000000e+11
440 6161 2.194226e-01 1.859722e+00  2.146121314950695762e+02  1.485165446381333595e+03  1.000000000000000000e+05  1.000000000000000000e+13
441 6175 2.112982e-01 1.865269e+00  2.146121314950695762e+02  1.000000000000000000e+05  1.000000000000000000e+05  1.000000000000000000e+13
442 6189 1.996498e-01 1.867606e+00  2.146121314950695762e+02  1.000000000000000000e+05  1.000000000000000000e+05  1.000000000000000000e+11
443 6203 1.917418e-01 1.871698e+00  2.146121314950695762e+02  1.000000000000000000e+05  1.000000000000000000e+05  1.000000000000000000e+11
444 6217 2.560539e-01 1.870126e+00  2.146121314950695762e+02  1.599027894481735893e+04  1.000000000000000000e+05  1.000000000000000000e+05
445 6231 2.447362e-01 1.871994e+00  2.146121314950695762e+02  1.000000000000000000e+05  1.000000000000000000e+05  1.000000000000000000e+11
446 6245 2.337875e-01 1.880131e+00  2.146121314950695762e+02  4.703900201415991432e+03  1.000000000000000000e+05  1.000000000000000000e+13
447 6259 2.220273e-01 1.882121e+00  2.146121314950695762e+02  1.000000000000000000e+05  1.000000000000000000e+05  1.000000000000000000e+11
448 6273 2.148105e-01 1.876527e+00  2.146121314950695762e+02  1.000000000000000000e+05  1.000000000000000000e+05  1.000000000000000000e+05
449 6287 2.084271e-01 1.880873e+00  2.146121314950695762e+02  1.000000000000000000e+05  1.000000000000000000e+05  1.000000000000000000e+11
450 6301 2.000879e-01 1.879755e+00  2.146121314950695762e+02  1.000000000000000000e+05  1.000000000000000000e+05  1.000000000000000000e+05
451 6315 1.932526e-01 1.877171e+00  2.146121314950695762e+02  1.000000000000000000e+05  1.000000000000000000e+05  1.000000000000000000e+05
452 6329 1.879089e-01 1.876994e+00  2.146121314950695762e+02  1.000000000000000000e+05  1.000000000000000000e+05  1.000000000000000000e+05
453 6343 1.835668e-01 1.879057e+00  2.146121314950695762e+02  1.000000000000000000e+05  1.000000000000000000e+05  1.000000000000000000e+05
454 6357 2.494902e-01 1.877573e+00  2.146121314950695762e+02  1.000000000000000000e+05  1.000000000000000000e+05  1.000000000000000000e+05
455 6371 2.452003e-01 1.879075e+00  2.146121314950695762e+02  1.000000000000000000e+05  1.000000000000000000e+05  1.000000000000000000e+05
456 6385 2.408021e-01 1.878036e+00  2.146121314950695762e+02  1.000000000000000000e+05  1.000000000000000000e+05  1.000000000000000000e+11
457 6399 2.342022e-01 1.879040e+00  2.146121314950695762e+02  1.000000000000000000e+05  1.000000000000000000e+05  1.000000000000000000e+05
458 6413 2.251934e-01 1.879036e+00  2.146121314950695762e+02  1.000000000000000000e+05  1.000000000000000000e+05  1.000000000000000000e+05
459 6427 2.989685e-01 1.880047e+00  2.146121314950695762e+02  1.000000000000000000e+05  1.000000000000000000e+05  1.000000000000000000e+05
460 6441 2.877104e-01 1.876299e+00  2.146121314950695762e+02  1.000000000000000000e+05  1.000000000000000000e+05  1.000000000000000000e+05
461 6455 2.789402e-01 1.873498e+00  2.146121314950695762e+02  1.000000000000000000e+05  1.000000000000000000e+05  1.000000000000000000e+05
462 6469 2.710095e-01 1.871364e+00  2.146121314950695762e+02  1.000000000000000000e+05  1.000000000000000000e+05  1.000000000000000000e+05
463 6483 2.642424e-01 1.870794e+00  2.146121314950695762e+02  1.000000000000000000e+05  1.000000000000000000e+05  1.000000000000000000e+05
464 6497 2.562121e-01 1.875737e+00  2.146121314950695762e+02  1.000000000000000000e+05  1.000000000000000000e+05  1.000000000000000000e+05
465 6511 2.477630e-01 1.877438e+00  2.146121314950695762e+02  1.000000000000000000e+05  1.000000000000000000e+05  1.000000000000000000e+05
466 6525 2.426875e-01 1.884131e+00  2.146121314950695762e+02  1.000000000000000000e+05  1.000000000000000000e+05  1.000000000000000000e+05
467 6539 2.369149e-01 1.885817e+00  2.146121314950695762e+02  1.000000000000000000e+05  1.000000000000000000e+05  1.000000000000000000e+05
468 6553 2.334648e-01 1.881080e+00  2.146121314950695762e+02  1.000000000000000000e+05  1.000000000000000000e+05  1.000000000000000000e+05
469 6567 2.265121e-01 1.882698e+00  2.146121314950695762e+02  1.000000000000000000e+05  1.000000000000000000e+05  1.000000000000000000e+05
470 6581 2.177800e-01 1.885089e+00  2.146121314950695762e+02  1.000000000000000000e+05  1.000000000000000000e+05  1.000000000000000000e+05
471 6595 2.949529e-01 1.884731e+00  2.146121314950695762e+02  1.000000000000000000e+05  1.000000000000000000e+05  1.000000000000000000e+05
472 6609 2.867036e-01 1.878137e+00  2.146121314950695762e+02  1.000000000000000000e+05  1.000000000000000000e+05  1.000000000000000000e+05
473 6623 2.765742e-01 1.876946e+00  2.146121314950695762e+02  1.000000000000000000e+05  1.000000000000000000e+05  1.000000000000000000e+05
474 6637 2.683750e-01 1.883660e+00  2.146121314950695762e+02  1.000000000000000000e+05  1.000000000000000000e+05  1.000000000000000000e+11
475 6651 2.575612e-01 1.882369e+00  2.146121314950695762e+02  1.000000000000000000e+05  1.000000000000000000e+05  1.000000000000000000e+05
476 6665 2.445731e-01 1.882451e+00  2.146121314950695762e+02  1.000000000000000000e+05  1.000000000000000000e+05  1.000000000000000000e+18
477 6679 2.325664e-01 1.882330e+00  2.146121314950695762e+02  1.000000000000000000e+05  1.000000000000000000e+05  1.000000000000000000e+05
478 6693 2.269105e-01 1.888417e+00  2.146121314950695762e+02  1.000000000000000000e+05  1.000000000000000000e+05  1.000000000000000000e+05
479 6707 3.064144e-01 1.887860e+00  2.146121314950695762e+02  1.000000000000000000e+05  1.000000000000000000e+05  1.000000000000000000e+13
480 6721 2.957164e-01 1.893877e+00  2.146121314950695762e+02  1.000000000000000000e+05  1.000000000000000000e+05  1.000000000000000000e+05
481 6735 2.830665e-01 1.892481e+00  2.146121314950695762e+02  1.000000000000000000e+05  1.000000000000000000e+05  1.000000000000000000e+05
482 6749 2.724047e-01 1.883865e+00  2.146121314950695762e+02  7.563326903855029286e+02  1.000000000000000000e+05  1.000000000000000000e+05
483 6763 2.596593e-01 1.888195e+00  2.146121314950695762e+02  1.493535868565467126e+03  1.000000000000000000e+05  1.000000000000000000e+05
484 6777 2.501985e-01 1.890548e+00  2.146121314950695762e+02  1.000000000000000000e+05  1.000000000000000000e+05  1.000000000000000000e+05
485 6791 2.390331e-01 1.887308e+00  2.146121314950695762e+02  1.000000000000000000e+05  1.000000000000000000e+05  1.000000000000000000e+18
486 6805 2.302815e-01 1.889401e+00  2.146121314950695762e+02  1.000000000000000000e+05  1.000000000000000000e+05  1.000000000000000000e+15
487 6819 2.184505e-01 1.888451e+00  2.146121314950695762e+02  1.000000000000000000e+05  1.000000000000000000e+05  1.000000000000000000e+16
488 6833 2.899612e-01 1.889720e+00  2.146121314950695762e+02  1.000000000000000000e+05  1.000000000000000000e+05  1.000000000000000000e+18
489 6847 2.827541e-01 1.889733e+00  2.146121314950695762e+02  1.000000000000000000e+05  1.000000000000000000e+05  1.000000000000000000e+15
490 6861 2.760947e-01 1.890018e+00  2.146121314950695762e+02  1.000000000000000000e+05  1.000000000000000000e+05  1.000000000000000000e+05
491 6875 2.701302e-01 1.888779e+00  2.146121314950695762e+02  1.000000000000000000e+05  1.000000000000000000e+05  1.000000000000000000e+11
492 6889 2.632924e-01 1.890090e+00  2.146121314950695762e+02  1.000000000000000000e+05  1.000000000000000000e+05  1.000000000000000000e+11
493 6903 2.562093e-01 1.891009e+00  2.146121314950695762e+02  1.000000000000000000e+05  1.000000000000000000e+05  1.000000000000000000e+16
494 6917 2.456553e-01 1.892055e+00  2.146121314950695762e+02  1.000000000000000000e+05  1.000000000000000000e+05  1.000000000000000000e+11
495 6931 2.356440e-01 1.894458e+00  2.146121314950695762e+02  1.000000000000000000e+05  1.000000000000000000e+05  1.000000000000000000e+11
496 6945 2.272863e-01 1.889337e+00  2.146121314950695762e+02  1.948318258891254573e+03  1.000000000000000000e+05  1.000000000000000000e+18
497 6959 3.073795e-01 1.887562e+00  2.146121314950695762e+02  1.000000000000000000e+05  1.000000000000000000e+05  1.000000000000000000e+05
498 6973 3.001843e-01 1.889274e+00  2.146121314950695762e+02  1.000000000000000000e+05  1.000000000000000000e+05  1.000000000000000000e+05
499 6987 2.900085e-01 1.888120e+00  2.146121314950695762e+02  1.338640596268898889e+03  1.000000000000000000e+05  1.000000000000000000e+05
500 7001 2.836391e-01 1.888776e+00  2.146121314950695762e+02  2.114825767458063183e+03  1.000000000000000000e+05  1.000000000000000000e+18
501 7015 2.748787e-01 1.888608e+00  2.146121314950695762e+02  1.000000000000000000e+05  1.000000000000000000e+05  1.000000000000000000e+18
502 7029 2.682507e-01 1.892743e+00  2.146121314950695762e+02  1.000000000000000000e+05  1.000000000000000000e+05  1.000000000000000000e+18
503 7043 2.582210e-01 1.898420e+00  2.146121314950695762e+02  1.000000000000000000e+05  1.000000000000000000e+05  1.000000000000000000e+05
504 7057 2.517078e-01 1.895713e+00  2.146121314950695762e+02  1.000000000000000000e+05  1.000000000000000000e+05  1.000000000000000000e+18
505 7071 2.419109e-01 1.896731e+00  2.146121314950695762e+02  1.000000000000000000e+05  1.000000000000000000e+05  1.000000000000000000e+05
506 7085 2.345338e-01 1.894156e+00  2.146121314950695762e+02  1.000000000000000000e+05  1.000000000000000000e+05  1.000000000000000000e+05
507 7099 2.271331e-01 1.893743e+00  2.146121314950695762e+02  1.000000000000000000e+05  1.000000000000000000e+05  1.000000000000000000e+05
508 7113 2.191905e-01 1.896127e+00  2.146121314950695762e+02  1.000000000000000000e+05  1.000000000000000000e+05  1.000000000000000000e+05
509 7127 2.112595e-01 1.893727e+00  2.146121314950695762e+02  1.000000000000000000e+05  1.000000000000000000e+05  1.000000000000000000e+05
510 7141 2.025503e-01 1.892384e+00  2.146121314950695762e+02  1.000000000000000000e+05  1.000000000000000000e+05  1.000000000000000000e+18
511 7155 2.764869e-01 1.889165e+00  2.146121314950695762e+02  1.000000000000000000e+05  1.000000000000000000e+05  1.000000000000000000e+05
512 7169 2.684495e-01 1.893397e+00  2.146121314950695762e+02  1.000000000000000000e+05  1.000000000000000000e+05  1.000000000000000000e+13
513 7183 2.622911e-01 1.894928e+00  2.146121314950695762e+02  1.000000000000000000e+05  1.000000000000000000e+05  1.000000000000000000e+05
514 7197 2.534012e-01 1.893220e+00  2.146121314950695762e+02  1.000000000000000000e+05  1.000000000000000000e+05  1.000000000000000000e+15
515 7211 2.421359e-01 1.892569e+00  2.146121314950695762e+02  1.000000000000000000e+05  1.000000000000000000e+05  1.000000000000000000e+05
516 7225 2.301814e-01 1.893187e+00  2.146121314950695762e+02  1.000000000000000000e+05  1.000000000000000000e+05  1.000000000000000000e+11
517 7239 2.188156e-01 1.893915e+00  2.146121314950695762e+02  1.000000000000000000e+05  1.000000000000000000e+05  1.000000000000000000e+05
518 7253 2.064956e-01 1.895815e+00  2.146121314950695762e+02  1.000000000000000000e+05  1.000000000000000000e+05  1.000000000000000000e+11
519 7267 2.777566e-01 1.901612e+00  2.146121314950695762e+02  1.000000000000000000e+05  1.000000000000000000e+05  1.000000000000000000e+11
520 7281 2.673323e-01 1.901914e+00  2.146121314950695762e+02  1.000000000000000000e+05  1.000000000000000000e+05  1.000000000000000000e+11
521 7295 2.585532e-01 1.900932e+00  2.146121314950695762e+02  1.000000000000000000e+05  1.000000000000000000e+05  1.000000000000000000e+11
522 7309 2.450174e-01 1.901798e+00  2.146121314950695762e+02  1.000000000000000000e+05  1.000000000000000000e+05  1.000000000000000000e+11
523 7323 2.372147e-01 1.906524e+00  2.146121314950695762e+02  1.000000000000000000e+05  1.000000000000000000e+05  1.000000000000000000e+11
524 7337 3.208077e-01 1.906353e+00  2.146121314950695762e+02  1.000000000000000000e+05  1.000000000000000000e+05  1.000000000000000000e+16
525 7351 3.064980e-01 1.910217e+00  2.044261368836741042e+02  2.044261368836741042e+02  1.000000000000000000e+05  1.000000000000000000e+11
526 7365 2.903412e-01 1.911067e+00  2.044261368836741042e+02  1.287766195503239942e+03  1.000000000000000000e+05  1.000000000000000000e+11
527 7379 2.819450e-01 1.911047e+00  2.044261368836741042e+02  1.000000000000000000e+05  1.000000000000000000e+05  1.000000000000000000e+05
528 7393 2.762183e-01 1.909968e+00  2.044261368836741042e+02  1.000000000000000000e+05  1.000000000000000000e+05  1.000000000000000000e+15
529 7407 2.617689e-01 1.911572e+00  2.044261368836741042e+02  1.000000000000000000e+05  1.000000000000000000e+05  1.000000000000000000e+05
530 7421 2.510620e-01 1.914228e+00  2.044261368836741042e+02  1.000000000000000000e+05  1.000000000000000000e+05  1.000000000000000000e+13
531 7435 2.435534e-01 1.919585e+00  2.044261368836741042e+02  3.977834401142519596e+02  1.000000000000000000e+05  1.000000000000000000e+13
532 7449 2.329185e-01 1.920747e+00  2.044261368836741042e+02  1.000000000000000000e+05  1.000000000000000000e+05  1.000000000000000000e+16
533 7463 2.252995e-01 1.920595e+00  2.044261368836741042e+02  1.000000000000000000e+05  1.000000000000000000e+05  1.000000000000000000e+15
534 7477 2.182277e-01 1.923614e+00  2.044261368836741042e+02  1.000000000000000000e+05  1.000000000000000000e+05  1.000000000000000000e+16
535 7491 2.094310e-01 1.916954e+00  2.044261368836741042e+02  1.000000000000000000e+05  1.000000000000000000e+05  1.000000000000000000e+15
536 7505 2.011403e-01 1.921418e+00  2.044261368836741042e+02  1.000000000000000000e+05  1.000000000000000000e+05  1.000000000000000000e+05
537 7519 2.686437e-01 1.925058e+00  2.044261368836741042e+02  1.000000000000000000e+05  1.000000000000000000e+05  1.000000000000000000e+05
538 7533 2.567054e-01 1.929053e+00  2.044261368836741042e+02  1.000000000000000000e+05  1.000000000000000000e+05  1.000000000000000000e+15
539 7547 2.455262e-01 1.928917e+00  2.044261368836741042e+02  1.000000000000000000e+05  1.000000000000000000e+05  1.000000000000000000e+16
540 7561 3.279095e-01 1.930301e+00  2.044261368836741042e+02  1.000000000000000000e+05  1.000000000000000000e+05  1.000000000000000000e+15
541 7575 3.114312e-01 1.933769e+00  2.044261368836741042e+02  1.000000000000000000e+05  1.000000000000000000e+05  1.000000000000000000e+15
542 7589 2.960737e-01 1.939912e+00  2.044261368836741042e+02  1.000000000000000000e+05  1.000000000000000000e+05  1.000000000000000000e+18
543 7603 2.819884e-01 1.944230e+00  2.044261368836741042e+02  1.000000000000000000e+05  1.000000000000000000e+05  1.000000000000000000e+05
544 7617 2.723606e-01 1.948036e+00  2.044261368836741042e+02  1.000000000000000000e+05  1.000000000000000000e+05  1.000000000000000000e+15
545 7631 2.620869e-01 1.947144e+00  2.044261368836741042e+02  1.000000000000000000e+05  1.000000000000000000e+05  1.000000000000000000e+05
546 7645 2.497635e-01 1.948329e+00  2.044261368836741042e+02  1.000000000000000000e+05  1.000000000000000000e+05  1.000000000000000000e+05
547 7659 2.375441e-01 1.957625e+00  2.044261368836741042e+02  1.000000000000000000e+05  1.000000000000000000e+05  1.000000000000000000e+11
548 7673 2.266307e-01 1.957603e+00  2.044261368836741042e+02  1.000000000000000000e+05  1.000000000000000000e+05  1.000000000000000000e+05
549 7687 3.014003e-01 1.957665e+00  2.044261368836741042e+02  1.000000000000000000e+05  1.000000000000000000e+05  1.000000000000000000e+05
550 7701 2.906434e-01 1.958274e+00  2.044261368836741042e+02  1.000000000000000000e+05  1.000000000000000000e+05  1.000000000000000000e+05
551 7715 2.806270e-01 1.959099e+00  2.044261368836741042e+02  1.000000000000000000e+05  1.000000000000000000e+05  1.000000000000000000e+13
552 7729 2.722518e-01 1.965192e+00  2.044261368836741042e+02  1.000000000000000000e+05  1.000000000000000000e+05  1.000000000000000000e+05
553 7743 2.612763e-01 1.963318e+00  2.044261368836741042e+02  1.000000000000000000e+05  1.000000000000000000e+05  1.000000000000000000e+05
554 7757 2.498621e-01 1.961566e+00  2.044261368836741042e+02  1.000000000000000000e+05  1.000000000000000000e+05  1.000000000000000000e+05
555 7771 2.400591e-01 1.962316e+00  2.044261368836741042e+02  1.000000000000000000e+05  1.000000000000000000e+05  1.000000000000000000e+05
556 7785 2.287443e-01 1.964725e+00  2.044261368836741042e+02  1.000000000000000000e+05  1.000000000000000000e+05  1.000000000000000000e+05
557 7799 3.042194e-01 1.968272e+00  2.044261368836741042e+02  1.000000000000000000e+05  1.000000000000000000e+05  1.000000000000000000e+05
558 7813 2.933913e-01 1.971764e+00  2.044261368836741042e+02  1.000000000000000000e+05  1.000000000000000000e+05  1.000000000000000000e+11
559 7827 2.851355e-01 1.975493e+00  2.044261368836741042e+02  1.000000000000000000e+05  1.000000000000000000e+05  1.000000000000000000e+11
560 7841 2.737558e-01 1.975034e+00  2.044261368836741042e+02  1.000000000000000000e+05  1.000000000000000000e+05  1.000000000000000000e+11
561 7855 2.634165e-01 1.975422e+00  2.044261368836741042e+02  1.000000000000000000e+05  1.000000000000000000e+05  1.000000000000000000e+11
562 7869 2.532107e-01 1.980522e+00  2.044261368836741042e+02  1.000000000000000000e+05  1.000000000000000000e+05  1.000000000000000000e+05
563 7883 2.453794e-01 1.976992e+00  2.044261368836741042e+02  1.000000000000000000e+05  1.000000000000000000e+05  1.000000000000000000e+05
564 7897 2.362024e-01 1.972667e+00  2.044261368836741042e+02  1.000000000000000000e+05  1.000000000000000000e+05  1.000000000000000000e+05
565 7911 2.290029e-01 1.966689e+00  2.044261368836741042e+02  1.000000000000000000e+05  1.000000000000000000e+05  1.000000000000000000e+05
566 7925 2.249290e-01 1.973372e+00  2.044261368836741042e+02  1.000000000000000000e+05  1.000000000000000000e+05  1.000000000000000000e+05
567 7939 2.218794e-01 1.976024e+00  2.044261368836741042e+02  1.000000000000000000e+05  1.000000000000000000e+05  1.000000000000000000e+05
568 7953 2.980832e-01 1.979349e+00  2.044261368836741042e+02  1.000000000000000000e+05  1.000000000000000000e+05  1.000000000000000000e+05
569 7967 2.875753e-01 1.981556e+00  2.044261368836741042e+02  1.000000000000000000e+05  1.000000000000000000e+05  1.000000000000000000e+11
570 7981 2.754827e-01 1.985102e+00  2.044261368836741042e+02  1.000000000000000000e+05  1.000000000000000000e+05  1.000000000000000000e+11
571 7995 2.635291e-01 1.990512e+00  2.044261368836741042e+02  1.000000000000000000e+05  1.000000000000000000e+05  1.000000000000000000e+15
572 8009 2.528249e-01 1.986253e+00  2.044261368836741042e+02  1.000000000000000000e+05  1.000000000000000000e+05  1.000000000000000000e+15
573 8023 2.450256e-01 2.000274e+00  2.044261368836741042e+02  3.469947829945348303e+02  1.000000000000000000e+05  1.000000000000000000e+11
574 8037 2.382473e-01 2.006697e+00  2.044261368836741042e+02  1.000000000000000000e+05  1.000000000000000000e+05  1.000000000000000000e+11
575 8051 3.209813e-01 2.004963e+00  2.044261368836741042e+02  1.000000000000000000e+05  1.000000000000000000e+05  1.000000000000000000e+05
576 8065 3.117221e-01 2.002350e+00  2.044261368836741042e+02  1.000000000000000000e+05  1.000000000000000000e+05  1.000000000000000000e+15
577 8079 3.075354e-01 2.003348e+00  2.044261368836741042e+02  1.000000000000000000e+05  1.000000000000000000e+05  1.000000000000000000e+11
578 8093 2.963097e-01 2.003983e+00  2.044261368836741042e+02  1.000000000000000000e+05  1.000000000000000000e+05  1.000000000000000000e+13
579 8107 2.905960e-01 2.004363e+00  2.044261368836741042e+02  1.000000000000000000e+05  1.000000000000000000e+05  1.000000000000000000e+11
580 8121 2.855753e-01 2.005195e+00  2.044261368836741042e+02  1.000000000000000000e+05  1.000000000000000000e+05  1.000000000000000000e+15
581 8135 2.755258e-01 2.001954e+00  2.044261368836741042e+02  1.000000000000000000e+05  1.000000000000000000e+05  1.000000000000000000e+05
582 8149 2.652480e-01 2.006161e+00  2.044261368836741042e+02  1.000000000000000000e+05  1.000000000000000000e+05  1.000000000000000000e+15
583 8163 2.570169e-01 2.009156e+00  2.044261368836741042e+02  1.000000000000000000e+05  1.000000000000000000e+05  1.000000000000000000e+05
584 8177 2.508503e-01 2.009017e+00  2.044261368836741042e+02  1.000000000000000000e+05  1.000000000000000000e+05  1.000000000000000000e+05
585 8191 2.440552e-01 2.010340e+00  2.044261368836741042e+02  1.000000000000000000e+05  1.000000000000000000e+05  1.000000000000000000e+13
586 8205 2.388714e-01 2.010686e+00  2.044261368836741042e+02  1.000000000000000000e+05  1.000000000000000000e+05  1.000000000000000000e+13
587 8219 2.320854e-01 2.010743e+00  2.044261368836741042e+02  1.000000000000000000e+05  1.000000000000000000e+05  1.000000000000000000e+15
588 8233 2.255463e-01 2.022664e+00  2.044261368836741042e+02  1.000000000000000000e+05  1.000000000000000000e+05  1.000000000000000000e+15
589 8247 2.176154e-01 2.021507e+00  2.044261368836741042e+02  1.000000000000000000e+05  1.000000000000000000e+05  1.000000000000000000e+13
590 8261 2.119132e-01 2.022431e+00  2.044261368836741042e+02  1.000000000000000000e+05  1.000000000000000000e+05  1.000000000000000000e+05
591 8275 2.076829e-01 2.024002e+00  2.044261368836741042e+02  1.000000000000000000e+05  1.000000000000000000e+05  1.000000000000000000e+05
592 8289 2.044097e-01 2.026683e+00  2.044261368836741042e+02  1.000000000000000000e+05  1.000000000000000000e+05  1.000000000000000000e+05
593 8303 2.813921e-01 2.029746e+00  2.044261368836741042e+02  1.000000000000000000e+05  1.000000000000000000e+05  1.000000000000000000e+05
594 8317 2.762619e-01 2.035414e+00  2.044261368836741042e+02  1.000000000000000000e+05  1.000000000000000000e+05  1.000000000000000000e+05
595 8331 2.741552e-01 2.039125e+00  2.044261368836741042e+02  1.000000000000000000e+05  1.000000000000000000e+05  1.000000000000000000e+05
596 8345 2.712883e-01 2.044844e+00  2.044261368836741042e+02  1.000000000000000000e+05  1.000000000000000000e+05  1.000000000000000000e+11
597 8359 2.681859e-01 2.050454e+00  2.044261368836741042e+02  1.000000000000000000e+05  1.000000000000000000e+05  1.000000000000000000e+05
598 8373 2.654412e-01 2.062819e+00  2.044261368836741042e+02  1.000000000000000000e+05  1.000000000000000000e+05  1.000000000000000000e+05
599 8387 2.607140e-01 2.068800e+00  2.044261368836741042e+02  1.000000000000000000e+05  1.000000000000000000e+05  1.000000000000000000e+05
600 8401 2.529986e-01 2.071592e+00  2.044261368836741042e+02  1.000000000000000000e+05  1.000000000000000000e+05  1.000000000000000000e+15
601 8415 2.456577e-01 2.080046e+00  2.044261368836741042e+02  1.000000000000000000e+05  1.000000000000000000e+05  1.000000000000000000e+18
602 8429 2.371319e-01 2.089435e+00  2.044261368836741042e+02  1.000000000000000000e+05  1.000000000000000000e+05  1.000000000000000000e+18
603 8443 3.205078e-01 2.090521e+00  2.044261368836741042e+02  1.000000000000000000e+05  1.000000000000000000e+05  1.000000000000000000e+13
604 8457 3.124007e-01 2.092979e+00  2.044261368836741042e+02  1.000000000000000000e+05  1.000000000000000000e+05  1.000000000000000000e+18
605 8471 3.043669e-01 2.096509e+00  2.044261368836741042e+02  1.000000000000000000e+05  1.000000000000000000e+05  1.000000000000000000e+05
606 8485 2.950086e-01 2.097615e+00  2.044261368836741042e+02  1.000000000000000000e+05  1.000000000000000000e+05  1.000000000000000000e+05
607 8499 2.892129e-01 2.098730e+00  2.044261368836741042e+02  1.000000000000000000e+05  1.000000000000000000e+05  1.000000000000000000e+13
608 8513 2.801535e-01 2.097491e+00  2.044261368836741042e+02  1.000000000000000000e+05  1.000000000000000000e+05  1.000000000000000000e+05
609 8527 2.740438e-01 2.093873e+00  2.044261368836741042e+02  1.000000000000000000e+05  1.000000000000000000e+05  1.000000000000000000e+05
610 8541 2.650354e-01 2.088737e+00  2.044261368836741042e+02  8.652819514325231012e+02  1.000000000000000000e+05  1.000000000000000000e+05
611 8555 2.578442e-01 2.086663e+00  2.044261368836741042e+02  1.000000000000000000e+05  1.000000000000000000e+05  1.000000000000000000e+05
612 8569 2.492396e-01 2.086583e+00  2.044261368836741042e+02  1.000000000000000000e+05  1.000000000000000000e+05  1.000000000000000000e+05
613 8583 2.372884e-01 2.084864e+00  2.044261368836741042e+02  1.000000000000000000e+05  1.000000000000000000e+05  1.000000000000000000e+05
614 8597 2.301336e-01 2.088216e+00  2.044261368836741042e+02  1.000000000000000000e+05  1.000000000000000000e+05  1.000000000000000000e+05
615 8611 3.103328e-01 2.085800e+00  2.044261368836741042e+02  1.000000000000000000e+05  1.000000000000000000e+05  1.000000000000000000e+05
616 8625 2.997957e-01 2.092556e+00  2.044261368836741042e+02  1.000000000000000000e+05  1.000000000000000000e+05  1.000000000000000000e+05
617 8639 2.892678e-01 2.093579e+00  2.044261368836741042e+02  1.000000000000000000e+05  1.000000000000000000e+05  1.000000000000000000e+05
618 8653 2.788737e-01 2.095390e+00  2.044261368836741042e+02  1.000000000000000000e+05  1.000000000000000000e+05  1.000000000000000000e+13
619 8667 2.681558e-01 2.089014e+00  2.044261368836741042e+02  1.000000000000000000e+05  1.000000000000000000e+05  1.000000000000000000e+05
620 8681 2.585284e-01 2.084977e+00  2.044261368836741042e+02  1.000000000000000000e+05  1.000000000000000000e+05  1.000000000000000000e+13
621 8695 2.496700e-01 2.080251e+00  2.044261368836741042e+02  2.787694472648632882e+02  1.000000000000000000e+05  1.000000000000000000e+13
622 8709 2.412522e-01 2.071288e+00  2.044261368836741042e+02  9.763594625867419836e+02  1.000000000000000000e+05  1.000000000000000000e+05
623 8723 2.324189e-01 2.074842e+00  2.044261368836741042e+02  1.000000000000000000e+05  1.000000000000000000e+05  1.000000000000000000e+13
624 8737 2.227935e-01 2.076811e+00  2.044261368836741042e+02  1.000000000000000000e+05  1.000000000000000000e+05  1.000000000000000000e+13
625 8751 2.155544e-01 2.077199e+00  2.044261368836741042e+02  1.000000000000000000e+05  1.000000000000000000e+05  1.000000000000000000e+05
626 8765 2.899373e-01 2.077569e+00  2.044261368836741042e+02  1.000000000000000000e+05  1.000000000000000000e+05  1.000000000000000000e+13
627 8779 2.819260e-01 2.081840e+00  2.044261368836741042e+02  1.000000000000000000e+05  1.000000000000000000e+05  1.000000000000000000e+15
628 8793 2.698731e-01 2.082125e+00  2.044261368836741042e+02  1.000000000000000000e+05  1.000000000000000000e+05  1.000000000000000000e+05
629 8807 2.627124e-01 2.080413e+00  2.044261368836741042e+02  1.000000000000000000e+05  1.000000000000000000e+05  1.000000000000000000e+05
630 8821 2.556772e-01 2.085656e+00  2.044261368836741042e+02  1.000000000000000000e+05  1.000000000000000000e+05  1.000000000000000000e+05
631 8835 2.449158e-01 2.088442e+00  2.044261368836741042e+02  1.000000000000000000e+05  1.000000000000000000e+05  1.000000000000000000e+05
632 8849 2.400086e-01 2.094797e+00  2.044261368836741042e+02  1.000000000000000000e+05  1.000000000000000000e+05  1.000000000000000000e+05
633 8863 2.255531e-01 2.093114e+00  2.044261368836741042e+02  1.000000000000000000e+05  1.000000000000000000e+05  1.000000000000000000e+05
634 8877 2.141581e-01 2.094384e+00  2.044261368836741042e+02  1.000000000000000000e+05  1.000000000000000000e+05  1.000000000000000000e+05
635 8891 2.873989e-01 2.089944e+00  2.044261368836741042e+02  1.000000000000000000e+05  1.000000000000000000e+05  1.000000000000000000e+13
636 8905 2.841225e-01 2.090183e+00  2.044261368836741042e+02  1.000000000000000000e+05  1.000000000000000000e+05  1.000000000000000000e+05
637 8919 2.772806e-01 2.090624e+00  2.044261368836741042e+02  1.000000000000000000e+05  1.000000000000000000e+05  1.000000000000000000e+13
638 8933 2.713920e-01 2.087064e+00  2.044261368836741042e+02  1.000000000000000000e+05  1.000000000000000000e+05  1.000000000000000000e+15
639 8947 2.645616e-01 2.087073e+00  2.044261368836741042e+02  1.000000000000000000e+05  1.000000000000000000e+05  1.000000000000000000e+05
640 8961 2.598525e-01 2.085779e+00  2.044261368836741042e+02  1.000000000000000000e+05  1.000000000000000000e+05  1.000000000000000000e+13
641 8975 2.534771e-01 2.085587e+00  2.044261368836741042e+02  1.000000000000000000e+05  1.000000000000000000e+05  1.000000000000000000e+05
642 8989 2.423648e-01 2.083666e+00  2.044261368836741042e+02  1.000000000000000000e+05  1.000000000000000000e+05  1.000000000000000000e+05
643 9003 2.326973e-01 2.084214e+00  2.044261368836741042e+02  1.000000000000000000e+05  1.000000000000000000e+05  1.000000000000000000e+05
644 9017 2.250651e-01 2.083941e+00  2.044261368836741042e+02  1.000000000000000000e+05  1.000000000000000000e+05  1.000000000000000000e+05
645 9031 3.019281e-01 2.084723e+00  2.044261368836741042e+02  1.000000000000000000e+05  1.000000000000000000e+05  1.000000000000000000e+05
646 9045 2.905763e-01 2.087226e+00  2.044261368836741042e+02  1.000000000000000000e+05  1.000000000000000000e+05  1.000000000000000000e+05
647 9059 2.799347e-01 2.085957e+00  2.044261368836741042e+02  1.000000000000000000e+05  1.000000000000000000e+05  1.000000000000000000e+05
648 9073 2.691012e-01 2.085087e+00  2.044261368836741042e+02  1.000000000000000000e+05  1.000000000000000000e+05  1.000000000000000000e+05
649 9087 2.567844e-01 2.084249e+00  2.044261368836741042e+02  1.000000000000000000e+05  1.000000000000000000e+05  1.000000000000000000e+05
650 9101 2.473556e-01 2.094400e+00  2.044261368836741042e+02  1.000000000000000000e+05  1.000000000000000000e+05  1.000000000000000000e+11
651 9115 2.424336e-01 2.086736e+00  2.044261368836741042e+02  1.000000000000000000e+05  1.000000000000000000e+05  1.000000000000000000e+05
652 9129 2.375354e-01 2.086289e+00  2.044261368836741042e+02  1.000000000000000000e+05  1.000000000000000000e+05  1.000000000000000000e+05
653 9143 2.364492e-01 2.085454e+00  2.044261368836741042e+02  1.000000000000000000e+05  1.000000000000000000e+05  1.000000000000000000e+05
654 9157 2.378200e-01 2.090827e+00  2.044261368836741042e+02  1.000000000000000000e+05  1.000000000000000000e+05  1.000000000000000000e+11
655 9171 3.330393e-01 2.089059e+00  2.044261368836741042e+02  1.000000000000000000e+05  1.000000000000000000e+05  1.000000000000000000e+13
656 9185 3.326943e-01 2.091464e+00  2.044261368836741042e+02  1.000000000000000000e+05  1.000000000000000000e+05  1.000000000000000000e+13
657 9199 3.295884e-01 2.090692e+00  2.044261368836741042e+02  1.000000000000000000e+05  1.000000000000000000e+05  1.000000000000000000e+13
658 9213 3.243235e-01 2.093085e+00  2.044261368836741042e+02  1.000000000000000000e+05  1.000000000000000000e+05  1.000000000000000000e+05
659 9227 3.192259e-01 2.097179e+00  2.044261368836741042e+02  1.000000000000000000e+05  1.000000000000000000e+05  1.000000000000000000e+13
660 9241 3.132271e-01 2.097223e+00  2.044261368836741042e+02  1.000000000000000000e+05  1.000000000000000000e+05  1.000000000000000000e+13
661 9255 3.074532e-01 2.107507e+00  2.044261368836741042e+02  1.000000000000000000e+05  1.000000000000000000e+05  1.000000000000000000e+05
662 9269 2.977271e-01 2.108443e+00  2.044261368836741042e+02  1.000000000000000000e+05  1.000000000000000000e+05  1.000000000000000000e+05
663 9283 2.879792e-01 2.115031e+00  2.044261368836741042e+02  1.000000000000000000e+05  1.000000000000000000e+05  1.000000000000000000e+05
664 9297 2.773059e-01 2.115272e+00  2.044261368836741042e+02  1.000000000000000000e+05  1.000000000000000000e+05  1.000000000000000000e+05
665 9311 2.671868e-01 2.117766e+00  2.044261368836741042e+02  1.000000000000000000e+05  1.000000000000000000e+05  1.000000000000000000e+05
666 9325 2.589254e-01 2.120365e+00  2.044261368836741042e+02  1.000000000000000000e+05  1.000000000000000000e+05  1.000000000000000000e+05
667 9339 2.513877e-01 2.120198e+00  2.044261368836741042e+02  1.000000000000000000e+05  1.000000000000000000e+05  1.000000000000000000e+05
668 9353 2.419710e-01 2.120647e+00  2.044261368836741042e+02  1.000000000000000000e+05  1.000000000000000000e+05  1.000000000000000000e+05
669 9367 2.319765e-01 2.121504e+00  2.044261368836741042e+02  1.000000000000000000e+05  1.000000000000000000e+05  1.000000000000000000e+05
670 9381 2.239777e-01 2.119409e+00  2.044261368836741042e+02  1.000000000000000000e+05  1.000000000000000000e+05  1.000000000000000000e+05
671 9395 2.152436e-01 2.120052e+00  2.044261368836741042e+02  1.000000000000000000e+05  1.000000000000000000e+05  1.000000000000000000e+05
672 9409 2.075776e-01 2.120830e+00  2.044261368836741042e+02  1.000000000000000000e+05  1.000000000000000000e+05  1.000000000000000000e+05
673 9423 2.046584e-01 2.119351e+00  2.044261368836741042e+02  1.000000000000000000e+05  1.000000000000000000e+05  1.000000000000000000e+05
674 9437 2.023299e-01 2.120697e+00  2.044261368836741042e+02  1.000000000000000000e+05  1.000000000000000000e+05  1.000000000000000000e+05
675 9451 1.969566e-01 2.115005e+00  2.044261368836741042e+02  1.000000000000000000e+05  1.000000000000000000e+05  1.000000000000000000e+05
676 9465 2.695636e-01 2.114389e+00  2.044261368836741042e+02  1.000000000000000000e+05  1.000000000000000000e+05  1.000000000000000000e+05
677 9479 2.657931e-01 2.112980e+00  2.044261368836741042e+02  1.000000000000000000e+05  1.000000000000000000e+05  1.000000000000000000e+05
678 9493 2.618736e-01 2.117022e+00  2.044261368836741042e+02  1.000000000000000000e+05  1.000000000000000000e+05  1.000000000000000000e+05
679 9507 2.606771e-01 2.120617e+00  2.044261368836741042e+02  1.000000000000000000e+05  1.000000000000000000e+05  1.000000000000000000e+05
680 9521 2.572347e-01 2.118765e+00  2.044261368836741042e+02  1.000000000000000000e+05  1.000000000000000000e+05  1.000000000000000000e+05
681 9535 2.522532e-01 2.118174e+00  2.044261368836741042e+02  1.000000000000000000e+05  1.000000000000000000e+05  1.000000000000000000e+05
682 9549 2.448846e-01 2.125363e+00  2.044261368836741042e+02  1.000000000000000000e+05  1.000000000000000000e+05  1.000000000000000000e+05
683 9563 2.448059e-01 2.137872e+00  2.044261368836741042e+02  1.000000000000000000e+05  1.000000000000000000e+05  1.000000000000000000e+05
684 9577 2.406281e-01 2.141557e+00  2.044261368836741042e+02  1.000000000000000000e+05  1.000000000000000000e+05  1.000000000000000000e+05
685 9591 2.343707e-01 2.147613e+00  2.044261368836741042e+02  1.000000000000000000e+05  1.000000000000000000e+05  1.000000000000000000e+05
686 9605 2.294524e-01 2.145793e+00  2.044261368836741042e+02  1.000000000000000000e+05  1.000000000000000000e+05  1.000000000000000000e+05
687 9619 2.262334e-01 2.147544e+00  2.044261368836741042e+02  1.000000000000000000e+05  1.000000000000000000e+05  1.000000000000000000e+05
688 9633 2.207883e-01 2.148540e+00  2.044261368836741042e+02  1.000000000000000000e+05  1.000000000000000000e+05  1.000000000000000000e+05
689 9647 2.136212e-01 2.150158e+00  2.044261368836741042e+02  1.000000000000000000e+05  1.000000000000000000e+05  1.000000000000000000e+05
690 9661 2.044208e-01 2.149941e+00  2.044261368836741042e+02  1.000000000000000000e+05  1.000000000000000000e+05  1.000000000000000000e+05
691 9675 2.710668e-01 2.149068e+00  2.044261368836741042e+02  1.000000000000000000e+05  1.000000000000000000e+05  1.000000000000000000e+05
692 9689 2.632841e-01 2.145527e+00  2.044261368836741042e+02  1.000000000000000000e+05  1.000000000000000000e+05  1.000000000000000000e+05
693 9703 2.566919e-01 2.149781e+00  2.044261368836741042e+02  1.000000000000000000e+05  1.000000000000000000e+05  1.000000000000000000e+05
694 9717 2.537736e-01 2.149138e+00  2.044261368836741042e+02  1.000000000000000000e+05  1.000000000000000000e+05  1.000000000000000000e+05
695 9731 2.537191e-01 2.147534e+00  2.044261368836741042e+02  1.000000000000000000e+05  1.000000000000000000e+05  1.000000000000000000e+05
696 9745 2.538554e-01 2.146615e+00  2.044261368836741042e+02  1.000000000000000000e+05  1.000000000000000000e+05  1.000000000000000000e+05
697 9759 3.495780e-01 2.140581e+00  2.044261368836741042e+02  1.000000000000000000e+05  1.000000000000000000e+05  1.000000000000000000e+05
698 9773 3.451449e-01 2.138824e+00  2.044261368836741042e+02  1.000000000000000000e+05  1.000000000000000000e+05  1.000000000000000000e+11
699 9787 3.394838e-01 2.140214e+00  2.044261368836741042e+02  1.000000000000000000e+05  1.000000000000000000e+05  1.000000000000000000e+05
700 9801 3.326031e-01 2.140549e+00  2.044261368836741042e+02  1.000000000000000000e+05  1.000000000000000000e+05  1.000000000000000000e+05
701 9815 3.233962e-01 2.139495e+00  2.044261368836741042e+02  1.000000000000000000e+05  1.000000000000000000e+05  1.000000000000000000e+05
702 9829 3.145558e-01 2.144499e+00  2.044261368836741042e+02  1.000000000000000000e+05  1.000000000000000000e+05  1.000000000000000000e+13
703 9843 3.055637e-01 2.138711e+00  2.044261368836741042e+02  1.000000000000000000e+05  1.000000000000000000e+05  1.000000000000000000e+05
704 9857 2.982441e-01 2.139515e+00  2.044261368836741042e+02  1.000000000000000000e+05  1.000000000000000000e+05  1.000000000000000000e+05
705 9871 4.045722e-01 2.140007e+00  2.044261368836741042e+02  1.000000000000000000e+05  1.000000000000000000e+05  1.000000000000000000e+05
