%  columns="iteration, evaluation, sigma, axis ratio, bestever, best, median, worst fitness function value, further objective values of best" (startseed=210497, 2023/08/16 3:8:46.97)
1 15 2.836169e-01 1.027075e+00  1.000000000000000000e+05  1.000000000000000000e+05  1.000000000000000000e+11  1.000000000000000000e+11
2 29 2.695802e-01 1.033637e+00  1.000000000000000000e+05  1.000000000000000000e+05  5.000005000000000000e+10  1.000000000000000000e+11
3 43 2.563793e-01 1.037871e+00  1.000000000000000000e+05  1.000000000000000000e+05  1.000000000000000000e+05  1.000000000000000000e+11
4 57 2.465786e-01 1.041558e+00  1.000000000000000000e+05  1.000000000000000000e+05  1.000000000000000000e+05  1.000000000000000000e+11
5 71 2.358900e-01 1.045414e+00  1.000000000000000000e+05  1.000000000000000000e+05  1.000000000000000000e+05  1.000000000000000000e+05
6 85 2.246766e-01 1.052267e+00  1.000000000000000000e+05  1.000000000000000000e+05  1.000000000000000000e+05  1.000000000000000000e+11
7 99 2.150431e-01 1.065206e+00  1.000000000000000000e+05  1.000000000000000000e+05  1.000000000000000000e+05  1.000000000000000000e+11
8 113 2.079355e-01 1.068372e+00  1.000000000000000000e+05  1.000000000000000000e+05  1.000000000000000000e+05  1.000000000000000000e+11
9 127 2.040798e-01 1.078335e+00  1.000000000000000000e+05  1.000000000000000000e+05  1.000000000000000000e+05  1.000000000000000000e+11
10 141 1.994227e-01 1.086482e+00  1.000000000000000000e+05  1.000000000000000000e+05  1.000000000000000000e+05  1.000000000000000000e+11
11 155 1.947368e-01 1.095896e+00  1.000000000000000000e+05  1.000000000000000000e+05  1.000000000000000000e+05  1.000000000000000000e+18
12 169 1.869715e-01 1.106096e+00  1.000000000000000000e+05  1.000000000000000000e+05  1.000000000000000000e+05  1.000000000000000000e+15
13 183 1.798077e-01 1.108880e+00  1.000000000000000000e+05  1.000000000000000000e+05  1.000000000000000000e+05  1.000000000000000000e+11
14 197 1.759665e-01 1.109164e+00  1.000000000000000000e+05  1.000000000000000000e+05  1.000000000000000000e+05  1.000000000000000000e+15
15 211 1.701539e-01 1.112050e+00  1.000000000000000000e+05  1.000000000000000000e+05  1.000000000000000000e+05  1.000000000000000000e+15
16 225 1.661063e-01 1.114677e+00  1.000000000000000000e+05  1.000000000000000000e+05  1.000000000000000000e+05  1.000000000000000000e+18
17 239 2.250688e-01 1.117170e+00  1.000000000000000000e+05  1.000000000000000000e+05  1.000000000000000000e+05  1.000000000000000000e+05
18 253 2.195564e-01 1.118189e+00  1.000000000000000000e+05  1.000000000000000000e+05  1.000000000000000000e+05  1.000000000000000000e+05
19 267 2.114332e-01 1.119628e+00  1.000000000000000000e+05  1.000000000000000000e+05  1.000000000000000000e+05  1.000000000000000000e+11
20 281 2.025370e-01 1.120030e+00  1.000000000000000000e+05  1.000000000000000000e+05  1.000000000000000000e+05  1.000000000000000000e+11
21 295 1.934158e-01 1.120888e+00  1.000000000000000000e+05  1.000000000000000000e+05  1.000000000000000000e+05  1.000000000000000000e+05
22 309 1.864699e-01 1.128273e+00  1.000000000000000000e+05  1.000000000000000000e+05  1.000000000000000000e+05  1.000000000000000000e+11
23 323 1.797272e-01 1.129505e+00  1.000000000000000000e+05  1.000000000000000000e+05  1.000000000000000000e+05  1.000000000000000000e+05
24 337 1.731005e-01 1.132462e+00  1.000000000000000000e+05  1.000000000000000000e+05  1.000000000000000000e+05  1.000000000000000000e+11
25 351 1.677793e-01 1.134223e+00  1.000000000000000000e+05  1.000000000000000000e+05  1.000000000000000000e+05  1.000000000000000000e+11
26 365 1.608082e-01 1.137745e+00  1.000000000000000000e+05  1.000000000000000000e+05  1.000000000000000000e+05  1.000000000000000000e+18
27 379 2.160828e-01 1.142901e+00  1.000000000000000000e+05  1.000000000000000000e+05  1.000000000000000000e+05  1.000000000000000000e+05
28 393 2.076104e-01 1.146630e+00  1.000000000000000000e+05  1.000000000000000000e+05  1.000000000000000000e+05  1.000000000000000000e+11
29 407 2.013955e-01 1.148340e+00  1.000000000000000000e+05  1.000000000000000000e+05  1.000000000000000000e+05  1.000000000000000000e+16
30 421 1.970842e-01 1.149099e+00  1.000000000000000000e+05  1.000000000000000000e+05  1.000000000000000000e+05  1.000000000000000000e+13
31 435 1.920337e-01 1.150697e+00  1.000000000000000000e+05  1.000000000000000000e+05  1.000000000000000000e+05  1.000000000000000000e+18
32 449 1.860863e-01 1.151980e+00  1.000000000000000000e+05  1.000000000000000000e+05  1.000000000000000000e+05  1.000000000000000000e+11
33 463 1.815671e-01 1.154096e+00  1.000000000000000000e+05  1.000000000000000000e+05  1.000000000000000000e+05  1.000000000000000000e+05
34 477 1.733602e-01 1.159273e+00  1.000000000000000000e+05  1.000000000000000000e+05  1.000000000000000000e+05  1.000000000000000000e+05
35 491 2.326677e-01 1.160418e+00  1.000000000000000000e+05  1.000000000000000000e+05  1.000000000000000000e+05  1.000000000000000000e+05
36 505 2.222117e-01 1.163646e+00  1.000000000000000000e+05  1.000000000000000000e+05  1.000000000000000000e+05  1.000000000000000000e+13
37 519 2.124201e-01 1.164158e+00  1.000000000000000000e+05  1.000000000000000000e+05  1.000000000000000000e+05  1.000000000000000000e+05
38 533 2.051129e-01 1.166888e+00  1.000000000000000000e+05  1.000000000000000000e+05  1.000000000000000000e+05  1.000000000000000000e+11
39 547 1.981981e-01 1.167674e+00  1.000000000000000000e+05  1.000000000000000000e+05  1.000000000000000000e+05  1.000000000000000000e+13
40 561 1.927163e-01 1.172233e+00  6.618210203857689748e+02  6.618210203857689748e+02  1.000000000000000000e+05  1.000000000000000000e+13
41 575 1.851353e-01 1.174937e+00  3.114186698328460920e+02  3.114186698328460920e+02  1.000000000000000000e+05  1.000000000000000000e+18
42 589 1.796795e-01 1.176172e+00  3.114186698328460920e+02  1.000000000000000000e+05  1.000000000000000000e+05  1.000000000000000000e+11
43 603 1.773875e-01 1.182331e+00  3.114186698328460920e+02  1.000000000000000000e+05  1.000000000000000000e+05  1.000000000000000000e+11
44 617 1.752835e-01 1.185642e+00  3.114186698328460920e+02  1.000000000000000000e+05  1.000000000000000000e+05  1.000000000000000000e+05
45 631 1.717149e-01 1.190082e+00  3.114186698328460920e+02  1.000000000000000000e+05  1.000000000000000000e+05  1.000000000000000000e+05
46 645 1.689089e-01 1.192762e+00  3.114186698328460920e+02  1.000000000000000000e+05  1.000000000000000000e+05  1.000000000000000000e+05
47 659 1.620352e-01 1.197495e+00  3.114186698328460920e+02  1.000000000000000000e+05  1.000000000000000000e+05  1.000000000000000000e+05
48 673 1.581891e-01 1.200131e+00  3.114186698328460920e+02  1.000000000000000000e+05  1.000000000000000000e+05  1.000000000000000000e+05
49 687 1.520422e-01 1.202964e+00  3.114186698328460920e+02  1.000000000000000000e+05  1.000000000000000000e+05  1.000000000000000000e+11
50 701 1.484971e-01 1.204658e+00  3.114186698328460920e+02  1.000000000000000000e+05  1.000000000000000000e+05  1.000000000000000000e+05
51 715 1.468488e-01 1.207018e+00  3.114186698328460920e+02  1.000000000000000000e+05  1.000000000000000000e+05  1.000000000000000000e+05
52 729 1.420849e-01 1.209825e+00  3.114186698328460920e+02  1.000000000000000000e+05  1.000000000000000000e+05  1.000000000000000000e+11
53 743 1.910845e-01 1.210571e+00  3.114186698328460920e+02  1.000000000000000000e+05  1.000000000000000000e+05  1.000000000000000000e+05
54 757 1.822771e-01 1.213761e+00  3.114186698328460920e+02  1.000000000000000000e+05  1.000000000000000000e+05  1.000000000000000000e+11
55 771 1.749013e-01 1.216738e+00  3.114186698328460920e+02  1.000000000000000000e+05  1.000000000000000000e+05  1.000000000000000000e+11
56 785 1.695304e-01 1.217825e+00  3.114186698328460920e+02  1.000000000000000000e+05  1.000000000000000000e+05  1.000000000000000000e+13
57 799 1.641758e-01 1.220626e+00  3.114186698328460920e+02  1.000000000000000000e+05  1.000000000000000000e+05  1.000000000000000000e+05
58 813 1.610137e-01 1.227126e+00  3.114186698328460920e+02  1.000000000000000000e+05  1.000000000000000000e+05  1.000000000000000000e+05
59 827 2.178394e-01 1.232223e+00  3.114186698328460920e+02  1.000000000000000000e+05  1.000000000000000000e+05  1.000000000000000000e+05
60 841 2.104418e-01 1.234124e+00  3.114186698328460920e+02  1.000000000000000000e+05  1.000000000000000000e+05  1.000000000000000000e+11
61 855 2.062658e-01 1.234901e+00  3.114186698328460920e+02  1.000000000000000000e+05  1.000000000000000000e+05  1.000000000000000000e+11
62 869 1.985630e-01 1.236737e+00  3.114186698328460920e+02  1.000000000000000000e+05  1.000000000000000000e+05  1.000000000000000000e+11
63 883 1.930790e-01 1.237781e+00  3.114186698328460920e+02  1.000000000000000000e+05  1.000000000000000000e+05  1.000000000000000000e+05
64 897 1.881889e-01 1.239376e+00  3.114186698328460920e+02  1.000000000000000000e+05  1.000000000000000000e+05  1.000000000000000000e+05
65 911 1.817599e-01 1.241247e+00  3.114186698328460920e+02  1.000000000000000000e+05  1.000000000000000000e+05  1.000000000000000000e+05
66 925 1.754282e-01 1.241561e+00  3.114186698328460920e+02  1.000000000000000000e+05  1.000000000000000000e+05  1.000000000000000000e+05
67 939 1.685153e-01 1.243667e+00  3.114186698328460920e+02  1.000000000000000000e+05  1.000000000000000000e+05  1.000000000000000000e+15
68 953 1.613127e-01 1.244386e+00  3.114186698328460920e+02  1.000000000000000000e+05  1.000000000000000000e+05  1.000000000000000000e+13
69 967 2.154443e-01 1.242906e+00  3.114186698328460920e+02  1.000000000000000000e+05  1.000000000000000000e+05  1.000000000000000000e+05
70 981 2.061454e-01 1.244519e+00  3.114186698328460920e+02  1.000000000000000000e+05  1.000000000000000000e+05  1.000000000000000000e+05
71 995 1.989060e-01 1.245971e+00  3.114186698328460920e+02  1.000000000000000000e+05  1.000000000000000000e+05  1.000000000000000000e+11
72 1009 1.935748e-01 1.246132e+00  3.114186698328460920e+02  1.000000000000000000e+05  1.000000000000000000e+05  1.000000000000000000e+11
73 1023 1.873491e-01 1.248573e+00  3.114186698328460920e+02  1.000000000000000000e+05  1.000000000000000000e+05  1.000000000000000000e+05
74 1037 1.807694e-01 1.250525e+00  3.114186698328460920e+02  1.536997534975541839e+03  1.000000000000000000e+05  1.000000000000000000e+11
75 1051 1.734035e-01 1.256143e+00  3.114186698328460920e+02  1.000000000000000000e+05  1.000000000000000000e+05  1.000000000000000000e+05
76 1065 1.667994e-01 1.256268e+00  3.114186698328460920e+02  1.000000000000000000e+05  1.000000000000000000e+05  1.000000000000000000e+11
77 1079 2.288018e-01 1.256750e+00  3.114186698328460920e+02  1.000000000000000000e+05  1.000000000000000000e+05  1.000000000000000000e+15
78 1093 2.253127e-01 1.259065e+00  3.114186698328460920e+02  1.000000000000000000e+05  1.000000000000000000e+05  1.000000000000000000e+13
79 1107 2.193084e-01 1.260758e+00  3.114186698328460920e+02  1.000000000000000000e+05  1.000000000000000000e+05  1.000000000000000000e+05
80 1121 2.153426e-01 1.260282e+00  3.114186698328460920e+02  1.000000000000000000e+05  1.000000000000000000e+05  1.000000000000000000e+05
81 1135 2.109743e-01 1.258928e+00  3.114186698328460920e+02  1.000000000000000000e+05  1.000000000000000000e+05  1.000000000000000000e+05
82 1149 2.052542e-01 1.263118e+00  3.114186698328460920e+02  1.000000000000000000e+05  1.000000000000000000e+05  1.000000000000000000e+05
83 1163 1.979511e-01 1.266480e+00  3.114186698328460920e+02  1.000000000000000000e+05  1.000000000000000000e+05  1.000000000000000000e+05
84 1177 1.894202e-01 1.268045e+00  3.114186698328460920e+02  1.000000000000000000e+05  1.000000000000000000e+05  1.000000000000000000e+15
85 1191 1.814249e-01 1.270709e+00  3.114186698328460920e+02  1.000000000000000000e+05  1.000000000000000000e+05  1.000000000000000000e+05
86 1205 1.734634e-01 1.272349e+00  3.114186698328460920e+02  1.000000000000000000e+05  1.000000000000000000e+05  1.000000000000000000e+05
87 1219 1.663243e-01 1.273842e+00  3.114186698328460920e+02  1.000000000000000000e+05  1.000000000000000000e+05  1.000000000000000000e+18
88 1233 1.623716e-01 1.274757e+00  3.114186698328460920e+02  1.000000000000000000e+05  1.000000000000000000e+05  1.000000000000000000e+15
89 1247 1.595546e-01 1.279394e+00  3.114186698328460920e+02  1.000000000000000000e+05  1.000000000000000000e+05  1.000000000000000000e+05
90 1261 1.577455e-01 1.278656e+00  3.114186698328460920e+02  1.000000000000000000e+05  1.000000000000000000e+05  1.000000000000000000e+05
91 1275 1.543110e-01 1.278639e+00  3.114186698328460920e+02  1.000000000000000000e+05  1.000000000000000000e+05  1.000000000000000000e+05
92 1289 1.490929e-01 1.279841e+00  3.114186698328460920e+02  1.000000000000000000e+05  1.000000000000000000e+05  1.000000000000000000e+05
93 1303 2.007274e-01 1.278384e+00  3.114186698328460920e+02  1.000000000000000000e+05  1.000000000000000000e+05  1.000000000000000000e+05
94 1317 1.959276e-01 1.279042e+00  3.114186698328460920e+02  1.000000000000000000e+05  1.000000000000000000e+05  1.000000000000000000e+05
95 1331 1.902957e-01 1.279580e+00  3.114186698328460920e+02  1.000000000000000000e+05  1.000000000000000000e+05  1.000000000000000000e+18
96 1345 1.836897e-01 1.280988e+00  3.114186698328460920e+02  1.000000000000000000e+05  1.000000000000000000e+05  1.000000000000000000e+05
97 1359 1.795608e-01 1.281732e+00  3.114186698328460920e+02  1.000000000000000000e+05  1.000000000000000000e+05  1.000000000000000000e+18
98 1373 1.781355e-01 1.285283e+00  3.114186698328460920e+02  1.000000000000000000e+05  1.000000000000000000e+05  1.000000000000000000e+15
99 1387 1.770710e-01 1.290558e+00  3.114186698328460920e+02  1.000000000000000000e+05  1.000000000000000000e+05  1.000000000000000000e+05
100 1401 1.755045e-01 1.296118e+00  3.114186698328460920e+02  1.000000000000000000e+05  1.000000000000000000e+05  1.000000000000000000e+15
101 1415 1.711492e-01 1.300978e+00  3.114186698328460920e+02  1.000000000000000000e+05  1.000000000000000000e+05  1.000000000000000000e+05
102 1429 1.658469e-01 1.302282e+00  3.114186698328460920e+02  1.000000000000000000e+05  1.000000000000000000e+05  1.000000000000000000e+05
103 1443 2.259891e-01 1.303257e+00  3.114186698328460920e+02  1.000000000000000000e+05  1.000000000000000000e+05  1.000000000000000000e+05
104 1457 2.232543e-01 1.303937e+00  3.114186698328460920e+02  1.000000000000000000e+05  1.000000000000000000e+05  1.000000000000000000e+11
105 1471 2.200643e-01 1.299634e+00  3.114186698328460920e+02  1.000000000000000000e+05  1.000000000000000000e+05  1.000000000000000000e+11
106 1485 2.130811e-01 1.304451e+00  3.114186698328460920e+02  1.000000000000000000e+05  1.000000000000000000e+05  1.000000000000000000e+05
107 1499 2.040845e-01 1.303896e+00  3.114186698328460920e+02  1.000000000000000000e+05  1.000000000000000000e+05  1.000000000000000000e+11
108 1513 1.960659e-01 1.306231e+00  3.114186698328460920e+02  1.000000000000000000e+05  1.000000000000000000e+05  1.000000000000000000e+15
109 1527 1.879063e-01 1.305646e+00  3.114186698328460920e+02  1.000000000000000000e+05  1.000000000000000000e+05  1.000000000000000000e+13
110 1541 1.804174e-01 1.305755e+00  3.114186698328460920e+02  1.000000000000000000e+05  1.000000000000000000e+05  1.000000000000000000e+05
111 1555 1.748624e-01 1.304339e+00  3.114186698328460920e+02  1.000000000000000000e+05  1.000000000000000000e+05  1.000000000000000000e+05
112 1569 1.726452e-01 1.309105e+00  3.114186698328460920e+02  1.000000000000000000e+05  1.000000000000000000e+05  1.000000000000000000e+05
113 1583 1.671547e-01 1.311487e+00  3.114186698328460920e+02  1.000000000000000000e+05  1.000000000000000000e+05  1.000000000000000000e+05
114 1597 1.619905e-01 1.311401e+00  3.114186698328460920e+02  1.000000000000000000e+05  1.000000000000000000e+05  1.000000000000000000e+05
115 1611 1.573179e-01 1.313692e+00  3.114186698328460920e+02  1.000000000000000000e+05  1.000000000000000000e+05  1.000000000000000000e+05
116 1625 1.493065e-01 1.316895e+00  3.114186698328460920e+02  1.000000000000000000e+05  1.000000000000000000e+05  1.000000000000000000e+05
117 1639 2.031954e-01 1.315106e+00  3.114186698328460920e+02  1.000000000000000000e+05  1.000000000000000000e+05  1.000000000000000000e+05
118 1653 1.973172e-01 1.314757e+00  3.114186698328460920e+02  1.000000000000000000e+05  1.000000000000000000e+05  1.000000000000000000e+11
119 1667 1.937124e-01 1.318226e+00  3.114186698328460920e+02  1.000000000000000000e+05  1.000000000000000000e+05  1.000000000000000000e+05
120 1681 1.875296e-01 1.319001e+00  3.114186698328460920e+02  1.000000000000000000e+05  1.000000000000000000e+05  1.000000000000000000e+05
121 1695 1.814500e-01 1.318743e+00  3.114186698328460920e+02  1.000000000000000000e+05  1.000000000000000000e+05  1.000000000000000000e+11
122 1709 2.467616e-01 1.320267e+00  3.114186698328460920e+02  1.000000000000000000e+05  1.000000000000000000e+05  1.000000000000000000e+05
123 1723 2.395085e-01 1.320752e+00  3.114186698328460920e+02  1.000000000000000000e+05  1.000000000000000000e+05  1.000000000000000000e+15
124 1737 2.325217e-01 1.315025e+00  3.114186698328460920e+02  1.000000000000000000e+05  1.000000000000000000e+05  1.000000000000000000e+15
125 1751 2.255048e-01 1.315886e+00  3.114186698328460920e+02  1.000000000000000000e+05  1.000000000000000000e+05  1.000000000000000000e+05
126 1765 2.191927e-01 1.315066e+00  3.114186698328460920e+02  1.000000000000000000e+05  1.000000000000000000e+05  1.000000000000000000e+05
127 1779 2.123585e-01 1.314577e+00  3.114186698328460920e+02  1.000000000000000000e+05  1.000000000000000000e+05  1.000000000000000000e+18
128 1793 2.053495e-01 1.313470e+00  3.114186698328460920e+02  1.000000000000000000e+05  1.000000000000000000e+05  1.000000000000000000e+18
129 1807 1.978024e-01 1.316121e+00  3.114186698328460920e+02  1.000000000000000000e+05  1.000000000000000000e+05  1.000000000000000000e+15
130 1821 1.888076e-01 1.317373e+00  3.114186698328460920e+02  1.000000000000000000e+05  1.000000000000000000e+05  1.000000000000000000e+18
131 1835 1.820355e-01 1.317445e+00  3.114186698328460920e+02  1.000000000000000000e+05  1.000000000000000000e+05  1.000000000000000000e+05
132 1849 1.767972e-01 1.319702e+00  3.114186698328460920e+02  1.000000000000000000e+05  1.000000000000000000e+05  1.000000000000000000e+05
133 1863 1.737740e-01 1.322252e+00  3.114186698328460920e+02  3.696087922777004451e+02  1.000000000000000000e+05  1.000000000000000000e+18
134 1877 1.671275e-01 1.323834e+00  3.114186698328460920e+02  1.000000000000000000e+05  1.000000000000000000e+05  1.000000000000000000e+18
135 1891 2.242424e-01 1.325574e+00  3.114186698328460920e+02  1.000000000000000000e+05  1.000000000000000000e+05  1.000000000000000000e+13
136 1905 2.173856e-01 1.328608e+00  3.114186698328460920e+02  2.058665867154567422e+03  1.000000000000000000e+05  1.000000000000000000e+13
137 1919 2.067843e-01 1.330765e+00  3.114186698328460920e+02  1.000000000000000000e+05  1.000000000000000000e+05  1.000000000000000000e+13
138 1933 1.952460e-01 1.327303e+00  3.114186698328460920e+02  1.000000000000000000e+05  1.000000000000000000e+05  1.000000000000000000e+05
139 1947 1.838792e-01 1.328026e+00  3.114186698328460920e+02  1.000000000000000000e+05  1.000000000000000000e+05  1.000000000000000000e+13
140 1961 1.738242e-01 1.329072e+00  3.114186698328460920e+02  1.000000000000000000e+05  1.000000000000000000e+05  1.000000000000000000e+05
141 1975 2.317424e-01 1.331778e+00  3.114186698328460920e+02  1.000000000000000000e+05  1.000000000000000000e+05  1.000000000000000000e+05
142 1989 2.247075e-01 1.330435e+00  3.114186698328460920e+02  1.000000000000000000e+05  1.000000000000000000e+05  1.000000000000000000e+05
143 2003 2.181234e-01 1.327517e+00  3.114186698328460920e+02  1.000000000000000000e+05  1.000000000000000000e+05  1.000000000000000000e+05
144 2017 2.118353e-01 1.329790e+00  3.114186698328460920e+02  1.000000000000000000e+05  1.000000000000000000e+05  1.000000000000000000e+05
145 2031 2.074430e-01 1.329412e+00  3.114186698328460920e+02  1.000000000000000000e+05  1.000000000000000000e+05  1.000000000000000000e+05
146 2045 2.011178e-01 1.328890e+00  3.114186698328460920e+02  1.000000000000000000e+05  1.000000000000000000e+05  1.000000000000000000e+05
147 2059 1.963149e-01 1.329897e+00  3.114186698328460920e+02  1.000000000000000000e+05  1.000000000000000000e+05  1.000000000000000000e+05
148 2073 1.902286e-01 1.337019e+00  3.114186698328460920e+02  1.000000000000000000e+05  1.000000000000000000e+05  1.000000000000000000e+05
149 2087 1.812785e-01 1.339352e+00  3.114186698328460920e+02  1.000000000000000000e+05  1.000000000000000000e+05  1.000000000000000000e+05
150 2101 1.751498e-01 1.345590e+00  3.114186698328460920e+02  1.000000000000000000e+05  1.000000000000000000e+05  1.000000000000000000e+05
151 2115 2.337821e-01 1.347001e+00  3.114186698328460920e+02  1.000000000000000000e+05  1.000000000000000000e+05  1.000000000000000000e+05
152 2129 2.232422e-01 1.350030e+00  3.114186698328460920e+02  1.000000000000000000e+05  1.000000000000000000e+05  1.000000000000000000e+05
153 2143 2.116905e-01 1.350157e+00  3.114186698328460920e+02  1.000000000000000000e+05  1.000000000000000000e+05  1.000000000000000000e+05
154 2157 2.007604e-01 1.348744e+00  3.114186698328460920e+02  1.000000000000000000e+05  1.000000000000000000e+05  1.000000000000000000e+13
155 2171 1.953041e-01 1.348802e+00  3.114186698328460920e+02  1.000000000000000000e+05  1.000000000000000000e+05  1.000000000000000000e+13
156 2185 1.890870e-01 1.350651e+00  3.114186698328460920e+02  1.000000000000000000e+05  1.000000000000000000e+05  1.000000000000000000e+05
157 2199 1.838548e-01 1.349619e+00  3.114186698328460920e+02  1.000000000000000000e+05  1.000000000000000000e+05  1.000000000000000000e+05
158 2213 1.834467e-01 1.351499e+00  3.114186698328460920e+02  1.000000000000000000e+05  1.000000000000000000e+05  1.000000000000000000e+18
159 2227 1.808550e-01 1.353132e+00  3.114186698328460920e+02  1.000000000000000000e+05  1.000000000000000000e+05  1.000000000000000000e+05
160 2241 1.772684e-01 1.357191e+00  3.114186698328460920e+02  1.000000000000000000e+05  1.000000000000000000e+05  1.000000000000000000e+05
161 2255 1.720769e-01 1.360681e+00  3.114186698328460920e+02  1.000000000000000000e+05  1.000000000000000000e+05  1.000000000000000000e+05
162 2269 1.641879e-01 1.360532e+00  3.114186698328460920e+02  1.000000000000000000e+05  1.000000000000000000e+05  1.000000000000000000e+05
163 2283 1.585982e-01 1.360496e+00  3.114186698328460920e+02  1.000000000000000000e+05  1.000000000000000000e+05  1.000000000000000000e+05
164 2297 2.175391e-01 1.358480e+00  3.114186698328460920e+02  1.000000000000000000e+05  1.000000000000000000e+05  1.000000000000000000e+05
165 2311 2.151674e-01 1.355530e+00  3.114186698328460920e+02  1.000000000000000000e+05  1.000000000000000000e+05  1.000000000000000000e+05
166 2325 2.081255e-01 1.354320e+00  3.114186698328460920e+02  1.000000000000000000e+05  1.000000000000000000e+05  1.000000000000000000e+05
167 2339 2.007459e-01 1.353753e+00  3.114186698328460920e+02  1.000000000000000000e+05  1.000000000000000000e+05  1.000000000000000000e+05
168 2353 1.934817e-01 1.355470e+00  3.114186698328460920e+02  1.000000000000000000e+05  1.000000000000000000e+05  1.000000000000000000e+15
169 2367 1.857341e-01 1.357285e+00  3.114186698328460920e+02  1.000000000000000000e+05  1.000000000000000000e+05  1.000000000000000000e+05
170 2381 1.783329e-01 1.362666e+00  3.114186698328460920e+02  1.000000000000000000e+05  1.000000000000000000e+05  1.000000000000000000e+05
171 2395 1.749842e-01 1.361548e+00  3.114186698328460920e+02  1.000000000000000000e+05  1.000000000000000000e+05  1.000000000000000000e+13
172 2409 1.714478e-01 1.362596e+00  3.114186698328460920e+02  1.000000000000000000e+05  1.000000000000000000e+05  1.000000000000000000e+13
173 2423 1.679996e-01 1.364187e+00  3.114186698328460920e+02  1.000000000000000000e+05  1.000000000000000000e+05  1.000000000000000000e+05
174 2437 1.653117e-01 1.364493e+00  3.114186698328460920e+02  1.000000000000000000e+05  1.000000000000000000e+05  1.000000000000000000e+13
175 2451 1.598673e-01 1.363862e+00  3.114186698328460920e+02  1.000000000000000000e+05  1.000000000000000000e+05  1.000000000000000000e+05
176 2465 1.542824e-01 1.364935e+00  3.114186698328460920e+02  1.000000000000000000e+05  1.000000000000000000e+05  1.000000000000000000e+05
177 2479 1.499216e-01 1.368503e+00  3.114186698328460920e+02  1.000000000000000000e+05  1.000000000000000000e+05  1.000000000000000000e+05
178 2493 2.011041e-01 1.368895e+00  3.114186698328460920e+02  1.000000000000000000e+05  1.000000000000000000e+05  1.000000000000000000e+05
179 2507 1.938291e-01 1.369577e+00  3.114186698328460920e+02  1.000000000000000000e+05  5.000005000000000000e+10  1.000000000000000000e+18
180 2521 1.848428e-01 1.370953e+00  3.114186698328460920e+02  1.000000000000000000e+05  1.000000000000000000e+05  1.000000000000000000e+18
181 2535 2.453104e-01 1.373121e+00  3.114186698328460920e+02  1.000000000000000000e+05  1.000000000000000000e+05  1.000000000000000000e+15
182 2549 2.306628e-01 1.373593e+00  3.114186698328460920e+02  1.000000000000000000e+05  1.000000000000000000e+05  1.000000000000000000e+18
183 2563 2.200591e-01 1.374783e+00  3.114186698328460920e+02  1.000000000000000000e+05  1.000000000000000000e+05  1.000000000000000000e+15
184 2577 2.093481e-01 1.376492e+00  3.114186698328460920e+02  1.000000000000000000e+05  1.000000000000000000e+05  1.000000000000000000e+13
185 2591 2.021301e-01 1.379461e+00  3.114186698328460920e+02  3.411214391046067931e+02  1.000000000000000000e+05  1.000000000000000000e+13
186 2605 1.944778e-01 1.380865e+00  3.114186698328460920e+02  1.000000000000000000e+05  1.000000000000000000e+05  1.000000000000000000e+15
187 2619 1.843826e-01 1.384253e+00  3.114186698328460920e+02  1.000000000000000000e+05  1.000000000000000000e+05  1.000000000000000000e+05
188 2633 1.777548e-01 1.387096e+00  3.114186698328460920e+02  1.000000000000000000e+05  1.000000000000000000e+05  1.000000000000000000e+05
189 2647 1.729395e-01 1.386903e+00  3.114186698328460920e+02  1.000000000000000000e+05  1.000000000000000000e+05  1.000000000000000000e+05
190 2661 2.351749e-01 1.388734e+00  3.114186698328460920e+02  1.000000000000000000e+05  1.000000000000000000e+05  1.000000000000000000e+05
191 2675 2.295460e-01 1.387536e+00  3.114186698328460920e+02  1.000000000000000000e+05  1.000000000000000000e+05  1.000000000000000000e+05
192 2689 2.273713e-01 1.387282e+00  3.114186698328460920e+02  1.000000000000000000e+05  1.000000000000000000e+05  1.000000000000000000e+05
193 2703 2.240503e-01 1.385865e+00  3.114186698328460920e+02  1.000000000000000000e+05  1.000000000000000000e+05  1.000000000000000000e+05
194 2717 2.192103e-01 1.384863e+00  3.114186698328460920e+02  1.000000000000000000e+05  1.000000000000000000e+05  1.000000000000000000e+05
195 2731 2.121519e-01 1.388812e+00  3.114186698328460920e+02  1.000000000000000000e+05  1.000000000000000000e+05  1.000000000000000000e+13
196 2745 2.024341e-01 1.395055e+00  3.114186698328460920e+02  1.000000000000000000e+05  1.000000000000000000e+05  1.000000000000000000e+13
197 2759 1.938127e-01 1.395192e+00  3.114186698328460920e+02  1.000000000000000000e+05  1.000000000000000000e+05  1.000000000000000000e+13
198 2773 1.860566e-01 1.396473e+00  3.114186698328460920e+02  1.000000000000000000e+05  1.000000000000000000e+05  1.000000000000000000e+05
199 2787 2.524145e-01 1.401770e+00  3.114186698328460920e+02  1.000000000000000000e+05  1.000000000000000000e+05  1.000000000000000000e+05
200 2801 2.501278e-01 1.400385e+00  3.114186698328460920e+02  1.000000000000000000e+05  1.000000000000000000e+05  1.000000000000000000e+05
201 2815 2.433714e-01 1.405168e+00  3.114186698328460920e+02  1.000000000000000000e+05  1.000000000000000000e+05  1.000000000000000000e+13
202 2829 2.337738e-01 1.405834e+00  3.114186698328460920e+02  1.000000000000000000e+05  1.000000000000000000e+05  1.000000000000000000e+13
203 2843 2.242494e-01 1.404552e+00  3.114186698328460920e+02  1.000000000000000000e+05  1.000000000000000000e+05  1.000000000000000000e+05
204 2857 2.143610e-01 1.406264e+00  3.114186698328460920e+02  1.000000000000000000e+05  1.000000000000000000e+05  1.000000000000000000e+17
205 2871 2.059274e-01 1.408826e+00  3.114186698328460920e+02  1.000000000000000000e+05  1.000000000000000000e+05  1.000000000000000000e+05
206 2885 1.999168e-01 1.407707e+00  3.114186698328460920e+02  1.000000000000000000e+05  1.000000000000000000e+05  1.000000000000000000e+15
207 2899 1.933825e-01 1.410139e+00  3.114186698328460920e+02  1.000000000000000000e+05  1.000000000000000000e+05  1.000000000000000000e+13
208 2913 1.902968e-01 1.408277e+00  3.114186698328460920e+02  1.000000000000000000e+05  1.000000000000000000e+05  1.000000000000000000e+05
209 2927 1.848213e-01 1.411167e+00  3.114186698328460920e+02  1.000000000000000000e+05  1.000000000000000000e+05  1.000000000000000000e+11
210 2941 2.511915e-01 1.410861e+00  3.114186698328460920e+02  1.000000000000000000e+05  1.000000000000000000e+05  1.000000000000000000e+05
211 2955 2.412149e-01 1.421947e+00  3.114186698328460920e+02  1.000000000000000000e+05  1.000000000000000000e+05  1.000000000000000000e+16
212 2969 2.314433e-01 1.418501e+00  3.114186698328460920e+02  1.000000000000000000e+05  1.000000000000000000e+05  1.000000000000000000e+15
213 2983 2.203485e-01 1.417717e+00  3.114186698328460920e+02  1.000000000000000000e+05  1.000000000000000000e+05  1.000000000000000000e+05
214 2997 2.930056e-01 1.420762e+00  3.114186698328460920e+02  1.000000000000000000e+05  1.000000000000000000e+05  1.000000000000000000e+05
215 3011 2.802101e-01 1.420540e+00  3.114186698328460920e+02  1.000000000000000000e+05  1.000000000000000000e+05  1.000000000000000000e+05
216 3025 2.685768e-01 1.422632e+00  3.114186698328460920e+02  1.000000000000000000e+05  1.000000000000000000e+05  1.000000000000000000e+11
217 3039 2.596089e-01 1.422278e+00  3.114186698328460920e+02  1.000000000000000000e+05  1.000000000000000000e+05  1.000000000000000000e+13
218 3053 2.467354e-01 1.423394e+00  3.114186698328460920e+02  1.000000000000000000e+05  1.000000000000000000e+05  1.000000000000000000e+13
219 3067 2.364083e-01 1.422652e+00  3.114186698328460920e+02  1.000000000000000000e+05  1.000000000000000000e+05  1.000000000000000000e+11
220 3081 2.280258e-01 1.419522e+00  3.114186698328460920e+02  1.000000000000000000e+05  1.000000000000000000e+05  1.000000000000000000e+05
221 3095 2.178455e-01 1.419932e+00  3.114186698328460920e+02  1.000000000000000000e+05  1.000000000000000000e+05  1.000000000000000000e+11
222 3109 2.101137e-01 1.421002e+00  3.114186698328460920e+02  1.000000000000000000e+05  1.000000000000000000e+05  1.000000000000000000e+05
223 3123 2.019661e-01 1.421541e+00  3.114186698328460920e+02  1.000000000000000000e+05  1.000000000000000000e+05  1.000000000000000000e+05
224 3137 1.967809e-01 1.422996e+00  3.114186698328460920e+02  1.000000000000000000e+05  1.000000000000000000e+05  1.000000000000000000e+05
225 3151 1.908720e-01 1.422859e+00  3.114186698328460920e+02  1.000000000000000000e+05  1.000000000000000000e+05  1.000000000000000000e+13
226 3165 2.558725e-01 1.422066e+00  3.114186698328460920e+02  1.000000000000000000e+05  1.000000000000000000e+05  1.000000000000000000e+11
227 3179 2.468640e-01 1.424217e+00  3.114186698328460920e+02  1.000000000000000000e+05  1.000000000000000000e+05  1.000000000000000000e+11
228 3193 2.377251e-01 1.424267e+00  3.114186698328460920e+02  1.000000000000000000e+05  1.000000000000000000e+05  1.000000000000000000e+05
229 3207 2.305805e-01 1.423180e+00  3.114186698328460920e+02  1.000000000000000000e+05  1.000000000000000000e+05  1.000000000000000000e+11
230 3221 2.241201e-01 1.425848e+00  3.114186698328460920e+02  1.000000000000000000e+05  1.000000000000000000e+05  1.000000000000000000e+05
231 3235 2.177862e-01 1.426786e+00  3.114186698328460920e+02  4.839585139418775270e+02  1.000000000000000000e+05  1.000000000000000000e+11
232 3249 2.150719e-01 1.430841e+00  3.114186698328460920e+02  1.000000000000000000e+05  1.000000000000000000e+05  1.000000000000000000e+11
233 3263 2.116114e-01 1.423842e+00  3.114186698328460920e+02  1.000000000000000000e+05  5.000005000000000000e+10  1.000000000000000000e+11
234 3277 2.041701e-01 1.423557e+00  3.114186698328460920e+02  1.524704625433691035e+03  1.000000000000000000e+05  1.000000000000000000e+11
235 3291 1.951601e-01 1.425935e+00  3.114186698328460920e+02  1.000000000000000000e+05  1.000000000000000000e+05  1.000000000000000000e+11
236 3305 1.844286e-01 1.426646e+00  3.114186698328460920e+02  1.000000000000000000e+05  1.000000000000000000e+05  1.000000000000000000e+18
237 3319 1.779206e-01 1.426238e+00  3.114186698328460920e+02  1.000000000000000000e+05  1.000000000000000000e+05  1.000000000000000000e+11
238 3333 1.702768e-01 1.423191e+00  3.114186698328460920e+02  1.000000000000000000e+05  1.000000000000000000e+05  1.000000000000000000e+11
239 3347 2.269813e-01 1.424566e+00  3.114186698328460920e+02  1.000000000000000000e+05  1.000000000000000000e+05  1.000000000000000000e+05
240 3361 2.169638e-01 1.424517e+00  3.114186698328460920e+02  1.000000000000000000e+05  1.000000000000000000e+05  1.000000000000000000e+05
241 3375 2.069818e-01 1.422212e+00  3.114186698328460920e+02  1.000000000000000000e+05  1.000000000000000000e+05  1.000000000000000000e+11
242 3389 1.995292e-01 1.428040e+00  3.114186698328460920e+02  1.000000000000000000e+05  1.000000000000000000e+05  1.000000000000000000e+11
243 3403 1.911580e-01 1.428921e+00  3.114186698328460920e+02  1.000000000000000000e+05  1.000000000000000000e+05  1.000000000000000000e+05
244 3417 1.856190e-01 1.431304e+00  3.114186698328460920e+02  1.000000000000000000e+05  1.000000000000000000e+05  1.000000000000000000e+05
245 3431 1.831647e-01 1.440598e+00  3.114186698328460920e+02  1.000000000000000000e+05  1.000000000000000000e+05  1.000000000000000000e+11
246 3445 1.781571e-01 1.446704e+00  3.114186698328460920e+02  1.000000000000000000e+05  1.000000000000000000e+05  1.000000000000000000e+11
247 3459 1.707231e-01 1.447634e+00  3.114186698328460920e+02  1.000000000000000000e+05  1.000000000000000000e+05  1.000000000000000000e+15
248 3473 1.662696e-01 1.452022e+00  3.114186698328460920e+02  1.000000000000000000e+05  1.000000000000000000e+05  1.000000000000000000e+05
249 3487 1.616469e-01 1.455262e+00  3.114186698328460920e+02  1.000000000000000000e+05  1.000000000000000000e+05  1.000000000000000000e+11
250 3501 1.587644e-01 1.457725e+00  3.114186698328460920e+02  1.000000000000000000e+05  1.000000000000000000e+05  1.000000000000000000e+05
251 3515 2.153739e-01 1.453791e+00  3.114186698328460920e+02  1.000000000000000000e+05  1.000000000000000000e+05  1.000000000000000000e+05
252 3529 2.115123e-01 1.453801e+00  3.114186698328460920e+02  1.000000000000000000e+05  1.000000000000000000e+05  1.000000000000000000e+05
253 3543 2.060931e-01 1.455829e+00  3.114186698328460920e+02  1.000000000000000000e+05  1.000000000000000000e+05  1.000000000000000000e+11
254 3557 1.991866e-01 1.458106e+00  3.114186698328460920e+02  1.000000000000000000e+05  1.000000000000000000e+05  1.000000000000000000e+05
255 3571 2.690595e-01 1.458673e+00  3.114186698328460920e+02  1.000000000000000000e+05  1.000000000000000000e+05  1.000000000000000000e+05
256 3585 2.615280e-01 1.460112e+00  3.114186698328460920e+02  1.000000000000000000e+05  1.000000000000000000e+05  1.000000000000000000e+05
257 3599 2.508628e-01 1.461379e+00  3.114186698328460920e+02  1.000000000000000000e+05  1.000000000000000000e+05  1.000000000000000000e+05
258 3613 2.433084e-01 1.460470e+00  3.114186698328460920e+02  1.000000000000000000e+05  1.000000000000000000e+05  1.000000000000000000e+13
259 3627 2.331725e-01 1.460352e+00  3.114186698328460920e+02  1.000000000000000000e+05  1.000000000000000000e+05  1.000000000000000000e+05
260 3641 2.229270e-01 1.460999e+00  3.114186698328460920e+02  1.000000000000000000e+05  1.000000000000000000e+05  1.000000000000000000e+05
261 3655 2.134525e-01 1.462572e+00  3.114186698328460920e+02  1.000000000000000000e+05  1.000000000000000000e+05  1.000000000000000000e+05
262 3669 2.043056e-01 1.462707e+00  3.114186698328460920e+02  1.000000000000000000e+05  1.000000000000000000e+05  1.000000000000000000e+05
263 3683 1.973931e-01 1.465035e+00  3.114186698328460920e+02  1.000000000000000000e+05  1.000000000000000000e+05  1.000000000000000000e+05
264 3697 1.893619e-01 1.465850e+00  3.114186698328460920e+02  1.000000000000000000e+05  1.000000000000000000e+05  1.000000000000000000e+05
265 3711 2.542167e-01 1.469115e+00  3.114186698328460920e+02  1.000000000000000000e+05  1.000000000000000000e+05  1.000000000000000000e+05
266 3725 2.426569e-01 1.470508e+00  3.114186698328460920e+02  3.178015335268193553e+02  1.000000000000000000e+05  1.000000000000000000e+05
267 3739 2.315890e-01 1.472650e+00  3.114186698328460920e+02  1.000000000000000000e+05  1.000000000000000000e+05  1.000000000000000000e+11
268 3753 2.236682e-01 1.474410e+00  3.114186698328460920e+02  1.000000000000000000e+05  1.000000000000000000e+05  1.000000000000000000e+05
269 3767 2.171709e-01 1.481596e+00  3.114186698328460920e+02  1.000000000000000000e+05  1.000000000000000000e+05  1.000000000000000000e+05
270 3781 2.094702e-01 1.486773e+00  3.114186698328460920e+02  1.000000000000000000e+05  1.000000000000000000e+05  1.000000000000000000e+05
271 3795 2.034386e-01 1.489388e+00  3.114186698328460920e+02  1.000000000000000000e+05  1.000000000000000000e+05  1.000000000000000000e+15
272 3809 1.971761e-01 1.488635e+00  3.114186698328460920e+02  1.000000000000000000e+05  1.000000000000000000e+05  1.000000000000000000e+05
273 3823 1.897309e-01 1.491337e+00  3.114186698328460920e+02  1.000000000000000000e+05  1.000000000000000000e+05  1.000000000000000000e+13
274 3837 1.825645e-01 1.492587e+00  3.114186698328460920e+02  1.000000000000000000e+05  1.000000000000000000e+05  1.000000000000000000e+11
275 3851 1.742747e-01 1.499870e+00  3.114186698328460920e+02  1.000000000000000000e+05  1.000000000000000000e+05  1.000000000000000000e+11
276 3865 2.372300e-01 1.502202e+00  3.114186698328460920e+02  1.000000000000000000e+05  1.000000000000000000e+05  1.000000000000000000e+05
277 3879 2.309172e-01 1.503213e+00  3.114186698328460920e+02  1.000000000000000000e+05  1.000000000000000000e+05  1.000000000000000000e+13
278 3893 2.281511e-01 1.505442e+00  3.114186698328460920e+02  1.000000000000000000e+05  1.000000000000000000e+05  1.000000000000000000e+05
279 3907 2.289957e-01 1.506090e+00  3.114186698328460920e+02  1.000000000000000000e+05  1.000000000000000000e+05  1.000000000000000000e+05
280 3921 2.301486e-01 1.505718e+00  3.114186698328460920e+02  1.000000000000000000e+05  1.000000000000000000e+05  1.000000000000000000e+05
281 3935 2.275650e-01 1.506654e+00  3.114186698328460920e+02  1.000000000000000000e+05  1.000000000000000000e+05  1.000000000000000000e+05
282 3949 2.245695e-01 1.507001e+00  3.114186698328460920e+02  1.000000000000000000e+05  1.000000000000000000e+05  1.000000000000000000e+11
283 3963 2.221668e-01 1.508386e+00  3.114186698328460920e+02  1.000000000000000000e+05  1.000000000000000000e+05  1.000000000000000000e+11
284 3977 2.189070e-01 1.508219e+00  3.114186698328460920e+02  1.000000000000000000e+05  1.000000000000000000e+05  1.000000000000000000e+05
285 3991 2.126485e-01 1.510033e+00  3.114186698328460920e+02  1.000000000000000000e+05  1.000000000000000000e+05  1.000000000000000000e+11
286 4005 2.046169e-01 1.511991e+00  3.114186698328460920e+02  1.000000000000000000e+05  1.000000000000000000e+05  1.000000000000000000e+05
287 4019 1.984882e-01 1.523539e+00  3.114186698328460920e+02  1.000000000000000000e+05  1.000000000000000000e+05  1.000000000000000000e+11
288 4033 1.933630e-01 1.525096e+00  3.114186698328460920e+02  1.000000000000000000e+05  1.000000000000000000e+05  1.000000000000000000e+11
289 4047 1.913107e-01 1.521707e+00  3.114186698328460920e+02  1.000000000000000000e+05  1.000000000000000000e+05  1.000000000000000000e+05
290 4061 1.880649e-01 1.523874e+00  3.114186698328460920e+02  1.000000000000000000e+05  1.000000000000000000e+05  1.000000000000000000e+05
291 4075 1.833734e-01 1.525991e+00  3.114186698328460920e+02  1.000000000000000000e+05  1.000000000000000000e+05  1.000000000000000000e+05
292 4089 1.781359e-01 1.528078e+00  3.114186698328460920e+02  1.000000000000000000e+05  1.000000000000000000e+05  1.000000000000000000e+05
293 4103 1.729500e-01 1.525098e+00  3.114186698328460920e+02  1.000000000000000000e+05  1.000000000000000000e+05  1.000000000000000000e+05
294 4117 2.306498e-01 1.521254e+00  3.114186698328460920e+02  1.000000000000000000e+05  1.000000000000000000e+05  1.000000000000000000e+05
295 4131 2.204291e-01 1.522201e+00  3.114186698328460920e+02  1.000000000000000000e+05  1.000000000000000000e+05  1.000000000000000000e+18
296 4145 2.120946e-01 1.524242e+00  3.114186698328460920e+02  1.000000000000000000e+05  1.000000000000000000e+05  1.000000000000000000e+05
297 4159 2.058137e-01 1.519339e+00  3.114186698328460920e+02  1.000000000000000000e+05  1.000000000000000000e+05  1.000000000000000000e+11
298 4173 1.977314e-01 1.520740e+00  3.114186698328460920e+02  1.000000000000000000e+05  1.000000000000000000e+05  1.000000000000000000e+05
299 4187 1.899379e-01 1.519483e+00  3.114186698328460920e+02  1.000000000000000000e+05  1.000000000000000000e+05  1.000000000000000000e+05
300 4201 2.558140e-01 1.524495e+00  3.114186698328460920e+02  1.000000000000000000e+05  1.000000000000000000e+05  1.000000000000000000e+05
301 4215 2.486702e-01 1.523939e+00  3.114186698328460920e+02  1.000000000000000000e+05  1.000000000000000000e+05  1.000000000000000000e+05
302 4229 2.397240e-01 1.523766e+00  3.114186698328460920e+02  1.000000000000000000e+05  1.000000000000000000e+05  1.000000000000000000e+05
303 4243 2.297492e-01 1.527165e+00  3.114186698328460920e+02  1.000000000000000000e+05  1.000000000000000000e+05  1.000000000000000000e+05
304 4257 2.214915e-01 1.529264e+00  3.114186698328460920e+02  1.000000000000000000e+05  1.000000000000000000e+05  1.000000000000000000e+05
305 4271 2.139868e-01 1.526862e+00  3.114186698328460920e+02  1.000000000000000000e+05  1.000000000000000000e+05  1.000000000000000000e+05
306 4285 2.085739e-01 1.534376e+00  3.114186698328460920e+02  1.000000000000000000e+05  1.000000000000000000e+05  1.000000000000000000e+05
307 4299 2.020316e-01 1.535885e+00  3.114186698328460920e+02  1.000000000000000000e+05  1.000000000000000000e+05  1.000000000000000000e+05
308 4313 2.702345e-01 1.538135e+00  3.114186698328460920e+02  1.000000000000000000e+05  1.000000000000000000e+05  1.000000000000000000e+05
309 4327 2.634202e-01 1.540113e+00  3.114186698328460920e+02  1.000000000000000000e+05  1.000000000000000000e+05  1.000000000000000000e+05
310 4341 2.562714e-01 1.541669e+00  3.114186698328460920e+02  1.000000000000000000e+05  1.000000000000000000e+05  1.000000000000000000e+18
311 4355 2.524257e-01 1.538088e+00  3.114186698328460920e+02  1.000000000000000000e+05  1.000000000000000000e+05  1.000000000000000000e+11
312 4369 2.504777e-01 1.536469e+00  3.114186698328460920e+02  1.000000000000000000e+05  1.000000000000000000e+05  1.000000000000000000e+13
313 4383 2.468113e-01 1.536905e+00  3.114186698328460920e+02  1.000000000000000000e+05  1.000000000000000000e+05  1.000000000000000000e+15
314 4397 2.360073e-01 1.537968e+00  3.114186698328460920e+02  1.000000000000000000e+05  1.000000000000000000e+05  1.000000000000000000e+15
315 4411 2.275918e-01 1.537396e+00  3.114186698328460920e+02  1.000000000000000000e+05  1.000000000000000000e+05  1.000000000000000000e+05
316 4425 2.169792e-01 1.537866e+00  3.114186698328460920e+02  1.000000000000000000e+05  1.000000000000000000e+05  1.000000000000000000e+05
317 4439 2.077358e-01 1.539542e+00  3.114186698328460920e+02  1.000000000000000000e+05  1.000000000000000000e+05  1.000000000000000000e+05
318 4453 2.027976e-01 1.536787e+00  3.114186698328460920e+02  1.000000000000000000e+05  1.000000000000000000e+05  1.000000000000000000e+05
319 4467 1.946134e-01 1.536027e+00  3.114186698328460920e+02  1.000000000000000000e+05  1.000000000000000000e+05  1.000000000000000000e+11
320 4481 1.862893e-01 1.537907e+00  3.114186698328460920e+02  1.000000000000000000e+05  1.000000000000000000e+05  1.000000000000000000e+18
321 4495 1.784029e-01 1.537192e+00  3.114186698328460920e+02  1.000000000000000000e+05  1.000000000000000000e+05  1.000000000000000000e+05
322 4509 1.724657e-01 1.536745e+00  3.114186698328460920e+02  1.000000000000000000e+05  1.000000000000000000e+05  1.000000000000000000e+05
323 4523 1.680978e-01 1.533698e+00  3.114186698328460920e+02  1.000000000000000000e+05  1.000000000000000000e+05  1.000000000000000000e+05
324 4537 2.280301e-01 1.534822e+00  3.114186698328460920e+02  1.000000000000000000e+05  1.000000000000000000e+05  1.000000000000000000e+05
325 4551 2.238290e-01 1.534372e+00  3.114186698328460920e+02  1.000000000000000000e+05  1.000000000000000000e+05  1.000000000000000000e+11
326 4565 2.165351e-01 1.540805e+00  3.114186698328460920e+02  1.000000000000000000e+05  1.000000000000000000e+05  1.000000000000000000e+18
327 4579 2.897046e-01 1.538661e+00  3.114186698328460920e+02  1.000000000000000000e+05  1.000000000000000000e+05  1.000000000000000000e+13
328 4593 2.784727e-01 1.536327e+00  3.114186698328460920e+02  1.000000000000000000e+05  1.000000000000000000e+05  1.000000000000000000e+18
329 4607 2.674618e-01 1.533672e+00  3.114186698328460920e+02  1.000000000000000000e+05  1.000000000000000000e+05  1.000000000000000000e+15
330 4621 2.574998e-01 1.535261e+00  3.114186698328460920e+02  1.000000000000000000e+05  1.000000000000000000e+05  1.000000000000000000e+15
331 4635 2.441196e-01 1.540991e+00  3.114186698328460920e+02  1.000000000000000000e+05  1.000000000000000000e+05  1.000000000000000000e+05
332 4649 2.355331e-01 1.537124e+00  3.114186698328460920e+02  1.000000000000000000e+05  1.000000000000000000e+05  1.000000000000000000e+05
333 4663 2.308139e-01 1.546525e+00  3.114186698328460920e+02  1.000000000000000000e+05  1.000000000000000000e+05  1.000000000000000000e+05
334 4677 2.263564e-01 1.551303e+00  3.114186698328460920e+02  1.000000000000000000e+05  1.000000000000000000e+05  1.000000000000000000e+05
335 4691 2.206344e-01 1.551246e+00  3.114186698328460920e+02  1.000000000000000000e+05  1.000000000000000000e+05  1.000000000000000000e+05
336 4705 2.142000e-01 1.551482e+00  3.114186698328460920e+02  1.000000000000000000e+05  1.000000000000000000e+05  1.000000000000000000e+05
337 4719 2.046655e-01 1.550630e+00  3.114186698328460920e+02  1.000000000000000000e+05  1.000000000000000000e+05  1.000000000000000000e+15
338 4733 2.004888e-01 1.552322e+00  3.114186698328460920e+02  1.000000000000000000e+05  1.000000000000000000e+05  1.000000000000000000e+15
339 4747 1.942318e-01 1.554205e+00  3.114186698328460920e+02  1.000000000000000000e+05  1.000000000000000000e+05  1.000000000000000000e+05
340 4761 1.875657e-01 1.554416e+00  3.114186698328460920e+02  1.000000000000000000e+05  1.000000000000000000e+05  1.000000000000000000e+15
341 4775 2.586264e-01 1.556615e+00  3.114186698328460920e+02  1.000000000000000000e+05  1.000000000000000000e+05  1.000000000000000000e+05
342 4789 2.555520e-01 1.558061e+00  3.114186698328460920e+02  1.000000000000000000e+05  1.000000000000000000e+05  1.000000000000000000e+05
343 4803 2.482614e-01 1.556091e+00  3.114186698328460920e+02  1.000000000000000000e+05  1.000000000000000000e+05  1.000000000000000000e+18
344 4817 2.429693e-01 1.559889e+00  3.114186698328460920e+02  2.166735392734899506e+03  1.000000000000000000e+05  1.000000000000000000e+05
345 4831 2.370897e-01 1.561243e+00  3.114186698328460920e+02  1.000000000000000000e+05  1.000000000000000000e+05  1.000000000000000000e+15
346 4845 2.308738e-01 1.563916e+00  3.114186698328460920e+02  1.000000000000000000e+05  1.000000000000000000e+05  1.000000000000000000e+11
347 4859 2.236739e-01 1.565225e+00  3.114186698328460920e+02  1.000000000000000000e+05  1.000000000000000000e+05  1.000000000000000000e+13
348 4873 2.169379e-01 1.567869e+00  3.114186698328460920e+02  1.000000000000000000e+05  1.000000000000000000e+05  1.000000000000000000e+13
349 4887 2.120267e-01 1.569272e+00  3.114186698328460920e+02  1.000000000000000000e+05  1.000000000000000000e+05  1.000000000000000000e+05
350 4901 2.006515e-01 1.570962e+00  3.114186698328460920e+02  1.000000000000000000e+05  1.000000000000000000e+05  1.000000000000000000e+15
351 4915 1.923459e-01 1.573851e+00  3.114186698328460920e+02  1.000000000000000000e+05  1.000000000000000000e+05  1.000000000000000000e+18
352 4929 2.576317e-01 1.579490e+00  3.114186698328460920e+02  1.000000000000000000e+05  1.000000000000000000e+05  1.000000000000000000e+13
353 4943 3.497815e-01 1.580453e+00  3.114186698328460920e+02  1.000000000000000000e+05  1.000000000000000000e+05  1.000000000000000000e+05
354 4957 3.399406e-01 1.586376e+00  3.114186698328460920e+02  1.000000000000000000e+05  1.000000000000000000e+05  1.000000000000000000e+05
355 4971 3.314313e-01 1.595220e+00  3.114186698328460920e+02  1.000000000000000000e+05  1.000000000000000000e+05  1.000000000000000000e+13
356 4985 3.155874e-01 1.600080e+00  3.114186698328460920e+02  1.000000000000000000e+05  1.000000000000000000e+05  1.000000000000000000e+13
357 4999 2.999612e-01 1.600919e+00  3.114186698328460920e+02  1.000000000000000000e+05  1.000000000000000000e+05  1.000000000000000000e+15
358 5013 2.877019e-01 1.600899e+00  3.114186698328460920e+02  1.462287940684198020e+03  1.000000000000000000e+05  1.000000000000000000e+18
359 5027 2.764514e-01 1.602006e+00  3.114186698328460920e+02  2.970114137790765653e+03  1.000000000000000000e+05  1.000000000000000000e+15
360 5041 2.706666e-01 1.602798e+00  3.114186698328460920e+02  2.505163866533194778e+03  1.000000000000000000e+05  1.000000000000000000e+18
361 5055 2.618315e-01 1.598455e+00  3.114186698328460920e+02  1.000000000000000000e+05  1.000000000000000000e+05  1.000000000000000000e+15
362 5069 2.577149e-01 1.600316e+00  3.114186698328460920e+02  1.000000000000000000e+05  1.000000000000000000e+05  1.000000000000000000e+05
363 5083 2.542325e-01 1.599406e+00  3.114186698328460920e+02  1.000000000000000000e+05  1.000000000000000000e+05  1.000000000000000000e+05
364 5097 2.469513e-01 1.593739e+00  3.114186698328460920e+02  1.000000000000000000e+05  1.000000000000000000e+05  1.000000000000000000e+05
365 5111 2.380705e-01 1.599328e+00  3.114186698328460920e+02  1.000000000000000000e+05  1.000000000000000000e+05  1.000000000000000000e+05
366 5125 2.315456e-01 1.600382e+00  3.114186698328460920e+02  1.000000000000000000e+05  1.000000000000000000e+05  1.000000000000000000e+05
367 5139 2.199173e-01 1.600121e+00  3.114186698328460920e+02  1.000000000000000000e+05  1.000000000000000000e+05  1.000000000000000000e+05
368 5153 2.072332e-01 1.599285e+00  3.114186698328460920e+02  1.000000000000000000e+05  1.000000000000000000e+05  1.000000000000000000e+05
369 5167 1.985552e-01 1.602416e+00  3.114186698328460920e+02  1.000000000000000000e+05  1.000000000000000000e+05  1.000000000000000000e+05
370 5181 2.727070e-01 1.604951e+00  3.114186698328460920e+02  1.000000000000000000e+05  1.000000000000000000e+05  1.000000000000000000e+05
371 5195 2.658605e-01 1.604311e+00  3.114186698328460920e+02  1.000000000000000000e+05  1.000000000000000000e+05  1.000000000000000000e+05
372 5209 2.573509e-01 1.603778e+00  3.114186698328460920e+02  1.000000000000000000e+05  1.000000000000000000e+05  1.000000000000000000e+05
373 5223 2.505928e-01 1.600738e+00  3.114186698328460920e+02  1.000000000000000000e+05  1.000000000000000000e+05  1.000000000000000000e+05
374 5237 2.401613e-01 1.595825e+00  3.114186698328460920e+02  1.000000000000000000e+05  1.000000000000000000e+05  1.000000000000000000e+05
375 5251 2.326306e-01 1.595966e+00  3.114186698328460920e+02  1.000000000000000000e+05  1.000000000000000000e+05  1.000000000000000000e+05
376 5265 2.202752e-01 1.594407e+00  3.114186698328460920e+02  1.000000000000000000e+05  1.000000000000000000e+05  1.000000000000000000e+05
377 5279 2.100889e-01 1.597337e+00  3.114186698328460920e+02  1.000000000000000000e+05  1.000000000000000000e+05  1.000000000000000000e+05
378 5293 2.008198e-01 1.600114e+00  3.114186698328460920e+02  1.000000000000000000e+05  1.000000000000000000e+05  1.000000000000000000e+05
379 5307 2.709216e-01 1.600082e+00  3.114186698328460920e+02  1.000000000000000000e+05  1.000000000000000000e+05  1.000000000000000000e+05
380 5321 2.622884e-01 1.603295e+00  3.114186698328460920e+02  1.000000000000000000e+05  1.000000000000000000e+05  1.000000000000000000e+13
381 5335 2.586023e-01 1.603761e+00  3.114186698328460920e+02  1.000000000000000000e+05  1.000000000000000000e+05  1.000000000000000000e+05
382 5349 2.487608e-01 1.605443e+00  3.114186698328460920e+02  1.000000000000000000e+05  1.000000000000000000e+05  1.000000000000000000e+05
383 5363 2.426150e-01 1.602402e+00  3.114186698328460920e+02  1.000000000000000000e+05  1.000000000000000000e+05  1.000000000000000000e+05
384 5377 2.382784e-01 1.600824e+00  3.114186698328460920e+02  1.000000000000000000e+05  1.000000000000000000e+05  1.000000000000000000e+13
385 5391 2.313776e-01 1.599923e+00  3.114186698328460920e+02  1.000000000000000000e+05  1.000000000000000000e+05  1.000000000000000000e+13
386 5405 2.287578e-01 1.604668e+00  3.114186698328460920e+02  1.000000000000000000e+05  1.000000000000000000e+05  1.000000000000000000e+05
387 5419 2.246936e-01 1.604337e+00  3.114186698328460920e+02  1.000000000000000000e+05  1.000000000000000000e+05  1.000000000000000000e+13
388 5433 3.021186e-01 1.604759e+00  3.114186698328460920e+02  1.000000000000000000e+05  1.000000000000000000e+05  1.000000000000000000e+13
389 5447 2.899496e-01 1.604487e+00  3.114186698328460920e+02  1.000000000000000000e+05  1.000000000000000000e+05  1.000000000000000000e+13
390 5461 2.782894e-01 1.604490e+00  3.114186698328460920e+02  1.000000000000000000e+05  1.000000000000000000e+05  1.000000000000000000e+05
391 5475 2.685135e-01 1.606695e+00  3.114186698328460920e+02  1.000000000000000000e+05  1.000000000000000000e+05  1.000000000000000000e+05
392 5489 2.605679e-01 1.608121e+00  3.114186698328460920e+02  1.000000000000000000e+05  1.000000000000000000e+05  1.000000000000000000e+05
393 5503 2.523502e-01 1.606815e+00  3.114186698328460920e+02  1.000000000000000000e+05  1.000000000000000000e+05  1.000000000000000000e+05
394 5517 2.418667e-01 1.605700e+00  3.114186698328460920e+02  1.000000000000000000e+05  1.000000000000000000e+05  1.000000000000000000e+05
395 5531 2.293619e-01 1.611282e+00  3.114186698328460920e+02  1.000000000000000000e+05  1.000000000000000000e+05  1.000000000000000000e+05
396 5545 3.011699e-01 1.609388e+00  3.114186698328460920e+02  1.000000000000000000e+05  1.000000000000000000e+05  1.000000000000000000e+05
397 5559 4.036922e-01 1.608425e+00  3.114186698328460920e+02  1.000000000000000000e+05  1.000000000000000000e+05  1.000000000000000000e+11
398 5573 3.909835e-01 1.606662e+00  3.114186698328460920e+02  1.000000000000000000e+05  1.000000000000000000e+05  1.000000000000000000e+15
399 5587 3.756438e-01 1.607566e+00  3.114186698328460920e+02  1.000000000000000000e+05  1.000000000000000000e+05  1.000000000000000000e+15
400 5601 3.686038e-01 1.612393e+00  3.114186698328460920e+02  1.000000000000000000e+05  1.000000000000000000e+05  1.000000000000000000e+15
401 5615 3.576858e-01 1.615515e+00  3.114186698328460920e+02  1.000000000000000000e+05  1.000000000000000000e+05  1.000000000000000000e+15
402 5629 3.457597e-01 1.620113e+00  3.114186698328460920e+02  1.000000000000000000e+05  1.000000000000000000e+05  1.000000000000000000e+15
403 5643 3.393468e-01 1.618642e+00  3.114186698328460920e+02  1.000000000000000000e+05  1.000000000000000000e+05  1.000000000000000000e+05
404 5657 3.299115e-01 1.617396e+00  3.114186698328460920e+02  1.000000000000000000e+05  1.000000000000000000e+05  1.000000000000000000e+05
405 5671 3.219025e-01 1.620922e+00  3.114186698328460920e+02  1.000000000000000000e+05  1.000000000000000000e+05  1.000000000000000000e+05
406 5685 3.120601e-01 1.629265e+00  3.114186698328460920e+02  1.000000000000000000e+05  1.000000000000000000e+05  1.000000000000000000e+05
407 5699 2.982654e-01 1.635709e+00  3.114186698328460920e+02  1.000000000000000000e+05  1.000000000000000000e+05  1.000000000000000000e+05
408 5713 2.838372e-01 1.633776e+00  3.114186698328460920e+02  1.000000000000000000e+05  1.000000000000000000e+05  1.000000000000000000e+05
409 5727 2.683974e-01 1.632473e+00  3.114186698328460920e+02  1.000000000000000000e+05  1.000000000000000000e+05  1.000000000000000000e+05
410 5741 2.538489e-01 1.637160e+00  3.114186698328460920e+02  1.000000000000000000e+05  1.000000000000000000e+05  1.000000000000000000e+05
411 5755 2.409511e-01 1.636272e+00  3.114186698328460920e+02  1.000000000000000000e+05  1.000000000000000000e+05  1.000000000000000000e+05
412 5769 2.313904e-01 1.640809e+00  3.114186698328460920e+02  1.000000000000000000e+05  1.000000000000000000e+05  1.000000000000000000e+05
413 5783 2.224585e-01 1.643697e+00  3.114186698328460920e+02  1.000000000000000000e+05  1.000000000000000000e+05  1.000000000000000000e+05
414 5797 2.131855e-01 1.643454e+00  3.114186698328460920e+02  1.000000000000000000e+05  1.000000000000000000e+05  1.000000000000000000e+05
415 5811 2.046269e-01 1.643533e+00  3.114186698328460920e+02  1.000000000000000000e+05  1.000000000000000000e+05  1.000000000000000000e+05
416 5825 2.790627e-01 1.646942e+00  3.114186698328460920e+02  1.000000000000000000e+05  1.000000000000000000e+05  1.000000000000000000e+05
417 5839 2.759017e-01 1.650290e+00  3.114186698328460920e+02  1.000000000000000000e+05  1.000000000000000000e+05  1.000000000000000000e+05
418 5853 2.673321e-01 1.649230e+00  3.114186698328460920e+02  1.000000000000000000e+05  1.000000000000000000e+05  1.000000000000000000e+05
419 5867 2.626700e-01 1.650451e+00  3.114186698328460920e+02  1.000000000000000000e+05  1.000000000000000000e+05  1.000000000000000000e+13
420 5881 2.571206e-01 1.655441e+00  3.114186698328460920e+02  1.000000000000000000e+05  1.000000000000000000e+05  1.000000000000000000e+05
421 5895 2.500206e-01 1.657542e+00  3.114186698328460920e+02  1.000000000000000000e+05  1.000000000000000000e+05  1.000000000000000000e+15
422 5909 2.382818e-01 1.659463e+00  3.114186698328460920e+02  1.000000000000000000e+05  1.000000000000000000e+05  1.000000000000000000e+13
423 5923 2.295823e-01 1.659917e+00  3.114186698328460920e+02  1.000000000000000000e+05  1.000000000000000000e+05  1.000000000000000000e+05
424 5937 2.253848e-01 1.660642e+00  3.114186698328460920e+02  1.000000000000000000e+05  1.000000000000000000e+05  1.000000000000000000e+05
425 5951 2.202316e-01 1.661049e+00  3.114186698328460920e+02  1.000000000000000000e+05  1.000000000000000000e+05  1.000000000000000000e+13
426 5965 2.142651e-01 1.662236e+00  3.114186698328460920e+02  1.000000000000000000e+05  1.000000000000000000e+05  1.000000000000000000e+11
427 5979 2.072829e-01 1.666600e+00  3.114186698328460920e+02  1.000000000000000000e+05  1.000000000000000000e+05  1.000000000000000000e+05
428 5993 2.022631e-01 1.666119e+00  3.114186698328460920e+02  1.000000000000000000e+05  1.000000000000000000e+05  1.000000000000000000e+05
429 6007 1.990467e-01 1.658529e+00  3.114186698328460920e+02  1.000000000000000000e+05  1.000000000000000000e+05  1.000000000000000000e+11
430 6021 1.928663e-01 1.659586e+00  3.114186698328460920e+02  1.000000000000000000e+05  1.000000000000000000e+05  1.000000000000000000e+05
431 6035 1.899997e-01 1.659901e+00  3.114186698328460920e+02  1.000000000000000000e+05  1.000000000000000000e+05  1.000000000000000000e+05
432 6049 1.853510e-01 1.661254e+00  3.114186698328460920e+02  1.000000000000000000e+05  1.000000000000000000e+05  1.000000000000000000e+11
433 6063 1.807422e-01 1.661535e+00  3.114186698328460920e+02  1.000000000000000000e+05  1.000000000000000000e+05  1.000000000000000000e+11
434 6077 1.728106e-01 1.660118e+00  3.114186698328460920e+02  1.000000000000000000e+05  1.000000000000000000e+05  1.000000000000000000e+11
435 6091 1.673667e-01 1.659088e+00  3.114186698328460920e+02  1.000000000000000000e+05  1.000000000000000000e+05  1.000000000000000000e+11
436 6105 1.617797e-01 1.658157e+00  3.114186698328460920e+02  1.000000000000000000e+05  1.000000000000000000e+05  1.000000000000000000e+05
437 6119 1.565297e-01 1.658826e+00  3.114186698328460920e+02  1.000000000000000000e+05  1.000000000000000000e+05  1.000000000000000000e+05
438 6133 1.538781e-01 1.662580e+00  3.114186698328460920e+02  1.000000000000000000e+05  1.000000000000000000e+05  1.000000000000000000e+05
439 6147 1.512865e-01 1.661457e+00  3.114186698328460920e+02  1.000000000000000000e+05  1.000000000000000000e+05  1.000000000000000000e+05
440 6161 1.489417e-01 1.663366e+00  3.114186698328460920e+02  1.000000000000000000e+05  1.000000000000000000e+05  1.000000000000000000e+05
441 6175 1.435028e-01 1.666392e+00  3.114186698328460920e+02  1.000000000000000000e+05  1.000000000000000000e+05  1.000000000000000000e+05
442 6189 1.404288e-01 1.668609e+00  3.114186698328460920e+02  1.000000000000000000e+05  1.000000000000000000e+05  1.000000000000000000e+05
443 6203 1.887053e-01 1.671298e+00  3.114186698328460920e+02  1.000000000000000000e+05  1.000000000000000000e+05  1.000000000000000000e+05
