%  columns="iteration, evaluation, sigma, axis ratio, bestever, best, median, worst fitness function value, further objective values of best" (startseed=214967, 2023/08/16 0:56:46.68)
1 15 4.001121e-01 1.042899e+00  1.000000000000000000e+05  1.000000000000000000e+05  1.000000000000000000e+11  1.000000000000000000e+15
2 29 3.834182e-01 1.049383e+00  1.000000000000000000e+05  1.000000000000000000e+05  1.000000000000000000e+05  1.000000000000000000e+15
3 43 3.630550e-01 1.052961e+00  1.000000000000000000e+05  1.000000000000000000e+05  1.000000000000000000e+05  1.000000000000000000e+13
4 57 3.450219e-01 1.057252e+00  1.000000000000000000e+05  1.000000000000000000e+05  1.000000000000000000e+05  1.000000000000000000e+13
5 71 3.324958e-01 1.058527e+00  1.000000000000000000e+05  1.000000000000000000e+05  1.000000000000000000e+05  1.000000000000000000e+18
6 85 3.214111e-01 1.060035e+00  1.000000000000000000e+05  1.000000000000000000e+05  1.000000000000000000e+05  1.000000000000000000e+13
7 99 3.122898e-01 1.068730e+00  1.000000000000000000e+05  1.000000000000000000e+05  1.000000000000000000e+05  1.000000000000000000e+05
8 113 3.028780e-01 1.075861e+00  1.000000000000000000e+05  1.000000000000000000e+05  1.000000000000000000e+05  1.000000000000000000e+05
9 127 2.898519e-01 1.079414e+00  1.000000000000000000e+05  1.000000000000000000e+05  1.000000000000000000e+05  1.000000000000000000e+15
10 141 2.806694e-01 1.085295e+00  1.000000000000000000e+05  1.000000000000000000e+05  1.000000000000000000e+05  1.000000000000000000e+15
11 155 2.653642e-01 1.088653e+00  1.000000000000000000e+05  1.000000000000000000e+05  1.000000000000000000e+05  1.000000000000000000e+15
12 169 2.531489e-01 1.092311e+00  1.000000000000000000e+05  1.000000000000000000e+05  1.000000000000000000e+05  1.000000000000000000e+15
13 183 2.448467e-01 1.095631e+00  1.000000000000000000e+05  1.000000000000000000e+05  1.000000000000000000e+05  1.000000000000000000e+15
14 197 2.371155e-01 1.097343e+00  1.000000000000000000e+05  1.000000000000000000e+05  1.000000000000000000e+05  1.000000000000000000e+11
15 211 2.306568e-01 1.099411e+00  1.000000000000000000e+05  1.000000000000000000e+05  1.000000000000000000e+05  1.000000000000000000e+05
16 225 2.209925e-01 1.099880e+00  1.000000000000000000e+05  1.000000000000000000e+05  1.000000000000000000e+05  1.000000000000000000e+05
17 239 2.144836e-01 1.099430e+00  1.000000000000000000e+05  1.000000000000000000e+05  1.000000000000000000e+05  1.000000000000000000e+05
18 253 2.120320e-01 1.103329e+00  1.000000000000000000e+05  1.000000000000000000e+05  1.000000000000000000e+05  1.000000000000000000e+05
19 267 2.050672e-01 1.105200e+00  1.000000000000000000e+05  1.000000000000000000e+05  1.000000000000000000e+05  1.000000000000000000e+05
20 281 2.007427e-01 1.109276e+00  1.000000000000000000e+05  1.000000000000000000e+05  1.000000000000000000e+05  1.000000000000000000e+05
21 295 1.940830e-01 1.117092e+00  1.000000000000000000e+05  1.000000000000000000e+05  1.000000000000000000e+05  1.000000000000000000e+05
22 309 1.839272e-01 1.122409e+00  1.000000000000000000e+05  1.000000000000000000e+05  1.000000000000000000e+05  1.000000000000000000e+05
23 323 1.739754e-01 1.124805e+00  1.000000000000000000e+05  1.000000000000000000e+05  1.000000000000000000e+05  1.000000000000000000e+05
24 337 2.331698e-01 1.126968e+00  1.000000000000000000e+05  1.000000000000000000e+05  1.000000000000000000e+05  1.000000000000000000e+05
25 351 2.265186e-01 1.128675e+00  1.000000000000000000e+05  1.000000000000000000e+05  1.000000000000000000e+05  1.000000000000000000e+15
26 365 2.168865e-01 1.128763e+00  1.000000000000000000e+05  1.000000000000000000e+05  1.000000000000000000e+05  1.000000000000000000e+11
27 379 2.083313e-01 1.132586e+00  1.000000000000000000e+05  1.000000000000000000e+05  1.000000000000000000e+05  1.000000000000000000e+11
28 393 2.027448e-01 1.136026e+00  1.000000000000000000e+05  1.000000000000000000e+05  1.000000000000000000e+05  1.000000000000000000e+15
29 407 1.955032e-01 1.140787e+00  1.000000000000000000e+05  1.000000000000000000e+05  1.000000000000000000e+05  1.000000000000000000e+15
30 421 1.916101e-01 1.143004e+00  1.000000000000000000e+05  1.000000000000000000e+05  1.000000000000000000e+05  1.000000000000000000e+13
31 435 1.844959e-01 1.143799e+00  1.000000000000000000e+05  1.000000000000000000e+05  1.000000000000000000e+05  1.000000000000000000e+15
32 449 1.802853e-01 1.155767e+00  1.000000000000000000e+05  1.000000000000000000e+05  1.000000000000000000e+05  1.000000000000000000e+13
33 463 1.780531e-01 1.160211e+00  1.000000000000000000e+05  1.000000000000000000e+05  1.000000000000000000e+05  1.000000000000000000e+15
34 477 1.748264e-01 1.165449e+00  1.000000000000000000e+05  1.000000000000000000e+05  1.000000000000000000e+05  1.000000000000000000e+15
35 491 1.716952e-01 1.169941e+00  1.000000000000000000e+05  1.000000000000000000e+05  1.000000000000000000e+05  1.000000000000000000e+18
36 505 2.318576e-01 1.174244e+00  1.000000000000000000e+05  1.000000000000000000e+05  1.000000000000000000e+05  1.000000000000000000e+05
37 519 2.242103e-01 1.176466e+00  1.000000000000000000e+05  1.000000000000000000e+05  1.000000000000000000e+05  1.000000000000000000e+15
38 533 2.172713e-01 1.177872e+00  1.000000000000000000e+05  1.000000000000000000e+05  1.000000000000000000e+05  1.000000000000000000e+13
39 547 2.114734e-01 1.177945e+00  1.000000000000000000e+05  1.000000000000000000e+05  1.000000000000000000e+05  1.000000000000000000e+05
40 561 2.844430e-01 1.177321e+00  1.000000000000000000e+05  1.000000000000000000e+05  1.000000000000000000e+05  1.000000000000000000e+05
41 575 2.755429e-01 1.177148e+00  1.000000000000000000e+05  1.000000000000000000e+05  1.000000000000000000e+05  1.000000000000000000e+13
42 589 2.644297e-01 1.177492e+00  1.000000000000000000e+05  1.000000000000000000e+05  1.000000000000000000e+05  1.000000000000000000e+15
43 603 2.574640e-01 1.184383e+00  1.000000000000000000e+05  1.000000000000000000e+05  1.000000000000000000e+05  1.000000000000000000e+15
44 617 2.491812e-01 1.186146e+00  1.000000000000000000e+05  1.000000000000000000e+05  1.000000000000000000e+05  1.000000000000000000e+05
45 631 2.402379e-01 1.186231e+00  1.000000000000000000e+05  1.000000000000000000e+05  1.000000000000000000e+05  1.000000000000000000e+05
46 645 2.313512e-01 1.193860e+00  1.000000000000000000e+05  1.000000000000000000e+05  1.000000000000000000e+05  1.000000000000000000e+05
47 659 2.214305e-01 1.194536e+00  1.000000000000000000e+05  1.000000000000000000e+05  1.000000000000000000e+05  1.000000000000000000e+05
48 673 2.121076e-01 1.198682e+00  1.000000000000000000e+05  1.000000000000000000e+05  1.000000000000000000e+05  1.000000000000000000e+05
49 687 2.046775e-01 1.200340e+00  1.000000000000000000e+05  1.000000000000000000e+05  1.000000000000000000e+05  1.000000000000000000e+05
50 701 2.743496e-01 1.202774e+00  1.000000000000000000e+05  1.000000000000000000e+05  1.000000000000000000e+05  1.000000000000000000e+05
51 715 2.685026e-01 1.207052e+00  1.000000000000000000e+05  1.000000000000000000e+05  1.000000000000000000e+05  1.000000000000000000e+15
52 729 2.614292e-01 1.209751e+00  1.000000000000000000e+05  1.000000000000000000e+05  1.000000000000000000e+05  1.000000000000000000e+05
53 743 2.505501e-01 1.212560e+00  1.000000000000000000e+05  1.000000000000000000e+05  1.000000000000000000e+05  1.000000000000000000e+11
54 757 2.400727e-01 1.213757e+00  1.000000000000000000e+05  1.000000000000000000e+05  1.000000000000000000e+05  1.000000000000000000e+05
55 771 2.306030e-01 1.214915e+00  1.000000000000000000e+05  1.000000000000000000e+05  1.000000000000000000e+05  1.000000000000000000e+13
56 785 2.196737e-01 1.215810e+00  1.000000000000000000e+05  1.000000000000000000e+05  1.000000000000000000e+05  1.000000000000000000e+13
57 799 2.110604e-01 1.215626e+00  1.000000000000000000e+05  1.000000000000000000e+05  1.000000000000000000e+05  1.000000000000000000e+05
58 813 2.011331e-01 1.215501e+00  1.000000000000000000e+05  1.000000000000000000e+05  1.000000000000000000e+05  1.000000000000000000e+11
59 827 2.651005e-01 1.214808e+00  1.000000000000000000e+05  1.000000000000000000e+05  1.000000000000000000e+05  1.000000000000000000e+05
60 841 2.557817e-01 1.217246e+00  1.000000000000000000e+05  1.000000000000000000e+05  1.000000000000000000e+05  1.000000000000000000e+05
61 855 2.469559e-01 1.224452e+00  1.000000000000000000e+05  1.000000000000000000e+05  1.000000000000000000e+05  1.000000000000000000e+05
62 869 2.425143e-01 1.223724e+00  1.000000000000000000e+05  1.000000000000000000e+05  1.000000000000000000e+05  1.000000000000000000e+05
63 883 2.376512e-01 1.223272e+00  1.000000000000000000e+05  1.000000000000000000e+05  1.000000000000000000e+05  1.000000000000000000e+05
64 897 2.376408e-01 1.224062e+00  1.000000000000000000e+05  1.000000000000000000e+05  1.000000000000000000e+05  1.000000000000000000e+05
65 911 2.306533e-01 1.227313e+00  1.000000000000000000e+05  1.000000000000000000e+05  1.000000000000000000e+05  1.000000000000000000e+05
66 925 2.259225e-01 1.227511e+00  1.000000000000000000e+05  1.000000000000000000e+05  1.000000000000000000e+05  1.000000000000000000e+05
67 939 2.194858e-01 1.227173e+00  1.000000000000000000e+05  1.000000000000000000e+05  1.000000000000000000e+05  1.000000000000000000e+05
68 953 2.121735e-01 1.224970e+00  1.000000000000000000e+05  1.000000000000000000e+05  1.000000000000000000e+05  1.000000000000000000e+05
69 967 2.043333e-01 1.225313e+00  5.552839779033873810e+02  5.552839779033873810e+02  1.000000000000000000e+05  1.000000000000000000e+15
70 981 1.984885e-01 1.226191e+00  5.552839779033873810e+02  6.880899853550378111e+02  1.000000000000000000e+05  1.000000000000000000e+11
71 995 1.909239e-01 1.234089e+00  5.552839779033873810e+02  8.194161787994479482e+02  1.000000000000000000e+05  1.000000000000000000e+11
72 1009 1.819610e-01 1.237560e+00  5.552839779033873810e+02  1.000000000000000000e+05  1.000000000000000000e+05  1.000000000000000000e+11
73 1023 1.752776e-01 1.238264e+00  5.552839779033873810e+02  1.000000000000000000e+05  1.000000000000000000e+05  1.000000000000000000e+11
74 1037 1.726724e-01 1.239970e+00  5.552839779033873810e+02  1.000000000000000000e+05  1.000000000000000000e+05  1.000000000000000000e+05
75 1051 1.706229e-01 1.244581e+00  5.552839779033873810e+02  1.000000000000000000e+05  1.000000000000000000e+05  1.000000000000000000e+05
76 1065 2.339140e-01 1.252410e+00  5.552839779033873810e+02  1.000000000000000000e+05  1.000000000000000000e+05  1.000000000000000000e+05
77 1079 2.253332e-01 1.253652e+00  5.552839779033873810e+02  1.000000000000000000e+05  1.000000000000000000e+05  1.000000000000000000e+11
78 1093 2.183585e-01 1.252635e+00  5.552839779033873810e+02  1.000000000000000000e+05  1.000000000000000000e+05  1.000000000000000000e+05
79 1107 2.101785e-01 1.251785e+00  5.552839779033873810e+02  1.000000000000000000e+05  1.000000000000000000e+05  1.000000000000000000e+05
80 1121 2.008680e-01 1.253592e+00  2.863701333729554790e+02  2.863701333729554790e+02  1.000000000000000000e+05  1.000000000000000000e+11
81 1135 1.940093e-01 1.255121e+00  2.863701333729554790e+02  1.000000000000000000e+05  1.000000000000000000e+05  1.000000000000000000e+11
82 1149 1.896541e-01 1.259931e+00  2.863701333729554790e+02  1.000000000000000000e+05  1.000000000000000000e+05  1.000000000000000000e+05
83 1163 1.828299e-01 1.260567e+00  2.863701333729554790e+02  1.000000000000000000e+05  1.000000000000000000e+05  1.000000000000000000e+05
84 1177 1.795277e-01 1.272157e+00  2.863701333729554790e+02  1.000000000000000000e+05  1.000000000000000000e+05  1.000000000000000000e+11
85 1191 1.748645e-01 1.277794e+00  2.863701333729554790e+02  1.000000000000000000e+05  1.000000000000000000e+05  1.000000000000000000e+05
86 1205 1.699704e-01 1.281833e+00  2.863701333729554790e+02  1.000000000000000000e+05  1.000000000000000000e+05  1.000000000000000000e+05
87 1219 2.288627e-01 1.283203e+00  2.863701333729554790e+02  1.000000000000000000e+05  1.000000000000000000e+05  1.000000000000000000e+05
88 1233 2.178982e-01 1.285037e+00  2.863701333729554790e+02  1.000000000000000000e+05  1.000000000000000000e+05  1.000000000000000000e+18
89 1247 2.089298e-01 1.284655e+00  2.863701333729554790e+02  1.000000000000000000e+05  1.000000000000000000e+05  1.000000000000000000e+05
90 1261 1.996523e-01 1.284219e+00  2.863701333729554790e+02  1.000000000000000000e+05  1.000000000000000000e+05  1.000000000000000000e+15
91 1275 1.933253e-01 1.283693e+00  2.863701333729554790e+02  1.000000000000000000e+05  1.000000000000000000e+05  1.000000000000000000e+05
92 1289 1.855881e-01 1.285176e+00  2.863701333729554790e+02  1.000000000000000000e+05  1.000000000000000000e+05  1.000000000000000000e+05
93 1303 1.798010e-01 1.285740e+00  2.863701333729554790e+02  1.000000000000000000e+05  1.000000000000000000e+05  1.000000000000000000e+05
94 1317 1.762053e-01 1.287980e+00  2.863701333729554790e+02  1.000000000000000000e+05  1.000000000000000000e+05  1.000000000000000000e+05
95 1331 1.756960e-01 1.289323e+00  2.863701333729554790e+02  1.000000000000000000e+05  1.000000000000000000e+05  1.000000000000000000e+05
96 1345 1.725753e-01 1.289084e+00  2.863701333729554790e+02  1.000000000000000000e+05  1.000000000000000000e+05  1.000000000000000000e+05
97 1359 1.704833e-01 1.288878e+00  2.863701333729554790e+02  1.000000000000000000e+05  1.000000000000000000e+05  1.000000000000000000e+05
98 1373 1.675288e-01 1.290900e+00  2.863701333729554790e+02  1.000000000000000000e+05  1.000000000000000000e+05  1.000000000000000000e+11
99 1387 1.654638e-01 1.299043e+00  2.863701333729554790e+02  1.000000000000000000e+05  1.000000000000000000e+05  1.000000000000000000e+05
100 1401 1.612993e-01 1.307069e+00  2.863701333729554790e+02  1.000000000000000000e+05  1.000000000000000000e+05  1.000000000000000000e+11
101 1415 1.564714e-01 1.309994e+00  2.863701333729554790e+02  1.000000000000000000e+05  1.000000000000000000e+05  1.000000000000000000e+05
102 1429 1.530200e-01 1.314206e+00  2.863701333729554790e+02  1.000000000000000000e+05  1.000000000000000000e+05  1.000000000000000000e+05
103 1443 1.497440e-01 1.316843e+00  2.863701333729554790e+02  1.000000000000000000e+05  1.000000000000000000e+05  1.000000000000000000e+05
104 1457 1.465778e-01 1.317881e+00  2.863701333729554790e+02  1.000000000000000000e+05  1.000000000000000000e+05  1.000000000000000000e+05
105 1471 1.426825e-01 1.318479e+00  2.863701333729554790e+02  1.000000000000000000e+05  1.000000000000000000e+05  1.000000000000000000e+05
106 1485 1.918816e-01 1.318149e+00  2.863701333729554790e+02  1.000000000000000000e+05  1.000000000000000000e+05  1.000000000000000000e+05
107 1499 1.875723e-01 1.323463e+00  2.863701333729554790e+02  1.000000000000000000e+05  1.000000000000000000e+05  1.000000000000000000e+11
108 1513 1.824986e-01 1.322342e+00  2.863701333729554790e+02  1.000000000000000000e+05  1.000000000000000000e+05  1.000000000000000000e+05
109 1527 1.762716e-01 1.325609e+00  2.863701333729554790e+02  1.000000000000000000e+05  1.000000000000000000e+05  1.000000000000000000e+11
110 1541 1.712965e-01 1.326209e+00  2.863701333729554790e+02  1.000000000000000000e+05  1.000000000000000000e+05  1.000000000000000000e+05
111 1555 1.648702e-01 1.326183e+00  2.863701333729554790e+02  1.000000000000000000e+05  1.000000000000000000e+05  1.000000000000000000e+05
112 1569 1.592810e-01 1.327569e+00  2.863701333729554790e+02  1.000000000000000000e+05  1.000000000000000000e+05  1.000000000000000000e+05
113 1583 1.542783e-01 1.334151e+00  2.863701333729554790e+02  1.000000000000000000e+05  1.000000000000000000e+05  1.000000000000000000e+05
114 1597 1.521902e-01 1.332736e+00  2.863701333729554790e+02  1.000000000000000000e+05  1.000000000000000000e+05  1.000000000000000000e+05
115 1611 2.099455e-01 1.332583e+00  2.863701333729554790e+02  1.000000000000000000e+05  1.000000000000000000e+05  1.000000000000000000e+05
116 1625 2.055130e-01 1.331842e+00  2.863701333729554790e+02  1.000000000000000000e+05  1.000000000000000000e+05  1.000000000000000000e+05
117 1639 2.769991e-01 1.333722e+00  2.863701333729554790e+02  1.000000000000000000e+05  1.000000000000000000e+05  1.000000000000000000e+05
118 1653 2.666052e-01 1.334133e+00  2.863701333729554790e+02  1.000000000000000000e+05  1.000000000000000000e+05  1.000000000000000000e+05
119 1667 2.563825e-01 1.334478e+00  2.863701333729554790e+02  1.000000000000000000e+05  1.000000000000000000e+05  1.000000000000000000e+05
120 1681 2.483247e-01 1.334772e+00  2.863701333729554790e+02  1.000000000000000000e+05  1.000000000000000000e+05  1.000000000000000000e+15
121 1695 2.392022e-01 1.335343e+00  2.863701333729554790e+02  1.000000000000000000e+05  1.000000000000000000e+05  1.000000000000000000e+05
122 1709 2.289651e-01 1.335759e+00  2.863701333729554790e+02  1.000000000000000000e+05  1.000000000000000000e+05  1.000000000000000000e+11
123 1723 2.212953e-01 1.337406e+00  2.863701333729554790e+02  1.000000000000000000e+05  1.000000000000000000e+05  1.000000000000000000e+15
124 1737 2.113899e-01 1.341670e+00  2.863701333729554790e+02  1.000000000000000000e+05  1.000000000000000000e+05  1.000000000000000000e+05
125 1751 2.033714e-01 1.342657e+00  2.863701333729554790e+02  1.000000000000000000e+05  1.000000000000000000e+05  1.000000000000000000e+18
126 1765 1.977572e-01 1.345810e+00  2.863701333729554790e+02  1.000000000000000000e+05  1.000000000000000000e+05  1.000000000000000000e+05
127 1779 1.942863e-01 1.351012e+00  2.863701333729554790e+02  1.000000000000000000e+05  1.000000000000000000e+05  1.000000000000000000e+13
128 1793 1.904103e-01 1.353629e+00  2.863701333729554790e+02  1.000000000000000000e+05  1.000000000000000000e+05  1.000000000000000000e+05
129 1807 1.877031e-01 1.357468e+00  2.863701333729554790e+02  1.000000000000000000e+05  1.000000000000000000e+05  1.000000000000000000e+05
130 1821 1.832539e-01 1.360351e+00  2.863701333729554790e+02  1.000000000000000000e+05  1.000000000000000000e+05  1.000000000000000000e+05
131 1835 1.787233e-01 1.364534e+00  2.863701333729554790e+02  1.000000000000000000e+05  1.000000000000000000e+05  1.000000000000000000e+05
132 1849 1.748321e-01 1.367982e+00  2.863701333729554790e+02  1.000000000000000000e+05  1.000000000000000000e+05  1.000000000000000000e+05
133 1863 1.718587e-01 1.368270e+00  2.863701333729554790e+02  1.000000000000000000e+05  1.000000000000000000e+05  1.000000000000000000e+05
134 1877 1.662977e-01 1.370982e+00  2.863701333729554790e+02  1.000000000000000000e+05  1.000000000000000000e+05  1.000000000000000000e+05
135 1891 1.602882e-01 1.370006e+00  2.863701333729554790e+02  1.000000000000000000e+05  1.000000000000000000e+05  1.000000000000000000e+05
136 1905 1.586941e-01 1.370489e+00  2.863701333729554790e+02  1.000000000000000000e+05  1.000000000000000000e+05  1.000000000000000000e+05
137 1919 1.566185e-01 1.371377e+00  2.863701333729554790e+02  1.000000000000000000e+05  1.000000000000000000e+05  1.000000000000000000e+05
138 1933 1.542528e-01 1.372175e+00  2.863701333729554790e+02  1.000000000000000000e+05  1.000000000000000000e+05  1.000000000000000000e+05
139 1947 1.515262e-01 1.371916e+00  2.863701333729554790e+02  1.000000000000000000e+05  1.000000000000000000e+05  1.000000000000000000e+05
140 1961 1.497180e-01 1.374647e+00  2.863701333729554790e+02  1.000000000000000000e+05  1.000000000000000000e+05  1.000000000000000000e+05
141 1975 1.476296e-01 1.377017e+00  2.863701333729554790e+02  1.000000000000000000e+05  1.000000000000000000e+05  1.000000000000000000e+05
142 1989 1.419944e-01 1.379262e+00  2.863701333729554790e+02  1.000000000000000000e+05  1.000000000000000000e+05  1.000000000000000000e+05
143 2003 1.898616e-01 1.378230e+00  2.863701333729554790e+02  1.000000000000000000e+05  1.000000000000000000e+05  1.000000000000000000e+05
144 2017 1.830190e-01 1.387085e+00  2.863701333729554790e+02  1.000000000000000000e+05  1.000000000000000000e+05  1.000000000000000000e+05
145 2031 1.776430e-01 1.384514e+00  2.863701333729554790e+02  1.000000000000000000e+05  1.000000000000000000e+05  1.000000000000000000e+05
146 2045 1.713858e-01 1.381627e+00  2.863701333729554790e+02  1.000000000000000000e+05  1.000000000000000000e+05  1.000000000000000000e+05
147 2059 1.651794e-01 1.385449e+00  2.863701333729554790e+02  1.000000000000000000e+05  1.000000000000000000e+05  1.000000000000000000e+05
148 2073 2.243772e-01 1.385925e+00  2.863701333729554790e+02  1.000000000000000000e+05  1.000000000000000000e+05  1.000000000000000000e+05
149 2087 2.185673e-01 1.391919e+00  2.863701333729554790e+02  1.000000000000000000e+05  1.000000000000000000e+05  1.000000000000000000e+05
150 2101 2.116942e-01 1.394494e+00  2.863701333729554790e+02  1.000000000000000000e+05  1.000000000000000000e+05  1.000000000000000000e+13
151 2115 2.046742e-01 1.397675e+00  2.863701333729554790e+02  1.000000000000000000e+05  1.000000000000000000e+05  1.000000000000000000e+13
152 2129 2.767519e-01 1.394516e+00  2.863701333729554790e+02  1.000000000000000000e+05  1.000000000000000000e+05  1.000000000000000000e+11
153 2143 2.709145e-01 1.395106e+00  2.863701333729554790e+02  1.000000000000000000e+05  1.000000000000000000e+05  1.000000000000000000e+13
154 2157 2.662581e-01 1.393670e+00  2.863701333729554790e+02  4.923678472351293749e+02  1.000000000000000000e+05  1.000000000000000000e+15
155 2171 2.641028e-01 1.394387e+00  2.863701333729554790e+02  1.000000000000000000e+05  1.000000000000000000e+05  1.000000000000000000e+13
156 2185 2.590870e-01 1.393507e+00  2.863701333729554790e+02  1.000000000000000000e+05  1.000000000000000000e+05  1.000000000000000000e+18
157 2199 2.505387e-01 1.394241e+00  2.863701333729554790e+02  7.029086554558439275e+02  1.000000000000000000e+05  1.000000000000000000e+18
158 2213 2.443614e-01 1.395928e+00  2.863701333729554790e+02  1.000000000000000000e+05  1.000000000000000000e+05  1.000000000000000000e+18
159 2227 2.389194e-01 1.395034e+00  2.863701333729554790e+02  4.422208977317668541e+02  1.000000000000000000e+05  1.000000000000000000e+11
160 2241 2.299821e-01 1.395511e+00  2.863701333729554790e+02  1.000000000000000000e+05  5.000000050000000000e+12  1.000000000000000000e+18
161 2255 2.168438e-01 1.397004e+00  2.863701333729554790e+02  1.000000000000000000e+05  1.000000000000000000e+05  1.000000000000000000e+11
162 2269 2.074058e-01 1.396972e+00  2.863701333729554790e+02  1.000000000000000000e+05  1.000000000000000000e+05  1.000000000000000000e+11
163 2283 2.000985e-01 1.399499e+00  2.863701333729554790e+02  1.000000000000000000e+05  1.000000000000000000e+05  1.000000000000000000e+05
164 2297 1.961085e-01 1.403264e+00  2.863701333729554790e+02  1.000000000000000000e+05  1.000000000000000000e+05  1.000000000000000000e+11
165 2311 1.917605e-01 1.403951e+00  2.863701333729554790e+02  1.000000000000000000e+05  1.000000000000000000e+05  1.000000000000000000e+18
166 2325 1.883572e-01 1.403725e+00  2.863701333729554790e+02  1.000000000000000000e+05  1.000000000000000000e+05  1.000000000000000000e+05
167 2339 1.836423e-01 1.405997e+00  2.863701333729554790e+02  1.000000000000000000e+05  1.000000000000000000e+05  1.000000000000000000e+17
168 2353 1.792752e-01 1.407020e+00  2.863701333729554790e+02  1.000000000000000000e+05  1.000000000000000000e+05  1.000000000000000000e+13
169 2367 1.746978e-01 1.409625e+00  2.863701333729554790e+02  1.000000000000000000e+05  1.000000000000000000e+05  1.000000000000000000e+13
170 2381 1.689567e-01 1.410242e+00  2.863701333729554790e+02  1.000000000000000000e+05  1.000000000000000000e+05  1.000000000000000000e+11
171 2395 1.615754e-01 1.409457e+00  2.863701333729554790e+02  1.000000000000000000e+05  1.000000000000000000e+05  1.000000000000000000e+13
172 2409 1.562416e-01 1.413622e+00  2.863701333729554790e+02  1.000000000000000000e+05  1.000000000000000000e+05  1.000000000000000000e+13
173 2423 1.501830e-01 1.412986e+00  2.863701333729554790e+02  1.000000000000000000e+05  1.000000000000000000e+05  1.000000000000000000e+05
174 2437 2.057200e-01 1.413087e+00  2.863701333729554790e+02  1.000000000000000000e+05  1.000000000000000000e+05  1.000000000000000000e+11
175 2451 2.019001e-01 1.414056e+00  2.863701333729554790e+02  1.000000000000000000e+05  1.000000000000000000e+05  1.000000000000000000e+15
176 2465 1.952228e-01 1.416465e+00  2.863701333729554790e+02  1.000000000000000000e+05  1.000000000000000000e+05  1.000000000000000000e+15
177 2479 1.871918e-01 1.424900e+00  2.863701333729554790e+02  1.000000000000000000e+05  1.000000000000000000e+05  1.000000000000000000e+05
178 2493 1.800271e-01 1.426837e+00  2.863701333729554790e+02  1.000000000000000000e+05  1.000000000000000000e+05  1.000000000000000000e+05
179 2507 2.423465e-01 1.430899e+00  2.863701333729554790e+02  1.000000000000000000e+05  1.000000000000000000e+05  1.000000000000000000e+05
180 2521 2.366112e-01 1.437855e+00  2.863701333729554790e+02  1.000000000000000000e+05  1.000000000000000000e+05  1.000000000000000000e+18
181 2535 2.310572e-01 1.437468e+00  2.863701333729554790e+02  1.000000000000000000e+05  1.000000000000000000e+05  1.000000000000000000e+05
182 2549 2.203504e-01 1.436178e+00  2.863701333729554790e+02  1.000000000000000000e+05  1.000000000000000000e+05  1.000000000000000000e+05
183 2563 2.087341e-01 1.439138e+00  2.863701333729554790e+02  1.000000000000000000e+05  1.000000000000000000e+05  1.000000000000000000e+11
184 2577 2.015794e-01 1.440659e+00  2.863701333729554790e+02  1.000000000000000000e+05  1.000000000000000000e+05  1.000000000000000000e+13
185 2591 1.951880e-01 1.443765e+00  2.863701333729554790e+02  1.000000000000000000e+05  1.000000000000000000e+05  1.000000000000000000e+11
186 2605 1.870331e-01 1.444208e+00  2.863701333729554790e+02  1.000000000000000000e+05  1.000000000000000000e+05  1.000000000000000000e+05
187 2619 1.829038e-01 1.443538e+00  2.863701333729554790e+02  1.000000000000000000e+05  1.000000000000000000e+05  1.000000000000000000e+05
188 2633 1.802290e-01 1.448030e+00  2.863701333729554790e+02  1.000000000000000000e+05  1.000000000000000000e+05  1.000000000000000000e+05
189 2647 2.524254e-01 1.452974e+00  2.863701333729554790e+02  1.000000000000000000e+05  1.000000000000000000e+05  1.000000000000000000e+05
190 2661 2.519897e-01 1.456103e+00  2.863701333729554790e+02  1.000000000000000000e+05  1.000000000000000000e+05  1.000000000000000000e+11
191 2675 2.475501e-01 1.458812e+00  2.863701333729554790e+02  1.000000000000000000e+05  1.000000000000000000e+05  1.000000000000000000e+15
192 2689 2.444069e-01 1.458392e+00  2.863701333729554790e+02  1.000000000000000000e+05  1.000000000000000000e+05  1.000000000000000000e+05
193 2703 2.375366e-01 1.456553e+00  2.863701333729554790e+02  1.000000000000000000e+05  1.000000000000000000e+05  1.000000000000000000e+15
194 2717 2.276514e-01 1.456658e+00  2.863701333729554790e+02  1.000000000000000000e+05  1.000000000000000000e+05  1.000000000000000000e+05
195 2731 2.197565e-01 1.457386e+00  2.863701333729554790e+02  1.000000000000000000e+05  1.000000000000000000e+05  1.000000000000000000e+05
196 2745 2.142357e-01 1.456045e+00  2.863701333729554790e+02  1.000000000000000000e+05  1.000000000000000000e+05  1.000000000000000000e+11
197 2759 2.030197e-01 1.455343e+00  2.863701333729554790e+02  1.000000000000000000e+05  1.000000000000000000e+05  1.000000000000000000e+11
198 2773 1.913511e-01 1.454197e+00  2.863701333729554790e+02  1.000000000000000000e+05  1.000000000000000000e+05  1.000000000000000000e+15
199 2787 1.853542e-01 1.450715e+00  2.863701333729554790e+02  1.000000000000000000e+05  1.000000000000000000e+05  1.000000000000000000e+11
200 2801 1.813994e-01 1.450304e+00  2.863701333729554790e+02  1.000000000000000000e+05  1.000000000000000000e+05  1.000000000000000000e+15
201 2815 1.761427e-01 1.450361e+00  2.863701333729554790e+02  1.000000000000000000e+05  1.000000000000000000e+05  1.000000000000000000e+11
202 2829 2.390321e-01 1.451516e+00  2.863701333729554790e+02  1.000000000000000000e+05  1.000000000000000000e+05  1.000000000000000000e+11
203 2843 2.342051e-01 1.450613e+00  2.863701333729554790e+02  1.000000000000000000e+05  1.000000000000000000e+05  1.000000000000000000e+15
204 2857 2.300209e-01 1.449889e+00  2.863701333729554790e+02  1.000000000000000000e+05  1.000000000000000000e+05  1.000000000000000000e+15
205 2871 2.222551e-01 1.451075e+00  2.863701333729554790e+02  1.000000000000000000e+05  1.000000000000000000e+05  1.000000000000000000e+05
206 2885 2.088882e-01 1.447167e+00  2.863701333729554790e+02  1.000000000000000000e+05  1.000000000000000000e+05  1.000000000000000000e+05
207 2899 1.966115e-01 1.450057e+00  2.863701333729554790e+02  1.000000000000000000e+05  1.000000000000000000e+05  1.000000000000000000e+05
208 2913 1.867948e-01 1.449681e+00  2.863701333729554790e+02  1.000000000000000000e+05  1.000000000000000000e+05  1.000000000000000000e+05
209 2927 2.473184e-01 1.451263e+00  2.863701333729554790e+02  1.000000000000000000e+05  1.000000000000000000e+05  1.000000000000000000e+11
210 2941 2.352004e-01 1.450015e+00  2.863701333729554790e+02  1.000000000000000000e+05  1.000000000000000000e+05  1.000000000000000000e+15
211 2955 2.247613e-01 1.450590e+00  2.863701333729554790e+02  1.000000000000000000e+05  1.000000000000000000e+05  1.000000000000000000e+15
212 2969 2.205864e-01 1.452512e+00  2.863701333729554790e+02  1.000000000000000000e+05  1.000000000000000000e+05  1.000000000000000000e+11
213 2983 2.158665e-01 1.453257e+00  2.863701333729554790e+02  1.000000000000000000e+05  1.000000000000000000e+05  1.000000000000000000e+16
214 2997 2.065489e-01 1.451118e+00  2.863701333729554790e+02  1.000000000000000000e+05  1.000000000000000000e+05  1.000000000000000000e+11
215 3011 2.001792e-01 1.455196e+00  2.863701333729554790e+02  1.000000000000000000e+05  1.000000000000000000e+05  1.000000000000000000e+11
216 3025 1.956772e-01 1.456451e+00  2.863701333729554790e+02  1.000000000000000000e+05  1.000000000000000000e+05  1.000000000000000000e+05
217 3039 2.634399e-01 1.455411e+00  2.863701333729554790e+02  1.000000000000000000e+05  1.000000000000000000e+05  1.000000000000000000e+11
218 3053 2.522513e-01 1.458926e+00  2.863701333729554790e+02  1.000000000000000000e+05  1.000000000000000000e+05  1.000000000000000000e+13
219 3067 2.443373e-01 1.458423e+00  2.863701333729554790e+02  1.000000000000000000e+05  1.000000000000000000e+05  1.000000000000000000e+05
220 3081 2.387663e-01 1.457003e+00  2.863701333729554790e+02  1.000000000000000000e+05  1.000000000000000000e+05  1.000000000000000000e+15
221 3095 2.281234e-01 1.457964e+00  2.863701333729554790e+02  1.000000000000000000e+05  1.000000000000000000e+05  1.000000000000000000e+15
222 3109 2.163260e-01 1.457722e+00  2.863701333729554790e+02  1.000000000000000000e+05  1.000000000000000000e+05  1.000000000000000000e+11
223 3123 2.068380e-01 1.460448e+00  2.863701333729554790e+02  1.000000000000000000e+05  1.000000000000000000e+05  1.000000000000000000e+05
224 3137 1.983014e-01 1.459287e+00  2.863701333729554790e+02  1.000000000000000000e+05  1.000000000000000000e+05  1.000000000000000000e+15
225 3151 1.894377e-01 1.459148e+00  2.863701333729554790e+02  1.000000000000000000e+05  1.000000000000000000e+05  1.000000000000000000e+05
226 3165 1.831172e-01 1.460836e+00  2.863701333729554790e+02  1.000000000000000000e+05  1.000000000000000000e+05  1.000000000000000000e+05
227 3179 1.787729e-01 1.460896e+00  2.863701333729554790e+02  1.000000000000000000e+05  1.000000000000000000e+05  1.000000000000000000e+05
228 3193 1.748134e-01 1.464520e+00  2.863701333729554790e+02  1.000000000000000000e+05  1.000000000000000000e+05  1.000000000000000000e+11
229 3207 1.730937e-01 1.470136e+00  2.863701333729554790e+02  1.000000000000000000e+05  1.000000000000000000e+05  1.000000000000000000e+05
230 3221 1.701692e-01 1.469528e+00  2.863701333729554790e+02  1.000000000000000000e+05  1.000000000000000000e+05  1.000000000000000000e+05
231 3235 1.652149e-01 1.471366e+00  2.863701333729554790e+02  1.000000000000000000e+05  1.000000000000000000e+05  1.000000000000000000e+15
232 3249 1.620126e-01 1.475478e+00  2.863701333729554790e+02  1.391599424268593566e+03  1.000000000000000000e+05  1.000000000000000000e+05
233 3263 1.583763e-01 1.474964e+00  2.863701333729554790e+02  1.000000000000000000e+05  1.000000000000000000e+05  1.000000000000000000e+05
234 3277 2.093907e-01 1.476573e+00  2.863701333729554790e+02  1.000000000000000000e+05  1.000000000000000000e+05  1.000000000000000000e+05
235 3291 2.019251e-01 1.476975e+00  2.863701333729554790e+02  1.000000000000000000e+05  1.000000000000000000e+05  1.000000000000000000e+05
236 3305 1.958481e-01 1.475450e+00  2.863701333729554790e+02  1.000000000000000000e+05  1.000000000000000000e+05  1.000000000000000000e+05
237 3319 1.861648e-01 1.474332e+00  2.863701333729554790e+02  1.000000000000000000e+05  1.000000000000000000e+05  1.000000000000000000e+11
238 3333 1.799045e-01 1.474664e+00  2.863701333729554790e+02  1.000000000000000000e+05  1.000000000000000000e+05  1.000000000000000000e+05
239 3347 1.748907e-01 1.472855e+00  2.863701333729554790e+02  1.000000000000000000e+05  1.000000000000000000e+05  1.000000000000000000e+05
240 3361 2.373696e-01 1.470858e+00  2.863701333729554790e+02  1.000000000000000000e+05  1.000000000000000000e+05  1.000000000000000000e+05
241 3375 2.341414e-01 1.470243e+00  2.863701333729554790e+02  1.000000000000000000e+05  1.000000000000000000e+05  1.000000000000000000e+05
242 3389 2.312521e-01 1.469859e+00  2.863701333729554790e+02  1.000000000000000000e+05  1.000000000000000000e+05  1.000000000000000000e+05
243 3403 2.255844e-01 1.472812e+00  2.863701333729554790e+02  1.000000000000000000e+05  1.000000000000000000e+05  1.000000000000000000e+05
244 3417 2.183304e-01 1.473263e+00  2.863701333729554790e+02  1.000000000000000000e+05  1.000000000000000000e+05  1.000000000000000000e+11
245 3431 2.122914e-01 1.479493e+00  2.863701333729554790e+02  1.000000000000000000e+05  1.000000000000000000e+05  1.000000000000000000e+05
246 3445 2.038285e-01 1.480707e+00  2.863701333729554790e+02  1.000000000000000000e+05  1.000000000000000000e+05  1.000000000000000000e+05
247 3459 1.951083e-01 1.481972e+00  2.863701333729554790e+02  1.000000000000000000e+05  1.000000000000000000e+05  1.000000000000000000e+05
248 3473 1.864333e-01 1.483773e+00  2.863701333729554790e+02  1.000000000000000000e+05  1.000000000000000000e+05  1.000000000000000000e+05
249 3487 1.807767e-01 1.482881e+00  2.863701333729554790e+02  1.000000000000000000e+05  1.000000000000000000e+05  1.000000000000000000e+05
250 3501 2.431276e-01 1.483857e+00  2.863701333729554790e+02  1.000000000000000000e+05  1.000000000000000000e+05  1.000000000000000000e+05
251 3515 2.350350e-01 1.483359e+00  2.863701333729554790e+02  1.000000000000000000e+05  1.000000000000000000e+05  1.000000000000000000e+05
252 3529 2.269204e-01 1.484316e+00  2.863701333729554790e+02  1.000000000000000000e+05  1.000000000000000000e+05  1.000000000000000000e+05
253 3543 2.197307e-01 1.484114e+00  2.863701333729554790e+02  1.000000000000000000e+05  1.000000000000000000e+05  1.000000000000000000e+05
254 3557 2.151647e-01 1.483248e+00  2.863701333729554790e+02  1.000000000000000000e+05  1.000000000000000000e+05  1.000000000000000000e+05
255 3571 2.121806e-01 1.482781e+00  2.863701333729554790e+02  1.000000000000000000e+05  1.000000000000000000e+05  1.000000000000000000e+13
256 3585 2.069512e-01 1.485364e+00  2.863701333729554790e+02  1.000000000000000000e+05  1.000000000000000000e+05  1.000000000000000000e+05
257 3599 1.966277e-01 1.481925e+00  2.863701333729554790e+02  1.000000000000000000e+05  1.000000000000000000e+05  1.000000000000000000e+05
258 3613 2.627671e-01 1.480205e+00  2.863701333729554790e+02  1.000000000000000000e+05  1.000000000000000000e+05  1.000000000000000000e+13
259 3627 2.541605e-01 1.484952e+00  2.863701333729554790e+02  1.000000000000000000e+05  1.000000000000000000e+05  1.000000000000000000e+13
260 3641 2.455667e-01 1.487052e+00  2.863701333729554790e+02  1.000000000000000000e+05  1.000000000000000000e+05  1.000000000000000000e+05
261 3655 2.410684e-01 1.484552e+00  2.863701333729554790e+02  1.000000000000000000e+05  1.000000000000000000e+05  1.000000000000000000e+13
262 3669 2.355059e-01 1.483886e+00  2.863701333729554790e+02  1.000000000000000000e+05  1.000000000000000000e+05  1.000000000000000000e+05
263 3683 2.277414e-01 1.482872e+00  2.863701333729554790e+02  1.000000000000000000e+05  1.000000000000000000e+05  1.000000000000000000e+05
264 3697 2.211931e-01 1.484439e+00  2.863701333729554790e+02  1.000000000000000000e+05  1.000000000000000000e+05  1.000000000000000000e+05
265 3711 2.151524e-01 1.493036e+00  2.863701333729554790e+02  1.000000000000000000e+05  1.000000000000000000e+05  1.000000000000000000e+05
266 3725 2.116638e-01 1.498299e+00  2.863701333729554790e+02  1.000000000000000000e+05  1.000000000000000000e+05  1.000000000000000000e+05
267 3739 2.089804e-01 1.508797e+00  2.863701333729554790e+02  1.000000000000000000e+05  1.000000000000000000e+05  1.000000000000000000e+05
268 3753 2.005281e-01 1.515636e+00  2.863701333729554790e+02  1.000000000000000000e+05  1.000000000000000000e+05  1.000000000000000000e+05
269 3767 1.925372e-01 1.521029e+00  2.863701333729554790e+02  1.000000000000000000e+05  1.000000000000000000e+05  1.000000000000000000e+05
270 3781 2.584576e-01 1.523981e+00  2.863701333729554790e+02  1.000000000000000000e+05  1.000000000000000000e+05  1.000000000000000000e+13
271 3795 2.511672e-01 1.532490e+00  2.863701333729554790e+02  1.000000000000000000e+05  1.000000000000000000e+05  1.000000000000000000e+15
272 3809 2.449205e-01 1.537983e+00  2.863701333729554790e+02  1.000000000000000000e+05  1.000000000000000000e+05  1.000000000000000000e+13
273 3823 2.384244e-01 1.541181e+00  2.863701333729554790e+02  1.000000000000000000e+05  1.000000000000000000e+05  1.000000000000000000e+15
274 3837 2.320990e-01 1.541310e+00  2.863701333729554790e+02  1.000000000000000000e+05  1.000000000000000000e+05  1.000000000000000000e+05
275 3851 2.246251e-01 1.541424e+00  2.863701333729554790e+02  1.000000000000000000e+05  1.000000000000000000e+05  1.000000000000000000e+05
276 3865 2.185638e-01 1.543975e+00  2.863701333729554790e+02  1.000000000000000000e+05  1.000000000000000000e+05  1.000000000000000000e+05
277 3879 2.126523e-01 1.544457e+00  2.863701333729554790e+02  1.000000000000000000e+05  1.000000000000000000e+05  1.000000000000000000e+05
278 3893 2.061318e-01 1.534275e+00  2.863701333729554790e+02  1.000000000000000000e+05  1.000000000000000000e+05  1.000000000000000000e+11
279 3907 1.992871e-01 1.535829e+00  2.863701333729554790e+02  1.000000000000000000e+05  1.000000000000000000e+05  1.000000000000000000e+05
280 3921 1.936627e-01 1.539860e+00  2.863701333729554790e+02  1.000000000000000000e+05  1.000000000000000000e+05  1.000000000000000000e+16
281 3935 1.894780e-01 1.543116e+00  2.863701333729554790e+02  1.000000000000000000e+05  1.000000000000000000e+05  1.000000000000000000e+15
282 3949 2.568785e-01 1.546020e+00  2.863701333729554790e+02  1.000000000000000000e+05  1.000000000000000000e+05  1.000000000000000000e+11
283 3963 2.472081e-01 1.550475e+00  2.863701333729554790e+02  1.000000000000000000e+05  1.000000000000000000e+05  1.000000000000000000e+05
284 3977 2.367187e-01 1.553261e+00  2.863701333729554790e+02  1.000000000000000000e+05  1.000000000000000000e+05  1.000000000000000000e+13
285 3991 2.297468e-01 1.553236e+00  2.863701333729554790e+02  1.000000000000000000e+05  1.000000000000000000e+05  1.000000000000000000e+05
286 4005 2.255135e-01 1.550924e+00  2.863701333729554790e+02  1.000000000000000000e+05  1.000000000000000000e+05  1.000000000000000000e+05
287 4019 2.201525e-01 1.549830e+00  2.863701333729554790e+02  1.000000000000000000e+05  1.000000000000000000e+05  1.000000000000000000e+05
288 4033 2.115699e-01 1.553395e+00  2.863701333729554790e+02  1.000000000000000000e+05  1.000000000000000000e+05  1.000000000000000000e+05
289 4047 2.044611e-01 1.552311e+00  2.863701333729554790e+02  1.000000000000000000e+05  1.000000000000000000e+05  1.000000000000000000e+05
290 4061 1.958251e-01 1.547886e+00  2.863701333729554790e+02  1.000000000000000000e+05  1.000000000000000000e+05  1.000000000000000000e+05
291 4075 1.865354e-01 1.547719e+00  2.863701333729554790e+02  1.000000000000000000e+05  1.000000000000000000e+05  1.000000000000000000e+05
292 4089 1.769280e-01 1.545137e+00  2.863701333729554790e+02  1.000000000000000000e+05  1.000000000000000000e+05  1.000000000000000000e+05
293 4103 2.353954e-01 1.543652e+00  2.863701333729554790e+02  1.000000000000000000e+05  1.000000000000000000e+05  1.000000000000000000e+05
294 4117 2.272132e-01 1.549910e+00  2.863701333729554790e+02  1.000000000000000000e+05  1.000000000000000000e+05  1.000000000000000000e+11
295 4131 2.210956e-01 1.554633e+00  2.863701333729554790e+02  1.000000000000000000e+05  1.000000000000000000e+05  1.000000000000000000e+11
296 4145 2.157121e-01 1.559244e+00  2.863701333729554790e+02  1.000000000000000000e+05  1.000000000000000000e+05  1.000000000000000000e+11
297 4159 2.177871e-01 1.574446e+00  2.863701333729554790e+02  1.000000000000000000e+05  1.000000000000000000e+05  1.000000000000000000e+11
298 4173 2.170171e-01 1.573875e+00  2.863701333729554790e+02  1.000000000000000000e+05  1.000000000000000000e+05  1.000000000000000000e+11
299 4187 2.135902e-01 1.577380e+00  2.863701333729554790e+02  1.000000000000000000e+05  1.000000000000000000e+05  1.000000000000000000e+11
300 4201 2.928544e-01 1.582417e+00  2.863701333729554790e+02  1.000000000000000000e+05  1.000000000000000000e+05  1.000000000000000000e+11
301 4215 2.863425e-01 1.585048e+00  2.863701333729554790e+02  1.000000000000000000e+05  1.000000000000000000e+05  1.000000000000000000e+05
302 4229 2.800503e-01 1.589901e+00  2.863701333729554790e+02  1.000000000000000000e+05  1.000000000000000000e+05  1.000000000000000000e+05
303 4243 2.701775e-01 1.592594e+00  2.863701333729554790e+02  1.000000000000000000e+05  1.000000000000000000e+05  1.000000000000000000e+11
304 4257 2.627248e-01 1.593162e+00  2.863701333729554790e+02  1.000000000000000000e+05  1.000000000000000000e+05  1.000000000000000000e+05
305 4271 2.532326e-01 1.590708e+00  2.863701333729554790e+02  1.000000000000000000e+05  1.000000000000000000e+05  1.000000000000000000e+05
306 4285 2.423524e-01 1.589307e+00  2.863701333729554790e+02  1.000000000000000000e+05  1.000000000000000000e+05  1.000000000000000000e+05
307 4299 2.339482e-01 1.592857e+00  2.863701333729554790e+02  1.000000000000000000e+05  1.000000000000000000e+05  1.000000000000000000e+05
308 4313 2.283825e-01 1.593249e+00  2.863701333729554790e+02  1.000000000000000000e+05  1.000000000000000000e+05  1.000000000000000000e+05
309 4327 2.199822e-01 1.589622e+00  2.863701333729554790e+02  1.000000000000000000e+05  1.000000000000000000e+05  1.000000000000000000e+05
310 4341 2.115841e-01 1.589643e+00  2.863701333729554790e+02  1.000000000000000000e+05  1.000000000000000000e+05  1.000000000000000000e+11
311 4355 2.019698e-01 1.588016e+00  2.863701333729554790e+02  1.000000000000000000e+05  1.000000000000000000e+05  1.000000000000000000e+05
312 4369 1.946390e-01 1.590286e+00  2.863701333729554790e+02  1.000000000000000000e+05  1.000000000000000000e+05  1.000000000000000000e+05
313 4383 2.591167e-01 1.588382e+00  2.863701333729554790e+02  1.000000000000000000e+05  1.000000000000000000e+05  1.000000000000000000e+05
314 4397 2.473978e-01 1.588661e+00  2.863701333729554790e+02  1.000000000000000000e+05  1.000000000000000000e+05  1.000000000000000000e+13
315 4411 3.279982e-01 1.593665e+00  2.863701333729554790e+02  1.000000000000000000e+05  1.000000000000000000e+05  1.000000000000000000e+05
