%  columns="iteration, evaluation, void, void, void, xmean" (startseed=208440, 2023/08/21 12:18:2.55)
0 1 0 0 0 5.000000e-01 7.500000e-01 7.500000e-01 5.000000e-01 5.000000e-01 5.000000e-01 2.500000e-01 2.500000e-01 5.000000e-01 2.500000e-01 7.500000e-01 2.500000e-01 2.500000e-01 2.500000e-01 2.500000e-01 5.000000e-01 2.500000e-01 7.500000e-01 5.000000e-01 2.500000e-01 7.500000e-01 7.500000e-01 5.000000e-01 2.500000e-01 2.500000e-01 5.000000e-01 5.000000e-01 2.500000e-01 5.000000e-01 7.500000e-01 2.500000e-01 2.500000e-01 2.500000e-01 2.500000e-01 
1 15 0 0 0 5.515627e-01 9.848347e-01 5.906056e-01 6.059525e-01 4.923738e-01 6.012837e-01 3.829626e-01 5.195349e-01 5.129004e-01 3.307444e-01 1.009512e+00 1.324210e-01 1.506962e-02 9.901312e-02 4.668457e-01 3.267905e-01 1.628017e-01 7.478581e-01 5.083305e-01 2.606174e-01 9.768679e-01 9.223307e-01 4.766821e-01 2.935497e-01 -1.847346e-01 2.885640e-01 8.663385e-01 4.195941e-01 5.051367e-01 7.686036e-01 3.026174e-01 1.528429e-01 -7.721519e-02 1.811086e-01 
2 29 0 0 0 6.604992e-01 1.035545e+00 5.761656e-01 8.108115e-01 7.260136e-01 6.172942e-01 3.917919e-01 3.151724e-01 3.332997e-01 3.226765e-01 8.954771e-01 2.714031e-01 1.168895e-01 -7.585270e-03 5.547866e-01 2.739460e-01 1.468617e-01 6.227411e-01 5.198375e-01 2.304087e-02 8.414168e-01 9.486470e-01 3.886009e-01 1.494485e-01 -2.957999e-02 3.386736e-01 9.679091e-01 1.090975e-01 3.981999e-01 7.922182e-01 5.824215e-01 2.569922e-01 7.535025e-02 3.080041e-01 
3 43 0 0 0 5.506961e-01 1.117727e+00 6.657119e-01 9.254117e-01 5.771066e-01 5.888836e-01 6.704945e-01 3.778207e-01 2.642190e-01 1.931803e-01 8.359155e-01 2.188829e-01 7.659323e-02 1.459263e-01 5.556879e-01 3.183599e-01 1.822088e-01 5.446152e-01 6.548000e-01 2.376589e-01 7.983499e-01 9.371396e-01 5.865859e-01 3.535875e-01 1.127932e-01 4.367376e-01 9.141838e-01 1.845189e-01 5.514515e-01 8.057345e-01 6.224280e-01 4.620185e-02 2.236292e-01 5.823973e-01 
4 57 0 0 0 6.337050e-01 9.143080e-01 7.421078e-01 9.212572e-01 5.543977e-01 5.759202e-01 7.438350e-01 1.742031e-01 2.201125e-01 3.195980e-01 9.159978e-01 1.289632e-01 7.277184e-02 3.025160e-01 6.819470e-01 5.512356e-01 1.819812e-01 2.703141e-01 6.187080e-01 3.078927e-01 7.525778e-01 8.951094e-01 4.797143e-01 4.083332e-01 8.728173e-02 3.607552e-01 7.907768e-01 1.208513e-01 4.376243e-01 6.446327e-01 7.961874e-01 1.584372e-01 3.168164e-01 3.605954e-01 
5 71 0 0 0 4.394600e-01 8.429160e-01 8.096842e-01 1.015153e+00 5.356972e-01 6.383960e-01 8.748944e-01 7.194710e-02 4.296225e-01 3.783769e-01 8.559280e-01 3.065207e-01 2.004856e-01 3.485735e-01 3.810768e-01 6.201150e-01 1.125522e-01 2.220958e-01 5.829767e-01 1.490168e-01 8.748873e-01 7.249254e-01 5.890077e-01 5.646991e-01 1.440317e-01 2.564732e-01 9.217025e-01 9.189071e-02 4.022382e-01 5.054902e-01 8.184315e-01 2.623984e-01 2.379212e-01 2.728299e-01 
6 85 0 0 0 4.586519e-01 6.263695e-01 6.614369e-01 1.000520e+00 6.207264e-01 6.206807e-01 9.049658e-01 7.406710e-02 5.198183e-01 2.759711e-01 8.372784e-01 3.880991e-01 1.817242e-01 4.440512e-01 1.958170e-01 7.122724e-01 8.004487e-02 1.438089e-01 4.026573e-01 4.228052e-02 8.754310e-01 6.042876e-01 8.155861e-01 6.216750e-01 1.367644e-01 1.689833e-01 9.851337e-01 1.974194e-01 5.200589e-01 5.788066e-01 9.535448e-01 2.715968e-01 1.822034e-01 4.514721e-01 
7 99 0 0 0 5.769329e-01 4.454262e-01 7.868749e-01 9.373827e-01 7.096276e-01 7.050336e-01 8.740351e-01 1.167186e-01 5.449613e-01 3.446325e-01 8.114185e-01 5.041454e-01 5.999405e-02 4.216727e-01 3.225460e-01 7.297811e-01 3.359206e-01 2.845913e-01 1.919682e-01 7.193130e-02 8.625269e-01 6.793363e-01 5.752751e-01 5.473488e-01 1.350001e-01 2.249411e-01 9.168455e-01 1.344402e-01 4.830567e-01 6.456265e-01 9.882227e-01 1.702857e-01 3.382049e-01 2.754838e-01 
8 113 0 0 0 5.140418e-01 6.762215e-01 7.925908e-01 8.899732e-01 7.601725e-01 6.704191e-01 7.301327e-01 1.157764e-01 6.033352e-01 2.164959e-01 7.532883e-01 3.657515e-01 1.414993e-02 4.008374e-01 4.670038e-01 6.910044e-01 2.617835e-01 3.066099e-01 2.672389e-01 1.123463e-01 1.038141e+00 6.105124e-01 6.630141e-01 6.318529e-01 2.568624e-01 1.809160e-01 1.061688e+00 1.788572e-01 4.976162e-01 5.052360e-01 1.003924e+00 3.466930e-01 5.890519e-01 3.569506e-01 
9 127 0 0 0 6.567601e-01 6.990720e-01 8.618723e-01 9.345488e-01 8.138506e-01 5.683208e-01 6.286352e-01 1.834917e-01 6.141367e-01 2.110361e-01 6.960808e-01 2.705222e-01 8.964017e-03 2.646916e-01 3.233709e-01 5.304435e-01 3.371595e-01 9.255271e-02 2.442335e-01 1.927904e-01 9.588973e-01 7.680427e-01 6.507723e-01 6.348630e-01 4.292586e-01 2.574438e-01 9.877504e-01 3.236049e-01 4.297925e-01 4.531208e-01 9.826407e-01 3.901077e-01 4.493484e-01 4.624792e-01 
10 141 0 0 0 6.079882e-01 5.589217e-01 8.527884e-01 9.627552e-01 8.579170e-01 4.405743e-01 5.433024e-01 1.575745e-01 6.801769e-01 1.701042e-01 5.309065e-01 3.905242e-01 5.379084e-02 4.452266e-01 2.407593e-01 5.037714e-01 3.361230e-01 2.635676e-01 2.998387e-01 3.615500e-01 8.695728e-01 7.139629e-01 8.628657e-01 6.291007e-01 3.207753e-01 3.360350e-01 9.648070e-01 3.532145e-01 4.344997e-01 3.728394e-01 9.121161e-01 1.733426e-01 4.856428e-01 3.418506e-01 
11 155 0 0 0 4.948757e-01 5.282587e-01 7.994126e-01 1.005683e+00 8.413357e-01 6.645803e-01 6.811285e-01 4.176121e-01 7.624468e-01 1.628024e-01 5.478794e-01 3.274770e-01 4.375616e-02 3.928895e-01 2.682468e-01 3.271513e-01 2.758175e-01 2.423141e-01 2.760970e-01 4.672985e-01 8.038657e-01 7.910250e-01 9.549795e-01 7.466368e-01 2.512805e-01 3.109513e-01 9.493199e-01 5.037086e-01 5.285211e-01 3.913360e-01 9.403971e-01 8.288678e-02 5.243586e-01 4.060826e-01 
12 169 0 0 0 5.059694e-01 6.930818e-01 8.983956e-01 1.000067e+00 9.272641e-01 5.631041e-01 5.640139e-01 3.518718e-01 5.742312e-01 2.592141e-01 5.871964e-01 2.500985e-01 1.966761e-01 2.445488e-01 3.163181e-01 2.748723e-01 5.040275e-01 3.486120e-01 1.752924e-01 5.220175e-01 7.961997e-01 8.143950e-01 9.559946e-01 7.207261e-01 2.168082e-01 3.682840e-01 8.530849e-01 4.959748e-01 5.458679e-01 2.960910e-01 9.501083e-01 3.606586e-02 5.994853e-01 5.576388e-01 
13 183 0 0 0 5.782731e-01 8.141865e-01 8.579408e-01 8.594381e-01 8.243373e-01 6.128544e-01 5.167003e-01 2.350543e-01 5.100002e-01 3.668573e-01 6.931926e-01 3.639274e-01 2.204042e-01 2.930938e-01 4.052305e-01 3.107904e-01 5.953791e-01 3.253219e-01 3.064438e-01 5.872642e-01 7.818541e-01 7.698190e-01 1.027843e+00 5.912168e-01 1.850819e-01 1.924937e-01 7.812991e-01 5.746282e-01 3.585815e-01 3.298363e-01 8.179849e-01 7.618564e-03 6.953203e-01 6.015444e-01 
14 197 0 0 0 5.939949e-01 7.936450e-01 7.556249e-01 9.389376e-01 7.490540e-01 5.500159e-01 5.560361e-01 2.380785e-01 4.204856e-01 2.393713e-01 4.680477e-01 2.976523e-01 3.076417e-01 2.610413e-01 4.662564e-01 3.302802e-01 6.607257e-01 2.848102e-01 2.719357e-01 5.233078e-01 7.161024e-01 7.688695e-01 8.567062e-01 6.002422e-01 6.708566e-02 2.504633e-01 7.736345e-01 4.401494e-01 5.404481e-01 4.707878e-01 8.751032e-01 1.169059e-01 7.744214e-01 6.761927e-01 
15 211 0 0 0 4.595529e-01 8.268607e-01 5.916190e-01 8.560233e-01 6.378416e-01 5.453531e-01 5.968311e-01 1.386798e-01 3.954707e-01 1.325010e-01 4.697775e-01 3.444044e-01 3.352850e-01 3.522352e-01 4.610598e-01 4.284380e-01 6.985783e-01 1.405546e-01 4.793097e-01 5.529969e-01 6.935590e-01 7.941792e-01 8.436873e-01 8.116796e-01 7.965691e-02 3.145718e-01 8.853969e-01 4.373257e-01 4.320707e-01 6.042320e-01 9.244890e-01 8.743173e-02 7.514113e-01 6.978398e-01 
16 225 0 0 0 3.464137e-01 8.597521e-01 4.649360e-01 7.889623e-01 5.783170e-01 5.392963e-01 6.421799e-01 1.768683e-01 3.403308e-01 1.075718e-01 4.808355e-01 3.221048e-01 3.773574e-01 4.259005e-01 4.414904e-01 4.152857e-01 7.498035e-01 1.461801e-01 4.271387e-01 4.900172e-01 5.960869e-01 7.863676e-01 7.325865e-01 8.853803e-01 8.933760e-02 2.844762e-01 9.250445e-01 3.152046e-01 5.628894e-01 6.685722e-01 9.149223e-01 1.623347e-01 8.159519e-01 7.094425e-01 
17 239 0 0 0 2.822940e-01 6.500962e-01 6.114272e-01 8.025249e-01 5.322774e-01 4.648138e-01 6.308554e-01 5.843140e-02 3.513382e-01 1.465254e-01 4.904776e-01 2.292711e-01 3.344915e-01 6.073821e-01 4.131512e-01 4.563814e-01 7.438251e-01 2.668636e-01 3.866657e-01 4.381868e-01 7.536042e-01 7.456144e-01 7.402872e-01 7.763584e-01 1.675226e-01 3.473355e-01 8.066033e-01 3.519047e-01 6.582924e-01 6.503781e-01 7.421992e-01 1.461616e-01 6.628212e-01 7.462667e-01 
18 253 0 0 0 1.887757e-01 7.079883e-01 5.932830e-01 8.393221e-01 5.567559e-01 4.359977e-01 5.624006e-01 1.947903e-01 2.909648e-01 1.766226e-01 4.333474e-01 2.571920e-01 3.497383e-01 5.376608e-01 4.540761e-01 4.854205e-01 6.844656e-01 3.222043e-01 3.061176e-01 5.114374e-01 7.909706e-01 7.689490e-01 6.335761e-01 7.975175e-01 1.466563e-01 2.542849e-01 8.479940e-01 3.706193e-01 7.469614e-01 6.357806e-01 7.265308e-01 1.134902e-01 7.404297e-01 7.162769e-01 
19 267 0 0 0 2.059502e-01 6.403456e-01 5.382939e-01 7.120438e-01 4.411568e-01 3.749462e-01 5.913465e-01 1.259104e-01 4.294124e-01 1.854844e-01 3.012690e-01 1.789609e-01 3.419600e-01 3.451393e-01 3.920141e-01 5.361202e-01 7.199348e-01 3.547071e-01 2.864335e-01 3.849456e-01 7.794227e-01 5.372636e-01 7.845092e-01 7.356599e-01 1.369404e-01 1.759290e-01 8.864563e-01 2.580835e-01 7.537706e-01 6.447553e-01 7.696689e-01 9.151380e-02 7.630613e-01 5.298207e-01 
20 281 0 0 0 3.401286e-01 5.832981e-01 5.783645e-01 6.996068e-01 3.994690e-01 4.540850e-01 5.612112e-01 1.510637e-01 4.054611e-01 1.510901e-01 3.765448e-01 1.438343e-01 4.272459e-01 3.215690e-01 3.927368e-01 4.702849e-01 7.788907e-01 2.876970e-01 2.865845e-01 4.193955e-01 6.961395e-01 5.601532e-01 7.053750e-01 7.353426e-01 1.528012e-01 2.489583e-01 8.501184e-01 2.575559e-01 7.462798e-01 7.179620e-01 7.474232e-01 1.212288e-01 5.843917e-01 4.603959e-01 
21 295 0 0 0 4.691070e-01 6.795324e-01 6.751932e-01 5.815021e-01 3.567011e-01 4.709360e-01 6.185765e-01 1.352861e-01 4.617044e-01 1.681575e-01 3.225896e-01 2.675661e-01 3.783886e-01 3.151589e-01 4.348778e-01 4.625512e-01 6.645454e-01 3.600410e-01 2.942494e-01 4.738579e-01 6.941367e-01 6.119888e-01 5.508345e-01 6.784372e-01 2.286031e-01 3.651366e-01 7.815437e-01 2.455767e-01 9.116677e-01 5.293723e-01 7.420650e-01 2.291854e-01 6.582449e-01 4.265155e-01 
22 309 0 0 0 5.225364e-01 7.382410e-01 5.103631e-01 5.585635e-01 3.823168e-01 4.682264e-01 4.829967e-01 1.186162e-01 4.462830e-01 1.506040e-01 3.764838e-01 3.867760e-01 3.359036e-01 3.679038e-01 5.715001e-01 6.028792e-01 7.953923e-01 3.307582e-01 3.833583e-01 5.347736e-01 8.196632e-01 6.502271e-01 6.148900e-01 6.231550e-01 2.556464e-01 2.168254e-01 7.688127e-01 3.043653e-01 8.203956e-01 6.001379e-01 8.092367e-01 2.191252e-01 6.687321e-01 6.297437e-01 
23 323 0 0 0 4.524459e-01 8.085546e-01 4.188365e-01 5.759351e-01 4.024665e-01 4.365639e-01 5.116630e-01 2.548835e-02 3.865026e-01 1.281483e-01 3.472200e-01 3.194639e-01 3.332902e-01 3.645566e-01 5.867409e-01 6.648768e-01 7.196154e-01 3.026638e-01 3.708988e-01 3.967153e-01 7.231658e-01 6.563214e-01 5.981986e-01 7.383534e-01 2.778915e-01 1.818840e-01 8.900796e-01 2.937460e-01 8.449398e-01 5.173688e-01 7.804147e-01 1.104714e-01 7.362452e-01 6.883385e-01 
24 337 0 0 0 4.829584e-01 8.465879e-01 3.519735e-01 5.637583e-01 3.058019e-01 5.203698e-01 4.971178e-01 1.697732e-02 3.756488e-01 1.351524e-01 3.758471e-01 2.523038e-01 2.898589e-01 4.221363e-01 6.654664e-01 7.062166e-01 7.791432e-01 3.485396e-01 3.008629e-01 4.480530e-01 8.777602e-01 6.553844e-01 6.353647e-01 6.627365e-01 1.718272e-01 1.029895e-01 8.970052e-01 3.979552e-01 9.116182e-01 4.003443e-01 7.471800e-01 5.963202e-02 7.356469e-01 6.368431e-01 
25 351 0 0 0 5.523977e-01 7.420301e-01 3.077080e-01 5.536003e-01 3.535061e-01 4.343267e-01 4.863959e-01 6.202528e-02 3.408123e-01 1.445924e-01 4.220297e-01 2.631891e-01 3.184775e-01 4.095868e-01 6.633396e-01 6.717997e-01 8.265764e-01 4.121660e-01 3.019815e-01 4.414771e-01 7.786965e-01 5.982354e-01 5.307396e-01 6.944785e-01 2.304313e-01 2.515504e-01 8.930556e-01 4.794515e-01 8.747299e-01 3.524548e-01 7.739721e-01 4.295559e-02 7.342697e-01 6.075369e-01 
26 365 0 0 0 6.385952e-01 7.889140e-01 3.087404e-01 5.327686e-01 3.344071e-01 4.476100e-01 5.906810e-01 1.701972e-01 2.734329e-01 2.250783e-01 3.664027e-01 2.978425e-01 2.720574e-01 4.170012e-01 7.046767e-01 5.850454e-01 8.578255e-01 4.206633e-01 3.681532e-01 5.223438e-01 8.270628e-01 6.201723e-01 6.298583e-01 7.927656e-01 2.190437e-01 1.993213e-01 8.191217e-01 5.237737e-01 8.349518e-01 3.124057e-01 8.014257e-01 1.432590e-01 6.686921e-01 5.781323e-01 
27 379 0 0 0 6.383954e-01 6.934076e-01 3.680490e-01 5.946418e-01 3.393078e-01 4.184401e-01 5.672021e-01 2.079652e-01 3.333829e-01 2.552938e-01 4.260912e-01 1.969534e-01 2.922547e-01 3.218477e-01 6.312518e-01 6.619380e-01 8.173657e-01 4.474026e-01 4.699549e-01 3.816388e-01 7.743278e-01 7.256560e-01 5.874298e-01 8.281172e-01 2.732689e-01 1.615687e-01 8.365343e-01 5.755630e-01 7.677601e-01 2.978835e-01 7.889640e-01 1.658854e-01 7.025395e-01 5.951617e-01 
28 393 0 0 0 5.688875e-01 7.122556e-01 3.811414e-01 7.069819e-01 3.132937e-01 4.203940e-01 5.460900e-01 2.949384e-01 2.749630e-01 1.724384e-01 4.680025e-01 1.762640e-01 2.691348e-01 2.718371e-01 5.795493e-01 5.837013e-01 9.383041e-01 4.530397e-01 4.576794e-01 3.538102e-01 8.208717e-01 6.872543e-01 6.408725e-01 7.187507e-01 2.773728e-01 2.234179e-01 8.155073e-01 5.423744e-01 7.593053e-01 3.706195e-01 7.519073e-01 2.031716e-01 7.365010e-01 4.694834e-01 
29 407 0 0 0 5.398996e-01 6.985243e-01 3.888929e-01 6.900701e-01 3.687706e-01 5.110724e-01 4.902422e-01 2.995823e-01 2.919980e-01 1.869081e-01 3.495875e-01 2.524781e-01 2.442301e-01 3.409771e-01 6.146141e-01 6.752545e-01 9.311990e-01 4.496257e-01 4.768177e-01 3.205051e-01 8.011418e-01 7.332396e-01 6.283192e-01 6.838825e-01 1.995382e-01 2.234371e-01 8.069874e-01 4.981487e-01 7.955041e-01 3.419583e-01 8.225616e-01 1.725433e-01 7.040263e-01 5.274602e-01 
30 421 0 0 0 6.243180e-01 7.581288e-01 4.005921e-01 7.145798e-01 2.610995e-01 4.356838e-01 4.856162e-01 2.460275e-01 2.845524e-01 2.239070e-01 4.764911e-01 1.623399e-01 2.495488e-01 3.665881e-01 6.884221e-01 6.336802e-01 8.383671e-01 4.108505e-01 4.360737e-01 2.951168e-01 8.130407e-01 7.290980e-01 6.097350e-01 6.434915e-01 2.531019e-01 2.466127e-01 7.113681e-01 4.848137e-01 6.756030e-01 2.857389e-01 7.319295e-01 2.900377e-01 5.974562e-01 5.718362e-01 
31 435 0 0 0 7.760482e-01 6.721167e-01 3.064089e-01 7.727373e-01 3.337787e-01 4.175340e-01 4.095258e-01 2.910416e-01 2.557626e-01 2.240270e-01 4.446647e-01 1.764256e-01 2.585040e-01 3.607534e-01 5.496359e-01 5.072848e-01 8.713725e-01 4.065027e-01 3.890468e-01 3.392948e-01 8.526027e-01 5.818901e-01 6.644332e-01 6.548675e-01 1.405392e-01 2.608726e-01 6.701994e-01 4.917604e-01 5.436204e-01 2.686467e-01 6.255002e-01 2.821291e-01 5.298989e-01 6.931471e-01 
32 449 0 0 0 8.154937e-01 7.999558e-01 2.770033e-01 7.850012e-01 2.786330e-01 4.019104e-01 3.580519e-01 2.405268e-01 2.976953e-01 2.252530e-01 4.659688e-01 2.973328e-01 2.419726e-01 4.273475e-01 5.726466e-01 4.416345e-01 7.534520e-01 3.755476e-01 4.192013e-01 4.043629e-01 8.458970e-01 6.405162e-01 7.326107e-01 6.121253e-01 1.875645e-01 2.688065e-01 6.383911e-01 4.052954e-01 5.165711e-01 3.260103e-01 6.822618e-01 3.815087e-01 4.023873e-01 6.794100e-01 
33 463 0 0 0 7.765803e-01 7.707770e-01 2.896382e-01 7.194180e-01 1.760734e-01 3.651576e-01 2.541551e-01 2.209249e-01 2.207441e-01 1.566494e-01 4.987465e-01 3.175482e-01 2.113612e-01 3.307709e-01 6.203466e-01 3.625560e-01 7.223871e-01 2.603900e-01 3.892214e-01 5.065309e-01 8.763605e-01 6.954763e-01 7.124301e-01 5.948170e-01 1.782787e-01 3.285003e-01 7.486353e-01 4.302904e-01 5.073316e-01 2.615609e-01 6.781661e-01 4.499804e-01 3.701108e-01 5.881243e-01 
34 477 0 0 0 6.140033e-01 8.354683e-01 2.277712e-01 6.075590e-01 1.493515e-01 4.745195e-01 2.909621e-01 1.388916e-01 2.183414e-01 2.421314e-01 5.946609e-01 2.224598e-01 2.986473e-01 3.472401e-01 5.529714e-01 4.634450e-01 5.849790e-01 4.134825e-01 3.334694e-01 5.474352e-01 6.995097e-01 6.597780e-01 5.403898e-01 6.239197e-01 2.825564e-01 3.132443e-01 7.226771e-01 3.296999e-01 5.060175e-01 2.529287e-01 6.894885e-01 5.025386e-01 4.164724e-01 6.164803e-01 
35 491 0 0 0 6.511625e-01 8.043384e-01 3.468216e-01 6.032457e-01 2.014094e-01 5.456753e-01 3.814156e-01 1.107816e-01 1.727256e-01 2.290112e-01 5.726501e-01 3.740106e-01 3.111314e-01 5.665497e-01 4.495064e-01 5.037237e-01 5.516391e-01 2.697827e-01 4.059972e-01 6.681025e-01 7.813963e-01 8.901740e-01 3.527899e-01 6.690833e-01 2.982372e-01 3.380984e-01 7.593087e-01 3.657661e-01 5.327820e-01 3.137599e-01 7.519943e-01 4.819577e-01 2.643425e-01 6.359267e-01 
36 505 0 0 0 5.727470e-01 7.967004e-01 1.152975e-01 7.620248e-01 1.895448e-01 6.265557e-01 3.532692e-01 1.048134e-01 3.463440e-01 3.241732e-01 4.555572e-01 4.087639e-01 3.711926e-01 6.544505e-01 4.756434e-01 3.154905e-01 6.561215e-01 1.296442e-01 4.721875e-01 6.436372e-01 5.966707e-01 8.475866e-01 3.587065e-01 8.421068e-01 3.536269e-01 4.313720e-01 7.261710e-01 4.616880e-01 6.207800e-01 3.329185e-01 7.948375e-01 4.358473e-01 2.575812e-01 7.423855e-01 
37 519 0 0 0 5.998017e-01 7.748045e-01 1.415913e-01 7.906489e-01 1.892328e-01 5.641712e-01 3.014464e-01 1.701595e-01 4.075772e-01 3.335252e-01 4.585507e-01 5.682549e-01 4.389194e-01 5.678047e-01 3.351945e-01 1.741385e-01 7.328244e-01 1.891530e-01 4.260055e-01 6.816879e-01 7.005796e-01 7.594244e-01 3.453856e-01 7.671108e-01 3.828692e-01 3.800215e-01 7.222925e-01 4.660510e-01 5.654827e-01 2.713251e-01 8.432827e-01 5.489337e-01 3.322697e-01 7.080074e-01 
38 533 0 0 0 5.913176e-01 6.944219e-01 1.661507e-01 7.457584e-01 2.301357e-01 4.674909e-01 4.430052e-01 2.748968e-01 4.828663e-01 3.099601e-01 3.607474e-01 7.232813e-01 4.585056e-01 4.854890e-01 4.066592e-01 2.347111e-01 7.436791e-01 1.942906e-01 3.120664e-01 7.990104e-01 8.397111e-01 6.807497e-01 3.114869e-01 7.330285e-01 2.414587e-01 2.639564e-01 5.570040e-01 5.136093e-01 6.163349e-01 2.528604e-01 7.417811e-01 5.484432e-01 3.457935e-01 6.554067e-01 
39 547 0 0 0 4.228099e-01 6.345155e-01 1.983966e-01 7.611084e-01 2.525033e-01 6.263541e-01 3.324304e-01 1.960167e-01 4.169008e-01 3.875607e-01 3.143884e-01 7.165097e-01 4.971307e-01 5.139989e-01 3.581715e-01 2.770226e-01 7.330803e-01 2.119372e-01 2.204766e-01 7.812584e-01 7.564408e-01 7.145886e-01 3.117491e-01 7.329101e-01 2.289759e-01 2.559636e-01 3.971243e-01 4.630869e-01 6.405574e-01 1.867490e-01 7.137283e-01 5.756865e-01 4.074813e-01 6.458726e-01 
40 561 0 0 0 3.887577e-01 5.516014e-01 1.560615e-01 8.415426e-01 2.844508e-01 6.237247e-01 1.278675e-01 2.306860e-01 4.668931e-01 4.892412e-01 3.122876e-01 7.063264e-01 5.298454e-01 4.147301e-01 1.948170e-01 3.812577e-01 6.098573e-01 2.689464e-01 2.821004e-01 7.474187e-01 8.224883e-01 6.670220e-01 3.291730e-01 7.617194e-01 2.429795e-01 2.591432e-01 4.954182e-01 3.908840e-01 7.702399e-01 3.508738e-01 6.072164e-01 5.290959e-01 4.704284e-01 7.176890e-01 
41 575 0 0 0 3.746497e-01 5.066010e-01 2.685592e-01 7.986597e-01 2.854217e-01 7.193448e-01 2.973538e-01 2.365418e-01 5.466456e-01 4.816930e-01 1.462727e-01 6.700405e-01 4.556334e-01 4.112543e-01 6.540676e-02 3.446467e-01 7.445229e-01 9.057568e-02 3.873389e-01 7.504556e-01 9.203535e-01 7.429011e-01 3.474994e-01 7.969827e-01 2.853279e-01 2.555526e-01 7.186842e-01 2.803445e-01 6.277661e-01 2.303561e-01 4.644253e-01 5.911624e-01 6.171484e-01 6.052432e-01 
42 589 0 0 0 6.013800e-01 5.943903e-01 1.007167e-01 7.492222e-01 3.358380e-01 5.887871e-01 4.488759e-01 4.275493e-01 3.388361e-01 2.835940e-01 3.043009e-01 5.871856e-01 4.782496e-01 3.300259e-01 2.181168e-01 3.814261e-01 7.660986e-01 9.916776e-02 3.571971e-01 6.544226e-01 7.941154e-01 8.007858e-01 3.816389e-01 7.412971e-01 1.782533e-01 4.323784e-01 7.432166e-01 2.838153e-01 5.448058e-01 3.219974e-01 3.283221e-01 4.822043e-01 8.052978e-01 4.901931e-01 
43 603 0 0 0 5.978442e-01 6.059661e-01 1.141857e-01 7.864937e-01 3.458256e-01 6.772963e-01 2.358447e-01 5.420139e-01 3.493400e-01 1.815255e-01 4.320110e-01 6.875193e-01 4.500041e-01 3.342415e-01 2.759072e-01 4.462202e-01 8.992115e-01 2.739411e-01 3.058104e-01 6.442085e-01 5.925914e-01 7.858251e-01 5.084048e-01 6.650498e-01 1.651593e-01 5.788946e-01 6.229482e-01 4.258854e-01 5.097389e-01 2.027505e-01 3.473618e-01 4.880589e-01 8.345884e-01 5.575108e-01 
44 617 0 0 0 7.219916e-01 6.627662e-01 1.389874e-01 8.579539e-01 2.165714e-01 6.903133e-01 9.660150e-02 4.875912e-01 3.301935e-01 2.715759e-01 3.548178e-01 7.290247e-01 4.046659e-01 5.348338e-01 3.471559e-01 2.450433e-01 9.390372e-01 2.378761e-01 2.719898e-01 5.717043e-01 7.418552e-01 7.504240e-01 6.188223e-01 6.981656e-01 1.928751e-01 6.800475e-01 4.261247e-01 6.220247e-01 5.564199e-01 7.087917e-02 3.302350e-01 5.441190e-01 7.048985e-01 6.302709e-01 
45 631 0 0 0 7.044330e-01 6.850398e-01 1.300709e-01 9.091947e-01 3.284882e-01 6.304142e-01 1.353496e-01 3.401958e-01 4.721671e-01 2.504163e-01 1.926879e-01 6.986190e-01 2.424231e-01 5.725800e-01 3.558768e-01 1.928006e-01 8.724087e-01 3.416912e-01 3.040106e-01 4.589922e-01 6.367310e-01 6.731750e-01 4.119634e-01 7.273104e-01 1.575414e-01 7.517909e-01 4.898099e-01 6.392541e-01 6.225503e-01 2.622738e-01 3.663954e-01 6.038771e-01 7.137970e-01 5.283878e-01 
46 645 0 0 0 6.610265e-01 7.850381e-01 2.607335e-01 9.573137e-01 2.828754e-01 6.420200e-01 8.436108e-02 5.248038e-01 3.214096e-01 2.467855e-01 3.187060e-01 6.230774e-01 2.001313e-01 5.424148e-01 4.909026e-01 3.526863e-01 7.192337e-01 3.458881e-01 2.908512e-01 3.553264e-01 6.680527e-01 7.143118e-01 2.317244e-01 7.511968e-01 2.027242e-01 7.404509e-01 5.582448e-01 5.868218e-01 7.305343e-01 3.338192e-01 2.482835e-01 5.889489e-01 5.459126e-01 4.283828e-01 
47 659 0 0 0 6.549956e-01 6.764095e-01 2.351141e-01 8.408707e-01 4.499184e-01 6.856967e-01 3.687880e-01 3.553746e-01 2.929041e-01 2.475152e-01 3.335922e-01 6.590584e-01 2.148569e-01 6.646348e-01 6.145746e-01 4.737733e-01 5.984037e-01 2.948640e-01 2.813258e-01 3.946598e-01 6.674838e-01 6.322517e-01 2.435305e-01 7.270350e-01 3.043896e-01 7.498372e-01 5.972957e-01 5.679990e-01 7.959076e-01 3.410627e-01 3.354563e-01 4.285139e-01 6.855449e-01 2.721581e-01 
48 673 0 0 0 6.343466e-01 4.695262e-01 1.942583e-01 7.413846e-01 4.449351e-01 8.296722e-01 4.885335e-01 3.345825e-01 4.102384e-01 2.811686e-01 2.999654e-01 5.757518e-01 1.471461e-01 7.509607e-01 6.472049e-01 4.888437e-01 7.485075e-01 1.402652e-01 2.096049e-01 5.026615e-01 6.616929e-01 6.410778e-01 1.663619e-01 7.707367e-01 1.802015e-01 8.913446e-01 7.446244e-01 5.495406e-01 7.479906e-01 4.062513e-01 4.230527e-01 3.148662e-01 6.322606e-01 2.336511e-01 
49 687 0 0 0 5.333993e-01 5.749372e-01 6.766087e-02 7.417262e-01 3.042771e-01 7.346757e-01 3.297708e-01 2.377642e-01 2.487285e-01 2.885484e-01 3.476746e-01 4.851698e-01 2.494136e-01 7.788592e-01 6.880955e-01 5.068001e-01 5.640115e-01 2.108732e-01 1.975958e-01 5.387923e-01 5.729432e-01 6.107904e-01 9.488789e-02 7.500929e-01 2.635431e-01 8.154769e-01 8.050898e-01 5.307740e-01 7.394233e-01 3.214630e-01 3.052205e-01 4.656036e-01 5.835868e-01 3.033617e-01 
50 701 0 0 0 5.467673e-01 4.692626e-01 1.902743e-01 7.209819e-01 3.104706e-01 6.782816e-01 2.316214e-01 2.747994e-01 3.794925e-01 2.612710e-01 4.911667e-01 4.636479e-01 1.631983e-01 8.055411e-01 7.384861e-01 5.015380e-01 6.295826e-01 2.037718e-01 2.756855e-01 5.604334e-01 6.648911e-01 5.983675e-01 7.334021e-02 8.487077e-01 2.955934e-01 8.035614e-01 7.752613e-01 5.091131e-01 8.026385e-01 2.668977e-01 3.328055e-01 3.535612e-01 6.076396e-01 3.339739e-01 
51 715 0 0 0 6.248952e-01 5.404407e-01 2.096600e-01 7.097446e-01 2.532684e-01 7.780406e-01 2.066652e-01 2.357229e-01 3.222262e-01 2.637192e-01 3.492085e-01 4.695300e-01 1.976873e-01 6.248914e-01 7.599809e-01 6.100822e-01 5.439830e-01 3.222167e-01 4.027085e-01 6.690522e-01 6.042807e-01 5.800420e-01 9.197503e-02 7.464358e-01 2.919645e-01 8.303398e-01 6.535679e-01 4.824987e-01 7.829899e-01 1.241091e-01 2.501213e-01 4.309768e-01 6.693339e-01 4.642709e-01 
52 729 0 0 0 6.355489e-01 4.689923e-01 2.425224e-01 5.997586e-01 2.594834e-01 7.673833e-01 1.128864e-01 3.448551e-01 4.065021e-01 2.254865e-01 3.560162e-01 5.422004e-01 2.095674e-01 7.187119e-01 8.315765e-01 5.430164e-01 5.657480e-01 2.636620e-01 3.893479e-01 7.407844e-01 7.302025e-01 6.280050e-01 5.409210e-02 6.125955e-01 3.227765e-01 8.830513e-01 6.959523e-01 4.883577e-01 7.914432e-01 3.895232e-02 2.808669e-01 5.322295e-01 7.269427e-01 4.469708e-01 
53 743 0 0 0 6.697382e-01 3.286719e-01 3.221420e-01 5.192101e-01 2.466218e-01 7.256524e-01 6.285740e-02 3.496102e-01 4.291689e-01 2.543184e-01 3.985856e-01 4.364201e-01 2.781123e-01 6.995436e-01 7.030580e-01 6.779441e-01 5.058919e-01 1.268832e-01 3.058681e-01 7.240519e-01 6.957111e-01 7.330723e-01 2.071169e-01 5.516288e-01 2.526151e-01 7.690877e-01 6.676282e-01 4.392962e-01 8.439123e-01 1.078023e-01 3.110414e-01 5.573577e-01 6.538837e-01 4.472732e-01 
54 757 0 0 0 7.211685e-01 3.527997e-01 3.528912e-01 5.037040e-01 1.733376e-01 7.764375e-01 1.167787e-01 3.862589e-01 3.881149e-01 2.009234e-01 4.732338e-01 5.299625e-01 2.915647e-01 7.109307e-01 8.195583e-01 5.623247e-01 5.169762e-01 1.311756e-01 2.930748e-01 7.717936e-01 6.216184e-01 7.654765e-01 3.376770e-01 4.300210e-01 2.451771e-01 8.155467e-01 5.798890e-01 5.011632e-01 8.349093e-01 1.236133e-01 2.847238e-01 5.627836e-01 5.479896e-01 4.883881e-01 
55 771 0 0 0 6.945583e-01 3.209378e-01 2.917086e-01 5.455337e-01 1.567085e-01 7.122476e-01 2.199742e-01 3.913618e-01 4.638841e-01 1.562766e-01 5.715307e-01 6.947242e-01 1.879930e-01 6.527675e-01 7.317837e-01 6.308484e-01 4.470295e-01 1.315752e-01 2.983722e-01 7.314813e-01 6.305039e-01 8.295967e-01 3.435097e-01 4.507100e-01 3.127845e-01 7.591338e-01 6.469876e-01 4.564555e-01 7.696896e-01 2.325641e-01 2.567034e-01 6.081638e-01 6.197466e-01 4.273288e-01 
56 785 0 0 0 6.325844e-01 3.861123e-01 3.095691e-01 5.264978e-01 3.325598e-01 7.109437e-01 2.393455e-01 3.674478e-01 4.007852e-01 1.271489e-01 6.369705e-01 6.912246e-01 1.094041e-01 6.888329e-01 7.480226e-01 6.386383e-01 3.379758e-01 2.598808e-01 1.883461e-01 7.187014e-01 7.478589e-01 8.351707e-01 3.598396e-01 4.551008e-01 3.484991e-01 8.137105e-01 6.382861e-01 5.179882e-01 7.817113e-01 2.349222e-01 1.535301e-01 7.134518e-01 6.347454e-01 3.630282e-01 
57 799 0 0 0 6.497275e-01 4.660027e-01 3.525321e-01 5.442284e-01 3.512414e-01 7.814718e-01 3.120872e-01 3.605160e-01 3.566402e-01 2.653053e-01 6.970522e-01 7.202895e-01 1.563677e-01 6.745363e-01 8.260522e-01 6.624183e-01 3.701885e-01 1.666438e-01 1.880633e-01 7.104567e-01 7.218898e-01 7.973920e-01 2.679166e-01 3.992711e-01 4.726933e-01 8.107912e-01 5.973411e-01 4.479668e-01 6.747929e-01 2.401838e-01 1.483690e-01 7.742387e-01 5.582251e-01 3.683851e-01 
58 813 0 0 0 6.460205e-01 5.014082e-01 3.112940e-01 5.793117e-01 2.341898e-01 7.609888e-01 2.634644e-01 3.812918e-01 3.645311e-01 3.247959e-01 6.573267e-01 7.108905e-01 2.179507e-01 6.559169e-01 8.033386e-01 5.307578e-01 5.209067e-01 2.430235e-01 2.021539e-01 6.733254e-01 7.068940e-01 8.123558e-01 2.048461e-01 4.205669e-01 5.046805e-01 7.704901e-01 6.079149e-01 6.104815e-01 7.411797e-01 2.078399e-01 1.581828e-01 7.898933e-01 4.727128e-01 3.989418e-01 
59 827 0 0 0 7.051210e-01 4.736727e-01 2.634718e-01 5.930156e-01 2.469050e-01 7.795279e-01 3.608778e-01 3.987084e-01 3.425174e-01 3.074758e-01 6.298228e-01 6.883864e-01 2.620897e-01 6.888342e-01 7.981414e-01 5.784266e-01 5.970453e-01 8.620853e-02 2.183169e-01 6.204718e-01 8.315882e-01 7.928831e-01 2.067384e-01 5.888686e-01 6.220616e-01 6.999893e-01 6.701838e-01 5.817715e-01 7.226450e-01 1.252731e-01 3.324897e-01 7.343870e-01 4.501570e-01 4.114800e-01 
60 841 0 0 0 6.642026e-01 5.910339e-01 2.944789e-01 4.887996e-01 2.838615e-01 7.873598e-01 3.764109e-01 2.459431e-01 3.652856e-01 3.952053e-01 6.190222e-01 6.239467e-01 3.118056e-01 7.159749e-01 7.305272e-01 5.847784e-01 6.245138e-01 1.194847e-01 2.117239e-01 6.783140e-01 8.120786e-01 8.722130e-01 3.085992e-01 6.381392e-01 5.992311e-01 7.431311e-01 6.735390e-01 5.937670e-01 7.225876e-01 1.740101e-01 3.662077e-01 7.291197e-01 4.065874e-01 3.109605e-01 
61 855 0 0 0 5.839861e-01 6.751529e-01 2.339576e-01 4.189179e-01 2.165444e-01 7.025126e-01 3.111852e-01 3.037942e-01 3.521320e-01 3.804025e-01 6.782569e-01 7.529564e-01 4.443229e-01 7.766966e-01 7.886318e-01 6.050025e-01 6.415716e-01 9.610982e-02 1.615634e-01 5.995890e-01 6.509835e-01 6.505705e-01 3.519969e-01 6.617213e-01 5.141855e-01 6.438484e-01 6.061935e-01 6.734963e-01 7.587923e-01 2.340833e-01 3.732976e-01 8.173760e-01 3.820853e-01 2.880685e-01 
62 869 0 0 0 6.597299e-01 6.487949e-01 2.830970e-01 3.790950e-01 2.591619e-01 7.903555e-01 4.619029e-01 2.730843e-01 3.460649e-01 4.319769e-01 5.921195e-01 8.154237e-01 5.139812e-01 8.276498e-01 7.948602e-01 5.022753e-01 5.445963e-01 2.479766e-01 3.261184e-01 6.514549e-01 6.679658e-01 6.763222e-01 4.500719e-01 7.239253e-01 6.097981e-01 6.291065e-01 5.651363e-01 7.325793e-01 7.725297e-01 1.456453e-01 3.778727e-01 8.663177e-01 5.100253e-01 2.245908e-01 
63 883 0 0 0 5.667290e-01 6.719832e-01 1.386226e-01 4.428058e-01 2.557389e-01 7.625915e-01 3.622647e-01 2.689781e-01 3.289139e-01 4.601591e-01 4.847377e-01 6.540460e-01 5.175364e-01 7.250698e-01 7.786461e-01 5.141082e-01 4.395365e-01 3.017234e-01 2.204032e-01 6.459191e-01 6.410084e-01 6.819372e-01 4.451405e-01 6.645361e-01 5.955779e-01 6.668787e-01 4.860987e-01 7.458568e-01 6.954563e-01 1.445221e-01 3.666998e-01 7.828314e-01 4.728837e-01 2.766308e-01 
64 897 0 0 0 5.643873e-01 5.999196e-01 2.353953e-01 4.680557e-01 4.605057e-01 8.940313e-01 3.619068e-01 1.831258e-01 4.996307e-01 3.827329e-01 5.505977e-01 7.162585e-01 3.428218e-01 7.647963e-01 8.855128e-01 5.865172e-01 5.540313e-01 3.506714e-01 4.733707e-01 5.649438e-01 6.281532e-01 7.175146e-01 4.904546e-01 6.415514e-01 6.809729e-01 6.918088e-01 3.715021e-01 7.933288e-01 7.651018e-01 1.557598e-01 3.411731e-01 7.231921e-01 2.582447e-01 2.404324e-01 
65 911 0 0 0 5.491328e-01 5.230980e-01 2.143638e-01 6.158533e-01 4.381376e-01 8.101893e-01 2.830593e-01 2.193988e-01 3.780759e-01 4.983218e-01 6.103625e-01 5.325846e-01 4.422432e-01 7.586237e-01 8.371569e-01 5.537398e-01 5.079579e-01 2.798100e-01 5.051311e-01 6.502233e-01 5.428641e-01 6.366605e-01 6.231179e-01 5.813831e-01 6.923837e-01 6.521716e-01 3.938271e-01 8.955543e-01 7.451060e-01 1.441081e-01 4.512692e-01 7.894296e-01 3.384940e-01 2.618048e-01 
66 925 0 0 0 5.984390e-01 4.738994e-01 3.432348e-01 5.285349e-01 4.066570e-01 8.972380e-01 1.996153e-01 1.878964e-01 3.979107e-01 6.967865e-01 5.710629e-01 4.415261e-01 5.244942e-01 8.957290e-01 8.055169e-01 5.135919e-01 4.673540e-01 2.960011e-01 3.888820e-01 5.940934e-01 4.336919e-01 8.157901e-01 6.923493e-01 4.729609e-01 6.645598e-01 7.540964e-01 7.019961e-01 8.999312e-01 8.295403e-01 4.039634e-01 3.866466e-01 8.291900e-01 3.033015e-01 3.319692e-01 
67 939 0 0 0 5.361191e-01 3.956972e-01 3.411916e-01 4.261814e-01 2.585141e-01 9.373593e-01 1.578092e-01 1.824601e-01 4.272577e-01 6.896968e-01 5.817167e-01 4.641808e-01 4.549992e-01 8.134511e-01 6.472690e-01 4.845873e-01 4.822572e-01 2.206315e-01 4.991080e-01 5.250367e-01 5.144635e-01 8.457319e-01 6.422230e-01 5.569507e-01 7.703658e-01 7.704292e-01 6.066822e-01 7.868508e-01 7.427151e-01 3.173534e-01 5.773340e-01 7.217405e-01 3.935098e-01 4.542235e-01 
68 953 0 0 0 6.031056e-01 4.368233e-01 2.464510e-01 3.817651e-01 2.214547e-01 8.353239e-01 3.167492e-01 1.023188e-01 3.301211e-01 6.260072e-01 5.679826e-01 4.675986e-01 5.450898e-01 6.754911e-01 5.670402e-01 5.430060e-01 3.717286e-01 2.868651e-01 4.961387e-01 5.607392e-01 3.562996e-01 8.645215e-01 5.088668e-01 6.447867e-01 7.026002e-01 7.431386e-01 5.144986e-01 6.148692e-01 6.108138e-01 3.256630e-01 6.794218e-01 6.967348e-01 3.558739e-01 4.982274e-01 
69 967 0 0 0 5.041519e-01 4.561662e-01 1.853109e-01 3.964067e-01 3.639317e-01 7.195652e-01 4.166565e-01 9.381570e-02 3.707785e-01 6.093122e-01 5.409558e-01 3.460992e-01 5.481591e-01 7.394019e-01 4.949747e-01 6.737701e-01 2.288835e-01 3.387232e-01 4.686809e-01 5.124942e-01 4.346479e-01 8.216230e-01 3.916963e-01 6.061465e-01 7.286576e-01 6.193027e-01 7.330905e-01 6.000807e-01 6.095507e-01 3.374670e-01 6.103587e-01 6.100618e-01 3.891716e-01 4.526479e-01 
70 981 0 0 0 7.344671e-01 4.002034e-01 1.829907e-01 5.247822e-01 3.516289e-01 5.377547e-01 4.380835e-01 1.259807e-01 4.392876e-01 4.312536e-01 3.348143e-01 3.078528e-01 4.321491e-01 7.993530e-01 3.896752e-01 5.687882e-01 2.778278e-01 3.700023e-01 3.862801e-01 6.542985e-01 3.929147e-01 8.724112e-01 5.024810e-01 7.151166e-01 6.498429e-01 6.962857e-01 7.822764e-01 4.739242e-01 6.043324e-01 4.106005e-01 6.922485e-01 4.779051e-01 4.193590e-01 4.977000e-01 
71 995 0 0 0 7.016190e-01 4.888728e-01 2.484963e-01 4.833416e-01 4.068460e-01 5.896160e-01 4.841495e-01 1.445637e-01 5.049497e-01 3.764509e-01 2.715340e-01 1.801877e-01 3.679770e-01 8.150801e-01 3.815935e-01 6.404882e-01 4.065906e-01 4.158968e-01 4.289007e-01 5.543121e-01 3.909916e-01 7.951908e-01 5.338755e-01 7.053257e-01 5.112110e-01 6.970055e-01 6.790675e-01 3.171194e-01 5.629252e-01 3.390510e-01 7.761504e-01 4.656765e-01 4.377889e-01 4.434718e-01 
72 1009 0 0 0 7.373889e-01 4.621805e-01 3.625428e-01 3.902468e-01 4.284067e-01 5.538793e-01 4.399558e-01 8.122767e-02 4.976628e-01 3.339165e-01 3.190610e-01 1.249319e-01 2.380794e-01 6.380781e-01 3.297667e-01 4.592878e-01 4.434809e-01 4.695354e-01 3.940898e-01 5.621460e-01 4.744214e-01 8.204946e-01 6.201828e-01 6.795567e-01 5.314475e-01 6.907385e-01 7.264184e-01 4.003801e-01 4.480771e-01 3.865302e-01 5.933966e-01 3.935842e-01 5.128763e-01 3.911165e-01 
73 1023 0 0 0 7.312125e-01 4.131593e-01 3.803515e-01 3.390777e-01 3.570569e-01 5.311806e-01 3.334746e-01 1.752095e-01 3.173703e-01 4.173019e-01 3.693048e-01 2.005179e-01 3.139927e-01 7.567594e-01 3.459926e-01 4.207136e-01 4.300990e-01 4.670108e-01 5.540396e-01 6.018952e-01 4.940339e-01 8.540413e-01 6.784988e-01 7.517997e-01 4.752390e-01 6.629341e-01 5.779191e-01 4.490966e-01 4.860628e-01 3.482385e-01 4.663708e-01 4.648018e-01 4.308208e-01 4.337447e-01 
74 1037 0 0 0 7.706850e-01 3.734238e-01 3.288525e-01 4.146143e-01 2.725186e-01 5.234703e-01 2.235049e-01 2.911493e-01 1.919131e-01 3.817348e-01 3.203305e-01 2.389584e-01 3.443605e-01 5.602225e-01 3.600611e-01 4.734686e-01 4.925335e-01 3.407368e-01 6.138633e-01 6.893321e-01 4.255189e-01 6.521797e-01 6.657808e-01 7.365288e-01 5.472194e-01 6.808091e-01 6.132280e-01 4.778663e-01 4.056493e-01 3.793515e-01 4.656488e-01 5.144746e-01 3.490477e-01 3.273171e-01 
75 1051 0 0 0 8.216540e-01 3.338439e-01 3.363518e-01 2.999145e-01 1.948264e-01 5.103547e-01 1.425175e-01 2.636996e-01 1.320684e-01 4.314232e-01 2.039365e-01 2.923127e-01 3.613813e-01 6.075838e-01 4.507336e-01 4.760466e-01 5.374883e-01 2.742009e-01 5.096846e-01 7.407729e-01 3.598339e-01 6.895869e-01 7.133501e-01 7.088297e-01 5.831094e-01 6.382151e-01 5.362747e-01 3.661715e-01 4.042863e-01 4.223602e-01 4.759240e-01 6.168070e-01 3.934535e-01 4.378992e-01 
76 1065 0 0 0 6.867513e-01 4.675519e-01 6.594426e-01 2.211364e-01 1.454631e-01 3.682322e-01 9.890503e-02 2.047432e-01 2.003953e-01 4.855509e-01 2.540795e-01 2.599620e-01 5.095682e-01 6.422203e-01 4.170432e-01 5.541288e-01 6.794061e-01 4.328276e-01 6.016852e-01 7.313876e-01 3.192018e-01 5.603374e-01 7.145014e-01 7.201144e-01 4.695953e-01 6.162629e-01 6.659873e-01 3.079811e-01 4.254249e-01 3.101528e-01 5.860928e-01 7.576706e-01 2.661262e-01 3.208675e-01 
77 1079 0 0 0 6.664793e-01 6.943497e-01 7.286604e-01 1.820763e-01 1.980045e-01 4.039911e-01 1.953783e-01 1.802076e-01 2.409929e-01 5.431916e-01 4.457987e-01 4.800350e-01 3.961797e-01 3.392432e-01 5.282980e-01 4.331612e-01 6.325250e-01 4.429208e-01 5.784526e-01 7.408596e-01 2.573277e-01 6.612315e-01 6.316769e-01 6.092798e-01 3.118544e-01 4.376837e-01 6.807214e-01 4.928062e-01 4.065243e-01 3.117370e-01 4.160484e-01 8.237733e-01 2.682581e-01 3.115206e-01 
78 1093 0 0 0 6.322856e-01 6.041431e-01 6.725538e-01 2.838859e-01 1.797533e-01 5.536768e-01 2.685074e-01 2.452701e-01 1.802733e-01 5.762853e-01 5.396635e-01 5.482269e-01 4.591994e-01 3.923450e-01 5.787880e-01 4.501150e-01 7.255383e-01 3.844613e-01 6.642886e-01 6.052993e-01 3.728804e-01 6.787846e-01 5.511052e-01 6.985419e-01 2.811090e-01 3.554375e-01 7.161879e-01 5.170528e-01 3.767360e-01 2.665471e-01 4.597567e-01 7.141101e-01 3.348796e-01 1.961299e-01 
79 1107 0 0 0 8.514097e-01 4.502417e-01 4.311867e-01 3.245736e-01 2.859739e-01 4.825661e-01 2.595858e-01 2.400339e-01 2.218945e-01 5.909985e-01 5.245380e-01 4.834810e-01 5.860671e-01 4.206853e-01 5.625321e-01 4.060650e-01 8.008158e-01 2.907668e-01 6.203471e-01 5.721764e-01 3.704569e-01 5.451450e-01 4.494085e-01 6.305945e-01 4.614754e-01 1.890515e-01 5.485332e-01 4.194630e-01 3.803906e-01 2.636223e-01 5.820707e-01 6.236455e-01 3.402214e-01 2.937851e-01 
80 1121 0 0 0 7.537552e-01 4.178990e-01 4.663600e-01 2.417656e-01 1.960653e-01 3.325997e-01 2.555032e-01 3.154984e-01 2.073603e-01 6.710950e-01 5.722680e-01 4.231957e-01 6.488699e-01 3.529113e-01 5.128126e-01 3.803472e-01 7.521314e-01 3.227137e-01 6.480197e-01 5.051260e-01 4.596474e-01 5.902521e-01 4.664373e-01 5.596111e-01 4.059475e-01 7.664737e-02 4.872306e-01 4.512321e-01 3.506240e-01 2.891501e-01 6.090588e-01 5.912507e-01 3.522369e-01 2.297583e-01 
81 1135 0 0 0 8.259382e-01 4.595272e-01 4.120646e-01 1.540269e-01 2.141071e-01 2.960464e-01 4.154841e-01 3.586772e-01 1.012914e-01 7.292293e-01 6.143185e-01 4.277402e-01 4.776217e-01 4.740497e-01 4.593220e-01 4.657147e-01 8.323847e-01 1.495611e-01 6.204801e-01 4.692146e-01 3.698318e-01 4.897843e-01 4.092330e-01 5.408986e-01 4.938058e-01 2.340295e-01 6.451854e-01 5.455921e-01 3.331760e-01 3.787991e-01 6.183906e-01 5.876481e-01 3.274947e-01 1.671834e-01 
82 1149 0 0 0 7.998722e-01 5.005593e-01 3.689604e-01 1.387213e-01 3.368417e-01 1.690929e-01 4.701560e-01 3.283580e-01 1.316946e-01 6.973472e-01 6.124710e-01 4.075545e-01 4.216313e-01 4.949069e-01 4.251202e-01 5.142471e-01 8.749937e-01 1.689742e-01 6.805503e-01 4.389877e-01 3.948286e-01 4.814747e-01 4.466679e-01 5.329512e-01 5.059741e-01 2.490546e-01 6.783989e-01 5.245361e-01 2.886757e-01 3.255351e-01 7.529684e-01 5.329082e-01 2.569481e-01 2.729829e-01 
83 1163 0 0 0 7.333819e-01 3.920237e-01 2.560169e-01 1.075025e-01 3.820675e-01 1.709288e-01 5.280878e-01 2.013038e-01 2.079306e-01 6.492181e-01 7.055218e-01 3.785321e-01 3.372854e-01 5.401402e-01 5.900882e-01 4.549101e-01 8.781564e-01 1.421659e-01 8.397554e-01 3.715513e-01 3.544985e-01 5.088383e-01 2.596038e-01 5.523078e-01 5.317627e-01 3.147504e-01 7.380762e-01 5.863118e-01 3.796840e-01 3.951167e-01 8.772509e-01 4.354854e-01 3.721295e-01 4.033791e-01 
84 1177 0 0 0 5.920692e-01 3.722108e-01 2.345924e-01 2.304331e-01 4.102343e-01 2.802656e-01 5.910194e-01 1.763556e-01 2.449981e-01 5.870646e-01 7.467918e-01 3.019468e-01 4.494133e-01 5.931642e-01 5.273216e-01 4.670212e-01 7.721249e-01 2.374476e-01 8.292872e-01 3.739754e-01 2.546605e-01 4.708081e-01 3.023216e-01 6.337214e-01 5.275553e-01 2.932882e-01 7.692745e-01 6.234796e-01 3.181547e-01 3.595416e-01 7.741223e-01 4.148972e-01 3.500526e-01 5.338785e-01 
85 1191 0 0 0 6.708888e-01 3.120153e-01 2.105881e-01 2.210633e-01 3.113284e-01 2.724915e-01 5.162504e-01 2.207005e-01 1.249553e-01 6.035910e-01 7.593915e-01 3.538141e-01 5.754128e-01 5.473993e-01 4.348399e-01 5.226484e-01 7.050540e-01 2.452759e-01 7.925041e-01 3.455857e-01 2.212309e-01 6.204183e-01 4.020305e-01 6.358286e-01 4.293754e-01 2.843280e-01 7.648999e-01 7.436801e-01 3.513469e-01 3.322473e-01 7.829827e-01 4.349132e-01 2.733081e-01 6.048270e-01 
86 1205 0 0 0 6.110262e-01 2.440401e-01 3.194855e-01 3.743129e-01 3.242796e-01 4.073360e-01 4.568645e-01 1.502588e-01 2.926330e-01 5.774783e-01 7.741948e-01 2.635427e-01 5.422850e-01 5.116349e-01 5.397988e-01 6.045130e-01 6.547626e-01 1.930892e-01 7.587333e-01 2.485227e-01 3.243018e-01 6.018775e-01 3.351075e-01 5.649242e-01 5.209597e-01 2.448847e-01 6.889653e-01 7.814970e-01 2.847723e-01 3.380832e-01 7.933421e-01 3.065854e-01 2.462662e-01 5.410300e-01 
87 1219 0 0 0 6.600684e-01 2.775391e-01 3.022014e-01 4.828227e-01 1.994212e-01 6.099460e-01 5.098383e-01 2.482733e-01 3.475535e-01 5.484267e-01 7.454631e-01 2.386093e-01 4.799494e-01 4.911440e-01 4.978436e-01 7.279478e-01 6.799144e-01 2.016519e-01 6.879164e-01 2.800619e-01 3.230185e-01 5.423366e-01 3.224287e-01 5.101388e-01 6.136759e-01 1.183025e-01 5.808884e-01 7.672888e-01 2.035215e-01 4.609051e-01 7.415218e-01 1.816881e-01 1.520903e-01 5.172433e-01 
88 1233 0 0 0 7.689696e-01 2.920192e-01 2.225521e-01 5.447932e-01 1.902555e-01 6.215836e-01 4.802099e-01 2.457235e-01 3.755555e-01 5.207952e-01 7.019657e-01 2.843042e-01 5.552055e-01 4.827194e-01 4.811755e-01 6.010576e-01 7.420003e-01 2.238461e-01 7.791814e-01 2.820241e-01 4.052556e-01 5.835606e-01 3.294730e-01 4.341342e-01 5.555451e-01 2.260279e-01 5.858195e-01 7.218055e-01 2.212964e-01 3.917204e-01 7.263690e-01 2.072409e-01 2.213948e-01 4.578164e-01 
89 1247 0 0 0 6.695157e-01 4.050327e-01 3.151941e-01 4.578742e-01 1.760910e-01 5.771049e-01 5.035769e-01 2.322713e-01 3.266577e-01 4.995319e-01 7.593873e-01 1.669572e-01 5.425149e-01 4.453406e-01 4.314806e-01 4.921298e-01 6.797902e-01 2.407041e-01 8.361105e-01 3.687140e-01 4.600891e-01 5.770735e-01 3.843837e-01 4.756241e-01 5.557433e-01 2.626241e-01 6.609434e-01 7.237003e-01 1.710188e-01 3.317974e-01 8.705475e-01 2.440546e-01 2.607838e-01 3.899644e-01 
90 1261 0 0 0 5.851726e-01 3.802816e-01 1.751073e-01 3.458592e-01 2.174414e-01 5.590906e-01 5.693628e-01 3.130149e-01 2.569300e-01 4.943620e-01 6.919814e-01 3.072685e-01 4.650343e-01 4.986549e-01 2.731639e-01 3.992238e-01 6.110884e-01 2.238818e-01 7.479351e-01 4.190128e-01 4.618317e-01 7.795208e-01 4.604298e-01 4.264297e-01 6.069419e-01 3.704170e-01 4.232244e-01 6.501925e-01 2.270647e-01 4.785837e-01 7.586560e-01 2.369338e-01 1.972493e-01 6.845155e-01 
91 1275 0 0 0 6.283308e-01 3.148075e-01 1.184325e-01 3.203594e-01 3.577253e-01 5.998264e-01 6.998122e-01 2.465463e-01 3.856189e-01 4.648602e-01 6.829603e-01 3.081638e-01 4.044742e-01 6.292786e-01 2.337742e-01 4.899415e-01 6.702717e-01 2.540867e-01 8.168783e-01 4.105401e-01 3.646550e-01 6.887882e-01 4.925661e-01 4.097665e-01 5.690535e-01 4.375582e-01 3.489395e-01 6.066640e-01 3.110317e-01 4.758452e-01 7.960935e-01 1.618843e-01 2.337463e-01 6.988208e-01 
92 1289 0 0 0 5.362668e-01 3.354902e-01 1.570537e-01 2.987584e-01 4.631519e-01 6.816422e-01 6.133303e-01 1.341132e-01 5.626228e-01 5.017644e-01 6.211767e-01 3.876210e-01 3.292750e-01 7.260847e-01 3.657305e-01 4.685900e-01 5.330996e-01 3.684623e-01 8.535585e-01 4.144920e-01 2.773471e-01 6.672796e-01 5.166612e-01 3.878893e-01 6.324406e-01 4.208407e-01 3.689582e-01 5.359070e-01 3.824282e-01 5.621875e-01 7.410745e-01 2.370551e-01 2.232612e-01 7.330463e-01 
93 1303 0 0 0 6.783196e-01 2.904324e-01 1.541881e-01 2.529616e-01 5.186698e-01 7.306219e-01 4.542059e-01 1.426601e-01 6.680351e-01 5.278757e-01 7.629299e-01 3.373351e-01 2.370950e-01 6.786129e-01 3.352984e-01 3.697589e-01 4.567318e-01 3.448564e-01 8.551345e-01 3.051086e-01 1.762770e-01 7.090705e-01 5.273541e-01 3.822497e-01 6.676493e-01 4.109058e-01 4.767483e-01 5.650975e-01 1.982246e-01 4.941042e-01 5.939895e-01 3.243443e-01 1.398261e-01 7.621343e-01 
94 1317 0 0 0 7.911610e-01 2.699348e-01 2.108265e-01 1.929812e-01 4.562131e-01 7.296792e-01 4.830209e-01 1.218047e-01 6.040585e-01 5.181711e-01 8.043442e-01 3.899651e-01 3.382996e-01 6.979239e-01 3.676565e-01 4.046544e-01 5.748856e-01 1.936049e-01 8.716232e-01 2.644675e-01 2.297833e-01 8.952486e-01 5.622409e-01 3.162243e-01 6.554198e-01 4.409926e-01 5.128523e-01 6.691210e-01 2.374099e-01 4.422871e-01 5.952428e-01 4.388808e-01 2.895488e-01 7.382606e-01 
95 1331 0 0 0 8.169369e-01 2.860314e-01 2.355935e-01 2.417898e-01 4.482383e-01 7.000966e-01 5.326122e-01 1.253785e-01 4.374427e-01 4.899351e-01 6.992225e-01 3.708180e-01 1.668890e-01 5.418271e-01 4.773113e-01 3.599878e-01 5.897027e-01 1.993761e-01 8.049173e-01 2.628991e-01 3.749876e-01 8.892020e-01 5.342713e-01 3.199777e-01 6.589906e-01 2.895401e-01 5.782035e-01 7.118019e-01 2.568100e-01 4.972676e-01 6.143650e-01 4.853366e-01 3.920956e-01 7.096869e-01 
