%  columns=["iteration, evaluation, sigma, void, void, stds==sigma*sqrt(diag(C))" (startseed=212244, 2023/08/14 14:29:34.46)
1 15 2.839028e-01 0 0 2.836262e-01 2.834778e-01 2.849376e-01 2.836901e-01 2.838043e-01 2.845040e-01 2.831876e-01 2.837152e-01 2.838183e-01 2.840199e-01 2.835182e-01 2.839536e-01 2.834800e-01 2.839414e-01 2.834755e-01 2.831708e-01 2.834761e-01 2.838013e-01 2.838489e-01 2.835185e-01 2.835280e-01 2.832563e-01 2.849356e-01 2.838148e-01 2.847192e-01 2.834294e-01 2.835848e-01 2.840410e-01 2.835437e-01 2.835250e-01 2.834751e-01 2.835364e-01 2.834491e-01 2.838006e-01 
2 29 2.722709e-01 0 0 2.716319e-01 2.719110e-01 2.730726e-01 2.716018e-01 2.723571e-01 2.724442e-01 2.714253e-01 2.717493e-01 2.721808e-01 2.718760e-01 2.716116e-01 2.719269e-01 2.713621e-01 2.721870e-01 2.721767e-01 2.713474e-01 2.722242e-01 2.728353e-01 2.722825e-01 2.716957e-01 2.716112e-01 2.711724e-01 2.728102e-01 2.715507e-01 2.725409e-01 2.713326e-01 2.716434e-01 2.728472e-01 2.715011e-01 2.713602e-01 2.715547e-01 2.716282e-01 2.717719e-01 2.719264e-01 
3 43 2.650465e-01 0 0 2.648059e-01 2.645479e-01 2.658141e-01 2.640586e-01 2.649737e-01 2.656118e-01 2.643882e-01 2.640807e-01 2.645476e-01 2.644255e-01 2.641130e-01 2.644099e-01 2.640046e-01 2.647455e-01 2.649160e-01 2.640795e-01 2.647035e-01 2.652920e-01 2.657863e-01 2.641753e-01 2.641939e-01 2.643246e-01 2.653167e-01 2.640406e-01 2.648975e-01 2.640958e-01 2.647330e-01 2.655293e-01 2.638269e-01 2.636295e-01 2.640600e-01 2.641169e-01 2.649289e-01 2.645791e-01 
4 57 2.541341e-01 0 0 2.535772e-01 2.534649e-01 2.554689e-01 2.525324e-01 2.538316e-01 2.543488e-01 2.531399e-01 2.533668e-01 2.535470e-01 2.538074e-01 2.531802e-01 2.530023e-01 2.529340e-01 2.532657e-01 2.542186e-01 2.528688e-01 2.534548e-01 2.542780e-01 2.544853e-01 2.531665e-01 2.530979e-01 2.534009e-01 2.539745e-01 2.529301e-01 2.535479e-01 2.526211e-01 2.532263e-01 2.546833e-01 2.526604e-01 2.523626e-01 2.533383e-01 2.529627e-01 2.536313e-01 2.534480e-01 
5 71 2.450917e-01 0 0 2.447500e-01 2.440983e-01 2.468071e-01 2.429948e-01 2.451670e-01 2.448938e-01 2.438892e-01 2.437967e-01 2.440898e-01 2.445269e-01 2.440318e-01 2.439677e-01 2.438022e-01 2.447070e-01 2.447257e-01 2.437926e-01 2.441590e-01 2.452920e-01 2.453057e-01 2.437989e-01 2.441269e-01 2.441176e-01 2.447141e-01 2.435487e-01 2.441306e-01 2.436523e-01 2.441586e-01 2.452095e-01 2.432824e-01 2.428427e-01 2.447722e-01 2.438815e-01 2.446672e-01 2.443065e-01 
6 85 2.360275e-01 0 0 2.357768e-01 2.347516e-01 2.374862e-01 2.335493e-01 2.360360e-01 2.362318e-01 2.345027e-01 2.343692e-01 2.347377e-01 2.356322e-01 2.346143e-01 2.343704e-01 2.344274e-01 2.354660e-01 2.354394e-01 2.345383e-01 2.347073e-01 2.359455e-01 2.358383e-01 2.345803e-01 2.347357e-01 2.353033e-01 2.356750e-01 2.343518e-01 2.346663e-01 2.349608e-01 2.349247e-01 2.356688e-01 2.340987e-01 2.340206e-01 2.357877e-01 2.344365e-01 2.353972e-01 2.352207e-01 
7 99 2.257934e-01 0 0 2.251642e-01 2.246033e-01 2.268915e-01 2.228752e-01 2.256836e-01 2.258076e-01 2.240392e-01 2.237802e-01 2.243890e-01 2.249727e-01 2.242048e-01 2.247657e-01 2.243848e-01 2.249983e-01 2.256711e-01 2.241370e-01 2.246816e-01 2.257015e-01 2.253309e-01 2.239905e-01 2.249251e-01 2.247465e-01 2.252907e-01 2.242976e-01 2.240964e-01 2.246083e-01 2.245125e-01 2.252007e-01 2.241239e-01 2.236917e-01 2.255944e-01 2.239998e-01 2.252927e-01 2.247689e-01 
8 113 2.202487e-01 0 0 2.195267e-01 2.197044e-01 2.220627e-01 2.172248e-01 2.198387e-01 2.206663e-01 2.182466e-01 2.179847e-01 2.187372e-01 2.192097e-01 2.183324e-01 2.191475e-01 2.185572e-01 2.192043e-01 2.197978e-01 2.191280e-01 2.190143e-01 2.197934e-01 2.195383e-01 2.181119e-01 2.202743e-01 2.191641e-01 2.196906e-01 2.185089e-01 2.181789e-01 2.198178e-01 2.191448e-01 2.192334e-01 2.197199e-01 2.182224e-01 2.202957e-01 2.180148e-01 2.199063e-01 2.188976e-01 
9 127 2.150708e-01 0 0 2.143799e-01 2.142207e-01 2.169398e-01 2.119435e-01 2.142867e-01 2.150524e-01 2.129982e-01 2.126213e-01 2.134293e-01 2.136430e-01 2.129149e-01 2.138932e-01 2.135664e-01 2.140922e-01 2.146141e-01 2.138743e-01 2.138564e-01 2.143255e-01 2.141905e-01 2.126569e-01 2.152922e-01 2.141300e-01 2.141508e-01 2.132736e-01 2.126868e-01 2.142425e-01 2.140159e-01 2.141909e-01 2.143542e-01 2.132374e-01 2.148006e-01 2.125294e-01 2.143831e-01 2.136098e-01 
10 141 2.109227e-01 0 0 2.099861e-01 2.096410e-01 2.124688e-01 2.076259e-01 2.100832e-01 2.107232e-01 2.087426e-01 2.080498e-01 2.093587e-01 2.093950e-01 2.085038e-01 2.096186e-01 2.098126e-01 2.096920e-01 2.108896e-01 2.098410e-01 2.098731e-01 2.101862e-01 2.098206e-01 2.084180e-01 2.113020e-01 2.097108e-01 2.098905e-01 2.087370e-01 2.083182e-01 2.099993e-01 2.097386e-01 2.102622e-01 2.105742e-01 2.089297e-01 2.102700e-01 2.084865e-01 2.106108e-01 2.091883e-01 
11 155 2.054587e-01 0 0 2.041043e-01 2.042075e-01 2.068730e-01 2.021060e-01 2.042713e-01 2.051476e-01 2.031752e-01 2.022379e-01 2.053456e-01 2.037068e-01 2.031242e-01 2.039356e-01 2.044002e-01 2.043981e-01 2.050337e-01 2.054132e-01 2.041114e-01 2.043919e-01 2.046386e-01 2.027629e-01 2.056774e-01 2.042372e-01 2.040926e-01 2.031532e-01 2.025123e-01 2.051996e-01 2.044850e-01 2.046578e-01 2.048516e-01 2.031697e-01 2.044565e-01 2.027138e-01 2.049369e-01 2.039332e-01 
12 169 1.971179e-01 0 0 1.955312e-01 1.957539e-01 1.983264e-01 1.938938e-01 1.956225e-01 1.967094e-01 1.947115e-01 1.937840e-01 1.966468e-01 1.950948e-01 1.944503e-01 1.953646e-01 1.963618e-01 1.959077e-01 1.965488e-01 1.967203e-01 1.955506e-01 1.957389e-01 1.960999e-01 1.941075e-01 1.970504e-01 1.955391e-01 1.954327e-01 1.944858e-01 1.939491e-01 1.967098e-01 1.959854e-01 1.962969e-01 1.962100e-01 1.947519e-01 1.958148e-01 1.948391e-01 1.966868e-01 1.953645e-01 
13 183 1.912169e-01 0 0 1.893017e-01 1.895517e-01 1.922899e-01 1.877263e-01 1.894683e-01 1.906913e-01 1.893062e-01 1.876772e-01 1.904644e-01 1.894179e-01 1.882842e-01 1.896238e-01 1.904639e-01 1.900592e-01 1.903117e-01 1.911103e-01 1.894753e-01 1.900012e-01 1.901105e-01 1.878888e-01 1.912017e-01 1.893750e-01 1.895352e-01 1.893944e-01 1.878690e-01 1.905116e-01 1.901065e-01 1.905759e-01 1.901058e-01 1.887019e-01 1.895568e-01 1.886638e-01 1.904745e-01 1.892069e-01 
14 197 1.886409e-01 0 0 1.864919e-01 1.868247e-01 1.898668e-01 1.849379e-01 1.867049e-01 1.882858e-01 1.871179e-01 1.850162e-01 1.878635e-01 1.870925e-01 1.853534e-01 1.870460e-01 1.878865e-01 1.880452e-01 1.874875e-01 1.881571e-01 1.866058e-01 1.872735e-01 1.873640e-01 1.851184e-01 1.885525e-01 1.867231e-01 1.867270e-01 1.873469e-01 1.850999e-01 1.876376e-01 1.873805e-01 1.884082e-01 1.878344e-01 1.859555e-01 1.867122e-01 1.858782e-01 1.877893e-01 1.862614e-01 
15 211 1.855623e-01 0 0 1.836058e-01 1.834766e-01 1.869120e-01 1.817723e-01 1.835804e-01 1.849750e-01 1.839564e-01 1.818453e-01 1.848483e-01 1.839410e-01 1.820201e-01 1.838217e-01 1.848045e-01 1.852670e-01 1.842924e-01 1.846387e-01 1.832633e-01 1.840954e-01 1.841057e-01 1.819191e-01 1.850767e-01 1.837778e-01 1.839250e-01 1.842056e-01 1.818487e-01 1.846418e-01 1.843291e-01 1.858999e-01 1.847030e-01 1.826660e-01 1.835288e-01 1.825192e-01 1.842903e-01 1.829073e-01 
16 225 1.804812e-01 0 0 1.785199e-01 1.784056e-01 1.822565e-01 1.769019e-01 1.783614e-01 1.795831e-01 1.787354e-01 1.771570e-01 1.797649e-01 1.791056e-01 1.769554e-01 1.786112e-01 1.795196e-01 1.802727e-01 1.790293e-01 1.792366e-01 1.779560e-01 1.786986e-01 1.794265e-01 1.767072e-01 1.797786e-01 1.783519e-01 1.792383e-01 1.791629e-01 1.764966e-01 1.792755e-01 1.790366e-01 1.813417e-01 1.794300e-01 1.774270e-01 1.781347e-01 1.774040e-01 1.792319e-01 1.777178e-01 
17 239 1.734159e-01 0 0 1.713068e-01 1.712919e-01 1.753186e-01 1.699287e-01 1.711297e-01 1.722830e-01 1.720156e-01 1.701087e-01 1.723719e-01 1.722286e-01 1.699059e-01 1.715325e-01 1.722276e-01 1.730092e-01 1.717951e-01 1.719073e-01 1.706347e-01 1.718412e-01 1.721735e-01 1.695903e-01 1.723761e-01 1.712131e-01 1.720702e-01 1.720401e-01 1.693162e-01 1.722015e-01 1.716483e-01 1.739718e-01 1.723305e-01 1.703179e-01 1.711617e-01 1.704612e-01 1.718948e-01 1.707135e-01 
18 253 1.657361e-01 0 0 1.634635e-01 1.638007e-01 1.673987e-01 1.627136e-01 1.632428e-01 1.644078e-01 1.644251e-01 1.624284e-01 1.643311e-01 1.646682e-01 1.622126e-01 1.636128e-01 1.644646e-01 1.653418e-01 1.639297e-01 1.643226e-01 1.627227e-01 1.642823e-01 1.644132e-01 1.617630e-01 1.644494e-01 1.633640e-01 1.644003e-01 1.643031e-01 1.616816e-01 1.644637e-01 1.639932e-01 1.661577e-01 1.646950e-01 1.624119e-01 1.635552e-01 1.627739e-01 1.640599e-01 1.629403e-01 
19 267 1.563218e-01 0 0 1.539398e-01 1.550124e-01 1.577208e-01 1.534378e-01 1.538358e-01 1.549742e-01 1.548162e-01 1.529447e-01 1.551063e-01 1.550431e-01 1.527370e-01 1.542974e-01 1.548141e-01 1.557634e-01 1.544446e-01 1.548042e-01 1.534409e-01 1.548504e-01 1.550920e-01 1.526456e-01 1.549336e-01 1.539911e-01 1.549760e-01 1.548058e-01 1.521356e-01 1.551704e-01 1.544891e-01 1.566747e-01 1.551592e-01 1.529753e-01 1.542774e-01 1.532299e-01 1.546079e-01 1.534476e-01 
20 281 1.489252e-01 0 0 1.472045e-01 1.473316e-01 1.501164e-01 1.460079e-01 1.463101e-01 1.474158e-01 1.472456e-01 1.455506e-01 1.474725e-01 1.473281e-01 1.453795e-01 1.468521e-01 1.471991e-01 1.480567e-01 1.469283e-01 1.472435e-01 1.459107e-01 1.473927e-01 1.476979e-01 1.452313e-01 1.476449e-01 1.465433e-01 1.477981e-01 1.471745e-01 1.445780e-01 1.476184e-01 1.471153e-01 1.489966e-01 1.475467e-01 1.459592e-01 1.468749e-01 1.461854e-01 1.470976e-01 1.461382e-01 
21 295 1.431147e-01 0 0 1.413581e-01 1.414189e-01 1.442008e-01 1.401287e-01 1.403381e-01 1.418930e-01 1.415244e-01 1.399504e-01 1.416094e-01 1.414989e-01 1.395800e-01 1.409975e-01 1.411716e-01 1.422261e-01 1.408714e-01 1.416097e-01 1.400398e-01 1.412958e-01 1.422013e-01 1.397743e-01 1.422173e-01 1.406515e-01 1.418016e-01 1.418465e-01 1.387266e-01 1.416033e-01 1.410683e-01 1.433314e-01 1.416080e-01 1.400306e-01 1.411757e-01 1.409347e-01 1.412497e-01 1.402855e-01 
22 309 1.408236e-01 0 0 1.392824e-01 1.392309e-01 1.418406e-01 1.376557e-01 1.378207e-01 1.396259e-01 1.390220e-01 1.375263e-01 1.392611e-01 1.390390e-01 1.380835e-01 1.384504e-01 1.388687e-01 1.397205e-01 1.385877e-01 1.393860e-01 1.377054e-01 1.391646e-01 1.409891e-01 1.373200e-01 1.399930e-01 1.381690e-01 1.391999e-01 1.395888e-01 1.370755e-01 1.393068e-01 1.385096e-01 1.410088e-01 1.391763e-01 1.375207e-01 1.389013e-01 1.384379e-01 1.389798e-01 1.377654e-01 
23 323 1.370810e-01 0 0 1.356049e-01 1.352819e-01 1.378577e-01 1.341568e-01 1.339620e-01 1.358087e-01 1.350685e-01 1.336692e-01 1.357523e-01 1.356968e-01 1.346351e-01 1.345213e-01 1.349726e-01 1.358192e-01 1.348141e-01 1.356222e-01 1.340572e-01 1.351796e-01 1.376953e-01 1.335720e-01 1.362124e-01 1.342674e-01 1.358081e-01 1.359171e-01 1.332860e-01 1.357103e-01 1.347368e-01 1.371116e-01 1.356090e-01 1.336826e-01 1.350147e-01 1.351163e-01 1.349614e-01 1.340911e-01 
24 337 1.845185e-01 0 0 1.821700e-01 1.819238e-01 1.857717e-01 1.804247e-01 1.800584e-01 1.827242e-01 1.815743e-01 1.796717e-01 1.824892e-01 1.834416e-01 1.811394e-01 1.808871e-01 1.816625e-01 1.832669e-01 1.812756e-01 1.826629e-01 1.802482e-01 1.819406e-01 1.855177e-01 1.800090e-01 1.831948e-01 1.806627e-01 1.826072e-01 1.831206e-01 1.790252e-01 1.824946e-01 1.810088e-01 1.845819e-01 1.823743e-01 1.796719e-01 1.818755e-01 1.817156e-01 1.816654e-01 1.804241e-01 
25 351 1.803202e-01 0 0 1.778986e-01 1.775510e-01 1.812892e-01 1.761305e-01 1.756419e-01 1.785654e-01 1.773197e-01 1.752563e-01 1.781508e-01 1.790441e-01 1.771841e-01 1.764819e-01 1.772842e-01 1.793126e-01 1.769082e-01 1.788977e-01 1.761769e-01 1.781965e-01 1.811068e-01 1.756577e-01 1.789470e-01 1.762616e-01 1.783055e-01 1.785939e-01 1.747431e-01 1.779827e-01 1.771346e-01 1.800736e-01 1.778805e-01 1.753001e-01 1.779389e-01 1.776264e-01 1.775039e-01 1.759928e-01 
26 365 1.735995e-01 0 0 1.708727e-01 1.707738e-01 1.743037e-01 1.691821e-01 1.687732e-01 1.716710e-01 1.707975e-01 1.684596e-01 1.714329e-01 1.719736e-01 1.705644e-01 1.696176e-01 1.706219e-01 1.726327e-01 1.703154e-01 1.723123e-01 1.693970e-01 1.716103e-01 1.742509e-01 1.695296e-01 1.724295e-01 1.696256e-01 1.717883e-01 1.718970e-01 1.681592e-01 1.711546e-01 1.702862e-01 1.732684e-01 1.710396e-01 1.686139e-01 1.709701e-01 1.709861e-01 1.706093e-01 1.690998e-01 
27 379 1.672534e-01 0 0 1.646164e-01 1.643761e-01 1.677650e-01 1.638180e-01 1.622730e-01 1.657906e-01 1.643163e-01 1.625597e-01 1.648767e-01 1.659324e-01 1.639320e-01 1.631864e-01 1.642611e-01 1.661968e-01 1.644092e-01 1.658578e-01 1.632396e-01 1.652961e-01 1.676981e-01 1.629882e-01 1.660348e-01 1.633182e-01 1.655403e-01 1.654180e-01 1.618353e-01 1.647216e-01 1.639719e-01 1.670298e-01 1.647128e-01 1.621397e-01 1.644179e-01 1.645769e-01 1.640790e-01 1.629543e-01 
28 393 1.630278e-01 0 0 1.604175e-01 1.599213e-01 1.634410e-01 1.594315e-01 1.579787e-01 1.612911e-01 1.602234e-01 1.585358e-01 1.604377e-01 1.616797e-01 1.601215e-01 1.588978e-01 1.597473e-01 1.615821e-01 1.599919e-01 1.616638e-01 1.592934e-01 1.609156e-01 1.632899e-01 1.585822e-01 1.616763e-01 1.590050e-01 1.613663e-01 1.612459e-01 1.575419e-01 1.603103e-01 1.597669e-01 1.628701e-01 1.602754e-01 1.579525e-01 1.600759e-01 1.604872e-01 1.595712e-01 1.585010e-01 
29 407 1.573907e-01 0 0 1.545730e-01 1.541666e-01 1.579756e-01 1.538065e-01 1.523477e-01 1.555651e-01 1.543355e-01 1.529311e-01 1.547804e-01 1.558948e-01 1.543924e-01 1.532488e-01 1.542955e-01 1.556467e-01 1.543002e-01 1.560285e-01 1.540115e-01 1.551195e-01 1.576279e-01 1.533488e-01 1.559381e-01 1.534283e-01 1.556067e-01 1.555233e-01 1.519234e-01 1.544693e-01 1.541390e-01 1.569540e-01 1.546803e-01 1.522463e-01 1.542245e-01 1.548417e-01 1.537304e-01 1.527558e-01 
30 421 2.140486e-01 0 0 2.098897e-01 2.097023e-01 2.147298e-01 2.089762e-01 2.069329e-01 2.111857e-01 2.096926e-01 2.080335e-01 2.100961e-01 2.115574e-01 2.097685e-01 2.085930e-01 2.100817e-01 2.114307e-01 2.096899e-01 2.127961e-01 2.093576e-01 2.105475e-01 2.141030e-01 2.082743e-01 2.127834e-01 2.095580e-01 2.116033e-01 2.114422e-01 2.063361e-01 2.096341e-01 2.094188e-01 2.130920e-01 2.104216e-01 2.068155e-01 2.094427e-01 2.102893e-01 2.089381e-01 2.077262e-01 
31 435 2.074961e-01 0 0 2.031375e-01 2.031442e-01 2.083136e-01 2.021428e-01 2.005308e-01 2.042668e-01 2.029888e-01 2.014823e-01 2.032412e-01 2.049500e-01 2.029622e-01 2.023467e-01 2.039492e-01 2.047842e-01 2.033486e-01 2.064711e-01 2.028336e-01 2.037370e-01 2.071216e-01 2.015945e-01 2.060552e-01 2.032971e-01 2.048208e-01 2.050110e-01 1.998028e-01 2.028704e-01 2.026510e-01 2.061289e-01 2.036140e-01 2.001524e-01 2.027201e-01 2.037150e-01 2.023946e-01 2.011329e-01 
32 449 1.997437e-01 0 0 1.956146e-01 1.955405e-01 2.009352e-01 1.944329e-01 1.927070e-01 1.963844e-01 1.952998e-01 1.937826e-01 1.953611e-01 1.972597e-01 1.950583e-01 1.945376e-01 1.962989e-01 1.970963e-01 1.953238e-01 1.988445e-01 1.952220e-01 1.957552e-01 1.990253e-01 1.945863e-01 1.981058e-01 1.964516e-01 1.971539e-01 1.970100e-01 1.923322e-01 1.952280e-01 1.950759e-01 1.982279e-01 1.958245e-01 1.925505e-01 1.947848e-01 1.956977e-01 1.947119e-01 1.932977e-01 
33 463 2.673375e-01 0 0 2.615117e-01 2.616613e-01 2.688711e-01 2.603629e-01 2.573044e-01 2.624549e-01 2.610270e-01 2.591981e-01 2.610699e-01 2.638818e-01 2.606023e-01 2.603304e-01 2.630049e-01 2.632947e-01 2.612167e-01 2.661089e-01 2.611849e-01 2.626567e-01 2.659628e-01 2.600999e-01 2.648304e-01 2.630470e-01 2.635966e-01 2.632353e-01 2.569838e-01 2.613737e-01 2.605783e-01 2.653888e-01 2.631500e-01 2.571988e-01 2.606382e-01 2.615614e-01 2.600977e-01 2.584305e-01 
34 477 2.579420e-01 0 0 2.521072e-01 2.520285e-01 2.593924e-01 2.510583e-01 2.477657e-01 2.527457e-01 2.514031e-01 2.496209e-01 2.516490e-01 2.549454e-01 2.511915e-01 2.507058e-01 2.533396e-01 2.542198e-01 2.515389e-01 2.563288e-01 2.518460e-01 2.531019e-01 2.563798e-01 2.503202e-01 2.552232e-01 2.536332e-01 2.546509e-01 2.533926e-01 2.481855e-01 2.516594e-01 2.509255e-01 2.556853e-01 2.538015e-01 2.479318e-01 2.512985e-01 2.523089e-01 2.509598e-01 2.490050e-01 
35 491 2.496818e-01 0 0 2.438345e-01 2.435008e-01 2.510260e-01 2.424615e-01 2.394108e-01 2.442939e-01 2.431276e-01 2.412584e-01 2.433634e-01 2.464026e-01 2.433768e-01 2.424734e-01 2.446859e-01 2.459303e-01 2.431490e-01 2.478251e-01 2.437813e-01 2.448026e-01 2.478054e-01 2.423578e-01 2.466240e-01 2.457729e-01 2.463144e-01 2.451393e-01 2.400740e-01 2.431806e-01 2.424092e-01 2.471559e-01 2.456902e-01 2.395000e-01 2.427366e-01 2.444642e-01 2.426531e-01 2.407211e-01 
36 505 2.413666e-01 0 0 2.357390e-01 2.351660e-01 2.426437e-01 2.339549e-01 2.309889e-01 2.358397e-01 2.346588e-01 2.333316e-01 2.352005e-01 2.381728e-01 2.353402e-01 2.340920e-01 2.363073e-01 2.379737e-01 2.346730e-01 2.399713e-01 2.357732e-01 2.365589e-01 2.392741e-01 2.343132e-01 2.378748e-01 2.378718e-01 2.377948e-01 2.365934e-01 2.320356e-01 2.348198e-01 2.344054e-01 2.389191e-01 2.378136e-01 2.312151e-01 2.345412e-01 2.358239e-01 2.344556e-01 2.322324e-01 
37 519 2.322084e-01 0 0 2.268465e-01 2.258844e-01 2.328932e-01 2.246100e-01 2.222451e-01 2.263328e-01 2.267186e-01 2.242188e-01 2.263515e-01 2.288828e-01 2.265753e-01 2.249853e-01 2.270298e-01 2.292172e-01 2.254543e-01 2.306466e-01 2.266632e-01 2.275182e-01 2.299564e-01 2.249827e-01 2.284282e-01 2.293948e-01 2.286533e-01 2.274401e-01 2.227359e-01 2.256768e-01 2.253585e-01 2.310855e-01 2.285104e-01 2.226222e-01 2.252360e-01 2.265352e-01 2.253909e-01 2.232150e-01 
38 533 2.222363e-01 0 0 2.172073e-01 2.164743e-01 2.225989e-01 2.151892e-01 2.122399e-01 2.161836e-01 2.168831e-01 2.142047e-01 2.163984e-01 2.186906e-01 2.167083e-01 2.154389e-01 2.169221e-01 2.189824e-01 2.156021e-01 2.206468e-01 2.169958e-01 2.172850e-01 2.197952e-01 2.149521e-01 2.184612e-01 2.194395e-01 2.186957e-01 2.171228e-01 2.129989e-01 2.155392e-01 2.154875e-01 2.209105e-01 2.184456e-01 2.129227e-01 2.150942e-01 2.166380e-01 2.163395e-01 2.131101e-01 
39 547 2.114210e-01 0 0 2.064272e-01 2.056686e-01 2.113147e-01 2.044133e-01 2.014352e-01 2.053323e-01 2.062099e-01 2.033522e-01 2.056940e-01 2.079994e-01 2.058966e-01 2.046573e-01 2.063621e-01 2.079176e-01 2.046967e-01 2.096288e-01 2.064687e-01 2.065277e-01 2.090910e-01 2.041886e-01 2.074273e-01 2.086304e-01 2.083155e-01 2.068509e-01 2.023342e-01 2.048777e-01 2.048083e-01 2.108961e-01 2.082277e-01 2.023245e-01 2.042002e-01 2.061934e-01 2.060017e-01 2.024636e-01 
40 561 2.026746e-01 0 0 1.976206e-01 1.968762e-01 2.024296e-01 1.957525e-01 1.927187e-01 1.966334e-01 1.975309e-01 1.949154e-01 1.973690e-01 1.991558e-01 1.970673e-01 1.959632e-01 1.977238e-01 1.992327e-01 1.961091e-01 2.008811e-01 1.978870e-01 1.978532e-01 2.001556e-01 1.954495e-01 1.985241e-01 2.001356e-01 1.993181e-01 1.981207e-01 1.938650e-01 1.960631e-01 1.960784e-01 2.026885e-01 1.993380e-01 1.938255e-01 1.953889e-01 1.973425e-01 1.971570e-01 1.937320e-01 
41 575 1.950471e-01 0 0 1.899169e-01 1.892268e-01 1.944879e-01 1.883490e-01 1.851528e-01 1.890096e-01 1.900436e-01 1.876396e-01 1.896512e-01 1.912429e-01 1.893450e-01 1.882357e-01 1.899604e-01 1.914716e-01 1.884855e-01 1.932935e-01 1.908190e-01 1.908323e-01 1.922028e-01 1.880205e-01 1.908496e-01 1.923817e-01 1.917901e-01 1.903970e-01 1.862662e-01 1.886581e-01 1.886385e-01 1.947972e-01 1.916947e-01 1.865227e-01 1.877778e-01 1.896840e-01 1.896358e-01 1.867315e-01 
42 589 1.900466e-01 0 0 1.847804e-01 1.840498e-01 1.896609e-01 1.834564e-01 1.801532e-01 1.838337e-01 1.855510e-01 1.826893e-01 1.849873e-01 1.860023e-01 1.841048e-01 1.832558e-01 1.851177e-01 1.861699e-01 1.833773e-01 1.882586e-01 1.856382e-01 1.867544e-01 1.868540e-01 1.831303e-01 1.859806e-01 1.875337e-01 1.865834e-01 1.859881e-01 1.811467e-01 1.835840e-01 1.835517e-01 1.895405e-01 1.863883e-01 1.818065e-01 1.827541e-01 1.846203e-01 1.849358e-01 1.818885e-01 
43 603 1.830542e-01 0 0 1.777621e-01 1.776273e-01 1.823738e-01 1.763513e-01 1.732255e-01 1.770350e-01 1.784583e-01 1.758004e-01 1.780537e-01 1.788751e-01 1.773141e-01 1.765769e-01 1.786785e-01 1.792774e-01 1.762307e-01 1.810798e-01 1.784468e-01 1.798268e-01 1.796808e-01 1.760021e-01 1.789181e-01 1.802595e-01 1.795449e-01 1.797828e-01 1.741960e-01 1.764160e-01 1.765264e-01 1.822359e-01 1.794451e-01 1.749492e-01 1.759118e-01 1.778323e-01 1.779187e-01 1.749242e-01 
44 617 1.737642e-01 0 0 1.684507e-01 1.683488e-01 1.729678e-01 1.677204e-01 1.642029e-01 1.678855e-01 1.692072e-01 1.666516e-01 1.690866e-01 1.697381e-01 1.683738e-01 1.673744e-01 1.706608e-01 1.699499e-01 1.671747e-01 1.715577e-01 1.690400e-01 1.706226e-01 1.702496e-01 1.668369e-01 1.700961e-01 1.708438e-01 1.702351e-01 1.703238e-01 1.650214e-01 1.673526e-01 1.673008e-01 1.726757e-01 1.699788e-01 1.661482e-01 1.668269e-01 1.686440e-01 1.687743e-01 1.657560e-01 
45 631 2.314257e-01 0 0 2.238648e-01 2.239057e-01 2.302481e-01 2.236747e-01 2.183283e-01 2.232293e-01 2.251128e-01 2.215519e-01 2.251906e-01 2.257814e-01 2.239985e-01 2.224860e-01 2.271862e-01 2.259895e-01 2.221332e-01 2.282131e-01 2.246421e-01 2.269217e-01 2.263429e-01 2.222504e-01 2.264877e-01 2.277009e-01 2.262961e-01 2.267468e-01 2.192682e-01 2.226152e-01 2.227081e-01 2.294747e-01 2.264381e-01 2.214807e-01 2.220113e-01 2.240752e-01 2.243530e-01 2.204119e-01 
46 645 2.229883e-01 0 0 2.153176e-01 2.155686e-01 2.215856e-01 2.152127e-01 2.098308e-01 2.148503e-01 2.165915e-01 2.130426e-01 2.166361e-01 2.170894e-01 2.154454e-01 2.140669e-01 2.186173e-01 2.173444e-01 2.141367e-01 2.195006e-01 2.161029e-01 2.188356e-01 2.181120e-01 2.141514e-01 2.179318e-01 2.196063e-01 2.176668e-01 2.190166e-01 2.114212e-01 2.142548e-01 2.145798e-01 2.208306e-01 2.184519e-01 2.137073e-01 2.134794e-01 2.155798e-01 2.158465e-01 2.120160e-01 
47 659 2.128817e-01 0 0 2.053749e-01 2.054713e-01 2.116056e-01 2.054780e-01 2.003074e-01 2.049336e-01 2.065143e-01 2.032653e-01 2.067580e-01 2.070296e-01 2.059091e-01 2.040843e-01 2.086768e-01 2.070834e-01 2.043748e-01 2.093132e-01 2.062246e-01 2.087838e-01 2.077897e-01 2.045267e-01 2.076127e-01 2.097798e-01 2.074819e-01 2.090524e-01 2.014265e-01 2.041644e-01 2.043406e-01 2.103341e-01 2.083184e-01 2.037984e-01 2.034815e-01 2.063077e-01 2.059048e-01 2.019536e-01 
48 673 2.079856e-01 0 0 2.005654e-01 2.006835e-01 2.065030e-01 2.008822e-01 1.956262e-01 2.000845e-01 2.015219e-01 1.981695e-01 2.015842e-01 2.034006e-01 2.008523e-01 1.991108e-01 2.037064e-01 2.020004e-01 1.992711e-01 2.044333e-01 2.013735e-01 2.036058e-01 2.037316e-01 1.999055e-01 2.027610e-01 2.048812e-01 2.022945e-01 2.040932e-01 1.964447e-01 1.994823e-01 1.999046e-01 2.051313e-01 2.034995e-01 1.987332e-01 1.985582e-01 2.013811e-01 2.014729e-01 1.971151e-01 
49 687 2.012548e-01 0 0 1.937555e-01 1.939832e-01 1.994584e-01 1.945377e-01 1.893560e-01 1.938979e-01 1.947807e-01 1.917667e-01 1.948155e-01 1.965015e-01 1.943427e-01 1.925368e-01 1.967835e-01 1.952116e-01 1.927618e-01 1.974909e-01 1.952101e-01 1.966862e-01 1.967361e-01 1.932842e-01 1.958958e-01 1.981320e-01 1.963763e-01 1.974281e-01 1.898221e-01 1.929104e-01 1.936626e-01 1.986030e-01 1.965230e-01 1.920105e-01 1.917434e-01 1.947262e-01 1.949514e-01 1.903599e-01 
50 701 1.968293e-01 0 0 1.890294e-01 1.893797e-01 1.947837e-01 1.901286e-01 1.851052e-01 1.892907e-01 1.907828e-01 1.872788e-01 1.904661e-01 1.924334e-01 1.896265e-01 1.882219e-01 1.924997e-01 1.909508e-01 1.888223e-01 1.931410e-01 1.908667e-01 1.920624e-01 1.920290e-01 1.888185e-01 1.916306e-01 1.940232e-01 1.922782e-01 1.929235e-01 1.854903e-01 1.885742e-01 1.894155e-01 1.941494e-01 1.919356e-01 1.875696e-01 1.871184e-01 1.904770e-01 1.906102e-01 1.857945e-01 
51 715 1.940826e-01 0 0 1.863670e-01 1.863828e-01 1.920572e-01 1.880636e-01 1.821966e-01 1.864498e-01 1.881241e-01 1.846062e-01 1.879004e-01 1.902546e-01 1.866447e-01 1.856203e-01 1.897088e-01 1.882278e-01 1.858400e-01 1.902227e-01 1.881526e-01 1.896518e-01 1.895128e-01 1.858650e-01 1.890910e-01 1.911739e-01 1.897364e-01 1.901703e-01 1.826041e-01 1.857658e-01 1.864652e-01 1.909939e-01 1.890792e-01 1.846898e-01 1.845845e-01 1.880641e-01 1.877546e-01 1.828471e-01 
52 729 1.893898e-01 0 0 1.814668e-01 1.816997e-01 1.872983e-01 1.834957e-01 1.779067e-01 1.816472e-01 1.833091e-01 1.800246e-01 1.836736e-01 1.856141e-01 1.820031e-01 1.812655e-01 1.853230e-01 1.833161e-01 1.810043e-01 1.858173e-01 1.834599e-01 1.848001e-01 1.848570e-01 1.811915e-01 1.844300e-01 1.865065e-01 1.849876e-01 1.853529e-01 1.783477e-01 1.815215e-01 1.820271e-01 1.860435e-01 1.842474e-01 1.799449e-01 1.799243e-01 1.831561e-01 1.832918e-01 1.781662e-01 
53 743 1.879450e-01 0 0 1.799420e-01 1.804278e-01 1.862859e-01 1.832042e-01 1.765781e-01 1.802113e-01 1.817786e-01 1.782940e-01 1.822041e-01 1.838468e-01 1.806663e-01 1.797811e-01 1.844032e-01 1.815892e-01 1.794917e-01 1.839624e-01 1.819815e-01 1.833301e-01 1.833865e-01 1.798059e-01 1.833148e-01 1.850204e-01 1.836259e-01 1.836759e-01 1.768051e-01 1.799395e-01 1.803603e-01 1.843613e-01 1.824379e-01 1.782371e-01 1.782748e-01 1.813873e-01 1.824883e-01 1.764444e-01 
54 757 1.828749e-01 0 0 1.749494e-01 1.753523e-01 1.809718e-01 1.785740e-01 1.717777e-01 1.750804e-01 1.765234e-01 1.733831e-01 1.771753e-01 1.792463e-01 1.754271e-01 1.746649e-01 1.791637e-01 1.762749e-01 1.742865e-01 1.789553e-01 1.770405e-01 1.786252e-01 1.781269e-01 1.748137e-01 1.781345e-01 1.798700e-01 1.788665e-01 1.784955e-01 1.717758e-01 1.756976e-01 1.759563e-01 1.792107e-01 1.777043e-01 1.731073e-01 1.733494e-01 1.765797e-01 1.772775e-01 1.713128e-01 
55 771 1.786288e-01 0 0 1.706211e-01 1.711128e-01 1.765874e-01 1.747039e-01 1.678803e-01 1.709670e-01 1.722040e-01 1.691764e-01 1.732462e-01 1.749207e-01 1.714098e-01 1.706048e-01 1.747456e-01 1.721202e-01 1.700102e-01 1.744203e-01 1.727317e-01 1.743857e-01 1.740548e-01 1.705269e-01 1.736694e-01 1.755168e-01 1.746291e-01 1.740728e-01 1.675196e-01 1.715092e-01 1.717333e-01 1.750406e-01 1.733339e-01 1.691540e-01 1.689952e-01 1.723323e-01 1.729232e-01 1.674514e-01 
56 785 1.696384e-01 0 0 1.617832e-01 1.623283e-01 1.675077e-01 1.658040e-01 1.595267e-01 1.621966e-01 1.634253e-01 1.604848e-01 1.645130e-01 1.659866e-01 1.625774e-01 1.620285e-01 1.662206e-01 1.633235e-01 1.613132e-01 1.655076e-01 1.640248e-01 1.655353e-01 1.657000e-01 1.620544e-01 1.646962e-01 1.663972e-01 1.658620e-01 1.653890e-01 1.588676e-01 1.626387e-01 1.629538e-01 1.660337e-01 1.647806e-01 1.603542e-01 1.603574e-01 1.635021e-01 1.641956e-01 1.587698e-01 
57 799 1.639923e-01 0 0 1.564074e-01 1.569640e-01 1.615744e-01 1.606467e-01 1.538940e-01 1.566409e-01 1.578709e-01 1.551102e-01 1.589808e-01 1.603755e-01 1.568724e-01 1.563439e-01 1.606089e-01 1.576864e-01 1.559311e-01 1.598463e-01 1.588461e-01 1.597712e-01 1.603068e-01 1.564235e-01 1.594802e-01 1.606390e-01 1.601321e-01 1.598534e-01 1.533090e-01 1.573823e-01 1.573536e-01 1.606542e-01 1.594288e-01 1.549066e-01 1.548486e-01 1.578898e-01 1.586356e-01 1.535162e-01 
58 813 1.640892e-01 0 0 1.564511e-01 1.568857e-01 1.616317e-01 1.608024e-01 1.537881e-01 1.570581e-01 1.577754e-01 1.554234e-01 1.589890e-01 1.605048e-01 1.567475e-01 1.561023e-01 1.619602e-01 1.579037e-01 1.558389e-01 1.597628e-01 1.587074e-01 1.599653e-01 1.607261e-01 1.565127e-01 1.594655e-01 1.610475e-01 1.601038e-01 1.599588e-01 1.533962e-01 1.573536e-01 1.572306e-01 1.604114e-01 1.596315e-01 1.548259e-01 1.548074e-01 1.582989e-01 1.589633e-01 1.536930e-01 
59 827 1.614015e-01 0 0 1.539315e-01 1.540813e-01 1.589399e-01 1.581877e-01 1.510233e-01 1.543925e-01 1.548744e-01 1.526227e-01 1.565980e-01 1.577104e-01 1.540305e-01 1.535067e-01 1.594979e-01 1.557277e-01 1.531819e-01 1.569002e-01 1.558005e-01 1.572679e-01 1.579715e-01 1.537766e-01 1.569629e-01 1.583314e-01 1.572291e-01 1.570789e-01 1.506029e-01 1.545722e-01 1.549593e-01 1.577995e-01 1.567343e-01 1.519451e-01 1.523150e-01 1.555343e-01 1.565010e-01 1.512805e-01 
60 841 1.595163e-01 0 0 1.520980e-01 1.519862e-01 1.570240e-01 1.562646e-01 1.491935e-01 1.525902e-01 1.532397e-01 1.505951e-01 1.552333e-01 1.558903e-01 1.520550e-01 1.515234e-01 1.580696e-01 1.537228e-01 1.511409e-01 1.550000e-01 1.541325e-01 1.555100e-01 1.562417e-01 1.517238e-01 1.550169e-01 1.563771e-01 1.553013e-01 1.552455e-01 1.487447e-01 1.524931e-01 1.530477e-01 1.558528e-01 1.547931e-01 1.501794e-01 1.504649e-01 1.538149e-01 1.546645e-01 1.494981e-01 
61 855 1.554349e-01 0 0 1.487917e-01 1.478801e-01 1.527674e-01 1.521872e-01 1.453288e-01 1.483472e-01 1.491096e-01 1.467421e-01 1.514756e-01 1.518904e-01 1.481390e-01 1.476769e-01 1.542823e-01 1.495118e-01 1.472360e-01 1.510433e-01 1.500136e-01 1.514833e-01 1.524263e-01 1.477451e-01 1.508223e-01 1.527710e-01 1.509950e-01 1.513454e-01 1.446611e-01 1.487129e-01 1.488972e-01 1.517232e-01 1.510305e-01 1.464052e-01 1.465801e-01 1.496214e-01 1.505152e-01 1.456801e-01 
62 869 1.510533e-01 0 0 1.447306e-01 1.437707e-01 1.484392e-01 1.477756e-01 1.411201e-01 1.438868e-01 1.447898e-01 1.423368e-01 1.471698e-01 1.475777e-01 1.438651e-01 1.432464e-01 1.499681e-01 1.452314e-01 1.428187e-01 1.466597e-01 1.455496e-01 1.472219e-01 1.481044e-01 1.433794e-01 1.462637e-01 1.483671e-01 1.466305e-01 1.467893e-01 1.403405e-01 1.444316e-01 1.444921e-01 1.473135e-01 1.465304e-01 1.420802e-01 1.421357e-01 1.451310e-01 1.462610e-01 1.418218e-01 
63 883 1.467486e-01 0 0 1.404936e-01 1.395957e-01 1.440884e-01 1.434867e-01 1.369024e-01 1.395509e-01 1.404828e-01 1.382205e-01 1.429243e-01 1.433237e-01 1.395068e-01 1.391071e-01 1.457705e-01 1.408308e-01 1.388512e-01 1.423071e-01 1.416701e-01 1.428370e-01 1.436322e-01 1.392734e-01 1.417816e-01 1.438903e-01 1.423070e-01 1.424900e-01 1.362269e-01 1.402085e-01 1.404582e-01 1.428384e-01 1.420598e-01 1.377510e-01 1.378107e-01 1.409004e-01 1.421888e-01 1.376717e-01 
64 897 1.433079e-01 0 0 1.371992e-01 1.361265e-01 1.409019e-01 1.399995e-01 1.336907e-01 1.361571e-01 1.369321e-01 1.347705e-01 1.395469e-01 1.399744e-01 1.359797e-01 1.362588e-01 1.421385e-01 1.373174e-01 1.355546e-01 1.387075e-01 1.381614e-01 1.393985e-01 1.403541e-01 1.358255e-01 1.384126e-01 1.407288e-01 1.387634e-01 1.391476e-01 1.328824e-01 1.369013e-01 1.371873e-01 1.393826e-01 1.384401e-01 1.343420e-01 1.346847e-01 1.374931e-01 1.387892e-01 1.345412e-01 
65 911 1.394949e-01 0 0 1.336491e-01 1.326526e-01 1.370772e-01 1.361302e-01 1.300708e-01 1.324218e-01 1.330148e-01 1.309488e-01 1.356713e-01 1.360174e-01 1.329429e-01 1.325335e-01 1.383546e-01 1.334895e-01 1.320638e-01 1.348923e-01 1.344653e-01 1.355099e-01 1.367539e-01 1.323304e-01 1.346160e-01 1.368700e-01 1.347572e-01 1.352973e-01 1.291374e-01 1.332599e-01 1.335015e-01 1.354647e-01 1.350365e-01 1.306760e-01 1.310391e-01 1.337047e-01 1.351959e-01 1.310378e-01 
66 925 1.365726e-01 0 0 1.309380e-01 1.298306e-01 1.340562e-01 1.331790e-01 1.270304e-01 1.293607e-01 1.299146e-01 1.279056e-01 1.327993e-01 1.329818e-01 1.301995e-01 1.297477e-01 1.355626e-01 1.304215e-01 1.290978e-01 1.318295e-01 1.321291e-01 1.324261e-01 1.338916e-01 1.292866e-01 1.315081e-01 1.342303e-01 1.318159e-01 1.322525e-01 1.262722e-01 1.305278e-01 1.305602e-01 1.326110e-01 1.319514e-01 1.277791e-01 1.283336e-01 1.307435e-01 1.323176e-01 1.282092e-01 
67 939 1.356721e-01 0 0 1.301605e-01 1.288886e-01 1.331282e-01 1.319616e-01 1.260727e-01 1.284554e-01 1.290666e-01 1.268467e-01 1.320850e-01 1.318305e-01 1.294823e-01 1.287190e-01 1.344701e-01 1.293992e-01 1.282460e-01 1.309356e-01 1.317554e-01 1.315382e-01 1.330977e-01 1.284097e-01 1.306192e-01 1.337226e-01 1.306374e-01 1.316322e-01 1.252316e-01 1.297506e-01 1.296936e-01 1.315148e-01 1.314185e-01 1.267449e-01 1.272793e-01 1.299349e-01 1.313029e-01 1.272656e-01 
68 953 1.364561e-01 0 0 1.312193e-01 1.299147e-01 1.338171e-01 1.326238e-01 1.266314e-01 1.291437e-01 1.296668e-01 1.274462e-01 1.328581e-01 1.327926e-01 1.305251e-01 1.292571e-01 1.352668e-01 1.298680e-01 1.291146e-01 1.317811e-01 1.326344e-01 1.320122e-01 1.337945e-01 1.290473e-01 1.315891e-01 1.349208e-01 1.311685e-01 1.323956e-01 1.262552e-01 1.303130e-01 1.303246e-01 1.322639e-01 1.321852e-01 1.273597e-01 1.281172e-01 1.304863e-01 1.318377e-01 1.280927e-01 
69 967 1.320794e-01 0 0 1.270745e-01 1.256835e-01 1.294258e-01 1.283617e-01 1.225703e-01 1.251116e-01 1.254522e-01 1.232281e-01 1.286689e-01 1.284365e-01 1.263708e-01 1.250638e-01 1.308003e-01 1.259681e-01 1.250505e-01 1.274801e-01 1.284715e-01 1.274960e-01 1.293322e-01 1.250674e-01 1.272062e-01 1.306874e-01 1.267712e-01 1.280008e-01 1.223973e-01 1.262764e-01 1.261942e-01 1.278247e-01 1.278233e-01 1.231323e-01 1.238303e-01 1.261582e-01 1.273562e-01 1.238856e-01 
70 981 1.309870e-01 0 0 1.261591e-01 1.250849e-01 1.281834e-01 1.272845e-01 1.215102e-01 1.241037e-01 1.242915e-01 1.222026e-01 1.277858e-01 1.273665e-01 1.252821e-01 1.240164e-01 1.294980e-01 1.246367e-01 1.240495e-01 1.268077e-01 1.276522e-01 1.264944e-01 1.281623e-01 1.245262e-01 1.259547e-01 1.297290e-01 1.255753e-01 1.267447e-01 1.212904e-01 1.249287e-01 1.249094e-01 1.267787e-01 1.268244e-01 1.221096e-01 1.227992e-01 1.248706e-01 1.261359e-01 1.229981e-01 
71 995 1.298043e-01 0 0 1.249917e-01 1.239520e-01 1.269940e-01 1.259744e-01 1.203576e-01 1.228671e-01 1.233298e-01 1.210031e-01 1.265020e-01 1.261314e-01 1.240739e-01 1.229869e-01 1.282328e-01 1.232852e-01 1.230084e-01 1.256485e-01 1.265985e-01 1.252392e-01 1.267365e-01 1.233391e-01 1.248762e-01 1.289075e-01 1.241459e-01 1.256581e-01 1.199293e-01 1.235820e-01 1.236326e-01 1.255676e-01 1.255138e-01 1.207368e-01 1.216619e-01 1.236581e-01 1.248077e-01 1.217474e-01 
72 1009 1.761131e-01 0 0 1.694281e-01 1.681231e-01 1.719554e-01 1.705858e-01 1.630702e-01 1.668798e-01 1.673539e-01 1.645449e-01 1.713405e-01 1.711125e-01 1.685556e-01 1.667750e-01 1.737400e-01 1.669380e-01 1.667313e-01 1.703870e-01 1.717003e-01 1.699314e-01 1.717873e-01 1.672029e-01 1.693352e-01 1.749127e-01 1.681241e-01 1.701607e-01 1.623875e-01 1.674385e-01 1.681848e-01 1.707092e-01 1.702478e-01 1.635093e-01 1.651060e-01 1.677395e-01 1.692195e-01 1.649668e-01 
73 1023 1.725516e-01 0 0 1.659679e-01 1.648737e-01 1.685694e-01 1.669251e-01 1.595216e-01 1.634829e-01 1.637390e-01 1.610885e-01 1.678244e-01 1.674878e-01 1.653585e-01 1.634090e-01 1.700643e-01 1.633140e-01 1.632938e-01 1.666813e-01 1.682024e-01 1.661240e-01 1.683632e-01 1.637351e-01 1.661724e-01 1.713970e-01 1.647655e-01 1.664236e-01 1.590117e-01 1.640117e-01 1.648030e-01 1.671449e-01 1.669405e-01 1.606225e-01 1.618132e-01 1.643195e-01 1.659499e-01 1.614709e-01 
74 1037 1.695517e-01 0 0 1.628248e-01 1.619809e-01 1.657297e-01 1.637567e-01 1.567703e-01 1.604607e-01 1.606517e-01 1.580713e-01 1.646536e-01 1.643567e-01 1.622151e-01 1.606795e-01 1.670764e-01 1.601728e-01 1.604706e-01 1.638483e-01 1.653132e-01 1.633016e-01 1.656246e-01 1.606610e-01 1.633774e-01 1.681848e-01 1.615219e-01 1.634838e-01 1.559193e-01 1.610450e-01 1.618891e-01 1.639314e-01 1.638763e-01 1.578704e-01 1.589531e-01 1.616013e-01 1.630621e-01 1.588366e-01 
75 1051 1.644662e-01 0 0 1.577203e-01 1.569832e-01 1.609392e-01 1.590955e-01 1.522967e-01 1.554327e-01 1.559115e-01 1.533652e-01 1.594467e-01 1.596318e-01 1.571301e-01 1.556207e-01 1.619868e-01 1.550804e-01 1.552842e-01 1.588317e-01 1.603248e-01 1.582760e-01 1.606459e-01 1.558270e-01 1.584558e-01 1.628730e-01 1.565013e-01 1.585763e-01 1.510121e-01 1.560367e-01 1.570272e-01 1.587869e-01 1.587735e-01 1.534636e-01 1.540279e-01 1.564883e-01 1.580624e-01 1.538798e-01 
76 1065 1.601349e-01 0 0 1.534010e-01 1.528360e-01 1.563093e-01 1.549336e-01 1.480643e-01 1.512068e-01 1.517453e-01 1.492574e-01 1.550785e-01 1.555228e-01 1.526766e-01 1.516125e-01 1.576681e-01 1.511743e-01 1.513059e-01 1.544031e-01 1.558534e-01 1.539612e-01 1.562691e-01 1.517437e-01 1.539693e-01 1.582194e-01 1.522608e-01 1.544073e-01 1.467835e-01 1.523252e-01 1.526016e-01 1.544479e-01 1.544894e-01 1.494580e-01 1.503940e-01 1.521515e-01 1.536752e-01 1.499625e-01 
77 1079 1.540905e-01 0 0 1.475112e-01 1.468193e-01 1.503467e-01 1.493788e-01 1.425890e-01 1.451882e-01 1.461276e-01 1.434040e-01 1.492248e-01 1.493548e-01 1.466396e-01 1.456266e-01 1.518860e-01 1.452045e-01 1.454730e-01 1.482941e-01 1.499809e-01 1.480045e-01 1.503536e-01 1.457645e-01 1.479235e-01 1.522440e-01 1.462087e-01 1.484326e-01 1.409165e-01 1.467220e-01 1.469705e-01 1.486287e-01 1.483339e-01 1.438025e-01 1.444362e-01 1.460815e-01 1.475613e-01 1.441957e-01 
78 1093 1.492986e-01 0 0 1.427130e-01 1.419998e-01 1.455454e-01 1.447586e-01 1.379165e-01 1.405380e-01 1.414027e-01 1.389433e-01 1.443786e-01 1.444251e-01 1.419647e-01 1.408440e-01 1.472767e-01 1.405131e-01 1.407576e-01 1.435929e-01 1.451699e-01 1.435328e-01 1.455342e-01 1.409683e-01 1.431928e-01 1.484971e-01 1.413749e-01 1.436814e-01 1.363382e-01 1.421526e-01 1.423261e-01 1.438968e-01 1.436274e-01 1.392267e-01 1.398940e-01 1.415651e-01 1.430924e-01 1.395159e-01 
79 1107 1.466049e-01 0 0 1.399341e-01 1.396491e-01 1.427625e-01 1.425483e-01 1.355932e-01 1.378885e-01 1.391520e-01 1.363522e-01 1.417094e-01 1.417328e-01 1.391556e-01 1.382394e-01 1.444182e-01 1.377283e-01 1.382054e-01 1.410882e-01 1.423570e-01 1.410522e-01 1.427324e-01 1.381007e-01 1.407186e-01 1.458495e-01 1.385285e-01 1.409411e-01 1.338707e-01 1.401112e-01 1.395909e-01 1.412568e-01 1.408575e-01 1.365193e-01 1.371483e-01 1.392471e-01 1.404325e-01 1.367095e-01 
80 1121 1.455907e-01 0 0 1.389349e-01 1.386729e-01 1.416447e-01 1.421316e-01 1.345720e-01 1.376771e-01 1.383352e-01 1.352608e-01 1.406530e-01 1.407721e-01 1.381787e-01 1.376383e-01 1.433350e-01 1.366152e-01 1.369846e-01 1.398873e-01 1.412760e-01 1.399677e-01 1.414066e-01 1.369601e-01 1.397486e-01 1.447021e-01 1.373506e-01 1.397903e-01 1.328179e-01 1.393618e-01 1.388728e-01 1.400600e-01 1.395819e-01 1.357052e-01 1.360735e-01 1.380583e-01 1.395515e-01 1.357537e-01 
81 1135 1.431040e-01 0 0 1.363115e-01 1.360501e-01 1.389074e-01 1.398238e-01 1.322929e-01 1.353367e-01 1.358814e-01 1.328307e-01 1.379874e-01 1.382106e-01 1.356270e-01 1.350774e-01 1.408270e-01 1.344757e-01 1.345188e-01 1.375572e-01 1.386414e-01 1.373987e-01 1.387907e-01 1.345114e-01 1.371430e-01 1.421571e-01 1.348270e-01 1.373604e-01 1.307785e-01 1.370849e-01 1.365719e-01 1.376589e-01 1.371434e-01 1.334342e-01 1.335639e-01 1.354513e-01 1.369883e-01 1.335265e-01 
82 1149 1.396218e-01 0 0 1.331113e-01 1.327548e-01 1.353171e-01 1.365265e-01 1.290038e-01 1.320723e-01 1.323538e-01 1.296255e-01 1.348782e-01 1.347748e-01 1.323315e-01 1.315882e-01 1.371765e-01 1.309042e-01 1.311931e-01 1.339651e-01 1.354880e-01 1.338104e-01 1.355265e-01 1.310964e-01 1.334951e-01 1.391010e-01 1.313982e-01 1.337540e-01 1.273674e-01 1.337363e-01 1.331128e-01 1.345978e-01 1.336077e-01 1.300115e-01 1.301842e-01 1.319202e-01 1.336180e-01 1.300882e-01 
83 1163 1.354144e-01 0 0 1.289703e-01 1.287526e-01 1.311077e-01 1.324368e-01 1.249585e-01 1.281421e-01 1.281473e-01 1.255542e-01 1.306637e-01 1.304855e-01 1.281215e-01 1.274130e-01 1.328673e-01 1.267746e-01 1.269828e-01 1.299825e-01 1.313705e-01 1.296261e-01 1.312459e-01 1.272378e-01 1.293558e-01 1.347259e-01 1.271768e-01 1.294357e-01 1.234433e-01 1.296948e-01 1.290329e-01 1.306185e-01 1.294976e-01 1.259771e-01 1.262544e-01 1.278023e-01 1.295025e-01 1.261916e-01 
84 1177 1.334787e-01 0 0 1.268738e-01 1.268328e-01 1.290184e-01 1.303673e-01 1.229962e-01 1.261065e-01 1.264812e-01 1.237877e-01 1.286742e-01 1.286920e-01 1.265290e-01 1.253442e-01 1.310685e-01 1.249494e-01 1.252045e-01 1.278574e-01 1.298423e-01 1.276542e-01 1.293962e-01 1.254493e-01 1.275918e-01 1.334464e-01 1.251082e-01 1.273724e-01 1.214601e-01 1.277086e-01 1.271724e-01 1.286353e-01 1.276855e-01 1.240231e-01 1.244241e-01 1.260559e-01 1.274899e-01 1.243920e-01 
85 1191 1.334205e-01 0 0 1.270236e-01 1.266344e-01 1.286882e-01 1.301960e-01 1.232944e-01 1.260404e-01 1.261795e-01 1.239775e-01 1.285592e-01 1.290122e-01 1.265621e-01 1.250556e-01 1.312667e-01 1.247727e-01 1.253985e-01 1.279201e-01 1.299433e-01 1.274360e-01 1.291035e-01 1.251549e-01 1.273451e-01 1.334517e-01 1.249420e-01 1.270807e-01 1.218174e-01 1.278898e-01 1.268722e-01 1.283548e-01 1.274178e-01 1.238587e-01 1.246353e-01 1.261217e-01 1.272902e-01 1.245466e-01 
86 1205 1.884272e-01 0 0 1.790273e-01 1.786766e-01 1.813962e-01 1.842879e-01 1.739290e-01 1.777288e-01 1.782260e-01 1.748949e-01 1.812891e-01 1.818618e-01 1.787974e-01 1.764636e-01 1.851237e-01 1.760393e-01 1.766822e-01 1.804491e-01 1.839389e-01 1.797706e-01 1.819443e-01 1.769642e-01 1.801750e-01 1.890385e-01 1.760856e-01 1.791628e-01 1.729452e-01 1.807883e-01 1.790061e-01 1.812222e-01 1.799145e-01 1.745753e-01 1.762657e-01 1.777907e-01 1.798824e-01 1.760710e-01 
87 1219 1.890880e-01 0 0 1.793490e-01 1.792680e-01 1.818510e-01 1.851169e-01 1.750947e-01 1.782445e-01 1.788001e-01 1.751263e-01 1.816252e-01 1.821769e-01 1.795955e-01 1.767180e-01 1.853873e-01 1.763163e-01 1.772476e-01 1.809766e-01 1.850677e-01 1.801621e-01 1.823831e-01 1.774079e-01 1.807054e-01 1.899592e-01 1.764407e-01 1.795922e-01 1.740336e-01 1.814681e-01 1.796753e-01 1.819348e-01 1.802940e-01 1.749691e-01 1.768328e-01 1.783442e-01 1.802275e-01 1.767241e-01 
88 1233 1.897883e-01 0 0 1.809066e-01 1.796907e-01 1.831820e-01 1.854500e-01 1.763277e-01 1.787089e-01 1.792734e-01 1.755756e-01 1.821795e-01 1.825773e-01 1.799397e-01 1.772247e-01 1.857758e-01 1.768539e-01 1.777674e-01 1.816275e-01 1.861377e-01 1.806287e-01 1.827063e-01 1.778524e-01 1.813265e-01 1.907178e-01 1.767940e-01 1.800589e-01 1.749917e-01 1.820255e-01 1.800387e-01 1.825883e-01 1.807841e-01 1.755237e-01 1.773412e-01 1.787936e-01 1.810043e-01 1.773063e-01 
89 1247 1.915862e-01 0 0 1.829738e-01 1.812741e-01 1.857281e-01 1.873672e-01 1.780575e-01 1.801482e-01 1.806166e-01 1.768588e-01 1.840135e-01 1.839899e-01 1.816512e-01 1.789876e-01 1.872670e-01 1.783759e-01 1.802541e-01 1.833227e-01 1.881753e-01 1.821560e-01 1.842167e-01 1.792535e-01 1.829377e-01 1.922597e-01 1.782581e-01 1.816578e-01 1.772748e-01 1.836818e-01 1.814260e-01 1.843296e-01 1.823999e-01 1.777930e-01 1.788295e-01 1.802266e-01 1.824423e-01 1.790715e-01 
90 1261 1.893200e-01 0 0 1.806869e-01 1.790259e-01 1.840113e-01 1.851427e-01 1.762801e-01 1.782841e-01 1.783495e-01 1.743638e-01 1.816272e-01 1.817000e-01 1.793139e-01 1.765072e-01 1.846652e-01 1.761828e-01 1.782176e-01 1.809417e-01 1.858350e-01 1.798854e-01 1.818288e-01 1.767969e-01 1.807397e-01 1.900250e-01 1.759588e-01 1.792937e-01 1.756317e-01 1.814768e-01 1.789349e-01 1.818376e-01 1.802325e-01 1.760147e-01 1.765470e-01 1.777212e-01 1.801526e-01 1.770571e-01 
91 1275 1.868904e-01 0 0 1.785397e-01 1.765906e-01 1.816781e-01 1.825780e-01 1.737892e-01 1.755973e-01 1.758658e-01 1.718955e-01 1.790695e-01 1.793302e-01 1.773222e-01 1.738816e-01 1.821504e-01 1.742274e-01 1.759027e-01 1.785315e-01 1.834111e-01 1.772966e-01 1.793784e-01 1.743240e-01 1.783018e-01 1.872793e-01 1.733802e-01 1.767625e-01 1.736571e-01 1.789968e-01 1.766697e-01 1.792091e-01 1.783466e-01 1.737150e-01 1.742019e-01 1.751173e-01 1.775821e-01 1.749032e-01 
92 1289 1.850467e-01 0 0 1.767714e-01 1.746622e-01 1.796514e-01 1.809176e-01 1.720316e-01 1.739577e-01 1.739167e-01 1.701496e-01 1.774540e-01 1.776227e-01 1.757234e-01 1.725580e-01 1.802909e-01 1.721812e-01 1.740568e-01 1.768747e-01 1.822246e-01 1.753248e-01 1.773122e-01 1.722053e-01 1.763433e-01 1.850469e-01 1.718390e-01 1.750009e-01 1.717923e-01 1.771123e-01 1.747205e-01 1.774451e-01 1.771239e-01 1.717439e-01 1.724001e-01 1.731218e-01 1.755391e-01 1.732786e-01 
93 1303 1.808375e-01 0 0 1.724913e-01 1.705878e-01 1.753225e-01 1.767099e-01 1.683608e-01 1.697515e-01 1.699532e-01 1.658775e-01 1.733548e-01 1.734139e-01 1.715869e-01 1.685952e-01 1.764052e-01 1.680107e-01 1.700766e-01 1.724914e-01 1.779471e-01 1.710480e-01 1.729055e-01 1.681712e-01 1.720581e-01 1.805912e-01 1.677073e-01 1.708235e-01 1.679126e-01 1.729629e-01 1.705143e-01 1.734116e-01 1.731958e-01 1.679678e-01 1.681555e-01 1.688534e-01 1.714167e-01 1.692001e-01 
94 1317 1.779810e-01 0 0 1.696531e-01 1.679868e-01 1.728640e-01 1.736719e-01 1.657204e-01 1.669802e-01 1.671770e-01 1.632128e-01 1.704638e-01 1.705208e-01 1.685934e-01 1.659233e-01 1.736208e-01 1.657868e-01 1.673164e-01 1.695522e-01 1.747864e-01 1.682777e-01 1.702340e-01 1.652477e-01 1.691549e-01 1.776981e-01 1.649739e-01 1.677403e-01 1.652541e-01 1.701091e-01 1.674659e-01 1.704394e-01 1.705351e-01 1.657713e-01 1.652049e-01 1.660792e-01 1.684629e-01 1.662337e-01 
95 1331 1.750157e-01 0 0 1.666919e-01 1.649626e-01 1.701235e-01 1.708703e-01 1.628485e-01 1.640164e-01 1.641791e-01 1.602806e-01 1.679529e-01 1.675802e-01 1.654455e-01 1.645830e-01 1.706215e-01 1.628705e-01 1.645487e-01 1.666076e-01 1.715593e-01 1.657070e-01 1.672502e-01 1.621330e-01 1.660288e-01 1.743993e-01 1.620442e-01 1.647123e-01 1.625915e-01 1.671906e-01 1.644506e-01 1.673562e-01 1.674679e-01 1.631327e-01 1.623781e-01 1.630588e-01 1.653781e-01 1.635965e-01 
96 1345 1.731613e-01 0 0 1.647545e-01 1.630272e-01 1.680214e-01 1.690093e-01 1.612285e-01 1.621341e-01 1.624133e-01 1.583370e-01 1.665343e-01 1.656415e-01 1.640707e-01 1.633684e-01 1.685703e-01 1.609559e-01 1.629390e-01 1.646473e-01 1.693561e-01 1.637486e-01 1.656618e-01 1.605185e-01 1.645057e-01 1.723466e-01 1.601729e-01 1.626831e-01 1.607742e-01 1.654848e-01 1.624846e-01 1.652886e-01 1.657225e-01 1.615779e-01 1.604215e-01 1.616019e-01 1.632999e-01 1.618841e-01 
97 1359 1.715160e-01 0 0 1.629290e-01 1.613570e-01 1.666571e-01 1.673111e-01 1.595650e-01 1.603698e-01 1.610885e-01 1.567831e-01 1.652189e-01 1.646852e-01 1.622833e-01 1.625896e-01 1.668421e-01 1.592933e-01 1.612220e-01 1.627572e-01 1.676224e-01 1.621650e-01 1.638640e-01 1.588956e-01 1.627903e-01 1.704453e-01 1.588488e-01 1.608537e-01 1.591656e-01 1.637077e-01 1.608721e-01 1.636298e-01 1.639584e-01 1.601090e-01 1.587017e-01 1.599100e-01 1.616619e-01 1.602048e-01 
98 1373 1.704064e-01 0 0 1.616752e-01 1.600272e-01 1.661570e-01 1.666919e-01 1.583078e-01 1.589779e-01 1.598513e-01 1.556171e-01 1.648139e-01 1.639453e-01 1.609492e-01 1.621513e-01 1.656424e-01 1.586312e-01 1.599429e-01 1.613195e-01 1.662818e-01 1.609225e-01 1.625410e-01 1.576227e-01 1.617914e-01 1.691555e-01 1.575325e-01 1.595139e-01 1.585722e-01 1.623916e-01 1.598846e-01 1.625176e-01 1.632514e-01 1.590791e-01 1.574395e-01 1.590880e-01 1.606327e-01 1.591284e-01 
99 1387 1.674794e-01 0 0 1.588785e-01 1.571938e-01 1.636813e-01 1.642045e-01 1.553873e-01 1.559399e-01 1.569218e-01 1.533693e-01 1.622442e-01 1.608796e-01 1.579201e-01 1.596443e-01 1.625885e-01 1.559623e-01 1.568712e-01 1.583831e-01 1.630591e-01 1.579686e-01 1.595066e-01 1.546494e-01 1.589231e-01 1.662016e-01 1.547759e-01 1.569995e-01 1.556357e-01 1.596440e-01 1.568740e-01 1.593990e-01 1.604415e-01 1.564301e-01 1.545390e-01 1.566256e-01 1.577545e-01 1.567458e-01 
100 1401 1.660809e-01 0 0 1.571579e-01 1.559633e-01 1.626288e-01 1.628867e-01 1.542431e-01 1.544885e-01 1.556174e-01 1.525047e-01 1.611633e-01 1.594092e-01 1.564306e-01 1.582032e-01 1.609373e-01 1.545428e-01 1.554026e-01 1.569803e-01 1.620068e-01 1.565009e-01 1.579859e-01 1.531468e-01 1.574438e-01 1.644958e-01 1.532137e-01 1.555229e-01 1.543884e-01 1.587561e-01 1.552844e-01 1.578763e-01 1.590813e-01 1.553277e-01 1.531500e-01 1.552725e-01 1.562022e-01 1.552606e-01 
101 1415 1.603179e-01 0 0 1.515469e-01 1.502163e-01 1.568746e-01 1.569114e-01 1.489995e-01 1.491084e-01 1.500596e-01 1.474030e-01 1.555842e-01 1.537422e-01 1.508345e-01 1.524720e-01 1.551933e-01 1.488875e-01 1.497116e-01 1.512828e-01 1.562252e-01 1.511267e-01 1.522907e-01 1.479385e-01 1.517737e-01 1.586048e-01 1.475897e-01 1.501900e-01 1.491947e-01 1.533609e-01 1.498569e-01 1.522633e-01 1.536261e-01 1.499251e-01 1.476087e-01 1.496768e-01 1.505862e-01 1.497081e-01 
102 1429 1.542306e-01 0 0 1.454906e-01 1.442144e-01 1.509427e-01 1.506858e-01 1.433971e-01 1.432165e-01 1.441059e-01 1.421693e-01 1.495721e-01 1.480915e-01 1.449084e-01 1.466002e-01 1.493599e-01 1.431359e-01 1.437422e-01 1.453145e-01 1.508215e-01 1.454847e-01 1.461530e-01 1.422092e-01 1.457086e-01 1.525478e-01 1.417903e-01 1.444082e-01 1.438080e-01 1.475339e-01 1.442509e-01 1.461453e-01 1.477429e-01 1.439514e-01 1.417835e-01 1.440017e-01 1.449135e-01 1.436975e-01 
103 1443 1.485934e-01 0 0 1.402222e-01 1.389013e-01 1.453169e-01 1.453866e-01 1.379778e-01 1.377640e-01 1.386432e-01 1.369392e-01 1.441926e-01 1.428811e-01 1.396989e-01 1.411891e-01 1.436660e-01 1.377559e-01 1.385737e-01 1.397188e-01 1.451838e-01 1.398379e-01 1.406289e-01 1.369688e-01 1.402447e-01 1.467096e-01 1.363581e-01 1.388546e-01 1.383638e-01 1.424269e-01 1.387540e-01 1.404903e-01 1.423802e-01 1.384397e-01 1.363311e-01 1.386725e-01 1.395713e-01 1.384516e-01 
104 1457 1.434689e-01 0 0 1.351842e-01 1.340107e-01 1.401368e-01 1.402049e-01 1.333514e-01 1.327700e-01 1.336424e-01 1.320184e-01 1.397216e-01 1.381076e-01 1.345602e-01 1.364462e-01 1.387411e-01 1.329498e-01 1.343153e-01 1.347384e-01 1.399381e-01 1.347478e-01 1.357177e-01 1.321765e-01 1.350898e-01 1.418433e-01 1.315187e-01 1.338889e-01 1.336092e-01 1.372795e-01 1.337117e-01 1.355628e-01 1.374448e-01 1.335345e-01 1.319020e-01 1.337503e-01 1.348135e-01 1.336313e-01 
105 1471 1.377840e-01 0 0 1.296367e-01 1.286855e-01 1.345692e-01 1.346152e-01 1.280159e-01 1.273945e-01 1.281240e-01 1.268337e-01 1.339623e-01 1.326204e-01 1.289721e-01 1.314380e-01 1.330768e-01 1.277210e-01 1.287567e-01 1.291457e-01 1.342020e-01 1.295138e-01 1.301247e-01 1.266939e-01 1.297610e-01 1.360042e-01 1.262520e-01 1.285578e-01 1.281195e-01 1.316269e-01 1.282866e-01 1.299862e-01 1.319379e-01 1.280410e-01 1.264369e-01 1.282451e-01 1.293691e-01 1.283392e-01 
106 1485 1.816080e-01 0 0 1.705669e-01 1.696154e-01 1.774058e-01 1.772622e-01 1.691151e-01 1.677500e-01 1.686611e-01 1.671902e-01 1.764986e-01 1.747423e-01 1.698200e-01 1.731706e-01 1.753024e-01 1.682971e-01 1.694765e-01 1.700789e-01 1.765744e-01 1.705704e-01 1.712936e-01 1.666561e-01 1.709552e-01 1.793366e-01 1.660239e-01 1.691600e-01 1.686888e-01 1.733450e-01 1.688287e-01 1.710570e-01 1.735776e-01 1.683479e-01 1.671665e-01 1.689104e-01 1.705137e-01 1.689783e-01 
107 1499 1.716703e-01 0 0 1.610998e-01 1.601190e-01 1.676599e-01 1.679487e-01 1.596940e-01 1.583836e-01 1.590802e-01 1.579043e-01 1.668001e-01 1.650689e-01 1.605276e-01 1.635305e-01 1.654862e-01 1.588777e-01 1.600521e-01 1.605135e-01 1.669040e-01 1.611432e-01 1.617101e-01 1.578748e-01 1.613774e-01 1.696278e-01 1.567726e-01 1.598010e-01 1.594832e-01 1.638476e-01 1.592011e-01 1.614220e-01 1.640144e-01 1.591433e-01 1.578316e-01 1.594060e-01 1.609234e-01 1.596123e-01 
108 1513 1.634356e-01 0 0 1.531321e-01 1.529950e-01 1.592663e-01 1.599313e-01 1.518181e-01 1.504531e-01 1.512789e-01 1.506566e-01 1.591226e-01 1.570658e-01 1.530636e-01 1.553825e-01 1.572222e-01 1.509245e-01 1.520278e-01 1.529338e-01 1.587005e-01 1.533408e-01 1.537349e-01 1.503061e-01 1.535758e-01 1.616606e-01 1.491728e-01 1.522081e-01 1.519209e-01 1.557112e-01 1.515253e-01 1.533775e-01 1.560927e-01 1.511953e-01 1.501193e-01 1.517356e-01 1.528888e-01 1.522359e-01 
109 1527 1.558042e-01 0 0 1.459845e-01 1.458324e-01 1.515515e-01 1.524826e-01 1.445855e-01 1.433264e-01 1.441926e-01 1.434598e-01 1.514724e-01 1.495691e-01 1.457754e-01 1.484572e-01 1.497891e-01 1.437067e-01 1.448190e-01 1.457065e-01 1.518591e-01 1.458353e-01 1.463423e-01 1.436521e-01 1.461789e-01 1.538387e-01 1.419160e-01 1.449270e-01 1.445974e-01 1.484133e-01 1.441912e-01 1.459816e-01 1.487548e-01 1.443082e-01 1.429921e-01 1.445618e-01 1.457598e-01 1.449778e-01 
110 1541 1.477922e-01 0 0 1.382211e-01 1.380647e-01 1.434326e-01 1.446330e-01 1.368940e-01 1.356700e-01 1.366221e-01 1.360511e-01 1.434203e-01 1.418439e-01 1.380455e-01 1.406177e-01 1.420297e-01 1.360375e-01 1.371185e-01 1.380584e-01 1.437302e-01 1.380274e-01 1.385733e-01 1.361006e-01 1.385575e-01 1.459330e-01 1.345315e-01 1.373028e-01 1.373464e-01 1.407313e-01 1.368172e-01 1.381639e-01 1.411191e-01 1.367583e-01 1.355045e-01 1.368843e-01 1.379507e-01 1.373608e-01 
111 1555 1.414776e-01 0 0 1.325104e-01 1.319667e-01 1.373161e-01 1.386840e-01 1.308438e-01 1.297044e-01 1.306688e-01 1.300713e-01 1.376148e-01 1.355048e-01 1.318991e-01 1.346344e-01 1.357588e-01 1.299735e-01 1.310124e-01 1.320784e-01 1.373935e-01 1.318569e-01 1.325269e-01 1.303258e-01 1.323972e-01 1.394013e-01 1.289290e-01 1.312907e-01 1.317027e-01 1.345840e-01 1.307432e-01 1.320075e-01 1.349259e-01 1.311219e-01 1.294610e-01 1.309250e-01 1.317382e-01 1.319926e-01 
112 1569 1.907159e-01 0 0 1.784962e-01 1.778093e-01 1.849088e-01 1.865819e-01 1.762843e-01 1.743974e-01 1.759437e-01 1.753754e-01 1.852876e-01 1.824915e-01 1.775078e-01 1.817158e-01 1.828086e-01 1.749010e-01 1.763122e-01 1.777872e-01 1.853094e-01 1.777232e-01 1.784500e-01 1.755061e-01 1.781196e-01 1.877175e-01 1.734207e-01 1.767816e-01 1.779713e-01 1.811713e-01 1.760329e-01 1.776171e-01 1.819241e-01 1.777826e-01 1.743380e-01 1.762025e-01 1.777400e-01 1.781276e-01 
113 1583 1.819532e-01 0 0 1.702225e-01 1.696402e-01 1.766303e-01 1.783145e-01 1.679600e-01 1.661091e-01 1.676344e-01 1.670564e-01 1.765779e-01 1.739413e-01 1.691914e-01 1.732294e-01 1.740326e-01 1.666421e-01 1.679493e-01 1.698552e-01 1.765959e-01 1.692973e-01 1.699695e-01 1.671203e-01 1.695508e-01 1.794491e-01 1.650473e-01 1.683036e-01 1.699084e-01 1.724885e-01 1.678955e-01 1.693419e-01 1.738906e-01 1.694285e-01 1.672103e-01 1.677686e-01 1.695923e-01 1.699480e-01 
114 1597 1.754516e-01 0 0 1.641210e-01 1.638142e-01 1.701393e-01 1.717429e-01 1.618257e-01 1.598286e-01 1.615641e-01 1.610103e-01 1.701325e-01 1.676265e-01 1.629637e-01 1.668415e-01 1.674218e-01 1.604834e-01 1.615444e-01 1.636271e-01 1.701818e-01 1.631448e-01 1.636981e-01 1.609193e-01 1.632613e-01 1.729107e-01 1.588189e-01 1.620314e-01 1.638857e-01 1.664711e-01 1.619122e-01 1.633786e-01 1.677027e-01 1.637388e-01 1.611519e-01 1.613945e-01 1.633243e-01 1.639983e-01 
115 1611 1.684366e-01 0 0 1.573740e-01 1.574203e-01 1.629975e-01 1.645975e-01 1.551852e-01 1.532982e-01 1.548836e-01 1.544124e-01 1.630825e-01 1.610997e-01 1.562098e-01 1.599905e-01 1.607988e-01 1.537458e-01 1.547667e-01 1.567368e-01 1.633345e-01 1.564317e-01 1.571397e-01 1.543135e-01 1.564980e-01 1.658023e-01 1.523628e-01 1.552487e-01 1.572428e-01 1.596757e-01 1.554254e-01 1.566425e-01 1.607423e-01 1.574303e-01 1.543189e-01 1.547810e-01 1.571806e-01 1.574501e-01 
116 1625 1.619971e-01 0 0 1.512886e-01 1.511164e-01 1.565362e-01 1.580809e-01 1.490928e-01 1.478150e-01 1.492370e-01 1.482507e-01 1.565919e-01 1.546987e-01 1.501086e-01 1.538998e-01 1.548843e-01 1.476058e-01 1.489387e-01 1.510257e-01 1.567687e-01 1.502784e-01 1.509569e-01 1.483078e-01 1.501999e-01 1.595743e-01 1.465742e-01 1.499016e-01 1.510975e-01 1.533311e-01 1.493869e-01 1.503096e-01 1.543378e-01 1.511605e-01 1.484228e-01 1.487414e-01 1.509618e-01 1.513143e-01 
117 1639 2.202914e-01 0 0 2.054831e-01 2.049964e-01 2.123872e-01 2.149878e-01 2.026738e-01 2.010208e-01 2.028810e-01 2.011789e-01 2.124688e-01 2.100764e-01 2.040787e-01 2.091252e-01 2.105384e-01 2.003513e-01 2.023891e-01 2.056019e-01 2.130229e-01 2.042065e-01 2.049906e-01 2.018868e-01 2.039062e-01 2.167580e-01 2.000757e-01 2.036058e-01 2.054953e-01 2.094259e-01 2.030229e-01 2.040619e-01 2.096681e-01 2.052847e-01 2.017675e-01 2.019087e-01 2.048257e-01 2.057130e-01 
118 1653 2.143660e-01 0 0 1.996393e-01 1.991227e-01 2.067071e-01 2.089837e-01 1.968307e-01 1.953873e-01 1.971872e-01 1.955383e-01 2.065607e-01 2.040734e-01 1.984601e-01 2.033658e-01 2.047615e-01 1.945946e-01 1.965341e-01 2.004655e-01 2.069234e-01 1.986308e-01 1.992755e-01 1.962151e-01 1.986101e-01 2.110601e-01 1.946187e-01 1.981518e-01 2.005322e-01 2.038946e-01 1.972781e-01 1.982041e-01 2.039055e-01 2.005158e-01 1.963159e-01 1.961277e-01 1.996037e-01 2.000987e-01 
119 1667 2.138108e-01 0 0 1.988246e-01 1.985281e-01 2.058050e-01 2.084453e-01 1.959077e-01 1.946728e-01 1.982950e-01 1.950803e-01 2.055662e-01 2.037605e-01 1.976286e-01 2.027141e-01 2.038916e-01 1.939195e-01 1.956736e-01 2.003215e-01 2.059448e-01 1.979534e-01 1.985191e-01 1.958064e-01 1.977283e-01 2.102219e-01 1.953141e-01 1.972949e-01 2.000723e-01 2.033437e-01 1.967145e-01 1.972530e-01 2.032045e-01 1.999289e-01 1.954567e-01 1.954217e-01 1.994564e-01 1.992309e-01 
120 1681 2.098150e-01 0 0 1.948393e-01 1.946446e-01 2.017561e-01 2.044825e-01 1.918324e-01 1.913906e-01 1.948771e-01 1.911330e-01 2.012830e-01 2.000233e-01 1.936014e-01 1.984314e-01 1.998798e-01 1.900523e-01 1.915878e-01 1.968315e-01 2.017240e-01 1.940828e-01 1.943513e-01 1.921102e-01 1.937968e-01 2.059160e-01 1.920968e-01 1.931650e-01 1.963426e-01 1.995892e-01 1.928312e-01 1.931315e-01 1.993340e-01 1.961695e-01 1.917224e-01 1.915787e-01 1.955970e-01 1.956245e-01 
121 1695 2.055850e-01 0 0 1.906913e-01 1.909335e-01 1.978991e-01 2.002217e-01 1.881097e-01 1.872056e-01 1.910601e-01 1.873635e-01 1.969131e-01 1.958275e-01 1.895832e-01 1.941577e-01 1.955765e-01 1.858430e-01 1.875924e-01 1.927703e-01 1.980418e-01 1.901713e-01 1.902469e-01 1.886006e-01 1.902670e-01 2.014624e-01 1.882555e-01 1.894153e-01 1.920588e-01 1.953647e-01 1.885276e-01 1.889731e-01 1.955588e-01 1.922091e-01 1.876953e-01 1.875493e-01 1.915120e-01 1.913208e-01 
