%  columns="iteration, evaluation, sigma, max axis length, min axis length, all principle axes lengths (sorted square roots of eigenvalues of C)" (startseed=208852, 2023/08/21 12:18:6.55)
1 15 3.905846e-01 1.016265e+00 9.972581e-01 9.972581e-01 9.972581e-01 9.972581e-01 9.972581e-01 9.972581e-01 9.972581e-01 9.972581e-01 9.972581e-01 9.972581e-01 9.972581e-01 9.972581e-01 9.972581e-01 9.972581e-01 9.972581e-01 9.972581e-01 9.972581e-01 9.972581e-01 9.972581e-01 9.972581e-01 9.972581e-01 9.972581e-01 9.972581e-01 9.972581e-01 9.972581e-01 9.972581e-01 9.972581e-01 9.972581e-01 9.979417e-01 9.996004e-01 1.002159e+00 1.002535e+00 1.006893e+00 1.008667e+00 1.016265e+00 
2 29 5.263983e-01 1.035815e+00 9.945238e-01 9.945238e-01 9.945238e-01 9.945238e-01 9.945238e-01 9.945238e-01 9.945238e-01 9.945238e-01 9.945238e-01 9.945238e-01 9.945238e-01 9.945238e-01 9.945238e-01 9.945238e-01 9.945238e-01 9.945238e-01 9.945238e-01 9.945238e-01 9.945238e-01 9.945238e-01 9.945238e-01 9.949687e-01 9.950214e-01 9.962005e-01 9.966159e-01 9.970574e-01 9.989919e-01 9.996589e-01 1.000719e+00 1.002192e+00 1.006126e+00 1.009049e+00 1.009633e+00 1.016633e+00 1.035815e+00 
3 43 4.948087e-01 1.039322e+00 9.917970e-01 9.917970e-01 9.917970e-01 9.917970e-01 9.917970e-01 9.917970e-01 9.917970e-01 9.917970e-01 9.917970e-01 9.917970e-01 9.917970e-01 9.917970e-01 9.917970e-01 9.917970e-01 9.920906e-01 9.922013e-01 9.922321e-01 9.926295e-01 9.927955e-01 9.934447e-01 9.938601e-01 9.943842e-01 9.949413e-01 9.956721e-01 9.964782e-01 9.976833e-01 9.987951e-01 1.001230e+00 1.003401e+00 1.004514e+00 1.006786e+00 1.009694e+00 1.014469e+00 1.021032e+00 1.039322e+00 
4 57 4.799534e-01 1.041423e+00 9.890776e-01 9.890776e-01 9.890776e-01 9.890776e-01 9.890776e-01 9.890776e-01 9.890776e-01 9.891764e-01 9.891956e-01 9.893128e-01 9.894710e-01 9.896253e-01 9.896982e-01 9.898555e-01 9.901092e-01 9.904664e-01 9.906900e-01 9.912241e-01 9.918201e-01 9.922851e-01 9.928507e-01 9.943103e-01 9.951814e-01 9.961304e-01 9.965467e-01 9.993938e-01 9.997601e-01 1.001153e+00 1.004242e+00 1.005281e+00 1.008476e+00 1.011808e+00 1.012537e+00 1.025977e+00 1.041423e+00 
5 71 4.604851e-01 1.045576e+00 9.864056e-01 9.864056e-01 9.864379e-01 9.865060e-01 9.865469e-01 9.865722e-01 9.866677e-01 9.868331e-01 9.869268e-01 9.872589e-01 9.874693e-01 9.876338e-01 9.881307e-01 9.884277e-01 9.885287e-01 9.888421e-01 9.894404e-01 9.898560e-01 9.904888e-01 9.913991e-01 9.922735e-01 9.933202e-01 9.939401e-01 9.949245e-01 9.974878e-01 9.988483e-01 1.000033e+00 1.002842e+00 1.005170e+00 1.006647e+00 1.011302e+00 1.012295e+00 1.014316e+00 1.033967e+00 1.045576e+00 
6 85 4.398377e-01 1.046885e+00 9.838475e-01 9.838475e-01 9.839523e-01 9.840985e-01 9.842553e-01 9.844334e-01 9.845522e-01 9.846630e-01 9.847362e-01 9.852042e-01 9.853364e-01 9.858095e-01 9.858932e-01 9.866067e-01 9.868517e-01 9.876342e-01 9.886202e-01 9.891140e-01 9.899718e-01 9.912094e-01 9.915663e-01 9.927988e-01 9.939261e-01 9.954894e-01 9.975843e-01 9.984216e-01 9.999213e-01 1.001905e+00 1.006418e+00 1.006967e+00 1.011664e+00 1.014135e+00 1.017850e+00 1.034972e+00 1.046885e+00 
7 99 4.249563e-01 1.048560e+00 9.812914e-01 9.812914e-01 9.815799e-01 9.816219e-01 9.817897e-01 9.819023e-01 9.822329e-01 9.824880e-01 9.828423e-01 9.831131e-01 9.836944e-01 9.838919e-01 9.845150e-01 9.850265e-01 9.853453e-01 9.858235e-01 9.873501e-01 9.878130e-01 9.881613e-01 9.900260e-01 9.911285e-01 9.923185e-01 9.942982e-01 9.966690e-01 9.977737e-01 9.989049e-01 9.998201e-01 1.002424e+00 1.007254e+00 1.010623e+00 1.011696e+00 1.014580e+00 1.025581e+00 1.033069e+00 1.048560e+00 
8 113 4.121106e-01 1.050275e+00 9.788745e-01 9.788745e-01 9.790975e-01 9.792107e-01 9.795499e-01 9.796942e-01 9.801178e-01 9.803988e-01 9.812901e-01 9.814207e-01 9.817577e-01 9.821303e-01 9.827891e-01 9.835183e-01 9.843209e-01 9.854193e-01 9.857709e-01 9.871715e-01 9.886720e-01 9.898892e-01 9.915391e-01 9.933161e-01 9.943168e-01 9.962492e-01 9.978515e-01 9.980247e-01 1.000249e+00 1.001973e+00 1.006560e+00 1.011644e+00 1.012493e+00 1.014286e+00 1.027298e+00 1.033175e+00 1.050275e+00 
9 127 3.996477e-01 1.051868e+00 9.764648e-01 9.764648e-01 9.766762e-01 9.769894e-01 9.771478e-01 9.774399e-01 9.780920e-01 9.786073e-01 9.789628e-01 9.792664e-01 9.796433e-01 9.808416e-01 9.810275e-01 9.825193e-01 9.828815e-01 9.839068e-01 9.847390e-01 9.873342e-01 9.882824e-01 9.895536e-01 9.903329e-01 9.923761e-01 9.934222e-01 9.950544e-01 9.959334e-01 9.975511e-01 1.000350e+00 1.002798e+00 1.007308e+00 1.011972e+00 1.014737e+00 1.021232e+00 1.027775e+00 1.035936e+00 1.051868e+00 
10 141 3.844356e-01 1.050459e+00 9.740748e-01 9.740748e-01 9.742910e-01 9.745455e-01 9.752004e-01 9.757453e-01 9.759604e-01 9.768477e-01 9.771372e-01 9.773843e-01 9.780087e-01 9.789543e-01 9.803371e-01 9.813089e-01 9.817987e-01 9.833052e-01 9.850197e-01 9.852473e-01 9.876452e-01 9.883049e-01 9.897099e-01 9.912158e-01 9.930738e-01 9.949331e-01 9.977650e-01 9.983056e-01 1.002518e+00 1.004958e+00 1.007633e+00 1.012019e+00 1.015598e+00 1.021396e+00 1.026341e+00 1.043929e+00 1.050459e+00 
11 155 3.651380e-01 1.050071e+00 9.717523e-01 9.717523e-01 9.719592e-01 9.726607e-01 9.730255e-01 9.734277e-01 9.740414e-01 9.747242e-01 9.754234e-01 9.763083e-01 9.766081e-01 9.780889e-01 9.792680e-01 9.796191e-01 9.803745e-01 9.814861e-01 9.829807e-01 9.859127e-01 9.863569e-01 9.875583e-01 9.899799e-01 9.908227e-01 9.924440e-01 9.929430e-01 9.963443e-01 9.967841e-01 1.001608e+00 1.005034e+00 1.007029e+00 1.010746e+00 1.018147e+00 1.020332e+00 1.029015e+00 1.042047e+00 1.050071e+00 
12 169 3.469416e-01 1.049466e+00 9.694698e-01 9.694698e-01 9.699686e-01 9.707302e-01 9.712825e-01 9.718720e-01 9.726007e-01 9.734973e-01 9.736115e-01 9.741669e-01 9.752873e-01 9.768127e-01 9.778794e-01 9.783987e-01 9.791346e-01 9.796364e-01 9.811523e-01 9.847011e-01 9.852452e-01 9.865636e-01 9.888414e-01 9.892306e-01 9.912238e-01 9.926309e-01 9.959799e-01 9.979381e-01 1.002727e+00 1.004618e+00 1.006789e+00 1.011343e+00 1.019419e+00 1.020097e+00 1.034126e+00 1.041912e+00 1.049466e+00 
13 183 3.358101e-01 1.049087e+00 9.670856e-01 9.670856e-01 9.684190e-01 9.689417e-01 9.698140e-01 9.698934e-01 9.714433e-01 9.719244e-01 9.728304e-01 9.735401e-01 9.740291e-01 9.751545e-01 9.761868e-01 9.773058e-01 9.778451e-01 9.787371e-01 9.820682e-01 9.837470e-01 9.851364e-01 9.859357e-01 9.886276e-01 9.894901e-01 9.910966e-01 9.930266e-01 9.948477e-01 9.992701e-01 1.002499e+00 1.006691e+00 1.009664e+00 1.014951e+00 1.018356e+00 1.023238e+00 1.033166e+00 1.040207e+00 1.049087e+00 
14 197 3.277870e-01 1.050640e+00 9.650883e-01 9.650883e-01 9.662138e-01 9.667777e-01 9.680963e-01 9.684610e-01 9.690875e-01 9.705627e-01 9.709413e-01 9.721076e-01 9.726201e-01 9.739650e-01 9.748703e-01 9.753695e-01 9.770223e-01 9.784676e-01 9.804345e-01 9.815581e-01 9.831245e-01 9.852167e-01 9.869514e-01 9.885955e-01 9.903847e-01 9.934928e-01 9.962689e-01 9.981810e-01 1.001850e+00 1.007450e+00 1.010529e+00 1.015279e+00 1.020985e+00 1.024409e+00 1.032337e+00 1.041502e+00 1.050640e+00 
15 211 3.129144e-01 1.053277e+00 9.634872e-01 9.634872e-01 9.639036e-01 9.647961e-01 9.657598e-01 9.665738e-01 9.674127e-01 9.681201e-01 9.697399e-01 9.701608e-01 9.714192e-01 9.724724e-01 9.726152e-01 9.753514e-01 9.767528e-01 9.779239e-01 9.796301e-01 9.796912e-01 9.844501e-01 9.847859e-01 9.859131e-01 9.869975e-01 9.887590e-01 9.918316e-01 9.956420e-01 9.997810e-01 1.001049e+00 1.007144e+00 1.008440e+00 1.014522e+00 1.023200e+00 1.025602e+00 1.031536e+00 1.040806e+00 1.053277e+00 
16 225 3.001023e-01 1.054621e+00 9.616803e-01 9.616803e-01 9.627683e-01 9.639585e-01 9.643263e-01 9.646484e-01 9.655071e-01 9.670403e-01 9.679133e-01 9.689703e-01 9.701706e-01 9.711723e-01 9.726780e-01 9.742407e-01 9.768244e-01 9.773625e-01 9.777913e-01 9.805306e-01 9.825538e-01 9.837237e-01 9.850423e-01 9.851063e-01 9.869491e-01 9.914523e-01 9.940897e-01 9.985664e-01 1.002183e+00 1.006909e+00 1.012030e+00 1.014002e+00 1.023118e+00 1.027527e+00 1.030323e+00 1.039276e+00 1.054621e+00 
17 239 2.932569e-01 1.056706e+00 9.598847e-01 9.598847e-01 9.614261e-01 9.619983e-01 9.630753e-01 9.640566e-01 9.646656e-01 9.662767e-01 9.673372e-01 9.683156e-01 9.690727e-01 9.693268e-01 9.704944e-01 9.727436e-01 9.752089e-01 9.759167e-01 9.773141e-01 9.788820e-01 9.819338e-01 9.829034e-01 9.844806e-01 9.859910e-01 9.880968e-01 9.893927e-01 9.925973e-01 9.966916e-01 1.000739e+00 1.005911e+00 1.011053e+00 1.014758e+00 1.024560e+00 1.026709e+00 1.034275e+00 1.038329e+00 1.056706e+00 
18 253 2.796815e-01 1.057294e+00 9.575407e-01 9.575407e-01 9.591264e-01 9.601445e-01 9.614386e-01 9.625494e-01 9.628695e-01 9.638298e-01 9.655498e-01 9.663153e-01 9.671020e-01 9.688550e-01 9.694036e-01 9.711239e-01 9.734200e-01 9.753717e-01 9.771271e-01 9.777752e-01 9.813894e-01 9.821419e-01 9.838939e-01 9.852121e-01 9.883105e-01 9.901886e-01 9.922211e-01 9.952617e-01 1.000069e+00 1.003932e+00 1.009925e+00 1.015512e+00 1.023721e+00 1.024904e+00 1.033836e+00 1.036794e+00 1.057294e+00 
19 267 2.690513e-01 1.055496e+00 9.558726e-01 9.558726e-01 9.579068e-01 9.587747e-01 9.601261e-01 9.606205e-01 9.613263e-01 9.623792e-01 9.634126e-01 9.647994e-01 9.664362e-01 9.680343e-01 9.683931e-01 9.690547e-01 9.713294e-01 9.740528e-01 9.757326e-01 9.774977e-01 9.801422e-01 9.817765e-01 9.832068e-01 9.855925e-01 9.871895e-01 9.893320e-01 9.932763e-01 9.952244e-01 9.980176e-01 1.002431e+00 1.009520e+00 1.014599e+00 1.021850e+00 1.023458e+00 1.036075e+00 1.040899e+00 1.055496e+00 
20 281 2.637982e-01 1.056906e+00 9.550786e-01 9.550786e-01 9.559529e-01 9.566394e-01 9.578037e-01 9.588287e-01 9.594690e-01 9.613382e-01 9.621859e-01 9.635068e-01 9.654648e-01 9.661088e-01 9.664055e-01 9.680832e-01 9.688425e-01 9.725016e-01 9.745928e-01 9.766847e-01 9.783883e-01 9.807590e-01 9.811162e-01 9.844269e-01 9.889600e-01 9.909984e-01 9.936840e-01 9.970523e-01 1.000214e+00 1.009265e+00 1.011533e+00 1.013142e+00 1.021569e+00 1.024598e+00 1.037102e+00 1.041029e+00 1.056906e+00 
21 295 2.575178e-01 1.057787e+00 9.531186e-01 9.531186e-01 9.541021e-01 9.546046e-01 9.561243e-01 9.568760e-01 9.577990e-01 9.598416e-01 9.610360e-01 9.623237e-01 9.634401e-01 9.643498e-01 9.647678e-01 9.670208e-01 9.692583e-01 9.715405e-01 9.737910e-01 9.758740e-01 9.765645e-01 9.784984e-01 9.812200e-01 9.840242e-01 9.885688e-01 9.889714e-01 9.943538e-01 9.954411e-01 9.986040e-01 1.007262e+00 1.011377e+00 1.015116e+00 1.020667e+00 1.025459e+00 1.038507e+00 1.044486e+00 1.057787e+00 
22 309 2.453966e-01 1.058860e+00 9.516337e-01 9.516337e-01 9.523406e-01 9.530007e-01 9.541603e-01 9.546478e-01 9.568085e-01 9.586158e-01 9.596222e-01 9.608253e-01 9.614630e-01 9.619753e-01 9.658664e-01 9.668128e-01 9.682049e-01 9.700298e-01 9.719635e-01 9.751464e-01 9.761168e-01 9.779869e-01 9.798196e-01 9.820657e-01 9.865644e-01 9.868301e-01 9.924333e-01 9.939363e-01 9.968803e-01 1.004919e+00 1.009841e+00 1.015629e+00 1.020421e+00 1.024703e+00 1.037290e+00 1.049225e+00 1.058860e+00 
23 323 2.334836e-01 1.058012e+00 9.499174e-01 9.499174e-01 9.509610e-01 9.513405e-01 9.526528e-01 9.536216e-01 9.554179e-01 9.570303e-01 9.578170e-01 9.585996e-01 9.598958e-01 9.614057e-01 9.651003e-01 9.667968e-01 9.685734e-01 9.687276e-01 9.722903e-01 9.736273e-01 9.754261e-01 9.766187e-01 9.783134e-01 9.800845e-01 9.846925e-01 9.875244e-01 9.905041e-01 9.927409e-01 9.996153e-01 1.003548e+00 1.011341e+00 1.015241e+00 1.021185e+00 1.024198e+00 1.036098e+00 1.048394e+00 1.058012e+00 
24 337 2.226693e-01 1.057769e+00 9.475795e-01 9.475795e-01 9.488190e-01 9.498578e-01 9.504045e-01 9.519824e-01 9.534884e-01 9.559165e-01 9.569746e-01 9.574216e-01 9.584604e-01 9.612386e-01 9.632406e-01 9.650162e-01 9.678249e-01 9.693297e-01 9.706440e-01 9.716491e-01 9.731129e-01 9.759283e-01 9.779603e-01 9.808587e-01 9.852214e-01 9.865509e-01 9.917158e-01 9.930999e-01 9.994770e-01 1.001668e+00 1.008929e+00 1.013644e+00 1.021332e+00 1.022962e+00 1.034498e+00 1.046497e+00 1.057769e+00 
25 351 2.140343e-01 1.057452e+00 9.460558e-01 9.460558e-01 9.474423e-01 9.488412e-01 9.494615e-01 9.501924e-01 9.522722e-01 9.542564e-01 9.550946e-01 9.568296e-01 9.576437e-01 9.597134e-01 9.622227e-01 9.643562e-01 9.668219e-01 9.672391e-01 9.704461e-01 9.710332e-01 9.727840e-01 9.740117e-01 9.765037e-01 9.808928e-01 9.837947e-01 9.871402e-01 9.898180e-01 9.928730e-01 9.987338e-01 1.002027e+00 1.007700e+00 1.014061e+00 1.023573e+00 1.024907e+00 1.033176e+00 1.047565e+00 1.057452e+00 
26 365 2.068852e-01 1.057192e+00 9.438086e-01 9.438086e-01 9.462598e-01 9.463605e-01 9.485070e-01 9.494880e-01 9.507404e-01 9.528942e-01 9.539305e-01 9.549736e-01 9.574536e-01 9.580044e-01 9.610009e-01 9.623007e-01 9.646005e-01 9.670087e-01 9.693344e-01 9.706414e-01 9.723697e-01 9.742339e-01 9.754788e-01 9.813722e-01 9.832720e-01 9.867786e-01 9.897864e-01 9.914479e-01 9.983997e-01 1.001123e+00 1.007256e+00 1.016816e+00 1.021701e+00 1.024414e+00 1.034408e+00 1.050955e+00 1.057192e+00 
27 379 1.977416e-01 1.056533e+00 9.422574e-01 9.422574e-01 9.445767e-01 9.451645e-01 9.466686e-01 9.474797e-01 9.500014e-01 9.505793e-01 9.515672e-01 9.543217e-01 9.563831e-01 9.584476e-01 9.598614e-01 9.625344e-01 9.641991e-01 9.655304e-01 9.674925e-01 9.696367e-01 9.710003e-01 9.722377e-01 9.735760e-01 9.811450e-01 9.816781e-01 9.867093e-01 9.892954e-01 9.941026e-01 9.996935e-01 1.001662e+00 1.007097e+00 1.015913e+00 1.022094e+00 1.023518e+00 1.034559e+00 1.051343e+00 1.056533e+00 
28 393 1.909250e-01 1.057714e+00 9.405919e-01 9.405919e-01 9.427868e-01 9.433406e-01 9.446352e-01 9.462936e-01 9.480218e-01 9.483287e-01 9.509659e-01 9.538598e-01 9.550075e-01 9.572098e-01 9.590505e-01 9.614405e-01 9.638250e-01 9.667789e-01 9.677525e-01 9.691409e-01 9.709814e-01 9.729640e-01 9.745873e-01 9.796240e-01 9.807079e-01 9.861028e-01 9.888010e-01 9.951250e-01 9.991915e-01 1.004003e+00 1.006109e+00 1.018626e+00 1.020522e+00 1.023003e+00 1.032263e+00 1.053816e+00 1.057714e+00 
29 407 1.845225e-01 1.057349e+00 9.393801e-01 9.393801e-01 9.410683e-01 9.422608e-01 9.424029e-01 9.443509e-01 9.459621e-01 9.464586e-01 9.494102e-01 9.522666e-01 9.533811e-01 9.561893e-01 9.569627e-01 9.611918e-01 9.620320e-01 9.650948e-01 9.662786e-01 9.681122e-01 9.694259e-01 9.725650e-01 9.767507e-01 9.806430e-01 9.814330e-01 9.863190e-01 9.902157e-01 9.941333e-01 9.991499e-01 1.002008e+00 1.008269e+00 1.018287e+00 1.020863e+00 1.021877e+00 1.031464e+00 1.053275e+00 1.057349e+00 
30 421 1.799865e-01 1.058297e+00 9.371802e-01 9.371802e-01 9.387795e-01 9.401539e-01 9.408930e-01 9.427935e-01 9.450241e-01 9.455568e-01 9.477125e-01 9.508067e-01 9.526645e-01 9.552548e-01 9.555567e-01 9.603368e-01 9.609499e-01 9.640679e-01 9.654066e-01 9.677853e-01 9.702391e-01 9.711700e-01 9.764482e-01 9.797849e-01 9.839692e-01 9.853102e-01 9.888890e-01 9.935160e-01 9.982580e-01 1.003640e+00 1.011046e+00 1.018124e+00 1.020740e+00 1.022180e+00 1.032551e+00 1.051883e+00 1.058297e+00 
31 435 1.723390e-01 1.056147e+00 9.351450e-01 9.351450e-01 9.367566e-01 9.378941e-01 9.387413e-01 9.428579e-01 9.430338e-01 9.453517e-01 9.461054e-01 9.489174e-01 9.507010e-01 9.534582e-01 9.543572e-01 9.590543e-01 9.606683e-01 9.636258e-01 9.651049e-01 9.673422e-01 9.688135e-01 9.733127e-01 9.774141e-01 9.806226e-01 9.843214e-01 9.872256e-01 9.881305e-01 9.934110e-01 9.971946e-01 1.001855e+00 1.012129e+00 1.016758e+00 1.020486e+00 1.024946e+00 1.035432e+00 1.050843e+00 1.056147e+00 
32 449 2.326021e-01 1.054431e+00 9.329598e-01 9.329598e-01 9.348280e-01 9.361353e-01 9.376124e-01 9.408967e-01 9.425990e-01 9.431890e-01 9.444606e-01 9.467763e-01 9.506071e-01 9.520083e-01 9.526073e-01 9.575528e-01 9.604608e-01 9.624085e-01 9.629818e-01 9.679408e-01 9.681499e-01 9.720310e-01 9.757267e-01 9.805668e-01 9.841640e-01 9.857967e-01 9.885767e-01 9.931245e-01 9.958843e-01 1.000514e+00 1.011576e+00 1.017815e+00 1.021038e+00 1.023769e+00 1.041481e+00 1.049901e+00 1.054431e+00 
33 463 2.264552e-01 1.055882e+00 9.315600e-01 9.315600e-01 9.335705e-01 9.345632e-01 9.364686e-01 9.398523e-01 9.417992e-01 9.433840e-01 9.453797e-01 9.472340e-01 9.497557e-01 9.515506e-01 9.527762e-01 9.562301e-01 9.585028e-01 9.605310e-01 9.617490e-01 9.657879e-01 9.679036e-01 9.716725e-01 9.741241e-01 9.807923e-01 9.821783e-01 9.856388e-01 9.883482e-01 9.925750e-01 9.963542e-01 9.984221e-01 1.012273e+00 1.015727e+00 1.021451e+00 1.025667e+00 1.042727e+00 1.052917e+00 1.055882e+00 
34 477 2.187002e-01 1.065105e+00 9.299829e-01 9.299829e-01 9.322387e-01 9.333641e-01 9.349117e-01 9.380297e-01 9.398703e-01 9.414669e-01 9.440812e-01 9.456911e-01 9.488200e-01 9.495594e-01 9.517023e-01 9.564510e-01 9.578881e-01 9.593434e-01 9.609942e-01 9.642714e-01 9.662100e-01 9.707252e-01 9.734646e-01 9.795275e-01 9.817610e-01 9.856427e-01 9.882207e-01 9.924770e-01 9.954370e-01 9.972875e-01 1.010907e+00 1.016088e+00 1.019854e+00 1.025599e+00 1.042762e+00 1.052597e+00 1.065105e+00 
35 491 2.137400e-01 1.070098e+00 9.281781e-01 9.281781e-01 9.303206e-01 9.310718e-01 9.350268e-01 9.369116e-01 9.381597e-01 9.396863e-01 9.423671e-01 9.439719e-01 9.471766e-01 9.486758e-01 9.514845e-01 9.550357e-01 9.569305e-01 9.592966e-01 9.629175e-01 9.640102e-01 9.663225e-01 9.696694e-01 9.723415e-01 9.792714e-01 9.799385e-01 9.850543e-01 9.888696e-01 9.927118e-01 9.933194e-01 9.952744e-01 1.009031e+00 1.015614e+00 1.021896e+00 1.029232e+00 1.040419e+00 1.051418e+00 1.070098e+00 
36 505 2.100917e-01 1.076125e+00 9.258705e-01 9.258705e-01 9.289451e-01 9.302294e-01 9.332856e-01 9.348294e-01 9.369540e-01 9.386468e-01 9.404087e-01 9.444347e-01 9.468494e-01 9.500046e-01 9.526521e-01 9.542659e-01 9.562812e-01 9.589475e-01 9.620996e-01 9.634847e-01 9.657862e-01 9.693504e-01 9.715447e-01 9.778207e-01 9.813198e-01 9.829146e-01 9.873357e-01 9.908996e-01 9.930034e-01 1.000991e+00 1.007914e+00 1.014160e+00 1.021329e+00 1.028801e+00 1.039524e+00 1.051487e+00 1.076125e+00 
37 519 2.062830e-01 1.081110e+00 9.246699e-01 9.246699e-01 9.276882e-01 9.286502e-01 9.326282e-01 9.339016e-01 9.351912e-01 9.368052e-01 9.391931e-01 9.435461e-01 9.471252e-01 9.491058e-01 9.509523e-01 9.529666e-01 9.562655e-01 9.579273e-01 9.600494e-01 9.639614e-01 9.643630e-01 9.678569e-01 9.745454e-01 9.772076e-01 9.800253e-01 9.828747e-01 9.854088e-01 9.904689e-01 9.922047e-01 1.003002e+00 1.007801e+00 1.013245e+00 1.022316e+00 1.030100e+00 1.038042e+00 1.049473e+00 1.081110e+00 
38 533 2.024101e-01 1.085427e+00 9.244620e-01 9.244620e-01 9.256618e-01 9.277063e-01 9.310207e-01 9.323771e-01 9.331634e-01 9.352146e-01 9.378105e-01 9.415251e-01 9.450653e-01 9.468969e-01 9.494645e-01 9.534628e-01 9.552505e-01 9.589553e-01 9.601817e-01 9.627373e-01 9.643918e-01 9.679382e-01 9.731732e-01 9.757347e-01 9.803176e-01 9.817036e-01 9.856593e-01 9.903093e-01 9.915034e-01 1.004367e+00 1.007087e+00 1.013809e+00 1.021576e+00 1.029179e+00 1.037099e+00 1.053605e+00 1.085427e+00 
39 547 2.004386e-01 1.089996e+00 9.233404e-01 9.233404e-01 9.239634e-01 9.258436e-01 9.292886e-01 9.307236e-01 9.330809e-01 9.335134e-01 9.366547e-01 9.408426e-01 9.445874e-01 9.460868e-01 9.479705e-01 9.528138e-01 9.536552e-01 9.576683e-01 9.583149e-01 9.605270e-01 9.644458e-01 9.676407e-01 9.730787e-01 9.766745e-01 9.792420e-01 9.815204e-01 9.858464e-01 9.893697e-01 9.901670e-01 1.003135e+00 1.005966e+00 1.014288e+00 1.020543e+00 1.027577e+00 1.037561e+00 1.054094e+00 1.089996e+00 
40 561 1.967587e-01 1.093130e+00 9.224597e-01 9.224597e-01 9.228616e-01 9.236897e-01 9.270843e-01 9.284154e-01 9.309817e-01 9.328362e-01 9.357499e-01 9.386779e-01 9.430219e-01 9.440693e-01 9.458367e-01 9.515630e-01 9.527687e-01 9.555823e-01 9.577291e-01 9.618216e-01 9.640773e-01 9.687466e-01 9.719441e-01 9.750774e-01 9.796580e-01 9.820035e-01 9.847225e-01 9.873733e-01 9.902653e-01 1.002918e+00 1.005024e+00 1.013482e+00 1.020830e+00 1.026294e+00 1.042589e+00 1.052631e+00 1.093130e+00 
41 575 1.927287e-01 1.094072e+00 9.202630e-01 9.202630e-01 9.221599e-01 9.241890e-01 9.260411e-01 9.277907e-01 9.296239e-01 9.307464e-01 9.348113e-01 9.375520e-01 9.422095e-01 9.426349e-01 9.444169e-01 9.493423e-01 9.524973e-01 9.540511e-01 9.564942e-01 9.617723e-01 9.635533e-01 9.682743e-01 9.719087e-01 9.744515e-01 9.783506e-01 9.814746e-01 9.839088e-01 9.853983e-01 9.916959e-01 1.001465e+00 1.004538e+00 1.012878e+00 1.021741e+00 1.026234e+00 1.048964e+00 1.050928e+00 1.094072e+00 
42 589 1.844482e-01 1.094557e+00 9.183749e-01 9.183749e-01 9.204657e-01 9.236691e-01 9.250680e-01 9.267508e-01 9.284887e-01 9.291630e-01 9.336373e-01 9.364751e-01 9.402718e-01 9.411453e-01 9.430258e-01 9.471554e-01 9.511361e-01 9.531301e-01 9.564599e-01 9.604331e-01 9.641947e-01 9.683337e-01 9.701286e-01 9.737359e-01 9.774986e-01 9.808950e-01 9.832764e-01 9.849338e-01 9.902564e-01 1.002242e+00 1.003566e+00 1.011418e+00 1.021264e+00 1.025051e+00 1.050722e+00 1.051707e+00 1.094557e+00 
43 603 1.762232e-01 1.096689e+00 9.184799e-01 9.184799e-01 9.197252e-01 9.225553e-01 9.246023e-01 9.262693e-01 9.266294e-01 9.280469e-01 9.326937e-01 9.352897e-01 9.384771e-01 9.415806e-01 9.422876e-01 9.467704e-01 9.487998e-01 9.519621e-01 9.565517e-01 9.593860e-01 9.636859e-01 9.664927e-01 9.685184e-01 9.735243e-01 9.783825e-01 9.815260e-01 9.837403e-01 9.846758e-01 9.887189e-01 1.002120e+00 1.003278e+00 1.010875e+00 1.021880e+00 1.023267e+00 1.049308e+00 1.054418e+00 1.096689e+00 
44 617 1.681435e-01 1.097165e+00 9.174050e-01 9.174050e-01 9.185536e-01 9.212517e-01 9.241160e-01 9.246200e-01 9.264740e-01 9.275546e-01 9.325208e-01 9.358371e-01 9.368880e-01 9.399701e-01 9.414814e-01 9.450027e-01 9.472211e-01 9.498612e-01 9.549983e-01 9.599337e-01 9.630965e-01 9.684182e-01 9.690146e-01 9.722083e-01 9.766433e-01 9.811189e-01 9.833383e-01 9.840954e-01 9.903782e-01 1.000193e+00 1.002801e+00 1.009507e+00 1.019582e+00 1.022218e+00 1.047528e+00 1.053427e+00 1.097165e+00 
45 631 1.620985e-01 1.095501e+00 9.156744e-01 9.156744e-01 9.166865e-01 9.214800e-01 9.218159e-01 9.244930e-01 9.255326e-01 9.269155e-01 9.308350e-01 9.348190e-01 9.376035e-01 9.384504e-01 9.402154e-01 9.431265e-01 9.486459e-01 9.503609e-01 9.546435e-01 9.595787e-01 9.633702e-01 9.666543e-01 9.684839e-01 9.728047e-01 9.748416e-01 9.808250e-01 9.821078e-01 9.851507e-01 9.893071e-01 1.000357e+00 1.005756e+00 1.008906e+00 1.019029e+00 1.026779e+00 1.046009e+00 1.051446e+00 1.095501e+00 
46 645 2.150470e-01 1.095388e+00 9.140727e-01 9.140727e-01 9.150870e-01 9.199815e-01 9.217084e-01 9.234437e-01 9.246866e-01 9.268511e-01 9.287726e-01 9.327830e-01 9.358381e-01 9.364701e-01 9.380929e-01 9.426392e-01 9.469083e-01 9.484390e-01 9.559881e-01 9.582672e-01 9.619904e-01 9.668678e-01 9.674748e-01 9.719928e-01 9.738872e-01 9.795782e-01 9.810368e-01 9.848069e-01 9.946440e-01 1.001717e+00 1.004555e+00 1.009326e+00 1.017891e+00 1.026050e+00 1.046161e+00 1.049914e+00 1.095388e+00 
47 659 2.048753e-01 1.095725e+00 9.125044e-01 9.125044e-01 9.141277e-01 9.200152e-01 9.206191e-01 9.213971e-01 9.230064e-01 9.263889e-01 9.281112e-01 9.306603e-01 9.341441e-01 9.355808e-01 9.377102e-01 9.413063e-01 9.460851e-01 9.479486e-01 9.551936e-01 9.569736e-01 9.597259e-01 9.647073e-01 9.670169e-01 9.701455e-01 9.739639e-01 9.789053e-01 9.818015e-01 9.839923e-01 9.946623e-01 1.000099e+00 1.004191e+00 1.009467e+00 1.018190e+00 1.024999e+00 1.045341e+00 1.049300e+00 1.095725e+00 
48 673 1.946851e-01 1.095164e+00 9.104848e-01 9.104848e-01 9.124510e-01 9.179871e-01 9.186339e-01 9.193414e-01 9.233984e-01 9.246322e-01 9.274892e-01 9.306546e-01 9.341268e-01 9.345246e-01 9.362415e-01 9.394419e-01 9.446554e-01 9.458359e-01 9.550479e-01 9.580612e-01 9.582527e-01 9.657801e-01 9.667070e-01 9.683160e-01 9.721836e-01 9.789043e-01 9.810827e-01 9.840383e-01 9.944162e-01 9.994418e-01 1.003304e+00 1.009557e+00 1.017501e+00 1.024565e+00 1.044210e+00 1.047470e+00 1.095164e+00 
49 687 1.877454e-01 1.095199e+00 9.087141e-01 9.087141e-01 9.106702e-01 9.158854e-01 9.169542e-01 9.189851e-01 9.213844e-01 9.240811e-01 9.268626e-01 9.301846e-01 9.326106e-01 9.333447e-01 9.356403e-01 9.408046e-01 9.428594e-01 9.449817e-01 9.534335e-01 9.557212e-01 9.582255e-01 9.638167e-01 9.651237e-01 9.663603e-01 9.727140e-01 9.776379e-01 9.792794e-01 9.821532e-01 9.983465e-01 1.000950e+00 1.003256e+00 1.010343e+00 1.015998e+00 1.024248e+00 1.047028e+00 1.047599e+00 1.095199e+00 
50 701 1.810112e-01 1.094317e+00 9.067571e-01 9.067571e-01 9.089671e-01 9.145231e-01 9.156748e-01 9.179817e-01 9.217003e-01 9.242442e-01 9.256563e-01 9.284304e-01 9.307936e-01 9.321409e-01 9.339105e-01 9.387575e-01 9.419621e-01 9.459977e-01 9.514248e-01 9.539584e-01 9.566492e-01 9.629473e-01 9.642687e-01 9.647381e-01 9.712049e-01 9.766819e-01 9.787942e-01 9.803093e-01 9.964200e-01 9.992200e-01 1.005748e+00 1.009374e+00 1.019391e+00 1.025974e+00 1.045037e+00 1.050627e+00 1.094317e+00 
51 715 1.787804e-01 1.093082e+00 9.046792e-01 9.046792e-01 9.069186e-01 9.129642e-01 9.147539e-01 9.166381e-01 9.209969e-01 9.225522e-01 9.239962e-01 9.263453e-01 9.291055e-01 9.321353e-01 9.332906e-01 9.382548e-01 9.406552e-01 9.443059e-01 9.490369e-01 9.545793e-01 9.570727e-01 9.616747e-01 9.641676e-01 9.667358e-01 9.735914e-01 9.756173e-01 9.769663e-01 9.794305e-01 9.957321e-01 9.999539e-01 1.008972e+00 1.010147e+00 1.018733e+00 1.031835e+00 1.044080e+00 1.057225e+00 1.093082e+00 
52 729 1.727369e-01 1.090797e+00 9.041603e-01 9.041603e-01 9.059794e-01 9.108654e-01 9.134484e-01 9.157612e-01 9.192783e-01 9.216513e-01 9.229982e-01 9.257511e-01 9.294097e-01 9.305632e-01 9.332227e-01 9.366893e-01 9.395511e-01 9.424469e-01 9.497115e-01 9.546528e-01 9.552000e-01 9.601135e-01 9.642834e-01 9.680446e-01 9.740105e-01 9.748629e-01 9.759092e-01 9.785606e-01 9.959032e-01 9.988088e-01 1.010400e+00 1.013312e+00 1.021102e+00 1.033384e+00 1.045316e+00 1.056474e+00 1.090797e+00 
53 743 2.322966e-01 1.090533e+00 9.032835e-01 9.032835e-01 9.047289e-01 9.095667e-01 9.121598e-01 9.146283e-01 9.183257e-01 9.197986e-01 9.213988e-01 9.237640e-01 9.276821e-01 9.289443e-01 9.333000e-01 9.352709e-01 9.385667e-01 9.401468e-01 9.526453e-01 9.531995e-01 9.542148e-01 9.594424e-01 9.626512e-01 9.672810e-01 9.725312e-01 9.737991e-01 9.751776e-01 9.823614e-01 9.953853e-01 9.986308e-01 1.010433e+00 1.012547e+00 1.020759e+00 1.032002e+00 1.045800e+00 1.057045e+00 1.090533e+00 
54 757 2.285148e-01 1.089224e+00 9.027862e-01 9.027862e-01 9.042996e-01 9.079081e-01 9.100195e-01 9.133889e-01 9.174060e-01 9.180060e-01 9.205401e-01 9.220158e-01 9.263073e-01 9.278300e-01 9.322714e-01 9.341535e-01 9.366410e-01 9.393427e-01 9.509112e-01 9.514573e-01 9.535532e-01 9.575866e-01 9.608868e-01 9.682587e-01 9.712289e-01 9.727751e-01 9.752220e-01 9.856102e-01 9.949378e-01 1.002572e+00 1.008151e+00 1.013967e+00 1.019554e+00 1.030817e+00 1.047525e+00 1.055957e+00 1.089224e+00 
55 771 2.172117e-01 1.087023e+00 9.010146e-01 9.010146e-01 9.030079e-01 9.065049e-01 9.095070e-01 9.116247e-01 9.155667e-01 9.163694e-01 9.195015e-01 9.214340e-01 9.252514e-01 9.271461e-01 9.304534e-01 9.335423e-01 9.357957e-01 9.385096e-01 9.489047e-01 9.498206e-01 9.529741e-01 9.564263e-01 9.586948e-01 9.667520e-01 9.693064e-01 9.724031e-01 9.740305e-01 9.858343e-01 9.942327e-01 1.002195e+00 1.006160e+00 1.013172e+00 1.018963e+00 1.028900e+00 1.053163e+00 1.054714e+00 1.087023e+00 
56 785 2.090596e-01 1.086804e+00 8.991549e-01 8.991549e-01 9.020452e-01 9.044065e-01 9.090760e-01 9.100133e-01 9.134721e-01 9.159673e-01 9.193795e-01 9.215286e-01 9.234838e-01 9.256195e-01 9.298453e-01 9.313868e-01 9.340079e-01 9.376403e-01 9.472856e-01 9.481253e-01 9.515643e-01 9.548792e-01 9.590703e-01 9.672590e-01 9.686288e-01 9.715698e-01 9.778980e-01 9.872271e-01 9.920308e-01 1.001374e+00 1.004968e+00 1.012273e+00 1.021956e+00 1.026854e+00 1.051918e+00 1.053874e+00 1.086804e+00 
57 799 2.007490e-01 1.084655e+00 8.993033e-01 8.993033e-01 9.007811e-01 9.026605e-01 9.069669e-01 9.091980e-01 9.120270e-01 9.154419e-01 9.199598e-01 9.215907e-01 9.237808e-01 9.252668e-01 9.295971e-01 9.305903e-01 9.331795e-01 9.363837e-01 9.451847e-01 9.462454e-01 9.499100e-01 9.543637e-01 9.607491e-01 9.660416e-01 9.673830e-01 9.745455e-01 9.777878e-01 9.868280e-01 9.904965e-01 1.001432e+00 1.004242e+00 1.012003e+00 1.019550e+00 1.026640e+00 1.051499e+00 1.053254e+00 1.084655e+00 
58 813 1.942506e-01 1.082958e+00 8.979809e-01 8.979809e-01 8.990160e-01 9.022731e-01 9.049472e-01 9.079944e-01 9.109525e-01 9.142173e-01 9.178887e-01 9.212861e-01 9.217972e-01 9.251287e-01 9.282599e-01 9.305822e-01 9.317818e-01 9.345174e-01 9.451642e-01 9.456283e-01 9.489222e-01 9.537424e-01 9.592132e-01 9.655905e-01 9.692357e-01 9.726343e-01 9.774144e-01 9.854000e-01 9.904358e-01 1.002102e+00 1.003556e+00 1.011769e+00 1.017472e+00 1.026530e+00 1.050578e+00 1.056203e+00 1.082958e+00 
59 827 1.878008e-01 1.082339e+00 8.958455e-01 8.958455e-01 8.985740e-01 9.005081e-01 9.036595e-01 9.074115e-01 9.092783e-01 9.122629e-01 9.163529e-01 9.191490e-01 9.203043e-01 9.238076e-01 9.272544e-01 9.296167e-01 9.304073e-01 9.332402e-01 9.433025e-01 9.451246e-01 9.473697e-01 9.518750e-01 9.582116e-01 9.641895e-01 9.672736e-01 9.708417e-01 9.767157e-01 9.849330e-01 9.916586e-01 1.001854e+00 1.004245e+00 1.010998e+00 1.018381e+00 1.025929e+00 1.048587e+00 1.056567e+00 1.082339e+00 
60 841 1.834167e-01 1.081088e+00 8.944092e-01 8.944092e-01 8.979531e-01 9.005193e-01 9.028447e-01 9.058817e-01 9.082128e-01 9.105153e-01 9.149663e-01 9.181639e-01 9.194630e-01 9.222648e-01 9.254893e-01 9.282940e-01 9.297170e-01 9.352373e-01 9.422574e-01 9.445226e-01 9.477837e-01 9.514828e-01 9.581466e-01 9.632565e-01 9.663119e-01 9.695286e-01 9.785148e-01 9.829633e-01 9.922774e-01 9.999533e-01 1.004933e+00 1.009724e+00 1.018848e+00 1.025568e+00 1.046306e+00 1.054406e+00 1.081088e+00 
61 855 1.805480e-01 1.081958e+00 8.924088e-01 8.924088e-01 8.964386e-01 9.000608e-01 9.009040e-01 9.071701e-01 9.075130e-01 9.089165e-01 9.131651e-01 9.161921e-01 9.184143e-01 9.207260e-01 9.235887e-01 9.274262e-01 9.296710e-01 9.352498e-01 9.421688e-01 9.435085e-01 9.486179e-01 9.507626e-01 9.572152e-01 9.611348e-01 9.647938e-01 9.689220e-01 9.779077e-01 9.836419e-01 9.926750e-01 9.979395e-01 1.006814e+00 1.009618e+00 1.020192e+00 1.026624e+00 1.046438e+00 1.054120e+00 1.081958e+00 
62 869 1.775641e-01 1.084762e+00 8.915603e-01 8.915603e-01 8.947608e-01 8.986913e-01 9.019345e-01 9.056123e-01 9.068044e-01 9.086433e-01 9.123036e-01 9.156224e-01 9.173369e-01 9.206314e-01 9.225443e-01 9.265671e-01 9.277584e-01 9.359036e-01 9.409134e-01 9.426317e-01 9.473261e-01 9.498252e-01 9.567787e-01 9.624340e-01 9.642939e-01 9.673638e-01 9.765340e-01 9.900722e-01 9.930432e-01 9.961673e-01 1.005266e+00 1.009024e+00 1.021664e+00 1.025324e+00 1.044346e+00 1.052582e+00 1.084762e+00 
63 883 2.413505e-01 1.087584e+00 8.911660e-01 8.911660e-01 8.941549e-01 8.991477e-01 9.018381e-01 9.037594e-01 9.064551e-01 9.082156e-01 9.112419e-01 9.141118e-01 9.163890e-01 9.192431e-01 9.218706e-01 9.256438e-01 9.264493e-01 9.355870e-01 9.412856e-01 9.426879e-01 9.455019e-01 9.482996e-01 9.564807e-01 9.604116e-01 9.631960e-01 9.659223e-01 9.753354e-01 9.889186e-01 9.930069e-01 9.968681e-01 1.005682e+00 1.008190e+00 1.024873e+00 1.026720e+00 1.044246e+00 1.052744e+00 1.087584e+00 
64 897 2.369826e-01 1.092535e+00 8.907774e-01 8.907774e-01 8.921687e-01 8.973908e-01 9.024120e-01 9.035012e-01 9.051259e-01 9.073420e-01 9.096742e-01 9.135877e-01 9.168843e-01 9.179925e-01 9.204991e-01 9.242576e-01 9.278553e-01 9.339465e-01 9.411004e-01 9.434373e-01 9.445236e-01 9.469814e-01 9.559970e-01 9.591140e-01 9.636225e-01 9.686423e-01 9.747059e-01 9.891437e-01 9.920378e-01 9.957405e-01 1.003923e+00 1.007731e+00 1.024222e+00 1.026407e+00 1.044512e+00 1.054755e+00 1.092535e+00 
65 911 2.321431e-01 1.100653e+00 8.889113e-01 8.889113e-01 8.907859e-01 8.953840e-01 9.013040e-01 9.022054e-01 9.043318e-01 9.065990e-01 9.090460e-01 9.133386e-01 9.147623e-01 9.183289e-01 9.190840e-01 9.231744e-01 9.268536e-01 9.321235e-01 9.401491e-01 9.423745e-01 9.440692e-01 9.450729e-01 9.545817e-01 9.577441e-01 9.638365e-01 9.704529e-01 9.736277e-01 9.880273e-01 9.921696e-01 9.955428e-01 1.002549e+00 1.005866e+00 1.022297e+00 1.028757e+00 1.042164e+00 1.053387e+00 1.100653e+00 
66 925 2.253501e-01 1.106210e+00 8.877671e-01 8.877671e-01 8.910270e-01 8.951449e-01 8.992108e-01 9.018789e-01 9.040500e-01 9.049017e-01 9.076972e-01 9.134393e-01 9.158199e-01 9.166223e-01 9.180578e-01 9.212531e-01 9.253452e-01 9.320915e-01 9.398545e-01 9.419752e-01 9.444612e-01 9.457879e-01 9.540844e-01 9.561751e-01 9.625056e-01 9.698270e-01 9.725153e-01 9.889159e-01 9.918721e-01 9.947424e-01 9.999229e-01 1.004808e+00 1.020794e+00 1.027565e+00 1.043058e+00 1.051765e+00 1.106210e+00 
67 939 2.160933e-01 1.109892e+00 8.872394e-01 8.872394e-01 8.900186e-01 8.937336e-01 8.971623e-01 8.997466e-01 9.019200e-01 9.033790e-01 9.087128e-01 9.123694e-01 9.143043e-01 9.166809e-01 9.178616e-01 9.227724e-01 9.254106e-01 9.307367e-01 9.379099e-01 9.397079e-01 9.449147e-01 9.455930e-01 9.528846e-01 9.566294e-01 9.618484e-01 9.684355e-01 9.711100e-01 9.884568e-01 9.920085e-01 9.938539e-01 9.983215e-01 1.007148e+00 1.019716e+00 1.026314e+00 1.040813e+00 1.050643e+00 1.109892e+00 
68 953 2.051670e-01 1.110924e+00 8.857620e-01 8.857620e-01 8.885971e-01 8.940365e-01 8.958248e-01 8.981003e-01 9.015040e-01 9.033510e-01 9.068759e-01 9.102188e-01 9.144415e-01 9.159410e-01 9.163000e-01 9.213493e-01 9.240952e-01 9.302196e-01 9.380639e-01 9.384979e-01 9.435117e-01 9.457073e-01 9.519037e-01 9.563014e-01 9.604613e-01 9.664581e-01 9.766059e-01 9.868636e-01 9.902177e-01 9.921726e-01 9.972799e-01 1.007726e+00 1.017908e+00 1.025964e+00 1.039106e+00 1.050042e+00 1.110924e+00 
69 967 1.970013e-01 1.112520e+00 8.851023e-01 8.851023e-01 8.866615e-01 8.932661e-01 8.949778e-01 8.965386e-01 9.008759e-01 9.026627e-01 9.054147e-01 9.087000e-01 9.132871e-01 9.140476e-01 9.158701e-01 9.198633e-01 9.235404e-01 9.283817e-01 9.361598e-01 9.371034e-01 9.424576e-01 9.450849e-01 9.523222e-01 9.551194e-01 9.613280e-01 9.675447e-01 9.756909e-01 9.850733e-01 9.886604e-01 9.913238e-01 9.975760e-01 1.005953e+00 1.016788e+00 1.032709e+00 1.037671e+00 1.048567e+00 1.112520e+00 
70 981 1.933567e-01 1.114267e+00 8.834043e-01 8.834043e-01 8.851873e-01 8.915563e-01 8.943517e-01 8.953275e-01 8.992756e-01 9.026415e-01 9.055442e-01 9.068888e-01 9.112657e-01 9.123638e-01 9.170069e-01 9.181376e-01 9.214355e-01 9.280068e-01 9.354535e-01 9.373063e-01 9.440650e-01 9.495385e-01 9.531824e-01 9.535201e-01 9.601134e-01 9.665296e-01 9.794793e-01 9.838975e-01 9.889681e-01 9.925986e-01 9.993964e-01 1.006425e+00 1.014492e+00 1.031556e+00 1.036533e+00 1.047526e+00 1.114267e+00 
71 995 1.877427e-01 1.114552e+00 8.828233e-01 8.828233e-01 8.857356e-01 8.895874e-01 8.929316e-01 8.945125e-01 8.974790e-01 9.008949e-01 9.044519e-01 9.055858e-01 9.124422e-01 9.127648e-01 9.170438e-01 9.201392e-01 9.223999e-01 9.263987e-01 9.341051e-01 9.355385e-01 9.443983e-01 9.500008e-01 9.517855e-01 9.539663e-01 9.596408e-01 9.656401e-01 9.776273e-01 9.820509e-01 9.867535e-01 9.925809e-01 1.001914e+00 1.005616e+00 1.013613e+00 1.029387e+00 1.035189e+00 1.047067e+00 1.114552e+00 
72 1009 1.819982e-01 1.115749e+00 8.819740e-01 8.819740e-01 8.850378e-01 8.884159e-01 8.908175e-01 8.936343e-01 8.969284e-01 9.004711e-01 9.026805e-01 9.065033e-01 9.108827e-01 9.140372e-01 9.155062e-01 9.206760e-01 9.232761e-01 9.254397e-01 9.326894e-01 9.346932e-01 9.434142e-01 9.500258e-01 9.515468e-01 9.564752e-01 9.586907e-01 9.651103e-01 9.776808e-01 9.826308e-01 9.868658e-01 9.915453e-01 1.003435e+00 1.006863e+00 1.011699e+00 1.028606e+00 1.036049e+00 1.049170e+00 1.115749e+00 
73 1023 1.739901e-01 1.114877e+00 8.812809e-01 8.812809e-01 8.830571e-01 8.862189e-01 8.896805e-01 8.914625e-01 8.960746e-01 8.989912e-01 9.008648e-01 9.049228e-01 9.107151e-01 9.139243e-01 9.146280e-01 9.194643e-01 9.242126e-01 9.261001e-01 9.309962e-01 9.356852e-01 9.422266e-01 9.488753e-01 9.516811e-01 9.561439e-01 9.591468e-01 9.660530e-01 9.772951e-01 9.819309e-01 9.885109e-01 9.934923e-01 1.004821e+00 1.005354e+00 1.010400e+00 1.026550e+00 1.034681e+00 1.049264e+00 1.114877e+00 
74 1037 1.670756e-01 1.114495e+00 8.808722e-01 8.808722e-01 8.827849e-01 8.854181e-01 8.889501e-01 8.901650e-01 8.948160e-01 8.982267e-01 8.997128e-01 9.050733e-01 9.086144e-01 9.118375e-01 9.133446e-01 9.175861e-01 9.236144e-01 9.256257e-01 9.303380e-01 9.352375e-01 9.413792e-01 9.467765e-01 9.529778e-01 9.557427e-01 9.633001e-01 9.663222e-01 9.752451e-01 9.799221e-01 9.865054e-01 9.933307e-01 1.004322e+00 1.007665e+00 1.010251e+00 1.025212e+00 1.034315e+00 1.052934e+00 1.114495e+00 
75 1051 1.637282e-01 1.116890e+00 8.794067e-01 8.794067e-01 8.813456e-01 8.856942e-01 8.879819e-01 8.897395e-01 8.928539e-01 8.968675e-01 8.988337e-01 9.039117e-01 9.074586e-01 9.114820e-01 9.122538e-01 9.197640e-01 9.220360e-01 9.249535e-01 9.292477e-01 9.337933e-01 9.400997e-01 9.467915e-01 9.538466e-01 9.542244e-01 9.626630e-01 9.669488e-01 9.738733e-01 9.818532e-01 9.864290e-01 9.970511e-01 1.002653e+00 1.006779e+00 1.012095e+00 1.024657e+00 1.032491e+00 1.058864e+00 1.116890e+00 
76 1065 2.243264e-01 1.115799e+00 8.774664e-01 8.774664e-01 8.793167e-01 8.846702e-01 8.875664e-01 8.887631e-01 8.927776e-01 8.968379e-01 8.987234e-01 9.023695e-01 9.057646e-01 9.090485e-01 9.109676e-01 9.185393e-01 9.208718e-01 9.240538e-01 9.273009e-01 9.341038e-01 9.433786e-01 9.478542e-01 9.519693e-01 9.557119e-01 9.622002e-01 9.703781e-01 9.723676e-01 9.800569e-01 9.864556e-01 9.965346e-01 1.003320e+00 1.005357e+00 1.015722e+00 1.023284e+00 1.032419e+00 1.060566e+00 1.115799e+00 
77 1079 2.213669e-01 1.116453e+00 8.766494e-01 8.766494e-01 8.800307e-01 8.825921e-01 8.858791e-01 8.873912e-01 8.913085e-01 8.969397e-01 8.999641e-01 9.020753e-01 9.038940e-01 9.083360e-01 9.111231e-01 9.163096e-01 9.197475e-01 9.235688e-01 9.262637e-01 9.329840e-01 9.422292e-01 9.466169e-01 9.506737e-01 9.548972e-01 9.636354e-01 9.681726e-01 9.703379e-01 9.777811e-01 9.856451e-01 9.970473e-01 1.005446e+00 1.008685e+00 1.015924e+00 1.022646e+00 1.032714e+00 1.061986e+00 1.116453e+00 
78 1093 2.159152e-01 1.115269e+00 8.757128e-01 8.757128e-01 8.791803e-01 8.837475e-01 8.845060e-01 8.860883e-01 8.898940e-01 8.966395e-01 8.979111e-01 9.016460e-01 9.027110e-01 9.071255e-01 9.107501e-01 9.152001e-01 9.208085e-01 9.222327e-01 9.259503e-01 9.312481e-01 9.410950e-01 9.451244e-01 9.498546e-01 9.530402e-01 9.656185e-01 9.675848e-01 9.694051e-01 9.777830e-01 9.845380e-01 9.955023e-01 1.004488e+00 1.007306e+00 1.015796e+00 1.026771e+00 1.032741e+00 1.064564e+00 1.115269e+00 
79 1107 2.107817e-01 1.114716e+00 8.744059e-01 8.744059e-01 8.792242e-01 8.824800e-01 8.830897e-01 8.859575e-01 8.899722e-01 8.962803e-01 8.973361e-01 9.002565e-01 9.019560e-01 9.073190e-01 9.112763e-01 9.149299e-01 9.195128e-01 9.235752e-01 9.280025e-01 9.303580e-01 9.408141e-01 9.445536e-01 9.478068e-01 9.510458e-01 9.654474e-01 9.679495e-01 9.714594e-01 9.762258e-01 9.847993e-01 9.939024e-01 1.002161e+00 1.006310e+00 1.014404e+00 1.028347e+00 1.032023e+00 1.066305e+00 1.114716e+00 
80 1121 2.078263e-01 1.115960e+00 8.726021e-01 8.726021e-01 8.771374e-01 8.806923e-01 8.815998e-01 8.856182e-01 8.886873e-01 8.954510e-01 8.963324e-01 8.982203e-01 9.030689e-01 9.060846e-01 9.110706e-01 9.127987e-01 9.183751e-01 9.243080e-01 9.269516e-01 9.287886e-01 9.394333e-01 9.454255e-01 9.477152e-01 9.498454e-01 9.645486e-01 9.694764e-01 9.733675e-01 9.769198e-01 9.874921e-01 9.918975e-01 1.000766e+00 1.004241e+00 1.014821e+00 1.028525e+00 1.031982e+00 1.066546e+00 1.115960e+00 
81 1135 2.019270e-01 1.113825e+00 8.706315e-01 8.706315e-01 8.757409e-01 8.791134e-01 8.804550e-01 8.849271e-01 8.874095e-01 8.935801e-01 8.952153e-01 8.967038e-01 9.037384e-01 9.050474e-01 9.094473e-01 9.116411e-01 9.184641e-01 9.243190e-01 9.255010e-01 9.275215e-01 9.413034e-01 9.445615e-01 9.475216e-01 9.497381e-01 9.626150e-01 9.673884e-01 9.734990e-01 9.750105e-01 9.895735e-01 9.929452e-01 1.001252e+00 1.001885e+00 1.013443e+00 1.028685e+00 1.034363e+00 1.067812e+00 1.113825e+00 
82 1149 1.952294e-01 1.112110e+00 8.692659e-01 8.692659e-01 8.743728e-01 8.777228e-01 8.789472e-01 8.831535e-01 8.862698e-01 8.928599e-01 8.944195e-01 8.966288e-01 9.023236e-01 9.041329e-01 9.076883e-01 9.124957e-01 9.188810e-01 9.228452e-01 9.244066e-01 9.256851e-01 9.409195e-01 9.435241e-01 9.482370e-01 9.502109e-01 9.612440e-01 9.676130e-01 9.717322e-01 9.766805e-01 9.909302e-01 9.940986e-01 9.990288e-01 1.001402e+00 1.012509e+00 1.027426e+00 1.035841e+00 1.067425e+00 1.112110e+00 
83 1163 1.877136e-01 1.110222e+00 8.680105e-01 8.680105e-01 8.724755e-01 8.777865e-01 8.799612e-01 8.844332e-01 8.851844e-01 8.909224e-01 8.938488e-01 8.953616e-01 9.005410e-01 9.046538e-01 9.074008e-01 9.120297e-01 9.182800e-01 9.225677e-01 9.231663e-01 9.250991e-01 9.392704e-01 9.426255e-01 9.479606e-01 9.494962e-01 9.611542e-01 9.670038e-01 9.696702e-01 9.756985e-01 9.898295e-01 9.931454e-01 9.989813e-01 1.000203e+00 1.013535e+00 1.025505e+00 1.035456e+00 1.067332e+00 1.110222e+00 
84 1177 1.815040e-01 1.109344e+00 8.663999e-01 8.663999e-01 8.705023e-01 8.764992e-01 8.780720e-01 8.824323e-01 8.834968e-01 8.894204e-01 8.925119e-01 8.945681e-01 8.997041e-01 9.034780e-01 9.073053e-01 9.111027e-01 9.174084e-01 9.214403e-01 9.227594e-01 9.243438e-01 9.401452e-01 9.412192e-01 9.461308e-01 9.492779e-01 9.598353e-01 9.670799e-01 9.730159e-01 9.769334e-01 9.886157e-01 9.935788e-01 9.976480e-01 1.000249e+00 1.013797e+00 1.025161e+00 1.036363e+00 1.065673e+00 1.109344e+00 
85 1191 2.487470e-01 1.116425e+00 8.655487e-01 8.655487e-01 8.685345e-01 8.757411e-01 8.767345e-01 8.811344e-01 8.821017e-01 8.876183e-01 8.909791e-01 8.931443e-01 8.981800e-01 9.029628e-01 9.071654e-01 9.130685e-01 9.156943e-01 9.208216e-01 9.214995e-01 9.224045e-01 9.393839e-01 9.410245e-01 9.445206e-01 9.481462e-01 9.608553e-01 9.651119e-01 9.719034e-01 9.757300e-01 9.871054e-01 9.936795e-01 9.960222e-01 1.001173e+00 1.014636e+00 1.023303e+00 1.035196e+00 1.068903e+00 1.116425e+00 
86 1205 2.443183e-01 1.118976e+00 8.640142e-01 8.640142e-01 8.663830e-01 8.751877e-01 8.757008e-01 8.800139e-01 8.829881e-01 8.865267e-01 8.910175e-01 8.925458e-01 8.967611e-01 9.032126e-01 9.070631e-01 9.134854e-01 9.146239e-01 9.191536e-01 9.207905e-01 9.241956e-01 9.376857e-01 9.394077e-01 9.466908e-01 9.501562e-01 9.593562e-01 9.640583e-01 9.700094e-01 9.764676e-01 9.866987e-01 9.911674e-01 9.964320e-01 1.002167e+00 1.015415e+00 1.022199e+00 1.035321e+00 1.068898e+00 1.118976e+00 
87 1219 2.417914e-01 1.123145e+00 8.627466e-01 8.627466e-01 8.651741e-01 8.736411e-01 8.739455e-01 8.785758e-01 8.810874e-01 8.847914e-01 8.903437e-01 8.918399e-01 8.984361e-01 9.015941e-01 9.076575e-01 9.117190e-01 9.139750e-01 9.177218e-01 9.197330e-01 9.257030e-01 9.369075e-01 9.385647e-01 9.447772e-01 9.505494e-01 9.583763e-01 9.623994e-01 9.682822e-01 9.745868e-01 9.847798e-01 9.893665e-01 9.944596e-01 1.004558e+00 1.015761e+00 1.021144e+00 1.034340e+00 1.068463e+00 1.123145e+00 
88 1233 2.338797e-01 1.124865e+00 8.621205e-01 8.621205e-01 8.638410e-01 8.722088e-01 8.741149e-01 8.773991e-01 8.789677e-01 8.832500e-01 8.882747e-01 8.900988e-01 8.985205e-01 9.006793e-01 9.058559e-01 9.098509e-01 9.121812e-01 9.169407e-01 9.189257e-01 9.250463e-01 9.387717e-01 9.418885e-01 9.436347e-01 9.495019e-01 9.568774e-01 9.609507e-01 9.709848e-01 9.742920e-01 9.830378e-01 9.869989e-01 9.925532e-01 1.006358e+00 1.017157e+00 1.020002e+00 1.033783e+00 1.066492e+00 1.124865e+00 
89 1247 2.241329e-01 1.124011e+00 8.610275e-01 8.610275e-01 8.623878e-01 8.710639e-01 8.728517e-01 8.770305e-01 8.781435e-01 8.818755e-01 8.863859e-01 8.907133e-01 8.970478e-01 8.988473e-01 9.080040e-01 9.093503e-01 9.114536e-01 9.159871e-01 9.186364e-01 9.254253e-01 9.376706e-01 9.417530e-01 9.471006e-01 9.481603e-01 9.574681e-01 9.595406e-01 9.713705e-01 9.732749e-01 9.816787e-01 9.859248e-01 9.902546e-01 1.004251e+00 1.016030e+00 1.021709e+00 1.032905e+00 1.066089e+00 1.124011e+00 
90 1261 2.165253e-01 1.123645e+00 8.595431e-01 8.595431e-01 8.605331e-01 8.690116e-01 8.718947e-01 8.752552e-01 8.774848e-01 8.804409e-01 8.854917e-01 8.889333e-01 8.948681e-01 8.974497e-01 9.065779e-01 9.091184e-01 9.119170e-01 9.148284e-01 9.190152e-01 9.245456e-01 9.376441e-01 9.410414e-01 9.475978e-01 9.505094e-01 9.559590e-01 9.580531e-01 9.694597e-01 9.744736e-01 9.837123e-01 9.869404e-01 9.903318e-01 1.004429e+00 1.016277e+00 1.020429e+00 1.032819e+00 1.067333e+00 1.123645e+00 
91 1275 2.088480e-01 1.121246e+00 8.582726e-01 8.582726e-01 8.584048e-01 8.676682e-01 8.708449e-01 8.743245e-01 8.756784e-01 8.786148e-01 8.850772e-01 8.872417e-01 8.936688e-01 8.963642e-01 9.047227e-01 9.087035e-01 9.110735e-01 9.149617e-01 9.209446e-01 9.253118e-01 9.354767e-01 9.402086e-01 9.465390e-01 9.511746e-01 9.550818e-01 9.584643e-01 9.675695e-01 9.740754e-01 9.814246e-01 9.880679e-01 9.892363e-01 1.005133e+00 1.017890e+00 1.019550e+00 1.030938e+00 1.067071e+00 1.121246e+00 
92 1289 2.031778e-01 1.119413e+00 8.562965e-01 8.562965e-01 8.579483e-01 8.667524e-01 8.709405e-01 8.729857e-01 8.739819e-01 8.767956e-01 8.843996e-01 8.857796e-01 8.932908e-01 8.954641e-01 9.038384e-01 9.072471e-01 9.111579e-01 9.136539e-01 9.203863e-01 9.254097e-01 9.375246e-01 9.390739e-01 9.451210e-01 9.504803e-01 9.554565e-01 9.600045e-01 9.687707e-01 9.720776e-01 9.801398e-01 9.873413e-01 9.931205e-01 1.004362e+00 1.017012e+00 1.022046e+00 1.030196e+00 1.066205e+00 1.119413e+00 
93 1303 1.968614e-01 1.116913e+00 8.541321e-01 8.541321e-01 8.572213e-01 8.648053e-01 8.701290e-01 8.713748e-01 8.735523e-01 8.753735e-01 8.832490e-01 8.855236e-01 8.922404e-01 8.946098e-01 9.021272e-01 9.052823e-01 9.112663e-01 9.135206e-01 9.201691e-01 9.244136e-01 9.360554e-01 9.380626e-01 9.438300e-01 9.488660e-01 9.545247e-01 9.590412e-01 9.688509e-01 9.702720e-01 9.794748e-01 9.856278e-01 9.928651e-01 1.005898e+00 1.016656e+00 1.021301e+00 1.027820e+00 1.068960e+00 1.116913e+00 
94 1317 1.913004e-01 1.114688e+00 8.525991e-01 8.525991e-01 8.567952e-01 8.636170e-01 8.688113e-01 8.714311e-01 8.724509e-01 8.739239e-01 8.823973e-01 8.840595e-01 8.900689e-01 8.925474e-01 9.023889e-01 9.038307e-01 9.096144e-01 9.128853e-01 9.184933e-01 9.231936e-01 9.353044e-01 9.361053e-01 9.426830e-01 9.491126e-01 9.521287e-01 9.589560e-01 9.672897e-01 9.700385e-01 9.798307e-01 9.847554e-01 9.948191e-01 1.005109e+00 1.016942e+00 1.021682e+00 1.029458e+00 1.067820e+00 1.114688e+00 
95 1331 1.843707e-01 1.112756e+00 8.516351e-01 8.516351e-01 8.557075e-01 8.639808e-01 8.671040e-01 8.697555e-01 8.713776e-01 8.742671e-01 8.826352e-01 8.846021e-01 8.889117e-01 8.918732e-01 9.014975e-01 9.030718e-01 9.074226e-01 9.111321e-01 9.194311e-01 9.230384e-01 9.339662e-01 9.357023e-01 9.467282e-01 9.486183e-01 9.552147e-01 9.586954e-01 9.658949e-01 9.696141e-01 9.783247e-01 9.833579e-01 9.925930e-01 1.005333e+00 1.017145e+00 1.022129e+00 1.029148e+00 1.066082e+00 1.112756e+00 
96 1345 1.787558e-01 1.111131e+00 8.499823e-01 8.499823e-01 8.540377e-01 8.634707e-01 8.660941e-01 8.704994e-01 8.707995e-01 8.721704e-01 8.815385e-01 8.844161e-01 8.874736e-01 8.915128e-01 9.005324e-01 9.012923e-01 9.065965e-01 9.103866e-01 9.191147e-01 9.212077e-01 9.328314e-01 9.359106e-01 9.460685e-01 9.490198e-01 9.548176e-01 9.586558e-01 9.670212e-01 9.685032e-01 9.774112e-01 9.827408e-01 9.924858e-01 1.004574e+00 1.017262e+00 1.021957e+00 1.032426e+00 1.066030e+00 1.111131e+00 
97 1359 1.746408e-01 1.111041e+00 8.489326e-01 8.489326e-01 8.539219e-01 8.618116e-01 8.648456e-01 8.692137e-01 8.698148e-01 8.713813e-01 8.799257e-01 8.838417e-01 8.879875e-01 8.907556e-01 8.990993e-01 9.046339e-01 9.071017e-01 9.084519e-01 9.175728e-01 9.210278e-01 9.319144e-01 9.359371e-01 9.470755e-01 9.489497e-01 9.541713e-01 9.580341e-01 9.655367e-01 9.680885e-01 9.756629e-01 9.807026e-01 9.922182e-01 1.003731e+00 1.017027e+00 1.020414e+00 1.031580e+00 1.069785e+00 1.111041e+00 
98 1373 1.695792e-01 1.108725e+00 8.485374e-01 8.485374e-01 8.531047e-01 8.609228e-01 8.654605e-01 8.675218e-01 8.694772e-01 8.710130e-01 8.784587e-01 8.838264e-01 8.872367e-01 8.910178e-01 8.975330e-01 9.046427e-01 9.064470e-01 9.075491e-01 9.162079e-01 9.197549e-01 9.309100e-01 9.349622e-01 9.450507e-01 9.489570e-01 9.530757e-01 9.560649e-01 9.649064e-01 9.661997e-01 9.780100e-01 9.789858e-01 9.941872e-01 1.001893e+00 1.016439e+00 1.018323e+00 1.035298e+00 1.069978e+00 1.108725e+00 
99 1387 1.654890e-01 1.106824e+00 8.467021e-01 8.467021e-01 8.541106e-01 8.610359e-01 8.642150e-01 8.664343e-01 8.677191e-01 8.723504e-01 8.775945e-01 8.841631e-01 8.869577e-01 8.901836e-01 8.979186e-01 9.028911e-01 9.045616e-01 9.084460e-01 9.149239e-01 9.181987e-01 9.287549e-01 9.337424e-01 9.434436e-01 9.487939e-01 9.536184e-01 9.552238e-01 9.643052e-01 9.674690e-01 9.756783e-01 9.808140e-01 9.926322e-01 1.000756e+00 1.015777e+00 1.020028e+00 1.036235e+00 1.071813e+00 1.106824e+00 
100 1401 1.625832e-01 1.106718e+00 8.467077e-01 8.467077e-01 8.523631e-01 8.591686e-01 8.626713e-01 8.657447e-01 8.666940e-01 8.714584e-01 8.761842e-01 8.836284e-01 8.862867e-01 8.892414e-01 8.977097e-01 9.011449e-01 9.034640e-01 9.101294e-01 9.137186e-01 9.191034e-01 9.281584e-01 9.351454e-01 9.420350e-01 9.471492e-01 9.526197e-01 9.546287e-01 9.631350e-01 9.651519e-01 9.736045e-01 9.794810e-01 9.912218e-01 1.002305e+00 1.015094e+00 1.018466e+00 1.038631e+00 1.075352e+00 1.106718e+00 
101 1415 1.582566e-01 1.104819e+00 8.458058e-01 8.458058e-01 8.514908e-01 8.574873e-01 8.636327e-01 8.647589e-01 8.652098e-01 8.706719e-01 8.750683e-01 8.825486e-01 8.860568e-01 8.878353e-01 8.981816e-01 8.996746e-01 9.020215e-01 9.116448e-01 9.137853e-01 9.201211e-01 9.282021e-01 9.357802e-01 9.413099e-01 9.464902e-01 9.519778e-01 9.534511e-01 9.622583e-01 9.636947e-01 9.750252e-01 9.794663e-01 9.927928e-01 1.002192e+00 1.013764e+00 1.016629e+00 1.039978e+00 1.075251e+00 1.104819e+00 
102 1429 1.547524e-01 1.105632e+00 8.441540e-01 8.441540e-01 8.513896e-01 8.563928e-01 8.626705e-01 8.630631e-01 8.655588e-01 8.694952e-01 8.729255e-01 8.819223e-01 8.843366e-01 8.860815e-01 8.962172e-01 8.981164e-01 9.042254e-01 9.114289e-01 9.138117e-01 9.225837e-01 9.287469e-01 9.346288e-01 9.394870e-01 9.460154e-01 9.508907e-01 9.520899e-01 9.605656e-01 9.629523e-01 9.733692e-01 9.770636e-01 9.910719e-01 1.004511e+00 1.012537e+00 1.018099e+00 1.039892e+00 1.075045e+00 1.105632e+00 
103 1443 1.510210e-01 1.106166e+00 8.459447e-01 8.459447e-01 8.495174e-01 8.550740e-01 8.617960e-01 8.633304e-01 8.639293e-01 8.677616e-01 8.736853e-01 8.819282e-01 8.829431e-01 8.844134e-01 8.949420e-01 8.978988e-01 9.027580e-01 9.113617e-01 9.120557e-01 9.224645e-01 9.287508e-01 9.363115e-01 9.386039e-01 9.455474e-01 9.498255e-01 9.579581e-01 9.598913e-01 9.632602e-01 9.724068e-01 9.769510e-01 9.900740e-01 1.004018e+00 1.010148e+00 1.018835e+00 1.038232e+00 1.075628e+00 1.106166e+00 
104 1457 2.057798e-01 1.104069e+00 8.449622e-01 8.449622e-01 8.480788e-01 8.531802e-01 8.600466e-01 8.618472e-01 8.633020e-01 8.672162e-01 8.725834e-01 8.813147e-01 8.817710e-01 8.834609e-01 8.943764e-01 8.961794e-01 9.024086e-01 9.106040e-01 9.121136e-01 9.203220e-01 9.309999e-01 9.351817e-01 9.372545e-01 9.448232e-01 9.489443e-01 9.564213e-01 9.585116e-01 9.666428e-01 9.718169e-01 9.762049e-01 9.888412e-01 1.005073e+00 1.008692e+00 1.021235e+00 1.040674e+00 1.075491e+00 1.104069e+00 
105 1471 2.026430e-01 1.103029e+00 8.433365e-01 8.433365e-01 8.460427e-01 8.527676e-01 8.585307e-01 8.611610e-01 8.616230e-01 8.660915e-01 8.714286e-01 8.799946e-01 8.820216e-01 8.846394e-01 8.923045e-01 8.951754e-01 9.004813e-01 9.106876e-01 9.111580e-01 9.184730e-01 9.309095e-01 9.340508e-01 9.368919e-01 9.431722e-01 9.523305e-01 9.562811e-01 9.574742e-01 9.656637e-01 9.700550e-01 9.771486e-01 9.937511e-01 1.006630e+00 1.009283e+00 1.022653e+00 1.039400e+00 1.074538e+00 1.103029e+00 
106 1485 1.976020e-01 1.100608e+00 8.416076e-01 8.416076e-01 8.452012e-01 8.519460e-01 8.571103e-01 8.599809e-01 8.611588e-01 8.654153e-01 8.705803e-01 8.779952e-01 8.823107e-01 8.838800e-01 8.904540e-01 8.942345e-01 8.986916e-01 9.089382e-01 9.106497e-01 9.171816e-01 9.293394e-01 9.363077e-01 9.387602e-01 9.412205e-01 9.511794e-01 9.562297e-01 9.592195e-01 9.658940e-01 9.700531e-01 9.769218e-01 9.932875e-01 1.008918e+00 1.011101e+00 1.021643e+00 1.040756e+00 1.073651e+00 1.100608e+00 
107 1499 1.940121e-01 1.098275e+00 8.405508e-01 8.405508e-01 8.437591e-01 8.510674e-01 8.568637e-01 8.592205e-01 8.594028e-01 8.661164e-01 8.688195e-01 8.776654e-01 8.818886e-01 8.854912e-01 8.910562e-01 8.921511e-01 9.000330e-01 9.071517e-01 9.101266e-01 9.171137e-01 9.272438e-01 9.351064e-01 9.404955e-01 9.408661e-01 9.498364e-01 9.546923e-01 9.595052e-01 9.637969e-01 9.680874e-01 9.758579e-01 9.977696e-01 1.009170e+00 1.013106e+00 1.020875e+00 1.040131e+00 1.071741e+00 1.098275e+00 
108 1513 1.885382e-01 1.096645e+00 8.395346e-01 8.395346e-01 8.423880e-01 8.503712e-01 8.551953e-01 8.582910e-01 8.607272e-01 8.644325e-01 8.683590e-01 8.755760e-01 8.817961e-01 8.857748e-01 8.898166e-01 8.905924e-01 9.000881e-01 9.055357e-01 9.116908e-01 9.175398e-01 9.277677e-01 9.359783e-01 9.398438e-01 9.424967e-01 9.478475e-01 9.541715e-01 9.588318e-01 9.630339e-01 9.659457e-01 9.748235e-01 9.960281e-01 1.007202e+00 1.014336e+00 1.021863e+00 1.041658e+00 1.070388e+00 1.096645e+00 
109 1527 1.821000e-01 1.099228e+00 8.380328e-01 8.380328e-01 8.424091e-01 8.496162e-01 8.548123e-01 8.580994e-01 8.608663e-01 8.622960e-01 8.670017e-01 8.747955e-01 8.804755e-01 8.859332e-01 8.891616e-01 8.924806e-01 8.984851e-01 9.038986e-01 9.108627e-01 9.158645e-01 9.269339e-01 9.348299e-01 9.385453e-01 9.454315e-01 9.468702e-01 9.525052e-01 9.586842e-01 9.615151e-01 9.655658e-01 9.753141e-01 9.944313e-01 1.005853e+00 1.014488e+00 1.024497e+00 1.042952e+00 1.068359e+00 1.099228e+00 
110 1541 1.755926e-01 1.099164e+00 8.363603e-01 8.363603e-01 8.411466e-01 8.480599e-01 8.532694e-01 8.565563e-01 8.607534e-01 8.618806e-01 8.693237e-01 8.739337e-01 8.803564e-01 8.853265e-01 8.877054e-01 8.926501e-01 8.966389e-01 9.027117e-01 9.106628e-01 9.181350e-01 9.246846e-01 9.329022e-01 9.379817e-01 9.435711e-01 9.470787e-01 9.547209e-01 9.576507e-01 9.624474e-01 9.641453e-01 9.734909e-01 9.922399e-01 1.004240e+00 1.015194e+00 1.023889e+00 1.043329e+00 1.067226e+00 1.099164e+00 
111 1555 1.681166e-01 1.099314e+00 8.352705e-01 8.352705e-01 8.401089e-01 8.465630e-01 8.517070e-01 8.554759e-01 8.600450e-01 8.626110e-01 8.683435e-01 8.721543e-01 8.787935e-01 8.841175e-01 8.860858e-01 8.944038e-01 8.949962e-01 9.020620e-01 9.085973e-01 9.208461e-01 9.235362e-01 9.338870e-01 9.372563e-01 9.438960e-01 9.457288e-01 9.548775e-01 9.555029e-01 9.617639e-01 9.637304e-01 9.717959e-01 9.915960e-01 1.002805e+00 1.015283e+00 1.022002e+00 1.043425e+00 1.065791e+00 1.099314e+00 
112 1569 1.629850e-01 1.099890e+00 8.340092e-01 8.340092e-01 8.385488e-01 8.462140e-01 8.502731e-01 8.543369e-01 8.605513e-01 8.662522e-01 8.685660e-01 8.710990e-01 8.774615e-01 8.845737e-01 8.875022e-01 8.936570e-01 8.960474e-01 9.005345e-01 9.079176e-01 9.209135e-01 9.234035e-01 9.340604e-01 9.377633e-01 9.440304e-01 9.456601e-01 9.540893e-01 9.570747e-01 9.611399e-01 9.619934e-01 9.713332e-01 9.932776e-01 1.000725e+00 1.013713e+00 1.021401e+00 1.042408e+00 1.065567e+00 1.099890e+00 
113 1583 1.596007e-01 1.098763e+00 8.333017e-01 8.333017e-01 8.383817e-01 8.448792e-01 8.501421e-01 8.526062e-01 8.587212e-01 8.648829e-01 8.695002e-01 8.708078e-01 8.760955e-01 8.837457e-01 8.881343e-01 8.926556e-01 8.937790e-01 9.012653e-01 9.071641e-01 9.195708e-01 9.215021e-01 9.338815e-01 9.367500e-01 9.431543e-01 9.479491e-01 9.538037e-01 9.564902e-01 9.609494e-01 9.630144e-01 9.714380e-01 9.933711e-01 9.994138e-01 1.014129e+00 1.026047e+00 1.045195e+00 1.064649e+00 1.098763e+00 
114 1597 1.581656e-01 1.096540e+00 8.328609e-01 8.328609e-01 8.381974e-01 8.439567e-01 8.486107e-01 8.513878e-01 8.572954e-01 8.662095e-01 8.695470e-01 8.714412e-01 8.748500e-01 8.824538e-01 8.908410e-01 8.932161e-01 8.951988e-01 9.009468e-01 9.053756e-01 9.181280e-01 9.204599e-01 9.327583e-01 9.364078e-01 9.409028e-01 9.473764e-01 9.520609e-01 9.549730e-01 9.612775e-01 9.657580e-01 9.726690e-01 9.921730e-01 9.989010e-01 1.016055e+00 1.029469e+00 1.043345e+00 1.065262e+00 1.096540e+00 
115 1611 1.533619e-01 1.094313e+00 8.315276e-01 8.315276e-01 8.363485e-01 8.437308e-01 8.467666e-01 8.537862e-01 8.553926e-01 8.645377e-01 8.674818e-01 8.708173e-01 8.732884e-01 8.814617e-01 8.898949e-01 8.937193e-01 8.949777e-01 9.012211e-01 9.053690e-01 9.162829e-01 9.196801e-01 9.321246e-01 9.355552e-01 9.398613e-01 9.495792e-01 9.510601e-01 9.529143e-01 9.600580e-01 9.662899e-01 9.716970e-01 9.900532e-01 9.970133e-01 1.017239e+00 1.027378e+00 1.041644e+00 1.064317e+00 1.094313e+00 
116 1625 2.045936e-01 1.095346e+00 8.311841e-01 8.311841e-01 8.348176e-01 8.430418e-01 8.452131e-01 8.527074e-01 8.537945e-01 8.633720e-01 8.662398e-01 8.700771e-01 8.730896e-01 8.846903e-01 8.881159e-01 8.934043e-01 8.951093e-01 9.022673e-01 9.042304e-01 9.162769e-01 9.213146e-01 9.332813e-01 9.366119e-01 9.390326e-01 9.498467e-01 9.515135e-01 9.556534e-01 9.581896e-01 9.642581e-01 9.703899e-01 9.881093e-01 9.963628e-01 1.017321e+00 1.026163e+00 1.043001e+00 1.063413e+00 1.095346e+00 
117 1639 1.961244e-01 1.094687e+00 8.319823e-01 8.319823e-01 8.354019e-01 8.418371e-01 8.436505e-01 8.516551e-01 8.526889e-01 8.637832e-01 8.663824e-01 8.686395e-01 8.711933e-01 8.854645e-01 8.870771e-01 8.930642e-01 8.941043e-01 9.027553e-01 9.036123e-01 9.145044e-01 9.208559e-01 9.323266e-01 9.356980e-01 9.381838e-01 9.480727e-01 9.503972e-01 9.551801e-01 9.594663e-01 9.630935e-01 9.704933e-01 9.886885e-01 9.953898e-01 1.017825e+00 1.023658e+00 1.042812e+00 1.065119e+00 1.094687e+00 
118 1653 1.922076e-01 1.095545e+00 8.309439e-01 8.309439e-01 8.343441e-01 8.403104e-01 8.430046e-01 8.499479e-01 8.550575e-01 8.633387e-01 8.645392e-01 8.694801e-01 8.720734e-01 8.851081e-01 8.894085e-01 8.911934e-01 8.962399e-01 9.022320e-01 9.083963e-01 9.134684e-01 9.214260e-01 9.309385e-01 9.357275e-01 9.368732e-01 9.469009e-01 9.484996e-01 9.543316e-01 9.604816e-01 9.622260e-01 9.686667e-01 9.877134e-01 9.975270e-01 1.018442e+00 1.024065e+00 1.044614e+00 1.063778e+00 1.095545e+00 
119 1667 1.886238e-01 1.094423e+00 8.296039e-01 8.296039e-01 8.332399e-01 8.387847e-01 8.419168e-01 8.496391e-01 8.558165e-01 8.621368e-01 8.671488e-01 8.682392e-01 8.711477e-01 8.854604e-01 8.886578e-01 8.899968e-01 8.955659e-01 9.022732e-01 9.106491e-01 9.124905e-01 9.200902e-01 9.294565e-01 9.343655e-01 9.393027e-01 9.454579e-01 9.476621e-01 9.528703e-01 9.605827e-01 9.625262e-01 9.709752e-01 9.872073e-01 9.964719e-01 1.019974e+00 1.023419e+00 1.044785e+00 1.062943e+00 1.094423e+00 
120 1681 1.853055e-01 1.093212e+00 8.283430e-01 8.283430e-01 8.324849e-01 8.371527e-01 8.409926e-01 8.479090e-01 8.553080e-01 8.611601e-01 8.667102e-01 8.683384e-01 8.709384e-01 8.848832e-01 8.874295e-01 8.912509e-01 8.939211e-01 9.013666e-01 9.100775e-01 9.129726e-01 9.197557e-01 9.287122e-01 9.328467e-01 9.383081e-01 9.439909e-01 9.463057e-01 9.510058e-01 9.593332e-01 9.633130e-01 9.695487e-01 9.856429e-01 9.949659e-01 1.019809e+00 1.024576e+00 1.043829e+00 1.062770e+00 1.093212e+00 
121 1695 1.833129e-01 1.091585e+00 8.270233e-01 8.270233e-01 8.314395e-01 8.369821e-01 8.406844e-01 8.472998e-01 8.570698e-01 8.604754e-01 8.653114e-01 8.670085e-01 8.722697e-01 8.830977e-01 8.868094e-01 8.907538e-01 8.923328e-01 9.000870e-01 9.092781e-01 9.139948e-01 9.203068e-01 9.269722e-01 9.322485e-01 9.387113e-01 9.428778e-01 9.490967e-01 9.494529e-01 9.582967e-01 9.669852e-01 9.710798e-01 9.844276e-01 9.931413e-01 1.019549e+00 1.024183e+00 1.042547e+00 1.060647e+00 1.091585e+00 
122 1709 2.510355e-01 1.089856e+00 8.254873e-01 8.254873e-01 8.294646e-01 8.356235e-01 8.394084e-01 8.464675e-01 8.560829e-01 8.598719e-01 8.641244e-01 8.697958e-01 8.722662e-01 8.817023e-01 8.854276e-01 8.907810e-01 8.915345e-01 8.982599e-01 9.082997e-01 9.136721e-01 9.184719e-01 9.252463e-01 9.306901e-01 9.384699e-01 9.414676e-01 9.477027e-01 9.486830e-01 9.576573e-01 9.651530e-01 9.736878e-01 9.826741e-01 9.930600e-01 1.018822e+00 1.023328e+00 1.041437e+00 1.058762e+00 1.089856e+00 
123 1723 2.452514e-01 1.088937e+00 8.238134e-01 8.238134e-01 8.283626e-01 8.348092e-01 8.385840e-01 8.453082e-01 8.541071e-01 8.589468e-01 8.628625e-01 8.679876e-01 8.760777e-01 8.797855e-01 8.834529e-01 8.897546e-01 8.920958e-01 8.999875e-01 9.086769e-01 9.127308e-01 9.180952e-01 9.241690e-01 9.294275e-01 9.376621e-01 9.402382e-01 9.461609e-01 9.495716e-01 9.555699e-01 9.655265e-01 9.778398e-01 9.804251e-01 9.910266e-01 1.018664e+00 1.024880e+00 1.041147e+00 1.057541e+00 1.088937e+00 
124 1737 2.400700e-01 1.086861e+00 8.237813e-01 8.237813e-01 8.263777e-01 8.333732e-01 8.375000e-01 8.445277e-01 8.522413e-01 8.592765e-01 8.637351e-01 8.679263e-01 8.765371e-01 8.789505e-01 8.825240e-01 8.888116e-01 8.928775e-01 9.005252e-01 9.071721e-01 9.131820e-01 9.172741e-01 9.227225e-01 9.296823e-01 9.361312e-01 9.381274e-01 9.446611e-01 9.486279e-01 9.566741e-01 9.645098e-01 9.783925e-01 9.792776e-01 9.905664e-01 1.019276e+00 1.024850e+00 1.040626e+00 1.056952e+00 1.086861e+00 
125 1751 2.335173e-01 1.088662e+00 8.219199e-01 8.219199e-01 8.263608e-01 8.320949e-01 8.364412e-01 8.430129e-01 8.500462e-01 8.575862e-01 8.620395e-01 8.678806e-01 8.757503e-01 8.787112e-01 8.848610e-01 8.870626e-01 8.912554e-01 8.997814e-01 9.056377e-01 9.119937e-01 9.165302e-01 9.209397e-01 9.279565e-01 9.352666e-01 9.367901e-01 9.453862e-01 9.507088e-01 9.544229e-01 9.650095e-01 9.778749e-01 9.805796e-01 9.913963e-01 1.019128e+00 1.023668e+00 1.039175e+00 1.057055e+00 1.088662e+00 
126 1765 2.273442e-01 1.087838e+00 8.200172e-01 8.200172e-01 8.251557e-01 8.307156e-01 8.375091e-01 8.434485e-01 8.489450e-01 8.557547e-01 8.605781e-01 8.669668e-01 8.749084e-01 8.778576e-01 8.835042e-01 8.861288e-01 8.901874e-01 8.992475e-01 9.039352e-01 9.112341e-01 9.158442e-01 9.198998e-01 9.290265e-01 9.340251e-01 9.347429e-01 9.446239e-01 9.494977e-01 9.528769e-01 9.648469e-01 9.762255e-01 9.809412e-01 9.909790e-01 1.017601e+00 1.024788e+00 1.038181e+00 1.060273e+00 1.087838e+00 
