%  columns="iteration, evaluation, fitness, void, void, xrecentbest" (startseed=214173, 2023/08/25 18:56:11.75)
1 15  5.362405241577629340e+02 0 0 5.499895e-01 4.011398e-01 -5.119069e-02 7.783607e-01 3.957533e-01 1.858499e-01 -3.917193e-02 1.021920e+00 9.568661e-01 7.040875e-01 5.623825e-01 8.893862e-01 5.793560e-01 2.010409e-01 6.012152e-01 2.140060e-01 1.318017e-01 3.418131e-01 7.875223e-01 4.981573e-01 1.977082e-01 3.753818e-01 8.571351e-01 5.645393e-01 5.045182e-01 2.952556e-01 1.222365e-01 6.727358e-01 3.142286e-01 5.884604e-01 8.124173e-01 6.806121e-02 3.453247e-01 1.262351e-01 
2 29  7.070577027700813915e+02 0 0 6.291562e-01 1.097872e+00 -2.304991e-01 5.250123e-01 7.479106e-01 2.441684e-01 -2.540960e-01 6.276666e-01 7.206808e-01 1.100801e+00 2.898928e-01 -7.411838e-02 5.779223e-01 -1.216106e-01 8.266716e-01 -3.241355e-01 1.070376e+00 1.004356e+00 1.186174e+00 8.783522e-01 1.614380e-01 2.567644e-01 1.247088e+00 5.529295e-01 1.619180e-01 6.326151e-01 8.871891e-01 8.508360e-01 -1.423852e-01 7.894106e-01 7.372223e-01 4.089077e-01 -1.544447e-02 -2.598584e-01 
3 43  1.000000000000000000e+05 0 0 1.809531e-01 7.330027e-01 -3.267388e-01 3.219535e-01 3.122175e-01 8.453821e-01 -4.331361e-01 5.706107e-01 3.968139e-01 8.328347e-01 7.202134e-01 8.627824e-01 1.076134e-01 1.459464e-01 1.211063e+00 5.675386e-02 9.712773e-01 9.013703e-01 8.460952e-01 9.129962e-01 1.031993e-01 -1.518558e-01 9.811113e-01 5.614475e-01 5.913536e-01 3.484068e-01 3.634144e-01 6.437067e-01 3.003891e-02 3.375470e-01 1.352193e+00 3.334114e-01 3.525492e-01 -5.956611e-01 
4 57  1.000000000000000000e+05 0 0 8.042708e-01 7.654211e-01 -5.552901e-01 2.224881e-01 -5.492376e-01 7.625736e-01 2.754989e-01 4.402323e-02 8.045112e-01 5.914883e-01 -2.712266e-02 4.007937e-01 3.840381e-01 3.972302e-01 6.950617e-01 7.073340e-01 6.233055e-01 1.391121e+00 9.647853e-01 1.178459e+00 -1.254767e-01 3.127067e-01 8.625110e-01 6.865844e-01 9.562246e-01 5.838408e-01 6.051883e-01 6.882264e-01 -2.731306e-01 9.209547e-01 7.565332e-01 2.639842e-01 3.202602e-01 5.640932e-01 
5 71  1.000000000000000000e+05 0 0 9.355288e-01 1.072066e+00 -2.214567e-01 1.012305e+00 1.196319e-02 7.925896e-01 4.679378e-02 -4.056704e-02 7.936551e-01 4.567188e-01 3.218293e-02 6.225374e-01 5.629969e-01 4.613263e-01 1.473135e+00 2.883343e-02 3.680954e-01 5.822518e-01 8.882216e-01 7.071274e-01 5.666173e-01 3.530208e-01 8.523876e-01 8.224251e-01 1.929002e-01 7.662522e-01 6.946654e-01 3.222380e-01 2.463882e-01 7.760954e-01 9.880887e-01 -3.381939e-01 -9.564689e-02 -4.444623e-01 
6 85  1.000000000000000000e+05 0 0 7.661807e-01 3.013079e-01 -2.994657e-01 5.438917e-01 4.864767e-02 3.105437e-01 2.643484e-02 -5.386420e-02 8.118756e-01 2.735841e-01 3.351031e-01 -2.052406e-02 6.750720e-01 -2.768624e-01 1.236849e+00 2.131142e-01 1.013654e+00 8.517728e-01 3.193191e-01 5.940861e-01 4.514488e-01 5.960498e-01 3.868546e-01 6.676492e-01 9.154279e-01 7.376710e-01 6.642589e-01 1.021897e+00 5.812737e-02 1.081945e+00 1.166373e+00 -7.735545e-02 2.253369e-01 5.551377e-01 
7 99  1.000000000000000000e+05 0 0 4.157553e-01 6.509434e-01 -1.021605e-01 6.234645e-01 1.287365e-02 4.586978e-01 4.051274e-01 1.845539e-01 9.831449e-01 1.015449e+00 1.291911e-01 1.297394e-01 6.370263e-01 -2.484603e-02 9.421490e-01 -1.713161e-01 1.039496e+00 2.880941e-01 5.280569e-01 7.101499e-01 4.758374e-01 6.699889e-01 5.105301e-01 6.870958e-01 6.883064e-01 5.340610e-01 3.934837e-01 1.091346e+00 1.310719e-01 8.580114e-01 1.161027e+00 -3.157697e-01 5.452909e-01 -4.529882e-01 
8 113  1.000000000000000000e+05 0 0 9.852650e-01 6.955695e-01 -3.803010e-01 9.086542e-01 5.646296e-01 6.202674e-01 1.661574e-01 -8.489965e-02 1.103745e+00 1.131198e+00 -7.857341e-02 3.935657e-01 9.156358e-01 4.627766e-01 9.022790e-01 3.692857e-01 8.059513e-01 3.621401e-01 4.803825e-01 1.281269e+00 2.141990e-01 7.057754e-01 3.116260e-01 7.998390e-01 1.026297e+00 7.975479e-01 6.715173e-01 7.718129e-01 1.907291e-01 9.921938e-01 8.300253e-01 3.717134e-01 -5.650737e-01 -1.217164e-01 
9 127  1.000000000000000000e+05 0 0 1.096230e+00 3.637586e-01 -2.060014e-01 8.462225e-01 6.805313e-02 8.708599e-01 1.804921e-01 1.383125e-01 1.069845e+00 7.196856e-01 1.388412e-01 3.193107e-01 4.912725e-01 7.702798e-02 8.381263e-01 2.595075e-01 3.549613e-01 6.698356e-01 3.572262e-01 9.893199e-01 -3.122307e-01 4.477015e-01 5.815828e-01 5.110230e-01 1.079667e+00 8.381179e-01 -3.623798e-02 4.673347e-01 -1.284893e-01 7.880929e-01 8.099400e-01 1.812747e-01 -1.478851e-01 -1.100891e-01 
10 141  1.000000000000000000e+05 0 0 2.530277e-01 7.145746e-01 3.037112e-02 9.704701e-01 4.578496e-01 8.681942e-01 2.507804e-01 6.984229e-02 1.283589e+00 7.459453e-01 2.128836e-01 4.141016e-01 1.280591e+00 2.051770e-01 8.296907e-01 1.334221e-01 5.476298e-01 5.303073e-01 2.251973e-01 9.144873e-01 1.119513e-01 5.961096e-01 2.894405e-01 2.237897e-01 6.021789e-01 9.955122e-01 1.387963e-01 5.139484e-01 4.077565e-01 7.288082e-01 1.114440e+00 2.519227e-02 2.286672e-01 1.861200e-01 
11 155  1.000000000000000000e+05 0 0 6.178713e-01 9.276929e-01 -1.285750e-01 9.912236e-01 1.554253e-01 2.727849e-01 4.043557e-01 -3.875681e-01 8.965390e-01 1.365803e+00 4.017651e-01 2.970247e-01 1.017778e+00 3.293787e-01 6.418959e-01 2.238332e-01 3.888939e-01 8.456910e-01 6.050703e-01 6.647012e-01 9.574383e-02 5.763386e-01 6.194508e-01 5.003133e-01 9.621386e-01 8.180530e-01 -5.479810e-02 6.220767e-01 5.307013e-01 7.333674e-01 4.818969e-01 -1.531810e-02 -7.829081e-02 2.462861e-01 
12 169  1.000000000000000000e+05 0 0 6.762569e-01 2.825401e-01 -1.869504e-01 5.743429e-01 2.880284e-01 -2.255746e-02 3.632524e-01 -3.667565e-03 6.464848e-01 8.225740e-01 2.937500e-01 -4.961889e-02 1.094185e+00 4.185274e-02 6.119738e-01 -3.038524e-01 6.490464e-01 7.073885e-01 -5.152509e-03 6.573490e-01 1.635309e-01 3.197936e-01 2.857434e-01 2.710299e-01 3.391479e-01 9.177352e-01 1.243140e-01 5.974691e-01 1.220929e-01 9.894363e-01 1.267473e+00 -9.476543e-02 2.633064e-01 2.912942e-01 
13 183  1.000000000000000000e+05 0 0 5.426563e-01 6.100311e-02 -1.061717e-01 5.528166e-01 -3.291778e-02 1.735514e-01 -9.876955e-03 -1.496794e-01 7.159208e-01 8.500701e-01 1.945502e-01 -6.056562e-02 9.054031e-01 -3.411799e-01 7.465261e-01 -7.833586e-02 9.852692e-01 4.008919e-01 7.167904e-02 6.229664e-01 2.556115e-01 5.710122e-01 3.174351e-01 -2.009551e-03 7.992471e-01 1.161126e+00 -2.243317e-02 3.245926e-01 7.805358e-02 6.328234e-01 1.066663e+00 3.680107e-01 3.654253e-01 4.178019e-01 
14 197  1.000000000000000000e+05 0 0 2.249147e-01 2.659662e-01 -1.703364e-01 6.516566e-01 1.836359e-01 3.978734e-01 5.364278e-01 5.013658e-01 5.983563e-01 1.057902e+00 5.762809e-01 -8.075959e-02 1.033555e+00 3.479781e-01 7.527314e-01 -2.130035e-01 1.033089e+00 5.189187e-01 -5.965460e-02 8.615741e-01 2.588489e-01 1.069194e+00 8.598266e-01 1.701336e-01 9.313034e-01 5.046146e-01 2.907538e-02 6.234701e-01 2.828127e-02 7.997143e-01 1.341119e+00 -3.178936e-02 2.886258e-01 1.526995e-01 
15 211  1.000000000000000000e+05 0 0 2.007579e-01 4.827467e-01 6.230879e-02 6.126984e-01 3.385577e-01 2.854292e-01 2.699269e-01 1.886008e-01 3.852617e-01 8.968263e-01 2.163768e-01 1.066310e-01 8.318083e-01 2.687098e-01 6.280743e-01 1.611106e-01 6.543046e-01 6.814210e-01 2.008777e-01 8.705327e-01 2.040888e-01 7.428358e-01 6.805302e-01 2.873032e-01 6.103150e-01 7.522300e-01 -2.028448e-01 2.450542e-01 5.992140e-02 9.227459e-01 8.311778e-01 3.143046e-01 3.840926e-01 4.217262e-01 
16 225  1.000000000000000000e+05 0 0 4.238267e-01 3.523168e-01 9.984546e-02 6.967692e-01 2.339717e-01 8.301225e-01 2.927510e-01 3.563482e-01 1.092264e+00 8.233890e-01 4.835835e-01 9.886249e-02 7.798395e-01 6.613912e-01 2.559481e-01 -3.576020e-01 7.411149e-01 8.397321e-01 3.945194e-01 1.061641e+00 -1.214395e-01 8.200475e-01 6.470367e-01 3.874765e-01 6.750178e-01 9.357461e-01 8.924539e-02 6.559985e-01 3.573467e-01 6.244843e-01 1.210790e+00 1.409966e-01 3.809000e-01 4.356270e-01 
17 239  1.000000000000000000e+05 0 0 2.861185e-01 2.716864e-01 4.756285e-02 3.301675e-01 1.342967e-01 6.828702e-01 3.155034e-01 3.529804e-01 9.623567e-01 8.066956e-01 4.231419e-01 2.759601e-01 7.755798e-01 4.084995e-01 9.203844e-01 2.259971e-01 8.191439e-01 7.760084e-01 4.157146e-01 8.239994e-01 4.589816e-01 8.010831e-01 6.408057e-01 3.213361e-01 1.117448e+00 9.797681e-01 4.140109e-02 4.724705e-01 3.145392e-01 4.469723e-01 4.199025e-01 2.278172e-01 4.997161e-01 3.932006e-01 
18 253  1.000000000000000000e+05 0 0 1.182789e-01 3.430131e-01 3.073104e-01 7.188032e-01 -3.983885e-02 3.898699e-01 2.081094e-01 1.880561e-01 4.995563e-01 8.046546e-01 5.996261e-01 2.042827e-01 7.678948e-01 3.345362e-01 4.764590e-01 -6.514880e-02 9.217286e-01 1.016760e+00 9.228342e-01 5.766104e-01 3.661372e-01 6.794457e-01 1.041160e+00 4.226472e-01 8.272760e-01 9.418696e-01 2.057870e-01 7.952675e-01 4.571699e-01 5.553074e-01 7.529430e-01 3.408926e-01 1.132880e-01 5.850737e-01 
19 267  1.000000000000000000e+05 0 0 4.392505e-02 3.759539e-01 1.857305e-01 6.926980e-01 3.811695e-01 6.754884e-01 4.552414e-01 3.161062e-01 9.268385e-01 8.902920e-01 6.268397e-01 4.680989e-01 4.438128e-01 5.916998e-01 4.752443e-01 6.169137e-02 9.726210e-01 8.000880e-01 1.739510e-01 8.096251e-01 6.545476e-01 2.918072e-01 3.072527e-01 5.159522e-01 5.130024e-01 7.778357e-01 4.707155e-01 9.021370e-01 2.191829e-01 6.187367e-01 3.054823e-01 2.113119e-01 3.850493e-01 2.276521e-01 
20 281  1.000000000000000000e+05 0 0 3.163458e-01 1.374986e-01 9.721938e-02 5.653666e-01 1.344402e-01 5.576688e-01 2.306757e-01 3.590124e-01 1.024444e+00 9.141973e-01 4.701598e-01 7.707784e-01 4.308786e-01 4.642190e-01 5.823459e-01 -2.742161e-01 5.560786e-01 6.150319e-01 3.860362e-01 7.461108e-01 4.019826e-01 7.451611e-01 3.706363e-01 2.816175e-01 6.460878e-01 5.508353e-01 1.877075e-01 6.628625e-01 3.955657e-01 4.679149e-01 3.398130e-01 1.250669e-01 5.918846e-01 5.670408e-01 
21 295  1.000000000000000000e+05 0 0 1.255803e-02 3.203105e-01 3.168943e-01 6.309915e-01 2.879831e-01 6.483447e-01 5.324884e-01 -9.565016e-02 7.877455e-01 7.191522e-01 3.452753e-01 1.835345e-01 3.777075e-01 5.168334e-01 4.029766e-01 8.064410e-02 5.586504e-01 7.801182e-01 1.076578e-01 6.092651e-01 7.433716e-01 7.115113e-01 4.167662e-01 7.246679e-01 6.508759e-01 1.143690e+00 1.030922e-01 8.637320e-01 3.779722e-01 3.032206e-01 4.247098e-01 2.961459e-01 6.922856e-01 6.209910e-01 
22 309  1.000000000000000000e+05 0 0 -9.536937e-02 5.055011e-01 5.825114e-01 4.888128e-01 3.035274e-01 5.266361e-01 4.535443e-01 4.581609e-01 2.730061e-01 8.144882e-01 3.065096e-01 5.726146e-01 4.493861e-01 5.225395e-01 1.466134e-01 2.688939e-01 8.841253e-01 5.362233e-01 2.080144e-01 6.997940e-01 4.919950e-01 6.212809e-01 5.720480e-01 4.684529e-01 9.775892e-01 5.133433e-01 2.305458e-01 9.010821e-01 6.045780e-01 3.380573e-01 2.656411e-01 5.131151e-01 4.882009e-01 2.136337e-01 
23 323  1.000000000000000000e+05 0 0 2.217843e-02 3.954885e-01 2.714766e-01 8.076371e-01 2.820518e-01 6.176042e-01 2.662156e-01 3.320696e-01 6.043287e-01 6.686168e-01 3.150249e-01 4.134544e-01 5.337092e-01 7.046229e-01 2.445400e-01 3.344221e-01 8.278447e-01 9.301279e-01 2.915944e-01 8.830035e-01 -6.271438e-03 5.374133e-01 4.844696e-01 4.923173e-01 6.904250e-01 5.426511e-01 8.393345e-02 1.044915e+00 5.145711e-01 4.347534e-01 5.438955e-01 3.708369e-01 5.124885e-01 5.845270e-01 
24 337  1.000000000000000000e+05 0 0 1.166858e-01 3.060631e-01 5.542097e-01 7.817012e-01 -4.422529e-02 6.874012e-01 2.778659e-01 5.314755e-01 7.838591e-01 9.865807e-01 4.814704e-01 4.203322e-01 7.624637e-01 1.117348e+00 6.016477e-01 -4.964486e-02 7.993259e-01 6.770948e-01 -1.434441e-02 9.079722e-01 2.566262e-01 5.726259e-01 4.286138e-01 8.031317e-02 5.634683e-01 4.079380e-01 1.529408e-01 8.282481e-01 5.373427e-01 5.462468e-01 3.552603e-01 2.835836e-01 6.583480e-01 5.311563e-01 
25 351  1.000000000000000000e+05 0 0 2.556492e-01 3.811145e-02 6.218912e-02 6.722918e-01 4.605181e-01 4.322188e-01 3.435094e-01 3.106976e-01 6.453592e-01 7.184758e-01 2.726317e-01 7.460924e-01 9.963571e-01 4.818433e-01 6.661808e-01 3.742299e-01 6.982898e-01 6.730863e-01 2.044953e-01 7.270149e-01 1.729443e-01 6.478707e-01 2.486838e-01 5.250893e-01 6.913023e-01 3.240824e-01 4.334013e-01 9.351798e-01 6.537967e-01 5.348784e-01 5.308179e-01 4.699200e-01 3.886472e-01 -3.634385e-02 
26 365  1.000000000000000000e+05 0 0 1.531361e-01 1.313947e-01 1.821235e-01 9.426368e-01 2.447186e-01 7.403812e-01 5.220660e-02 3.595300e-01 4.057369e-01 5.253452e-01 3.774870e-01 6.393438e-01 7.785125e-01 7.943805e-01 3.248077e-01 3.178025e-01 1.043191e+00 6.492465e-01 1.368390e-01 7.322009e-01 1.919970e-01 3.958577e-01 1.742707e-01 4.319551e-01 4.780944e-01 3.175485e-01 1.852998e-01 7.126255e-01 7.795846e-01 5.556936e-01 4.052366e-01 6.534780e-01 4.738922e-01 -9.850447e-02 
27 379  1.000000000000000000e+05 0 0 -4.724002e-02 4.405048e-01 2.108131e-01 4.980947e-01 2.148534e-02 1.048865e+00 3.435750e-01 5.340067e-01 6.589319e-01 9.049442e-01 2.713993e-02 7.424080e-01 7.587509e-01 4.427379e-01 1.005963e+00 4.746561e-01 7.924047e-01 9.046210e-01 8.626730e-02 9.120643e-01 6.265902e-02 2.322221e-01 2.257251e-01 4.717718e-01 6.475795e-01 2.080880e-01 5.152981e-01 8.687341e-01 8.358231e-01 5.591253e-01 3.632953e-01 4.850435e-01 4.964513e-01 3.052121e-01 
28 393  1.000000000000000000e+05 0 0 -1.327055e-01 1.485999e-01 4.434827e-01 6.214123e-01 3.571966e-01 4.087085e-01 3.959712e-01 1.503364e-01 4.292095e-01 5.642399e-01 4.541608e-01 9.684173e-01 9.602919e-01 6.394858e-01 6.887838e-01 3.866667e-01 6.986823e-01 5.795652e-01 1.399511e-01 1.078415e+00 4.406641e-01 5.785254e-01 5.287874e-01 4.362914e-01 3.869187e-01 7.376664e-01 1.281026e-01 6.915104e-01 9.153367e-01 1.286140e-01 4.649042e-01 3.963510e-01 4.862651e-01 1.707006e-01 
29 407  1.000000000000000000e+05 0 0 2.424736e-01 6.861535e-01 3.730053e-01 7.725317e-01 3.975551e-01 6.296691e-01 1.094312e-01 4.603169e-01 2.916571e-01 8.148332e-01 3.051412e-01 6.798119e-01 6.944508e-01 6.838918e-01 6.217897e-01 4.423033e-01 7.395355e-01 3.990991e-01 2.889218e-01 7.861549e-01 2.985012e-01 2.021181e-01 6.412309e-01 5.048448e-01 9.155380e-01 3.043004e-01 1.776434e-01 6.636856e-01 1.006114e+00 3.917287e-01 4.511191e-01 1.154991e-01 4.875179e-01 3.182209e-01 
30 421  1.000000000000000000e+05 0 0 2.737202e-01 3.467994e-01 4.522530e-01 3.190608e-01 1.554973e-01 6.667685e-01 4.195754e-01 7.674198e-01 4.718768e-01 7.026590e-01 4.580029e-01 7.223191e-01 6.652840e-01 3.417414e-01 5.831546e-01 5.521317e-01 6.831844e-01 3.991427e-01 1.308080e-01 8.331130e-01 3.616301e-01 4.058982e-01 5.219366e-01 5.291480e-01 7.520406e-01 2.598921e-01 6.395930e-01 9.805332e-01 8.472894e-01 6.103125e-01 6.061093e-01 2.626249e-01 5.597257e-01 1.013069e-01 
31 435  1.000000000000000000e+05 0 0 6.863787e-01 1.442491e-01 3.929104e-01 6.055511e-01 1.136259e-01 5.331860e-01 1.198622e-01 4.236320e-01 5.423850e-01 8.665614e-01 5.581324e-01 6.535629e-01 6.275328e-01 2.499565e-01 8.065663e-01 5.281649e-01 5.521474e-01 2.188879e-01 2.386072e-01 1.050794e+00 2.502661e-01 -7.118099e-02 2.083161e-01 5.752379e-01 3.203359e-01 3.125154e-01 2.510267e-01 1.193219e+00 4.977964e-01 1.871529e-01 4.423601e-01 9.739938e-02 4.355480e-01 2.431216e-01 
32 449  1.000000000000000000e+05 0 0 4.578258e-01 7.666833e-02 -2.705851e-02 7.843228e-01 1.029096e-01 6.875765e-01 3.261333e-02 5.557090e-01 8.205004e-01 9.774132e-01 4.666100e-01 1.018036e+00 6.486558e-01 3.996494e-01 4.360358e-01 4.995541e-01 5.275006e-01 5.309990e-02 4.087964e-01 5.110208e-01 4.604153e-01 5.049898e-01 5.046967e-01 4.911252e-01 9.187848e-01 4.909486e-01 9.683433e-01 8.988143e-01 7.249510e-01 9.900054e-02 2.544637e-01 6.557367e-01 2.628850e-01 5.416364e-01 
33 463  1.000000000000000000e+05 0 0 3.334247e-01 1.853537e-01 2.033894e-01 1.002785e+00 1.180611e-01 7.230621e-01 3.429671e-01 6.368343e-01 4.840047e-01 9.363601e-01 2.790563e-01 8.730313e-01 6.018739e-01 4.438060e-01 2.831668e-01 3.592298e-01 8.641518e-01 1.768253e-01 2.071752e-01 6.272312e-01 5.693413e-01 2.180883e-01 2.689716e-01 1.718242e-01 6.742826e-01 4.244768e-01 7.200312e-01 6.445345e-01 6.058802e-01 3.101857e-01 8.546257e-02 3.229831e-01 6.039901e-01 1.963145e-01 
34 477  1.000000000000000000e+05 0 0 4.512831e-01 5.925755e-01 1.628140e-01 6.200406e-01 -1.432328e-01 2.019271e-01 9.366024e-02 5.095285e-01 4.525130e-01 7.588008e-01 3.798392e-01 7.346223e-01 7.765313e-01 3.879595e-01 3.302696e-01 4.988407e-01 6.809393e-01 4.294515e-01 3.368064e-01 6.539267e-01 3.979204e-01 3.845923e-01 3.654659e-01 3.008207e-01 8.142595e-01 4.851920e-01 7.636365e-01 7.241330e-01 7.941557e-01 3.113997e-01 -7.970713e-03 6.762014e-01 1.381517e-02 3.013914e-02 
35 491  1.000000000000000000e+05 0 0 4.747416e-01 3.499767e-01 2.126406e-01 3.182857e-01 2.081525e-01 5.808734e-01 2.354865e-01 4.362699e-01 8.182358e-01 7.413540e-01 3.486244e-01 8.513974e-01 5.981023e-01 3.162210e-01 2.017550e-01 1.259648e-02 9.174716e-01 3.984987e-01 8.865899e-02 7.401529e-01 4.027734e-01 3.750379e-01 5.506282e-01 3.785369e-01 6.181884e-01 4.679919e-01 4.089460e-01 5.849302e-01 8.850634e-01 5.089023e-01 -2.363434e-02 6.719740e-01 3.790525e-01 1.458454e-01 
36 505  1.000000000000000000e+05 0 0 4.649635e-01 2.377864e-01 1.089060e-01 5.237745e-01 1.460875e-01 6.842238e-01 -6.782207e-02 3.545484e-01 6.011246e-01 8.643242e-01 4.038030e-01 6.727961e-01 6.497131e-01 3.256826e-01 2.480763e-01 2.786334e-01 1.125458e+00 4.334553e-01 2.320945e-01 7.827119e-01 2.859016e-01 5.535068e-01 6.265738e-01 6.301154e-01 5.485546e-01 4.279417e-01 2.920093e-01 7.245911e-01 9.091179e-01 1.076984e-01 2.677869e-01 3.815371e-01 2.705744e-01 9.944020e-02 
37 519  1.000000000000000000e+05 0 0 3.778764e-01 4.617888e-01 2.206274e-01 4.033500e-01 2.146734e-01 5.591503e-01 2.769951e-01 5.526632e-01 3.781577e-01 7.955595e-01 1.438480e-01 7.018521e-01 7.393326e-01 3.329329e-01 1.550358e-01 3.353404e-01 8.573207e-01 9.091128e-02 2.806845e-01 6.444838e-01 4.109904e-01 6.381998e-01 5.234001e-01 2.074951e-01 7.975473e-01 4.395588e-01 4.973882e-01 9.453922e-01 8.448158e-01 2.686044e-01 -2.016077e-01 5.853175e-01 2.701066e-01 3.253250e-01 
38 533  1.000000000000000000e+05 0 0 6.027900e-01 3.905452e-01 4.247149e-01 2.735612e-01 1.997318e-01 4.266925e-01 4.085766e-01 3.046827e-01 2.567694e-01 7.999130e-01 3.837003e-01 4.647105e-01 5.015001e-01 4.875010e-01 5.942483e-01 2.809515e-01 6.129034e-01 1.044436e-01 4.512725e-01 7.147150e-01 2.209643e-01 5.590687e-01 7.933341e-01 4.200319e-01 8.818052e-01 2.033736e-01 3.295833e-01 7.101703e-01 8.773822e-01 4.126486e-01 2.157728e-01 -2.937972e-03 6.328349e-01 4.182933e-01 
39 547  1.000000000000000000e+05 0 0 9.069780e-01 1.949999e-01 4.683627e-01 3.397879e-01 8.432983e-02 4.060373e-01 2.309786e-01 1.850589e-01 4.417664e-01 6.558897e-01 3.468051e-01 3.480559e-01 8.309724e-01 1.621079e-01 1.551460e-01 1.671224e-01 7.096716e-01 1.443779e-01 3.614419e-01 7.234129e-01 4.184143e-01 7.562876e-01 6.638536e-01 6.658227e-01 3.878636e-01 1.556116e-01 2.056510e-01 7.493573e-01 7.967180e-01 4.675175e-01 3.501398e-01 1.439898e-01 3.005955e-01 -6.050744e-02 
40 561  1.000000000000000000e+05 0 0 7.603250e-01 2.915037e-01 1.989822e-01 6.774860e-01 -2.420099e-02 4.844315e-01 4.687433e-01 4.949918e-02 2.902873e-01 6.735303e-01 6.239885e-01 4.019778e-01 6.889452e-01 -6.709574e-02 2.781709e-01 2.164564e-01 7.027329e-01 1.831339e-01 6.590781e-01 7.842145e-01 1.819170e-01 5.982525e-01 9.402702e-01 5.176647e-01 6.638660e-01 3.602545e-01 2.937056e-01 9.835908e-01 6.094980e-01 7.309349e-01 -4.800253e-02 2.287187e-01 1.773366e-01 8.331987e-02 
41 575  1.000000000000000000e+05 0 0 1.050670e+00 2.965399e-01 8.264347e-02 3.900446e-01 3.479908e-01 1.972081e-01 6.969492e-01 1.499220e-01 5.183976e-01 5.759308e-01 6.386336e-01 3.453370e-01 4.607735e-01 6.912967e-01 8.528617e-02 2.177704e-01 8.999927e-01 5.783071e-01 2.313895e-01 7.699012e-01 2.430611e-02 5.740436e-01 7.416259e-01 8.482209e-01 5.624568e-01 5.970535e-01 2.106722e-02 1.142585e+00 8.996673e-01 6.895379e-01 2.380681e-01 2.934787e-01 3.018137e-01 4.211493e-01 
42 589  1.000000000000000000e+05 0 0 8.027974e-01 3.188429e-01 2.974941e-01 4.715486e-01 1.489588e-01 9.495902e-01 6.491157e-01 5.821503e-02 1.440362e-01 4.499434e-01 4.906536e-01 4.010290e-01 7.627147e-01 2.500467e-01 4.311819e-01 3.487671e-01 6.028619e-01 5.023483e-01 2.159762e-01 1.143306e+00 5.542221e-02 4.049180e-01 7.393401e-01 7.365898e-01 5.132577e-01 3.530342e-01 -3.710552e-02 8.711913e-01 5.655968e-01 4.069091e-01 -4.473745e-02 -1.361479e-01 4.699167e-01 4.670321e-01 
43 603  1.000000000000000000e+05 0 0 8.922637e-01 3.372646e-01 4.032038e-01 1.321853e-01 2.614844e-01 6.202421e-01 4.806699e-01 3.566872e-01 4.811283e-02 7.727885e-01 5.420637e-01 3.269159e-01 4.571991e-01 6.231877e-01 2.607419e-01 1.593816e-01 5.263588e-01 3.773556e-01 6.862327e-02 8.556516e-01 5.132382e-01 3.755966e-01 7.296367e-01 5.526419e-01 5.218983e-01 3.991180e-01 6.265936e-02 7.913028e-01 4.815606e-01 5.317698e-01 3.706189e-01 6.402192e-02 3.722640e-01 1.930884e-01 
44 617  1.000000000000000000e+05 0 0 8.161860e-01 3.193347e-01 3.124914e-01 4.244675e-01 1.153762e-01 3.711059e-01 5.172066e-01 4.177155e-01 1.535117e-01 9.438987e-01 6.571322e-01 3.921585e-01 5.859881e-01 2.743377e-01 1.975104e-01 2.384255e-02 5.298699e-01 2.094837e-01 1.228312e-01 6.908343e-01 6.384030e-01 5.467950e-01 1.002142e+00 2.973104e-01 7.837006e-01 3.944411e-01 9.054960e-02 5.511903e-01 5.366483e-01 6.068702e-01 1.803184e-01 1.402904e-01 5.043948e-01 2.728570e-02 
45 631  1.000000000000000000e+05 0 0 7.999238e-01 5.672022e-01 -5.402339e-02 2.572688e-01 3.797268e-01 6.936059e-01 6.892963e-02 5.974029e-01 2.180532e-02 6.860188e-01 6.077295e-01 5.045629e-01 3.705628e-01 5.141990e-01 4.067853e-01 3.686994e-01 3.691567e-01 1.678044e-01 3.254753e-01 5.140518e-01 4.405293e-01 1.998789e-01 5.195251e-01 5.107584e-01 4.919573e-01 2.904598e-01 8.597712e-02 7.353258e-01 3.529700e-01 4.219112e-01 3.259294e-01 1.059931e-01 1.241869e-01 2.785044e-01 
46 645  1.000000000000000000e+05 0 0 1.035216e+00 7.566997e-01 1.665829e-01 5.279172e-01 2.514688e-01 5.071029e-01 8.694546e-01 1.750543e-01 3.337141e-01 8.532092e-01 2.664032e-01 5.554790e-01 2.875423e-01 4.337609e-01 9.564516e-03 2.937493e-01 5.697141e-01 1.822479e-01 2.306992e-01 7.613214e-01 5.062137e-01 2.736329e-01 6.294153e-01 5.006808e-01 2.662963e-01 6.809170e-01 2.816710e-01 7.512141e-01 2.868678e-01 3.833552e-01 3.251489e-01 -6.064571e-03 2.244138e-01 1.213362e-01 
47 659  1.000000000000000000e+05 0 0 9.854365e-01 2.395069e-01 3.896178e-01 4.868239e-01 2.456578e-01 9.967302e-01 7.709041e-01 4.690031e-01 2.742005e-01 1.021542e+00 5.760836e-01 9.954451e-01 5.019860e-01 4.404386e-01 1.929322e-01 -4.771278e-02 8.738188e-01 2.757204e-01 4.535127e-01 6.322969e-01 5.602006e-01 1.898641e-01 6.970429e-01 3.543290e-01 5.926301e-01 5.332855e-01 2.005588e-01 6.706728e-01 7.471505e-01 1.242298e-01 3.065753e-01 -6.128367e-02 1.830866e-02 5.020159e-01 
48 673  1.000000000000000000e+05 0 0 9.317172e-01 5.113015e-01 2.158898e-01 6.789754e-01 9.520504e-02 7.285548e-01 7.677450e-01 1.566127e-01 9.042394e-02 8.085776e-01 6.619232e-01 3.771638e-01 3.952642e-01 6.598126e-01 2.440521e-01 1.944631e-01 4.262737e-01 3.346410e-01 2.867717e-01 4.305002e-01 3.567248e-01 4.481617e-01 1.102316e+00 6.364671e-01 5.046471e-01 8.399935e-01 5.700849e-01 9.337904e-01 3.835475e-01 3.475820e-01 3.453199e-01 -1.306142e-01 2.863336e-01 1.354365e-01 
49 687  1.000000000000000000e+05 0 0 7.160217e-01 3.724828e-01 2.559063e-01 6.215169e-01 1.952154e-01 8.790950e-01 8.248231e-01 5.588289e-01 2.416325e-01 6.310224e-01 4.204412e-01 6.538030e-01 5.786215e-01 3.142090e-01 3.313601e-01 3.824360e-01 3.841882e-01 5.765016e-01 4.852018e-02 1.877002e-01 3.825031e-01 3.223617e-01 4.789725e-01 5.398743e-01 4.308204e-01 6.269753e-01 4.178316e-01 1.009457e+00 6.836112e-01 5.845860e-01 2.858153e-01 -1.759277e-01 3.147955e-01 6.219874e-01 
50 701  1.000000000000000000e+05 0 0 8.982216e-01 4.247903e-01 1.126703e-01 7.978193e-01 -3.839448e-02 5.590958e-01 8.537256e-01 2.124541e-01 2.472368e-01 8.431378e-01 3.285005e-01 8.195584e-01 3.916041e-01 1.102460e-01 -8.099714e-02 3.715624e-01 3.679791e-01 6.541435e-01 4.847400e-01 5.239981e-01 6.860698e-01 3.306684e-01 7.207001e-01 2.932682e-01 7.011460e-01 4.901395e-01 1.145488e-01 5.945405e-01 7.449273e-01 6.090063e-01 4.589696e-01 1.165381e-01 9.287944e-02 4.389192e-01 
51 715  1.000000000000000000e+05 0 0 4.098356e-01 7.482548e-01 2.629843e-01 5.859614e-01 -5.003710e-02 6.425180e-01 6.814888e-01 6.706211e-01 2.871076e-01 5.468125e-01 4.601256e-01 6.195302e-01 5.777226e-01 1.035828e-01 2.655141e-01 2.715939e-01 7.772983e-01 7.068311e-01 1.936056e-01 4.643990e-01 6.758371e-01 3.827483e-01 9.214627e-01 7.454403e-01 4.022524e-01 5.460794e-01 5.335437e-01 1.276091e+00 3.554538e-01 2.963887e-01 6.460879e-01 4.058640e-01 2.116445e-01 2.968007e-01 
52 729  1.000000000000000000e+05 0 0 4.814364e-01 7.458163e-01 1.375179e-01 5.566388e-01 -3.806624e-02 7.509500e-01 7.675615e-01 4.461881e-01 2.824397e-01 5.824290e-01 5.084359e-01 5.249384e-01 2.741176e-01 1.546155e-01 1.918719e-01 4.412028e-01 4.820373e-01 6.832260e-01 1.864178e-01 2.951564e-01 7.158256e-01 5.397204e-01 8.738923e-01 5.494453e-01 4.107104e-01 6.353433e-01 1.318477e-01 9.284220e-01 5.174999e-01 7.019099e-01 9.046049e-01 1.069338e-01 6.302356e-01 4.122745e-01 
53 743  1.000000000000000000e+05 0 0 4.688395e-01 8.927037e-01 3.040748e-01 6.654654e-01 1.665341e-01 5.816508e-01 8.730848e-01 1.328202e-01 2.251680e-01 1.005687e+00 6.358767e-01 7.723405e-01 6.080243e-01 2.645872e-02 3.033727e-01 2.107399e-01 2.111411e-01 6.211528e-01 3.219687e-01 5.355871e-01 4.142222e-01 4.394984e-01 7.170781e-01 3.390497e-01 3.721857e-02 4.355209e-01 5.641894e-01 8.759767e-01 4.031377e-01 3.857519e-01 6.322635e-01 2.141126e-01 4.726227e-01 2.872733e-01 
54 757  1.000000000000000000e+05 0 0 4.428184e-01 6.694995e-01 1.048761e-01 4.154634e-01 2.014681e-01 7.846557e-01 7.251119e-01 5.566061e-01 1.527308e-01 6.286599e-01 5.876050e-01 7.332357e-01 3.451014e-01 2.350781e-01 1.495293e-01 5.338453e-01 3.333999e-01 8.416292e-01 3.328441e-01 4.042933e-01 1.632427e-01 6.006207e-01 6.589296e-01 4.606596e-01 2.580296e-01 5.155754e-01 4.239643e-01 8.367821e-01 4.829515e-01 3.383587e-01 5.939948e-01 3.089896e-01 3.732508e-01 1.479072e-02 
55 771  1.852995023346170001e+03 0 0 3.280523e-01 8.784053e-01 3.375061e-01 3.832048e-01 3.642707e-01 5.216416e-01 8.440620e-01 5.995962e-01 2.223675e-01 7.518578e-01 6.535608e-01 6.099124e-01 3.424148e-01 -5.678872e-02 4.994032e-01 5.629026e-01 5.269493e-01 5.931024e-01 5.254904e-01 2.828010e-01 5.700822e-01 3.639591e-01 6.945070e-01 6.555315e-01 2.504633e-01 3.928498e-01 3.989177e-01 8.929631e-01 5.651650e-01 3.322496e-01 7.538018e-01 5.319715e-01 2.329188e-01 3.397486e-01 
56 785  1.000000000000000000e+05 0 0 7.945999e-03 3.414450e-01 2.417382e-01 -8.748265e-04 3.066564e-01 7.672090e-01 6.039976e-01 3.914038e-01 2.526846e-01 7.526783e-01 4.898380e-01 8.311417e-01 3.958267e-01 1.421965e-01 4.441667e-02 4.358847e-01 5.961437e-01 8.772315e-01 2.999135e-01 5.042772e-01 4.320723e-01 5.583499e-01 6.817972e-01 6.182639e-01 4.723433e-01 3.925060e-01 4.759674e-01 8.144858e-01 6.247553e-01 3.682675e-01 5.104482e-01 2.532381e-01 8.059649e-01 2.562138e-01 
57 799  1.000000000000000000e+05 0 0 2.472841e-01 2.514210e-01 1.816281e-01 3.440924e-01 1.697610e-01 6.951763e-01 6.974219e-01 5.793737e-01 1.792409e-01 7.072212e-01 6.234657e-01 7.093919e-01 1.948143e-01 4.688023e-01 1.179170e-01 5.931745e-01 4.270129e-01 9.519128e-01 3.988862e-01 5.149930e-01 3.568007e-01 2.944580e-01 8.482310e-01 5.885336e-01 2.847187e-01 7.537600e-01 1.466894e-01 6.701726e-01 9.561161e-01 3.994982e-01 4.744062e-01 4.046826e-01 6.571944e-01 3.042367e-01 
58 813  1.000000000000000000e+05 0 0 4.478563e-02 5.020951e-01 2.108169e-01 2.754011e-01 1.133792e-01 7.855081e-01 8.320307e-01 2.438303e-01 2.407872e-01 7.743475e-01 2.043471e-01 8.552707e-01 5.061026e-01 5.047581e-01 1.124610e-01 3.804653e-01 3.879328e-01 9.114496e-01 2.501824e-01 2.480032e-01 3.047655e-01 4.363561e-01 9.245784e-01 4.339483e-01 2.363212e-01 6.238761e-01 3.839092e-01 5.065379e-01 7.966304e-01 5.294830e-01 5.125476e-01 3.490073e-01 6.807264e-01 -9.133871e-02 
59 827  1.000000000000000000e+05 0 0 2.682127e-01 3.237819e-01 5.071905e-01 3.225243e-01 3.335011e-01 5.548553e-01 8.828321e-01 3.487092e-01 2.894023e-01 9.848568e-01 6.739333e-01 6.179478e-01 1.247495e-01 4.391731e-01 4.216136e-02 5.150276e-01 7.247052e-01 7.117701e-01 6.928352e-01 6.788338e-01 2.407376e-01 4.053091e-01 8.278761e-01 6.205528e-01 4.335851e-01 5.627056e-01 6.137873e-01 9.261200e-01 7.016469e-01 3.676323e-01 5.546208e-01 6.603518e-01 3.949039e-01 3.483125e-01 
60 841  9.191568031379630384e+02 0 0 1.938320e-01 7.026476e-01 2.984314e-01 3.332180e-01 3.975369e-01 2.494694e-01 5.603494e-01 4.300533e-01 3.819267e-01 9.066504e-01 7.581069e-01 1.016904e+00 -1.701151e-04 1.089330e+00 1.896432e-01 4.700526e-01 8.251103e-01 8.240071e-01 8.986668e-01 6.437772e-01 4.903653e-01 2.185511e-01 1.125486e+00 5.110275e-01 4.476759e-01 4.853463e-01 2.409409e-01 6.327474e-01 6.295232e-01 7.335058e-02 5.265242e-01 1.765413e-01 6.876615e-01 3.470522e-01 
61 855  1.752370437760500408e+03 0 0 8.866292e-04 4.636457e-01 9.446259e-02 5.538247e-01 6.115335e-01 2.966320e-01 4.021075e-01 1.855175e-01 1.098267e-01 7.320472e-01 5.534382e-01 8.676126e-01 -5.428424e-02 3.567795e-01 2.628347e-01 4.291298e-01 2.754471e-01 6.379728e-01 5.330257e-01 8.599934e-01 2.241004e-01 8.056394e-01 8.537672e-01 6.234700e-01 2.324786e-01 8.696829e-01 4.898919e-01 8.193392e-01 5.744570e-01 2.340671e-01 3.573668e-01 2.987492e-01 5.124165e-01 5.796249e-01 
62 869  1.000000000000000000e+05 0 0 3.354202e-01 6.906650e-01 3.058382e-01 3.582422e-01 3.958579e-01 3.290251e-01 7.581554e-01 -1.759293e-01 6.508084e-01 9.438025e-01 5.609622e-01 5.790773e-01 1.306003e-01 -1.069565e-01 4.432267e-01 2.145531e-01 3.728891e-01 5.152931e-01 3.320369e-01 3.553140e-01 1.465319e-01 7.055086e-01 9.977994e-01 5.610823e-01 7.148246e-01 6.100258e-01 3.985036e-01 3.955477e-01 3.687102e-01 4.131428e-02 4.442218e-01 1.767253e-01 -3.442250e-02 5.247141e-01 
63 883  1.000000000000000000e+05 0 0 2.508435e-01 5.679664e-01 6.020227e-01 6.232067e-01 4.390100e-01 6.163171e-01 7.448834e-01 1.067414e-01 6.146773e-01 8.809505e-01 6.233853e-01 8.333052e-01 1.280886e-01 3.320833e-01 -1.241383e-01 5.376687e-01 2.564898e-01 6.333726e-01 4.444673e-01 4.271340e-01 4.614558e-01 2.455022e-01 7.826243e-01 6.335750e-01 4.035932e-01 6.545137e-01 5.153892e-01 5.796431e-01 1.053487e+00 4.266086e-01 4.356676e-01 4.871500e-02 2.739649e-01 4.159678e-01 
64 897  1.995186976301161167e+03 0 0 4.959534e-01 1.372499e-01 2.781678e-01 4.754469e-01 6.837038e-01 3.877667e-01 6.798440e-01 1.408692e-01 7.945886e-01 5.117526e-01 6.228604e-01 8.532854e-01 4.655872e-02 7.623381e-01 1.758099e-01 3.396294e-01 3.240852e-01 5.529154e-01 7.005676e-01 3.174909e-01 4.641462e-01 4.004492e-01 8.056073e-01 1.038750e+00 4.772326e-01 6.311954e-01 5.234237e-01 4.992547e-01 4.948547e-01 5.936075e-01 2.734851e-01 1.531065e-01 4.761806e-01 4.682675e-01 
65 911  1.000000000000000000e+05 0 0 4.093924e-01 5.387977e-01 5.041726e-01 4.460059e-01 5.285956e-01 7.788259e-01 4.463452e-01 1.090476e-01 8.740877e-01 8.352887e-01 5.584608e-01 6.988415e-01 3.158051e-01 4.716780e-01 -1.582479e-01 7.232783e-01 3.826762e-01 3.961640e-01 2.066237e-01 2.219387e-01 4.366154e-01 1.443064e-01 7.434135e-01 7.194200e-02 2.762130e-01 5.226298e-01 3.217019e-01 4.724399e-01 9.338245e-01 4.499350e-01 4.071816e-01 -7.911284e-02 2.814282e-01 5.167362e-01 
66 925  1.000000000000000000e+05 0 0 5.872991e-01 6.542086e-01 6.270027e-01 4.494769e-01 1.734314e-01 6.507228e-01 5.275704e-01 -2.500425e-02 8.789456e-01 8.067137e-01 4.429855e-01 1.001614e+00 3.240708e-01 3.506868e-01 3.946380e-01 5.757729e-01 3.566906e-01 4.421528e-01 1.904681e-01 2.931273e-01 3.321879e-01 2.225309e-01 9.561504e-01 6.716189e-01 4.475672e-01 5.488948e-01 4.750298e-01 7.100161e-01 6.402832e-01 3.574424e-01 3.892689e-01 2.321432e-01 1.148121e-01 5.105585e-01 
67 939  1.000000000000000000e+05 0 0 5.790363e-01 6.424588e-01 7.049965e-01 4.641702e-01 2.072156e-01 8.024438e-01 7.391604e-01 3.050465e-01 8.236984e-01 5.840264e-01 3.361582e-01 1.079171e+00 3.604186e-01 3.889474e-01 3.514690e-01 9.848514e-01 1.982893e-01 4.143578e-01 5.355339e-01 3.975277e-01 4.943232e-01 5.055367e-01 1.244680e+00 7.314020e-01 8.326503e-01 9.169521e-01 2.736213e-01 2.970527e-01 9.357851e-01 1.808605e-01 2.846466e-01 1.748036e-01 6.001789e-01 4.521552e-01 
68 953  1.000000000000000000e+05 0 0 6.661604e-01 8.774019e-01 5.048441e-01 4.435997e-01 3.546681e-01 7.156964e-01 5.399318e-01 2.970231e-01 9.031812e-01 5.699961e-01 3.969651e-01 8.732264e-01 2.217759e-01 4.556603e-01 3.978210e-01 6.638286e-01 6.013066e-01 4.059332e-01 5.748678e-01 1.436073e-01 3.458313e-01 5.271413e-01 6.445757e-01 6.036478e-01 6.573541e-01 7.143594e-01 4.759102e-01 5.667772e-01 7.716697e-01 2.935148e-01 1.501789e-01 2.097526e-01 3.161642e-01 6.688390e-01 
69 967  1.000000000000000000e+05 0 0 8.798240e-01 7.224137e-01 7.603451e-01 -8.241209e-02 2.053389e-01 7.398399e-01 6.610807e-01 4.845610e-01 7.834161e-01 4.002358e-01 1.855138e-01 5.888424e-01 3.397539e-01 2.934984e-01 -7.610189e-02 8.903413e-01 7.172017e-01 4.874318e-01 5.073614e-01 1.174830e-01 2.824980e-01 5.234484e-01 7.633495e-01 8.000105e-01 4.742959e-01 6.262942e-01 1.439238e-01 5.277799e-01 5.880938e-01 2.569994e-01 7.284392e-01 5.652669e-01 9.641918e-02 8.068993e-01 
70 981  1.000000000000000000e+05 0 0 3.318614e-01 1.036872e+00 2.082547e-01 2.093491e-01 4.904821e-01 2.753636e-01 7.798579e-01 9.832205e-02 4.489162e-01 6.032481e-01 8.182504e-01 1.583500e+00 -2.596221e-01 5.580754e-01 4.917169e-02 8.033787e-01 -1.298472e-01 3.307846e-01 7.483486e-01 2.174308e-01 3.169425e-01 5.296877e-01 7.333940e-01 1.068216e+00 8.562008e-01 5.493136e-01 -4.349219e-02 5.785538e-01 8.168691e-01 2.457366e-02 2.958360e-01 2.206358e-01 3.338560e-01 4.225224e-01 
71 995  1.000000000000000000e+05 0 0 5.023450e-01 6.870828e-01 -3.520236e-02 -7.333980e-02 3.275604e-01 4.915379e-01 8.174837e-01 2.198403e-01 7.466671e-01 7.229083e-01 3.644848e-01 1.090065e+00 -3.740857e-02 2.733649e-01 -6.985016e-02 8.176989e-01 1.742687e-01 8.219738e-01 3.980623e-01 6.922109e-02 1.282150e-01 8.107012e-01 5.654451e-01 7.883488e-01 1.517784e-01 9.902439e-01 3.561391e-01 7.443676e-01 5.773576e-01 1.642508e-01 6.314677e-01 4.527505e-02 7.406898e-01 -7.904747e-02 
72 1009  1.000000000000000000e+05 0 0 5.276188e-01 7.153302e-01 7.863098e-01 3.545661e-01 3.653874e-01 3.768291e-01 4.283497e-01 5.083403e-02 6.403402e-01 1.036087e+00 8.139528e-02 4.955708e-01 2.884939e-01 3.007456e-01 9.554781e-02 9.587232e-01 -1.686840e-02 3.981659e-01 3.979372e-01 2.874615e-01 -1.679913e-03 3.458437e-01 8.374957e-01 7.434348e-01 4.024827e-01 1.206161e+00 3.014463e-01 -9.886016e-02 3.475722e-01 -5.325587e-02 2.147424e-01 3.718068e-01 2.787984e-01 3.558717e-01 
73 1023  1.000000000000000000e+05 0 0 7.398411e-01 7.242342e-01 5.111851e-01 7.896934e-02 4.374197e-01 7.612403e-01 4.588729e-01 3.311906e-01 2.157000e-01 5.677034e-01 2.255444e-01 8.566304e-01 1.033423e-01 7.692958e-01 -6.993054e-03 3.043948e-01 3.454307e-01 6.312233e-01 4.099454e-01 4.569387e-01 2.345398e-01 3.915019e-01 5.269568e-01 1.223039e+00 3.058465e-01 9.047657e-01 1.971425e-01 3.811085e-01 5.872844e-01 2.328690e-01 1.093596e-01 6.086013e-01 5.498475e-01 -1.280033e-01 
74 1037  1.000000000000000000e+05 0 0 8.983044e-01 8.919947e-01 3.034691e-01 -5.457098e-02 5.760116e-01 8.264263e-01 4.320635e-01 2.425218e-01 1.502723e-01 7.845896e-01 1.682910e-01 8.152900e-01 4.233157e-02 6.295473e-01 1.870050e-01 5.099766e-01 4.814629e-01 6.462298e-01 -9.765151e-02 1.250587e-01 -2.036628e-02 7.605844e-01 5.239964e-01 9.721930e-01 3.621837e-01 1.345417e+00 5.341972e-01 1.440178e-01 6.935102e-01 1.525231e-01 3.251061e-01 5.215195e-01 3.252748e-01 3.140756e-01 
75 1051  1.000000000000000000e+05 0 0 1.111902e+00 9.289126e-01 5.368417e-01 4.399725e-01 3.597318e-01 8.199816e-01 7.230520e-01 6.513875e-01 5.462768e-01 4.967545e-01 4.522421e-01 1.100753e+00 3.708378e-01 7.570624e-01 2.435297e-02 8.889469e-01 4.581202e-02 6.049113e-01 -1.572090e-01 2.145812e-01 3.046086e-01 5.769962e-01 5.621324e-01 1.150279e+00 1.058742e-01 5.024397e-01 6.582865e-01 3.241425e-01 6.646683e-01 1.214435e-01 1.868586e-01 2.555260e-01 5.857049e-01 -1.575555e-01 
76 1065  1.000000000000000000e+05 0 0 9.899515e-01 6.599560e-01 4.656935e-01 3.350282e-01 4.151254e-01 7.139368e-01 7.098392e-01 2.400244e-01 2.484121e-01 6.461552e-01 2.964471e-01 6.340223e-01 1.108283e-01 9.138247e-01 8.967765e-02 9.004620e-01 4.337699e-01 6.415993e-01 2.742929e-02 -1.624216e-01 4.030633e-01 7.399562e-01 6.415893e-01 9.471925e-01 2.023095e-01 1.061599e+00 5.278524e-01 -2.224021e-01 7.176855e-01 2.884469e-02 -4.564081e-03 5.789018e-01 5.549397e-01 3.242941e-01 
77 1079  1.000000000000000000e+05 0 0 6.585354e-01 8.378928e-01 8.152041e-01 3.705948e-01 -1.433546e-01 8.814232e-01 6.690866e-01 4.666587e-01 5.230923e-01 6.579977e-01 6.988393e-02 9.033343e-01 4.995091e-02 1.019093e+00 1.560163e-01 1.052923e+00 5.166858e-01 5.004836e-01 4.317097e-01 2.805799e-01 4.780474e-01 9.371966e-01 8.806924e-01 6.801186e-01 4.139273e-01 6.850920e-01 5.509675e-01 3.215894e-01 7.941233e-01 -4.769761e-02 2.303207e-01 4.241313e-01 7.202312e-01 4.239314e-01 
78 1093  1.000000000000000000e+05 0 0 5.499446e-01 4.663939e-01 5.473642e-01 5.682939e-01 1.026438e-01 7.549900e-01 4.508300e-01 4.554519e-01 3.172899e-01 4.953748e-01 3.538266e-01 4.503127e-01 9.218855e-02 5.977020e-01 4.134989e-01 8.497904e-01 4.405492e-01 5.644751e-01 1.902161e-01 1.807878e-01 4.381466e-01 7.279314e-01 1.152143e+00 5.230023e-01 4.220410e-01 4.541287e-01 2.410016e-01 2.453349e-01 7.673784e-01 3.293813e-02 -1.062339e-01 4.590940e-01 6.521969e-01 5.018891e-01 
79 1107  1.000000000000000000e+05 0 0 6.681756e-01 4.744624e-01 4.859119e-01 9.231954e-01 -9.324075e-02 7.796291e-01 6.341278e-01 5.100066e-01 3.317674e-01 4.800833e-02 3.594448e-01 5.658951e-01 3.017339e-01 3.650536e-01 8.393738e-02 8.459729e-01 4.085094e-01 1.027494e+00 6.699989e-02 1.739708e-01 3.139866e-01 1.266253e+00 6.146227e-01 6.008211e-01 2.576913e-01 3.785228e-01 3.584741e-01 7.408876e-02 8.724914e-01 8.335505e-02 4.458639e-01 6.268931e-01 5.685654e-01 1.768423e-01 
80 1121  1.000000000000000000e+05 0 0 6.643711e-01 7.474103e-01 8.048257e-01 7.024238e-01 1.426153e-01 9.723185e-01 7.077848e-01 2.791180e-01 5.883745e-01 6.303371e-02 1.068422e-01 6.319503e-01 3.259199e-01 7.430703e-01 1.540287e-01 1.088066e+00 1.688773e-01 6.974779e-01 3.953940e-02 5.133737e-01 -2.672501e-02 6.122361e-01 5.791444e-01 7.258119e-01 1.860396e-01 8.870898e-01 4.749990e-01 1.037786e-01 5.798289e-01 2.332435e-01 2.948230e-01 6.853024e-01 4.600806e-01 4.191940e-01 
81 1135  1.000000000000000000e+05 0 0 6.452314e-01 7.373790e-02 4.110782e-01 7.169380e-01 3.234159e-01 4.442101e-01 5.799029e-01 1.855218e-01 3.934343e-01 1.411593e-01 2.442464e-03 1.047659e+00 1.766685e-01 7.683519e-01 3.145226e-01 6.358193e-01 3.335662e-01 5.981105e-01 -6.620183e-02 6.512142e-02 -9.648494e-02 6.475786e-01 1.048150e+00 7.385766e-01 4.262228e-01 6.299534e-01 1.641789e-01 7.505103e-02 3.550609e-01 1.244296e-01 2.902595e-01 8.213362e-01 6.579624e-01 4.135221e-01 
82 1149  1.000000000000000000e+05 0 0 8.505192e-01 5.881721e-01 3.102477e-01 7.700858e-01 1.169758e-01 7.438465e-01 9.906375e-01 3.908657e-01 8.713289e-01 1.427390e-01 2.201805e-01 6.675563e-02 3.636037e-01 6.866256e-01 3.929297e-01 5.746158e-01 4.302144e-01 8.068581e-01 -2.102262e-01 3.040029e-02 1.122067e-01 7.761610e-01 6.678800e-01 7.712543e-01 4.748153e-01 6.461198e-01 3.999620e-01 3.264358e-01 4.007752e-01 3.222996e-01 -1.154521e-01 8.985304e-01 5.246221e-01 2.504157e-01 
83 1163  1.000000000000000000e+05 0 0 5.777998e-01 4.220261e-01 5.365392e-01 4.645082e-01 1.104037e-02 8.550675e-01 9.393080e-01 5.513543e-01 5.397511e-01 3.762155e-01 3.432521e-01 6.950236e-01 1.711887e-01 7.093849e-01 5.996938e-01 4.586330e-01 2.278160e-01 6.190458e-01 -3.642157e-02 2.677408e-01 4.508842e-02 7.816538e-01 9.964762e-01 6.026086e-01 1.562572e-01 6.810925e-01 8.565396e-02 4.025239e-01 5.034530e-01 -4.919615e-03 1.661244e-01 4.952277e-01 6.626550e-01 4.910939e-01 
84 1177  1.000000000000000000e+05 0 0 6.830239e-01 8.387263e-01 3.565439e-01 7.842636e-01 4.549191e-02 9.383794e-01 6.266304e-01 6.070730e-01 6.375215e-01 3.776840e-02 4.254550e-01 4.758628e-01 2.689618e-01 5.628732e-01 5.824882e-01 5.816566e-01 2.389065e-01 8.184649e-01 4.125018e-01 8.280917e-02 1.376702e-01 5.098653e-01 7.955700e-01 8.132556e-01 2.874980e-01 7.758848e-01 5.920634e-01 6.625724e-02 7.068042e-01 3.786454e-01 2.185780e-01 4.166709e-01 5.129757e-01 1.873881e-02 
85 1191  1.000000000000000000e+05 0 0 7.974359e-01 7.418609e-01 4.211098e-01 8.593230e-01 2.469996e-01 6.565768e-01 6.086159e-01 4.459684e-01 6.228015e-01 2.908074e-01 -9.203519e-03 2.038913e-01 3.451496e-01 4.831842e-01 2.608829e-01 4.872619e-01 -6.273052e-02 8.414656e-01 2.850230e-01 1.479146e-01 -1.836343e-01 7.012510e-01 1.126821e+00 1.114745e+00 2.499279e-01 6.235397e-01 4.056921e-01 2.350869e-01 3.555132e-01 5.826834e-02 3.295613e-01 6.655594e-01 6.802142e-01 5.260442e-01 
86 1205  1.000000000000000000e+05 0 0 8.519585e-01 7.860969e-01 6.688787e-01 7.014567e-01 1.189164e-03 9.372358e-01 8.812368e-01 5.314410e-01 7.720595e-01 -6.774524e-02 1.973811e-01 7.772269e-01 3.811142e-01 4.641205e-01 6.941492e-01 5.291044e-01 3.189031e-01 7.800295e-01 -1.696949e-02 5.078382e-01 1.770743e-01 8.440535e-01 5.570395e-01 9.542547e-01 3.681271e-01 6.334886e-01 5.060478e-05 2.668371e-01 6.272780e-01 5.241185e-01 2.303479e-01 8.134631e-01 1.860724e-01 1.040227e-01 
87 1219  1.000000000000000000e+05 0 0 6.287937e-01 9.061353e-01 1.472489e-01 9.864138e-01 1.000493e-01 4.372449e-01 5.401314e-01 5.164527e-01 9.612319e-01 4.874653e-01 4.662899e-01 5.533901e-01 5.511334e-01 9.124028e-01 8.788090e-01 4.357555e-01 -9.910784e-02 4.570429e-01 -2.270274e-02 5.164465e-01 3.839162e-01 6.892915e-01 7.102857e-01 9.476623e-01 3.863403e-01 9.896909e-01 6.344484e-01 5.147816e-01 2.844826e-01 8.492233e-01 4.641225e-01 4.750211e-01 4.059750e-01 3.842070e-01 
88 1233  1.000000000000000000e+05 0 0 6.905625e-01 6.875354e-01 6.548476e-01 8.329062e-01 3.961412e-01 6.392980e-01 6.597292e-01 4.071059e-01 1.067214e+00 2.929029e-01 5.019477e-01 4.219025e-01 4.645682e-01 8.267540e-01 6.923299e-01 4.340221e-01 2.357588e-01 9.379096e-01 -1.400588e-01 6.817452e-01 1.807453e-02 4.021339e-01 5.191072e-01 9.033472e-01 2.169575e-01 6.436352e-01 1.902757e-01 2.546696e-01 5.152305e-01 5.458661e-01 6.576461e-01 7.274010e-01 6.734082e-01 8.623334e-02 
89 1247  1.000000000000000000e+05 0 0 4.588801e-01 8.199091e-01 1.030208e+00 9.121620e-01 1.386547e-01 5.200645e-01 7.327174e-01 3.592514e-01 9.387594e-01 3.862299e-01 3.336760e-01 1.510055e-01 3.431080e-01 7.332249e-01 6.057804e-01 4.661042e-01 3.863107e-01 1.032332e+00 2.551625e-01 4.237639e-01 2.782227e-01 5.513429e-01 5.724372e-01 8.224745e-01 7.105775e-01 7.599495e-01 8.204013e-01 5.639768e-01 2.897119e-01 5.106178e-01 4.433720e-01 7.885957e-01 4.756640e-01 2.038858e-02 
90 1261  1.000000000000000000e+05 0 0 4.880713e-01 6.427914e-01 5.869544e-01 8.428226e-01 3.162766e-01 6.075730e-01 2.881330e-01 3.182534e-01 6.203974e-01 5.159653e-01 8.409782e-01 1.924333e-01 1.031037e-01 8.300911e-01 5.148522e-01 4.807926e-01 2.359655e-01 6.410443e-01 3.467193e-01 3.708711e-01 2.786462e-02 6.561553e-01 6.764493e-01 7.703909e-01 2.363065e-01 -2.320979e-02 2.771890e-01 4.110420e-01 3.109759e-01 5.917227e-01 2.751544e-01 3.459433e-01 8.565430e-01 7.462629e-02 
91 1275  1.000000000000000000e+05 0 0 4.220375e-01 9.523087e-01 6.724794e-01 6.565430e-01 3.218253e-01 7.455628e-01 5.216738e-02 3.404376e-01 9.804061e-01 6.021247e-01 4.054586e-01 4.326995e-01 3.496436e-01 1.167097e+00 4.551381e-01 5.943109e-01 1.772926e-01 6.875410e-01 -1.713118e-01 4.599551e-01 5.107968e-01 9.893418e-01 4.848488e-01 8.767486e-01 4.253124e-01 6.459874e-02 5.207707e-01 4.702495e-01 4.329535e-01 3.867582e-01 4.241622e-01 8.727510e-01 7.176667e-01 -1.437369e-02 
92 1289  1.000000000000000000e+05 0 0 4.143669e-01 8.564710e-01 3.285373e-01 5.912309e-01 -7.233060e-02 7.158646e-01 5.151025e-01 2.595341e-01 8.158166e-01 3.288904e-01 7.496913e-01 3.257373e-01 6.070352e-02 7.993736e-01 5.427068e-01 5.441679e-01 -1.337372e-03 8.502923e-01 3.919741e-01 4.994588e-01 1.295540e-01 6.648085e-01 8.872253e-01 9.320245e-01 4.201964e-01 2.859309e-01 6.660558e-01 3.628160e-01 3.002500e-01 2.867921e-01 4.973327e-01 8.314460e-01 5.684805e-01 2.385805e-03 
93 1303  1.000000000000000000e+05 0 0 6.785680e-02 9.057392e-01 6.179681e-01 3.996447e-01 4.892702e-02 6.249644e-01 2.521530e-01 2.042318e-01 9.402780e-01 5.339505e-01 5.598201e-01 4.173836e-01 4.236950e-01 9.645102e-01 4.047297e-01 2.799398e-01 7.379829e-02 9.980598e-01 7.522743e-01 7.611922e-01 -2.315400e-02 7.772041e-01 7.481528e-01 1.092293e+00 6.301752e-01 1.483219e-01 6.297707e-01 4.033527e-01 2.885943e-01 6.090471e-01 1.322865e-01 6.193721e-01 5.653978e-01 5.305026e-02 
94 1317  1.000000000000000000e+05 0 0 5.536387e-01 1.024401e+00 7.527306e-01 4.211823e-01 7.559125e-02 4.058406e-01 2.098375e-01 3.687135e-01 9.127555e-01 6.531559e-01 6.434814e-01 -3.387197e-02 2.076461e-01 8.564140e-01 8.977362e-01 4.285250e-01 2.625748e-01 6.933079e-01 4.884369e-01 5.497445e-01 2.665384e-02 6.801185e-01 7.359097e-01 7.834393e-01 6.389106e-01 4.017135e-01 2.785404e-01 3.438537e-01 7.840361e-01 5.359302e-01 -1.058565e-01 4.967435e-01 7.831667e-01 2.612350e-01 
95 1331  1.000000000000000000e+05 0 0 7.962898e-01 1.273875e+00 3.771842e-01 5.807657e-01 1.391049e-01 3.418571e-01 1.173775e-01 8.597482e-02 9.734432e-01 7.752916e-01 6.166888e-01 4.317176e-01 1.674948e-01 7.119213e-01 4.626997e-01 4.939599e-01 3.853249e-01 8.661427e-01 7.257071e-01 6.871717e-01 3.997978e-01 7.521973e-01 6.851334e-01 1.090697e+00 6.675752e-01 3.926930e-01 5.148201e-01 5.411221e-01 5.173442e-01 4.274058e-01 5.071444e-01 4.623279e-01 6.270493e-01 -1.391831e-01 
96 1345  1.000000000000000000e+05 0 0 5.672070e-01 1.006296e+00 6.552457e-01 5.470473e-01 2.413192e-01 8.171800e-01 2.002070e-01 -6.458506e-03 8.333774e-01 5.747925e-01 8.409806e-01 3.457731e-01 4.187549e-01 8.674481e-01 6.563433e-01 6.416063e-01 7.380835e-02 8.647125e-01 2.346063e-01 5.648760e-01 4.187688e-01 5.979756e-01 2.894653e-01 8.433830e-01 6.337917e-01 4.937785e-01 6.426690e-01 5.320657e-01 3.632779e-01 2.461098e-01 9.806433e-02 5.533184e-01 6.449532e-01 5.826845e-01 
97 1359  1.000000000000000000e+05 0 0 6.740710e-01 9.089791e-01 6.323556e-01 6.559797e-01 2.814172e-01 6.544067e-01 3.771421e-01 2.258421e-01 4.532865e-01 8.028330e-01 8.103162e-01 2.865636e-01 3.254119e-01 9.128562e-01 4.234592e-01 2.513300e-01 -1.833441e-02 7.901830e-01 3.743911e-01 9.250402e-01 2.792481e-01 5.959871e-01 6.176814e-01 9.421322e-01 8.660376e-01 2.397037e-01 1.962312e-01 4.574260e-01 6.342641e-01 3.919745e-01 -3.289141e-02 3.071647e-01 6.895467e-01 -5.539818e-03 
98 1373  1.000000000000000000e+05 0 0 2.341970e-01 6.952733e-01 4.376042e-01 5.890037e-01 -1.849027e-01 1.019371e+00 5.597689e-01 4.227028e-01 4.415121e-01 6.341950e-01 7.807402e-01 2.576819e-01 4.254195e-01 7.505493e-01 4.911732e-01 4.809170e-01 2.498019e-01 6.539941e-01 4.242276e-01 6.489416e-01 4.548499e-01 5.837249e-01 5.190704e-01 8.810927e-01 6.300015e-01 3.573111e-01 2.324545e-01 5.294620e-01 4.613574e-01 5.248999e-01 2.321869e-01 4.994221e-01 6.392137e-01 2.939770e-01 
99 1387  1.000000000000000000e+05 0 0 4.289123e-01 6.067911e-01 8.889985e-01 6.455524e-01 8.687332e-02 8.346782e-01 4.771410e-01 4.084696e-01 8.131316e-01 1.004921e+00 7.677502e-01 2.225981e-01 3.385252e-01 8.262432e-01 5.550171e-01 3.324481e-01 4.327831e-01 3.053968e-01 4.585456e-01 7.069426e-01 2.913981e-01 8.618810e-01 4.745936e-01 7.657583e-01 6.398559e-01 4.593989e-01 6.197304e-01 5.055130e-01 2.688298e-01 3.357138e-01 4.444525e-01 4.059789e-01 1.863916e-01 3.935184e-02 
100 1401  1.000000000000000000e+05 0 0 6.725555e-01 6.742889e-01 7.213448e-01 1.798421e-01 1.377948e-01 6.475907e-01 3.580534e-01 4.377750e-01 1.165347e+00 8.425818e-01 5.256321e-01 5.844439e-01 5.143303e-01 9.680563e-01 5.507123e-01 1.180584e-01 3.726489e-01 3.806196e-01 -1.131311e-03 6.427331e-01 5.806878e-01 5.847039e-01 2.816744e-01 4.512113e-01 5.888375e-01 4.634847e-01 4.166324e-01 3.597317e-01 5.494642e-01 5.237721e-01 6.977899e-01 4.377493e-01 7.923116e-02 -2.159172e-01 
101 1415  1.000000000000000000e+05 0 0 2.570131e-01 1.037783e+00 7.751868e-01 7.143974e-01 -7.292133e-02 6.493917e-01 3.075046e-01 6.580817e-01 7.932275e-01 6.116395e-01 7.556447e-01 3.971848e-01 4.218061e-01 6.834506e-01 7.983527e-01 4.659817e-01 3.061686e-01 4.055116e-01 3.210220e-01 8.304107e-01 6.304545e-01 4.874690e-01 5.832683e-01 5.051784e-01 6.628760e-01 4.472340e-01 3.737139e-01 3.608600e-01 4.532427e-01 4.773330e-01 2.820888e-01 3.621459e-01 5.962122e-01 3.504176e-02 
102 1429  1.000000000000000000e+05 0 0 1.211483e-01 9.012941e-01 6.150313e-01 8.324063e-01 5.202346e-02 1.097647e+00 4.733882e-01 4.758379e-01 5.548849e-01 6.562980e-01 5.106626e-01 2.320032e-01 4.282609e-01 6.686743e-01 9.348204e-01 9.027115e-01 6.458231e-01 4.917129e-01 2.084355e-01 5.382879e-01 2.241210e-01 7.584807e-01 4.361839e-01 4.044183e-01 5.680992e-01 3.414925e-01 5.785135e-01 5.245979e-01 5.958747e-01 5.049779e-01 5.536985e-01 3.955080e-01 7.285916e-01 9.243712e-02 
103 1443  1.000000000000000000e+05 0 0 2.544852e-01 6.857366e-01 6.691960e-01 2.644126e-01 2.304301e-01 1.066048e+00 2.128979e-01 7.854408e-01 3.618177e-01 8.358301e-01 7.584615e-01 6.879978e-01 1.094537e-01 8.016982e-01 6.761935e-01 6.249808e-01 5.864316e-01 8.672564e-01 1.480438e-01 6.092846e-01 3.702798e-01 6.884205e-01 6.011678e-01 4.497076e-01 6.296809e-01 2.369381e-01 4.816166e-01 5.516564e-01 2.129874e-01 4.921578e-01 6.834380e-01 5.066569e-01 4.088728e-01 7.083029e-02 
104 1457  1.000000000000000000e+05 0 0 8.444580e-01 7.660937e-01 6.721716e-01 9.046079e-01 2.595738e-01 7.862486e-01 2.368549e-01 4.041160e-01 7.708944e-01 7.918345e-01 6.077368e-01 7.641442e-01 -1.380679e-02 1.048570e+00 6.494804e-01 7.943720e-01 4.523140e-01 6.425900e-01 2.067312e-01 5.771137e-01 3.251892e-01 9.707373e-01 7.679922e-01 6.630743e-01 6.609043e-01 5.121427e-01 6.012040e-01 6.991132e-01 4.944210e-01 3.438718e-01 4.953692e-01 4.003093e-01 5.024482e-01 4.202206e-02 
105 1471  1.000000000000000000e+05 0 0 6.044211e-01 8.994370e-01 7.776248e-01 4.345918e-01 7.255647e-02 6.591664e-01 3.360845e-01 8.266554e-02 4.509131e-01 8.570356e-01 9.260357e-01 5.755071e-01 5.043191e-01 8.137766e-01 8.575822e-01 5.515698e-01 2.449914e-01 7.226912e-01 3.045946e-01 4.433279e-01 3.998734e-01 9.043868e-01 4.820862e-01 3.674313e-01 8.547846e-01 4.796034e-01 2.593647e-01 6.892080e-01 3.283058e-01 5.259121e-01 5.613863e-01 6.421515e-01 5.640186e-01 5.169389e-02 
106 1485  1.000000000000000000e+05 0 0 4.245415e-01 4.544352e-01 3.835985e-01 2.352832e-01 -5.252253e-02 6.929754e-01 2.282801e-01 1.480593e-01 7.334019e-01 1.292817e+00 5.913363e-01 4.113903e-01 6.908533e-01 9.744283e-01 4.069519e-01 4.430726e-01 8.077744e-01 6.286563e-01 4.426705e-01 7.491899e-01 5.967790e-01 7.507643e-01 1.150493e-01 4.878413e-01 7.398578e-01 3.501626e-01 6.400701e-01 4.634355e-01 8.364926e-02 3.474293e-01 5.948450e-01 1.598102e-01 7.413008e-01 -8.496360e-02 
107 1499  1.000000000000000000e+05 0 0 1.089681e+00 8.134041e-01 4.446082e-01 4.328336e-01 5.106506e-01 7.181684e-01 2.615925e-01 1.150995e-01 3.622086e-01 5.995673e-01 8.830228e-01 3.788151e-01 5.486167e-01 7.533729e-01 4.262329e-01 3.893481e-01 5.418818e-01 9.237986e-01 1.996837e-01 3.981481e-01 2.627060e-01 5.209187e-01 3.708709e-01 5.147959e-01 6.804093e-01 3.867976e-01 1.356934e-01 9.057673e-01 9.421569e-01 2.418000e-01 4.995673e-01 5.696812e-01 5.190319e-01 4.738369e-02 
108 1513  1.000000000000000000e+05 0 0 7.623661e-01 9.110621e-01 5.237385e-01 2.814326e-01 2.266187e-01 7.198387e-01 5.053892e-01 1.622942e-01 5.457282e-01 1.038253e+00 6.725598e-01 2.862680e-01 5.919757e-01 6.487442e-01 9.134868e-01 4.331458e-01 7.983219e-01 9.509808e-01 2.441747e-01 3.775422e-01 1.980790e-01 4.561024e-01 6.664541e-01 6.011415e-01 6.784987e-01 6.024017e-01 1.330400e-01 3.288149e-01 7.150881e-01 4.919846e-01 5.196237e-01 3.367805e-01 6.315955e-01 -5.738395e-02 
109 1527  1.000000000000000000e+05 0 0 4.545761e-01 7.582143e-01 5.793325e-01 -9.908988e-02 2.565732e-01 8.052241e-01 4.477232e-01 1.378008e-01 8.489039e-01 1.018085e+00 8.745954e-01 2.837854e-01 2.479769e-01 5.458664e-01 6.360915e-01 3.853031e-01 7.342244e-01 8.738658e-01 6.545333e-02 2.933878e-01 1.859266e-01 5.449861e-01 8.218945e-01 2.972517e-01 8.888197e-01 4.572121e-01 3.127749e-01 4.981983e-01 5.508322e-01 5.768312e-01 4.381157e-01 8.081995e-01 6.001347e-01 -1.020459e-01 
110 1541  1.000000000000000000e+05 0 0 4.434670e-01 4.400238e-01 6.963487e-01 -3.354146e-02 2.168017e-01 7.297495e-01 3.172836e-01 3.189995e-01 6.460567e-01 5.854956e-01 6.964181e-01 -3.503230e-02 6.966879e-01 6.085132e-01 6.085096e-01 7.986083e-01 6.773803e-01 8.340929e-01 1.342327e-01 2.712627e-01 5.528081e-01 9.516112e-01 1.030301e+00 4.765175e-01 8.445754e-01 5.335000e-01 3.643915e-01 6.799553e-01 1.063435e-01 3.988801e-01 5.323414e-01 7.082964e-01 4.202556e-01 7.068891e-02 
111 1555  1.000000000000000000e+05 0 0 3.585996e-01 4.128002e-01 5.218708e-01 3.843226e-01 5.080449e-01 3.290332e-01 1.272964e-01 9.744609e-02 5.620960e-01 8.698168e-01 1.002798e+00 3.752933e-01 5.570733e-01 7.311300e-01 6.758133e-01 5.570415e-01 4.804997e-01 8.499461e-01 -1.243264e-02 2.653085e-01 4.294282e-01 6.313686e-01 9.230425e-01 5.944121e-01 8.458347e-01 3.688182e-01 8.479272e-01 6.906400e-01 4.062286e-01 6.905906e-01 2.973385e-01 6.646537e-01 3.767028e-01 -1.599632e-01 
112 1569  1.000000000000000000e+05 0 0 5.519085e-01 5.788327e-01 8.017660e-01 2.898243e-01 -6.475743e-02 7.807008e-01 2.376333e-01 2.035430e-01 7.065581e-01 7.482007e-01 8.315117e-01 4.129597e-01 5.628649e-01 6.401079e-01 8.132780e-01 3.840167e-01 9.462889e-01 1.042449e+00 2.286540e-01 3.488565e-01 2.102761e-01 6.614990e-01 7.933773e-01 1.683982e-01 1.143878e+00 4.982538e-01 2.258902e-01 1.217991e+00 2.397589e-01 4.881841e-01 4.151597e-01 6.165359e-01 5.025906e-01 7.770489e-02 
113 1583  1.000000000000000000e+05 0 0 5.669272e-01 8.732302e-01 7.660880e-01 5.278659e-02 1.626333e-01 6.291716e-01 2.455157e-01 2.717622e-01 7.021996e-01 5.835486e-01 1.056159e+00 4.639268e-01 8.261630e-01 8.272315e-01 8.520271e-01 3.924191e-01 8.360062e-01 9.312774e-01 1.598628e-01 4.163262e-01 4.282978e-01 4.793534e-01 8.794282e-01 2.612458e-01 5.232364e-01 8.167662e-01 4.896216e-01 8.688198e-01 2.554452e-01 4.389302e-01 5.085909e-01 3.675496e-01 5.926675e-01 3.721291e-01 
114 1597  1.000000000000000000e+05 0 0 4.923338e-01 7.736931e-01 7.516732e-01 2.072484e-01 1.665574e-01 6.509880e-01 2.899998e-01 8.652156e-02 6.089265e-01 8.797613e-01 8.214957e-01 7.993529e-01 9.308788e-01 1.005543e+00 9.496114e-01 1.174295e-01 7.257687e-01 6.654321e-01 3.414383e-01 5.737569e-02 1.862071e-01 8.363084e-01 7.817604e-01 4.694458e-02 7.455765e-01 5.152625e-01 6.882112e-01 6.195816e-01 3.509215e-01 2.362126e-01 4.015373e-01 5.242262e-01 2.956575e-01 -9.442621e-03 
115 1611  1.000000000000000000e+05 0 0 7.278967e-01 4.648840e-01 9.099352e-01 4.531027e-02 1.521269e-01 6.944816e-01 1.819492e-01 6.155890e-01 7.894839e-01 4.906923e-01 7.320022e-01 6.018766e-01 7.894117e-01 9.200556e-01 6.729408e-01 2.518761e-01 6.902426e-01 8.998725e-01 3.202785e-01 4.673575e-01 2.565113e-01 6.972991e-01 6.288950e-01 2.135883e-01 6.572487e-01 7.239643e-01 4.808724e-01 6.582144e-01 5.617605e-01 3.746017e-01 4.054398e-01 2.088020e-01 3.626319e-01 2.539614e-01 
116 1625  1.000000000000000000e+05 0 0 9.267786e-01 7.945837e-01 8.843365e-01 4.240704e-01 5.077030e-02 5.775533e-01 2.190505e-01 4.467784e-01 5.884234e-01 5.003723e-01 8.870505e-01 6.352995e-01 4.752224e-01 8.015019e-01 6.593200e-01 3.751698e-01 7.301817e-01 9.152782e-01 1.721592e-01 5.114854e-01 2.047025e-01 6.382628e-01 6.355802e-01 3.858776e-01 8.053172e-01 8.193067e-01 7.668395e-01 4.649515e-01 4.935493e-01 4.957093e-01 6.319515e-01 1.683262e-01 2.175346e-01 3.788220e-01 
117 1639  1.000000000000000000e+05 0 0 9.465726e-01 7.730726e-01 9.634191e-01 1.347468e-01 3.469676e-01 7.233352e-01 1.981938e-01 5.413729e-01 4.959290e-01 6.969147e-01 7.846625e-01 9.178142e-01 4.107002e-01 7.900893e-01 3.878409e-01 4.223329e-01 6.260052e-01 1.062724e+00 3.579343e-02 2.759526e-01 5.199651e-02 7.030500e-01 5.205289e-01 5.263359e-01 4.801245e-01 4.986380e-01 4.211994e-01 8.696153e-01 4.061960e-01 5.795401e-01 5.340049e-01 5.735617e-01 5.182076e-01 1.332440e-01 
118 1653  1.000000000000000000e+05 0 0 8.307890e-01 7.761995e-01 1.007824e+00 9.538660e-02 4.063962e-01 7.247046e-01 2.020945e-01 4.379958e-01 5.714464e-01 3.754176e-01 6.608342e-01 8.233725e-01 7.667827e-01 7.154444e-01 5.957586e-01 3.901739e-01 6.398850e-01 9.855108e-01 1.026853e-01 5.618705e-01 2.238317e-01 6.608720e-01 6.747044e-01 2.260355e-01 5.842581e-01 8.776213e-01 6.828371e-01 5.331438e-01 5.126187e-01 3.888751e-01 5.536438e-01 3.962297e-01 1.130556e-01 1.704959e-01 
119 1667  1.000000000000000000e+05 0 0 6.144682e-01 7.304024e-01 9.843594e-01 1.428849e-02 2.427489e-01 8.114132e-01 -1.368339e-01 3.021479e-01 3.193080e-01 7.768998e-01 6.294707e-01 5.138160e-01 1.069889e+00 5.924943e-01 4.301944e-01 5.957835e-01 7.915989e-01 9.895937e-01 3.804590e-01 4.311689e-01 5.843442e-01 6.042556e-01 6.174873e-01 2.397377e-01 4.634825e-01 3.232929e-01 4.584255e-01 5.951760e-01 2.659318e-01 2.713027e-01 7.523423e-01 5.209740e-01 4.146395e-01 3.963946e-01 
120 1681  1.000000000000000000e+05 0 0 6.626695e-01 5.688075e-01 3.555420e-01 1.561044e-01 2.486762e-01 8.169637e-01 3.615493e-01 1.838025e-01 5.960269e-01 6.089296e-01 5.846855e-01 6.943983e-01 6.216838e-01 6.499608e-01 2.938458e-01 2.005218e-01 6.590464e-01 7.882828e-01 2.429759e-01 1.915258e-01 2.618511e-01 7.885501e-01 6.106040e-01 1.673452e-01 5.213174e-01 5.135322e-01 6.108286e-01 7.509560e-01 6.534342e-01 3.596567e-01 7.887704e-01 3.165248e-01 2.774681e-01 3.318285e-02 
121 1695  1.000000000000000000e+05 0 0 5.296616e-01 7.484532e-01 3.577620e-01 8.751727e-02 3.981963e-02 8.789301e-01 3.791878e-01 1.570862e-01 7.573081e-01 4.065458e-01 6.579715e-01 7.986146e-01 4.129332e-01 7.001937e-01 6.201758e-01 2.644795e-01 4.422116e-01 6.068973e-01 2.363599e-01 2.289393e-02 7.673393e-01 7.182630e-01 8.584889e-01 2.783452e-01 4.805093e-01 7.347451e-01 6.072290e-01 5.621095e-01 3.089101e-01 3.200511e-02 9.627532e-01 3.639106e-01 2.856707e-02 1.557730e-01 
122 1709  2.613100692721306473e+02 0 0 1.378099e+00 8.652187e-01 5.120492e-01 1.994248e-01 5.669587e-01 2.827557e-01 3.591433e-01 2.400732e-01 -2.015046e-02 2.544209e-01 6.919838e-01 1.327672e+00 2.081100e-01 8.393019e-01 4.150812e-01 6.953961e-01 2.873465e-01 4.958690e-01 5.155994e-01 1.278747e-02 3.620596e-01 3.062196e-01 8.008965e-01 2.388020e-01 5.285707e-01 6.556063e-01 2.630396e-01 4.287193e-01 3.392078e-01 -9.432565e-02 1.103984e+00 3.271541e-01 -1.038342e-01 6.123889e-01 
123 1723  1.000000000000000000e+05 0 0 9.034142e-01 3.711285e-01 5.728124e-01 -9.636794e-02 -2.302078e-01 1.002081e+00 -5.485125e-02 1.837576e-01 9.329431e-01 3.066449e-01 4.575880e-01 9.501245e-01 2.956266e-01 5.649187e-01 4.796817e-01 1.891706e-01 6.684892e-01 2.876703e-01 2.995245e-01 1.775116e-01 1.905961e-01 7.148827e-01 6.382668e-01 -1.045688e-01 1.107042e+00 4.113745e-01 3.342390e-01 4.796277e-01 6.639394e-01 -7.300112e-02 8.318157e-01 -2.238021e-01 2.040572e-01 4.975912e-01 
124 1737  1.000000000000000000e+05 0 0 5.170483e-01 7.019727e-01 4.648927e-01 5.410202e-01 1.148321e-01 7.090236e-01 2.368180e-01 1.149983e-01 8.888323e-01 2.170105e-01 6.786763e-01 9.321681e-01 5.376585e-01 2.077305e-01 4.221485e-01 1.024714e-01 4.312110e-01 6.562465e-01 6.402475e-01 2.821126e-01 9.418303e-01 6.034729e-01 5.238398e-01 -2.619886e-02 7.027309e-01 4.135298e-01 7.772409e-01 7.699530e-01 2.036692e-01 7.632530e-01 1.148023e+00 3.237330e-01 6.789796e-01 1.099052e-01 
125 1751  1.000000000000000000e+05 0 0 1.050296e+00 3.387216e-01 6.795325e-02 1.509474e-02 3.357997e-01 1.027778e+00 2.448388e-01 3.580894e-01 7.335400e-01 -1.567662e-01 6.058211e-01 5.738764e-01 5.229775e-01 2.957274e-01 7.642963e-01 2.620235e-01 4.937895e-01 9.362777e-01 4.336845e-01 2.686729e-01 3.544103e-01 9.804484e-01 3.622900e-01 4.764108e-01 5.925841e-01 6.045561e-01 8.674126e-01 5.538724e-01 5.186872e-01 7.141326e-01 6.555749e-01 3.401987e-01 7.727237e-01 2.263490e-01 
126 1765  1.000000000000000000e+05 0 0 7.324071e-01 9.854775e-01 4.763072e-01 2.122883e-01 -2.972009e-02 8.125769e-01 4.351717e-01 4.880316e-01 1.010672e+00 3.281564e-01 4.568214e-01 5.633500e-01 8.163314e-01 7.059306e-02 8.765072e-01 3.621370e-01 5.894506e-01 7.926166e-01 2.174076e-01 2.412418e-01 3.289717e-01 4.707283e-01 6.373522e-01 1.665111e-01 6.635668e-01 2.787148e-01 5.277588e-01 1.019127e+00 4.652234e-01 4.768965e-01 6.496398e-01 -6.409277e-02 4.425390e-01 4.540148e-01 
127 1779  1.000000000000000000e+05 0 0 8.652908e-01 7.586562e-01 4.167357e-01 2.618954e-01 5.617406e-01 3.867181e-01 2.128296e-01 1.513533e-01 6.497707e-01 3.914749e-01 9.122299e-02 4.900020e-01 8.472549e-01 3.893685e-01 8.021023e-01 -5.350361e-02 4.441731e-01 4.030396e-01 2.999868e-01 2.737425e-01 5.071062e-01 1.931408e-01 3.436166e-01 4.301223e-01 6.276953e-01 4.273999e-01 4.702544e-01 6.531969e-01 2.034561e-01 4.858667e-01 1.218639e+00 4.001077e-01 4.892026e-01 3.235487e-01 
128 1793  1.000000000000000000e+05 0 0 2.184746e-01 8.891070e-01 6.188563e-01 1.622196e-01 1.323629e-01 4.886547e-01 5.377528e-01 4.071661e-01 8.551877e-01 5.814320e-01 1.057322e-02 8.168435e-01 6.498744e-01 3.525004e-01 6.414462e-01 -1.331976e-01 -1.240898e-01 6.508616e-01 -2.576160e-02 4.971804e-01 1.583499e-01 2.884336e-01 1.016901e-01 6.306112e-01 3.553074e-01 3.810530e-01 8.268777e-01 9.376879e-01 5.913624e-01 -2.621458e-02 4.944452e-01 5.562532e-01 8.897652e-01 2.303935e-01 
129 1807  1.000000000000000000e+05 0 0 6.888435e-01 7.868735e-01 2.164652e-01 5.080613e-01 4.250581e-02 1.032747e+00 3.238073e-01 2.133667e-01 5.938901e-01 4.726837e-02 5.136742e-01 1.051010e+00 2.025015e-01 3.158807e-01 9.111011e-01 5.113452e-01 -1.167151e-02 5.588497e-01 2.661526e-01 5.345532e-01 4.858361e-01 7.093697e-01 1.369948e-01 6.732164e-01 7.246827e-01 1.762862e-01 1.085148e+00 4.913245e-01 4.563258e-01 -3.051724e-02 3.512998e-01 4.400688e-01 8.441152e-01 3.307987e-01 
130 1821  1.000000000000000000e+05 0 0 3.838619e-01 6.806459e-01 9.542034e-02 4.245805e-01 2.946071e-01 8.019664e-01 6.143807e-01 -1.293884e-01 1.103827e+00 -9.347925e-02 4.644693e-02 5.958931e-01 4.402879e-01 2.282218e-01 8.844557e-01 5.229048e-01 4.439904e-01 8.302508e-01 5.568075e-01 6.077368e-01 6.613215e-01 6.038989e-01 3.069210e-01 4.794805e-01 6.129567e-02 3.305851e-01 8.885282e-01 1.068369e+00 5.103916e-01 2.869778e-01 2.209447e-01 5.519445e-01 7.945871e-01 6.138784e-01 
131 1835  1.000000000000000000e+05 0 0 5.505960e-01 8.199245e-01 3.224035e-01 4.677729e-01 1.880281e-01 7.609120e-01 7.762451e-01 2.922928e-02 5.338928e-01 5.772529e-01 5.994574e-01 5.193411e-01 1.737912e-01 6.478573e-01 5.031920e-01 4.026716e-01 3.307563e-01 8.718061e-01 3.909728e-01 8.866998e-01 5.109271e-01 4.817181e-01 5.951011e-01 7.970332e-01 4.863192e-01 2.876538e-01 5.894785e-01 6.527781e-01 1.443954e-01 1.872953e-01 6.604614e-01 2.623093e-01 6.103117e-01 6.758112e-01 
132 1849  1.000000000000000000e+05 0 0 4.578415e-01 5.254198e-01 4.198522e-01 7.447965e-01 3.263755e-02 9.173857e-01 4.292605e-01 2.048516e-01 5.833931e-01 7.480516e-01 6.588038e-01 5.863314e-01 -6.921301e-02 5.860369e-01 4.257426e-01 7.682031e-01 2.800544e-01 4.119796e-01 4.179878e-01 8.042919e-01 3.507670e-01 9.005539e-01 4.978721e-01 7.108503e-01 7.711669e-01 3.373583e-01 5.662689e-01 7.139474e-01 4.035610e-01 2.028274e-01 6.281598e-01 5.559799e-01 5.511364e-01 6.391694e-01 
133 1863  1.000000000000000000e+05 0 0 5.033980e-02 3.774655e-01 -2.000574e-02 4.210175e-01 3.414565e-01 5.495540e-01 7.024904e-01 3.652788e-02 2.783757e-01 3.637108e-01 1.005553e+00 5.623043e-01 3.348689e-01 2.979724e-01 4.252306e-01 5.789796e-01 5.529642e-01 1.068975e+00 7.808946e-01 9.348369e-01 5.739259e-01 1.010864e+00 2.131458e-01 3.684421e-01 8.378586e-01 2.116157e-01 3.511163e-01 6.501017e-01 8.828203e-02 6.299681e-02 8.069930e-01 5.039932e-01 3.492481e-01 6.691879e-01 
134 1877  1.000000000000000000e+05 0 0 3.488743e-01 3.264524e-01 4.891811e-01 6.916979e-01 1.743890e-01 1.376984e-01 6.976740e-01 -4.736230e-02 9.419688e-01 3.881373e-01 3.862422e-01 2.411371e-01 5.604789e-01 2.413199e-01 6.894114e-01 8.098793e-01 3.423950e-01 3.908634e-01 1.526157e-01 1.023051e+00 2.661297e-01 6.004747e-01 3.468619e-01 7.597345e-01 4.951588e-01 5.090295e-01 5.849898e-01 4.815171e-01 5.312847e-01 2.638201e-01 6.644556e-01 4.302346e-01 3.240471e-01 7.997620e-01 
135 1891  1.000000000000000000e+05 0 0 6.153918e-01 3.905950e-01 3.025247e-01 5.890613e-01 1.012694e-01 4.925798e-01 7.506549e-01 2.196575e-01 7.946571e-01 4.043567e-03 6.035961e-01 4.972937e-01 5.422280e-01 6.662136e-01 2.978834e-01 1.889991e-01 3.791162e-01 3.574513e-01 3.086310e-01 7.832162e-01 1.917342e-01 5.614113e-01 3.946837e-01 2.680419e-01 7.731851e-01 2.730709e-01 -1.473452e-01 3.118291e-01 2.892101e-01 6.269326e-01 7.270497e-01 2.803768e-02 5.492743e-01 7.031840e-01 
136 1905  1.000000000000000000e+05 0 0 3.760018e-01 3.491132e-01 2.398239e-01 9.262621e-01 5.417145e-01 7.564120e-01 4.278986e-01 -6.847219e-02 8.573763e-01 6.013902e-01 2.084224e-01 3.806425e-01 4.244157e-02 4.926615e-01 3.218770e-01 3.699487e-01 8.572833e-03 4.071404e-01 -8.785573e-02 9.343322e-01 5.913429e-01 5.305139e-01 1.294603e-01 6.695254e-01 6.558429e-01 5.708177e-01 4.536743e-01 4.340622e-01 4.108849e-01 9.933441e-02 2.637243e-01 1.783466e-01 6.612996e-01 1.022983e+00 
137 1919  1.000000000000000000e+05 0 0 5.074803e-01 3.967998e-02 2.078310e-01 6.933354e-01 2.316371e-01 9.300691e-01 9.371026e-01 -7.134070e-02 6.403247e-01 4.706100e-01 -1.795854e-02 6.356611e-02 4.220621e-01 6.618481e-01 3.082317e-01 4.244800e-01 1.763661e-01 1.963714e-01 3.946353e-01 1.038517e-01 5.226413e-01 4.578431e-01 4.411586e-01 1.074963e-01 5.062418e-01 6.053056e-01 5.583275e-01 3.344507e-01 4.890513e-01 4.495718e-01 2.027542e-01 -2.327055e-01 6.370753e-01 6.344791e-01 
138 1933  1.000000000000000000e+05 0 0 3.854340e-01 4.683696e-01 4.900960e-01 7.413840e-01 2.664548e-01 6.453557e-01 2.188077e-01 3.565908e-01 8.615396e-01 3.349395e-01 5.022968e-01 3.886530e-01 4.610740e-01 9.209456e-01 3.301163e-01 5.295697e-01 5.303932e-01 6.563973e-01 3.036057e-01 4.615032e-01 5.501954e-01 6.318335e-01 2.772476e-01 5.354593e-01 1.072317e-02 9.273030e-01 4.490191e-01 9.945354e-01 1.470783e-01 1.375596e-01 3.189427e-01 1.866820e-01 3.043115e-01 9.205272e-01 
139 1947  1.000000000000000000e+05 0 0 4.677400e-01 5.726063e-01 6.782218e-01 4.033555e-01 4.093371e-01 7.188341e-01 2.297125e-01 2.793762e-01 6.897610e-01 3.860243e-01 2.699221e-01 7.506953e-02 5.367685e-01 6.168934e-01 3.003126e-01 3.177020e-01 3.836170e-01 5.158247e-01 2.301701e-01 3.150452e-01 9.758501e-01 5.835613e-01 2.922253e-01 9.225677e-01 7.654943e-02 8.497906e-01 1.075006e+00 1.009202e+00 1.824558e-01 3.818290e-01 2.667655e-01 2.870866e-01 4.289565e-01 8.771296e-01 
140 1961  1.000000000000000000e+05 0 0 3.846723e-01 3.870044e-01 -1.119296e-01 6.676271e-01 9.918209e-02 8.179359e-01 1.734157e-01 6.595772e-01 8.399231e-01 3.288534e-01 2.412459e-01 2.766937e-01 4.674938e-01 5.841257e-01 4.260250e-01 3.410403e-01 9.332020e-01 9.705179e-01 4.121341e-01 5.121297e-01 6.497785e-01 1.006153e+00 2.318777e-01 8.705448e-01 -1.167800e-02 8.062466e-01 3.610719e-01 8.349122e-01 2.583268e-01 3.320235e-01 6.763520e-02 4.645770e-01 1.319809e-01 4.737334e-01 
141 1975  1.000000000000000000e+05 0 0 6.846814e-01 2.913481e-01 1.805397e-01 6.172959e-01 1.267243e-02 7.975719e-01 2.616063e-01 1.329445e-01 6.912365e-01 1.003974e-01 5.139342e-01 4.915703e-02 3.782021e-01 3.900353e-01 2.315649e-01 3.230384e-01 1.144055e+00 7.636969e-01 8.030133e-02 7.147587e-01 6.552023e-01 4.371130e-01 2.377246e-01 8.358196e-01 2.671900e-01 7.891426e-01 2.482735e-01 7.715797e-01 4.467832e-01 3.578239e-01 5.849984e-01 7.049164e-01 2.522176e-01 5.765310e-01 
142 1989  1.000000000000000000e+05 0 0 6.435647e-01 2.113847e-01 -1.644679e-01 4.662413e-01 -5.079526e-02 6.112088e-01 6.995392e-01 3.093061e-01 1.094223e+00 3.661180e-01 4.574696e-01 2.396497e-01 3.259790e-01 5.775981e-01 3.563357e-01 1.968154e-01 7.641860e-01 9.804892e-01 4.763071e-01 1.007297e+00 9.254573e-01 7.539911e-01 3.013357e-01 6.765989e-01 -5.510545e-02 5.642656e-01 3.874187e-01 5.870399e-01 5.163895e-01 2.241000e-01 6.744782e-02 2.779605e-01 3.589840e-01 9.971715e-01 
143 2003  1.000000000000000000e+05 0 0 5.334818e-01 5.749015e-01 1.733166e-01 7.167914e-01 6.864312e-01 7.626892e-01 5.030086e-01 1.996301e-01 9.406892e-01 4.642392e-01 2.175607e-01 1.962157e-01 6.619775e-01 7.921095e-01 2.310005e-01 2.934230e-01 5.819644e-01 1.002739e+00 1.009567e-01 4.362106e-01 5.019371e-01 2.385611e-01 5.038587e-01 7.343085e-01 3.321076e-01 1.180670e+00 7.089694e-01 4.658855e-01 2.424493e-01 5.773341e-01 3.539476e-01 5.197996e-01 2.776455e-01 7.423614e-01 
144 2017  1.000000000000000000e+05 0 0 5.819987e-01 5.076941e-02 3.990547e-01 7.893351e-01 8.080996e-02 9.244553e-01 5.559892e-01 4.888378e-01 7.649092e-01 4.119595e-01 2.324855e-01 3.925275e-01 1.029212e+00 7.263334e-01 2.205522e-01 1.968960e-01 9.457432e-01 7.505318e-01 1.163375e-01 5.359020e-01 7.918704e-01 2.025206e-01 5.142294e-01 4.922307e-01 1.168627e-01 7.385312e-01 3.113265e-01 6.654885e-01 2.219950e-01 7.410522e-01 2.419851e-01 2.564587e-01 3.510425e-01 8.898359e-01 
145 2031  1.000000000000000000e+05 0 0 8.586959e-01 3.750218e-01 6.098094e-01 8.583037e-01 -2.388561e-01 9.121080e-01 4.983633e-01 6.581863e-01 7.575551e-01 4.263684e-01 5.251691e-01 5.974237e-01 5.958497e-01 7.503243e-01 7.056735e-02 -6.383392e-02 5.759807e-01 7.617713e-01 2.835521e-01 6.284250e-01 9.675568e-01 5.953537e-01 6.293201e-01 2.847611e-01 4.293666e-01 9.354611e-01 5.782597e-01 4.895667e-01 -1.188547e-01 8.075383e-01 -1.040855e-01 2.197158e-01 3.136383e-01 5.334555e-01 
146 2045  1.000000000000000000e+05 0 0 3.215576e-01 2.960077e-01 4.769442e-01 5.589497e-01 -3.922553e-02 7.018150e-01 4.692445e-01 3.315986e-01 8.504648e-01 6.353911e-01 -2.094241e-02 4.736948e-01 5.021699e-01 6.872947e-01 1.009590e-01 2.678249e-01 6.528792e-01 1.040317e+00 1.149246e-01 8.775894e-01 1.037903e+00 3.169439e-01 6.767604e-01 6.707146e-01 2.286389e-01 7.265644e-01 5.520435e-01 5.037904e-01 3.381474e-01 6.873897e-01 -1.631719e-01 5.039560e-01 2.414608e-01 4.288720e-01 
147 2059  1.000000000000000000e+05 0 0 6.857492e-01 6.338602e-02 2.746024e-01 3.856656e-01 4.574889e-01 8.732299e-01 5.624352e-01 1.096131e-01 5.653516e-01 8.390640e-01 2.360925e-01 2.997429e-01 1.038606e+00 7.469693e-01 6.879611e-02 2.190498e-01 9.461446e-01 4.343210e-01 4.327185e-01 6.702888e-01 5.110915e-01 5.063073e-01 6.733695e-01 1.688350e-01 4.022799e-01 8.531740e-01 1.041651e+00 2.374779e-01 3.935917e-01 5.715549e-01 -1.424529e-02 2.839986e-01 2.581842e-01 9.868992e-01 
148 2073  1.000000000000000000e+05 0 0 3.286103e-01 3.481653e-01 3.426800e-01 9.373916e-01 4.443502e-01 8.574738e-01 4.587172e-01 4.716756e-01 6.153579e-01 6.407536e-01 3.799434e-01 6.397950e-02 9.047115e-01 5.745339e-01 7.444194e-01 1.786369e-02 9.664354e-01 4.659007e-01 3.182716e-01 8.696999e-01 9.823726e-01 3.507592e-01 5.378449e-01 5.066030e-01 5.816805e-01 1.132372e+00 1.011132e+00 4.500572e-01 2.718477e-01 3.492024e-01 -7.808073e-02 6.719567e-03 2.347642e-01 6.454740e-01 
149 2087  1.000000000000000000e+05 0 0 4.131203e-01 1.216180e-01 2.193406e-01 4.130233e-01 3.228850e-01 7.034244e-01 2.704098e-01 3.604954e-01 1.029616e+00 5.702156e-01 3.626292e-01 1.673700e-01 8.075084e-01 9.541628e-01 3.572475e-01 2.704339e-02 6.487569e-01 5.009489e-01 3.913949e-02 6.552258e-01 7.436020e-01 2.745555e-01 7.100273e-01 -6.224652e-03 2.673366e-01 7.301470e-01 9.549987e-01 4.065882e-01 7.761031e-01 4.564196e-01 1.210141e-02 1.543896e-01 5.382133e-01 7.089258e-01 
150 2101  1.000000000000000000e+05 0 0 4.988122e-01 2.167004e-01 9.216889e-02 4.011229e-01 2.286323e-01 9.779678e-01 7.898758e-01 3.733562e-01 5.010908e-01 4.146489e-01 2.920630e-01 8.852246e-02 6.144599e-01 6.868221e-01 3.324723e-01 2.921249e-01 4.899895e-01 6.981190e-02 3.409381e-01 6.530845e-01 7.904987e-01 2.234339e-01 5.114832e-01 2.452765e-01 4.339583e-01 6.689663e-01 6.525207e-01 3.932086e-01 4.605881e-01 7.752015e-01 2.483347e-01 2.874581e-01 3.647181e-01 6.403934e-01 
151 2115  1.000000000000000000e+05 0 0 4.650756e-01 7.123005e-02 3.168468e-01 4.708418e-01 4.943307e-01 8.333865e-01 7.932706e-01 3.327989e-01 6.491994e-01 5.558272e-01 1.697726e-01 2.491744e-01 5.211961e-01 7.145816e-01 3.725253e-01 1.512780e-01 7.317322e-01 9.396974e-03 1.624402e-01 8.344864e-01 4.810780e-01 3.602876e-01 3.585968e-01 7.209946e-01 4.356423e-01 7.244556e-01 7.120046e-01 3.318705e-01 5.357006e-01 5.117357e-01 1.448734e-01 2.271358e-01 4.971634e-01 3.622086e-01 
152 2129  1.000000000000000000e+05 0 0 3.427851e-01 2.053282e-02 1.725732e-02 8.116712e-01 6.543861e-01 9.808190e-01 8.792773e-01 1.771716e-01 8.276473e-01 2.731893e-01 3.083620e-01 5.411688e-01 6.677351e-01 1.150264e+00 3.401209e-01 1.651269e-01 7.623041e-01 1.654762e-01 1.724777e-01 6.774790e-01 6.893661e-01 2.726304e-01 7.644273e-01 4.806455e-01 3.350798e-01 4.817142e-01 9.108676e-01 4.527393e-01 6.384141e-01 4.415206e-01 2.049008e-01 -7.854580e-02 6.199343e-01 5.416956e-01 
153 2143  1.000000000000000000e+05 0 0 3.783349e-01 -1.965161e-01 8.372552e-02 4.189937e-01 8.244303e-01 1.208651e+00 4.609238e-01 2.578660e-01 8.471083e-01 8.545751e-01 4.896480e-01 1.584032e-01 6.935243e-01 5.982104e-01 2.598651e-01 3.734786e-01 2.997895e-01 3.961185e-01 6.199881e-02 7.954427e-01 8.368937e-01 4.294955e-01 5.057829e-01 2.717249e-01 6.975147e-01 9.882115e-01 6.423272e-01 4.230320e-01 4.870251e-01 1.087903e+00 7.740937e-01 -1.376635e-01 1.724574e-01 2.143163e-01 
154 2157  1.000000000000000000e+05 0 0 4.171465e-01 2.388672e-01 3.081040e-01 3.813848e-01 4.740708e-01 5.712276e-01 2.264179e-01 3.906584e-01 9.630316e-01 5.184800e-01 2.214937e-01 1.658371e-01 5.575634e-01 5.078662e-01 6.037345e-01 -3.447003e-02 7.803885e-01 1.256984e-01 2.825183e-01 8.841488e-01 6.940387e-01 2.332901e-01 7.355435e-01 6.356631e-01 2.577644e-01 9.363196e-01 6.945272e-01 4.678416e-01 5.952596e-01 1.057686e+00 3.905236e-01 1.291013e-01 3.512862e-01 3.510883e-01 
155 2171  1.000000000000000000e+05 0 0 4.429110e-01 7.092022e-02 3.743962e-01 5.109790e-01 3.807026e-01 6.744137e-01 1.901096e-01 5.800200e-01 1.034583e+00 9.329193e-01 1.402121e-01 4.937277e-01 3.545441e-01 7.355856e-01 6.867063e-01 -1.432639e-01 8.127074e-01 6.968154e-02 1.938701e-01 1.255455e+00 8.019106e-01 5.690030e-01 2.468097e-01 2.214978e-01 3.953279e-01 7.415745e-01 4.733366e-01 4.726565e-01 4.666031e-01 8.855335e-01 1.028502e-01 1.589030e-01 1.467418e-01 2.071967e-01 
156 2185  1.000000000000000000e+05 0 0 2.229712e-01 2.696784e-01 2.922941e-01 4.640471e-01 3.085112e-01 4.870168e-01 4.664442e-01 4.633319e-01 6.233841e-01 5.505153e-01 3.335897e-01 3.685536e-01 9.260594e-01 6.234962e-01 3.038975e-01 -1.034100e-01 7.180686e-01 1.945306e-01 3.635324e-02 7.946903e-01 5.024842e-01 1.847884e-01 5.795491e-01 9.592654e-01 6.995658e-01 5.474896e-01 5.612775e-01 1.098681e+00 6.263290e-01 7.592117e-01 4.910759e-01 -5.713531e-02 9.368683e-01 1.175443e-01 
157 2199  1.000000000000000000e+05 0 0 3.223832e-01 2.394231e-01 2.473935e-01 4.056105e-01 3.818460e-01 5.906472e-01 3.306907e-01 3.951780e-01 8.909750e-01 3.800773e-01 5.167228e-01 1.848886e-02 9.203907e-01 7.415773e-01 5.828363e-01 3.749095e-01 9.913537e-01 5.181603e-01 2.398659e-01 4.709490e-01 6.192770e-01 1.861431e-01 1.038552e+00 7.154128e-01 4.896700e-01 8.553996e-01 7.313052e-01 6.011489e-01 2.850782e-01 9.660437e-01 4.300279e-01 5.885504e-02 6.743624e-01 5.088997e-01 
158 2213  1.000000000000000000e+05 0 0 5.987101e-01 6.123786e-02 3.189199e-01 1.608649e-01 4.287236e-01 7.342553e-01 4.175905e-01 4.450897e-01 9.273240e-01 6.142767e-01 5.565609e-01 5.940285e-01 4.034381e-01 3.636199e-01 3.361455e-01 -1.499211e-01 7.818386e-01 2.864752e-01 2.533337e-01 5.928184e-01 6.646799e-01 4.873737e-01 1.112283e+00 8.537102e-01 5.762872e-01 4.318725e-01 5.863995e-01 6.250852e-01 9.423307e-01 5.868910e-01 2.343356e-01 -3.241576e-02 5.046361e-01 2.273648e-01 
159 2227  1.000000000000000000e+05 0 0 4.742257e-01 9.866856e-02 1.120461e-01 2.308525e-01 4.180268e-01 1.012729e+00 4.195188e-01 2.699050e-01 8.054253e-01 6.764069e-01 4.275498e-01 1.707029e-01 6.539771e-01 7.012701e-01 5.500510e-01 1.907393e-01 4.732449e-01 3.317996e-01 2.102207e-01 7.527420e-01 6.710044e-01 4.163234e-01 8.980544e-01 4.409492e-01 4.467759e-01 7.357231e-01 4.895401e-01 3.021435e-01 8.136702e-01 8.315251e-01 4.335427e-01 2.130190e-01 5.194542e-01 5.856957e-01 
160 2241  1.000000000000000000e+05 0 0 6.825219e-01 1.358611e-01 1.738254e-01 3.534249e-01 3.261474e-01 7.693564e-01 7.082987e-01 6.722989e-01 4.874567e-01 3.142919e-01 3.473825e-01 1.238317e-01 4.284968e-01 5.675428e-01 5.627585e-01 4.582613e-01 6.725387e-01 5.397703e-01 1.319308e-01 6.507520e-01 6.265652e-01 5.815430e-01 8.575199e-01 6.735876e-01 2.857950e-01 6.579290e-01 1.006648e+00 5.763126e-01 9.075300e-01 3.995261e-01 3.377179e-01 9.108014e-02 4.985898e-01 3.133160e-01 
161 2255  1.000000000000000000e+05 0 0 6.200866e-01 2.397954e-01 1.905470e-01 4.503494e-01 4.405295e-01 8.246864e-01 5.633644e-01 3.240607e-01 8.414555e-01 5.986559e-01 3.368834e-01 3.678220e-01 2.867535e-01 7.656321e-01 5.461614e-01 2.925752e-01 9.260614e-01 4.620180e-01 8.391651e-02 5.415921e-01 6.754717e-01 3.778514e-01 7.371200e-01 6.377325e-01 6.183024e-01 6.054931e-01 9.352342e-01 4.564144e-01 7.331611e-01 1.094829e+00 3.303521e-01 1.894202e-01 4.100535e-01 4.359276e-02 
162 2269  1.000000000000000000e+05 0 0 1.117478e+00 4.849656e-01 5.826543e-01 7.137549e-01 3.710649e-01 7.437102e-01 5.166413e-01 3.043500e-01 5.924608e-01 4.458760e-01 2.590926e-01 3.081910e-01 6.468237e-01 4.892383e-01 3.315732e-01 4.986444e-01 9.139718e-01 3.422309e-01 2.936607e-01 3.465919e-01 5.769918e-01 6.513663e-01 9.532943e-01 7.712854e-01 3.011935e-01 2.412409e-01 5.696951e-01 5.882513e-01 8.899894e-01 7.513643e-01 -1.381919e-01 3.961654e-01 1.347065e-01 -8.916031e-02 
163 2283  1.000000000000000000e+05 0 0 5.916736e-01 -5.968027e-02 4.040167e-01 7.400929e-01 2.607999e-01 7.702481e-01 2.851688e-01 2.794151e-01 7.921015e-01 4.039761e-01 6.357134e-01 6.963016e-01 4.926154e-01 6.658976e-01 4.860280e-01 3.558396e-01 8.034890e-01 3.323722e-01 5.934775e-01 6.221351e-01 5.854445e-01 2.455144e-01 7.828772e-01 2.439059e-01 1.010472e+00 7.083473e-01 6.942284e-01 7.856908e-01 8.516591e-01 8.750839e-01 2.281192e-01 2.431321e-01 4.149462e-01 2.878145e-01 
164 2297  1.000000000000000000e+05 0 0 5.206751e-01 1.009824e-01 2.586030e-01 6.984826e-01 2.829127e-01 9.815550e-01 2.999659e-01 6.118230e-01 5.482368e-01 4.403735e-01 7.670669e-01 3.138138e-01 6.467193e-01 5.450632e-01 6.078509e-01 5.219962e-01 1.008278e+00 6.554528e-01 4.233262e-01 2.748344e-02 6.931568e-01 7.071775e-01 7.543815e-01 5.113980e-01 6.981836e-01 5.629758e-01 8.951800e-01 1.091438e+00 3.597764e-01 5.127570e-01 6.072995e-01 -1.033171e-01 8.666445e-01 3.957669e-01 
165 2311  1.000000000000000000e+05 0 0 6.717218e-01 1.799067e-01 3.475398e-01 6.075189e-01 1.648460e-01 7.846762e-01 1.784408e-01 6.763746e-01 1.044446e+00 6.112339e-01 3.486700e-01 7.706999e-01 4.243718e-01 1.376556e-01 5.712629e-01 5.440980e-01 4.695351e-01 4.268937e-01 9.292655e-02 6.169774e-01 7.067847e-01 7.885130e-01 6.723599e-01 4.569432e-01 9.944952e-01 6.925199e-01 7.606452e-01 7.637861e-01 6.481960e-01 8.655447e-01 5.662035e-01 5.664536e-01 3.120744e-01 3.596916e-01 
166 2325  1.000000000000000000e+05 0 0 8.790704e-01 1.468956e-01 3.776572e-01 2.996603e-01 3.208723e-01 1.015636e+00 4.148708e-01 7.468155e-01 6.483984e-01 6.716670e-01 3.180450e-01 7.698886e-01 2.450238e-01 2.841268e-01 3.372488e-01 5.622288e-01 6.154932e-01 2.797303e-01 1.724012e-01 4.470004e-01 8.063887e-01 4.853356e-01 3.894217e-01 4.106729e-01 8.063354e-01 4.262157e-01 8.874808e-01 7.368012e-01 8.819883e-01 7.552971e-01 6.196862e-01 1.788261e-01 3.731798e-01 -6.157908e-02 
167 2339  1.000000000000000000e+05 0 0 8.332612e-01 2.744197e-01 4.336561e-01 4.819148e-01 1.433820e-01 8.401788e-01 3.458324e-01 6.430559e-01 7.599613e-01 5.601764e-01 1.952581e-01 8.444780e-01 1.633682e-01 3.540327e-01 5.256293e-01 4.969555e-01 8.414435e-01 5.027371e-01 3.504820e-01 6.183147e-01 4.439323e-01 4.886768e-01 6.225135e-01 3.480912e-01 5.162680e-01 2.824384e-01 9.019309e-01 7.446443e-01 4.446364e-01 6.896641e-01 4.123197e-01 6.097764e-01 8.342037e-01 5.543429e-02 
168 2353  1.000000000000000000e+05 0 0 7.433805e-01 3.278446e-01 -1.614754e-01 7.279284e-01 2.952471e-01 8.401128e-01 4.127981e-01 5.166344e-01 4.139015e-01 7.916707e-01 2.476203e-01 1.100175e+00 -9.213158e-02 2.410593e-01 3.786813e-01 3.703316e-01 5.877839e-01 1.567950e-01 5.845999e-01 6.713105e-01 6.653743e-01 -1.303989e-01 6.779526e-01 4.566452e-01 4.685874e-01 1.937487e-01 1.153867e+00 5.767054e-01 4.801502e-01 8.410246e-01 9.829730e-01 4.023876e-01 6.921811e-01 -5.315686e-02 
169 2367  1.000000000000000000e+05 0 0 8.982838e-01 1.272347e-01 6.917060e-01 1.047666e-01 1.422693e-01 4.529844e-01 5.686293e-01 3.680947e-01 9.470352e-01 6.668014e-01 -1.700275e-01 6.222601e-01 1.832043e-02 3.306067e-01 3.414533e-01 6.264144e-02 7.311784e-01 4.956779e-01 3.929253e-01 7.145772e-01 5.018099e-01 1.604862e-01 7.275970e-01 9.272133e-02 2.907387e-01 7.162516e-01 7.334957e-02 2.614903e-01 9.517328e-01 6.404975e-01 5.966975e-01 2.689983e-01 4.283666e-01 6.039171e-01 
170 2381  1.000000000000000000e+05 0 0 9.189731e-01 6.015699e-01 3.304056e-01 5.262482e-01 2.534107e-01 8.128148e-01 4.109574e-01 3.299981e-01 6.812027e-01 9.408213e-01 2.111354e-01 5.524946e-01 -8.132035e-03 1.957542e-01 4.063337e-01 3.814370e-01 4.919709e-01 4.517359e-01 3.455458e-01 1.212107e+00 3.852560e-01 2.708337e-01 1.481009e-01 7.219419e-01 -8.624804e-02 4.497758e-01 5.194202e-01 5.824676e-01 1.022921e+00 5.625565e-01 2.902228e-01 6.978093e-01 1.014708e+00 4.676468e-01 
171 2395  1.000000000000000000e+05 0 0 5.578945e-01 1.674951e-01 -1.329689e-02 2.377853e-01 3.026429e-01 7.644645e-01 1.979444e-01 4.334870e-01 6.259964e-01 4.689553e-01 4.802369e-01 7.823770e-01 2.437421e-01 -2.499497e-02 4.736381e-01 3.419009e-01 8.903999e-01 1.339433e-01 2.227802e-01 5.267467e-01 7.173233e-02 5.505158e-01 7.062864e-01 4.549381e-01 3.619275e-01 5.150492e-01 3.763200e-01 1.545889e-01 1.235798e+00 7.090498e-01 4.992471e-01 4.466951e-01 9.495494e-01 1.339699e-01 
172 2409  1.000000000000000000e+05 0 0 8.826986e-01 1.981326e-01 1.877032e-01 6.610080e-01 2.576337e-01 5.317765e-01 2.176623e-01 3.321453e-01 8.054338e-01 7.109150e-01 2.673593e-01 6.745418e-01 4.344071e-01 2.445093e-01 3.037219e-01 -6.856648e-02 8.417415e-01 4.472002e-01 4.666146e-01 6.318223e-01 6.910676e-01 1.181316e+00 3.337161e-01 5.602053e-01 5.512714e-01 2.967133e-01 5.656598e-01 4.864060e-01 4.872198e-01 8.863272e-01 -3.088249e-02 4.429116e-01 5.290629e-01 3.721883e-01 
173 2423  1.000000000000000000e+05 0 0 6.516846e-01 3.798070e-01 6.272682e-01 1.234063e-01 2.752917e-01 5.362894e-01 1.259957e-01 3.384464e-01 8.569881e-01 3.018512e-01 3.351021e-01 9.473239e-01 8.455251e-01 -3.866008e-02 3.172339e-01 1.204809e-01 5.173921e-01 3.652909e-01 7.898923e-01 4.145799e-01 3.941429e-01 4.334589e-01 3.662103e-01 1.182941e-01 1.323423e-01 5.485856e-01 6.289471e-01 4.062061e-01 8.896988e-01 1.031946e+00 7.464461e-01 4.330665e-01 7.425900e-01 -1.795398e-01 
174 2437  1.000000000000000000e+05 0 0 8.130877e-01 -1.108049e-01 4.677662e-01 2.418755e-02 2.653980e-01 9.484715e-01 6.235818e-01 4.986525e-01 3.057845e-01 6.266943e-01 -1.746866e-02 8.878715e-02 4.497504e-01 3.430888e-01 4.432412e-02 4.499664e-01 8.735574e-01 3.506486e-01 4.515824e-01 3.062239e-01 6.252674e-01 5.519366e-01 5.741663e-01 4.335534e-01 1.541048e-02 2.151876e-01 4.955175e-01 1.637568e-01 4.649482e-01 7.071794e-01 4.332994e-01 1.305817e-01 1.082155e+00 6.982810e-01 
175 2451  1.000000000000000000e+05 0 0 6.372744e-01 3.484427e-01 3.196515e-01 2.968131e-01 1.337402e-01 7.088890e-01 -2.863892e-02 2.385317e-01 6.499981e-01 2.995711e-01 5.079964e-01 6.730143e-02 5.328012e-01 4.192892e-02 3.587352e-01 6.240549e-01 7.529904e-01 1.283170e-01 5.682096e-01 3.006113e-01 3.178837e-01 6.410095e-01 7.319335e-01 4.036298e-01 7.234785e-01 -1.718818e-02 6.235178e-01 7.752560e-01 7.081294e-01 6.980009e-01 5.569764e-01 3.716278e-01 8.196106e-01 2.045732e-01 
176 2465  1.000000000000000000e+05 0 0 1.022289e+00 5.605108e-01 5.324374e-01 3.348747e-01 2.699194e-01 4.650933e-01 2.495355e-01 5.163660e-01 6.060487e-01 2.423933e-01 2.268520e-01 2.855170e-01 3.757942e-01 2.320235e-01 5.277912e-01 4.157153e-01 3.833765e-01 2.808423e-01 -1.732029e-02 3.877373e-01 -1.498423e-01 2.655476e-01 6.885228e-01 4.583913e-01 3.709988e-01 -1.709044e-02 6.783860e-01 7.760030e-02 8.323022e-01 9.161019e-01 2.594007e-01 8.645116e-01 9.674356e-01 5.606852e-01 
177 2479  1.000000000000000000e+05 0 0 7.702602e-01 2.879157e-01 4.256087e-01 -1.521187e-01 1.300857e-01 6.008736e-01 3.618622e-01 2.987397e-01 7.200927e-01 2.163942e-01 5.725919e-01 5.344364e-01 2.995290e-01 2.583087e-01 8.564157e-01 1.328694e-02 1.224934e+00 4.642325e-01 4.471047e-01 2.497586e-01 8.456253e-01 1.081070e-01 8.597407e-01 4.346977e-01 3.119395e-01 1.761849e-01 7.364626e-01 1.620481e-01 5.765548e-01 8.236393e-01 7.100979e-01 8.954292e-02 6.959123e-01 1.511270e-01 
178 2493  1.000000000000000000e+05 0 0 4.630225e-01 -9.559812e-02 5.825643e-01 2.932144e-01 2.181953e-01 9.281903e-01 8.020291e-01 8.249482e-02 2.872452e-01 3.421462e-01 3.455728e-01 3.673735e-01 7.086312e-01 3.921171e-01 5.264387e-01 3.673515e-01 1.219843e+00 4.668529e-01 3.417431e-01 7.905392e-01 5.043215e-01 -7.409819e-02 2.070023e-01 8.640424e-01 5.159043e-01 4.326786e-01 8.736600e-01 1.837721e-01 2.949029e-01 5.958668e-01 6.949460e-01 2.954792e-01 6.730517e-01 4.287514e-01 
179 2507  1.000000000000000000e+05 0 0 6.572757e-01 3.999579e-01 5.423127e-01 6.289062e-01 4.851817e-02 8.450862e-01 8.093647e-01 1.561187e-01 4.699285e-01 3.254338e-01 1.920551e-01 4.250205e-01 2.196976e-01 1.305924e-01 5.301934e-01 -1.248770e-01 8.649071e-01 7.061970e-01 5.960044e-01 5.409899e-01 3.069314e-01 3.841974e-01 8.330827e-01 4.115168e-01 9.854423e-01 1.205288e-01 4.814517e-01 7.442860e-02 7.505246e-01 8.203028e-01 3.630573e-01 2.667701e-01 7.603165e-01 4.758128e-01 
180 2521  1.000000000000000000e+05 0 0 3.844600e-01 7.387791e-01 5.514095e-01 6.897011e-01 6.907195e-02 6.944997e-01 6.598880e-01 5.512667e-01 5.310302e-01 5.615512e-01 3.249857e-01 7.199221e-01 3.204275e-01 9.226420e-02 6.137023e-01 1.525262e-01 8.615210e-01 4.448655e-01 4.140085e-01 6.504298e-01 7.332588e-01 4.579383e-01 6.042171e-01 2.102796e-01 6.569422e-01 4.995910e-01 5.508311e-01 1.409983e-01 5.534298e-01 5.953407e-01 7.625922e-01 5.046377e-01 6.171116e-01 6.926297e-01 
181 2535  1.000000000000000000e+05 0 0 2.291147e-01 1.765332e-01 5.467239e-01 7.585470e-01 8.957784e-02 6.145642e-01 7.537224e-01 6.361774e-01 4.218184e-01 7.132071e-01 1.903315e-01 8.657807e-01 1.245149e-01 3.695935e-01 8.870535e-01 4.543624e-01 9.633476e-01 -4.078905e-02 6.150299e-01 7.349206e-01 6.675556e-01 6.391178e-01 8.964559e-01 6.111217e-01 8.696772e-01 4.232763e-01 8.068794e-01 3.951566e-01 5.595329e-01 8.052693e-01 2.715032e-01 4.863334e-01 4.412215e-01 8.778300e-01 
182 2549  1.000000000000000000e+05 0 0 9.114580e-02 5.282001e-01 7.446873e-01 5.971794e-01 2.559669e-01 6.404086e-01 9.908788e-01 1.309840e-01 4.140163e-01 5.680144e-01 4.174454e-01 9.083499e-01 1.726230e-01 3.322150e-01 2.603304e-01 3.375998e-01 9.463774e-01 3.112981e-01 5.813293e-01 5.519190e-01 1.930170e-01 6.235912e-01 4.342528e-01 2.818854e-01 7.123127e-01 4.744422e-01 3.177517e-01 2.277702e-01 3.252514e-01 1.003928e+00 7.216646e-01 3.063243e-01 6.647323e-01 6.936353e-01 
183 2563  1.000000000000000000e+05 0 0 4.484149e-01 7.318601e-01 4.122545e-01 4.297991e-01 1.538254e-01 4.757106e-01 7.655929e-01 4.161491e-01 6.572459e-01 4.113804e-01 2.395736e-01 5.882443e-01 7.252483e-01 2.879437e-01 6.299453e-01 3.582870e-01 4.088724e-01 9.121825e-01 4.734883e-01 7.018355e-01 5.170160e-01 1.798491e-01 7.462379e-01 5.961921e-01 8.413103e-01 7.302791e-01 3.435977e-01 3.185543e-02 6.036014e-01 9.910090e-01 5.942336e-01 3.429775e-01 6.847723e-01 7.568194e-01 
184 2577  1.000000000000000000e+05 0 0 5.830599e-01 6.761526e-01 4.249699e-01 3.229242e-01 2.008350e-01 1.535142e-01 8.319618e-01 2.296370e-01 4.856583e-01 3.976319e-01 -2.652894e-01 -1.936578e-02 9.690638e-01 1.121855e-01 5.329717e-02 2.866494e-01 7.771698e-01 6.000370e-01 7.019067e-01 9.743766e-01 4.220792e-01 2.165518e-01 3.770744e-01 3.995119e-01 7.269035e-01 1.191603e+00 3.594741e-01 2.746611e-01 4.616539e-01 1.105149e+00 4.639919e-01 3.300636e-01 9.380675e-01 6.949106e-01 
185 2591  1.000000000000000000e+05 0 0 5.340886e-01 1.347907e-01 6.210773e-01 3.137139e-01 2.964555e-01 4.856488e-01 1.355731e-01 3.735251e-01 4.060744e-01 3.388627e-01 1.742595e-01 1.009968e+00 7.365096e-01 5.244336e-01 3.680138e-01 3.142701e-02 8.052489e-01 5.051066e-01 6.144977e-01 8.372720e-01 1.203386e+00 7.053037e-01 9.749606e-01 1.496269e-01 9.114048e-01 6.793174e-01 7.780856e-01 5.598769e-03 3.787429e-01 8.113831e-01 3.683716e-01 4.755506e-01 9.294977e-01 4.337486e-01 
186 2605  1.000000000000000000e+05 0 0 5.185381e-01 2.413063e-01 7.103913e-01 8.726065e-01 3.278434e-01 6.980382e-01 2.204997e-01 1.508026e-01 4.565266e-01 6.019332e-01 7.111895e-02 5.315797e-01 3.341247e-01 2.758047e-01 5.040977e-01 4.963317e-01 1.132582e+00 1.164029e+00 5.204005e-01 6.488388e-01 7.029150e-01 -5.134685e-02 8.758389e-01 4.727660e-01 5.954928e-01 4.788815e-01 4.401394e-01 3.471203e-01 6.763661e-01 1.160106e+00 6.866491e-01 2.562863e-01 6.656709e-01 6.257829e-01 
187 2619  1.000000000000000000e+05 0 0 7.801901e-01 3.341631e-01 1.125291e-01 4.037747e-01 1.358324e-01 8.983729e-01 3.386029e-01 4.502070e-02 2.521086e-01 1.640875e-01 4.894341e-01 6.160382e-01 5.875161e-01 4.878489e-01 2.374726e-01 3.694685e-01 5.005260e-01 7.265373e-01 4.581473e-01 2.014611e-01 5.841877e-01 4.068138e-01 3.840624e-01 2.649989e-01 4.405253e-01 9.735828e-02 1.222388e+00 3.842953e-01 7.943685e-01 4.649177e-01 8.563717e-01 5.948333e-01 4.165543e-01 7.190579e-01 
188 2633  1.000000000000000000e+05 0 0 8.063800e-01 4.929900e-01 6.302544e-01 5.299012e-01 2.245867e-01 1.159524e+00 5.873560e-01 3.290936e-01 2.003559e-01 3.920172e-01 2.912106e-01 5.339271e-01 3.750617e-01 7.036450e-01 1.775648e-01 5.099491e-01 9.028875e-01 8.271278e-01 5.583192e-01 2.485920e-01 4.562931e-01 -2.802383e-01 4.250050e-01 6.746739e-01 7.908227e-01 8.330801e-01 6.176563e-01 2.450101e-01 7.909798e-01 5.295400e-01 6.126112e-01 6.106087e-01 4.258437e-01 7.123700e-01 
189 2647  1.000000000000000000e+05 0 0 3.625004e-01 3.181385e-01 1.800344e-01 3.446775e-01 2.596131e-01 6.406875e-01 1.003736e-01 -1.428880e-02 7.288372e-01 5.705160e-01 3.296015e-01 4.816133e-01 3.255264e-01 2.629068e-01 4.379694e-01 5.001795e-01 5.599966e-01 1.087523e+00 3.606741e-01 5.992013e-01 2.796262e-01 6.677337e-02 5.017341e-01 9.843291e-02 9.310144e-01 6.577134e-01 7.488133e-01 6.317367e-02 6.437965e-01 8.171887e-01 4.321989e-01 4.461284e-01 3.987708e-01 6.718868e-01 
190 2661  1.000000000000000000e+05 0 0 3.296082e-01 6.438006e-01 -1.368215e-01 5.299367e-01 4.246460e-01 9.521944e-01 4.294229e-01 1.265778e-01 5.445987e-01 4.717803e-01 7.675892e-01 5.578281e-01 4.645975e-01 3.636078e-01 4.675716e-01 7.400692e-01 5.555951e-01 1.017927e+00 4.227556e-01 4.371288e-01 6.876428e-01 -1.931965e-02 3.142352e-01 1.981326e-01 6.405300e-01 6.049448e-01 8.607121e-01 9.301153e-02 4.925259e-01 7.329431e-01 7.059387e-01 2.301645e-01 2.019198e-01 1.823837e-01 
191 2675  1.000000000000000000e+05 0 0 2.448242e-01 3.195616e-01 2.504699e-01 4.856660e-02 7.926848e-01 8.901183e-01 6.299328e-01 -8.955986e-02 5.869790e-01 5.680311e-01 6.423911e-01 5.712786e-01 4.526243e-01 4.229494e-01 4.803611e-01 2.430513e-01 1.233318e+00 1.189708e+00 3.452909e-01 5.076884e-01 5.551114e-01 2.008504e-01 5.190460e-01 2.029244e-01 6.137992e-01 4.151076e-01 7.310332e-01 5.887597e-01 6.517363e-01 4.564509e-01 7.085429e-01 3.511354e-01 3.213006e-01 5.393847e-01 
192 2689  1.000000000000000000e+05 0 0 -1.723739e-01 1.426868e-01 2.065463e-01 -1.609040e-01 3.531983e-01 8.931842e-01 2.742449e-01 4.147433e-01 6.147924e-01 4.947992e-01 4.558361e-01 3.792033e-01 3.288197e-01 5.831988e-01 5.593847e-01 5.981346e-01 9.146795e-01 9.825399e-01 3.119700e-01 6.452046e-01 6.997562e-01 5.746006e-01 4.234791e-01 1.456722e-01 3.343324e-01 4.625771e-01 7.266677e-01 1.931312e-01 8.238884e-01 9.457960e-01 6.143641e-01 1.626014e-01 3.147495e-01 5.177335e-01 
193 2703  1.000000000000000000e+05 0 0 3.499315e-01 7.435796e-01 3.941558e-01 2.390493e-01 5.265999e-01 9.474433e-01 3.233454e-01 7.138605e-02 6.258475e-01 6.356091e-01 2.826407e-01 5.497119e-01 1.203276e+00 2.935416e-01 6.528184e-01 1.328817e-01 8.960629e-01 8.638566e-01 7.590729e-01 8.459095e-02 6.545116e-01 4.617184e-01 7.354275e-01 -5.809301e-02 1.848792e-01 5.665853e-01 9.656398e-01 -3.870733e-02 6.992163e-01 8.175511e-01 8.597063e-01 2.645432e-01 2.047355e-01 6.110082e-01 
194 2717  1.000000000000000000e+05 0 0 3.802907e-01 3.741186e-01 3.178911e-01 2.452564e-01 3.687394e-01 5.837930e-01 6.561604e-01 2.976838e-01 7.247400e-01 8.610513e-01 4.674282e-01 3.731492e-01 5.838078e-01 3.044516e-01 5.898813e-01 6.327680e-01 6.317296e-01 5.026966e-01 1.708943e-01 1.832468e-01 4.654027e-01 -9.093113e-02 4.952833e-01 7.917782e-02 9.752199e-01 9.398668e-01 7.309598e-01 2.404013e-02 1.935083e-01 8.693834e-01 5.820324e-01 4.867968e-02 4.130054e-01 1.035606e+00 
195 2731  1.000000000000000000e+05 0 0 2.837221e-01 4.509158e-01 2.353363e-01 4.335641e-01 6.517396e-01 4.848099e-01 6.392701e-01 -1.731963e-02 5.242880e-01 7.610059e-01 3.398879e-01 4.966358e-01 5.015012e-01 -5.083050e-02 1.309370e-01 1.010046e+00 1.132363e+00 4.984939e-01 3.489059e-01 6.348369e-01 6.714095e-01 4.049449e-01 1.701495e-01 1.466739e-01 8.137096e-01 9.550717e-01 4.762396e-01 4.111875e-01 3.710155e-01 6.166986e-01 4.799257e-01 1.375035e-01 2.142211e-01 4.933595e-01 
196 2745  1.000000000000000000e+05 0 0 -1.423598e-01 4.605414e-01 5.353700e-02 7.071229e-01 4.023225e-01 4.495995e-01 6.902324e-02 1.045263e-01 8.414882e-01 6.152376e-01 -7.528011e-02 1.005807e+00 4.398653e-01 4.131107e-01 8.944791e-01 4.161074e-01 6.835694e-01 3.759091e-01 3.442856e-01 8.873441e-02 2.384446e-01 5.534137e-01 4.470290e-01 7.251513e-01 4.975093e-01 4.656490e-01 1.038812e+00 1.410405e-01 4.692541e-01 8.917380e-01 5.070507e-01 3.195243e-01 3.991149e-01 7.089259e-01 
197 2759  1.000000000000000000e+05 0 0 2.451107e-01 5.607640e-01 3.300570e-01 5.285570e-01 3.511204e-01 8.690642e-01 -3.932773e-02 3.101665e-01 9.802906e-01 8.838545e-01 1.958570e-01 8.875941e-01 5.786033e-01 5.460805e-01 6.407863e-01 9.529064e-01 1.197065e+00 6.089185e-01 3.623886e-01 5.909989e-01 1.401746e-01 2.906012e-02 5.841102e-01 4.475827e-01 1.485613e+00 2.996085e-01 8.350612e-01 4.442114e-01 7.807275e-01 9.448829e-01 6.738490e-01 3.087481e-01 3.453684e-01 4.263140e-01 
198 2773  1.000000000000000000e+05 0 0 2.436359e-01 4.171863e-01 4.064037e-01 6.797355e-01 6.626618e-01 8.050272e-01 2.635342e-01 2.651661e-01 6.873351e-01 8.342092e-01 1.029076e-01 1.055731e+00 3.915523e-01 1.732635e-01 2.616747e-01 5.268949e-01 6.520787e-01 1.653735e-01 4.564421e-01 6.016273e-01 4.126462e-01 1.071497e-02 5.390053e-01 6.290082e-01 9.065333e-01 2.397218e-01 7.900331e-01 2.982734e-01 7.252598e-01 4.924171e-01 3.831474e-01 1.880009e-01 7.550218e-01 5.389539e-01 
199 2787  1.000000000000000000e+05 0 0 -7.684944e-02 3.220860e-02 4.190043e-01 6.976026e-01 3.074496e-01 8.211326e-01 1.740003e-01 3.471363e-01 9.674908e-01 8.153175e-01 6.805924e-02 3.086818e-01 4.237837e-01 3.197907e-01 4.659474e-01 7.044522e-01 1.017381e+00 2.196561e-02 3.319347e-01 6.409352e-01 8.433449e-01 8.237017e-02 6.708509e-01 3.774039e-01 9.144561e-01 6.074136e-01 6.760307e-01 -7.418225e-02 1.068785e+00 8.425897e-01 4.112668e-01 1.878004e-01 7.100512e-01 5.032138e-01 
200 2801  1.000000000000000000e+05 0 0 1.197240e-01 4.165114e-01 7.464702e-01 3.551151e-01 4.641309e-01 6.489773e-01 -5.961078e-02 3.961426e-01 6.426087e-01 9.523205e-01 1.829169e-01 8.857092e-01 1.531057e-01 2.777114e-01 5.248466e-01 9.839759e-01 6.587637e-01 7.811429e-02 2.623667e-01 2.913897e-01 6.206867e-01 3.799256e-01 4.972933e-01 3.247857e-01 9.932363e-01 7.277317e-01 9.289541e-01 3.740627e-01 8.426814e-01 4.894442e-01 4.757737e-01 2.397396e-01 5.591518e-01 4.827077e-01 
201 2815  1.000000000000000000e+05 0 0 2.556133e-01 1.819391e-01 7.344687e-01 6.368447e-01 4.144909e-01 8.841834e-01 3.334601e-01 3.952321e-01 8.791387e-01 7.116228e-01 1.357846e-03 8.257409e-01 1.989741e-01 2.205745e-01 3.171493e-01 5.211675e-01 8.089510e-01 -1.011180e-01 6.888615e-02 3.246211e-01 2.286375e-01 1.353832e-01 4.289473e-01 4.029642e-01 8.012690e-01 5.038300e-01 1.072951e+00 4.069314e-01 4.588426e-01 8.523327e-01 3.392048e-01 2.724545e-01 6.351183e-01 3.752662e-01 
202 2829  1.000000000000000000e+05 0 0 2.622358e-01 4.353649e-01 8.555516e-01 6.052028e-01 2.724164e-01 5.688438e-01 4.351731e-01 -2.329089e-02 6.318298e-01 6.531675e-01 -1.072326e-02 5.121064e-01 -8.638834e-02 2.618967e-02 3.435701e-01 5.262118e-01 6.530841e-01 7.419577e-02 2.287340e-01 3.449005e-01 3.898775e-01 3.680564e-01 9.597708e-02 4.801752e-01 8.820288e-01 7.584325e-01 6.778247e-01 2.374202e-01 4.565047e-01 8.066353e-01 4.808851e-01 8.825854e-01 2.864587e-01 3.964040e-01 
203 2843  1.000000000000000000e+05 0 0 2.791271e-01 7.409523e-01 5.524690e-01 9.274540e-01 3.798535e-01 6.752751e-01 1.731289e-01 3.546957e-02 2.883473e-01 1.029230e+00 1.386764e-02 3.363639e-01 2.940997e-01 5.939331e-02 1.017747e-01 7.194101e-01 5.938145e-01 4.181510e-02 2.296191e-01 2.707587e-01 3.984743e-01 3.321750e-01 5.781295e-02 5.273589e-01 6.703169e-01 3.820642e-01 7.798769e-01 3.277124e-01 4.236350e-01 9.223188e-01 5.442416e-01 8.327633e-01 3.272345e-01 5.496355e-02 
204 2857  1.000000000000000000e+05 0 0 1.382536e-01 3.392250e-01 6.516005e-01 4.602001e-01 4.916907e-01 7.484960e-01 4.730020e-01 2.253067e-01 6.664838e-01 9.445300e-01 -4.780127e-02 6.063619e-01 2.967114e-01 3.490629e-01 3.621916e-01 7.813189e-01 7.200143e-01 1.407089e-01 3.597026e-02 2.654285e-01 5.151903e-01 5.723201e-02 3.038774e-01 1.077211e-01 8.422598e-01 8.551422e-01 5.477685e-01 1.295189e-02 8.473105e-01 7.880472e-01 5.634424e-01 5.149155e-01 3.880601e-01 3.299078e-01 
205 2871  1.000000000000000000e+05 0 0 2.066279e-01 7.347520e-01 8.799782e-01 6.814055e-01 5.362881e-01 8.023330e-01 3.894398e-01 6.156203e-02 6.588658e-01 9.075957e-01 3.162576e-01 4.967794e-01 1.902577e-01 2.503403e-01 5.373687e-01 8.183998e-01 5.216477e-01 1.200900e-01 1.808204e-01 3.680617e-01 3.792586e-01 3.967054e-01 5.718151e-02 8.262283e-02 5.092673e-01 4.266355e-01 6.073429e-01 1.247004e-01 7.605600e-01 9.801342e-01 6.783633e-01 4.381423e-01 2.544817e-01 1.752111e-01 
