%  columns="iteration, evaluation, sigma, max axis length, min axis length, all principle axes lengths (sorted square roots of eigenvalues of C)" (startseed=210505, 2023/08/17 11:3:43.06)
1 15 3.940175e-01 1.026841e+00 9.972581e-01 9.972581e-01 9.972581e-01 9.972581e-01 9.972581e-01 9.972581e-01 9.972581e-01 9.972581e-01 9.972581e-01 9.972581e-01 9.972581e-01 9.972581e-01 9.972581e-01 9.972581e-01 9.972581e-01 9.972581e-01 9.972581e-01 9.972581e-01 9.972581e-01 9.972581e-01 9.972581e-01 9.972581e-01 9.972581e-01 9.972581e-01 9.972581e-01 9.972581e-01 9.972581e-01 9.972581e-01 9.981238e-01 9.992986e-01 1.000146e+00 1.002973e+00 1.010398e+00 1.016125e+00 1.026841e+00 
2 29 3.816593e-01 1.036171e+00 9.945238e-01 9.945238e-01 9.945238e-01 9.945238e-01 9.945238e-01 9.945238e-01 9.945238e-01 9.945238e-01 9.945238e-01 9.945238e-01 9.945238e-01 9.945238e-01 9.945238e-01 9.945238e-01 9.945238e-01 9.945238e-01 9.945238e-01 9.945238e-01 9.945238e-01 9.945238e-01 9.945238e-01 9.947716e-01 9.952055e-01 9.957731e-01 9.960384e-01 9.976683e-01 9.979912e-01 9.989922e-01 9.993736e-01 1.000920e+00 1.004358e+00 1.010153e+00 1.012134e+00 1.017746e+00 1.036171e+00 
3 43 3.668046e-01 1.040898e+00 9.917970e-01 9.917970e-01 9.917970e-01 9.917970e-01 9.917970e-01 9.917970e-01 9.917970e-01 9.917970e-01 9.917970e-01 9.917970e-01 9.917970e-01 9.917970e-01 9.917970e-01 9.917970e-01 9.919234e-01 9.921419e-01 9.922947e-01 9.924078e-01 9.928883e-01 9.930771e-01 9.935771e-01 9.941738e-01 9.946443e-01 9.951665e-01 9.961510e-01 9.972650e-01 9.980253e-01 9.997356e-01 1.002436e+00 1.002806e+00 1.008037e+00 1.013488e+00 1.015936e+00 1.023757e+00 1.040898e+00 
4 57 3.492078e-01 1.044307e+00 9.890776e-01 9.890776e-01 9.890776e-01 9.890776e-01 9.890776e-01 9.890776e-01 9.890776e-01 9.891319e-01 9.892018e-01 9.892678e-01 9.894117e-01 9.894973e-01 9.897433e-01 9.899719e-01 9.901785e-01 9.904467e-01 9.908881e-01 9.912915e-01 9.917809e-01 9.919931e-01 9.925147e-01 9.934055e-01 9.940393e-01 9.943422e-01 9.956783e-01 9.975936e-01 9.983386e-01 1.001136e+00 1.002200e+00 1.006009e+00 1.008092e+00 1.012592e+00 1.020943e+00 1.024474e+00 1.044307e+00 
5 71 3.290649e-01 1.044346e+00 9.863675e-01 9.863675e-01 9.863913e-01 9.864327e-01 9.864747e-01 9.865199e-01 9.865346e-01 9.866724e-01 9.868676e-01 9.870723e-01 9.871896e-01 9.874970e-01 9.877774e-01 9.878069e-01 9.883693e-01 9.885458e-01 9.894034e-01 9.896213e-01 9.902159e-01 9.907469e-01 9.914055e-01 9.922450e-01 9.935718e-01 9.944870e-01 9.953570e-01 9.977319e-01 9.987999e-01 1.000015e+00 1.004196e+00 1.005442e+00 1.012202e+00 1.016781e+00 1.019469e+00 1.024436e+00 1.044346e+00 
6 85 3.141758e-01 1.044617e+00 9.837174e-01 9.837174e-01 9.837827e-01 9.839426e-01 9.839796e-01 9.840243e-01 9.841692e-01 9.844745e-01 9.845074e-01 9.851860e-01 9.853355e-01 9.854846e-01 9.858235e-01 9.859923e-01 9.866569e-01 9.872774e-01 9.876891e-01 9.881765e-01 9.893588e-01 9.899032e-01 9.916406e-01 9.929202e-01 9.940506e-01 9.944168e-01 9.951716e-01 9.978576e-01 9.992565e-01 1.002808e+00 1.003525e+00 1.004991e+00 1.011389e+00 1.017170e+00 1.019671e+00 1.028292e+00 1.044617e+00 
7 99 2.998398e-01 1.045531e+00 9.812250e-01 9.812250e-01 9.812984e-01 9.814769e-01 9.816186e-01 9.817093e-01 9.820900e-01 9.824254e-01 9.826178e-01 9.832288e-01 9.835763e-01 9.839642e-01 9.841759e-01 9.842823e-01 9.851188e-01 9.859607e-01 9.867377e-01 9.874191e-01 9.876874e-01 9.884309e-01 9.904992e-01 9.916751e-01 9.923957e-01 9.941789e-01 9.953008e-01 9.959902e-01 9.984504e-01 1.001577e+00 1.004395e+00 1.005240e+00 1.015383e+00 1.019823e+00 1.020735e+00 1.029057e+00 1.045531e+00 
8 113 2.868532e-01 1.044562e+00 9.789218e-01 9.789218e-01 9.790170e-01 9.791484e-01 9.794342e-01 9.797213e-01 9.801608e-01 9.804966e-01 9.806854e-01 9.809176e-01 9.812089e-01 9.814080e-01 9.822579e-01 9.826466e-01 9.834787e-01 9.849263e-01 9.852319e-01 9.859717e-01 9.863501e-01 9.875804e-01 9.882323e-01 9.901797e-01 9.924278e-01 9.937393e-01 9.951675e-01 9.976626e-01 9.989170e-01 1.001051e+00 1.003198e+00 1.008330e+00 1.017436e+00 1.020340e+00 1.023504e+00 1.026663e+00 1.044562e+00 
9 127 2.750939e-01 1.044152e+00 9.764351e-01 9.764351e-01 9.765288e-01 9.770622e-01 9.771931e-01 9.777652e-01 9.779080e-01 9.783855e-01 9.786535e-01 9.790715e-01 9.797405e-01 9.799840e-01 9.805663e-01 9.818376e-01 9.825588e-01 9.828018e-01 9.844341e-01 9.853005e-01 9.862184e-01 9.871885e-01 9.879596e-01 9.880871e-01 9.902170e-01 9.927928e-01 9.943879e-01 9.970378e-01 9.986027e-01 1.001090e+00 1.004429e+00 1.012158e+00 1.017198e+00 1.021510e+00 1.025369e+00 1.026206e+00 1.044152e+00 
10 141 2.651474e-01 1.043015e+00 9.741416e-01 9.741416e-01 9.744681e-01 9.746043e-01 9.751490e-01 9.754221e-01 9.759194e-01 9.767781e-01 9.770029e-01 9.772369e-01 9.776388e-01 9.790698e-01 9.803707e-01 9.804875e-01 9.808927e-01 9.816203e-01 9.831528e-01 9.841088e-01 9.846176e-01 9.849477e-01 9.873904e-01 9.886475e-01 9.901262e-01 9.916972e-01 9.929689e-01 9.970025e-01 9.979081e-01 9.993948e-01 1.005902e+00 1.016443e+00 1.017196e+00 1.021845e+00 1.023818e+00 1.033379e+00 1.043015e+00 
11 155 2.515196e-01 1.043239e+00 9.718940e-01 9.718940e-01 9.723150e-01 9.725668e-01 9.729959e-01 9.733056e-01 9.738271e-01 9.744025e-01 9.754252e-01 9.756692e-01 9.762892e-01 9.779287e-01 9.780805e-01 9.791819e-01 9.795928e-01 9.808989e-01 9.821026e-01 9.822760e-01 9.827464e-01 9.860527e-01 9.870498e-01 9.880805e-01 9.892966e-01 9.905282e-01 9.933108e-01 9.961691e-01 9.977504e-01 9.995853e-01 1.003739e+00 1.015632e+00 1.016882e+00 1.022148e+00 1.024663e+00 1.036493e+00 1.043239e+00 
12 169 2.390584e-01 1.043561e+00 9.693630e-01 9.693630e-01 9.700065e-01 9.708030e-01 9.713060e-01 9.718943e-01 9.721665e-01 9.728633e-01 9.731178e-01 9.744252e-01 9.752101e-01 9.761389e-01 9.766953e-01 9.775132e-01 9.777634e-01 9.796014e-01 9.800268e-01 9.814248e-01 9.840783e-01 9.846108e-01 9.859121e-01 9.873371e-01 9.879861e-01 9.909821e-01 9.942386e-01 9.950935e-01 9.963750e-01 9.991062e-01 1.002331e+00 1.014278e+00 1.016019e+00 1.022694e+00 1.024203e+00 1.035481e+00 1.043561e+00 
13 183 2.300544e-01 1.044793e+00 9.669035e-01 9.669035e-01 9.679238e-01 9.686360e-01 9.688818e-01 9.695175e-01 9.705948e-01 9.708783e-01 9.713060e-01 9.723245e-01 9.735289e-01 9.737407e-01 9.751445e-01 9.765048e-01 9.778047e-01 9.778627e-01 9.787954e-01 9.809674e-01 9.819079e-01 9.831809e-01 9.844751e-01 9.850366e-01 9.860207e-01 9.914800e-01 9.925913e-01 9.948329e-01 9.961951e-01 1.001786e+00 1.003544e+00 1.015035e+00 1.020074e+00 1.022677e+00 1.024408e+00 1.037675e+00 1.044793e+00 
14 197 2.179685e-01 1.045490e+00 9.644430e-01 9.644430e-01 9.658039e-01 9.663646e-01 9.669861e-01 9.683741e-01 9.684746e-01 9.685759e-01 9.697335e-01 9.709096e-01 9.713000e-01 9.725779e-01 9.741972e-01 9.752502e-01 9.760267e-01 9.765359e-01 9.779995e-01 9.803691e-01 9.810879e-01 9.812053e-01 9.829393e-01 9.847900e-01 9.861326e-01 9.903671e-01 9.916576e-01 9.936273e-01 9.980376e-01 1.001206e+00 1.005844e+00 1.013744e+00 1.019812e+00 1.020369e+00 1.025921e+00 1.038035e+00 1.045490e+00 
15 211 2.079815e-01 1.044651e+00 9.623959e-01 9.623959e-01 9.639668e-01 9.646788e-01 9.654035e-01 9.660857e-01 9.662440e-01 9.670532e-01 9.681025e-01 9.695841e-01 9.697803e-01 9.710448e-01 9.728923e-01 9.735078e-01 9.742992e-01 9.757107e-01 9.776021e-01 9.786461e-01 9.793699e-01 9.819414e-01 9.830118e-01 9.853121e-01 9.856793e-01 9.879095e-01 9.940943e-01 9.963965e-01 1.000371e+00 1.002029e+00 1.006517e+00 1.014623e+00 1.018322e+00 1.018951e+00 1.024332e+00 1.037739e+00 1.044651e+00 
16 225 2.003903e-01 1.052686e+00 9.609086e-01 9.609086e-01 9.616169e-01 9.624362e-01 9.636032e-01 9.643933e-01 9.649792e-01 9.653766e-01 9.670976e-01 9.682808e-01 9.691715e-01 9.701222e-01 9.706146e-01 9.719458e-01 9.731101e-01 9.750094e-01 9.765962e-01 9.768040e-01 9.785942e-01 9.807386e-01 9.830929e-01 9.850213e-01 9.862373e-01 9.886709e-01 9.932077e-01 9.947022e-01 9.985129e-01 1.004136e+00 1.005424e+00 1.016288e+00 1.016572e+00 1.018674e+00 1.023113e+00 1.041458e+00 1.052686e+00 
17 239 1.913372e-01 1.059393e+00 9.593507e-01 9.593507e-01 9.597588e-01 9.602672e-01 9.615034e-01 9.625761e-01 9.629983e-01 9.633021e-01 9.650519e-01 9.668194e-01 9.681688e-01 9.688802e-01 9.697223e-01 9.708186e-01 9.716201e-01 9.729244e-01 9.745194e-01 9.759402e-01 9.770193e-01 9.789343e-01 9.824952e-01 9.851011e-01 9.855095e-01 9.880014e-01 9.924057e-01 9.945022e-01 9.989617e-01 1.003008e+00 1.005346e+00 1.015010e+00 1.016662e+00 1.018675e+00 1.025172e+00 1.039933e+00 1.059393e+00 
18 253 1.831922e-01 1.061374e+00 9.574968e-01 9.574968e-01 9.577363e-01 9.578873e-01 9.591749e-01 9.607020e-01 9.615140e-01 9.617511e-01 9.636411e-01 9.656349e-01 9.667409e-01 9.672543e-01 9.679455e-01 9.694774e-01 9.707530e-01 9.721059e-01 9.736794e-01 9.752880e-01 9.769536e-01 9.781134e-01 9.813262e-01 9.828947e-01 9.842650e-01 9.864110e-01 9.924497e-01 9.949762e-01 1.000010e+00 1.001940e+00 1.004045e+00 1.012516e+00 1.014282e+00 1.018469e+00 1.030298e+00 1.038600e+00 1.061374e+00 
19 267 1.775789e-01 1.065992e+00 9.550982e-01 9.550982e-01 9.555737e-01 9.561181e-01 9.572299e-01 9.584190e-01 9.598511e-01 9.611872e-01 9.619482e-01 9.638109e-01 9.645770e-01 9.650720e-01 9.669353e-01 9.684560e-01 9.693651e-01 9.721084e-01 9.733627e-01 9.740992e-01 9.753617e-01 9.765822e-01 9.793218e-01 9.807640e-01 9.823827e-01 9.866795e-01 9.923868e-01 9.945738e-01 9.988814e-01 1.001301e+00 1.005309e+00 1.010711e+00 1.013154e+00 1.017701e+00 1.030485e+00 1.038579e+00 1.065992e+00 
20 281 1.722556e-01 1.069232e+00 9.530592e-01 9.530592e-01 9.533747e-01 9.541769e-01 9.553036e-01 9.559779e-01 9.578592e-01 9.588983e-01 9.607412e-01 9.618325e-01 9.632920e-01 9.636975e-01 9.646992e-01 9.665807e-01 9.678110e-01 9.702422e-01 9.718560e-01 9.724078e-01 9.737173e-01 9.748358e-01 9.778412e-01 9.809159e-01 9.832031e-01 9.889610e-01 9.925441e-01 9.976719e-01 1.000016e+00 1.002356e+00 1.005649e+00 1.009109e+00 1.012673e+00 1.016278e+00 1.028888e+00 1.037763e+00 1.069232e+00 
21 295 1.665282e-01 1.071560e+00 9.506946e-01 9.506946e-01 9.521584e-01 9.532807e-01 9.539134e-01 9.548098e-01 9.566282e-01 9.577048e-01 9.595843e-01 9.610771e-01 9.615685e-01 9.621946e-01 9.632755e-01 9.659352e-01 9.684614e-01 9.700426e-01 9.703333e-01 9.712702e-01 9.727886e-01 9.751980e-01 9.779737e-01 9.811357e-01 9.865115e-01 9.887598e-01 9.904148e-01 9.964246e-01 1.000170e+00 1.000970e+00 1.007286e+00 1.007707e+00 1.012058e+00 1.022272e+00 1.027175e+00 1.038163e+00 1.071560e+00 
22 309 1.611375e-01 1.077052e+00 9.488989e-01 9.488989e-01 9.506493e-01 9.517591e-01 9.528373e-01 9.536571e-01 9.553981e-01 9.563630e-01 9.583229e-01 9.592593e-01 9.606740e-01 9.622558e-01 9.643610e-01 9.649733e-01 9.679846e-01 9.684496e-01 9.688301e-01 9.706289e-01 9.728294e-01 9.739680e-01 9.763758e-01 9.786290e-01 9.871449e-01 9.878990e-01 9.918272e-01 9.955040e-01 9.993393e-01 1.002251e+00 1.007083e+00 1.008843e+00 1.016038e+00 1.022056e+00 1.027888e+00 1.039161e+00 1.077052e+00 
23 323 1.595695e-01 1.084502e+00 9.469167e-01 9.469167e-01 9.484672e-01 9.499455e-01 9.510309e-01 9.517898e-01 9.534448e-01 9.552416e-01 9.561432e-01 9.576926e-01 9.603551e-01 9.606212e-01 9.625014e-01 9.634372e-01 9.656490e-01 9.672604e-01 9.685847e-01 9.709126e-01 9.715207e-01 9.746259e-01 9.757132e-01 9.813204e-01 9.860126e-01 9.886275e-01 9.900912e-01 9.937263e-01 9.974219e-01 1.003209e+00 1.005341e+00 1.010144e+00 1.017419e+00 1.021215e+00 1.028619e+00 1.042511e+00 1.084502e+00 
24 337 1.574465e-01 1.087218e+00 9.447431e-01 9.447431e-01 9.476763e-01 9.485268e-01 9.490369e-01 9.513523e-01 9.520640e-01 9.544337e-01 9.552395e-01 9.565219e-01 9.586229e-01 9.587281e-01 9.607758e-01 9.619359e-01 9.648355e-01 9.654627e-01 9.668426e-01 9.691482e-01 9.702227e-01 9.733506e-01 9.762757e-01 9.800847e-01 9.842546e-01 9.878327e-01 9.910503e-01 9.923723e-01 9.955678e-01 1.002371e+00 1.007209e+00 1.011616e+00 1.017074e+00 1.021347e+00 1.031783e+00 1.049029e+00 1.087218e+00 
25 351 1.544741e-01 1.089502e+00 9.428099e-01 9.428099e-01 9.456037e-01 9.465681e-01 9.489092e-01 9.497090e-01 9.503250e-01 9.524144e-01 9.533073e-01 9.552347e-01 9.564854e-01 9.567934e-01 9.595328e-01 9.606599e-01 9.627387e-01 9.649074e-01 9.650713e-01 9.680513e-01 9.697566e-01 9.740166e-01 9.752489e-01 9.792263e-01 9.819965e-01 9.879794e-01 9.910846e-01 9.932220e-01 9.968135e-01 1.002912e+00 1.005325e+00 1.011384e+00 1.018460e+00 1.020840e+00 1.030346e+00 1.052560e+00 1.089502e+00 
26 365 1.489121e-01 1.090972e+00 9.406294e-01 9.406294e-01 9.435574e-01 9.452327e-01 9.466925e-01 9.485216e-01 9.494585e-01 9.503958e-01 9.518059e-01 9.534539e-01 9.554444e-01 9.571393e-01 9.576885e-01 9.583738e-01 9.616338e-01 9.639778e-01 9.654722e-01 9.669646e-01 9.686035e-01 9.734199e-01 9.759856e-01 9.772499e-01 9.819985e-01 9.861412e-01 9.904163e-01 9.949517e-01 9.966434e-01 1.001423e+00 1.004775e+00 1.013001e+00 1.016621e+00 1.020953e+00 1.029287e+00 1.055436e+00 1.090972e+00 
27 379 1.452180e-01 1.090792e+00 9.398096e-01 9.398096e-01 9.418823e-01 9.433784e-01 9.457924e-01 9.469322e-01 9.483105e-01 9.488225e-01 9.509308e-01 9.519742e-01 9.535656e-01 9.556159e-01 9.563333e-01 9.577537e-01 9.602289e-01 9.633978e-01 9.646174e-01 9.668792e-01 9.722149e-01 9.729311e-01 9.754364e-01 9.802243e-01 9.818277e-01 9.864944e-01 9.889846e-01 9.950081e-01 9.963551e-01 1.001757e+00 1.003244e+00 1.011421e+00 1.015537e+00 1.021453e+00 1.036290e+00 1.057627e+00 1.090792e+00 
28 393 1.435641e-01 1.093433e+00 9.376310e-01 9.376310e-01 9.400318e-01 9.427692e-01 9.448352e-01 9.456746e-01 9.473937e-01 9.483927e-01 9.491646e-01 9.512991e-01 9.528276e-01 9.540418e-01 9.551997e-01 9.573843e-01 9.583859e-01 9.621013e-01 9.668006e-01 9.676921e-01 9.709262e-01 9.742629e-01 9.778517e-01 9.801026e-01 9.815372e-01 9.892988e-01 9.902687e-01 9.951070e-01 9.983612e-01 9.996064e-01 1.001975e+00 1.011922e+00 1.017032e+00 1.023041e+00 1.036942e+00 1.061801e+00 1.093433e+00 
29 407 1.414597e-01 1.098358e+00 9.360847e-01 9.360847e-01 9.395001e-01 9.406484e-01 9.424512e-01 9.445393e-01 9.451582e-01 9.469187e-01 9.487128e-01 9.498575e-01 9.517306e-01 9.523475e-01 9.538261e-01 9.562498e-01 9.580876e-01 9.603136e-01 9.651364e-01 9.670074e-01 9.716622e-01 9.722871e-01 9.767619e-01 9.796721e-01 9.808707e-01 9.884434e-01 9.903117e-01 9.947370e-01 9.981604e-01 9.994465e-01 1.003331e+00 1.011178e+00 1.015616e+00 1.022032e+00 1.038854e+00 1.065558e+00 1.098358e+00 
30 421 1.430078e-01 1.103965e+00 9.343187e-01 9.343187e-01 9.379921e-01 9.397501e-01 9.411554e-01 9.428165e-01 9.438520e-01 9.451661e-01 9.471521e-01 9.493998e-01 9.505864e-01 9.519763e-01 9.543266e-01 9.560165e-01 9.568708e-01 9.579502e-01 9.634235e-01 9.654512e-01 9.708788e-01 9.737132e-01 9.767794e-01 9.779554e-01 9.816544e-01 9.862655e-01 9.892034e-01 9.947600e-01 9.976143e-01 1.000649e+00 1.002152e+00 1.010083e+00 1.013849e+00 1.026088e+00 1.039862e+00 1.074433e+00 1.103965e+00 
31 435 1.439653e-01 1.112090e+00 9.325342e-01 9.325342e-01 9.362667e-01 9.375268e-01 9.391798e-01 9.413757e-01 9.421849e-01 9.429076e-01 9.469969e-01 9.475203e-01 9.492236e-01 9.512054e-01 9.528780e-01 9.539905e-01 9.567211e-01 9.576347e-01 9.614833e-01 9.685247e-01 9.707862e-01 9.728655e-01 9.746085e-01 9.786987e-01 9.824311e-01 9.849891e-01 9.890396e-01 9.930627e-01 9.974542e-01 1.000949e+00 1.004912e+00 1.009167e+00 1.014205e+00 1.025038e+00 1.040470e+00 1.080260e+00 1.112090e+00 
32 449 1.434133e-01 1.121571e+00 9.310461e-01 9.310461e-01 9.344830e-01 9.357284e-01 9.374496e-01 9.401173e-01 9.409941e-01 9.420163e-01 9.458719e-01 9.463756e-01 9.478529e-01 9.507161e-01 9.508544e-01 9.544442e-01 9.556595e-01 9.578406e-01 9.601686e-01 9.664306e-01 9.711672e-01 9.729313e-01 9.737559e-01 9.797195e-01 9.810619e-01 9.839822e-01 9.902765e-01 9.946113e-01 9.971012e-01 1.001099e+00 1.003612e+00 1.011569e+00 1.014255e+00 1.023987e+00 1.039741e+00 1.081422e+00 1.121571e+00 
33 463 1.417839e-01 1.128804e+00 9.287634e-01 9.287634e-01 9.321729e-01 9.337542e-01 9.355623e-01 9.383226e-01 9.392337e-01 9.417897e-01 9.447204e-01 9.456785e-01 9.474237e-01 9.486132e-01 9.504854e-01 9.529506e-01 9.547259e-01 9.581076e-01 9.594309e-01 9.651844e-01 9.693302e-01 9.722935e-01 9.736369e-01 9.785848e-01 9.821829e-01 9.849286e-01 9.891454e-01 9.943593e-01 9.955521e-01 1.000665e+00 1.002997e+00 1.010174e+00 1.017428e+00 1.025492e+00 1.039784e+00 1.081261e+00 1.128804e+00 
34 477 1.940560e-01 1.132394e+00 9.269923e-01 9.269923e-01 9.303678e-01 9.333763e-01 9.340401e-01 9.364661e-01 9.392148e-01 9.399995e-01 9.431338e-01 9.437986e-01 9.456666e-01 9.466979e-01 9.488138e-01 9.512948e-01 9.548265e-01 9.566173e-01 9.590597e-01 9.633151e-01 9.675460e-01 9.702696e-01 9.749680e-01 9.805526e-01 9.810462e-01 9.839000e-01 9.877233e-01 9.937928e-01 9.944737e-01 9.988985e-01 1.002005e+00 1.009397e+00 1.019298e+00 1.028006e+00 1.042274e+00 1.080529e+00 1.132394e+00 
35 491 1.900412e-01 1.135112e+00 9.246734e-01 9.246734e-01 9.289473e-01 9.313724e-01 9.324777e-01 9.368104e-01 9.377041e-01 9.397401e-01 9.411581e-01 9.427226e-01 9.455791e-01 9.476194e-01 9.496797e-01 9.512100e-01 9.544789e-01 9.558785e-01 9.571019e-01 9.614888e-01 9.669753e-01 9.681608e-01 9.733988e-01 9.796068e-01 9.798491e-01 9.845371e-01 9.866312e-01 9.932997e-01 9.954129e-01 9.986916e-01 1.002723e+00 1.010917e+00 1.020733e+00 1.027529e+00 1.043611e+00 1.080490e+00 1.135112e+00 
36 505 1.854859e-01 1.137265e+00 9.228985e-01 9.228985e-01 9.275414e-01 9.293925e-01 9.334863e-01 9.346329e-01 9.374498e-01 9.390232e-01 9.400251e-01 9.434272e-01 9.451571e-01 9.464994e-01 9.479606e-01 9.497628e-01 9.545449e-01 9.570086e-01 9.590318e-01 9.606990e-01 9.658067e-01 9.690471e-01 9.732538e-01 9.783772e-01 9.798559e-01 9.829512e-01 9.880117e-01 9.911742e-01 9.947946e-01 9.966936e-01 1.002141e+00 1.011316e+00 1.018753e+00 1.026143e+00 1.045389e+00 1.081061e+00 1.137265e+00 
37 519 1.794732e-01 1.137084e+00 9.209887e-01 9.209887e-01 9.261306e-01 9.273147e-01 9.317305e-01 9.346492e-01 9.363598e-01 9.384374e-01 9.402461e-01 9.422259e-01 9.434884e-01 9.454906e-01 9.468257e-01 9.514895e-01 9.537738e-01 9.557563e-01 9.568670e-01 9.598588e-01 9.676815e-01 9.690696e-01 9.730694e-01 9.765619e-01 9.791385e-01 9.840177e-01 9.894349e-01 9.904629e-01 9.938925e-01 9.955094e-01 1.003261e+00 1.010363e+00 1.017188e+00 1.025798e+00 1.046666e+00 1.081532e+00 1.137084e+00 
38 533 1.743240e-01 1.136638e+00 9.188540e-01 9.188540e-01 9.251272e-01 9.271758e-01 9.296394e-01 9.324935e-01 9.354013e-01 9.373555e-01 9.394164e-01 9.412664e-01 9.421499e-01 9.432860e-01 9.467546e-01 9.495649e-01 9.519135e-01 9.542982e-01 9.561608e-01 9.599530e-01 9.663248e-01 9.678797e-01 9.718221e-01 9.761365e-01 9.789342e-01 9.821960e-01 9.883577e-01 9.915662e-01 9.931608e-01 9.953241e-01 1.002371e+00 1.013254e+00 1.015516e+00 1.026494e+00 1.048193e+00 1.079964e+00 1.136638e+00 
39 547 1.689477e-01 1.135689e+00 9.173237e-01 9.173237e-01 9.235788e-01 9.250424e-01 9.302421e-01 9.316583e-01 9.345858e-01 9.363812e-01 9.381171e-01 9.403497e-01 9.409825e-01 9.431759e-01 9.455826e-01 9.494356e-01 9.501984e-01 9.535593e-01 9.556430e-01 9.591806e-01 9.658819e-01 9.666657e-01 9.716507e-01 9.739940e-01 9.798886e-01 9.808800e-01 9.878902e-01 9.913180e-01 9.934090e-01 9.970854e-01 1.001297e+00 1.012664e+00 1.015688e+00 1.025308e+00 1.048999e+00 1.079496e+00 1.135689e+00 
40 561 1.616401e-01 1.135396e+00 9.157020e-01 9.157020e-01 9.218259e-01 9.243055e-01 9.287694e-01 9.297059e-01 9.328112e-01 9.349889e-01 9.371997e-01 9.405896e-01 9.409770e-01 9.433421e-01 9.471002e-01 9.477112e-01 9.493844e-01 9.512977e-01 9.540689e-01 9.599374e-01 9.645577e-01 9.656437e-01 9.698349e-01 9.733705e-01 9.778177e-01 9.800074e-01 9.884618e-01 9.916150e-01 9.939196e-01 9.969984e-01 1.001774e+00 1.012754e+00 1.014084e+00 1.023562e+00 1.049470e+00 1.078324e+00 1.135396e+00 
41 575 1.548586e-01 1.135698e+00 9.150746e-01 9.150746e-01 9.214739e-01 9.228172e-01 9.276353e-01 9.285560e-01 9.308930e-01 9.334935e-01 9.359273e-01 9.394155e-01 9.406436e-01 9.424793e-01 9.462378e-01 9.470785e-01 9.478573e-01 9.520018e-01 9.530379e-01 9.583922e-01 9.635389e-01 9.651369e-01 9.693205e-01 9.720676e-01 9.759187e-01 9.799851e-01 9.880635e-01 9.915973e-01 9.953340e-01 9.986266e-01 1.003308e+00 1.014222e+00 1.017602e+00 1.023319e+00 1.050686e+00 1.077676e+00 1.135698e+00 
42 589 2.090514e-01 1.133800e+00 9.138704e-01 9.138704e-01 9.195414e-01 9.214543e-01 9.257716e-01 9.288177e-01 9.293879e-01 9.326157e-01 9.348411e-01 9.374397e-01 9.385479e-01 9.431562e-01 9.441455e-01 9.465207e-01 9.482030e-01 9.502019e-01 9.527023e-01 9.562266e-01 9.640460e-01 9.645847e-01 9.680498e-01 9.702746e-01 9.759445e-01 9.788355e-01 9.872806e-01 9.897266e-01 9.960968e-01 9.986905e-01 1.003163e+00 1.013356e+00 1.017886e+00 1.021888e+00 1.051841e+00 1.076719e+00 1.133800e+00 
43 603 2.028102e-01 1.132760e+00 9.126509e-01 9.126509e-01 9.176981e-01 9.195845e-01 9.241082e-01 9.267927e-01 9.274051e-01 9.308277e-01 9.350317e-01 9.393448e-01 9.404699e-01 9.410993e-01 9.435019e-01 9.456350e-01 9.481265e-01 9.483111e-01 9.528249e-01 9.545593e-01 9.637987e-01 9.654642e-01 9.660584e-01 9.711571e-01 9.738171e-01 9.777529e-01 9.861048e-01 9.892804e-01 9.942113e-01 9.984631e-01 1.003311e+00 1.012575e+00 1.018632e+00 1.020293e+00 1.057662e+00 1.079688e+00 1.132760e+00 
44 617 1.934874e-01 1.131342e+00 9.114977e-01 9.114977e-01 9.163570e-01 9.183735e-01 9.220895e-01 9.248627e-01 9.257771e-01 9.288399e-01 9.333640e-01 9.379382e-01 9.388353e-01 9.405622e-01 9.444704e-01 9.451411e-01 9.477631e-01 9.494374e-01 9.515581e-01 9.527181e-01 9.630291e-01 9.638344e-01 9.655786e-01 9.687614e-01 9.743864e-01 9.760983e-01 9.856839e-01 9.877568e-01 9.971264e-01 1.000341e+00 1.002048e+00 1.013696e+00 1.017918e+00 1.022078e+00 1.059665e+00 1.080178e+00 1.131342e+00 
45 631 1.880206e-01 1.129606e+00 9.098579e-01 9.098579e-01 9.156931e-01 9.166578e-01 9.203749e-01 9.231090e-01 9.244752e-01 9.282596e-01 9.325569e-01 9.363512e-01 9.372564e-01 9.389162e-01 9.429569e-01 9.447176e-01 9.469994e-01 9.479289e-01 9.499246e-01 9.517319e-01 9.609358e-01 9.628341e-01 9.640607e-01 9.712291e-01 9.738004e-01 9.778913e-01 9.839984e-01 9.870922e-01 9.972824e-01 9.986739e-01 1.000469e+00 1.015924e+00 1.017308e+00 1.021785e+00 1.057749e+00 1.083482e+00 1.129606e+00 
46 645 1.794818e-01 1.128260e+00 9.096420e-01 9.096420e-01 9.139377e-01 9.148992e-01 9.190963e-01 9.216972e-01 9.246877e-01 9.270068e-01 9.311416e-01 9.340200e-01 9.360077e-01 9.373653e-01 9.415385e-01 9.435600e-01 9.453116e-01 9.464621e-01 9.492385e-01 9.531840e-01 9.603543e-01 9.624598e-01 9.636715e-01 9.690236e-01 9.755270e-01 9.772116e-01 9.820285e-01 9.853147e-01 9.961594e-01 9.980411e-01 9.993484e-01 1.016629e+00 1.021058e+00 1.021814e+00 1.055917e+00 1.087439e+00 1.128260e+00 
47 659 1.790653e-01 1.130971e+00 9.082326e-01 9.082326e-01 9.127723e-01 9.143411e-01 9.170705e-01 9.209094e-01 9.232942e-01 9.281512e-01 9.310407e-01 9.322418e-01 9.341153e-01 9.366886e-01 9.398042e-01 9.414906e-01 9.438053e-01 9.458041e-01 9.514167e-01 9.521476e-01 9.589103e-01 9.605987e-01 9.631835e-01 9.685938e-01 9.743595e-01 9.771905e-01 9.821281e-01 9.838961e-01 9.947470e-01 9.972770e-01 1.003728e+00 1.015025e+00 1.021876e+00 1.032195e+00 1.053914e+00 1.095333e+00 1.130971e+00 
48 673 1.780903e-01 1.132571e+00 9.067743e-01 9.067743e-01 9.107823e-01 9.135536e-01 9.153441e-01 9.195782e-01 9.222578e-01 9.277874e-01 9.296335e-01 9.308908e-01 9.349796e-01 9.358961e-01 9.383767e-01 9.402901e-01 9.439422e-01 9.440296e-01 9.500831e-01 9.513095e-01 9.571216e-01 9.599588e-01 9.626653e-01 9.679824e-01 9.730066e-01 9.807972e-01 9.817317e-01 9.903707e-01 9.928868e-01 9.957789e-01 1.002754e+00 1.014588e+00 1.021511e+00 1.041858e+00 1.051764e+00 1.099594e+00 1.132571e+00 
49 687 1.774416e-01 1.132972e+00 9.067557e-01 9.067557e-01 9.091463e-01 9.126816e-01 9.149629e-01 9.185140e-01 9.200977e-01 9.269445e-01 9.275581e-01 9.298465e-01 9.339677e-01 9.363358e-01 9.377809e-01 9.389633e-01 9.419911e-01 9.430516e-01 9.487672e-01 9.522047e-01 9.572850e-01 9.605200e-01 9.620137e-01 9.677155e-01 9.717366e-01 9.799054e-01 9.844699e-01 9.898682e-01 9.933680e-01 9.947444e-01 1.003182e+00 1.012283e+00 1.019539e+00 1.048264e+00 1.051748e+00 1.101031e+00 1.132972e+00 
50 701 1.747363e-01 1.137180e+00 9.044404e-01 9.044404e-01 9.073947e-01 9.115406e-01 9.146117e-01 9.172425e-01 9.204832e-01 9.251760e-01 9.255041e-01 9.296317e-01 9.328768e-01 9.347411e-01 9.368681e-01 9.373042e-01 9.410692e-01 9.419877e-01 9.471375e-01 9.528590e-01 9.590356e-01 9.597093e-01 9.604847e-01 9.665006e-01 9.700067e-01 9.783450e-01 9.843502e-01 9.883027e-01 9.925616e-01 9.934919e-01 1.001597e+00 1.009921e+00 1.018754e+00 1.049137e+00 1.053765e+00 1.102684e+00 1.137180e+00 
51 715 1.734409e-01 1.147851e+00 9.035401e-01 9.035401e-01 9.055780e-01 9.103147e-01 9.130575e-01 9.157968e-01 9.190395e-01 9.232867e-01 9.249275e-01 9.285460e-01 9.309957e-01 9.338967e-01 9.346224e-01 9.364750e-01 9.405379e-01 9.409680e-01 9.470654e-01 9.511320e-01 9.573481e-01 9.581919e-01 9.603608e-01 9.644872e-01 9.687701e-01 9.777026e-01 9.824078e-01 9.869511e-01 9.902457e-01 9.942603e-01 9.992538e-01 1.008414e+00 1.019194e+00 1.048633e+00 1.055006e+00 1.101886e+00 1.147851e+00 
52 729 1.698078e-01 1.154002e+00 9.019116e-01 9.019116e-01 9.047587e-01 9.084506e-01 9.126179e-01 9.142079e-01 9.176521e-01 9.222257e-01 9.233464e-01 9.280357e-01 9.292122e-01 9.322751e-01 9.332913e-01 9.358779e-01 9.392493e-01 9.417780e-01 9.451987e-01 9.498865e-01 9.554018e-01 9.569913e-01 9.602090e-01 9.640882e-01 9.684563e-01 9.772808e-01 9.815099e-01 9.867361e-01 9.889500e-01 9.938390e-01 9.975063e-01 1.009314e+00 1.018642e+00 1.047299e+00 1.054685e+00 1.099781e+00 1.154002e+00 
53 743 1.672179e-01 1.159305e+00 8.996795e-01 8.996795e-01 9.032361e-01 9.064143e-01 9.123133e-01 9.129878e-01 9.158497e-01 9.207128e-01 9.215961e-01 9.267183e-01 9.276663e-01 9.321311e-01 9.327148e-01 9.362309e-01 9.378799e-01 9.402369e-01 9.437092e-01 9.477920e-01 9.543146e-01 9.553276e-01 9.592177e-01 9.645187e-01 9.696955e-01 9.784012e-01 9.811363e-01 9.856329e-01 9.870976e-01 9.925284e-01 9.961258e-01 1.007483e+00 1.018855e+00 1.049918e+00 1.056486e+00 1.100744e+00 1.159305e+00 
54 757 1.616478e-01 1.162986e+00 8.979750e-01 8.979750e-01 9.022106e-01 9.069755e-01 9.103392e-01 9.125858e-01 9.163046e-01 9.187270e-01 9.210872e-01 9.248991e-01 9.267711e-01 9.302882e-01 9.323604e-01 9.350718e-01 9.379594e-01 9.382823e-01 9.433430e-01 9.476348e-01 9.529575e-01 9.544667e-01 9.575986e-01 9.632014e-01 9.677560e-01 9.768499e-01 9.805360e-01 9.846004e-01 9.878884e-01 9.926835e-01 9.953569e-01 1.005642e+00 1.018403e+00 1.051260e+00 1.056768e+00 1.098485e+00 1.162986e+00 
55 771 2.190855e-01 1.161970e+00 8.960099e-01 8.960099e-01 9.020290e-01 9.059586e-01 9.087860e-01 9.108099e-01 9.160407e-01 9.179285e-01 9.202792e-01 9.239318e-01 9.257305e-01 9.297778e-01 9.314399e-01 9.338146e-01 9.358801e-01 9.373021e-01 9.414211e-01 9.468965e-01 9.517454e-01 9.554876e-01 9.607340e-01 9.621840e-01 9.660308e-01 9.747424e-01 9.797028e-01 9.840864e-01 9.871027e-01 9.943849e-01 9.994538e-01 1.004867e+00 1.017349e+00 1.049377e+00 1.059171e+00 1.096780e+00 1.161970e+00 
56 785 2.131143e-01 1.161993e+00 8.964495e-01 8.964495e-01 9.016791e-01 9.068904e-01 9.076376e-01 9.091506e-01 9.145713e-01 9.170267e-01 9.187511e-01 9.221202e-01 9.236517e-01 9.280482e-01 9.306396e-01 9.317919e-01 9.341705e-01 9.357808e-01 9.407412e-01 9.457506e-01 9.503597e-01 9.537650e-01 9.595225e-01 9.613207e-01 9.662423e-01 9.734330e-01 9.802783e-01 9.825529e-01 9.860600e-01 9.937405e-01 9.999729e-01 1.005075e+00 1.017391e+00 1.048716e+00 1.060074e+00 1.096483e+00 1.161993e+00 
57 799 2.086358e-01 1.162681e+00 8.947002e-01 8.947002e-01 9.005049e-01 9.058418e-01 9.066831e-01 9.084624e-01 9.123865e-01 9.158958e-01 9.171735e-01 9.217689e-01 9.241931e-01 9.273332e-01 9.301147e-01 9.318298e-01 9.328753e-01 9.370552e-01 9.409555e-01 9.464179e-01 9.513939e-01 9.518334e-01 9.580439e-01 9.607254e-01 9.680229e-01 9.736945e-01 9.787368e-01 9.815976e-01 9.857288e-01 9.923455e-01 1.000247e+00 1.003944e+00 1.016309e+00 1.050826e+00 1.061417e+00 1.093643e+00 1.162681e+00 
58 813 1.999784e-01 1.162937e+00 8.932546e-01 8.932546e-01 8.989515e-01 9.037059e-01 9.055973e-01 9.066060e-01 9.113877e-01 9.146594e-01 9.160658e-01 9.202525e-01 9.229391e-01 9.279621e-01 9.292139e-01 9.294899e-01 9.319456e-01 9.358385e-01 9.389514e-01 9.451595e-01 9.500045e-01 9.513578e-01 9.583341e-01 9.588424e-01 9.682932e-01 9.723563e-01 9.785517e-01 9.806850e-01 9.848630e-01 9.936469e-01 1.002711e+00 1.005257e+00 1.015380e+00 1.056223e+00 1.062250e+00 1.093331e+00 1.162937e+00 
59 827 1.913175e-01 1.161794e+00 8.917905e-01 8.917905e-01 8.972771e-01 9.023057e-01 9.033531e-01 9.070434e-01 9.111124e-01 9.132043e-01 9.144906e-01 9.188934e-01 9.221718e-01 9.272019e-01 9.277182e-01 9.293005e-01 9.330682e-01 9.351866e-01 9.390011e-01 9.432579e-01 9.483144e-01 9.495354e-01 9.566664e-01 9.620074e-01 9.663386e-01 9.714328e-01 9.801888e-01 9.808080e-01 9.881955e-01 9.925872e-01 1.000250e+00 1.005801e+00 1.013812e+00 1.057944e+00 1.063638e+00 1.091792e+00 1.161794e+00 
60 841 1.835377e-01 1.160786e+00 8.901051e-01 8.901051e-01 8.955405e-01 9.003617e-01 9.019602e-01 9.050114e-01 9.113146e-01 9.119123e-01 9.128437e-01 9.175252e-01 9.207843e-01 9.253295e-01 9.269198e-01 9.293464e-01 9.315952e-01 9.346944e-01 9.383169e-01 9.418252e-01 9.471596e-01 9.505497e-01 9.557203e-01 9.615997e-01 9.655223e-01 9.727811e-01 9.781492e-01 9.795526e-01 9.871525e-01 9.911713e-01 1.000602e+00 1.005970e+00 1.015818e+00 1.056903e+00 1.063237e+00 1.091194e+00 1.160786e+00 
61 855 1.748988e-01 1.160459e+00 8.918104e-01 8.918104e-01 8.934107e-01 8.991019e-01 9.006103e-01 9.047271e-01 9.099599e-01 9.105457e-01 9.114484e-01 9.162485e-01 9.193038e-01 9.233394e-01 9.253505e-01 9.285322e-01 9.310761e-01 9.348612e-01 9.374666e-01 9.400660e-01 9.454798e-01 9.498373e-01 9.545786e-01 9.604002e-01 9.640746e-01 9.723053e-01 9.763465e-01 9.782009e-01 9.867219e-01 9.905460e-01 9.983225e-01 1.005480e+00 1.014357e+00 1.058022e+00 1.062610e+00 1.092451e+00 1.160459e+00 
62 869 1.678152e-01 1.161184e+00 8.910025e-01 8.910025e-01 8.917203e-01 8.984718e-01 8.986359e-01 9.040364e-01 9.084300e-01 9.099246e-01 9.112663e-01 9.145304e-01 9.174661e-01 9.212095e-01 9.232315e-01 9.280003e-01 9.310443e-01 9.366466e-01 9.373473e-01 9.379103e-01 9.450388e-01 9.510656e-01 9.536321e-01 9.593811e-01 9.634887e-01 9.709179e-01 9.743176e-01 9.773217e-01 9.854697e-01 9.903817e-01 9.967235e-01 1.004397e+00 1.013944e+00 1.058957e+00 1.061662e+00 1.090528e+00 1.161184e+00 
63 883 1.609013e-01 1.159462e+00 8.895250e-01 8.895250e-01 8.911294e-01 8.966387e-01 8.981814e-01 9.037194e-01 9.063068e-01 9.091090e-01 9.102866e-01 9.161666e-01 9.194238e-01 9.203166e-01 9.214150e-01 9.279519e-01 9.298217e-01 9.351555e-01 9.364322e-01 9.383623e-01 9.435048e-01 9.510855e-01 9.516131e-01 9.578514e-01 9.622268e-01 9.709582e-01 9.723272e-01 9.770548e-01 9.852659e-01 9.898360e-01 9.947848e-01 1.002969e+00 1.012073e+00 1.058577e+00 1.060001e+00 1.091661e+00 1.159462e+00 
64 897 2.175419e-01 1.158490e+00 8.874879e-01 8.874879e-01 8.892156e-01 8.952950e-01 8.960547e-01 9.029564e-01 9.039695e-01 9.073905e-01 9.086596e-01 9.147804e-01 9.173154e-01 9.193073e-01 9.207901e-01 9.276977e-01 9.289088e-01 9.335794e-01 9.355980e-01 9.374219e-01 9.432782e-01 9.498818e-01 9.505473e-01 9.560760e-01 9.614274e-01 9.692804e-01 9.707110e-01 9.814182e-01 9.844963e-01 9.881732e-01 9.942006e-01 1.009295e+00 1.013145e+00 1.058204e+00 1.060137e+00 1.090386e+00 1.158490e+00 
65 911 2.121397e-01 1.157173e+00 8.854941e-01 8.854941e-01 8.874975e-01 8.934691e-01 8.956692e-01 9.010769e-01 9.034586e-01 9.055481e-01 9.092711e-01 9.135926e-01 9.150862e-01 9.184861e-01 9.201069e-01 9.268383e-01 9.279949e-01 9.326063e-01 9.335242e-01 9.388819e-01 9.430975e-01 9.480746e-01 9.527249e-01 9.542591e-01 9.599107e-01 9.687649e-01 9.711603e-01 9.804811e-01 9.836358e-01 9.886136e-01 9.960934e-01 1.010488e+00 1.014380e+00 1.057947e+00 1.061524e+00 1.089408e+00 1.157173e+00 
66 925 2.048589e-01 1.155994e+00 8.845604e-01 8.845604e-01 8.862612e-01 8.931452e-01 8.957253e-01 8.993590e-01 9.019756e-01 9.040875e-01 9.075008e-01 9.122514e-01 9.141616e-01 9.167261e-01 9.198939e-01 9.257522e-01 9.274523e-01 9.307133e-01 9.365737e-01 9.371751e-01 9.439581e-01 9.478470e-01 9.523350e-01 9.549077e-01 9.606408e-01 9.671553e-01 9.711296e-01 9.787289e-01 9.825095e-01 9.922664e-01 9.946333e-01 1.009981e+00 1.012795e+00 1.056741e+00 1.061366e+00 1.086682e+00 1.155994e+00 
67 939 1.962454e-01 1.157352e+00 8.824503e-01 8.824503e-01 8.875696e-01 8.920473e-01 8.963153e-01 8.986337e-01 9.005865e-01 9.026667e-01 9.083897e-01 9.108855e-01 9.120976e-01 9.144307e-01 9.180348e-01 9.234688e-01 9.252649e-01 9.289647e-01 9.359530e-01 9.373641e-01 9.418876e-01 9.461530e-01 9.507170e-01 9.544981e-01 9.609520e-01 9.650769e-01 9.703538e-01 9.785025e-01 9.827413e-01 9.926232e-01 9.941122e-01 1.007829e+00 1.010887e+00 1.058375e+00 1.062722e+00 1.084790e+00 1.157352e+00 
68 953 1.886985e-01 1.156338e+00 8.808988e-01 8.808988e-01 8.861988e-01 8.922312e-01 8.947673e-01 8.979350e-01 8.991038e-01 9.010230e-01 9.075108e-01 9.087451e-01 9.105028e-01 9.151252e-01 9.177909e-01 9.232009e-01 9.270159e-01 9.288437e-01 9.346639e-01 9.362509e-01 9.434159e-01 9.443038e-01 9.499845e-01 9.538131e-01 9.608159e-01 9.649276e-01 9.699073e-01 9.762030e-01 9.807494e-01 9.922132e-01 9.941338e-01 1.005922e+00 1.011150e+00 1.057751e+00 1.062993e+00 1.086606e+00 1.156338e+00 
69 967 1.847747e-01 1.157589e+00 8.804997e-01 8.804997e-01 8.855863e-01 8.904993e-01 8.936063e-01 8.962988e-01 8.979787e-01 9.013607e-01 9.068522e-01 9.089613e-01 9.129241e-01 9.150723e-01 9.166111e-01 9.216343e-01 9.259680e-01 9.305815e-01 9.335588e-01 9.376916e-01 9.422926e-01 9.433397e-01 9.483585e-01 9.528928e-01 9.630580e-01 9.644701e-01 9.710450e-01 9.740683e-01 9.792929e-01 9.913503e-01 9.965641e-01 1.007790e+00 1.009854e+00 1.055544e+00 1.062169e+00 1.085391e+00 1.157589e+00 
70 981 1.818641e-01 1.164788e+00 8.783461e-01 8.783461e-01 8.853149e-01 8.889495e-01 8.927978e-01 8.956216e-01 8.968847e-01 9.034942e-01 9.048353e-01 9.080607e-01 9.115141e-01 9.132975e-01 9.167548e-01 9.207577e-01 9.247249e-01 9.305292e-01 9.350146e-01 9.380978e-01 9.410563e-01 9.451911e-01 9.492337e-01 9.531066e-01 9.612950e-01 9.655786e-01 9.707267e-01 9.747279e-01 9.770889e-01 9.895166e-01 9.962413e-01 1.006431e+00 1.007968e+00 1.056081e+00 1.062575e+00 1.087592e+00 1.164788e+00 
71 995 1.743336e-01 1.166068e+00 8.762358e-01 8.762358e-01 8.847632e-01 8.873478e-01 8.912128e-01 8.936932e-01 8.950592e-01 9.021503e-01 9.031036e-01 9.069254e-01 9.105706e-01 9.114001e-01 9.156315e-01 9.203530e-01 9.230505e-01 9.294298e-01 9.347830e-01 9.378372e-01 9.424857e-01 9.436969e-01 9.491656e-01 9.541486e-01 9.601904e-01 9.662298e-01 9.688363e-01 9.725968e-01 9.788706e-01 9.915137e-01 9.939203e-01 1.004580e+00 1.007967e+00 1.059863e+00 1.061948e+00 1.085340e+00 1.166068e+00 
72 1009 1.663610e-01 1.165434e+00 8.759295e-01 8.759295e-01 8.832124e-01 8.855701e-01 8.891983e-01 8.931628e-01 8.954808e-01 9.003241e-01 9.012986e-01 9.056546e-01 9.087834e-01 9.115352e-01 9.140203e-01 9.198402e-01 9.223820e-01 9.306957e-01 9.330525e-01 9.365969e-01 9.410042e-01 9.428304e-01 9.475760e-01 9.554952e-01 9.592568e-01 9.663567e-01 9.696565e-01 9.743341e-01 9.777121e-01 9.911808e-01 9.916186e-01 1.003375e+00 1.010543e+00 1.058365e+00 1.061737e+00 1.083724e+00 1.165434e+00 
73 1023 1.580677e-01 1.165528e+00 8.745316e-01 8.745316e-01 8.813991e-01 8.837950e-01 8.871909e-01 8.910554e-01 8.944008e-01 8.986391e-01 9.001952e-01 9.048696e-01 9.067270e-01 9.108196e-01 9.122119e-01 9.207900e-01 9.224268e-01 9.294360e-01 9.331276e-01 9.363270e-01 9.400787e-01 9.428776e-01 9.463805e-01 9.568086e-01 9.585904e-01 9.649168e-01 9.680553e-01 9.740414e-01 9.781615e-01 9.901044e-01 9.923279e-01 1.001067e+00 1.008867e+00 1.059280e+00 1.062000e+00 1.081198e+00 1.165528e+00 
74 1037 1.534330e-01 1.165617e+00 8.753900e-01 8.753900e-01 8.812809e-01 8.829477e-01 8.857920e-01 8.908375e-01 8.928303e-01 8.976802e-01 8.981126e-01 9.048134e-01 9.066892e-01 9.088991e-01 9.115025e-01 9.200207e-01 9.210269e-01 9.279501e-01 9.312543e-01 9.354672e-01 9.395381e-01 9.425269e-01 9.485063e-01 9.569296e-01 9.597816e-01 9.662315e-01 9.681123e-01 9.761384e-01 9.772204e-01 9.880770e-01 9.927930e-01 9.992805e-01 1.010132e+00 1.058562e+00 1.063119e+00 1.080057e+00 1.165617e+00 
75 1051 1.521262e-01 1.165962e+00 8.735974e-01 8.735974e-01 8.797426e-01 8.807407e-01 8.838646e-01 8.909667e-01 8.929116e-01 8.958752e-01 8.973041e-01 9.048591e-01 9.050957e-01 9.082009e-01 9.120170e-01 9.178409e-01 9.246948e-01 9.284031e-01 9.309103e-01 9.386606e-01 9.401761e-01 9.424641e-01 9.473628e-01 9.580693e-01 9.625516e-01 9.652447e-01 9.671502e-01 9.752936e-01 9.774698e-01 9.864642e-01 9.925722e-01 9.979404e-01 1.010874e+00 1.056950e+00 1.063623e+00 1.078690e+00 1.165962e+00 
76 1065 1.492160e-01 1.169381e+00 8.720498e-01 8.720498e-01 8.780337e-01 8.801239e-01 8.838058e-01 8.897332e-01 8.921506e-01 8.955177e-01 8.968085e-01 9.041041e-01 9.050152e-01 9.069597e-01 9.106017e-01 9.164277e-01 9.226409e-01 9.269897e-01 9.302119e-01 9.384124e-01 9.401786e-01 9.442592e-01 9.483259e-01 9.565623e-01 9.627533e-01 9.639901e-01 9.699106e-01 9.753636e-01 9.798959e-01 9.857194e-01 9.904658e-01 9.990329e-01 1.010707e+00 1.055332e+00 1.064734e+00 1.079676e+00 1.169381e+00 
77 1079 1.440822e-01 1.166742e+00 8.711615e-01 8.711615e-01 8.760743e-01 8.790600e-01 8.826071e-01 8.891281e-01 8.902239e-01 8.938255e-01 8.958525e-01 9.024177e-01 9.031824e-01 9.049722e-01 9.105949e-01 9.150213e-01 9.251913e-01 9.261431e-01 9.317834e-01 9.379880e-01 9.398475e-01 9.458463e-01 9.489213e-01 9.550009e-01 9.616121e-01 9.645605e-01 9.698992e-01 9.766043e-01 9.801153e-01 9.866933e-01 9.919058e-01 9.970538e-01 1.010772e+00 1.054320e+00 1.066023e+00 1.080854e+00 1.166742e+00 
78 1093 1.963311e-01 1.168779e+00 8.698779e-01 8.698779e-01 8.747227e-01 8.811350e-01 8.833230e-01 8.881194e-01 8.898140e-01 8.919888e-01 8.944201e-01 9.005334e-01 9.031608e-01 9.040523e-01 9.100932e-01 9.138482e-01 9.250800e-01 9.267913e-01 9.328433e-01 9.361456e-01 9.384774e-01 9.439083e-01 9.487624e-01 9.574960e-01 9.612098e-01 9.634047e-01 9.696200e-01 9.767590e-01 9.787111e-01 9.849431e-01 9.943396e-01 9.975163e-01 1.011161e+00 1.054587e+00 1.064509e+00 1.078911e+00 1.168779e+00 
79 1107 1.925049e-01 1.168106e+00 8.698881e-01 8.698881e-01 8.752047e-01 8.792911e-01 8.825214e-01 8.870161e-01 8.884072e-01 8.904195e-01 8.929042e-01 8.983785e-01 9.017642e-01 9.041751e-01 9.095757e-01 9.122898e-01 9.230635e-01 9.276740e-01 9.316621e-01 9.356006e-01 9.389721e-01 9.441794e-01 9.474373e-01 9.580838e-01 9.601722e-01 9.639563e-01 9.708030e-01 9.753457e-01 9.794843e-01 9.857602e-01 9.958015e-01 9.964463e-01 1.010272e+00 1.055197e+00 1.064967e+00 1.079192e+00 1.168106e+00 
80 1121 1.917952e-01 1.167398e+00 8.680412e-01 8.680412e-01 8.738580e-01 8.775932e-01 8.809272e-01 8.853029e-01 8.882324e-01 8.905778e-01 8.917688e-01 8.962259e-01 9.000539e-01 9.071127e-01 9.095570e-01 9.112469e-01 9.222427e-01 9.273427e-01 9.313596e-01 9.340642e-01 9.381438e-01 9.431582e-01 9.489385e-01 9.588727e-01 9.592289e-01 9.649511e-01 9.687257e-01 9.744072e-01 9.793193e-01 9.858085e-01 9.943058e-01 9.973812e-01 1.013261e+00 1.053028e+00 1.068378e+00 1.077289e+00 1.167398e+00 
81 1135 1.888831e-01 1.167740e+00 8.660174e-01 8.660174e-01 8.716904e-01 8.754881e-01 8.792529e-01 8.852088e-01 8.860831e-01 8.897888e-01 8.902628e-01 8.962075e-01 8.993285e-01 9.060949e-01 9.091197e-01 9.124111e-01 9.208010e-01 9.258892e-01 9.310183e-01 9.353369e-01 9.373782e-01 9.422725e-01 9.476654e-01 9.578613e-01 9.606855e-01 9.655890e-01 9.679966e-01 9.736927e-01 9.778441e-01 9.847727e-01 9.944977e-01 9.982719e-01 1.013105e+00 1.052971e+00 1.069339e+00 1.077355e+00 1.167740e+00 
82 1149 1.875058e-01 1.166699e+00 8.648929e-01 8.648929e-01 8.704058e-01 8.741323e-01 8.797897e-01 8.838052e-01 8.858268e-01 8.886321e-01 8.908513e-01 8.947292e-01 8.976979e-01 9.059110e-01 9.072806e-01 9.131604e-01 9.204589e-01 9.242507e-01 9.308715e-01 9.336030e-01 9.361868e-01 9.401989e-01 9.478213e-01 9.587461e-01 9.606080e-01 9.638232e-01 9.703046e-01 9.742359e-01 9.781469e-01 9.848143e-01 9.936416e-01 9.995726e-01 1.018974e+00 1.051058e+00 1.070421e+00 1.076846e+00 1.166699e+00 
83 1163 1.866396e-01 1.172705e+00 8.654416e-01 8.654416e-01 8.685941e-01 8.735609e-01 8.808187e-01 8.828759e-01 8.838512e-01 8.897101e-01 8.917264e-01 8.928338e-01 8.973551e-01 9.047884e-01 9.091335e-01 9.119951e-01 9.193070e-01 9.287592e-01 9.293996e-01 9.322664e-01 9.346901e-01 9.392236e-01 9.473846e-01 9.572246e-01 9.604343e-01 9.615191e-01 9.686438e-01 9.723451e-01 9.767824e-01 9.829970e-01 9.945999e-01 9.994149e-01 1.022680e+00 1.050034e+00 1.071580e+00 1.075999e+00 1.172705e+00 
84 1177 1.833872e-01 1.173709e+00 8.643814e-01 8.643814e-01 8.669039e-01 8.724843e-01 8.797372e-01 8.819381e-01 8.842766e-01 8.881632e-01 8.897149e-01 8.914721e-01 8.969978e-01 9.028975e-01 9.074346e-01 9.117056e-01 9.213486e-01 9.284030e-01 9.289724e-01 9.302812e-01 9.362796e-01 9.417835e-01 9.469749e-01 9.558776e-01 9.594440e-01 9.614613e-01 9.681651e-01 9.708256e-01 9.752343e-01 9.835318e-01 9.937656e-01 9.985972e-01 1.027324e+00 1.049099e+00 1.069643e+00 1.076294e+00 1.173709e+00 
85 1191 1.789426e-01 1.172541e+00 8.623351e-01 8.623351e-01 8.656034e-01 8.713724e-01 8.786120e-01 8.810926e-01 8.827493e-01 8.866476e-01 8.896319e-01 8.900997e-01 8.966766e-01 9.014727e-01 9.068735e-01 9.117521e-01 9.200058e-01 9.263237e-01 9.288294e-01 9.311872e-01 9.356633e-01 9.414297e-01 9.471013e-01 9.548259e-01 9.579487e-01 9.619281e-01 9.705844e-01 9.719344e-01 9.748994e-01 9.821758e-01 9.920036e-01 9.967734e-01 1.028994e+00 1.048856e+00 1.068486e+00 1.079756e+00 1.172541e+00 
86 1205 1.751623e-01 1.171389e+00 8.611973e-01 8.611973e-01 8.648255e-01 8.695588e-01 8.766579e-01 8.806790e-01 8.812203e-01 8.845926e-01 8.874812e-01 8.891204e-01 8.957032e-01 9.010395e-01 9.060992e-01 9.098339e-01 9.189018e-01 9.245226e-01 9.271240e-01 9.331536e-01 9.357827e-01 9.405214e-01 9.460483e-01 9.535742e-01 9.562062e-01 9.609738e-01 9.692868e-01 9.735237e-01 9.751899e-01 9.800434e-01 9.922263e-01 9.967146e-01 1.028553e+00 1.049321e+00 1.067828e+00 1.078490e+00 1.171389e+00 
87 1219 1.687975e-01 1.170089e+00 8.594169e-01 8.594169e-01 8.639139e-01 8.674406e-01 8.765898e-01 8.793383e-01 8.799181e-01 8.830734e-01 8.859998e-01 8.886599e-01 8.943574e-01 8.998885e-01 9.044104e-01 9.075682e-01 9.178318e-01 9.247889e-01 9.272075e-01 9.315321e-01 9.342058e-01 9.408831e-01 9.443863e-01 9.535171e-01 9.551453e-01 9.601821e-01 9.674135e-01 9.717026e-01 9.767858e-01 9.797573e-01 9.915456e-01 9.963567e-01 1.028415e+00 1.051376e+00 1.065732e+00 1.076680e+00 1.170089e+00 
88 1233 1.638078e-01 1.168839e+00 8.577459e-01 8.577459e-01 8.642386e-01 8.658142e-01 8.757403e-01 8.775913e-01 8.780873e-01 8.808846e-01 8.847566e-01 8.866579e-01 8.924716e-01 8.998102e-01 9.051290e-01 9.054454e-01 9.160563e-01 9.240437e-01 9.261758e-01 9.316465e-01 9.336123e-01 9.404614e-01 9.424396e-01 9.515970e-01 9.539689e-01 9.586221e-01 9.658151e-01 9.696953e-01 9.750462e-01 9.837077e-01 9.903293e-01 9.953656e-01 1.027827e+00 1.051614e+00 1.065962e+00 1.075916e+00 1.168839e+00 
89 1247 1.590010e-01 1.169093e+00 8.580345e-01 8.580345e-01 8.635236e-01 8.654755e-01 8.736180e-01 8.756739e-01 8.777974e-01 8.814662e-01 8.835001e-01 8.854132e-01 8.911953e-01 8.978600e-01 9.042949e-01 9.057743e-01 9.152883e-01 9.228862e-01 9.253087e-01 9.300466e-01 9.323975e-01 9.407437e-01 9.410991e-01 9.509413e-01 9.547801e-01 9.567266e-01 9.648388e-01 9.685539e-01 9.743717e-01 9.824934e-01 9.896269e-01 9.954533e-01 1.027319e+00 1.057944e+00 1.063630e+00 1.074375e+00 1.169093e+00 
90 1261 2.152884e-01 1.169994e+00 8.573323e-01 8.573323e-01 8.619727e-01 8.641493e-01 8.725994e-01 8.770666e-01 8.797487e-01 8.820852e-01 8.821207e-01 8.839432e-01 8.899080e-01 8.959925e-01 9.033644e-01 9.053673e-01 9.136338e-01 9.213720e-01 9.257153e-01 9.288680e-01 9.312246e-01 9.410857e-01 9.422668e-01 9.502291e-01 9.531421e-01 9.555967e-01 9.638461e-01 9.683422e-01 9.729708e-01 9.813571e-01 9.875446e-01 9.943037e-01 1.025129e+00 1.061627e+00 1.066617e+00 1.072981e+00 1.169994e+00 
91 1275 2.096920e-01 1.168665e+00 8.577416e-01 8.577416e-01 8.616198e-01 8.628570e-01 8.706402e-01 8.756585e-01 8.793058e-01 8.802685e-01 8.808119e-01 8.829805e-01 8.889191e-01 8.942468e-01 9.020925e-01 9.045935e-01 9.125560e-01 9.191845e-01 9.257163e-01 9.280129e-01 9.323808e-01 9.398297e-01 9.426458e-01 9.499553e-01 9.527746e-01 9.543153e-01 9.619061e-01 9.664441e-01 9.731269e-01 9.793982e-01 9.860126e-01 9.942251e-01 1.026827e+00 1.060389e+00 1.066872e+00 1.073401e+00 1.168665e+00 
92 1289 2.062672e-01 1.166622e+00 8.562259e-01 8.562259e-01 8.598482e-01 8.624049e-01 8.686283e-01 8.735616e-01 8.780023e-01 8.794062e-01 8.803820e-01 8.828141e-01 8.897509e-01 8.943783e-01 9.011943e-01 9.057955e-01 9.113147e-01 9.171069e-01 9.257025e-01 9.280238e-01 9.311194e-01 9.384727e-01 9.475102e-01 9.489468e-01 9.516082e-01 9.544855e-01 9.618377e-01 9.653403e-01 9.726816e-01 9.771078e-01 9.869554e-01 9.950131e-01 1.027985e+00 1.061603e+00 1.066488e+00 1.074615e+00 1.166622e+00 
93 1303 2.038034e-01 1.165459e+00 8.554899e-01 8.554899e-01 8.583140e-01 8.617528e-01 8.678259e-01 8.714786e-01 8.762066e-01 8.778021e-01 8.799985e-01 8.815822e-01 8.880732e-01 8.931744e-01 8.997353e-01 9.068159e-01 9.098812e-01 9.187986e-01 9.251877e-01 9.268443e-01 9.300060e-01 9.362323e-01 9.455530e-01 9.483451e-01 9.495125e-01 9.531049e-01 9.601876e-01 9.647737e-01 9.750447e-01 9.783860e-01 9.870374e-01 9.933277e-01 1.027840e+00 1.061666e+00 1.066364e+00 1.078197e+00 1.165459e+00 
94 1317 2.038617e-01 1.162963e+00 8.550269e-01 8.550269e-01 8.571276e-01 8.621346e-01 8.668872e-01 8.702354e-01 8.742075e-01 8.766897e-01 8.786806e-01 8.802443e-01 8.879263e-01 8.913310e-01 9.003011e-01 9.063418e-01 9.107835e-01 9.194484e-01 9.239055e-01 9.261201e-01 9.285784e-01 9.368824e-01 9.437957e-01 9.468180e-01 9.507577e-01 9.530674e-01 9.609250e-01 9.638141e-01 9.731172e-01 9.815489e-01 9.865695e-01 9.956310e-01 1.026752e+00 1.061906e+00 1.067148e+00 1.081734e+00 1.162963e+00 
95 1331 2.002439e-01 1.160697e+00 8.530507e-01 8.530507e-01 8.556444e-01 8.613645e-01 8.650248e-01 8.694807e-01 8.734364e-01 8.755742e-01 8.772155e-01 8.794266e-01 8.872551e-01 8.894392e-01 8.998580e-01 9.051228e-01 9.089896e-01 9.207715e-01 9.242769e-01 9.271881e-01 9.284854e-01 9.369003e-01 9.420269e-01 9.462787e-01 9.496500e-01 9.577259e-01 9.600303e-01 9.622940e-01 9.714488e-01 9.822495e-01 9.861903e-01 1.001370e+00 1.024898e+00 1.059787e+00 1.067656e+00 1.086464e+00 1.160697e+00 
96 1345 1.947605e-01 1.159096e+00 8.513055e-01 8.513055e-01 8.538496e-01 8.599542e-01 8.629509e-01 8.674726e-01 8.727007e-01 8.760251e-01 8.766509e-01 8.778076e-01 8.891675e-01 8.907000e-01 8.999076e-01 9.035881e-01 9.072700e-01 9.193451e-01 9.234337e-01 9.258618e-01 9.269994e-01 9.361014e-01 9.422030e-01 9.464601e-01 9.489214e-01 9.569428e-01 9.615521e-01 9.663375e-01 9.713934e-01 9.836969e-01 9.844351e-01 1.003559e+00 1.025565e+00 1.058402e+00 1.066943e+00 1.087653e+00 1.159096e+00 
97 1359 1.888770e-01 1.157711e+00 8.496735e-01 8.496735e-01 8.520830e-01 8.590614e-01 8.630023e-01 8.662588e-01 8.709436e-01 8.759222e-01 8.762686e-01 8.784607e-01 8.872469e-01 8.886395e-01 8.993988e-01 9.030405e-01 9.054059e-01 9.190482e-01 9.215509e-01 9.250107e-01 9.291618e-01 9.345942e-01 9.415525e-01 9.452842e-01 9.487062e-01 9.560180e-01 9.606327e-01 9.660923e-01 9.697746e-01 9.817055e-01 9.860069e-01 1.004165e+00 1.025091e+00 1.056721e+00 1.066147e+00 1.088914e+00 1.157711e+00 
98 1373 1.862866e-01 1.157278e+00 8.482718e-01 8.482718e-01 8.511418e-01 8.578100e-01 8.617288e-01 8.648244e-01 8.701890e-01 8.743320e-01 8.748379e-01 8.786496e-01 8.853722e-01 8.883143e-01 8.988229e-01 9.034787e-01 9.055459e-01 9.175995e-01 9.211505e-01 9.231261e-01 9.294758e-01 9.337641e-01 9.411916e-01 9.435839e-01 9.480104e-01 9.548409e-01 9.592948e-01 9.653998e-01 9.678562e-01 9.804626e-01 9.841287e-01 1.003070e+00 1.026747e+00 1.056377e+00 1.072420e+00 1.092858e+00 1.157278e+00 
99 1387 1.818771e-01 1.154600e+00 8.475107e-01 8.475107e-01 8.511156e-01 8.591018e-01 8.601750e-01 8.631669e-01 8.692422e-01 8.729724e-01 8.735341e-01 8.800986e-01 8.842182e-01 8.885020e-01 8.976396e-01 9.025507e-01 9.069958e-01 9.155157e-01 9.201574e-01 9.250041e-01 9.307197e-01 9.322016e-01 9.392295e-01 9.414557e-01 9.478406e-01 9.532162e-01 9.570778e-01 9.642148e-01 9.665308e-01 9.801276e-01 9.838515e-01 1.002306e+00 1.026050e+00 1.054850e+00 1.072168e+00 1.095592e+00 1.154600e+00 
100 1401 1.798561e-01 1.152683e+00 8.471785e-01 8.471785e-01 8.491909e-01 8.570448e-01 8.584319e-01 8.619210e-01 8.672910e-01 8.719322e-01 8.731326e-01 8.799447e-01 8.831995e-01 8.865443e-01 8.967683e-01 9.013053e-01 9.063507e-01 9.147075e-01 9.188017e-01 9.246250e-01 9.295435e-01 9.317271e-01 9.378968e-01 9.426965e-01 9.484415e-01 9.537057e-01 9.554786e-01 9.649476e-01 9.709003e-01 9.792751e-01 9.837517e-01 1.001170e+00 1.025967e+00 1.056684e+00 1.078183e+00 1.097715e+00 1.152683e+00 
101 1415 1.778227e-01 1.152946e+00 8.465994e-01 8.465994e-01 8.488534e-01 8.552138e-01 8.574902e-01 8.611653e-01 8.655248e-01 8.705896e-01 8.720167e-01 8.794749e-01 8.815442e-01 8.882572e-01 8.946579e-01 8.994767e-01 9.053478e-01 9.138149e-01 9.169023e-01 9.236310e-01 9.273135e-01 9.323573e-01 9.362387e-01 9.420210e-01 9.486358e-01 9.535727e-01 9.548201e-01 9.643163e-01 9.705382e-01 9.790449e-01 9.836006e-01 1.000578e+00 1.025023e+00 1.055782e+00 1.084179e+00 1.099378e+00 1.152946e+00 
102 1429 1.748593e-01 1.151001e+00 8.450818e-01 8.450818e-01 8.481758e-01 8.539519e-01 8.574421e-01 8.601413e-01 8.638494e-01 8.698411e-01 8.707090e-01 8.782665e-01 8.807316e-01 8.868561e-01 8.942356e-01 9.000531e-01 9.077231e-01 9.139727e-01 9.156247e-01 9.223380e-01 9.254502e-01 9.339736e-01 9.354559e-01 9.423271e-01 9.467107e-01 9.528057e-01 9.571115e-01 9.627897e-01 9.692265e-01 9.793578e-01 9.854373e-01 9.997743e-01 1.023842e+00 1.058045e+00 1.085972e+00 1.098790e+00 1.151001e+00 
103 1443 1.700087e-01 1.150380e+00 8.431391e-01 8.431391e-01 8.466947e-01 8.519968e-01 8.564501e-01 8.588379e-01 8.622383e-01 8.685918e-01 8.692865e-01 8.773224e-01 8.794342e-01 8.872524e-01 8.943066e-01 8.995262e-01 9.062093e-01 9.133595e-01 9.156261e-01 9.207519e-01 9.253622e-01 9.329952e-01 9.357198e-01 9.411733e-01 9.456822e-01 9.530170e-01 9.564584e-01 9.622135e-01 9.687546e-01 9.780284e-01 9.854421e-01 1.001577e+00 1.022402e+00 1.060159e+00 1.084995e+00 1.098818e+00 1.150380e+00 
104 1457 1.635730e-01 1.149564e+00 8.413944e-01 8.413944e-01 8.451009e-01 8.512478e-01 8.565681e-01 8.572783e-01 8.605536e-01 8.664043e-01 8.695450e-01 8.762908e-01 8.781996e-01 8.867356e-01 8.943952e-01 8.995078e-01 9.071017e-01 9.121532e-01 9.160165e-01 9.203168e-01 9.238983e-01 9.328848e-01 9.342853e-01 9.397989e-01 9.439572e-01 9.530774e-01 9.551361e-01 9.611037e-01 9.679188e-01 9.792524e-01 9.860571e-01 1.000187e+00 1.021445e+00 1.060514e+00 1.083160e+00 1.099193e+00 1.149564e+00 
105 1471 1.592056e-01 1.148925e+00 8.403160e-01 8.403160e-01 8.437297e-01 8.512973e-01 8.549286e-01 8.565344e-01 8.599530e-01 8.647923e-01 8.698964e-01 8.743205e-01 8.769145e-01 8.856148e-01 8.941629e-01 8.980398e-01 9.060275e-01 9.115773e-01 9.155418e-01 9.232504e-01 9.246473e-01 9.316466e-01 9.370287e-01 9.392948e-01 9.428427e-01 9.516089e-01 9.528001e-01 9.624067e-01 9.677856e-01 9.785738e-01 9.848009e-01 9.986108e-01 1.019306e+00 1.059834e+00 1.087369e+00 1.100932e+00 1.148925e+00 
106 1485 1.561262e-01 1.148085e+00 8.387491e-01 8.387491e-01 8.420217e-01 8.497978e-01 8.533199e-01 8.546344e-01 8.596335e-01 8.646206e-01 8.690462e-01 8.743695e-01 8.774258e-01 8.836526e-01 8.921521e-01 8.968473e-01 9.039690e-01 9.112391e-01 9.168308e-01 9.226606e-01 9.264629e-01 9.355212e-01 9.378098e-01 9.387221e-01 9.435184e-01 9.497298e-01 9.513705e-01 9.637823e-01 9.685178e-01 9.777505e-01 9.877111e-01 9.967421e-01 1.016988e+00 1.058505e+00 1.088396e+00 1.101436e+00 1.148085e+00 
107 1499 1.535977e-01 1.146264e+00 8.368667e-01 8.368667e-01 8.416398e-01 8.484994e-01 8.527797e-01 8.542989e-01 8.585079e-01 8.631877e-01 8.680148e-01 8.741455e-01 8.761689e-01 8.829989e-01 8.905992e-01 8.988893e-01 9.050654e-01 9.096771e-01 9.159443e-01 9.212000e-01 9.253481e-01 9.342605e-01 9.360620e-01 9.365562e-01 9.427188e-01 9.475918e-01 9.524731e-01 9.621035e-01 9.708172e-01 9.775888e-01 9.894917e-01 9.948861e-01 1.016538e+00 1.057333e+00 1.090293e+00 1.099843e+00 1.146264e+00 
108 1513 1.498004e-01 1.145954e+00 8.351888e-01 8.351888e-01 8.414258e-01 8.467366e-01 8.519402e-01 8.558181e-01 8.567773e-01 8.621078e-01 8.696510e-01 8.722155e-01 8.758505e-01 8.808675e-01 8.892721e-01 8.970755e-01 9.043276e-01 9.086891e-01 9.144382e-01 9.204894e-01 9.238163e-01 9.330902e-01 9.357084e-01 9.373814e-01 9.420665e-01 9.463739e-01 9.506929e-01 9.613373e-01 9.708412e-01 9.786831e-01 9.892066e-01 9.936391e-01 1.015444e+00 1.055342e+00 1.090222e+00 1.099553e+00 1.145954e+00 
109 1527 2.068334e-01 1.155802e+00 8.336954e-01 8.336954e-01 8.401363e-01 8.464759e-01 8.515817e-01 8.538955e-01 8.571136e-01 8.624312e-01 8.679382e-01 8.703572e-01 8.749655e-01 8.811795e-01 8.896753e-01 8.951806e-01 9.057241e-01 9.084703e-01 9.141191e-01 9.197561e-01 9.224685e-01 9.332846e-01 9.346461e-01 9.365587e-01 9.417708e-01 9.452296e-01 9.531770e-01 9.592268e-01 9.712021e-01 9.807422e-01 9.874166e-01 9.931428e-01 1.013735e+00 1.054737e+00 1.089414e+00 1.102049e+00 1.155802e+00 
110 1541 2.030068e-01 1.155646e+00 8.326742e-01 8.326742e-01 8.385136e-01 8.467617e-01 8.508170e-01 8.520907e-01 8.555583e-01 8.627789e-01 8.669011e-01 8.691491e-01 8.733027e-01 8.796615e-01 8.916197e-01 8.946616e-01 9.047823e-01 9.078489e-01 9.122465e-01 9.179254e-01 9.206580e-01 9.310375e-01 9.337946e-01 9.356077e-01 9.405179e-01 9.454009e-01 9.538483e-01 9.581273e-01 9.695635e-01 9.819901e-01 9.855238e-01 9.939079e-01 1.013226e+00 1.054554e+00 1.089441e+00 1.102092e+00 1.155646e+00 
111 1555 1.964103e-01 1.155222e+00 8.313401e-01 8.313401e-01 8.372514e-01 8.460254e-01 8.490070e-01 8.502485e-01 8.542197e-01 8.619379e-01 8.650669e-01 8.671306e-01 8.722304e-01 8.804041e-01 8.903971e-01 8.933469e-01 9.033118e-01 9.063612e-01 9.119731e-01 9.169042e-01 9.195232e-01 9.299025e-01 9.328680e-01 9.347690e-01 9.394461e-01 9.434552e-01 9.537402e-01 9.591711e-01 9.698699e-01 9.819660e-01 9.848113e-01 9.937763e-01 1.014569e+00 1.054331e+00 1.088636e+00 1.105087e+00 1.155222e+00 
112 1569 2.716951e-01 1.153581e+00 8.303374e-01 8.303374e-01 8.357035e-01 8.442623e-01 8.479932e-01 8.498103e-01 8.543131e-01 8.599341e-01 8.636894e-01 8.655917e-01 8.708991e-01 8.795977e-01 8.882390e-01 8.919899e-01 9.015343e-01 9.091013e-01 9.108675e-01 9.154779e-01 9.179012e-01 9.291566e-01 9.314553e-01 9.337088e-01 9.391441e-01 9.435861e-01 9.551229e-01 9.612723e-01 9.703999e-01 9.842240e-01 9.858841e-01 9.933887e-01 1.015103e+00 1.052952e+00 1.090934e+00 1.108967e+00 1.153581e+00 
113 1583 2.643915e-01 1.153654e+00 8.287476e-01 8.287476e-01 8.340039e-01 8.421311e-01 8.474302e-01 8.486062e-01 8.538257e-01 8.587840e-01 8.628873e-01 8.654984e-01 8.718994e-01 8.777780e-01 8.882880e-01 8.931365e-01 9.006607e-01 9.080505e-01 9.092794e-01 9.152851e-01 9.168323e-01 9.286676e-01 9.312402e-01 9.326878e-01 9.380393e-01 9.422391e-01 9.560890e-01 9.607779e-01 9.696360e-01 9.827093e-01 9.856577e-01 9.950166e-01 1.016311e+00 1.051601e+00 1.090868e+00 1.112182e+00 1.153654e+00 
114 1597 2.562354e-01 1.153376e+00 8.278953e-01 8.278953e-01 8.325093e-01 8.409016e-01 8.465923e-01 8.478409e-01 8.528706e-01 8.570149e-01 8.617688e-01 8.650847e-01 8.715974e-01 8.755697e-01 8.883581e-01 8.914023e-01 8.990401e-01 9.060224e-01 9.081798e-01 9.141153e-01 9.190545e-01 9.265273e-01 9.303026e-01 9.315997e-01 9.384675e-01 9.426589e-01 9.554998e-01 9.601432e-01 9.676592e-01 9.804148e-01 9.852319e-01 9.945295e-01 1.015641e+00 1.053016e+00 1.091386e+00 1.113934e+00 1.153376e+00 
115 1611 2.489636e-01 1.151195e+00 8.276355e-01 8.276355e-01 8.321027e-01 8.397204e-01 8.452396e-01 8.466372e-01 8.508704e-01 8.558024e-01 8.601942e-01 8.643396e-01 8.704032e-01 8.748613e-01 8.906563e-01 8.937066e-01 8.972253e-01 9.060606e-01 9.078540e-01 9.134927e-01 9.180847e-01 9.254418e-01 9.291630e-01 9.307201e-01 9.382949e-01 9.407100e-01 9.538807e-01 9.600359e-01 9.675972e-01 9.787151e-01 9.843910e-01 9.923252e-01 1.013774e+00 1.052466e+00 1.091879e+00 1.117100e+00 1.151195e+00 
116 1625 2.444745e-01 1.150277e+00 8.256662e-01 8.256662e-01 8.318916e-01 8.392089e-01 8.438097e-01 8.469556e-01 8.515102e-01 8.538330e-01 8.585382e-01 8.628740e-01 8.684716e-01 8.737368e-01 8.887416e-01 8.917634e-01 8.964715e-01 9.046971e-01 9.081729e-01 9.136425e-01 9.202240e-01 9.258242e-01 9.299638e-01 9.321488e-01 9.403067e-01 9.433397e-01 9.531152e-01 9.619920e-01 9.665727e-01 9.802800e-01 9.840509e-01 9.917547e-01 1.012440e+00 1.051385e+00 1.089607e+00 1.119153e+00 1.150277e+00 
117 1639 2.396951e-01 1.148428e+00 8.241058e-01 8.241058e-01 8.301552e-01 8.389168e-01 8.438750e-01 8.454261e-01 8.498810e-01 8.522999e-01 8.571664e-01 8.641583e-01 8.668932e-01 8.721969e-01 8.876989e-01 8.896795e-01 8.959563e-01 9.035725e-01 9.065983e-01 9.146770e-01 9.199868e-01 9.252363e-01 9.299091e-01 9.312511e-01 9.403951e-01 9.425032e-01 9.513746e-01 9.618512e-01 9.695688e-01 9.787910e-01 9.838734e-01 9.916158e-01 1.012985e+00 1.052394e+00 1.089025e+00 1.120567e+00 1.148428e+00 
118 1653 2.353287e-01 1.146394e+00 8.226257e-01 8.226257e-01 8.306546e-01 8.382689e-01 8.421895e-01 8.453885e-01 8.489589e-01 8.512337e-01 8.556598e-01 8.632934e-01 8.664549e-01 8.716241e-01 8.857342e-01 8.881504e-01 8.977449e-01 9.017275e-01 9.050848e-01 9.146520e-01 9.185657e-01 9.241732e-01 9.292770e-01 9.305337e-01 9.403172e-01 9.440737e-01 9.492232e-01 9.611820e-01 9.698606e-01 9.787728e-01 9.821735e-01 9.932124e-01 1.015923e+00 1.051405e+00 1.086552e+00 1.122568e+00 1.146394e+00 
119 1667 2.296354e-01 1.145072e+00 8.205716e-01 8.205716e-01 8.299060e-01 8.381803e-01 8.410002e-01 8.438543e-01 8.473726e-01 8.497223e-01 8.574050e-01 8.620527e-01 8.658581e-01 8.724151e-01 8.850264e-01 8.876435e-01 8.968534e-01 9.017284e-01 9.043186e-01 9.140445e-01 9.189967e-01 9.230067e-01 9.274154e-01 9.294754e-01 9.396169e-01 9.432115e-01 9.469479e-01 9.596790e-01 9.690181e-01 9.784759e-01 9.838355e-01 9.931292e-01 1.015476e+00 1.049201e+00 1.085977e+00 1.123827e+00 1.145072e+00 
120 1681 2.221195e-01 1.146375e+00 8.198645e-01 8.198645e-01 8.297933e-01 8.379114e-01 8.396445e-01 8.425515e-01 8.457138e-01 8.483128e-01 8.578707e-01 8.626002e-01 8.660289e-01 8.718630e-01 8.852964e-01 8.880018e-01 8.949448e-01 9.004880e-01 9.027846e-01 9.129554e-01 9.178796e-01 9.249706e-01 9.266566e-01 9.289248e-01 9.384772e-01 9.433509e-01 9.458616e-01 9.599495e-01 9.686626e-01 9.809792e-01 9.832221e-01 9.941786e-01 1.013968e+00 1.047422e+00 1.085271e+00 1.126862e+00 1.146375e+00 
121 1695 2.153540e-01 1.144859e+00 8.186087e-01 8.186087e-01 8.318245e-01 8.364427e-01 8.392929e-01 8.413526e-01 8.442767e-01 8.470090e-01 8.570979e-01 8.637607e-01 8.642215e-01 8.717124e-01 8.834776e-01 8.866011e-01 8.955979e-01 8.995145e-01 9.024343e-01 9.113123e-01 9.179008e-01 9.228272e-01 9.248858e-01 9.272091e-01 9.370616e-01 9.417693e-01 9.462263e-01 9.590172e-01 9.696387e-01 9.812242e-01 9.828336e-01 9.952920e-01 1.013432e+00 1.046883e+00 1.083590e+00 1.127641e+00 1.144859e+00 
122 1709 2.120514e-01 1.142391e+00 8.182029e-01 8.182029e-01 8.300162e-01 8.366946e-01 8.383500e-01 8.408694e-01 8.422812e-01 8.465718e-01 8.572829e-01 8.621000e-01 8.647581e-01 8.707120e-01 8.839836e-01 8.858292e-01 8.942930e-01 8.980240e-01 9.011265e-01 9.108629e-01 9.201924e-01 9.209232e-01 9.248866e-01 9.332666e-01 9.356008e-01 9.413058e-01 9.448742e-01 9.608450e-01 9.689155e-01 9.803572e-01 9.824660e-01 9.952970e-01 1.011979e+00 1.045529e+00 1.082025e+00 1.128749e+00 1.142391e+00 
123 1723 2.082779e-01 1.141653e+00 8.179620e-01 8.179620e-01 8.286373e-01 8.354004e-01 8.370950e-01 8.412033e-01 8.417891e-01 8.451705e-01 8.554982e-01 8.599772e-01 8.648085e-01 8.699289e-01 8.830621e-01 8.878682e-01 8.932292e-01 8.971282e-01 9.020715e-01 9.106524e-01 9.179367e-01 9.203514e-01 9.228002e-01 9.338533e-01 9.340133e-01 9.413353e-01 9.432242e-01 9.621578e-01 9.687045e-01 9.791657e-01 9.843020e-01 9.953552e-01 1.012899e+00 1.043434e+00 1.080238e+00 1.129018e+00 1.141653e+00 
124 1737 2.022766e-01 1.140584e+00 8.162658e-01 8.162658e-01 8.279451e-01 8.343419e-01 8.355002e-01 8.406628e-01 8.413752e-01 8.458031e-01 8.547990e-01 8.594855e-01 8.632201e-01 8.692533e-01 8.810032e-01 8.882348e-01 8.913927e-01 8.951075e-01 9.014158e-01 9.097951e-01 9.165401e-01 9.184618e-01 9.217520e-01 9.326206e-01 9.332982e-01 9.397275e-01 9.440802e-01 9.664644e-01 9.684920e-01 9.785961e-01 9.843902e-01 9.961336e-01 1.014805e+00 1.041513e+00 1.079258e+00 1.130172e+00 1.140584e+00 
125 1751 2.006355e-01 1.138133e+00 8.145469e-01 8.145469e-01 8.267885e-01 8.327471e-01 8.363917e-01 8.392197e-01 8.419144e-01 8.455877e-01 8.533579e-01 8.577118e-01 8.622346e-01 8.677747e-01 8.795948e-01 8.867725e-01 8.916809e-01 8.961011e-01 9.010707e-01 9.083752e-01 9.164835e-01 9.175060e-01 9.231060e-01 9.321597e-01 9.362229e-01 9.388425e-01 9.464278e-01 9.642419e-01 9.675327e-01 9.783280e-01 9.845593e-01 9.955004e-01 1.014365e+00 1.043121e+00 1.083044e+00 1.129262e+00 1.138133e+00 
126 1765 1.996490e-01 1.136368e+00 8.128318e-01 8.128318e-01 8.259714e-01 8.321821e-01 8.349851e-01 8.379686e-01 8.402985e-01 8.448058e-01 8.512709e-01 8.581228e-01 8.611109e-01 8.668657e-01 8.792120e-01 8.849529e-01 8.914471e-01 8.952132e-01 8.998386e-01 9.068801e-01 9.147224e-01 9.161042e-01 9.217675e-01 9.303976e-01 9.348981e-01 9.411472e-01 9.481295e-01 9.627711e-01 9.672839e-01 9.771012e-01 9.869574e-01 9.945716e-01 1.016534e+00 1.045778e+00 1.081317e+00 1.128057e+00 1.136368e+00 
