%  columns=["iteration, evaluation, sigma, void, void, stds==sigma*sqrt(diag(C))" (startseed=210505, 2023/08/17 11:3:43.06)
1 15 3.940175e-01 0 0 3.938889e-01 3.937659e-01 3.938305e-01 3.938448e-01 3.946270e-01 3.940116e-01 3.962629e-01 3.948287e-01 3.932430e-01 3.936487e-01 3.934731e-01 3.951763e-01 3.936390e-01 3.935451e-01 3.935989e-01 3.935450e-01 3.940763e-01 3.934214e-01 3.935283e-01 3.937921e-01 3.936452e-01 3.932051e-01 3.930540e-01 3.939163e-01 3.933818e-01 3.933100e-01 3.932349e-01 3.935608e-01 3.930844e-01 3.938839e-01 3.933695e-01 3.946572e-01 3.931514e-01 3.937002e-01 
2 29 3.816593e-01 0 0 3.809223e-01 3.812951e-01 3.810019e-01 3.808875e-01 3.819040e-01 3.810961e-01 3.838904e-01 3.829684e-01 3.807404e-01 3.809262e-01 3.804487e-01 3.821998e-01 3.810424e-01 3.824113e-01 3.810114e-01 3.805949e-01 3.811141e-01 3.804941e-01 3.803644e-01 3.807510e-01 3.809846e-01 3.800215e-01 3.802355e-01 3.809141e-01 3.801384e-01 3.807071e-01 3.820199e-01 3.805515e-01 3.802361e-01 3.816204e-01 3.802105e-01 3.818355e-01 3.805561e-01 3.808356e-01 
3 43 3.668046e-01 0 0 3.658172e-01 3.658229e-01 3.652793e-01 3.656493e-01 3.666352e-01 3.660290e-01 3.684152e-01 3.674792e-01 3.652005e-01 3.665230e-01 3.669500e-01 3.674693e-01 3.657064e-01 3.675252e-01 3.656636e-01 3.654146e-01 3.657671e-01 3.650666e-01 3.649211e-01 3.656809e-01 3.656616e-01 3.647171e-01 3.651495e-01 3.661177e-01 3.645733e-01 3.662421e-01 3.672855e-01 3.666755e-01 3.650917e-01 3.659430e-01 3.647201e-01 3.671293e-01 3.664373e-01 3.654770e-01 
4 57 3.492078e-01 0 0 3.476906e-01 3.481363e-01 3.470537e-01 3.474981e-01 3.487500e-01 3.483760e-01 3.501839e-01 3.497649e-01 3.469959e-01 3.488961e-01 3.490609e-01 3.491967e-01 3.488044e-01 3.492655e-01 3.475402e-01 3.471467e-01 3.476690e-01 3.475965e-01 3.472547e-01 3.475383e-01 3.474561e-01 3.468423e-01 3.469927e-01 3.486299e-01 3.478321e-01 3.479801e-01 3.492181e-01 3.485248e-01 3.484649e-01 3.481987e-01 3.469648e-01 3.490680e-01 3.485000e-01 3.474422e-01 
5 71 3.290649e-01 0 0 3.272684e-01 3.279085e-01 3.269940e-01 3.268886e-01 3.279455e-01 3.275236e-01 3.299988e-01 3.291016e-01 3.263155e-01 3.289153e-01 3.284410e-01 3.291854e-01 3.281872e-01 3.298881e-01 3.268302e-01 3.268329e-01 3.273117e-01 3.272226e-01 3.268727e-01 3.270071e-01 3.269082e-01 3.262113e-01 3.264745e-01 3.281743e-01 3.274075e-01 3.276044e-01 3.292251e-01 3.276639e-01 3.278803e-01 3.276171e-01 3.262564e-01 3.283350e-01 3.284822e-01 3.272022e-01 
6 85 3.141758e-01 0 0 3.120953e-01 3.136581e-01 3.115066e-01 3.122398e-01 3.127520e-01 3.120028e-01 3.147814e-01 3.136364e-01 3.110790e-01 3.135736e-01 3.134490e-01 3.139515e-01 3.130621e-01 3.143630e-01 3.114475e-01 3.115556e-01 3.120290e-01 3.121123e-01 3.126417e-01 3.117487e-01 3.123702e-01 3.109817e-01 3.116230e-01 3.133537e-01 3.127021e-01 3.122261e-01 3.136366e-01 3.126832e-01 3.128370e-01 3.122890e-01 3.116608e-01 3.131137e-01 3.130846e-01 3.125038e-01 
7 99 2.998398e-01 0 0 2.974408e-01 2.987689e-01 2.969276e-01 2.978349e-01 2.984719e-01 2.971832e-01 3.001455e-01 2.991747e-01 2.963355e-01 2.989742e-01 2.988281e-01 2.996662e-01 2.989655e-01 2.997318e-01 2.969783e-01 2.969783e-01 2.972152e-01 2.977069e-01 2.978631e-01 2.971080e-01 2.977604e-01 2.966032e-01 2.971467e-01 2.990141e-01 2.986782e-01 2.973663e-01 2.990086e-01 2.979290e-01 2.982362e-01 2.978307e-01 2.969567e-01 2.991963e-01 2.981183e-01 2.981884e-01 
8 113 2.868532e-01 0 0 2.840304e-01 2.861330e-01 2.841540e-01 2.852061e-01 2.850306e-01 2.836273e-01 2.865888e-01 2.864941e-01 2.834550e-01 2.854780e-01 2.854007e-01 2.868439e-01 2.853832e-01 2.864935e-01 2.835600e-01 2.837610e-01 2.837445e-01 2.844112e-01 2.842917e-01 2.837965e-01 2.849031e-01 2.838264e-01 2.839277e-01 2.857017e-01 2.853430e-01 2.845570e-01 2.855553e-01 2.844160e-01 2.852126e-01 2.843971e-01 2.845314e-01 2.859436e-01 2.846555e-01 2.848292e-01 
9 127 2.750939e-01 0 0 2.719131e-01 2.739245e-01 2.719684e-01 2.735532e-01 2.727264e-01 2.715428e-01 2.745793e-01 2.745237e-01 2.722747e-01 2.740093e-01 2.735248e-01 2.749619e-01 2.731065e-01 2.753168e-01 2.717052e-01 2.715933e-01 2.718024e-01 2.726986e-01 2.720035e-01 2.720494e-01 2.732194e-01 2.719717e-01 2.727148e-01 2.735893e-01 2.737989e-01 2.724555e-01 2.733113e-01 2.723306e-01 2.733806e-01 2.722200e-01 2.727177e-01 2.736867e-01 2.725280e-01 2.727662e-01 
10 141 2.651474e-01 0 0 2.616359e-01 2.636455e-01 2.616490e-01 2.634950e-01 2.623169e-01 2.613875e-01 2.643663e-01 2.650307e-01 2.623476e-01 2.637661e-01 2.631765e-01 2.649006e-01 2.643671e-01 2.654545e-01 2.614053e-01 2.614044e-01 2.616273e-01 2.622635e-01 2.620834e-01 2.623270e-01 2.632631e-01 2.618194e-01 2.624679e-01 2.637850e-01 2.634655e-01 2.621453e-01 2.629145e-01 2.626679e-01 2.631552e-01 2.620352e-01 2.634454e-01 2.632548e-01 2.623564e-01 2.626385e-01 
11 155 2.515196e-01 0 0 2.478359e-01 2.496563e-01 2.482388e-01 2.495054e-01 2.485385e-01 2.474889e-01 2.505786e-01 2.511458e-01 2.489160e-01 2.496408e-01 2.490341e-01 2.512330e-01 2.502838e-01 2.514328e-01 2.479798e-01 2.476433e-01 2.481844e-01 2.490058e-01 2.481380e-01 2.487754e-01 2.495016e-01 2.486784e-01 2.487878e-01 2.497517e-01 2.497014e-01 2.483529e-01 2.496703e-01 2.485815e-01 2.491069e-01 2.482293e-01 2.506347e-01 2.494833e-01 2.484006e-01 2.485687e-01 
12 169 2.390584e-01 0 0 2.350861e-01 2.370209e-01 2.357377e-01 2.366978e-01 2.356224e-01 2.347778e-01 2.381067e-01 2.384843e-01 2.361912e-01 2.379768e-01 2.363788e-01 2.390329e-01 2.373772e-01 2.388882e-01 2.351792e-01 2.355745e-01 2.358449e-01 2.363460e-01 2.353956e-01 2.362445e-01 2.367889e-01 2.364748e-01 2.360275e-01 2.373356e-01 2.368314e-01 2.358288e-01 2.367610e-01 2.358672e-01 2.362844e-01 2.357198e-01 2.381557e-01 2.366777e-01 2.356198e-01 2.357879e-01 
13 183 2.300544e-01 0 0 2.257053e-01 2.282315e-01 2.266619e-01 2.275122e-01 2.261607e-01 2.255475e-01 2.287986e-01 2.299158e-01 2.274950e-01 2.287584e-01 2.274407e-01 2.304316e-01 2.279993e-01 2.294110e-01 2.263525e-01 2.267209e-01 2.265348e-01 2.274295e-01 2.261483e-01 2.271231e-01 2.278760e-01 2.273815e-01 2.267573e-01 2.281949e-01 2.276277e-01 2.264966e-01 2.273888e-01 2.265764e-01 2.270651e-01 2.264870e-01 2.292792e-01 2.282486e-01 2.263863e-01 2.269142e-01 
14 197 2.179685e-01 0 0 2.138020e-01 2.162089e-01 2.143806e-01 2.150879e-01 2.139015e-01 2.131457e-01 2.166078e-01 2.176950e-01 2.154053e-01 2.163095e-01 2.167170e-01 2.185674e-01 2.156737e-01 2.168580e-01 2.140406e-01 2.145190e-01 2.142367e-01 2.152560e-01 2.139475e-01 2.148958e-01 2.159314e-01 2.150775e-01 2.144340e-01 2.160883e-01 2.155256e-01 2.143021e-01 2.151675e-01 2.142659e-01 2.148881e-01 2.142192e-01 2.171618e-01 2.158288e-01 2.141366e-01 2.154557e-01 
15 211 2.079815e-01 0 0 2.036332e-01 2.058742e-01 2.043349e-01 2.053577e-01 2.037609e-01 2.031856e-01 2.071376e-01 2.071804e-01 2.055937e-01 2.059478e-01 2.069222e-01 2.082583e-01 2.054572e-01 2.070071e-01 2.037600e-01 2.048174e-01 2.040513e-01 2.054252e-01 2.042718e-01 2.052482e-01 2.058711e-01 2.052577e-01 2.044299e-01 2.059029e-01 2.054249e-01 2.041910e-01 2.051937e-01 2.040645e-01 2.048051e-01 2.039624e-01 2.070800e-01 2.056743e-01 2.043219e-01 2.056307e-01 
16 225 2.003903e-01 0 0 1.959859e-01 1.981192e-01 1.966170e-01 1.981201e-01 1.959148e-01 1.954876e-01 1.993770e-01 1.993401e-01 1.977437e-01 1.980918e-01 1.992413e-01 2.003320e-01 1.978263e-01 1.993944e-01 1.961500e-01 1.973996e-01 1.961596e-01 1.977120e-01 1.966352e-01 1.985533e-01 1.985975e-01 1.976098e-01 1.967304e-01 1.983542e-01 1.976249e-01 1.964400e-01 1.977523e-01 1.961769e-01 1.975846e-01 1.964191e-01 1.993610e-01 1.984531e-01 1.973643e-01 1.980265e-01 
17 239 1.913372e-01 0 0 1.867994e-01 1.892084e-01 1.875630e-01 1.889590e-01 1.866995e-01 1.862661e-01 1.906743e-01 1.905770e-01 1.884395e-01 1.886767e-01 1.899966e-01 1.912826e-01 1.888370e-01 1.900250e-01 1.874153e-01 1.884879e-01 1.871218e-01 1.884862e-01 1.873590e-01 1.903985e-01 1.892809e-01 1.884809e-01 1.877388e-01 1.892000e-01 1.886193e-01 1.871644e-01 1.887736e-01 1.869242e-01 1.884270e-01 1.872643e-01 1.900811e-01 1.894112e-01 1.882514e-01 1.888282e-01 
18 253 1.831922e-01 0 0 1.786224e-01 1.807392e-01 1.793298e-01 1.809349e-01 1.786230e-01 1.780694e-01 1.824860e-01 1.822700e-01 1.804662e-01 1.802462e-01 1.824096e-01 1.829821e-01 1.806134e-01 1.816571e-01 1.790731e-01 1.803363e-01 1.790774e-01 1.802018e-01 1.790897e-01 1.824139e-01 1.810288e-01 1.802050e-01 1.796182e-01 1.807714e-01 1.801312e-01 1.792681e-01 1.805103e-01 1.785890e-01 1.800693e-01 1.791686e-01 1.819059e-01 1.813820e-01 1.799687e-01 1.806466e-01 
19 267 1.775789e-01 0 0 1.728554e-01 1.753957e-01 1.738147e-01 1.754219e-01 1.728942e-01 1.723444e-01 1.766973e-01 1.768468e-01 1.749841e-01 1.742610e-01 1.765504e-01 1.775141e-01 1.749600e-01 1.756696e-01 1.733263e-01 1.745397e-01 1.739582e-01 1.744652e-01 1.732850e-01 1.765401e-01 1.750712e-01 1.744342e-01 1.740483e-01 1.748791e-01 1.744961e-01 1.734431e-01 1.748018e-01 1.728371e-01 1.743277e-01 1.734131e-01 1.759167e-01 1.757380e-01 1.744533e-01 1.748469e-01 
20 281 1.722556e-01 0 0 1.676064e-01 1.699630e-01 1.685617e-01 1.699823e-01 1.675813e-01 1.669086e-01 1.712122e-01 1.711777e-01 1.696037e-01 1.688102e-01 1.710001e-01 1.720715e-01 1.698759e-01 1.702593e-01 1.679749e-01 1.689926e-01 1.692678e-01 1.691700e-01 1.685347e-01 1.708634e-01 1.697364e-01 1.688543e-01 1.685209e-01 1.693063e-01 1.691619e-01 1.680538e-01 1.691572e-01 1.673329e-01 1.689659e-01 1.680384e-01 1.703525e-01 1.703602e-01 1.691816e-01 1.695589e-01 
21 295 1.665282e-01 0 0 1.618712e-01 1.649326e-01 1.627837e-01 1.642078e-01 1.618930e-01 1.612810e-01 1.655876e-01 1.651208e-01 1.637370e-01 1.628923e-01 1.653435e-01 1.662074e-01 1.644484e-01 1.643433e-01 1.628685e-01 1.632521e-01 1.637419e-01 1.636046e-01 1.635418e-01 1.651871e-01 1.637607e-01 1.629617e-01 1.626011e-01 1.637857e-01 1.633904e-01 1.622677e-01 1.633006e-01 1.618651e-01 1.632635e-01 1.621635e-01 1.647264e-01 1.643661e-01 1.633542e-01 1.637570e-01 
22 309 1.611375e-01 0 0 1.570640e-01 1.596943e-01 1.572881e-01 1.590600e-01 1.563997e-01 1.559950e-01 1.605803e-01 1.596973e-01 1.585671e-01 1.573391e-01 1.597567e-01 1.605783e-01 1.589538e-01 1.595862e-01 1.572375e-01 1.578657e-01 1.586507e-01 1.580063e-01 1.584326e-01 1.597806e-01 1.585344e-01 1.576009e-01 1.569645e-01 1.585425e-01 1.579906e-01 1.568938e-01 1.578878e-01 1.564577e-01 1.577903e-01 1.570738e-01 1.591639e-01 1.588836e-01 1.580275e-01 1.585259e-01 
23 323 1.595695e-01 0 0 1.553146e-01 1.587603e-01 1.555065e-01 1.575711e-01 1.549735e-01 1.541720e-01 1.588579e-01 1.578905e-01 1.571546e-01 1.555372e-01 1.584449e-01 1.588519e-01 1.574526e-01 1.579480e-01 1.555132e-01 1.560524e-01 1.571545e-01 1.561747e-01 1.568799e-01 1.583860e-01 1.569087e-01 1.559813e-01 1.553918e-01 1.570452e-01 1.563229e-01 1.550582e-01 1.560562e-01 1.547464e-01 1.564639e-01 1.552884e-01 1.573795e-01 1.572264e-01 1.562264e-01 1.573060e-01 
24 337 1.574465e-01 0 0 1.534165e-01 1.569927e-01 1.531305e-01 1.556100e-01 1.526630e-01 1.517603e-01 1.566451e-01 1.556967e-01 1.548117e-01 1.532281e-01 1.562641e-01 1.565398e-01 1.551446e-01 1.556950e-01 1.535552e-01 1.537855e-01 1.551333e-01 1.537350e-01 1.545316e-01 1.560698e-01 1.548650e-01 1.539476e-01 1.534263e-01 1.548135e-01 1.540897e-01 1.528128e-01 1.536951e-01 1.537816e-01 1.546042e-01 1.529229e-01 1.551746e-01 1.548697e-01 1.543355e-01 1.548819e-01 
25 351 1.544741e-01 0 0 1.504446e-01 1.542042e-01 1.499558e-01 1.527778e-01 1.495078e-01 1.486384e-01 1.535964e-01 1.525293e-01 1.515398e-01 1.500243e-01 1.532061e-01 1.533982e-01 1.520071e-01 1.530193e-01 1.504429e-01 1.508082e-01 1.520521e-01 1.507810e-01 1.514263e-01 1.531087e-01 1.517651e-01 1.510447e-01 1.506604e-01 1.518759e-01 1.509781e-01 1.498508e-01 1.505413e-01 1.511064e-01 1.516170e-01 1.500522e-01 1.519647e-01 1.517479e-01 1.513266e-01 1.518008e-01 
26 365 1.489121e-01 0 0 1.449039e-01 1.490296e-01 1.443525e-01 1.472058e-01 1.441440e-01 1.429632e-01 1.479093e-01 1.469252e-01 1.458520e-01 1.443709e-01 1.475289e-01 1.479184e-01 1.464650e-01 1.473482e-01 1.450296e-01 1.452669e-01 1.466329e-01 1.453383e-01 1.460734e-01 1.473974e-01 1.460845e-01 1.454166e-01 1.450739e-01 1.463403e-01 1.452622e-01 1.443157e-01 1.449246e-01 1.457934e-01 1.458780e-01 1.449217e-01 1.462661e-01 1.459829e-01 1.456294e-01 1.461616e-01 
27 379 1.452180e-01 0 0 1.412304e-01 1.450632e-01 1.405911e-01 1.433389e-01 1.405405e-01 1.392527e-01 1.441821e-01 1.429751e-01 1.423058e-01 1.405410e-01 1.438074e-01 1.441495e-01 1.429230e-01 1.437661e-01 1.412884e-01 1.414903e-01 1.428332e-01 1.414170e-01 1.429219e-01 1.440329e-01 1.423486e-01 1.415792e-01 1.415297e-01 1.428397e-01 1.420540e-01 1.405684e-01 1.411321e-01 1.422590e-01 1.421000e-01 1.411876e-01 1.425044e-01 1.423330e-01 1.421630e-01 1.430026e-01 
28 393 1.435641e-01 0 0 1.404152e-01 1.434033e-01 1.387709e-01 1.416928e-01 1.390522e-01 1.375830e-01 1.422542e-01 1.416227e-01 1.404045e-01 1.389287e-01 1.418949e-01 1.423307e-01 1.414096e-01 1.420145e-01 1.396673e-01 1.400480e-01 1.410874e-01 1.396986e-01 1.413811e-01 1.426292e-01 1.405063e-01 1.401186e-01 1.399653e-01 1.411719e-01 1.401460e-01 1.388086e-01 1.393059e-01 1.406524e-01 1.408280e-01 1.394246e-01 1.412421e-01 1.407813e-01 1.404809e-01 1.418161e-01 
29 407 1.414597e-01 0 0 1.383821e-01 1.411956e-01 1.366820e-01 1.398060e-01 1.371183e-01 1.353420e-01 1.407811e-01 1.393830e-01 1.379994e-01 1.366187e-01 1.396055e-01 1.400332e-01 1.390880e-01 1.400261e-01 1.376117e-01 1.378814e-01 1.389065e-01 1.375401e-01 1.391398e-01 1.409908e-01 1.381544e-01 1.380322e-01 1.377037e-01 1.391514e-01 1.378064e-01 1.364576e-01 1.370358e-01 1.388271e-01 1.386693e-01 1.373186e-01 1.390072e-01 1.385009e-01 1.383348e-01 1.397924e-01 
30 421 1.430078e-01 0 0 1.398550e-01 1.425339e-01 1.380636e-01 1.413450e-01 1.385497e-01 1.366586e-01 1.420163e-01 1.407554e-01 1.394916e-01 1.377957e-01 1.410885e-01 1.412945e-01 1.405873e-01 1.414436e-01 1.390930e-01 1.390685e-01 1.405018e-01 1.387588e-01 1.407300e-01 1.430539e-01 1.396443e-01 1.392404e-01 1.392583e-01 1.405700e-01 1.392751e-01 1.379297e-01 1.386895e-01 1.409129e-01 1.399135e-01 1.386814e-01 1.406489e-01 1.403677e-01 1.403391e-01 1.414942e-01 
31 435 1.439653e-01 0 0 1.406506e-01 1.434729e-01 1.391259e-01 1.423313e-01 1.397516e-01 1.374301e-01 1.429673e-01 1.418868e-01 1.401258e-01 1.387383e-01 1.417805e-01 1.421089e-01 1.413981e-01 1.421836e-01 1.401109e-01 1.398113e-01 1.413933e-01 1.394607e-01 1.415515e-01 1.441627e-01 1.405070e-01 1.400782e-01 1.399014e-01 1.416285e-01 1.400773e-01 1.385430e-01 1.397260e-01 1.423074e-01 1.406962e-01 1.398157e-01 1.417763e-01 1.410731e-01 1.413145e-01 1.426806e-01 
32 449 1.434133e-01 0 0 1.401043e-01 1.428964e-01 1.383954e-01 1.419097e-01 1.390624e-01 1.367216e-01 1.428489e-01 1.416011e-01 1.395267e-01 1.383175e-01 1.410224e-01 1.418136e-01 1.405789e-01 1.414718e-01 1.395494e-01 1.392030e-01 1.406579e-01 1.388824e-01 1.409104e-01 1.439859e-01 1.397179e-01 1.392416e-01 1.390517e-01 1.414173e-01 1.394047e-01 1.379680e-01 1.394634e-01 1.417725e-01 1.402576e-01 1.391111e-01 1.411747e-01 1.402698e-01 1.407655e-01 1.420610e-01 
33 463 1.417839e-01 0 0 1.385628e-01 1.409888e-01 1.369674e-01 1.401994e-01 1.372105e-01 1.351260e-01 1.409413e-01 1.398275e-01 1.379176e-01 1.370873e-01 1.397331e-01 1.399771e-01 1.391876e-01 1.396545e-01 1.378102e-01 1.374679e-01 1.394577e-01 1.370500e-01 1.392789e-01 1.423903e-01 1.379797e-01 1.373209e-01 1.371839e-01 1.402023e-01 1.375715e-01 1.362309e-01 1.377562e-01 1.402272e-01 1.383828e-01 1.376077e-01 1.395736e-01 1.385518e-01 1.392225e-01 1.402328e-01 
34 477 1.940560e-01 0 0 1.897342e-01 1.929819e-01 1.874342e-01 1.918448e-01 1.874952e-01 1.847157e-01 1.927580e-01 1.911306e-01 1.884669e-01 1.872343e-01 1.914796e-01 1.911453e-01 1.905481e-01 1.907035e-01 1.883538e-01 1.880671e-01 1.911652e-01 1.873910e-01 1.903128e-01 1.947710e-01 1.887252e-01 1.882806e-01 1.874921e-01 1.922203e-01 1.880684e-01 1.861416e-01 1.882601e-01 1.919723e-01 1.893529e-01 1.883021e-01 1.906435e-01 1.893905e-01 1.906818e-01 1.917237e-01 
35 491 1.900412e-01 0 0 1.858862e-01 1.889206e-01 1.832403e-01 1.877204e-01 1.833638e-01 1.807456e-01 1.885591e-01 1.870268e-01 1.847634e-01 1.834062e-01 1.874133e-01 1.877409e-01 1.864258e-01 1.864929e-01 1.843116e-01 1.846236e-01 1.871746e-01 1.831853e-01 1.860811e-01 1.905096e-01 1.851534e-01 1.841078e-01 1.837420e-01 1.883589e-01 1.844803e-01 1.819968e-01 1.847451e-01 1.878385e-01 1.852322e-01 1.840159e-01 1.862865e-01 1.854988e-01 1.865713e-01 1.874355e-01 
36 505 1.854859e-01 0 0 1.810890e-01 1.841746e-01 1.785523e-01 1.834118e-01 1.786874e-01 1.769521e-01 1.842559e-01 1.824762e-01 1.801316e-01 1.787771e-01 1.826057e-01 1.830431e-01 1.817878e-01 1.817356e-01 1.798999e-01 1.801033e-01 1.824749e-01 1.787591e-01 1.820565e-01 1.856743e-01 1.810447e-01 1.792600e-01 1.792392e-01 1.842558e-01 1.796580e-01 1.773146e-01 1.801895e-01 1.837096e-01 1.809078e-01 1.794524e-01 1.815517e-01 1.807644e-01 1.819514e-01 1.829865e-01 
37 519 1.794732e-01 0 0 1.748853e-01 1.780214e-01 1.728373e-01 1.778777e-01 1.734509e-01 1.710919e-01 1.782913e-01 1.762362e-01 1.744171e-01 1.727983e-01 1.765632e-01 1.768718e-01 1.757150e-01 1.754901e-01 1.738985e-01 1.740148e-01 1.764176e-01 1.727187e-01 1.760703e-01 1.793878e-01 1.748363e-01 1.738089e-01 1.731807e-01 1.780828e-01 1.734583e-01 1.713500e-01 1.745335e-01 1.777429e-01 1.750618e-01 1.734976e-01 1.755510e-01 1.746154e-01 1.762031e-01 1.771489e-01 
38 533 1.743240e-01 0 0 1.696895e-01 1.726285e-01 1.677134e-01 1.726385e-01 1.683946e-01 1.661705e-01 1.731423e-01 1.709682e-01 1.693408e-01 1.675090e-01 1.715382e-01 1.717638e-01 1.705006e-01 1.703230e-01 1.685926e-01 1.690551e-01 1.715132e-01 1.676684e-01 1.711983e-01 1.740953e-01 1.696099e-01 1.692791e-01 1.680072e-01 1.726918e-01 1.681007e-01 1.661424e-01 1.691410e-01 1.725443e-01 1.698192e-01 1.682541e-01 1.702869e-01 1.692952e-01 1.707541e-01 1.722016e-01 
39 547 1.689477e-01 0 0 1.642599e-01 1.671565e-01 1.626739e-01 1.671659e-01 1.628744e-01 1.608867e-01 1.676844e-01 1.655663e-01 1.641486e-01 1.621588e-01 1.664767e-01 1.661592e-01 1.652222e-01 1.647503e-01 1.631104e-01 1.641512e-01 1.660334e-01 1.625045e-01 1.658513e-01 1.685869e-01 1.642729e-01 1.639346e-01 1.625511e-01 1.674575e-01 1.627173e-01 1.608431e-01 1.636699e-01 1.672765e-01 1.645533e-01 1.628882e-01 1.645978e-01 1.640330e-01 1.656380e-01 1.667578e-01 
40 561 1.616401e-01 0 0 1.570948e-01 1.600527e-01 1.553043e-01 1.597919e-01 1.555890e-01 1.537391e-01 1.604651e-01 1.580586e-01 1.568305e-01 1.549382e-01 1.594725e-01 1.587041e-01 1.578383e-01 1.573869e-01 1.559686e-01 1.571120e-01 1.586248e-01 1.555560e-01 1.587520e-01 1.609988e-01 1.568838e-01 1.568251e-01 1.552997e-01 1.600964e-01 1.553780e-01 1.538734e-01 1.564548e-01 1.601225e-01 1.572231e-01 1.556325e-01 1.575301e-01 1.566681e-01 1.584802e-01 1.596232e-01 
41 575 1.548586e-01 0 0 1.505193e-01 1.532901e-01 1.484844e-01 1.529949e-01 1.488697e-01 1.472899e-01 1.537675e-01 1.512962e-01 1.505013e-01 1.481093e-01 1.527060e-01 1.523496e-01 1.511230e-01 1.506306e-01 1.493978e-01 1.503388e-01 1.517023e-01 1.487292e-01 1.523225e-01 1.539280e-01 1.501609e-01 1.504961e-01 1.489049e-01 1.540764e-01 1.485233e-01 1.473864e-01 1.497303e-01 1.534300e-01 1.504034e-01 1.490748e-01 1.506987e-01 1.501104e-01 1.516448e-01 1.530628e-01 
42 589 2.090514e-01 0 0 2.029134e-01 2.067182e-01 2.000502e-01 2.070396e-01 2.007711e-01 1.986166e-01 2.072862e-01 2.037296e-01 2.031068e-01 1.995450e-01 2.057247e-01 2.056818e-01 2.038595e-01 2.030988e-01 2.018428e-01 2.026569e-01 2.045890e-01 2.007075e-01 2.053844e-01 2.075796e-01 2.022985e-01 2.029204e-01 2.008672e-01 2.080305e-01 2.003528e-01 1.989349e-01 2.022400e-01 2.067960e-01 2.029156e-01 2.008846e-01 2.030209e-01 2.023437e-01 2.045177e-01 2.067747e-01 
43 603 2.028102e-01 0 0 1.964748e-01 2.001516e-01 1.937196e-01 2.007947e-01 1.946662e-01 1.926638e-01 2.012658e-01 1.973251e-01 1.972446e-01 1.932579e-01 1.996366e-01 1.997402e-01 1.980864e-01 1.967902e-01 1.959808e-01 1.964677e-01 1.982785e-01 1.945045e-01 1.991838e-01 2.012364e-01 1.959313e-01 1.967272e-01 1.946327e-01 2.021530e-01 1.942140e-01 1.929197e-01 1.962573e-01 2.006148e-01 1.966046e-01 1.945950e-01 1.972133e-01 1.961755e-01 1.983710e-01 2.003410e-01 
44 617 1.934874e-01 0 0 1.871373e-01 1.906717e-01 1.854012e-01 1.915007e-01 1.856202e-01 1.834993e-01 1.923558e-01 1.883405e-01 1.887168e-01 1.842315e-01 1.901785e-01 1.910313e-01 1.887444e-01 1.875544e-01 1.865710e-01 1.872090e-01 1.888099e-01 1.853687e-01 1.901058e-01 1.918758e-01 1.867883e-01 1.872495e-01 1.855440e-01 1.927158e-01 1.854483e-01 1.837071e-01 1.870306e-01 1.911102e-01 1.872190e-01 1.853845e-01 1.886800e-01 1.868385e-01 1.889181e-01 1.908015e-01 
45 631 1.880206e-01 0 0 1.814578e-01 1.855984e-01 1.798872e-01 1.859118e-01 1.807426e-01 1.779497e-01 1.867942e-01 1.826707e-01 1.832843e-01 1.789181e-01 1.843441e-01 1.852847e-01 1.830973e-01 1.819286e-01 1.812490e-01 1.816272e-01 1.833153e-01 1.800132e-01 1.846495e-01 1.866262e-01 1.812636e-01 1.818063e-01 1.798800e-01 1.871069e-01 1.799154e-01 1.782296e-01 1.817957e-01 1.855131e-01 1.825444e-01 1.796811e-01 1.835343e-01 1.814798e-01 1.835077e-01 1.851447e-01 
46 645 1.794818e-01 0 0 1.727951e-01 1.769388e-01 1.719003e-01 1.772308e-01 1.721477e-01 1.696961e-01 1.782123e-01 1.744433e-01 1.748434e-01 1.708425e-01 1.759066e-01 1.767084e-01 1.747621e-01 1.734166e-01 1.728338e-01 1.738066e-01 1.757688e-01 1.716414e-01 1.763031e-01 1.776960e-01 1.731881e-01 1.732582e-01 1.717473e-01 1.785525e-01 1.714146e-01 1.697734e-01 1.732803e-01 1.769395e-01 1.739939e-01 1.713166e-01 1.750659e-01 1.731637e-01 1.748734e-01 1.764868e-01 
47 659 1.790653e-01 0 0 1.722625e-01 1.768470e-01 1.728500e-01 1.766442e-01 1.714056e-01 1.689240e-01 1.775752e-01 1.738159e-01 1.743295e-01 1.704639e-01 1.754466e-01 1.761076e-01 1.742379e-01 1.726957e-01 1.723633e-01 1.738228e-01 1.759497e-01 1.710726e-01 1.757169e-01 1.778487e-01 1.727646e-01 1.724757e-01 1.710981e-01 1.780257e-01 1.709435e-01 1.695881e-01 1.735160e-01 1.769576e-01 1.738426e-01 1.708372e-01 1.744230e-01 1.724419e-01 1.740708e-01 1.759628e-01 
48 673 1.780903e-01 0 0 1.714782e-01 1.759804e-01 1.720269e-01 1.756990e-01 1.701937e-01 1.678471e-01 1.762965e-01 1.727580e-01 1.733898e-01 1.693965e-01 1.742214e-01 1.754920e-01 1.734815e-01 1.716009e-01 1.719995e-01 1.725770e-01 1.756457e-01 1.700152e-01 1.744481e-01 1.768939e-01 1.718896e-01 1.713408e-01 1.702371e-01 1.768009e-01 1.696531e-01 1.687951e-01 1.727549e-01 1.758859e-01 1.730506e-01 1.700727e-01 1.735156e-01 1.714034e-01 1.731320e-01 1.747035e-01 
49 687 1.774416e-01 0 0 1.706919e-01 1.750872e-01 1.715018e-01 1.749060e-01 1.697784e-01 1.669726e-01 1.753377e-01 1.718153e-01 1.731229e-01 1.689870e-01 1.735439e-01 1.747368e-01 1.725838e-01 1.715176e-01 1.716716e-01 1.717816e-01 1.750805e-01 1.693370e-01 1.734715e-01 1.767707e-01 1.714558e-01 1.706181e-01 1.693081e-01 1.758164e-01 1.686723e-01 1.682303e-01 1.723403e-01 1.749258e-01 1.722325e-01 1.693847e-01 1.726675e-01 1.708194e-01 1.722236e-01 1.739438e-01 
50 701 1.747363e-01 0 0 1.677400e-01 1.722823e-01 1.687388e-01 1.720315e-01 1.672859e-01 1.643478e-01 1.723253e-01 1.690749e-01 1.703692e-01 1.664883e-01 1.708342e-01 1.718482e-01 1.696488e-01 1.686994e-01 1.692164e-01 1.691836e-01 1.724270e-01 1.664483e-01 1.707617e-01 1.741719e-01 1.688813e-01 1.676337e-01 1.665910e-01 1.730684e-01 1.659211e-01 1.655953e-01 1.692930e-01 1.728897e-01 1.694254e-01 1.666741e-01 1.697335e-01 1.680305e-01 1.695892e-01 1.710523e-01 
51 715 1.734409e-01 0 0 1.661704e-01 1.710730e-01 1.672881e-01 1.704968e-01 1.657738e-01 1.628450e-01 1.706978e-01 1.674873e-01 1.689868e-01 1.650699e-01 1.692670e-01 1.705641e-01 1.682775e-01 1.671847e-01 1.682451e-01 1.678952e-01 1.715036e-01 1.650714e-01 1.697406e-01 1.730950e-01 1.675427e-01 1.664665e-01 1.650049e-01 1.716325e-01 1.645377e-01 1.641392e-01 1.677166e-01 1.717256e-01 1.681409e-01 1.653556e-01 1.681970e-01 1.664868e-01 1.682215e-01 1.696245e-01 
52 729 1.698078e-01 0 0 1.626463e-01 1.676472e-01 1.634044e-01 1.668046e-01 1.623373e-01 1.593066e-01 1.667793e-01 1.636376e-01 1.655614e-01 1.615498e-01 1.654336e-01 1.668535e-01 1.644156e-01 1.634373e-01 1.646782e-01 1.641930e-01 1.681061e-01 1.614314e-01 1.658376e-01 1.694961e-01 1.639238e-01 1.629807e-01 1.613039e-01 1.677645e-01 1.608817e-01 1.603863e-01 1.638794e-01 1.680085e-01 1.643833e-01 1.620674e-01 1.649134e-01 1.631393e-01 1.645859e-01 1.659362e-01 
53 743 1.672179e-01 0 0 1.599223e-01 1.649790e-01 1.607006e-01 1.640419e-01 1.596298e-01 1.566779e-01 1.638862e-01 1.609704e-01 1.633020e-01 1.589328e-01 1.630593e-01 1.641508e-01 1.615291e-01 1.607490e-01 1.621186e-01 1.615665e-01 1.658998e-01 1.588154e-01 1.630191e-01 1.670752e-01 1.616739e-01 1.605191e-01 1.586335e-01 1.651210e-01 1.581585e-01 1.577030e-01 1.612064e-01 1.654645e-01 1.615279e-01 1.592982e-01 1.623698e-01 1.608417e-01 1.618273e-01 1.641241e-01 
54 757 1.616478e-01 0 0 1.545639e-01 1.593771e-01 1.554072e-01 1.587461e-01 1.540595e-01 1.515108e-01 1.581123e-01 1.553628e-01 1.576990e-01 1.534305e-01 1.574446e-01 1.585744e-01 1.559631e-01 1.550468e-01 1.564862e-01 1.561572e-01 1.606809e-01 1.533696e-01 1.575953e-01 1.615411e-01 1.561211e-01 1.551223e-01 1.530135e-01 1.596574e-01 1.525277e-01 1.521445e-01 1.556314e-01 1.598188e-01 1.559623e-01 1.541790e-01 1.567653e-01 1.557992e-01 1.561949e-01 1.584500e-01 
55 771 2.190855e-01 0 0 2.093610e-01 2.157425e-01 2.104669e-01 2.151536e-01 2.088563e-01 2.049054e-01 2.141356e-01 2.101856e-01 2.136494e-01 2.077180e-01 2.132565e-01 2.150162e-01 2.113024e-01 2.102379e-01 2.118924e-01 2.111327e-01 2.177537e-01 2.073970e-01 2.133288e-01 2.190884e-01 2.113760e-01 2.099597e-01 2.075238e-01 2.164538e-01 2.063942e-01 2.058070e-01 2.110548e-01 2.167454e-01 2.113128e-01 2.087163e-01 2.121909e-01 2.112620e-01 2.118770e-01 2.143866e-01 
56 785 2.131143e-01 0 0 2.036068e-01 2.096705e-01 2.045145e-01 2.093595e-01 2.029284e-01 1.991851e-01 2.085447e-01 2.040704e-01 2.075959e-01 2.018240e-01 2.070786e-01 2.090921e-01 2.051417e-01 2.041695e-01 2.057295e-01 2.055199e-01 2.114556e-01 2.012833e-01 2.077875e-01 2.133681e-01 2.054642e-01 2.041017e-01 2.017321e-01 2.105927e-01 2.004405e-01 1.997350e-01 2.047665e-01 2.103436e-01 2.052499e-01 2.028268e-01 2.060980e-01 2.054893e-01 2.060502e-01 2.089850e-01 
57 799 2.086358e-01 0 0 1.998339e-01 2.049703e-01 1.999551e-01 2.048188e-01 1.989530e-01 1.948624e-01 2.038648e-01 1.995143e-01 2.030813e-01 1.972911e-01 2.029695e-01 2.043552e-01 2.005374e-01 2.004680e-01 2.009718e-01 2.008469e-01 2.070523e-01 1.966053e-01 2.034615e-01 2.088840e-01 2.010497e-01 1.998498e-01 1.973206e-01 2.056969e-01 1.962661e-01 1.956219e-01 2.006737e-01 2.056365e-01 2.005955e-01 1.984927e-01 2.016022e-01 2.016102e-01 2.014506e-01 2.043755e-01 
58 813 1.999784e-01 0 0 1.912636e-01 1.967362e-01 1.918061e-01 1.960508e-01 1.906281e-01 1.868198e-01 1.965226e-01 1.907524e-01 1.944194e-01 1.891237e-01 1.947381e-01 1.957124e-01 1.920290e-01 1.923498e-01 1.924258e-01 1.924229e-01 1.984089e-01 1.883018e-01 1.947573e-01 2.001084e-01 1.925412e-01 1.911859e-01 1.890731e-01 1.970935e-01 1.880586e-01 1.874130e-01 1.922832e-01 1.967281e-01 1.920106e-01 1.899364e-01 1.929686e-01 1.930376e-01 1.928744e-01 1.956426e-01 
59 827 1.913175e-01 0 0 1.831578e-01 1.879782e-01 1.832147e-01 1.871459e-01 1.826411e-01 1.784353e-01 1.883108e-01 1.821566e-01 1.856550e-01 1.808076e-01 1.860011e-01 1.869008e-01 1.833576e-01 1.838757e-01 1.839950e-01 1.838309e-01 1.899619e-01 1.802688e-01 1.863035e-01 1.911873e-01 1.838733e-01 1.826844e-01 1.809898e-01 1.884377e-01 1.797448e-01 1.795340e-01 1.840273e-01 1.878291e-01 1.835436e-01 1.817400e-01 1.843929e-01 1.844590e-01 1.843149e-01 1.879127e-01 
60 841 1.835377e-01 0 0 1.754074e-01 1.800913e-01 1.755792e-01 1.793484e-01 1.748477e-01 1.708336e-01 1.807757e-01 1.745012e-01 1.777867e-01 1.736031e-01 1.781764e-01 1.795671e-01 1.755864e-01 1.760872e-01 1.760969e-01 1.766139e-01 1.821393e-01 1.728314e-01 1.783430e-01 1.834880e-01 1.762529e-01 1.750007e-01 1.737773e-01 1.810624e-01 1.721985e-01 1.722206e-01 1.764563e-01 1.797743e-01 1.758240e-01 1.742921e-01 1.767288e-01 1.767567e-01 1.767658e-01 1.798682e-01 
61 855 1.748988e-01 0 0 1.671411e-01 1.711945e-01 1.672033e-01 1.705690e-01 1.663585e-01 1.626989e-01 1.725121e-01 1.660709e-01 1.691069e-01 1.653745e-01 1.696738e-01 1.709128e-01 1.672899e-01 1.676973e-01 1.674285e-01 1.682286e-01 1.733743e-01 1.643522e-01 1.699180e-01 1.747434e-01 1.677622e-01 1.664371e-01 1.654238e-01 1.723632e-01 1.641807e-01 1.642406e-01 1.678735e-01 1.711127e-01 1.675121e-01 1.660325e-01 1.683079e-01 1.682676e-01 1.681836e-01 1.709954e-01 
62 869 1.678152e-01 0 0 1.600800e-01 1.642483e-01 1.602238e-01 1.636717e-01 1.596380e-01 1.560688e-01 1.659393e-01 1.591154e-01 1.619565e-01 1.586085e-01 1.627774e-01 1.636220e-01 1.602339e-01 1.605656e-01 1.602519e-01 1.610688e-01 1.661498e-01 1.574802e-01 1.628948e-01 1.676518e-01 1.606341e-01 1.596834e-01 1.585123e-01 1.652529e-01 1.573493e-01 1.576362e-01 1.608247e-01 1.639981e-01 1.607139e-01 1.589632e-01 1.613327e-01 1.614010e-01 1.613838e-01 1.641581e-01 
63 883 1.609013e-01 0 0 1.537291e-01 1.572210e-01 1.533104e-01 1.568337e-01 1.528402e-01 1.495232e-01 1.589976e-01 1.524449e-01 1.552731e-01 1.518642e-01 1.560369e-01 1.567518e-01 1.533197e-01 1.540262e-01 1.538952e-01 1.541277e-01 1.591081e-01 1.508032e-01 1.559121e-01 1.607304e-01 1.538253e-01 1.529290e-01 1.517919e-01 1.581640e-01 1.505615e-01 1.513636e-01 1.541615e-01 1.571554e-01 1.540013e-01 1.522547e-01 1.546727e-01 1.544613e-01 1.544431e-01 1.570847e-01 
64 897 2.175419e-01 0 0 2.077120e-01 2.124494e-01 2.070854e-01 2.119432e-01 2.068281e-01 2.019114e-01 2.147770e-01 2.056552e-01 2.101172e-01 2.054907e-01 2.107773e-01 2.115710e-01 2.084462e-01 2.085871e-01 2.080522e-01 2.078696e-01 2.149553e-01 2.034632e-01 2.107083e-01 2.169719e-01 2.076579e-01 2.064970e-01 2.049445e-01 2.136639e-01 2.033578e-01 2.044352e-01 2.080960e-01 2.122588e-01 2.078946e-01 2.055390e-01 2.090480e-01 2.085181e-01 2.083439e-01 2.120586e-01 
65 911 2.121397e-01 0 0 2.021313e-01 2.073051e-01 2.019408e-01 2.063830e-01 2.016093e-01 1.967811e-01 2.091202e-01 2.001162e-01 2.046816e-01 2.003374e-01 2.058292e-01 2.058641e-01 2.029168e-01 2.042673e-01 2.026574e-01 2.024933e-01 2.096856e-01 1.981547e-01 2.053789e-01 2.112805e-01 2.022332e-01 2.010362e-01 1.995022e-01 2.083453e-01 1.982580e-01 1.995496e-01 2.026469e-01 2.066980e-01 2.027602e-01 2.004103e-01 2.037036e-01 2.033824e-01 2.030667e-01 2.069975e-01 
66 925 2.048589e-01 0 0 1.951924e-01 1.999472e-01 1.945953e-01 1.991417e-01 1.949572e-01 1.898455e-01 2.016414e-01 1.932576e-01 1.972928e-01 1.936061e-01 1.986187e-01 1.985756e-01 1.958318e-01 1.968712e-01 1.957927e-01 1.950945e-01 2.020648e-01 1.910050e-01 1.983084e-01 2.038181e-01 1.949180e-01 1.939142e-01 1.927220e-01 2.012788e-01 1.917138e-01 1.923320e-01 1.955473e-01 1.994251e-01 1.954285e-01 1.934492e-01 1.965963e-01 1.965890e-01 1.961107e-01 1.998449e-01 
67 939 1.962454e-01 0 0 1.868548e-01 1.920923e-01 1.860444e-01 1.905492e-01 1.865672e-01 1.814762e-01 1.930259e-01 1.847797e-01 1.890479e-01 1.851556e-01 1.899717e-01 1.906139e-01 1.877848e-01 1.885472e-01 1.871908e-01 1.867722e-01 1.933284e-01 1.826416e-01 1.896256e-01 1.949387e-01 1.863554e-01 1.856284e-01 1.845955e-01 1.925132e-01 1.836147e-01 1.838767e-01 1.870531e-01 1.911361e-01 1.868006e-01 1.851443e-01 1.884327e-01 1.881471e-01 1.875605e-01 1.913930e-01 
68 953 1.886985e-01 0 0 1.796649e-01 1.844568e-01 1.785104e-01 1.830020e-01 1.791845e-01 1.744364e-01 1.856958e-01 1.773181e-01 1.815960e-01 1.782182e-01 1.824453e-01 1.831305e-01 1.803702e-01 1.810338e-01 1.796060e-01 1.795703e-01 1.855941e-01 1.754183e-01 1.821623e-01 1.871875e-01 1.793681e-01 1.781170e-01 1.776159e-01 1.851331e-01 1.770491e-01 1.771095e-01 1.798466e-01 1.835068e-01 1.795565e-01 1.778247e-01 1.809611e-01 1.807569e-01 1.803683e-01 1.837885e-01 
69 967 1.847747e-01 0 0 1.755881e-01 1.803187e-01 1.745756e-01 1.789151e-01 1.753487e-01 1.708243e-01 1.816299e-01 1.752305e-01 1.777641e-01 1.745667e-01 1.783571e-01 1.790730e-01 1.765819e-01 1.769701e-01 1.760502e-01 1.759191e-01 1.814421e-01 1.716638e-01 1.783225e-01 1.830643e-01 1.763396e-01 1.741307e-01 1.736701e-01 1.808620e-01 1.733961e-01 1.733332e-01 1.764646e-01 1.799127e-01 1.755409e-01 1.737199e-01 1.770590e-01 1.769471e-01 1.765770e-01 1.796137e-01 
70 981 1.818641e-01 0 0 1.726599e-01 1.774944e-01 1.716936e-01 1.757446e-01 1.722819e-01 1.682684e-01 1.787639e-01 1.723753e-01 1.747973e-01 1.718431e-01 1.751368e-01 1.762023e-01 1.737003e-01 1.740481e-01 1.745145e-01 1.730475e-01 1.782416e-01 1.687000e-01 1.754393e-01 1.812923e-01 1.734311e-01 1.712207e-01 1.706490e-01 1.780101e-01 1.705137e-01 1.706006e-01 1.736149e-01 1.776502e-01 1.725687e-01 1.707524e-01 1.746619e-01 1.738780e-01 1.736595e-01 1.768098e-01 
71 995 1.743336e-01 0 0 1.654654e-01 1.699078e-01 1.643233e-01 1.682173e-01 1.650674e-01 1.618440e-01 1.711792e-01 1.650376e-01 1.674331e-01 1.644528e-01 1.675681e-01 1.689072e-01 1.669938e-01 1.664966e-01 1.673185e-01 1.656776e-01 1.705753e-01 1.615015e-01 1.680662e-01 1.737074e-01 1.664752e-01 1.640964e-01 1.632668e-01 1.702831e-01 1.635160e-01 1.636310e-01 1.661086e-01 1.703145e-01 1.652045e-01 1.634592e-01 1.674669e-01 1.665589e-01 1.661995e-01 1.692629e-01 
72 1009 1.663610e-01 0 0 1.580675e-01 1.621200e-01 1.568719e-01 1.602011e-01 1.573455e-01 1.540816e-01 1.635453e-01 1.573461e-01 1.594904e-01 1.566111e-01 1.596142e-01 1.608690e-01 1.593779e-01 1.586420e-01 1.595119e-01 1.585708e-01 1.626865e-01 1.537453e-01 1.606972e-01 1.657344e-01 1.587226e-01 1.563624e-01 1.557273e-01 1.621001e-01 1.560108e-01 1.559802e-01 1.583871e-01 1.622379e-01 1.580018e-01 1.558000e-01 1.595117e-01 1.586477e-01 1.583092e-01 1.616063e-01 
73 1023 1.580677e-01 0 0 1.499097e-01 1.539087e-01 1.488169e-01 1.519979e-01 1.493749e-01 1.462723e-01 1.551147e-01 1.492318e-01 1.513116e-01 1.486019e-01 1.517904e-01 1.527021e-01 1.512760e-01 1.504973e-01 1.514225e-01 1.504746e-01 1.545490e-01 1.459141e-01 1.526522e-01 1.576683e-01 1.505908e-01 1.483557e-01 1.479373e-01 1.537772e-01 1.480933e-01 1.479417e-01 1.502049e-01 1.543282e-01 1.499040e-01 1.477593e-01 1.518053e-01 1.505416e-01 1.505246e-01 1.535040e-01 
74 1037 1.534330e-01 0 0 1.451746e-01 1.498391e-01 1.444469e-01 1.472666e-01 1.447804e-01 1.419559e-01 1.502692e-01 1.448966e-01 1.466352e-01 1.440647e-01 1.472171e-01 1.487444e-01 1.469007e-01 1.459485e-01 1.468943e-01 1.457301e-01 1.498939e-01 1.415894e-01 1.483299e-01 1.528920e-01 1.460774e-01 1.442415e-01 1.439402e-01 1.492435e-01 1.436141e-01 1.433713e-01 1.461934e-01 1.497070e-01 1.453182e-01 1.431347e-01 1.470765e-01 1.460234e-01 1.458623e-01 1.491685e-01 
75 1051 1.521262e-01 0 0 1.436565e-01 1.489851e-01 1.430809e-01 1.459270e-01 1.438392e-01 1.406384e-01 1.486765e-01 1.436144e-01 1.450476e-01 1.429762e-01 1.458425e-01 1.475308e-01 1.455433e-01 1.444950e-01 1.456813e-01 1.444457e-01 1.484259e-01 1.401319e-01 1.470051e-01 1.515901e-01 1.447725e-01 1.431700e-01 1.428577e-01 1.478565e-01 1.424740e-01 1.425590e-01 1.448545e-01 1.483046e-01 1.437803e-01 1.416517e-01 1.456358e-01 1.444857e-01 1.450385e-01 1.479328e-01 
76 1065 1.492160e-01 0 0 1.407318e-01 1.462113e-01 1.402233e-01 1.432504e-01 1.412180e-01 1.380586e-01 1.455266e-01 1.408020e-01 1.420421e-01 1.403548e-01 1.431459e-01 1.447422e-01 1.427842e-01 1.414942e-01 1.428737e-01 1.417424e-01 1.453842e-01 1.373889e-01 1.442037e-01 1.487790e-01 1.422832e-01 1.402262e-01 1.399344e-01 1.448501e-01 1.396519e-01 1.398571e-01 1.421341e-01 1.453848e-01 1.407689e-01 1.387924e-01 1.431443e-01 1.416565e-01 1.424122e-01 1.450452e-01 
77 1079 1.440822e-01 0 0 1.357662e-01 1.415073e-01 1.352486e-01 1.382277e-01 1.367293e-01 1.331453e-01 1.405005e-01 1.356999e-01 1.370779e-01 1.353504e-01 1.384339e-01 1.404053e-01 1.381893e-01 1.365242e-01 1.376403e-01 1.367582e-01 1.401620e-01 1.324245e-01 1.390263e-01 1.437394e-01 1.371575e-01 1.353577e-01 1.349610e-01 1.396279e-01 1.345689e-01 1.348725e-01 1.371447e-01 1.400695e-01 1.359855e-01 1.343480e-01 1.381857e-01 1.365553e-01 1.374561e-01 1.398879e-01 
78 1093 1.963311e-01 0 0 1.847668e-01 1.924812e-01 1.841962e-01 1.883739e-01 1.860429e-01 1.812021e-01 1.915213e-01 1.847714e-01 1.871253e-01 1.845365e-01 1.884288e-01 1.913377e-01 1.883099e-01 1.861102e-01 1.873402e-01 1.864735e-01 1.905057e-01 1.805103e-01 1.892512e-01 1.967999e-01 1.865708e-01 1.842621e-01 1.840178e-01 1.899714e-01 1.831839e-01 1.837062e-01 1.868766e-01 1.904225e-01 1.850623e-01 1.830643e-01 1.881307e-01 1.863954e-01 1.869602e-01 1.906172e-01 
79 1107 1.925049e-01 0 0 1.813488e-01 1.884279e-01 1.802889e-01 1.844043e-01 1.822437e-01 1.774595e-01 1.885667e-01 1.809717e-01 1.838362e-01 1.808425e-01 1.846738e-01 1.875574e-01 1.845485e-01 1.827646e-01 1.833027e-01 1.828252e-01 1.866175e-01 1.770088e-01 1.852573e-01 1.930240e-01 1.826473e-01 1.805036e-01 1.802584e-01 1.861484e-01 1.793087e-01 1.805039e-01 1.833345e-01 1.864540e-01 1.812300e-01 1.795329e-01 1.846588e-01 1.824758e-01 1.829827e-01 1.866388e-01 
80 1121 1.917952e-01 0 0 1.804440e-01 1.874831e-01 1.793616e-01 1.833928e-01 1.812260e-01 1.764852e-01 1.878698e-01 1.800749e-01 1.836119e-01 1.799327e-01 1.837627e-01 1.868132e-01 1.837002e-01 1.817416e-01 1.828165e-01 1.828795e-01 1.856101e-01 1.761689e-01 1.843358e-01 1.921939e-01 1.816459e-01 1.802571e-01 1.795130e-01 1.859460e-01 1.783006e-01 1.801243e-01 1.823160e-01 1.855848e-01 1.803831e-01 1.791361e-01 1.836760e-01 1.818357e-01 1.820946e-01 1.860434e-01 
81 1135 1.888831e-01 0 0 1.782376e-01 1.846603e-01 1.762806e-01 1.802642e-01 1.782314e-01 1.735069e-01 1.848285e-01 1.770777e-01 1.811992e-01 1.768867e-01 1.807018e-01 1.837657e-01 1.807204e-01 1.789586e-01 1.802779e-01 1.802156e-01 1.824898e-01 1.732984e-01 1.813641e-01 1.893497e-01 1.788870e-01 1.773712e-01 1.768452e-01 1.830706e-01 1.753260e-01 1.775075e-01 1.791723e-01 1.823996e-01 1.775805e-01 1.764954e-01 1.807181e-01 1.788631e-01 1.791347e-01 1.834482e-01 
82 1149 1.875058e-01 0 0 1.766480e-01 1.833265e-01 1.750884e-01 1.785503e-01 1.770315e-01 1.721386e-01 1.833426e-01 1.755603e-01 1.803160e-01 1.753043e-01 1.791488e-01 1.820593e-01 1.790698e-01 1.776533e-01 1.790448e-01 1.788504e-01 1.807918e-01 1.720256e-01 1.799718e-01 1.879819e-01 1.773076e-01 1.759679e-01 1.760502e-01 1.816197e-01 1.738959e-01 1.765065e-01 1.780866e-01 1.809128e-01 1.761751e-01 1.752299e-01 1.793975e-01 1.777323e-01 1.779580e-01 1.820331e-01 
83 1163 1.866396e-01 0 0 1.756633e-01 1.824551e-01 1.742095e-01 1.781965e-01 1.761551e-01 1.712023e-01 1.822957e-01 1.748289e-01 1.794116e-01 1.744646e-01 1.780994e-01 1.809625e-01 1.783655e-01 1.769038e-01 1.785519e-01 1.782219e-01 1.799858e-01 1.711677e-01 1.790296e-01 1.875204e-01 1.764737e-01 1.752045e-01 1.750127e-01 1.805574e-01 1.728577e-01 1.758863e-01 1.770030e-01 1.799395e-01 1.752473e-01 1.744950e-01 1.787424e-01 1.767696e-01 1.768855e-01 1.808632e-01 
84 1177 1.833872e-01 0 0 1.722571e-01 1.791761e-01 1.716726e-01 1.749267e-01 1.728460e-01 1.678891e-01 1.788399e-01 1.716834e-01 1.760165e-01 1.712706e-01 1.748310e-01 1.774493e-01 1.750122e-01 1.734850e-01 1.751613e-01 1.755530e-01 1.765754e-01 1.681983e-01 1.759822e-01 1.846732e-01 1.736467e-01 1.723791e-01 1.718854e-01 1.772290e-01 1.696547e-01 1.729022e-01 1.735536e-01 1.763958e-01 1.718996e-01 1.722243e-01 1.755472e-01 1.737014e-01 1.737473e-01 1.775613e-01 
85 1191 1.789426e-01 0 0 1.677507e-01 1.746409e-01 1.674934e-01 1.704384e-01 1.684074e-01 1.634439e-01 1.744501e-01 1.672087e-01 1.720888e-01 1.669401e-01 1.706220e-01 1.730061e-01 1.704927e-01 1.693043e-01 1.708640e-01 1.713371e-01 1.721412e-01 1.640584e-01 1.714364e-01 1.801032e-01 1.692624e-01 1.681229e-01 1.675420e-01 1.729396e-01 1.655125e-01 1.688166e-01 1.691009e-01 1.722531e-01 1.678712e-01 1.677664e-01 1.714981e-01 1.695080e-01 1.698274e-01 1.729112e-01 
86 1205 1.751623e-01 0 0 1.639537e-01 1.706520e-01 1.637696e-01 1.665466e-01 1.648777e-01 1.596607e-01 1.705910e-01 1.634299e-01 1.683362e-01 1.633301e-01 1.667145e-01 1.692780e-01 1.670761e-01 1.657548e-01 1.670167e-01 1.677963e-01 1.683513e-01 1.603492e-01 1.676005e-01 1.759122e-01 1.653406e-01 1.644781e-01 1.639140e-01 1.692857e-01 1.621099e-01 1.649288e-01 1.651628e-01 1.683097e-01 1.642550e-01 1.638776e-01 1.680288e-01 1.659568e-01 1.661626e-01 1.691626e-01 
87 1219 1.687975e-01 0 0 1.576781e-01 1.643606e-01 1.578210e-01 1.604513e-01 1.587746e-01 1.534790e-01 1.641688e-01 1.571890e-01 1.621437e-01 1.570991e-01 1.603232e-01 1.626929e-01 1.607217e-01 1.595861e-01 1.610150e-01 1.613778e-01 1.621312e-01 1.542810e-01 1.611909e-01 1.694319e-01 1.594050e-01 1.582873e-01 1.580094e-01 1.631839e-01 1.558691e-01 1.587649e-01 1.590376e-01 1.623283e-01 1.581145e-01 1.576811e-01 1.618778e-01 1.599955e-01 1.598266e-01 1.630751e-01 
88 1233 1.638078e-01 0 0 1.527485e-01 1.593222e-01 1.529412e-01 1.554450e-01 1.542862e-01 1.486541e-01 1.592594e-01 1.523201e-01 1.571522e-01 1.523085e-01 1.552753e-01 1.578649e-01 1.557060e-01 1.546792e-01 1.562828e-01 1.563532e-01 1.573143e-01 1.497649e-01 1.562686e-01 1.640924e-01 1.546510e-01 1.535832e-01 1.533057e-01 1.582486e-01 1.511346e-01 1.538838e-01 1.542310e-01 1.572390e-01 1.532098e-01 1.528889e-01 1.569123e-01 1.550436e-01 1.549338e-01 1.579447e-01 
89 1247 1.590010e-01 0 0 1.482684e-01 1.552013e-01 1.482934e-01 1.505765e-01 1.498348e-01 1.439834e-01 1.544604e-01 1.475148e-01 1.525270e-01 1.475150e-01 1.506221e-01 1.530354e-01 1.508113e-01 1.501549e-01 1.521685e-01 1.515590e-01 1.528277e-01 1.454022e-01 1.513551e-01 1.591276e-01 1.498800e-01 1.490315e-01 1.486079e-01 1.534542e-01 1.465740e-01 1.492334e-01 1.495790e-01 1.525463e-01 1.485424e-01 1.485238e-01 1.520741e-01 1.503647e-01 1.503949e-01 1.530957e-01 
90 1261 2.152884e-01 0 0 2.010081e-01 2.098478e-01 2.011837e-01 2.034280e-01 2.026889e-01 1.946830e-01 2.087430e-01 1.994056e-01 2.062115e-01 1.996972e-01 2.036203e-01 2.070470e-01 2.039216e-01 2.029207e-01 2.061103e-01 2.051579e-01 2.070161e-01 1.968865e-01 2.046204e-01 2.154497e-01 2.027952e-01 2.018849e-01 2.010052e-01 2.085076e-01 1.984829e-01 2.020737e-01 2.020886e-01 2.066924e-01 2.010714e-01 2.007945e-01 2.056560e-01 2.036093e-01 2.036428e-01 2.070171e-01 
91 1275 2.096920e-01 0 0 1.955949e-01 2.043680e-01 1.956359e-01 1.976829e-01 1.973318e-01 1.892593e-01 2.029052e-01 1.941033e-01 2.011451e-01 1.943869e-01 1.982810e-01 2.013900e-01 1.984303e-01 1.975198e-01 2.004338e-01 1.994029e-01 2.014809e-01 1.920105e-01 1.988515e-01 2.094857e-01 1.975324e-01 1.964424e-01 1.957118e-01 2.027547e-01 1.930655e-01 1.969217e-01 1.965662e-01 2.011776e-01 1.958131e-01 1.953198e-01 2.003496e-01 1.983618e-01 1.980635e-01 2.016193e-01 
92 1289 2.062672e-01 0 0 1.922377e-01 2.009028e-01 1.924088e-01 1.942559e-01 1.937869e-01 1.859206e-01 1.992391e-01 1.908992e-01 1.977027e-01 1.911424e-01 1.947821e-01 1.981024e-01 1.950429e-01 1.947005e-01 1.969040e-01 1.961555e-01 1.990431e-01 1.890671e-01 1.954589e-01 2.058856e-01 1.940098e-01 1.930839e-01 1.935643e-01 1.990194e-01 1.900623e-01 1.937059e-01 1.930929e-01 1.976877e-01 1.922570e-01 1.919907e-01 1.969604e-01 1.951855e-01 1.944285e-01 1.980428e-01 
93 1303 2.038034e-01 0 0 1.898321e-01 1.982740e-01 1.898060e-01 1.914394e-01 1.914712e-01 1.834009e-01 1.965409e-01 1.885501e-01 1.953021e-01 1.885584e-01 1.922289e-01 1.954730e-01 1.926695e-01 1.920185e-01 1.946918e-01 1.935955e-01 1.975023e-01 1.869577e-01 1.928539e-01 2.033035e-01 1.913099e-01 1.908493e-01 1.915218e-01 1.961914e-01 1.875521e-01 1.914902e-01 1.908763e-01 1.952884e-01 1.896834e-01 1.894986e-01 1.944272e-01 1.927271e-01 1.918946e-01 1.953662e-01 
94 1317 2.038617e-01 0 0 1.897363e-01 1.981190e-01 1.895377e-01 1.918514e-01 1.913602e-01 1.832582e-01 1.965601e-01 1.882391e-01 1.950965e-01 1.885560e-01 1.923281e-01 1.960835e-01 1.924734e-01 1.917989e-01 1.944684e-01 1.939139e-01 1.980907e-01 1.868214e-01 1.932676e-01 2.033678e-01 1.910138e-01 1.908521e-01 1.918359e-01 1.958363e-01 1.873497e-01 1.914449e-01 1.906467e-01 1.953130e-01 1.894438e-01 1.898496e-01 1.943589e-01 1.926632e-01 1.923397e-01 1.951267e-01 
95 1331 2.002439e-01 0 0 1.861545e-01 1.942644e-01 1.863302e-01 1.883901e-01 1.877430e-01 1.796311e-01 1.928604e-01 1.848563e-01 1.912360e-01 1.849566e-01 1.890631e-01 1.924684e-01 1.890895e-01 1.880961e-01 1.911091e-01 1.903651e-01 1.946994e-01 1.833963e-01 1.901239e-01 1.994874e-01 1.874002e-01 1.876296e-01 1.886926e-01 1.922272e-01 1.838829e-01 1.878963e-01 1.869984e-01 1.916330e-01 1.863979e-01 1.861269e-01 1.908219e-01 1.903641e-01 1.889105e-01 1.914057e-01 
96 1345 1.947605e-01 0 0 1.811727e-01 1.889458e-01 1.810853e-01 1.829487e-01 1.826411e-01 1.749328e-01 1.874780e-01 1.795673e-01 1.857727e-01 1.802158e-01 1.837721e-01 1.871556e-01 1.841480e-01 1.826775e-01 1.863756e-01 1.850248e-01 1.893758e-01 1.786785e-01 1.852030e-01 1.936663e-01 1.822199e-01 1.823216e-01 1.838518e-01 1.867893e-01 1.785801e-01 1.827691e-01 1.816424e-01 1.860695e-01 1.812082e-01 1.806757e-01 1.852971e-01 1.849576e-01 1.833897e-01 1.858283e-01 
97 1359 1.888770e-01 0 0 1.756875e-01 1.833049e-01 1.754695e-01 1.775717e-01 1.766799e-01 1.699390e-01 1.815632e-01 1.740191e-01 1.798320e-01 1.746175e-01 1.778470e-01 1.814617e-01 1.786204e-01 1.767847e-01 1.806337e-01 1.792520e-01 1.833756e-01 1.732097e-01 1.797336e-01 1.875409e-01 1.763238e-01 1.766491e-01 1.780509e-01 1.811910e-01 1.728263e-01 1.771458e-01 1.758201e-01 1.801896e-01 1.755175e-01 1.751842e-01 1.794424e-01 1.793408e-01 1.783079e-01 1.799956e-01 
98 1373 1.862866e-01 0 0 1.731281e-01 1.812840e-01 1.727400e-01 1.749840e-01 1.739328e-01 1.673705e-01 1.800648e-01 1.713733e-01 1.772598e-01 1.724267e-01 1.750054e-01 1.786487e-01 1.764595e-01 1.741747e-01 1.779588e-01 1.767572e-01 1.805081e-01 1.705059e-01 1.772813e-01 1.850016e-01 1.737912e-01 1.743373e-01 1.753248e-01 1.784793e-01 1.704934e-01 1.749023e-01 1.734036e-01 1.775922e-01 1.732121e-01 1.724773e-01 1.766844e-01 1.766238e-01 1.757351e-01 1.773216e-01 
99 1387 1.818771e-01 0 0 1.687682e-01 1.770950e-01 1.684833e-01 1.706469e-01 1.694843e-01 1.637516e-01 1.757330e-01 1.669644e-01 1.728254e-01 1.679694e-01 1.708328e-01 1.741241e-01 1.723158e-01 1.696795e-01 1.738943e-01 1.722760e-01 1.761956e-01 1.665522e-01 1.732668e-01 1.803065e-01 1.695409e-01 1.700894e-01 1.708334e-01 1.740264e-01 1.661906e-01 1.711483e-01 1.691376e-01 1.732677e-01 1.690023e-01 1.682847e-01 1.724064e-01 1.722185e-01 1.716703e-01 1.729222e-01 
100 1401 1.798561e-01 0 0 1.666191e-01 1.754085e-01 1.666111e-01 1.687529e-01 1.682138e-01 1.620107e-01 1.735462e-01 1.648172e-01 1.707828e-01 1.658924e-01 1.687696e-01 1.724261e-01 1.702605e-01 1.680116e-01 1.719235e-01 1.700817e-01 1.753280e-01 1.643706e-01 1.713650e-01 1.778328e-01 1.675317e-01 1.680906e-01 1.686956e-01 1.720290e-01 1.642632e-01 1.692418e-01 1.670084e-01 1.711640e-01 1.668616e-01 1.662233e-01 1.707320e-01 1.702926e-01 1.697360e-01 1.708208e-01 
101 1415 1.778227e-01 0 0 1.643829e-01 1.731323e-01 1.646533e-01 1.668504e-01 1.666755e-01 1.600905e-01 1.714105e-01 1.628081e-01 1.685024e-01 1.636730e-01 1.666145e-01 1.701464e-01 1.682939e-01 1.663308e-01 1.698521e-01 1.679152e-01 1.738046e-01 1.622611e-01 1.693118e-01 1.755012e-01 1.654125e-01 1.665307e-01 1.668339e-01 1.700256e-01 1.624911e-01 1.674702e-01 1.654803e-01 1.692776e-01 1.649022e-01 1.640804e-01 1.685275e-01 1.680564e-01 1.675134e-01 1.689566e-01 
102 1429 1.748593e-01 0 0 1.616450e-01 1.701793e-01 1.617123e-01 1.639932e-01 1.641982e-01 1.573589e-01 1.682636e-01 1.599188e-01 1.658469e-01 1.606673e-01 1.638546e-01 1.670717e-01 1.661889e-01 1.633005e-01 1.670044e-01 1.648930e-01 1.710083e-01 1.593335e-01 1.663820e-01 1.724718e-01 1.623703e-01 1.636280e-01 1.639226e-01 1.672205e-01 1.599477e-01 1.645029e-01 1.624665e-01 1.663658e-01 1.619163e-01 1.617668e-01 1.656633e-01 1.650814e-01 1.645184e-01 1.660293e-01 
103 1443 1.700087e-01 0 0 1.569280e-01 1.654273e-01 1.570556e-01 1.591292e-01 1.597151e-01 1.527850e-01 1.632783e-01 1.555474e-01 1.611242e-01 1.560801e-01 1.589700e-01 1.622115e-01 1.616602e-01 1.584434e-01 1.621797e-01 1.600247e-01 1.660865e-01 1.546538e-01 1.616799e-01 1.678943e-01 1.576924e-01 1.589529e-01 1.593597e-01 1.626088e-01 1.554018e-01 1.598059e-01 1.577298e-01 1.615154e-01 1.571010e-01 1.582412e-01 1.609537e-01 1.602267e-01 1.601908e-01 1.612509e-01 
104 1457 1.635730e-01 0 0 1.508418e-01 1.589282e-01 1.507520e-01 1.529641e-01 1.536572e-01 1.469757e-01 1.568116e-01 1.494294e-01 1.552174e-01 1.499519e-01 1.526635e-01 1.557517e-01 1.559274e-01 1.525952e-01 1.558068e-01 1.537566e-01 1.597302e-01 1.487380e-01 1.553653e-01 1.613040e-01 1.514556e-01 1.527743e-01 1.534195e-01 1.562253e-01 1.493735e-01 1.535451e-01 1.518822e-01 1.558790e-01 1.508236e-01 1.522227e-01 1.545723e-01 1.540761e-01 1.541459e-01 1.548758e-01 
105 1471 1.592056e-01 0 0 1.465433e-01 1.550821e-01 1.465529e-01 1.485270e-01 1.494689e-01 1.428237e-01 1.527605e-01 1.453545e-01 1.509487e-01 1.459435e-01 1.484537e-01 1.513503e-01 1.518242e-01 1.486583e-01 1.512689e-01 1.497019e-01 1.558151e-01 1.446498e-01 1.510628e-01 1.567453e-01 1.472150e-01 1.488082e-01 1.492175e-01 1.522016e-01 1.453411e-01 1.494300e-01 1.484182e-01 1.518043e-01 1.465968e-01 1.479376e-01 1.501688e-01 1.497565e-01 1.498100e-01 1.505445e-01 
106 1485 1.561262e-01 0 0 1.439052e-01 1.518016e-01 1.434878e-01 1.454724e-01 1.465313e-01 1.399796e-01 1.495975e-01 1.423924e-01 1.481399e-01 1.428115e-01 1.453885e-01 1.487076e-01 1.494077e-01 1.459578e-01 1.482477e-01 1.466124e-01 1.527258e-01 1.415926e-01 1.481128e-01 1.533198e-01 1.443121e-01 1.457024e-01 1.462618e-01 1.493653e-01 1.423424e-01 1.463684e-01 1.454275e-01 1.488957e-01 1.437853e-01 1.453450e-01 1.474076e-01 1.470224e-01 1.467227e-01 1.474103e-01 
107 1499 1.535977e-01 0 0 1.413144e-01 1.494966e-01 1.412471e-01 1.430273e-01 1.441021e-01 1.377850e-01 1.473256e-01 1.399880e-01 1.455091e-01 1.406692e-01 1.429791e-01 1.461910e-01 1.467316e-01 1.439041e-01 1.455631e-01 1.443484e-01 1.501377e-01 1.390909e-01 1.454324e-01 1.505770e-01 1.418326e-01 1.430896e-01 1.439626e-01 1.466137e-01 1.397873e-01 1.439119e-01 1.429260e-01 1.462878e-01 1.413233e-01 1.428234e-01 1.447404e-01 1.446148e-01 1.441269e-01 1.449149e-01 
108 1513 1.498004e-01 0 0 1.376650e-01 1.455879e-01 1.375135e-01 1.392805e-01 1.408292e-01 1.343000e-01 1.434786e-01 1.366118e-01 1.416792e-01 1.368992e-01 1.392561e-01 1.425658e-01 1.428580e-01 1.403316e-01 1.417043e-01 1.406684e-01 1.463226e-01 1.354748e-01 1.420305e-01 1.465839e-01 1.386210e-01 1.393067e-01 1.402533e-01 1.427876e-01 1.360284e-01 1.406613e-01 1.392350e-01 1.427489e-01 1.378289e-01 1.390486e-01 1.410102e-01 1.407070e-01 1.403562e-01 1.412005e-01 
109 1527 2.068334e-01 0 0 1.898075e-01 2.008093e-01 1.897293e-01 1.919708e-01 1.944334e-01 1.852551e-01 1.978045e-01 1.883573e-01 1.958128e-01 1.892642e-01 1.922192e-01 1.968134e-01 1.970314e-01 1.938661e-01 1.963629e-01 1.943958e-01 2.020783e-01 1.868085e-01 1.959175e-01 2.024015e-01 1.916324e-01 1.926725e-01 1.945243e-01 1.969468e-01 1.874618e-01 1.939231e-01 1.923759e-01 1.971350e-01 1.903259e-01 1.916651e-01 1.944160e-01 1.942611e-01 1.945370e-01 1.946285e-01 
110 1541 2.030068e-01 0 0 1.858311e-01 1.967255e-01 1.862781e-01 1.880464e-01 1.907909e-01 1.817495e-01 1.942970e-01 1.846053e-01 1.919820e-01 1.853870e-01 1.886662e-01 1.930453e-01 1.931882e-01 1.901158e-01 1.928600e-01 1.905444e-01 1.981421e-01 1.836061e-01 1.922708e-01 1.982867e-01 1.883030e-01 1.888033e-01 1.908815e-01 1.933459e-01 1.837136e-01 1.905648e-01 1.888446e-01 1.933290e-01 1.867183e-01 1.878283e-01 1.904245e-01 1.903865e-01 1.906174e-01 1.906887e-01 
111 1555 1.964103e-01 0 0 1.794346e-01 1.902618e-01 1.802338e-01 1.817564e-01 1.845332e-01 1.755217e-01 1.876635e-01 1.782421e-01 1.854771e-01 1.793716e-01 1.828262e-01 1.866082e-01 1.868716e-01 1.837459e-01 1.865564e-01 1.839430e-01 1.913481e-01 1.775308e-01 1.861470e-01 1.914301e-01 1.824358e-01 1.824038e-01 1.846925e-01 1.870522e-01 1.776257e-01 1.840976e-01 1.826042e-01 1.868496e-01 1.807424e-01 1.814473e-01 1.841559e-01 1.840173e-01 1.848776e-01 1.840863e-01 
112 1569 2.716951e-01 0 0 2.480059e-01 2.630401e-01 2.497747e-01 2.509949e-01 2.554430e-01 2.426142e-01 2.590326e-01 2.465824e-01 2.566778e-01 2.477739e-01 2.524532e-01 2.579801e-01 2.579474e-01 2.543226e-01 2.580999e-01 2.546002e-01 2.644040e-01 2.459084e-01 2.570900e-01 2.644034e-01 2.531198e-01 2.528147e-01 2.557708e-01 2.594198e-01 2.455763e-01 2.540852e-01 2.525813e-01 2.582496e-01 2.497604e-01 2.506561e-01 2.541507e-01 2.544848e-01 2.556556e-01 2.547711e-01 
113 1583 2.643915e-01 0 0 2.410913e-01 2.556406e-01 2.427809e-01 2.443824e-01 2.487637e-01 2.359451e-01 2.515322e-01 2.399507e-01 2.497642e-01 2.411021e-01 2.452453e-01 2.508823e-01 2.507036e-01 2.474264e-01 2.506605e-01 2.472766e-01 2.570386e-01 2.395682e-01 2.496658e-01 2.569695e-01 2.463294e-01 2.460160e-01 2.489446e-01 2.526647e-01 2.386810e-01 2.478018e-01 2.455094e-01 2.511477e-01 2.427880e-01 2.436749e-01 2.469941e-01 2.479592e-01 2.494883e-01 2.479592e-01 
114 1597 2.562354e-01 0 0 2.336272e-01 2.472152e-01 2.349789e-01 2.364556e-01 2.408503e-01 2.283835e-01 2.436278e-01 2.322470e-01 2.422731e-01 2.335136e-01 2.371731e-01 2.430013e-01 2.428784e-01 2.399313e-01 2.428176e-01 2.398934e-01 2.491156e-01 2.319472e-01 2.414813e-01 2.492264e-01 2.388915e-01 2.380551e-01 2.410188e-01 2.451290e-01 2.307517e-01 2.399405e-01 2.373760e-01 2.430330e-01 2.348843e-01 2.357112e-01 2.392327e-01 2.403775e-01 2.415464e-01 2.406512e-01 
115 1611 2.489636e-01 0 0 2.266849e-01 2.397661e-01 2.279730e-01 2.296810e-01 2.339901e-01 2.216866e-01 2.365990e-01 2.254177e-01 2.353918e-01 2.268703e-01 2.300832e-01 2.360333e-01 2.355587e-01 2.327025e-01 2.355361e-01 2.330586e-01 2.419182e-01 2.251163e-01 2.343799e-01 2.418124e-01 2.321962e-01 2.309953e-01 2.338164e-01 2.381450e-01 2.238029e-01 2.329741e-01 2.304849e-01 2.360226e-01 2.290648e-01 2.285789e-01 2.321594e-01 2.338769e-01 2.343845e-01 2.338014e-01 
116 1625 2.444745e-01 0 0 2.230843e-01 2.348797e-01 2.235982e-01 2.253515e-01 2.300042e-01 2.175835e-01 2.320396e-01 2.209667e-01 2.308710e-01 2.229706e-01 2.259802e-01 2.315463e-01 2.308694e-01 2.285994e-01 2.314132e-01 2.287599e-01 2.371484e-01 2.212302e-01 2.301603e-01 2.370013e-01 2.282079e-01 2.271253e-01 2.305369e-01 2.338780e-01 2.193695e-01 2.289404e-01 2.262416e-01 2.315208e-01 2.245999e-01 2.241768e-01 2.275745e-01 2.296725e-01 2.304376e-01 2.295065e-01 
117 1639 2.396951e-01 0 0 2.183356e-01 2.298170e-01 2.191906e-01 2.207528e-01 2.251138e-01 2.130267e-01 2.272336e-01 2.163566e-01 2.268505e-01 2.187087e-01 2.216587e-01 2.265445e-01 2.263558e-01 2.237189e-01 2.265826e-01 2.240148e-01 2.324455e-01 2.170358e-01 2.252547e-01 2.319635e-01 2.239502e-01 2.224679e-01 2.263477e-01 2.294656e-01 2.147804e-01 2.244545e-01 2.214696e-01 2.267752e-01 2.202455e-01 2.202501e-01 2.230254e-01 2.252608e-01 2.254997e-01 2.249069e-01 
118 1653 2.353287e-01 0 0 2.143835e-01 2.252489e-01 2.148961e-01 2.173170e-01 2.211803e-01 2.090772e-01 2.229816e-01 2.122692e-01 2.224110e-01 2.143711e-01 2.172886e-01 2.223104e-01 2.222520e-01 2.193545e-01 2.219955e-01 2.201010e-01 2.279071e-01 2.125766e-01 2.207157e-01 2.273561e-01 2.196280e-01 2.181617e-01 2.232245e-01 2.251568e-01 2.106460e-01 2.203046e-01 2.170322e-01 2.224629e-01 2.157810e-01 2.168680e-01 2.185816e-01 2.206833e-01 2.218515e-01 2.206318e-01 
119 1667 2.296354e-01 0 0 2.093008e-01 2.198285e-01 2.092942e-01 2.116894e-01 2.157694e-01 2.036584e-01 2.171921e-01 2.072250e-01 2.165870e-01 2.087357e-01 2.116525e-01 2.167583e-01 2.170054e-01 2.137678e-01 2.166659e-01 2.146657e-01 2.219929e-01 2.074456e-01 2.153111e-01 2.217821e-01 2.143363e-01 2.123898e-01 2.178931e-01 2.195636e-01 2.052204e-01 2.145847e-01 2.116199e-01 2.170638e-01 2.103030e-01 2.123830e-01 2.129689e-01 2.151287e-01 2.165677e-01 2.149696e-01 
120 1681 2.221195e-01 0 0 2.029495e-01 2.132880e-01 2.024430e-01 2.047906e-01 2.086252e-01 1.966986e-01 2.098382e-01 2.007441e-01 2.094531e-01 2.016592e-01 2.042522e-01 2.096015e-01 2.100679e-01 2.064875e-01 2.092204e-01 2.073589e-01 2.143781e-01 2.010042e-01 2.080845e-01 2.149467e-01 2.071735e-01 2.053729e-01 2.108296e-01 2.123654e-01 1.983766e-01 2.074340e-01 2.045144e-01 2.099326e-01 2.030682e-01 2.055610e-01 2.055293e-01 2.081095e-01 2.094996e-01 2.075800e-01 
121 1695 2.153540e-01 0 0 1.971691e-01 2.063577e-01 1.964300e-01 1.982070e-01 2.022075e-01 1.905454e-01 2.033656e-01 1.946350e-01 2.031449e-01 1.950983e-01 1.975771e-01 2.029832e-01 2.037892e-01 2.000155e-01 2.025017e-01 2.011935e-01 2.073827e-01 1.945210e-01 2.014943e-01 2.084906e-01 2.009497e-01 1.988537e-01 2.042957e-01 2.056581e-01 1.920459e-01 2.009012e-01 1.979752e-01 2.031607e-01 1.967623e-01 1.995309e-01 1.990236e-01 2.014838e-01 2.032319e-01 2.012455e-01 
122 1709 2.120514e-01 0 0 1.939335e-01 2.033144e-01 1.937545e-01 1.950226e-01 1.990605e-01 1.873869e-01 1.999550e-01 1.916774e-01 1.997438e-01 1.919988e-01 1.944371e-01 1.999815e-01 2.004706e-01 1.969498e-01 1.992333e-01 1.978183e-01 2.037207e-01 1.911882e-01 1.982450e-01 2.050471e-01 1.979525e-01 1.954634e-01 2.014793e-01 2.021904e-01 1.886790e-01 1.978459e-01 1.947418e-01 1.997335e-01 1.938685e-01 1.967214e-01 1.970667e-01 1.981660e-01 1.997875e-01 1.978703e-01 
123 1723 2.082779e-01 0 0 1.905185e-01 1.996896e-01 1.904755e-01 1.914510e-01 1.950932e-01 1.836220e-01 1.963217e-01 1.884253e-01 1.958688e-01 1.883405e-01 1.907765e-01 1.965856e-01 1.965533e-01 1.932994e-01 1.953468e-01 1.940583e-01 1.997312e-01 1.874227e-01 1.945181e-01 2.012130e-01 1.941141e-01 1.920813e-01 1.977989e-01 1.986835e-01 1.851596e-01 1.950749e-01 1.910793e-01 1.960151e-01 1.903270e-01 1.935150e-01 1.932924e-01 1.942585e-01 1.963670e-01 1.941088e-01 
124 1737 2.022766e-01 0 0 1.848340e-01 1.945227e-01 1.850043e-01 1.855548e-01 1.893111e-01 1.780963e-01 1.906503e-01 1.829893e-01 1.903950e-01 1.827562e-01 1.852592e-01 1.907826e-01 1.905703e-01 1.872949e-01 1.893968e-01 1.884476e-01 1.935896e-01 1.818815e-01 1.888463e-01 1.952471e-01 1.881473e-01 1.869287e-01 1.917067e-01 1.927887e-01 1.800674e-01 1.891561e-01 1.852413e-01 1.900145e-01 1.846922e-01 1.879306e-01 1.875569e-01 1.885478e-01 1.911889e-01 1.884495e-01 
125 1751 2.006355e-01 0 0 1.835069e-01 1.931852e-01 1.833005e-01 1.837882e-01 1.874410e-01 1.762505e-01 1.891994e-01 1.812851e-01 1.887678e-01 1.814507e-01 1.841475e-01 1.889726e-01 1.886876e-01 1.854875e-01 1.877083e-01 1.867235e-01 1.925957e-01 1.800675e-01 1.870957e-01 1.933436e-01 1.869087e-01 1.858706e-01 1.899150e-01 1.909751e-01 1.788055e-01 1.873793e-01 1.835314e-01 1.892606e-01 1.832686e-01 1.861578e-01 1.856418e-01 1.868350e-01 1.895223e-01 1.867480e-01 
126 1765 1.996490e-01 0 0 1.824533e-01 1.919691e-01 1.822394e-01 1.825853e-01 1.861608e-01 1.751806e-01 1.878402e-01 1.802073e-01 1.878680e-01 1.803599e-01 1.832647e-01 1.887104e-01 1.877667e-01 1.842342e-01 1.865687e-01 1.853522e-01 1.914225e-01 1.789163e-01 1.864842e-01 1.921512e-01 1.857094e-01 1.850707e-01 1.887074e-01 1.907564e-01 1.777706e-01 1.863671e-01 1.823124e-01 1.883174e-01 1.821534e-01 1.850578e-01 1.846492e-01 1.857454e-01 1.883906e-01 1.855334e-01 
