%  columns="iteration, evaluation, sigma, max axis length, min axis length, all principle axes lengths (sorted square roots of eigenvalues of C)" (startseed=209564, 2023/08/29 12:15:8.65)
1 15 2.836840e-01 1.028442e+00 9.972581e-01 9.972581e-01 9.972581e-01 9.972581e-01 9.972581e-01 9.972581e-01 9.972581e-01 9.972581e-01 9.972581e-01 9.972581e-01 9.972581e-01 9.972581e-01 9.972581e-01 9.972581e-01 9.972581e-01 9.972581e-01 9.972581e-01 9.972581e-01 9.972581e-01 9.972581e-01 9.972581e-01 9.972581e-01 9.972581e-01 9.972581e-01 9.972581e-01 9.972581e-01 9.972581e-01 9.972581e-01 9.976987e-01 9.991134e-01 1.000350e+00 1.004260e+00 1.007902e+00 1.019885e+00 1.028442e+00 
2 29 2.741937e-01 1.035762e+00 9.945238e-01 9.945238e-01 9.945238e-01 9.945238e-01 9.945238e-01 9.945238e-01 9.945238e-01 9.945238e-01 9.945238e-01 9.945238e-01 9.945238e-01 9.945238e-01 9.945238e-01 9.945238e-01 9.945238e-01 9.945238e-01 9.945238e-01 9.945238e-01 9.945238e-01 9.945238e-01 9.945238e-01 9.947698e-01 9.948970e-01 9.960237e-01 9.966608e-01 9.976708e-01 9.990897e-01 9.998834e-01 1.001800e+00 1.002320e+00 1.007035e+00 1.008020e+00 1.017547e+00 1.021179e+00 1.035762e+00 
3 43 2.653401e-01 1.040320e+00 9.917970e-01 9.917970e-01 9.917970e-01 9.917970e-01 9.917970e-01 9.917970e-01 9.917970e-01 9.917970e-01 9.917970e-01 9.917970e-01 9.917970e-01 9.917970e-01 9.917970e-01 9.917970e-01 9.918807e-01 9.919742e-01 9.920504e-01 9.925251e-01 9.933992e-01 9.934787e-01 9.940686e-01 9.943482e-01 9.950022e-01 9.957700e-01 9.971043e-01 9.983133e-01 9.993296e-01 1.002137e+00 1.003715e+00 1.004707e+00 1.009073e+00 1.016968e+00 1.018823e+00 1.026760e+00 1.040320e+00 
4 57 2.566613e-01 1.043746e+00 9.890776e-01 9.890776e-01 9.890776e-01 9.890776e-01 9.890776e-01 9.890776e-01 9.890776e-01 9.891131e-01 9.891760e-01 9.892776e-01 9.893421e-01 9.895464e-01 9.896784e-01 9.896906e-01 9.900887e-01 9.908247e-01 9.910663e-01 9.915960e-01 9.921406e-01 9.924322e-01 9.930149e-01 9.938609e-01 9.942518e-01 9.956574e-01 9.967418e-01 9.972824e-01 1.000030e+00 1.002253e+00 1.004781e+00 1.006517e+00 1.008510e+00 1.018373e+00 1.020580e+00 1.028700e+00 1.043746e+00 
5 71 2.462531e-01 1.048869e+00 9.863950e-01 9.863950e-01 9.864174e-01 9.864381e-01 9.864608e-01 9.865484e-01 9.865843e-01 9.866925e-01 9.869112e-01 9.870200e-01 9.871506e-01 9.874357e-01 9.878552e-01 9.881146e-01 9.885308e-01 9.890266e-01 9.895501e-01 9.903173e-01 9.905187e-01 9.914765e-01 9.923836e-01 9.933728e-01 9.941594e-01 9.952099e-01 9.971798e-01 9.981390e-01 1.000970e+00 1.001928e+00 1.004241e+00 1.006913e+00 1.009606e+00 1.017592e+00 1.019450e+00 1.028720e+00 1.048869e+00 
6 85 2.352789e-01 1.053354e+00 9.837484e-01 9.837484e-01 9.838142e-01 9.838588e-01 9.839379e-01 9.842819e-01 9.843671e-01 9.845056e-01 9.845630e-01 9.851493e-01 9.854203e-01 9.856697e-01 9.861815e-01 9.867599e-01 9.873336e-01 9.877317e-01 9.888132e-01 9.895394e-01 9.899916e-01 9.901745e-01 9.911722e-01 9.922855e-01 9.934866e-01 9.953253e-01 9.969884e-01 9.983381e-01 9.994477e-01 1.001681e+00 1.004809e+00 1.008264e+00 1.010083e+00 1.016620e+00 1.021454e+00 1.027443e+00 1.053354e+00 
7 99 2.237333e-01 1.058733e+00 9.812406e-01 9.812406e-01 9.814046e-01 9.814543e-01 9.816282e-01 9.819736e-01 9.820445e-01 9.824121e-01 9.827357e-01 9.833805e-01 9.835522e-01 9.842531e-01 9.850136e-01 9.852483e-01 9.858451e-01 9.865789e-01 9.871439e-01 9.876729e-01 9.888386e-01 9.898002e-01 9.907705e-01 9.922864e-01 9.942412e-01 9.953718e-01 9.965553e-01 9.990237e-01 1.000337e+00 1.000603e+00 1.003739e+00 1.006960e+00 1.012471e+00 1.019418e+00 1.022750e+00 1.025523e+00 1.058733e+00 
8 113 2.145581e-01 1.059766e+00 9.788169e-01 9.788169e-01 9.788544e-01 9.792696e-01 9.795187e-01 9.796169e-01 9.801074e-01 9.806792e-01 9.807979e-01 9.819707e-01 9.822776e-01 9.825043e-01 9.828889e-01 9.837886e-01 9.847240e-01 9.847840e-01 9.857860e-01 9.866977e-01 9.878970e-01 9.898389e-01 9.914133e-01 9.919520e-01 9.927478e-01 9.948917e-01 9.955218e-01 9.992836e-01 1.001363e+00 1.001999e+00 1.002852e+00 1.007311e+00 1.013118e+00 1.019846e+00 1.022202e+00 1.035882e+00 1.059766e+00 
9 127 2.065440e-01 1.059280e+00 9.764612e-01 9.764612e-01 9.769509e-01 9.770925e-01 9.772872e-01 9.776028e-01 9.778899e-01 9.782036e-01 9.793762e-01 9.796762e-01 9.802272e-01 9.807955e-01 9.816002e-01 9.823231e-01 9.836336e-01 9.844102e-01 9.852982e-01 9.855916e-01 9.868886e-01 9.889786e-01 9.896818e-01 9.909160e-01 9.926850e-01 9.945529e-01 9.959167e-01 9.991483e-01 9.998645e-01 1.000698e+00 1.003937e+00 1.008103e+00 1.014626e+00 1.020468e+00 1.030259e+00 1.036169e+00 1.059280e+00 
10 141 2.016536e-01 1.058338e+00 9.741374e-01 9.741374e-01 9.747208e-01 9.748360e-01 9.751256e-01 9.752636e-01 9.757393e-01 9.770407e-01 9.774588e-01 9.778886e-01 9.789325e-01 9.798112e-01 9.802644e-01 9.813641e-01 9.822238e-01 9.831176e-01 9.839431e-01 9.851845e-01 9.860106e-01 9.884505e-01 9.893677e-01 9.902467e-01 9.935451e-01 9.940461e-01 9.962871e-01 9.982947e-01 9.996716e-01 1.000393e+00 1.005690e+00 1.007992e+00 1.016046e+00 1.020232e+00 1.030971e+00 1.040784e+00 1.058338e+00 
11 155 1.952245e-01 1.058032e+00 9.721039e-01 9.721039e-01 9.726191e-01 9.730529e-01 9.732573e-01 9.733545e-01 9.739660e-01 9.753739e-01 9.755286e-01 9.763038e-01 9.773953e-01 9.780070e-01 9.786034e-01 9.795068e-01 9.805748e-01 9.813987e-01 9.820771e-01 9.837931e-01 9.854659e-01 9.879637e-01 9.887595e-01 9.903629e-01 9.915516e-01 9.940211e-01 9.966901e-01 9.983461e-01 1.000035e+00 1.002855e+00 1.006475e+00 1.009147e+00 1.014945e+00 1.021653e+00 1.032185e+00 1.047166e+00 1.058032e+00 
12 169 1.891637e-01 1.056296e+00 9.700278e-01 9.700278e-01 9.703630e-01 9.705722e-01 9.710411e-01 9.714438e-01 9.727802e-01 9.738359e-01 9.743349e-01 9.746386e-01 9.754758e-01 9.764050e-01 9.769088e-01 9.788466e-01 9.795605e-01 9.797691e-01 9.815835e-01 9.826368e-01 9.858592e-01 9.866965e-01 9.875240e-01 9.890088e-01 9.911539e-01 9.928598e-01 9.947155e-01 9.977978e-01 1.000393e+00 1.004036e+00 1.006256e+00 1.009109e+00 1.013749e+00 1.021857e+00 1.037240e+00 1.052214e+00 1.056296e+00 
13 183 1.827484e-01 1.057071e+00 9.678621e-01 9.678621e-01 9.681374e-01 9.685281e-01 9.690138e-01 9.696648e-01 9.712452e-01 9.718259e-01 9.728811e-01 9.738297e-01 9.743666e-01 9.752915e-01 9.757141e-01 9.770717e-01 9.785776e-01 9.787792e-01 9.810245e-01 9.833427e-01 9.838129e-01 9.856811e-01 9.860940e-01 9.892366e-01 9.917224e-01 9.925976e-01 9.943148e-01 9.963876e-01 1.000032e+00 1.003619e+00 1.004217e+00 1.008567e+00 1.020361e+00 1.021528e+00 1.036258e+00 1.055303e+00 1.057071e+00 
14 197 1.756509e-01 1.064476e+00 9.655973e-01 9.655973e-01 9.658660e-01 9.664008e-01 9.674053e-01 9.675579e-01 9.694420e-01 9.700948e-01 9.705561e-01 9.720796e-01 9.725322e-01 9.744448e-01 9.748829e-01 9.753368e-01 9.764656e-01 9.767719e-01 9.798614e-01 9.824329e-01 9.834850e-01 9.838405e-01 9.863207e-01 9.890136e-01 9.901154e-01 9.906098e-01 9.938733e-01 9.971730e-01 1.001212e+00 1.003752e+00 1.006617e+00 1.009458e+00 1.020786e+00 1.026370e+00 1.034177e+00 1.056260e+00 1.064476e+00 
15 211 1.650547e-01 1.069261e+00 9.631010e-01 9.631010e-01 9.642695e-01 9.645599e-01 9.652659e-01 9.657725e-01 9.674845e-01 9.687115e-01 9.694252e-01 9.699546e-01 9.706110e-01 9.726549e-01 9.730401e-01 9.739388e-01 9.756737e-01 9.766291e-01 9.791159e-01 9.806898e-01 9.814754e-01 9.833779e-01 9.845257e-01 9.868900e-01 9.884896e-01 9.915454e-01 9.929082e-01 9.992199e-01 1.000970e+00 1.005327e+00 1.008697e+00 1.011658e+00 1.022981e+00 1.028157e+00 1.034963e+00 1.060033e+00 1.069261e+00 
16 225 1.573503e-01 1.067814e+00 9.617180e-01 9.617180e-01 9.621944e-01 9.628892e-01 9.634023e-01 9.642015e-01 9.658330e-01 9.666967e-01 9.673879e-01 9.680066e-01 9.688490e-01 9.707790e-01 9.720561e-01 9.728440e-01 9.744900e-01 9.749528e-01 9.788332e-01 9.795172e-01 9.812396e-01 9.817822e-01 9.833175e-01 9.857066e-01 9.898851e-01 9.904830e-01 9.931713e-01 9.986328e-01 1.000848e+00 1.005223e+00 1.007900e+00 1.010820e+00 1.021488e+00 1.028012e+00 1.039387e+00 1.060550e+00 1.067814e+00 
17 239 1.523449e-01 1.066423e+00 9.593813e-01 9.593813e-01 9.598618e-01 9.613882e-01 9.617813e-01 9.622920e-01 9.643243e-01 9.649315e-01 9.653356e-01 9.661327e-01 9.686105e-01 9.698198e-01 9.707483e-01 9.723478e-01 9.732257e-01 9.757831e-01 9.776640e-01 9.787646e-01 9.798446e-01 9.813709e-01 9.858750e-01 9.876154e-01 9.890402e-01 9.899158e-01 9.924680e-01 9.965528e-01 9.991642e-01 1.003863e+00 1.009779e+00 1.011774e+00 1.019580e+00 1.027850e+00 1.044410e+00 1.058595e+00 1.066423e+00 
18 253 1.507910e-01 1.067355e+00 9.574466e-01 9.574466e-01 9.576323e-01 9.595298e-01 9.599439e-01 9.615064e-01 9.620519e-01 9.629682e-01 9.640556e-01 9.658283e-01 9.668081e-01 9.681835e-01 9.699622e-01 9.705856e-01 9.728687e-01 9.742199e-01 9.763248e-01 9.771077e-01 9.784623e-01 9.834601e-01 9.855921e-01 9.870840e-01 9.883365e-01 9.905541e-01 9.916320e-01 9.954950e-01 9.982623e-01 1.002290e+00 1.009032e+00 1.012719e+00 1.018926e+00 1.031047e+00 1.050841e+00 1.056366e+00 1.067355e+00 
19 267 1.488762e-01 1.068636e+00 9.550350e-01 9.550350e-01 9.562956e-01 9.574877e-01 9.583005e-01 9.598221e-01 9.605203e-01 9.622648e-01 9.636080e-01 9.640515e-01 9.648725e-01 9.663564e-01 9.682936e-01 9.704003e-01 9.715685e-01 9.728198e-01 9.747188e-01 9.759759e-01 9.783437e-01 9.823879e-01 9.843311e-01 9.859154e-01 9.876872e-01 9.898708e-01 9.940860e-01 9.968749e-01 1.000141e+00 1.000929e+00 1.010409e+00 1.013717e+00 1.022939e+00 1.031889e+00 1.053721e+00 1.058039e+00 1.068636e+00 
20 281 1.475442e-01 1.075596e+00 9.526882e-01 9.526882e-01 9.540858e-01 9.559584e-01 9.570228e-01 9.575687e-01 9.582863e-01 9.613160e-01 9.618445e-01 9.628919e-01 9.647194e-01 9.652593e-01 9.671503e-01 9.698538e-01 9.708421e-01 9.712819e-01 9.728142e-01 9.753465e-01 9.764247e-01 9.808693e-01 9.826462e-01 9.853725e-01 9.867306e-01 9.911113e-01 9.949843e-01 9.955044e-01 1.000123e+00 1.006446e+00 1.009339e+00 1.012406e+00 1.024573e+00 1.031885e+00 1.052690e+00 1.060059e+00 1.075596e+00 
21 295 1.483526e-01 1.083722e+00 9.514757e-01 9.514757e-01 9.527527e-01 9.540642e-01 9.550552e-01 9.556876e-01 9.564506e-01 9.594606e-01 9.604814e-01 9.617606e-01 9.632672e-01 9.646827e-01 9.656995e-01 9.685475e-01 9.691895e-01 9.709555e-01 9.713784e-01 9.747437e-01 9.760597e-01 9.806620e-01 9.813873e-01 9.838898e-01 9.875047e-01 9.907039e-01 9.937808e-01 9.975515e-01 1.000434e+00 1.006350e+00 1.010364e+00 1.014165e+00 1.022801e+00 1.030679e+00 1.050783e+00 1.063781e+00 1.083722e+00 
22 309 1.486984e-01 1.093490e+00 9.490120e-01 9.490120e-01 9.518483e-01 9.523899e-01 9.542655e-01 9.545330e-01 9.553317e-01 9.579772e-01 9.584139e-01 9.607952e-01 9.614669e-01 9.632092e-01 9.637722e-01 9.665416e-01 9.674188e-01 9.695949e-01 9.722382e-01 9.737717e-01 9.752479e-01 9.786772e-01 9.794297e-01 9.857023e-01 9.866307e-01 9.908328e-01 9.932604e-01 9.975946e-01 1.001267e+00 1.004943e+00 1.008368e+00 1.015373e+00 1.024499e+00 1.030223e+00 1.051456e+00 1.066581e+00 1.093490e+00 
23 323 1.465339e-01 1.100089e+00 9.474249e-01 9.474249e-01 9.502485e-01 9.507323e-01 9.522049e-01 9.528378e-01 9.544845e-01 9.555704e-01 9.564872e-01 9.588013e-01 9.597254e-01 9.616528e-01 9.642172e-01 9.656257e-01 9.664817e-01 9.682640e-01 9.707168e-01 9.731554e-01 9.740095e-01 9.773763e-01 9.818269e-01 9.847503e-01 9.869822e-01 9.899208e-01 9.949564e-01 9.970121e-01 1.001241e+00 1.006785e+00 1.010285e+00 1.015208e+00 1.023831e+00 1.034389e+00 1.051292e+00 1.068411e+00 1.100089e+00 
24 337 1.411295e-01 1.103757e+00 9.454129e-01 9.454129e-01 9.479813e-01 9.488516e-01 9.502470e-01 9.507129e-01 9.531170e-01 9.535600e-01 9.565715e-01 9.569895e-01 9.585330e-01 9.593892e-01 9.635375e-01 9.645395e-01 9.656853e-01 9.689263e-01 9.704208e-01 9.724308e-01 9.753182e-01 9.757349e-01 9.808336e-01 9.831204e-01 9.847335e-01 9.881307e-01 9.929580e-01 9.975847e-01 1.002530e+00 1.007484e+00 1.009814e+00 1.016323e+00 1.021367e+00 1.035255e+00 1.050384e+00 1.069164e+00 1.103757e+00 
25 351 1.923286e-01 1.105644e+00 9.433403e-01 9.433403e-01 9.459274e-01 9.471737e-01 9.485656e-01 9.492652e-01 9.516717e-01 9.537420e-01 9.546724e-01 9.559210e-01 9.568494e-01 9.584328e-01 9.615049e-01 9.634868e-01 9.641001e-01 9.667778e-01 9.689932e-01 9.711267e-01 9.735174e-01 9.747631e-01 9.796351e-01 9.816073e-01 9.843987e-01 9.900568e-01 9.924712e-01 9.991537e-01 1.001653e+00 1.007052e+00 1.012803e+00 1.016517e+00 1.027345e+00 1.034464e+00 1.048805e+00 1.068542e+00 1.105644e+00 
26 365 1.883898e-01 1.105776e+00 9.422771e-01 9.422771e-01 9.439391e-01 9.461790e-01 9.472369e-01 9.477485e-01 9.497726e-01 9.518474e-01 9.537380e-01 9.544072e-01 9.564105e-01 9.576113e-01 9.613672e-01 9.620278e-01 9.645881e-01 9.667877e-01 9.686417e-01 9.700596e-01 9.728020e-01 9.738374e-01 9.777572e-01 9.795824e-01 9.857678e-01 9.884857e-01 9.939278e-01 9.978998e-01 1.001024e+00 1.006030e+00 1.011744e+00 1.016430e+00 1.033008e+00 1.034882e+00 1.049198e+00 1.068531e+00 1.105776e+00 
27 379 1.839006e-01 1.109480e+00 9.414277e-01 9.414277e-01 9.424201e-01 9.450984e-01 9.458041e-01 9.463720e-01 9.485533e-01 9.510255e-01 9.518974e-01 9.529134e-01 9.547154e-01 9.590048e-01 9.591530e-01 9.619649e-01 9.624562e-01 9.646874e-01 9.677864e-01 9.681913e-01 9.716492e-01 9.730672e-01 9.766549e-01 9.785856e-01 9.858651e-01 9.877435e-01 9.931598e-01 9.960204e-01 1.000827e+00 1.005562e+00 1.012168e+00 1.014616e+00 1.032779e+00 1.038105e+00 1.049001e+00 1.068099e+00 1.109480e+00 
28 393 1.828728e-01 1.114304e+00 9.403328e-01 9.403328e-01 9.425500e-01 9.437131e-01 9.444245e-01 9.448082e-01 9.477060e-01 9.496728e-01 9.505875e-01 9.514899e-01 9.542681e-01 9.570549e-01 9.583888e-01 9.603894e-01 9.624842e-01 9.639402e-01 9.654081e-01 9.671144e-01 9.708719e-01 9.748809e-01 9.754715e-01 9.766611e-01 9.847853e-01 9.861161e-01 9.922000e-01 9.957851e-01 9.992747e-01 1.006034e+00 1.011541e+00 1.013796e+00 1.033254e+00 1.044424e+00 1.049730e+00 1.076929e+00 1.114304e+00 
29 407 1.825971e-01 1.117121e+00 9.378538e-01 9.378538e-01 9.411036e-01 9.418189e-01 9.423348e-01 9.430381e-01 9.460549e-01 9.478608e-01 9.493659e-01 9.502937e-01 9.544279e-01 9.548650e-01 9.567799e-01 9.609439e-01 9.619199e-01 9.629916e-01 9.654782e-01 9.658787e-01 9.690997e-01 9.737677e-01 9.743936e-01 9.787722e-01 9.825734e-01 9.861642e-01 9.904081e-01 9.960228e-01 9.994412e-01 1.005132e+00 1.009941e+00 1.013385e+00 1.036271e+00 1.046301e+00 1.049452e+00 1.085854e+00 1.117121e+00 
30 421 1.789609e-01 1.120285e+00 9.364255e-01 9.364255e-01 9.392519e-01 9.401057e-01 9.413351e-01 9.417697e-01 9.456414e-01 9.465917e-01 9.479919e-01 9.490001e-01 9.529012e-01 9.537262e-01 9.567135e-01 9.599213e-01 9.608126e-01 9.616525e-01 9.632484e-01 9.642981e-01 9.687758e-01 9.723859e-01 9.764124e-01 9.783630e-01 9.831733e-01 9.843044e-01 9.926998e-01 9.938289e-01 9.994792e-01 1.003990e+00 1.011287e+00 1.014213e+00 1.034378e+00 1.044988e+00 1.052245e+00 1.088765e+00 1.120285e+00 
31 435 1.753771e-01 1.123438e+00 9.348544e-01 9.348544e-01 9.371051e-01 9.381093e-01 9.395512e-01 9.405230e-01 9.439975e-01 9.446750e-01 9.466956e-01 9.468880e-01 9.507647e-01 9.536308e-01 9.554236e-01 9.579863e-01 9.605257e-01 9.612079e-01 9.620689e-01 9.629674e-01 9.671410e-01 9.716945e-01 9.745735e-01 9.784706e-01 9.825408e-01 9.872092e-01 9.920306e-01 9.926230e-01 1.001375e+00 1.003763e+00 1.009424e+00 1.012387e+00 1.039533e+00 1.044948e+00 1.051501e+00 1.088915e+00 1.123438e+00 
32 449 1.701117e-01 1.129019e+00 9.338670e-01 9.338670e-01 9.354415e-01 9.358727e-01 9.389401e-01 9.404895e-01 9.421063e-01 9.440416e-01 9.451380e-01 9.467617e-01 9.505057e-01 9.527696e-01 9.557923e-01 9.561139e-01 9.590223e-01 9.599609e-01 9.610565e-01 9.629456e-01 9.659589e-01 9.696498e-01 9.725188e-01 9.801211e-01 9.825312e-01 9.885323e-01 9.909099e-01 9.921390e-01 9.997542e-01 1.003918e+00 1.008737e+00 1.010558e+00 1.038051e+00 1.045417e+00 1.051731e+00 1.088214e+00 1.129019e+00 
33 463 1.639958e-01 1.131802e+00 9.319511e-01 9.319511e-01 9.332187e-01 9.344029e-01 9.380279e-01 9.394803e-01 9.407344e-01 9.430143e-01 9.440859e-01 9.465921e-01 9.494415e-01 9.503506e-01 9.545411e-01 9.575746e-01 9.588347e-01 9.603098e-01 9.604581e-01 9.630882e-01 9.651748e-01 9.679706e-01 9.723925e-01 9.783112e-01 9.805284e-01 9.867471e-01 9.925074e-01 9.931848e-01 9.996240e-01 1.002635e+00 1.007317e+00 1.010385e+00 1.037098e+00 1.044540e+00 1.050079e+00 1.087711e+00 1.131802e+00 
34 477 1.583427e-01 1.133734e+00 9.303163e-01 9.303163e-01 9.310946e-01 9.323583e-01 9.365748e-01 9.388261e-01 9.395060e-01 9.412304e-01 9.428759e-01 9.452487e-01 9.473561e-01 9.504044e-01 9.530388e-01 9.564301e-01 9.580233e-01 9.585521e-01 9.619311e-01 9.631850e-01 9.660233e-01 9.668610e-01 9.751540e-01 9.771696e-01 9.792007e-01 9.870572e-01 9.921894e-01 9.960555e-01 9.996527e-01 1.003073e+00 1.007278e+00 1.013132e+00 1.035685e+00 1.043862e+00 1.051044e+00 1.087776e+00 1.133734e+00 
35 491 1.532560e-01 1.135968e+00 9.293416e-01 9.293416e-01 9.300676e-01 9.308728e-01 9.352306e-01 9.372730e-01 9.378550e-01 9.403128e-01 9.431867e-01 9.436748e-01 9.465276e-01 9.494290e-01 9.526181e-01 9.552282e-01 9.568742e-01 9.605469e-01 9.607552e-01 9.629593e-01 9.643011e-01 9.689802e-01 9.759416e-01 9.769857e-01 9.800290e-01 9.857511e-01 9.923343e-01 9.964571e-01 9.978157e-01 1.004668e+00 1.007777e+00 1.012163e+00 1.035121e+00 1.045683e+00 1.049146e+00 1.087489e+00 1.135968e+00 
36 505 1.485261e-01 1.137571e+00 9.278029e-01 9.278029e-01 9.289162e-01 9.308610e-01 9.334836e-01 9.350357e-01 9.367533e-01 9.398624e-01 9.419787e-01 9.435022e-01 9.447364e-01 9.475103e-01 9.514091e-01 9.535528e-01 9.549259e-01 9.596761e-01 9.611629e-01 9.618836e-01 9.634430e-01 9.691260e-01 9.752776e-01 9.767577e-01 9.801617e-01 9.841695e-01 9.916876e-01 9.950552e-01 9.977085e-01 1.002910e+00 1.006882e+00 1.013469e+00 1.034151e+00 1.047598e+00 1.049360e+00 1.087618e+00 1.137571e+00 
37 519 1.463152e-01 1.141954e+00 9.265491e-01 9.265491e-01 9.285246e-01 9.288011e-01 9.328129e-01 9.343195e-01 9.353238e-01 9.380706e-01 9.403913e-01 9.413011e-01 9.437975e-01 9.455015e-01 9.494261e-01 9.521219e-01 9.542445e-01 9.575523e-01 9.595076e-01 9.605536e-01 9.629609e-01 9.679410e-01 9.743066e-01 9.758027e-01 9.814575e-01 9.827047e-01 9.942519e-01 9.955600e-01 1.000158e+00 1.002629e+00 1.006231e+00 1.012796e+00 1.033800e+00 1.048370e+00 1.051640e+00 1.087549e+00 1.141954e+00 
38 533 1.944835e-01 1.142474e+00 9.243287e-01 9.243287e-01 9.267815e-01 9.285392e-01 9.317727e-01 9.331610e-01 9.334969e-01 9.363108e-01 9.391086e-01 9.401318e-01 9.417162e-01 9.436629e-01 9.475471e-01 9.505996e-01 9.533092e-01 9.566319e-01 9.577843e-01 9.606266e-01 9.625919e-01 9.677245e-01 9.724922e-01 9.739525e-01 9.794929e-01 9.838085e-01 9.933022e-01 9.943257e-01 9.986866e-01 1.000946e+00 1.004732e+00 1.012083e+00 1.032963e+00 1.047500e+00 1.052546e+00 1.086737e+00 1.142474e+00 
39 547 1.862372e-01 1.144829e+00 9.227224e-01 9.227224e-01 9.244929e-01 9.281037e-01 9.302094e-01 9.313962e-01 9.316098e-01 9.366793e-01 9.375640e-01 9.384772e-01 9.417396e-01 9.422006e-01 9.460258e-01 9.512332e-01 9.520530e-01 9.548680e-01 9.557554e-01 9.594797e-01 9.631699e-01 9.695749e-01 9.717985e-01 9.736426e-01 9.811628e-01 9.837962e-01 9.931429e-01 9.944325e-01 9.983552e-01 1.001976e+00 1.005313e+00 1.010703e+00 1.032054e+00 1.045005e+00 1.053290e+00 1.085713e+00 1.144829e+00 
40 561 1.788371e-01 1.145739e+00 9.207313e-01 9.207313e-01 9.230917e-01 9.262036e-01 9.286340e-01 9.291820e-01 9.308287e-01 9.349109e-01 9.367943e-01 9.390337e-01 9.401734e-01 9.408060e-01 9.440522e-01 9.497873e-01 9.511239e-01 9.533657e-01 9.544251e-01 9.571530e-01 9.622114e-01 9.692609e-01 9.717782e-01 9.753314e-01 9.806989e-01 9.863526e-01 9.920193e-01 9.932764e-01 9.974043e-01 1.002052e+00 1.004329e+00 1.011376e+00 1.030291e+00 1.044280e+00 1.053689e+00 1.083864e+00 1.145739e+00 
41 575 1.758415e-01 1.144247e+00 9.191099e-01 9.191099e-01 9.210028e-01 9.239964e-01 9.274998e-01 9.284688e-01 9.299727e-01 9.342251e-01 9.354478e-01 9.382576e-01 9.391348e-01 9.421980e-01 9.428584e-01 9.481498e-01 9.490474e-01 9.521486e-01 9.544793e-01 9.570472e-01 9.607370e-01 9.686782e-01 9.696449e-01 9.744708e-01 9.785373e-01 9.862421e-01 9.913359e-01 9.939423e-01 9.982661e-01 1.002046e+00 1.007029e+00 1.016097e+00 1.030906e+00 1.042744e+00 1.053800e+00 1.083044e+00 1.144247e+00 
42 589 1.717571e-01 1.142770e+00 9.174605e-01 9.174605e-01 9.192528e-01 9.224011e-01 9.263431e-01 9.277229e-01 9.285337e-01 9.323792e-01 9.335800e-01 9.361917e-01 9.370676e-01 9.407577e-01 9.436472e-01 9.465735e-01 9.473046e-01 9.510053e-01 9.530170e-01 9.556375e-01 9.604027e-01 9.677969e-01 9.701597e-01 9.769313e-01 9.797870e-01 9.868626e-01 9.904229e-01 9.931261e-01 9.978321e-01 1.000926e+00 1.007092e+00 1.018161e+00 1.029656e+00 1.041965e+00 1.056335e+00 1.081125e+00 1.142770e+00 
43 603 1.676348e-01 1.142692e+00 9.159223e-01 9.159223e-01 9.202374e-01 9.222480e-01 9.250158e-01 9.268448e-01 9.286253e-01 9.313405e-01 9.319310e-01 9.346000e-01 9.370948e-01 9.388163e-01 9.431148e-01 9.448850e-01 9.460852e-01 9.500121e-01 9.526682e-01 9.539752e-01 9.593837e-01 9.674139e-01 9.701915e-01 9.763918e-01 9.784744e-01 9.855236e-01 9.902624e-01 9.920170e-01 9.959817e-01 9.996470e-01 1.005725e+00 1.018729e+00 1.028607e+00 1.041007e+00 1.059928e+00 1.079306e+00 1.142692e+00 
44 617 1.633686e-01 1.141273e+00 9.137125e-01 9.137125e-01 9.199625e-01 9.206013e-01 9.233763e-01 9.250244e-01 9.280371e-01 9.292111e-01 9.313343e-01 9.353557e-01 9.370177e-01 9.395532e-01 9.422537e-01 9.442505e-01 9.446511e-01 9.511997e-01 9.523683e-01 9.551611e-01 9.585378e-01 9.665981e-01 9.690021e-01 9.746543e-01 9.793156e-01 9.893259e-01 9.900225e-01 9.919822e-01 9.948029e-01 1.002450e+00 1.008228e+00 1.017332e+00 1.026306e+00 1.039761e+00 1.062706e+00 1.077127e+00 1.141273e+00 
45 631 1.580478e-01 1.140823e+00 9.135482e-01 9.135482e-01 9.180815e-01 9.189800e-01 9.228714e-01 9.247281e-01 9.268184e-01 9.275776e-01 9.295334e-01 9.335554e-01 9.360803e-01 9.381678e-01 9.420521e-01 9.422978e-01 9.444950e-01 9.510141e-01 9.530213e-01 9.562334e-01 9.567464e-01 9.655503e-01 9.691944e-01 9.766459e-01 9.783052e-01 9.876121e-01 9.891965e-01 9.904946e-01 9.948788e-01 1.001092e+00 1.007575e+00 1.015248e+00 1.026445e+00 1.040343e+00 1.067830e+00 1.075118e+00 1.140823e+00 
46 645 1.530901e-01 1.141403e+00 9.122909e-01 9.122909e-01 9.162815e-01 9.205753e-01 9.211735e-01 9.231991e-01 9.259645e-01 9.273324e-01 9.285522e-01 9.331804e-01 9.357967e-01 9.367585e-01 9.401238e-01 9.415589e-01 9.439116e-01 9.507672e-01 9.526359e-01 9.547582e-01 9.579617e-01 9.647313e-01 9.692190e-01 9.747057e-01 9.779998e-01 9.873378e-01 9.891289e-01 9.921039e-01 9.963215e-01 1.003705e+00 1.009929e+00 1.014232e+00 1.025016e+00 1.040101e+00 1.068893e+00 1.073973e+00 1.141403e+00 
47 659 1.471627e-01 1.139824e+00 9.118596e-01 9.118596e-01 9.151115e-01 9.187965e-01 9.191087e-01 9.214506e-01 9.237900e-01 9.264795e-01 9.303848e-01 9.337251e-01 9.348344e-01 9.353454e-01 9.392106e-01 9.422976e-01 9.428803e-01 9.500228e-01 9.510893e-01 9.532528e-01 9.573092e-01 9.641325e-01 9.680735e-01 9.729900e-01 9.772571e-01 9.862202e-01 9.872332e-01 9.928705e-01 9.973701e-01 1.002634e+00 1.012200e+00 1.013488e+00 1.023921e+00 1.039233e+00 1.067648e+00 1.075051e+00 1.139824e+00 
48 673 2.009959e-01 1.137635e+00 9.105979e-01 9.105979e-01 9.131998e-01 9.164676e-01 9.169863e-01 9.215521e-01 9.222556e-01 9.253811e-01 9.292174e-01 9.329091e-01 9.349416e-01 9.381245e-01 9.407224e-01 9.417327e-01 9.444881e-01 9.483803e-01 9.518101e-01 9.567030e-01 9.612537e-01 9.639194e-01 9.674053e-01 9.722210e-01 9.760129e-01 9.845084e-01 9.865162e-01 9.924149e-01 9.967531e-01 1.001506e+00 1.011613e+00 1.013256e+00 1.022499e+00 1.042469e+00 1.065790e+00 1.074012e+00 1.137635e+00 
49 687 1.964017e-01 1.135640e+00 9.098493e-01 9.098493e-01 9.119243e-01 9.144842e-01 9.155101e-01 9.193265e-01 9.204076e-01 9.263219e-01 9.275903e-01 9.308300e-01 9.342331e-01 9.366089e-01 9.395490e-01 9.409846e-01 9.436029e-01 9.462228e-01 9.499967e-01 9.554282e-01 9.611232e-01 9.634417e-01 9.677609e-01 9.711123e-01 9.740330e-01 9.830351e-01 9.852577e-01 9.912874e-01 9.957259e-01 1.000252e+00 1.009437e+00 1.016462e+00 1.024326e+00 1.040809e+00 1.065244e+00 1.075115e+00 1.135640e+00 
50 701 1.934670e-01 1.133469e+00 9.081751e-01 9.081751e-01 9.110915e-01 9.138234e-01 9.145863e-01 9.176533e-01 9.190268e-01 9.253979e-01 9.276679e-01 9.300803e-01 9.328013e-01 9.375115e-01 9.391983e-01 9.414066e-01 9.426592e-01 9.457151e-01 9.481583e-01 9.531683e-01 9.599109e-01 9.671168e-01 9.676948e-01 9.694614e-01 9.739667e-01 9.818091e-01 9.879606e-01 9.901340e-01 9.959043e-01 9.992083e-01 1.007570e+00 1.016844e+00 1.024383e+00 1.039860e+00 1.066419e+00 1.075466e+00 1.133469e+00 
51 715 1.899495e-01 1.131211e+00 9.077933e-01 9.077933e-01 9.099473e-01 9.123927e-01 9.143085e-01 9.163168e-01 9.176816e-01 9.232499e-01 9.255622e-01 9.281400e-01 9.315545e-01 9.355812e-01 9.385237e-01 9.394962e-01 9.417615e-01 9.460472e-01 9.505940e-01 9.520992e-01 9.613073e-01 9.660948e-01 9.667751e-01 9.694791e-01 9.725959e-01 9.808879e-01 9.877216e-01 9.902551e-01 9.945489e-01 9.985986e-01 1.005574e+00 1.018910e+00 1.026598e+00 1.040154e+00 1.065304e+00 1.075530e+00 1.131211e+00 
52 729 1.876254e-01 1.131248e+00 9.061846e-01 9.061846e-01 9.086853e-01 9.117430e-01 9.133019e-01 9.153905e-01 9.165769e-01 9.232101e-01 9.250881e-01 9.266433e-01 9.308444e-01 9.344331e-01 9.364680e-01 9.380855e-01 9.428793e-01 9.444871e-01 9.496415e-01 9.507978e-01 9.601258e-01 9.646302e-01 9.654471e-01 9.680108e-01 9.714013e-01 9.799444e-01 9.861000e-01 9.890253e-01 9.944820e-01 9.964297e-01 1.006997e+00 1.019865e+00 1.026028e+00 1.041421e+00 1.064766e+00 1.076449e+00 1.131248e+00 
53 743 1.839685e-01 1.129122e+00 9.045162e-01 9.045162e-01 9.080271e-01 9.098624e-01 9.112394e-01 9.139535e-01 9.184784e-01 9.229160e-01 9.245235e-01 9.272884e-01 9.318632e-01 9.330730e-01 9.353523e-01 9.403336e-01 9.414230e-01 9.457601e-01 9.486393e-01 9.501128e-01 9.581907e-01 9.633666e-01 9.659190e-01 9.667752e-01 9.698047e-01 9.811533e-01 9.843270e-01 9.873087e-01 9.933144e-01 9.951287e-01 1.009779e+00 1.020389e+00 1.025851e+00 1.041966e+00 1.064812e+00 1.081047e+00 1.129122e+00 
54 757 1.777567e-01 1.130883e+00 9.027254e-01 9.027254e-01 9.066961e-01 9.086112e-01 9.104858e-01 9.133137e-01 9.179739e-01 9.214163e-01 9.236373e-01 9.259411e-01 9.309727e-01 9.327480e-01 9.358089e-01 9.384264e-01 9.400335e-01 9.437343e-01 9.463489e-01 9.483253e-01 9.568751e-01 9.613321e-01 9.655351e-01 9.678095e-01 9.702607e-01 9.814121e-01 9.837861e-01 9.861573e-01 9.918284e-01 9.952994e-01 1.008760e+00 1.019070e+00 1.025114e+00 1.041012e+00 1.069339e+00 1.086315e+00 1.130883e+00 
55 771 1.707881e-01 1.131226e+00 9.010978e-01 9.010978e-01 9.050853e-01 9.071471e-01 9.101240e-01 9.116643e-01 9.171272e-01 9.204219e-01 9.223058e-01 9.250346e-01 9.291776e-01 9.308575e-01 9.349726e-01 9.381741e-01 9.401407e-01 9.431397e-01 9.440213e-01 9.483114e-01 9.560038e-01 9.592958e-01 9.642068e-01 9.673342e-01 9.716519e-01 9.801772e-01 9.830398e-01 9.863767e-01 9.909049e-01 9.982083e-01 1.007184e+00 1.020698e+00 1.024846e+00 1.038496e+00 1.068085e+00 1.090304e+00 1.131226e+00 
56 785 1.615378e-01 1.131217e+00 8.999682e-01 8.999682e-01 9.037248e-01 9.067861e-01 9.080465e-01 9.102826e-01 9.153547e-01 9.182472e-01 9.218013e-01 9.232656e-01 9.285149e-01 9.310013e-01 9.334704e-01 9.361953e-01 9.391682e-01 9.422215e-01 9.439609e-01 9.490587e-01 9.546370e-01 9.598433e-01 9.636858e-01 9.667276e-01 9.726042e-01 9.785339e-01 9.809654e-01 9.869999e-01 9.901702e-01 9.971553e-01 1.007033e+00 1.020866e+00 1.025729e+00 1.039451e+00 1.068013e+00 1.091584e+00 1.131217e+00 
57 799 1.552984e-01 1.128829e+00 8.984582e-01 8.984582e-01 9.018589e-01 9.052464e-01 9.062334e-01 9.083196e-01 9.136732e-01 9.181465e-01 9.205681e-01 9.223279e-01 9.269914e-01 9.297452e-01 9.315720e-01 9.341864e-01 9.376546e-01 9.421672e-01 9.433648e-01 9.479844e-01 9.531077e-01 9.588257e-01 9.628917e-01 9.675154e-01 9.711959e-01 9.761839e-01 9.788938e-01 9.852258e-01 9.882431e-01 9.988175e-01 1.007387e+00 1.023791e+00 1.027337e+00 1.038458e+00 1.069757e+00 1.092891e+00 1.128829e+00 
58 813 1.526868e-01 1.127302e+00 8.976196e-01 8.976196e-01 9.019074e-01 9.038891e-01 9.059453e-01 9.071307e-01 9.122656e-01 9.161862e-01 9.185731e-01 9.227034e-01 9.260978e-01 9.285071e-01 9.306266e-01 9.371548e-01 9.382690e-01 9.407490e-01 9.436179e-01 9.480295e-01 9.524675e-01 9.581189e-01 9.635879e-01 9.656800e-01 9.743100e-01 9.763914e-01 9.793293e-01 9.893921e-01 9.902599e-01 9.978522e-01 1.007497e+00 1.022682e+00 1.026525e+00 1.036604e+00 1.069076e+00 1.093207e+00 1.127302e+00 
59 827 1.476364e-01 1.125688e+00 8.959488e-01 8.959488e-01 9.003613e-01 9.032485e-01 9.052366e-01 9.069346e-01 9.106346e-01 9.144701e-01 9.178133e-01 9.210202e-01 9.249383e-01 9.264077e-01 9.296948e-01 9.351691e-01 9.370332e-01 9.414652e-01 9.422258e-01 9.481592e-01 9.517167e-01 9.564606e-01 9.625417e-01 9.661013e-01 9.733141e-01 9.746962e-01 9.788057e-01 9.880819e-01 9.945566e-01 9.964335e-01 1.008581e+00 1.022606e+00 1.026375e+00 1.034339e+00 1.068023e+00 1.094157e+00 1.125688e+00 
60 841 2.004363e-01 1.124692e+00 8.961737e-01 8.961737e-01 9.001092e-01 9.029069e-01 9.032889e-01 9.067022e-01 9.101051e-01 9.138008e-01 9.157943e-01 9.193759e-01 9.234086e-01 9.246353e-01 9.291652e-01 9.334300e-01 9.363427e-01 9.396522e-01 9.407144e-01 9.478057e-01 9.503207e-01 9.543268e-01 9.616856e-01 9.662891e-01 9.727553e-01 9.756248e-01 9.780952e-01 9.890195e-01 9.926253e-01 9.945885e-01 1.006221e+00 1.024087e+00 1.027543e+00 1.032893e+00 1.068011e+00 1.091681e+00 1.124692e+00 
61 855 1.933271e-01 1.122970e+00 8.941345e-01 8.941345e-01 8.981114e-01 9.012322e-01 9.019970e-01 9.056791e-01 9.078373e-01 9.124857e-01 9.147113e-01 9.181844e-01 9.218782e-01 9.266776e-01 9.279371e-01 9.324629e-01 9.342575e-01 9.391726e-01 9.427150e-01 9.486177e-01 9.506376e-01 9.525523e-01 9.602832e-01 9.650499e-01 9.706753e-01 9.754387e-01 9.783181e-01 9.904835e-01 9.917902e-01 9.936738e-01 1.004623e+00 1.024204e+00 1.026477e+00 1.031798e+00 1.066106e+00 1.090038e+00 1.122970e+00 
62 869 1.876920e-01 1.121710e+00 8.923489e-01 8.923489e-01 8.970274e-01 9.009577e-01 9.035318e-01 9.049199e-01 9.060176e-01 9.115404e-01 9.130274e-01 9.173636e-01 9.214583e-01 9.259265e-01 9.271746e-01 9.308406e-01 9.323873e-01 9.379408e-01 9.408388e-01 9.492090e-01 9.506098e-01 9.520420e-01 9.596265e-01 9.641061e-01 9.691828e-01 9.737913e-01 9.776132e-01 9.892589e-01 9.907722e-01 9.929830e-01 1.003164e+00 1.022825e+00 1.027489e+00 1.032658e+00 1.066583e+00 1.090244e+00 1.121710e+00 
63 883 1.797418e-01 1.119480e+00 8.904224e-01 8.904224e-01 8.951388e-01 8.995936e-01 9.017011e-01 9.036962e-01 9.042701e-01 9.104353e-01 9.123192e-01 9.154711e-01 9.214119e-01 9.236833e-01 9.269749e-01 9.289879e-01 9.326051e-01 9.365153e-01 9.388525e-01 9.473025e-01 9.491995e-01 9.512540e-01 9.588652e-01 9.625885e-01 9.681141e-01 9.729361e-01 9.770637e-01 9.884317e-01 9.909569e-01 9.934059e-01 1.002966e+00 1.022412e+00 1.027002e+00 1.034524e+00 1.070544e+00 1.088378e+00 1.119480e+00 
64 897 1.688139e-01 1.117320e+00 8.894758e-01 8.894758e-01 8.929765e-01 8.979362e-01 9.003881e-01 9.022691e-01 9.046982e-01 9.091050e-01 9.101697e-01 9.135979e-01 9.205750e-01 9.221693e-01 9.259425e-01 9.285739e-01 9.354227e-01 9.356753e-01 9.370182e-01 9.455760e-01 9.479322e-01 9.529152e-01 9.587457e-01 9.620150e-01 9.686313e-01 9.721765e-01 9.768073e-01 9.863047e-01 9.920308e-01 9.936614e-01 1.001706e+00 1.020241e+00 1.025403e+00 1.034576e+00 1.069235e+00 1.086952e+00 1.117320e+00 
65 911 1.597765e-01 1.116865e+00 8.874594e-01 8.874594e-01 8.916635e-01 8.957685e-01 8.993283e-01 9.007632e-01 9.028886e-01 9.079314e-01 9.086604e-01 9.113391e-01 9.185341e-01 9.204302e-01 9.240222e-01 9.300223e-01 9.333934e-01 9.347275e-01 9.374836e-01 9.442420e-01 9.482333e-01 9.511178e-01 9.585413e-01 9.602065e-01 9.687808e-01 9.746509e-01 9.829427e-01 9.843458e-01 9.904245e-01 9.931280e-01 9.995695e-01 1.019179e+00 1.025646e+00 1.033411e+00 1.068098e+00 1.084718e+00 1.116865e+00 
66 925 1.536821e-01 1.116063e+00 8.875507e-01 8.875507e-01 8.917137e-01 8.958521e-01 8.982886e-01 8.996075e-01 9.025977e-01 9.068151e-01 9.071302e-01 9.102948e-01 9.173287e-01 9.200073e-01 9.222390e-01 9.297939e-01 9.314770e-01 9.340744e-01 9.352988e-01 9.422334e-01 9.479770e-01 9.512681e-01 9.578607e-01 9.605250e-01 9.670694e-01 9.760852e-01 9.811548e-01 9.827254e-01 9.921620e-01 9.990478e-01 9.997487e-01 1.019430e+00 1.024359e+00 1.032607e+00 1.069814e+00 1.088150e+00 1.116063e+00 
67 939 1.503171e-01 1.113919e+00 8.873176e-01 8.873176e-01 8.899355e-01 8.941148e-01 8.972767e-01 9.004412e-01 9.022326e-01 9.068631e-01 9.075050e-01 9.095116e-01 9.155648e-01 9.186679e-01 9.214399e-01 9.280308e-01 9.296146e-01 9.326215e-01 9.340215e-01 9.443807e-01 9.485870e-01 9.506179e-01 9.557663e-01 9.591396e-01 9.652557e-01 9.758253e-01 9.803426e-01 9.814608e-01 9.911571e-01 9.974130e-01 1.005644e+00 1.021440e+00 1.025662e+00 1.030871e+00 1.068162e+00 1.087028e+00 1.113919e+00 
68 953 2.024532e-01 1.115203e+00 8.853554e-01 8.853554e-01 8.889302e-01 8.926021e-01 8.961316e-01 8.987690e-01 9.017445e-01 9.053323e-01 9.063014e-01 9.076576e-01 9.155506e-01 9.185306e-01 9.218488e-01 9.259622e-01 9.288729e-01 9.326193e-01 9.389017e-01 9.432685e-01 9.491939e-01 9.505938e-01 9.541393e-01 9.580079e-01 9.644165e-01 9.740202e-01 9.794576e-01 9.829241e-01 9.902389e-01 9.981891e-01 1.005342e+00 1.023157e+00 1.026495e+00 1.033623e+00 1.065625e+00 1.085173e+00 1.115203e+00 
69 967 1.983088e-01 1.112508e+00 8.830919e-01 8.830919e-01 8.869247e-01 8.902822e-01 8.949520e-01 8.977018e-01 9.005480e-01 9.039276e-01 9.055685e-01 9.088257e-01 9.139842e-01 9.179134e-01 9.200719e-01 9.243510e-01 9.274567e-01 9.312810e-01 9.370006e-01 9.426372e-01 9.479223e-01 9.524447e-01 9.555340e-01 9.576540e-01 9.635072e-01 9.730538e-01 9.782616e-01 9.829441e-01 9.922866e-01 9.972474e-01 1.004695e+00 1.022027e+00 1.027732e+00 1.034264e+00 1.064510e+00 1.085947e+00 1.112508e+00 
70 981 1.899599e-01 1.112009e+00 8.822304e-01 8.822304e-01 8.849875e-01 8.887313e-01 8.956101e-01 8.969000e-01 8.984672e-01 9.024492e-01 9.051647e-01 9.078157e-01 9.126344e-01 9.173362e-01 9.189549e-01 9.222432e-01 9.266740e-01 9.315088e-01 9.365080e-01 9.413069e-01 9.480631e-01 9.511055e-01 9.538205e-01 9.577598e-01 9.630401e-01 9.717221e-01 9.803025e-01 9.828330e-01 9.912848e-01 9.951355e-01 1.004421e+00 1.020055e+00 1.027212e+00 1.034261e+00 1.063109e+00 1.088269e+00 1.112009e+00 
71 995 1.792955e-01 1.111775e+00 8.804990e-01 8.804990e-01 8.842962e-01 8.877425e-01 8.937618e-01 8.955881e-01 8.987739e-01 9.002915e-01 9.036615e-01 9.066935e-01 9.103789e-01 9.152970e-01 9.182929e-01 9.212733e-01 9.254262e-01 9.294835e-01 9.348069e-01 9.401242e-01 9.460498e-01 9.489460e-01 9.527225e-01 9.575945e-01 9.630281e-01 9.702841e-01 9.787281e-01 9.810218e-01 9.902866e-01 9.955577e-01 1.004174e+00 1.018257e+00 1.028261e+00 1.032872e+00 1.068576e+00 1.087447e+00 1.111775e+00 
72 1009 1.684029e-01 1.110388e+00 8.793625e-01 8.793625e-01 8.826020e-01 8.865268e-01 8.917898e-01 8.940493e-01 8.981690e-01 8.988872e-01 9.028516e-01 9.069574e-01 9.083617e-01 9.133396e-01 9.166861e-01 9.192600e-01 9.241575e-01 9.300313e-01 9.337532e-01 9.402987e-01 9.474365e-01 9.476019e-01 9.512452e-01 9.575156e-01 9.607463e-01 9.683023e-01 9.781123e-01 9.808531e-01 9.900238e-01 9.954639e-01 1.002734e+00 1.017992e+00 1.027422e+00 1.032290e+00 1.067259e+00 1.085902e+00 1.110388e+00 
73 1023 1.625647e-01 1.108789e+00 8.776976e-01 8.776976e-01 8.821638e-01 8.867347e-01 8.906995e-01 8.927824e-01 8.962373e-01 8.977944e-01 9.031886e-01 9.064682e-01 9.091810e-01 9.132054e-01 9.161846e-01 9.191570e-01 9.228186e-01 9.283618e-01 9.337414e-01 9.396796e-01 9.458820e-01 9.480876e-01 9.524742e-01 9.576502e-01 9.595760e-01 9.688134e-01 9.762471e-01 9.807230e-01 9.901529e-01 9.953844e-01 1.003822e+00 1.016717e+00 1.026987e+00 1.033215e+00 1.066658e+00 1.083751e+00 1.108789e+00 
74 1037 1.575769e-01 1.113552e+00 8.763227e-01 8.763227e-01 8.802848e-01 8.858950e-01 8.894535e-01 8.908802e-01 8.944904e-01 8.964097e-01 9.044085e-01 9.046610e-01 9.079203e-01 9.125103e-01 9.150461e-01 9.175551e-01 9.213747e-01 9.264560e-01 9.337741e-01 9.402798e-01 9.442036e-01 9.487257e-01 9.522757e-01 9.556278e-01 9.645356e-01 9.685457e-01 9.749583e-01 9.807459e-01 9.903459e-01 9.965039e-01 1.003413e+00 1.014976e+00 1.028102e+00 1.032154e+00 1.065629e+00 1.084270e+00 1.113552e+00 
75 1051 1.539058e-01 1.111950e+00 8.743940e-01 8.743940e-01 8.781384e-01 8.844497e-01 8.876549e-01 8.891971e-01 8.936496e-01 8.961577e-01 9.047222e-01 9.055745e-01 9.090888e-01 9.121325e-01 9.156909e-01 9.167796e-01 9.230140e-01 9.249184e-01 9.357304e-01 9.404657e-01 9.434820e-01 9.479391e-01 9.523660e-01 9.537882e-01 9.648806e-01 9.668996e-01 9.757712e-01 9.806022e-01 9.892428e-01 9.959628e-01 1.002146e+00 1.014965e+00 1.027908e+00 1.031345e+00 1.063427e+00 1.085459e+00 1.111950e+00 
76 1065 2.078419e-01 1.111135e+00 8.729718e-01 8.729718e-01 8.779974e-01 8.831528e-01 8.857564e-01 8.878362e-01 8.932102e-01 8.951630e-01 9.039961e-01 9.047906e-01 9.073386e-01 9.110269e-01 9.135430e-01 9.171080e-01 9.221309e-01 9.232828e-01 9.347725e-01 9.406979e-01 9.423239e-01 9.473049e-01 9.517825e-01 9.528653e-01 9.645752e-01 9.662875e-01 9.758077e-01 9.831089e-01 9.882282e-01 9.951641e-01 1.001979e+00 1.013340e+00 1.029906e+00 1.032401e+00 1.062223e+00 1.084806e+00 1.111135e+00 
77 1079 2.038199e-01 1.108702e+00 8.710313e-01 8.710313e-01 8.764435e-01 8.830217e-01 8.843056e-01 8.859656e-01 8.918675e-01 8.946086e-01 9.022467e-01 9.036043e-01 9.054085e-01 9.113483e-01 9.118601e-01 9.163906e-01 9.210804e-01 9.230039e-01 9.347250e-01 9.393226e-01 9.418575e-01 9.461736e-01 9.506992e-01 9.522266e-01 9.637381e-01 9.661206e-01 9.744805e-01 9.839974e-01 9.867550e-01 9.945090e-01 1.000915e+00 1.012101e+00 1.029521e+00 1.032750e+00 1.060825e+00 1.085942e+00 1.108702e+00 
78 1093 1.949810e-01 1.108945e+00 8.690630e-01 8.690630e-01 8.782000e-01 8.815288e-01 8.837853e-01 8.849164e-01 8.915755e-01 8.964998e-01 9.015350e-01 9.029646e-01 9.059689e-01 9.105443e-01 9.107822e-01 9.151125e-01 9.204205e-01 9.223069e-01 9.330956e-01 9.385109e-01 9.410561e-01 9.450698e-01 9.506718e-01 9.543025e-01 9.614197e-01 9.641113e-01 9.724162e-01 9.840563e-01 9.857382e-01 9.930198e-01 9.985384e-01 1.013873e+00 1.028340e+00 1.034077e+00 1.060261e+00 1.085538e+00 1.108945e+00 
79 1107 1.893587e-01 1.107359e+00 8.686776e-01 8.686776e-01 8.778480e-01 8.796602e-01 8.821846e-01 8.831939e-01 8.911160e-01 8.965836e-01 9.000202e-01 9.025084e-01 9.049190e-01 9.086878e-01 9.098277e-01 9.144460e-01 9.201365e-01 9.240003e-01 9.315458e-01 9.376655e-01 9.413126e-01 9.476663e-01 9.497072e-01 9.535111e-01 9.593182e-01 9.674097e-01 9.705643e-01 9.826541e-01 9.840894e-01 9.924294e-01 9.968596e-01 1.015003e+00 1.026771e+00 1.035940e+00 1.058619e+00 1.084925e+00 1.107359e+00 
80 1121 1.854697e-01 1.107358e+00 8.675514e-01 8.675514e-01 8.768807e-01 8.797268e-01 8.807714e-01 8.820841e-01 8.907604e-01 8.947523e-01 8.988406e-01 9.019328e-01 9.041120e-01 9.070989e-01 9.087821e-01 9.144041e-01 9.191803e-01 9.238531e-01 9.305111e-01 9.364812e-01 9.416482e-01 9.465801e-01 9.495607e-01 9.532739e-01 9.584128e-01 9.657109e-01 9.716268e-01 9.820361e-01 9.857431e-01 9.910746e-01 9.961905e-01 1.013759e+00 1.028010e+00 1.036639e+00 1.059771e+00 1.083481e+00 1.107358e+00 
81 1135 1.827049e-01 1.106826e+00 8.654721e-01 8.654721e-01 8.752500e-01 8.783097e-01 8.796658e-01 8.810824e-01 8.889281e-01 8.950192e-01 8.973311e-01 9.002113e-01 9.025078e-01 9.055950e-01 9.085357e-01 9.149594e-01 9.207636e-01 9.236206e-01 9.298849e-01 9.354966e-01 9.394256e-01 9.455324e-01 9.483290e-01 9.520298e-01 9.581059e-01 9.658034e-01 9.715992e-01 9.824720e-01 9.846975e-01 9.903696e-01 9.964883e-01 1.012872e+00 1.028729e+00 1.035829e+00 1.058716e+00 1.083216e+00 1.106826e+00 
82 1149 1.788401e-01 1.109793e+00 8.638425e-01 8.638425e-01 8.735790e-01 8.764039e-01 8.782198e-01 8.797946e-01 8.876437e-01 8.936196e-01 8.960176e-01 8.987336e-01 9.025857e-01 9.054019e-01 9.080498e-01 9.132453e-01 9.203013e-01 9.219705e-01 9.304148e-01 9.351664e-01 9.397851e-01 9.463369e-01 9.488284e-01 9.516437e-01 9.599262e-01 9.637985e-01 9.723815e-01 9.834389e-01 9.848156e-01 9.890790e-01 9.963901e-01 1.013399e+00 1.027648e+00 1.036783e+00 1.057711e+00 1.081530e+00 1.109793e+00 
83 1163 2.400052e-01 1.109139e+00 8.640871e-01 8.640871e-01 8.721355e-01 8.754786e-01 8.778347e-01 8.781964e-01 8.862848e-01 8.923710e-01 8.953855e-01 8.988561e-01 9.021940e-01 9.044400e-01 9.086087e-01 9.122844e-01 9.203807e-01 9.218826e-01 9.293463e-01 9.339442e-01 9.378791e-01 9.461880e-01 9.489247e-01 9.536323e-01 9.624601e-01 9.628358e-01 9.715919e-01 9.817002e-01 9.845560e-01 9.956885e-01 9.994055e-01 1.016096e+00 1.026840e+00 1.038508e+00 1.056993e+00 1.081121e+00 1.109139e+00 
