%  columns="iteration, evaluation, sigma, max axis length, min axis length, all principle axes lengths (sorted square roots of eigenvalues of C)" (startseed=212888, 2023/08/28 15:15:39.90)
1 15 2.837282e-01 1.040850e+00 9.972581e-01 9.972581e-01 9.972581e-01 9.972581e-01 9.972581e-01 9.972581e-01 9.972581e-01 9.972581e-01 9.972581e-01 9.972581e-01 9.972581e-01 9.972581e-01 9.972581e-01 9.972581e-01 9.972581e-01 9.972581e-01 9.972581e-01 9.972581e-01 9.972581e-01 9.972581e-01 9.972581e-01 9.972581e-01 9.972581e-01 9.972581e-01 9.972581e-01 9.972581e-01 9.972581e-01 9.972581e-01 9.978173e-01 9.993126e-01 1.001118e+00 1.003097e+00 1.008624e+00 1.015286e+00 1.040850e+00 
2 29 2.697524e-01 1.042798e+00 9.945238e-01 9.945238e-01 9.945238e-01 9.945238e-01 9.945238e-01 9.945238e-01 9.945238e-01 9.945238e-01 9.945238e-01 9.945238e-01 9.945238e-01 9.945238e-01 9.945238e-01 9.945238e-01 9.945238e-01 9.945238e-01 9.945238e-01 9.945238e-01 9.945238e-01 9.945238e-01 9.945238e-01 9.949802e-01 9.951405e-01 9.960658e-01 9.968809e-01 9.975383e-01 9.980187e-01 9.995933e-01 1.000043e+00 1.003425e+00 1.007733e+00 1.009733e+00 1.013035e+00 1.023929e+00 1.042798e+00 
3 43 2.602629e-01 1.045883e+00 9.917970e-01 9.917970e-01 9.917970e-01 9.917970e-01 9.917970e-01 9.917970e-01 9.917970e-01 9.917970e-01 9.917970e-01 9.917970e-01 9.917970e-01 9.917970e-01 9.917970e-01 9.917970e-01 9.920943e-01 9.921374e-01 9.925568e-01 9.928865e-01 9.930677e-01 9.941524e-01 9.942575e-01 9.948011e-01 9.953231e-01 9.958903e-01 9.961582e-01 9.976157e-01 1.000290e+00 1.003558e+00 1.004163e+00 1.007604e+00 1.010014e+00 1.010092e+00 1.016907e+00 1.024465e+00 1.045883e+00 
4 57 2.523605e-01 1.050041e+00 9.890776e-01 9.890776e-01 9.890776e-01 9.890776e-01 9.890776e-01 9.890776e-01 9.890776e-01 9.891229e-01 9.892251e-01 9.893908e-01 9.894697e-01 9.898506e-01 9.899556e-01 9.901098e-01 9.904124e-01 9.907833e-01 9.909378e-01 9.920173e-01 9.924596e-01 9.929106e-01 9.930589e-01 9.942614e-01 9.950720e-01 9.956006e-01 9.979825e-01 9.992564e-01 1.001554e+00 1.002142e+00 1.004543e+00 1.007887e+00 1.009704e+00 1.015384e+00 1.021440e+00 1.026301e+00 1.050041e+00 
5 71 2.479035e-01 1.056048e+00 9.863784e-01 9.863784e-01 9.864204e-01 9.864289e-01 9.865598e-01 9.865642e-01 9.866664e-01 9.868615e-01 9.870907e-01 9.873060e-01 9.876560e-01 9.878026e-01 9.882355e-01 9.885205e-01 9.888264e-01 9.894237e-01 9.899747e-01 9.904300e-01 9.910662e-01 9.916518e-01 9.927826e-01 9.933937e-01 9.949530e-01 9.955137e-01 9.978592e-01 1.001029e+00 1.001172e+00 1.002712e+00 1.007310e+00 1.008043e+00 1.008598e+00 1.014658e+00 1.026399e+00 1.028759e+00 1.056048e+00 
6 85 2.408103e-01 1.060949e+00 9.837447e-01 9.837447e-01 9.839823e-01 9.840792e-01 9.842000e-01 9.843554e-01 9.844938e-01 9.847337e-01 9.848669e-01 9.850826e-01 9.852536e-01 9.858568e-01 9.862080e-01 9.865855e-01 9.871217e-01 9.878761e-01 9.882161e-01 9.887785e-01 9.899607e-01 9.905606e-01 9.923000e-01 9.928146e-01 9.941281e-01 9.945375e-01 9.980150e-01 9.991040e-01 1.001330e+00 1.004754e+00 1.007469e+00 1.008300e+00 1.009347e+00 1.013493e+00 1.023955e+00 1.032349e+00 1.060949e+00 
7 99 2.324939e-01 1.065891e+00 9.813590e-01 9.813590e-01 9.815033e-01 9.816376e-01 9.816890e-01 9.819293e-01 9.822159e-01 9.825778e-01 9.826771e-01 9.830525e-01 9.838803e-01 9.843004e-01 9.846877e-01 9.851919e-01 9.858798e-01 9.866427e-01 9.870822e-01 9.884683e-01 9.891461e-01 9.904906e-01 9.914185e-01 9.925342e-01 9.955613e-01 9.966836e-01 9.992719e-01 1.000969e+00 1.002939e+00 1.004961e+00 1.006295e+00 1.008230e+00 1.012028e+00 1.013451e+00 1.022916e+00 1.034365e+00 1.065891e+00 
8 113 2.220934e-01 1.068966e+00 9.788809e-01 9.788809e-01 9.791514e-01 9.794238e-01 9.796446e-01 9.799543e-01 9.802879e-01 9.806598e-01 9.811451e-01 9.815644e-01 9.819509e-01 9.823002e-01 9.824491e-01 9.840972e-01 9.845147e-01 9.854207e-01 9.860670e-01 9.862849e-01 9.882085e-01 9.895516e-01 9.918375e-01 9.928863e-01 9.940673e-01 9.955423e-01 9.968540e-01 1.001141e+00 1.002676e+00 1.003665e+00 1.007419e+00 1.008468e+00 1.012195e+00 1.016995e+00 1.024940e+00 1.035438e+00 1.068966e+00 
9 127 2.148984e-01 1.069070e+00 9.764414e-01 9.764414e-01 9.769187e-01 9.772206e-01 9.775757e-01 9.777586e-01 9.782179e-01 9.788753e-01 9.792464e-01 9.797512e-01 9.802977e-01 9.811805e-01 9.820230e-01 9.826592e-01 9.830627e-01 9.838319e-01 9.854933e-01 9.865202e-01 9.881827e-01 9.888877e-01 9.902397e-01 9.918654e-01 9.926934e-01 9.952159e-01 9.989123e-01 1.000980e+00 1.002910e+00 1.004858e+00 1.006054e+00 1.008691e+00 1.011277e+00 1.015946e+00 1.033064e+00 1.038523e+00 1.069070e+00 
10 141 2.080403e-01 1.069361e+00 9.739253e-01 9.739253e-01 9.746559e-01 9.751848e-01 9.754733e-01 9.758114e-01 9.764472e-01 9.767181e-01 9.775221e-01 9.777051e-01 9.787592e-01 9.798963e-01 9.801364e-01 9.807314e-01 9.826062e-01 9.832036e-01 9.851078e-01 9.852227e-01 9.866660e-01 9.884747e-01 9.890671e-01 9.913653e-01 9.914069e-01 9.950461e-01 9.975338e-01 1.000830e+00 1.001392e+00 1.004577e+00 1.006332e+00 1.007571e+00 1.013113e+00 1.017227e+00 1.032707e+00 1.043540e+00 1.069361e+00 
11 155 2.003654e-01 1.069717e+00 9.720290e-01 9.720290e-01 9.724620e-01 9.732074e-01 9.734620e-01 9.736953e-01 9.749051e-01 9.757149e-01 9.758301e-01 9.764473e-01 9.775556e-01 9.781293e-01 9.785967e-01 9.803343e-01 9.812913e-01 9.830699e-01 9.837753e-01 9.845239e-01 9.864456e-01 9.872307e-01 9.892406e-01 9.912766e-01 9.925573e-01 9.948247e-01 9.964190e-01 9.991535e-01 1.002451e+00 1.004078e+00 1.005561e+00 1.006200e+00 1.015689e+00 1.021213e+00 1.031491e+00 1.047975e+00 1.069717e+00 
12 169 1.916753e-01 1.071028e+00 9.698363e-01 9.698363e-01 9.710157e-01 9.711064e-01 9.715491e-01 9.721041e-01 9.733871e-01 9.735122e-01 9.742920e-01 9.747898e-01 9.758738e-01 9.763062e-01 9.778773e-01 9.790533e-01 9.799959e-01 9.812471e-01 9.823504e-01 9.836352e-01 9.842346e-01 9.860413e-01 9.893657e-01 9.897903e-01 9.936819e-01 9.956998e-01 9.966220e-01 9.984863e-01 1.000353e+00 1.003222e+00 1.004332e+00 1.007216e+00 1.020104e+00 1.020479e+00 1.029632e+00 1.048268e+00 1.071028e+00 
13 183 1.846837e-01 1.072637e+00 9.681824e-01 9.681824e-01 9.685166e-01 9.694302e-01 9.701025e-01 9.707956e-01 9.710968e-01 9.715572e-01 9.727956e-01 9.730228e-01 9.742291e-01 9.752604e-01 9.764244e-01 9.784092e-01 9.788133e-01 9.801036e-01 9.817506e-01 9.827840e-01 9.850966e-01 9.859294e-01 9.880203e-01 9.887825e-01 9.932623e-01 9.955829e-01 9.970298e-01 9.975044e-01 1.000959e+00 1.002540e+00 1.003773e+00 1.009637e+00 1.018868e+00 1.020927e+00 1.035953e+00 1.049395e+00 1.072637e+00 
14 197 1.782853e-01 1.071996e+00 9.665581e-01 9.665581e-01 9.668495e-01 9.673438e-01 9.681268e-01 9.685796e-01 9.688902e-01 9.705099e-01 9.709045e-01 9.712938e-01 9.726093e-01 9.750625e-01 9.752124e-01 9.770198e-01 9.772838e-01 9.794156e-01 9.816496e-01 9.834232e-01 9.840779e-01 9.861165e-01 9.868439e-01 9.877134e-01 9.923867e-01 9.945001e-01 9.961028e-01 9.988154e-01 1.000073e+00 1.003232e+00 1.004113e+00 1.017801e+00 1.019965e+00 1.022069e+00 1.033694e+00 1.052264e+00 1.071996e+00 
15 211 1.729238e-01 1.070397e+00 9.642491e-01 9.642491e-01 9.650637e-01 9.661757e-01 9.665002e-01 9.668326e-01 9.677340e-01 9.685740e-01 9.695730e-01 9.701390e-01 9.721147e-01 9.730766e-01 9.736991e-01 9.748389e-01 9.775627e-01 9.798775e-01 9.805458e-01 9.827273e-01 9.837243e-01 9.840212e-01 9.879070e-01 9.885825e-01 9.922944e-01 9.934705e-01 9.941570e-01 9.975336e-01 1.000003e+00 1.002856e+00 1.007144e+00 1.017704e+00 1.020285e+00 1.025903e+00 1.036464e+00 1.052361e+00 1.070397e+00 
16 225 1.700424e-01 1.070262e+00 9.619790e-01 9.619790e-01 9.628976e-01 9.638323e-01 9.641194e-01 9.648795e-01 9.661455e-01 9.670622e-01 9.678036e-01 9.696748e-01 9.706777e-01 9.712670e-01 9.732198e-01 9.746456e-01 9.752051e-01 9.778316e-01 9.792026e-01 9.809330e-01 9.815835e-01 9.830251e-01 9.866600e-01 9.895306e-01 9.916922e-01 9.925247e-01 9.957469e-01 1.000439e+00 1.001925e+00 1.005404e+00 1.008823e+00 1.017459e+00 1.022310e+00 1.026424e+00 1.035881e+00 1.054819e+00 1.070262e+00 
17 239 1.671873e-01 1.068173e+00 9.602089e-01 9.602089e-01 9.614071e-01 9.618455e-01 9.626746e-01 9.632447e-01 9.642777e-01 9.652932e-01 9.656351e-01 9.678847e-01 9.691460e-01 9.701088e-01 9.725722e-01 9.727152e-01 9.742988e-01 9.772331e-01 9.783936e-01 9.800304e-01 9.821834e-01 9.833703e-01 9.869026e-01 9.881711e-01 9.903495e-01 9.910906e-01 9.960605e-01 9.992300e-01 1.001373e+00 1.004661e+00 1.009939e+00 1.016064e+00 1.023240e+00 1.027838e+00 1.037520e+00 1.061474e+00 1.068173e+00 
18 253 1.632202e-01 1.067675e+00 9.583046e-01 9.583046e-01 9.592846e-01 9.597695e-01 9.611166e-01 9.620146e-01 9.625621e-01 9.634470e-01 9.648005e-01 9.658457e-01 9.672068e-01 9.689480e-01 9.704553e-01 9.715500e-01 9.722531e-01 9.753990e-01 9.767590e-01 9.779969e-01 9.814558e-01 9.836035e-01 9.846377e-01 9.869288e-01 9.883714e-01 9.910449e-01 9.972231e-01 9.983703e-01 1.001833e+00 1.005974e+00 1.008450e+00 1.014852e+00 1.023230e+00 1.026963e+00 1.041244e+00 1.064472e+00 1.067675e+00 
19 267 1.621010e-01 1.079375e+00 9.564886e-01 9.564886e-01 9.569905e-01 9.577384e-01 9.594066e-01 9.602327e-01 9.609318e-01 9.620201e-01 9.634447e-01 9.651806e-01 9.665927e-01 9.683031e-01 9.686785e-01 9.713391e-01 9.718020e-01 9.735616e-01 9.745092e-01 9.758731e-01 9.797379e-01 9.818642e-01 9.833526e-01 9.851102e-01 9.872872e-01 9.897303e-01 9.966841e-01 9.992903e-01 1.001017e+00 1.005312e+00 1.008744e+00 1.014221e+00 1.022371e+00 1.028707e+00 1.043138e+00 1.063786e+00 1.079375e+00 
20 281 1.622563e-01 1.089590e+00 9.540366e-01 9.540366e-01 9.556950e-01 9.567507e-01 9.570123e-01 9.585753e-01 9.592866e-01 9.606417e-01 9.622736e-01 9.639635e-01 9.650011e-01 9.663888e-01 9.679883e-01 9.697608e-01 9.714070e-01 9.727635e-01 9.734000e-01 9.770131e-01 9.786825e-01 9.800240e-01 9.829364e-01 9.832115e-01 9.870143e-01 9.875565e-01 9.953124e-01 9.986769e-01 1.001876e+00 1.005877e+00 1.008157e+00 1.017030e+00 1.021482e+00 1.028655e+00 1.043737e+00 1.069999e+00 1.089590e+00 
21 295 1.625281e-01 1.102786e+00 9.517498e-01 9.517498e-01 9.539029e-01 9.550188e-01 9.567813e-01 9.577156e-01 9.582838e-01 9.601940e-01 9.614380e-01 9.621226e-01 9.642383e-01 9.647257e-01 9.664227e-01 9.689328e-01 9.699599e-01 9.715532e-01 9.721266e-01 9.754009e-01 9.769326e-01 9.784461e-01 9.819268e-01 9.830115e-01 9.857946e-01 9.871927e-01 9.941711e-01 9.975583e-01 1.002203e+00 1.004904e+00 1.010694e+00 1.016620e+00 1.019946e+00 1.033279e+00 1.042468e+00 1.070096e+00 1.102786e+00 
22 309 1.575509e-01 1.111153e+00 9.502145e-01 9.502145e-01 9.519300e-01 9.527112e-01 9.548092e-01 9.558199e-01 9.572103e-01 9.584624e-01 9.597610e-01 9.604900e-01 9.625326e-01 9.630548e-01 9.639062e-01 9.670235e-01 9.691663e-01 9.702558e-01 9.707245e-01 9.745868e-01 9.750295e-01 9.768153e-01 9.804612e-01 9.816992e-01 9.832747e-01 9.862052e-01 9.923686e-01 9.960323e-01 1.000430e+00 1.002764e+00 1.009532e+00 1.016074e+00 1.017796e+00 1.031531e+00 1.041275e+00 1.074964e+00 1.111153e+00 
23 323 1.547449e-01 1.116464e+00 9.488296e-01 9.488296e-01 9.497899e-01 9.516065e-01 9.529363e-01 9.541768e-01 9.561478e-01 9.566059e-01 9.578437e-01 9.604512e-01 9.614018e-01 9.624858e-01 9.640256e-01 9.668825e-01 9.680945e-01 9.686608e-01 9.711846e-01 9.725800e-01 9.729859e-01 9.768151e-01 9.789480e-01 9.809243e-01 9.828953e-01 9.863119e-01 9.910637e-01 9.967297e-01 1.001183e+00 1.001354e+00 1.007700e+00 1.015452e+00 1.016945e+00 1.029910e+00 1.045263e+00 1.076135e+00 1.116464e+00 
24 337 2.143188e-01 1.124170e+00 9.471627e-01 9.471627e-01 9.475148e-01 9.496606e-01 9.513591e-01 9.525930e-01 9.541799e-01 9.548724e-01 9.559799e-01 9.590276e-01 9.608738e-01 9.610980e-01 9.623629e-01 9.659216e-01 9.663463e-01 9.680345e-01 9.705189e-01 9.712713e-01 9.722530e-01 9.747456e-01 9.790038e-01 9.812755e-01 9.820489e-01 9.857682e-01 9.893704e-01 9.976425e-01 9.994164e-01 1.001124e+00 1.009386e+00 1.013894e+00 1.023282e+00 1.028800e+00 1.046469e+00 1.078249e+00 1.124170e+00 
25 351 2.134014e-01 1.131485e+00 9.447426e-01 9.447426e-01 9.462717e-01 9.490434e-01 9.498994e-01 9.508715e-01 9.524757e-01 9.531027e-01 9.549266e-01 9.574815e-01 9.593785e-01 9.598760e-01 9.612070e-01 9.633700e-01 9.649904e-01 9.657823e-01 9.686639e-01 9.699366e-01 9.703259e-01 9.750173e-01 9.782067e-01 9.805308e-01 9.816180e-01 9.861311e-01 9.894496e-01 9.955511e-01 9.984910e-01 1.003992e+00 1.009776e+00 1.012920e+00 1.022533e+00 1.027085e+00 1.047600e+00 1.083955e+00 1.131485e+00 
26 365 2.115045e-01 1.140108e+00 9.430115e-01 9.430115e-01 9.442964e-01 9.472051e-01 9.483504e-01 9.496777e-01 9.507054e-01 9.514624e-01 9.541562e-01 9.564256e-01 9.573122e-01 9.601003e-01 9.610549e-01 9.618765e-01 9.633242e-01 9.667003e-01 9.676692e-01 9.690233e-01 9.722045e-01 9.740169e-01 9.782751e-01 9.788999e-01 9.798515e-01 9.855876e-01 9.892059e-01 9.959452e-01 9.981129e-01 1.004769e+00 1.010009e+00 1.014831e+00 1.022101e+00 1.028975e+00 1.048142e+00 1.084542e+00 1.140108e+00 
27 379 2.079298e-01 1.147150e+00 9.418781e-01 9.418781e-01 9.438095e-01 9.453135e-01 9.465940e-01 9.478083e-01 9.486491e-01 9.496841e-01 9.537099e-01 9.550458e-01 9.561958e-01 9.581358e-01 9.596479e-01 9.616579e-01 9.627000e-01 9.643626e-01 9.658426e-01 9.678450e-01 9.713551e-01 9.735100e-01 9.761798e-01 9.801597e-01 9.825532e-01 9.852516e-01 9.891760e-01 9.945692e-01 9.998105e-01 1.003553e+00 1.009391e+00 1.012991e+00 1.020908e+00 1.027713e+00 1.047233e+00 1.085982e+00 1.147150e+00 
28 393 2.065473e-01 1.155787e+00 9.397813e-01 9.397813e-01 9.415953e-01 9.440985e-01 9.441704e-01 9.454812e-01 9.464257e-01 9.506297e-01 9.513273e-01 9.526717e-01 9.540684e-01 9.557343e-01 9.596748e-01 9.604422e-01 9.616606e-01 9.650027e-01 9.654586e-01 9.667363e-01 9.705298e-01 9.721758e-01 9.747164e-01 9.793674e-01 9.821297e-01 9.859943e-01 9.893083e-01 9.940589e-01 1.000064e+00 1.005873e+00 1.008031e+00 1.011039e+00 1.019584e+00 1.027781e+00 1.045894e+00 1.090163e+00 1.155787e+00 
29 407 2.048030e-01 1.164005e+00 9.383326e-01 9.383326e-01 9.407890e-01 9.420791e-01 9.433188e-01 9.441865e-01 9.477063e-01 9.489933e-01 9.502136e-01 9.523039e-01 9.538119e-01 9.557430e-01 9.577356e-01 9.591628e-01 9.619723e-01 9.641160e-01 9.643036e-01 9.667445e-01 9.693478e-01 9.705562e-01 9.735492e-01 9.775577e-01 9.827518e-01 9.872371e-01 9.910835e-01 9.930373e-01 9.997223e-01 1.005540e+00 1.006401e+00 1.016316e+00 1.018109e+00 1.028808e+00 1.045177e+00 1.092024e+00 1.164005e+00 
30 421 2.022931e-01 1.168585e+00 9.363192e-01 9.363192e-01 9.399907e-01 9.402836e-01 9.415275e-01 9.419572e-01 9.458791e-01 9.476774e-01 9.492988e-01 9.513717e-01 9.532255e-01 9.546488e-01 9.565358e-01 9.594734e-01 9.613976e-01 9.624949e-01 9.644575e-01 9.656894e-01 9.686940e-01 9.696159e-01 9.720932e-01 9.797380e-01 9.811863e-01 9.856902e-01 9.903834e-01 9.913580e-01 9.998699e-01 1.005483e+00 1.006508e+00 1.016216e+00 1.021349e+00 1.029154e+00 1.045643e+00 1.092827e+00 1.168585e+00 
31 435 1.991668e-01 1.173161e+00 9.349787e-01 9.349787e-01 9.379775e-01 9.388770e-01 9.393185e-01 9.401350e-01 9.448910e-01 9.453687e-01 9.477460e-01 9.490385e-01 9.517081e-01 9.538866e-01 9.564661e-01 9.595408e-01 9.601783e-01 9.607709e-01 9.641106e-01 9.660002e-01 9.681517e-01 9.698808e-01 9.747259e-01 9.787964e-01 9.806173e-01 9.867733e-01 9.884498e-01 9.922961e-01 1.000097e+00 1.004470e+00 1.006547e+00 1.016362e+00 1.018834e+00 1.034740e+00 1.045858e+00 1.094163e+00 1.173161e+00 
32 449 1.953714e-01 1.175045e+00 9.326930e-01 9.326930e-01 9.366060e-01 9.371669e-01 9.376933e-01 9.394642e-01 9.429731e-01 9.438580e-01 9.472198e-01 9.498705e-01 9.505799e-01 9.524038e-01 9.543677e-01 9.577615e-01 9.599205e-01 9.629399e-01 9.633088e-01 9.655006e-01 9.671527e-01 9.692057e-01 9.733641e-01 9.774548e-01 9.804354e-01 9.857529e-01 9.874624e-01 9.910812e-01 1.001007e+00 1.002725e+00 1.006929e+00 1.016546e+00 1.017296e+00 1.033030e+00 1.048625e+00 1.096109e+00 1.175045e+00 
33 463 1.904659e-01 1.174568e+00 9.303910e-01 9.303910e-01 9.347312e-01 9.361389e-01 9.364457e-01 9.389837e-01 9.423534e-01 9.435904e-01 9.461130e-01 9.483450e-01 9.493486e-01 9.510519e-01 9.524271e-01 9.560646e-01 9.607358e-01 9.619904e-01 9.632987e-01 9.654896e-01 9.670821e-01 9.694343e-01 9.722053e-01 9.758734e-01 9.798744e-01 9.847300e-01 9.882573e-01 9.922925e-01 1.000812e+00 1.003060e+00 1.007001e+00 1.015610e+00 1.016833e+00 1.032620e+00 1.049337e+00 1.097516e+00 1.174568e+00 
34 477 1.850490e-01 1.174042e+00 9.306450e-01 9.306450e-01 9.325683e-01 9.340337e-01 9.350602e-01 9.369570e-01 9.405261e-01 9.431728e-01 9.453633e-01 9.471287e-01 9.484350e-01 9.497762e-01 9.502828e-01 9.553530e-01 9.591755e-01 9.601365e-01 9.622028e-01 9.659156e-01 9.666534e-01 9.689562e-01 9.736185e-01 9.745923e-01 9.790619e-01 9.838381e-01 9.889184e-01 9.912177e-01 9.992946e-01 1.001649e+00 1.007498e+00 1.015078e+00 1.022644e+00 1.033650e+00 1.050778e+00 1.098260e+00 1.174042e+00 
35 491 1.794132e-01 1.172264e+00 9.297395e-01 9.297395e-01 9.308536e-01 9.332834e-01 9.340290e-01 9.361104e-01 9.381578e-01 9.412437e-01 9.443896e-01 9.453366e-01 9.472753e-01 9.478211e-01 9.510923e-01 9.566321e-01 9.581584e-01 9.599106e-01 9.611939e-01 9.648477e-01 9.663053e-01 9.692200e-01 9.713786e-01 9.728670e-01 9.801228e-01 9.835054e-01 9.874237e-01 9.921668e-01 9.982727e-01 1.001218e+00 1.006541e+00 1.017360e+00 1.023953e+00 1.031946e+00 1.049613e+00 1.097327e+00 1.172264e+00 
36 505 1.762180e-01 1.171850e+00 9.278111e-01 9.278111e-01 9.289591e-01 9.315983e-01 9.327942e-01 9.346315e-01 9.367358e-01 9.399404e-01 9.430560e-01 9.452397e-01 9.462361e-01 9.468432e-01 9.495889e-01 9.555055e-01 9.577688e-01 9.585078e-01 9.615226e-01 9.632818e-01 9.651174e-01 9.691885e-01 9.699305e-01 9.717242e-01 9.793204e-01 9.830594e-01 9.890232e-01 9.901280e-01 9.964515e-01 1.002895e+00 1.006097e+00 1.023232e+00 1.027360e+00 1.035904e+00 1.047761e+00 1.099982e+00 1.171850e+00 
37 519 1.727703e-01 1.169518e+00 9.261694e-01 9.261694e-01 9.272316e-01 9.305202e-01 9.312947e-01 9.336523e-01 9.349852e-01 9.386039e-01 9.422051e-01 9.431822e-01 9.445131e-01 9.456008e-01 9.491203e-01 9.533009e-01 9.560246e-01 9.579738e-01 9.595258e-01 9.617026e-01 9.666882e-01 9.669964e-01 9.692871e-01 9.703947e-01 9.790762e-01 9.838077e-01 9.881917e-01 9.919137e-01 9.970912e-01 1.002732e+00 1.011774e+00 1.022107e+00 1.029891e+00 1.037095e+00 1.046825e+00 1.102184e+00 1.169518e+00 
38 533 1.690604e-01 1.167146e+00 9.244818e-01 9.244818e-01 9.254016e-01 9.286520e-01 9.305621e-01 9.325579e-01 9.335236e-01 9.381766e-01 9.404129e-01 9.409799e-01 9.429086e-01 9.455210e-01 9.474861e-01 9.511882e-01 9.549000e-01 9.562724e-01 9.607716e-01 9.644218e-01 9.646252e-01 9.672135e-01 9.687416e-01 9.718875e-01 9.800868e-01 9.816639e-01 9.879886e-01 9.937315e-01 9.973098e-01 1.006885e+00 1.012111e+00 1.020537e+00 1.028490e+00 1.039652e+00 1.050566e+00 1.103605e+00 1.167146e+00 
39 547 1.663780e-01 1.168359e+00 9.221209e-01 9.221209e-01 9.236745e-01 9.267909e-01 9.285452e-01 9.311266e-01 9.318854e-01 9.365444e-01 9.389287e-01 9.402383e-01 9.420144e-01 9.434913e-01 9.466045e-01 9.508920e-01 9.538065e-01 9.541719e-01 9.594568e-01 9.620424e-01 9.637348e-01 9.649129e-01 9.669972e-01 9.736427e-01 9.797102e-01 9.801597e-01 9.894146e-01 9.926533e-01 9.985169e-01 1.010465e+00 1.014251e+00 1.019642e+00 1.030015e+00 1.043152e+00 1.049344e+00 1.107460e+00 1.168359e+00 
40 561 1.650286e-01 1.168164e+00 9.207344e-01 9.207344e-01 9.224379e-01 9.250808e-01 9.263281e-01 9.299976e-01 9.317506e-01 9.347345e-01 9.379628e-01 9.387201e-01 9.410318e-01 9.425618e-01 9.485239e-01 9.498498e-01 9.531407e-01 9.534969e-01 9.594783e-01 9.606712e-01 9.619852e-01 9.639553e-01 9.701583e-01 9.732136e-01 9.785252e-01 9.856087e-01 9.907277e-01 9.922501e-01 1.000171e+00 1.009692e+00 1.019547e+00 1.021343e+00 1.028318e+00 1.042354e+00 1.047479e+00 1.112506e+00 1.168164e+00 
41 575 1.615314e-01 1.167273e+00 9.190357e-01 9.190357e-01 9.212097e-01 9.226935e-01 9.253070e-01 9.277634e-01 9.300947e-01 9.335934e-01 9.363996e-01 9.372935e-01 9.414582e-01 9.432596e-01 9.475748e-01 9.486369e-01 9.510213e-01 9.529615e-01 9.576130e-01 9.596608e-01 9.610989e-01 9.625593e-01 9.692210e-01 9.736781e-01 9.774104e-01 9.869110e-01 9.889158e-01 9.916220e-01 1.000984e+00 1.014858e+00 1.017316e+00 1.021333e+00 1.030435e+00 1.041704e+00 1.045863e+00 1.116351e+00 1.167273e+00 
42 589 1.582424e-01 1.165456e+00 9.175178e-01 9.175178e-01 9.201774e-01 9.218282e-01 9.246655e-01 9.266576e-01 9.278216e-01 9.318469e-01 9.353848e-01 9.367149e-01 9.407012e-01 9.431135e-01 9.458450e-01 9.470270e-01 9.496474e-01 9.522872e-01 9.553482e-01 9.586095e-01 9.603619e-01 9.622441e-01 9.676024e-01 9.715581e-01 9.775345e-01 9.848202e-01 9.885502e-01 9.900185e-01 1.003433e+00 1.014059e+00 1.016034e+00 1.021751e+00 1.031802e+00 1.044134e+00 1.050561e+00 1.117183e+00 1.165456e+00 
43 603 1.554557e-01 1.165785e+00 9.161925e-01 9.161925e-01 9.182714e-01 9.208270e-01 9.225381e-01 9.261078e-01 9.275334e-01 9.300025e-01 9.334366e-01 9.352705e-01 9.394583e-01 9.430714e-01 9.446373e-01 9.458351e-01 9.497915e-01 9.506962e-01 9.550764e-01 9.565746e-01 9.592704e-01 9.641239e-01 9.662509e-01 9.707921e-01 9.761630e-01 9.840734e-01 9.875961e-01 9.930360e-01 1.001257e+00 1.013467e+00 1.015164e+00 1.024938e+00 1.030456e+00 1.042633e+00 1.055567e+00 1.118053e+00 1.165785e+00 
44 617 1.530298e-01 1.166388e+00 9.142213e-01 9.142213e-01 9.174161e-01 9.188571e-01 9.223243e-01 9.258583e-01 9.268375e-01 9.280511e-01 9.319353e-01 9.345493e-01 9.372294e-01 9.426155e-01 9.432007e-01 9.440952e-01 9.483121e-01 9.492713e-01 9.541779e-01 9.553823e-01 9.609323e-01 9.631194e-01 9.681878e-01 9.689053e-01 9.750461e-01 9.827129e-01 9.909131e-01 9.909685e-01 1.000331e+00 1.011726e+00 1.019738e+00 1.024006e+00 1.029063e+00 1.041627e+00 1.059044e+00 1.119650e+00 1.166388e+00 
45 631 2.099263e-01 1.165251e+00 9.125041e-01 9.125041e-01 9.154151e-01 9.177620e-01 9.206278e-01 9.240449e-01 9.254469e-01 9.284616e-01 9.300411e-01 9.350761e-01 9.368294e-01 9.404965e-01 9.421223e-01 9.458780e-01 9.464795e-01 9.477533e-01 9.521331e-01 9.532155e-01 9.595443e-01 9.655245e-01 9.689140e-01 9.703479e-01 9.754996e-01 9.816481e-01 9.894922e-01 9.938878e-01 1.006423e+00 1.011737e+00 1.018945e+00 1.025595e+00 1.026827e+00 1.043861e+00 1.061679e+00 1.118641e+00 1.165251e+00 
46 645 2.045667e-01 1.163052e+00 9.103326e-01 9.103326e-01 9.137931e-01 9.165415e-01 9.200631e-01 9.224422e-01 9.240751e-01 9.262606e-01 9.289742e-01 9.332875e-01 9.353125e-01 9.397989e-01 9.404395e-01 9.447419e-01 9.450546e-01 9.459551e-01 9.511844e-01 9.531549e-01 9.589513e-01 9.638580e-01 9.671120e-01 9.701206e-01 9.739344e-01 9.807662e-01 9.883041e-01 9.929747e-01 1.007857e+00 1.012940e+00 1.017928e+00 1.024264e+00 1.026786e+00 1.044311e+00 1.067930e+00 1.116862e+00 1.163052e+00 
47 659 1.985081e-01 1.162525e+00 9.086904e-01 9.086904e-01 9.121308e-01 9.146041e-01 9.188179e-01 9.206105e-01 9.228298e-01 9.259631e-01 9.273857e-01 9.313793e-01 9.336348e-01 9.379868e-01 9.390863e-01 9.428664e-01 9.439940e-01 9.452536e-01 9.497915e-01 9.507733e-01 9.595416e-01 9.631219e-01 9.648716e-01 9.697082e-01 9.741226e-01 9.808431e-01 9.859414e-01 9.907917e-01 1.008289e+00 1.011892e+00 1.018228e+00 1.023225e+00 1.026185e+00 1.045103e+00 1.070488e+00 1.122132e+00 1.162525e+00 
48 673 1.955007e-01 1.159774e+00 9.067388e-01 9.067388e-01 9.105830e-01 9.165229e-01 9.172075e-01 9.187073e-01 9.229180e-01 9.246704e-01 9.266658e-01 9.309790e-01 9.316086e-01 9.368270e-01 9.388512e-01 9.408134e-01 9.423399e-01 9.444712e-01 9.487141e-01 9.517202e-01 9.574487e-01 9.620512e-01 9.666845e-01 9.692032e-01 9.771788e-01 9.789233e-01 9.865994e-01 9.896893e-01 1.006272e+00 1.012100e+00 1.016154e+00 1.022109e+00 1.028761e+00 1.045302e+00 1.076086e+00 1.120550e+00 1.159774e+00 
49 687 1.893030e-01 1.161271e+00 9.049859e-01 9.049859e-01 9.097273e-01 9.147702e-01 9.158393e-01 9.180395e-01 9.222560e-01 9.233467e-01 9.268957e-01 9.292370e-01 9.329128e-01 9.349426e-01 9.370094e-01 9.392557e-01 9.425866e-01 9.428664e-01 9.472701e-01 9.500778e-01 9.560135e-01 9.606748e-01 9.656010e-01 9.689312e-01 9.766209e-01 9.809500e-01 9.859099e-01 9.915149e-01 1.004535e+00 1.009995e+00 1.015529e+00 1.019440e+00 1.029521e+00 1.045743e+00 1.081688e+00 1.119277e+00 1.161271e+00 
50 701 1.853342e-01 1.158851e+00 9.028025e-01 9.028025e-01 9.086437e-01 9.126309e-01 9.143552e-01 9.165601e-01 9.208214e-01 9.230316e-01 9.269695e-01 9.277197e-01 9.320144e-01 9.332840e-01 9.354505e-01 9.378747e-01 9.408712e-01 9.424509e-01 9.481280e-01 9.505362e-01 9.539203e-01 9.602949e-01 9.676890e-01 9.695413e-01 9.769453e-01 9.804790e-01 9.854125e-01 9.901093e-01 1.004808e+00 1.009293e+00 1.015644e+00 1.017788e+00 1.029632e+00 1.045078e+00 1.080616e+00 1.125688e+00 1.158851e+00 
51 715 1.797484e-01 1.159184e+00 9.010460e-01 9.010460e-01 9.074007e-01 9.108368e-01 9.121283e-01 9.148341e-01 9.199993e-01 9.206732e-01 9.257500e-01 9.298234e-01 9.307321e-01 9.321522e-01 9.348174e-01 9.388881e-01 9.397165e-01 9.408881e-01 9.469401e-01 9.516861e-01 9.546189e-01 9.613564e-01 9.656914e-01 9.706305e-01 9.752744e-01 9.815049e-01 9.858396e-01 9.893760e-01 1.003274e+00 1.008945e+00 1.014219e+00 1.015428e+00 1.029640e+00 1.045636e+00 1.082543e+00 1.125403e+00 1.159184e+00 
52 729 1.759166e-01 1.158829e+00 8.998044e-01 8.998044e-01 9.060244e-01 9.091426e-01 9.101861e-01 9.143652e-01 9.198122e-01 9.212157e-01 9.244328e-01 9.278579e-01 9.297038e-01 9.301853e-01 9.328248e-01 9.367477e-01 9.379383e-01 9.403485e-01 9.464231e-01 9.500681e-01 9.548087e-01 9.612908e-01 9.647875e-01 9.704844e-01 9.784253e-01 9.802176e-01 9.836725e-01 9.878405e-01 1.002874e+00 1.006621e+00 1.012516e+00 1.015085e+00 1.027870e+00 1.044437e+00 1.082903e+00 1.127595e+00 1.158829e+00 
53 743 1.712794e-01 1.160902e+00 8.979110e-01 8.979110e-01 9.048986e-01 9.076642e-01 9.109610e-01 9.150013e-01 9.192369e-01 9.201727e-01 9.230109e-01 9.265949e-01 9.293325e-01 9.309958e-01 9.322659e-01 9.354021e-01 9.368658e-01 9.398437e-01 9.444472e-01 9.483462e-01 9.547749e-01 9.606318e-01 9.651549e-01 9.706552e-01 9.761917e-01 9.813002e-01 9.830336e-01 9.879893e-01 1.001078e+00 1.005087e+00 1.011175e+00 1.016813e+00 1.026624e+00 1.043304e+00 1.084191e+00 1.128194e+00 1.160902e+00 
54 757 1.679556e-01 1.159187e+00 8.969028e-01 8.969028e-01 9.030887e-01 9.060234e-01 9.095242e-01 9.139548e-01 9.172220e-01 9.180145e-01 9.209459e-01 9.255749e-01 9.273242e-01 9.289051e-01 9.325415e-01 9.346340e-01 9.348756e-01 9.409768e-01 9.431603e-01 9.474600e-01 9.560145e-01 9.597109e-01 9.645117e-01 9.698924e-01 9.750725e-01 9.806992e-01 9.815789e-01 9.884077e-01 1.000280e+00 1.003895e+00 1.009866e+00 1.014879e+00 1.028699e+00 1.043621e+00 1.083809e+00 1.127504e+00 1.159187e+00 
55 771 1.624512e-01 1.158384e+00 8.951938e-01 8.951938e-01 9.020030e-01 9.039902e-01 9.072556e-01 9.127096e-01 9.161452e-01 9.179820e-01 9.205255e-01 9.243295e-01 9.273585e-01 9.281625e-01 9.323879e-01 9.331763e-01 9.357307e-01 9.397530e-01 9.417318e-01 9.481180e-01 9.550959e-01 9.580652e-01 9.643504e-01 9.697859e-01 9.756734e-01 9.792002e-01 9.796498e-01 9.897383e-01 9.991770e-01 1.006698e+00 1.008068e+00 1.016001e+00 1.029158e+00 1.043931e+00 1.082854e+00 1.126586e+00 1.158384e+00 
56 785 2.184955e-01 1.161092e+00 8.935893e-01 8.935893e-01 9.010931e-01 9.022269e-01 9.067815e-01 9.120752e-01 9.163793e-01 9.171116e-01 9.200323e-01 9.229939e-01 9.257242e-01 9.267887e-01 9.309387e-01 9.327957e-01 9.373664e-01 9.396449e-01 9.408444e-01 9.469021e-01 9.537425e-01 9.576031e-01 9.628490e-01 9.704236e-01 9.743579e-01 9.786132e-01 9.831480e-01 9.910352e-01 9.977611e-01 1.005169e+00 1.006857e+00 1.014197e+00 1.028929e+00 1.044407e+00 1.083925e+00 1.127279e+00 1.161092e+00 
57 799 2.092582e-01 1.161065e+00 8.917387e-01 8.917387e-01 8.990160e-01 9.004544e-01 9.064646e-01 9.123647e-01 9.145138e-01 9.156171e-01 9.184830e-01 9.215721e-01 9.240746e-01 9.248525e-01 9.285957e-01 9.306476e-01 9.357804e-01 9.379085e-01 9.408619e-01 9.459604e-01 9.515641e-01 9.562611e-01 9.620910e-01 9.695364e-01 9.734792e-01 9.770918e-01 9.821660e-01 9.906558e-01 9.979986e-01 1.004219e+00 1.006564e+00 1.012052e+00 1.027823e+00 1.042049e+00 1.082866e+00 1.125048e+00 1.161065e+00 
58 813 2.025223e-01 1.163188e+00 8.911275e-01 8.911275e-01 8.977850e-01 8.985644e-01 9.057816e-01 9.113579e-01 9.135912e-01 9.148270e-01 9.178419e-01 9.205777e-01 9.227399e-01 9.247381e-01 9.278338e-01 9.286849e-01 9.340957e-01 9.376623e-01 9.404417e-01 9.455733e-01 9.493462e-01 9.543956e-01 9.632823e-01 9.682117e-01 9.715764e-01 9.770936e-01 9.817200e-01 9.897722e-01 9.976208e-01 1.004053e+00 1.006151e+00 1.010403e+00 1.025635e+00 1.041940e+00 1.083407e+00 1.125215e+00 1.163188e+00 
59 827 1.921390e-01 1.162251e+00 8.901256e-01 8.901256e-01 8.973407e-01 8.985730e-01 9.044662e-01 9.097445e-01 9.134194e-01 9.145139e-01 9.176741e-01 9.201722e-01 9.214629e-01 9.231223e-01 9.264376e-01 9.271251e-01 9.340069e-01 9.371430e-01 9.391147e-01 9.447815e-01 9.469488e-01 9.532890e-01 9.620628e-01 9.671708e-01 9.701109e-01 9.781254e-01 9.805149e-01 9.879534e-01 9.963554e-01 1.003070e+00 1.007211e+00 1.013076e+00 1.026582e+00 1.041236e+00 1.082068e+00 1.123573e+00 1.162251e+00 
60 841 1.840811e-01 1.161463e+00 8.893514e-01 8.893514e-01 8.956809e-01 8.980971e-01 9.032044e-01 9.090326e-01 9.121778e-01 9.131466e-01 9.160515e-01 9.180334e-01 9.211114e-01 9.218502e-01 9.250148e-01 9.281486e-01 9.323216e-01 9.366657e-01 9.401620e-01 9.438305e-01 9.460552e-01 9.523854e-01 9.607586e-01 9.657585e-01 9.691134e-01 9.774975e-01 9.809713e-01 9.884488e-01 9.959308e-01 1.001200e+00 1.007238e+00 1.012243e+00 1.025992e+00 1.040007e+00 1.083961e+00 1.123242e+00 1.161463e+00 
61 855 1.776549e-01 1.161025e+00 8.885369e-01 8.885369e-01 8.942965e-01 8.976069e-01 9.023138e-01 9.078830e-01 9.112737e-01 9.120634e-01 9.153460e-01 9.179363e-01 9.199147e-01 9.234073e-01 9.265372e-01 9.302397e-01 9.316389e-01 9.361138e-01 9.389528e-01 9.427431e-01 9.437765e-01 9.514570e-01 9.591430e-01 9.641742e-01 9.671933e-01 9.774733e-01 9.809811e-01 9.897865e-01 9.942384e-01 1.001169e+00 1.005396e+00 1.011913e+00 1.025216e+00 1.038883e+00 1.084038e+00 1.124667e+00 1.161025e+00 
62 869 2.421382e-01 1.161103e+00 8.880535e-01 8.880535e-01 8.929136e-01 8.959588e-01 9.027471e-01 9.066113e-01 9.097929e-01 9.124119e-01 9.149649e-01 9.165919e-01 9.182692e-01 9.238030e-01 9.266370e-01 9.285117e-01 9.314793e-01 9.355035e-01 9.411438e-01 9.423453e-01 9.432318e-01 9.503174e-01 9.585835e-01 9.633681e-01 9.656278e-01 9.752092e-01 9.812438e-01 9.895297e-01 9.926045e-01 1.000929e+00 1.006525e+00 1.012951e+00 1.026501e+00 1.037482e+00 1.083709e+00 1.122101e+00 1.161103e+00 
63 883 2.413778e-01 1.162453e+00 8.865390e-01 8.865390e-01 8.914971e-01 8.951015e-01 9.003959e-01 9.059682e-01 9.074689e-01 9.108541e-01 9.130270e-01 9.157300e-01 9.170874e-01 9.217205e-01 9.257382e-01 9.271738e-01 9.303396e-01 9.356129e-01 9.408285e-01 9.410166e-01 9.424007e-01 9.517480e-01 9.577613e-01 9.619770e-01 9.649707e-01 9.772266e-01 9.812650e-01 9.896610e-01 9.939264e-01 9.999885e-01 1.005413e+00 1.012860e+00 1.029202e+00 1.037011e+00 1.082209e+00 1.120484e+00 1.162453e+00 
64 897 2.387494e-01 1.164940e+00 8.849164e-01 8.849164e-01 8.902235e-01 8.941008e-01 8.992871e-01 9.042337e-01 9.068266e-01 9.097163e-01 9.131895e-01 9.150084e-01 9.159517e-01 9.197661e-01 9.240858e-01 9.253436e-01 9.315260e-01 9.348785e-01 9.386447e-01 9.396346e-01 9.416805e-01 9.510978e-01 9.558179e-01 9.640123e-01 9.646487e-01 9.790377e-01 9.803021e-01 9.883228e-01 9.941845e-01 9.984432e-01 1.003640e+00 1.012426e+00 1.030632e+00 1.035639e+00 1.080578e+00 1.118974e+00 1.164940e+00 
65 911 2.347202e-01 1.165666e+00 8.844240e-01 8.844240e-01 8.885577e-01 8.934875e-01 8.980800e-01 9.025852e-01 9.057290e-01 9.092258e-01 9.117342e-01 9.138744e-01 9.170899e-01 9.205130e-01 9.236771e-01 9.266007e-01 9.299991e-01 9.346950e-01 9.378238e-01 9.396453e-01 9.410382e-01 9.523162e-01 9.538428e-01 9.623909e-01 9.640362e-01 9.774187e-01 9.802090e-01 9.871156e-01 9.961834e-01 9.987794e-01 1.002554e+00 1.012396e+00 1.030514e+00 1.034864e+00 1.078257e+00 1.118511e+00 1.165666e+00 
66 925 2.313186e-01 1.165292e+00 8.828607e-01 8.828607e-01 8.872894e-01 8.924687e-01 8.970437e-01 9.018368e-01 9.041128e-01 9.087874e-01 9.104963e-01 9.132838e-01 9.181894e-01 9.205816e-01 9.234153e-01 9.250279e-01 9.283710e-01 9.352391e-01 9.372809e-01 9.401566e-01 9.407424e-01 9.520546e-01 9.552622e-01 9.607822e-01 9.632074e-01 9.765283e-01 9.821735e-01 9.874154e-01 9.942667e-01 9.973580e-01 1.001074e+00 1.012929e+00 1.031785e+00 1.035523e+00 1.076813e+00 1.117216e+00 1.165292e+00 
67 939 2.259068e-01 1.165522e+00 8.805570e-01 8.805570e-01 8.853658e-01 8.908179e-01 8.973709e-01 9.000293e-01 9.034145e-01 9.067137e-01 9.086317e-01 9.117223e-01 9.166950e-01 9.201399e-01 9.237056e-01 9.262888e-01 9.302759e-01 9.332937e-01 9.368247e-01 9.382823e-01 9.403209e-01 9.511972e-01 9.542638e-01 9.591876e-01 9.614070e-01 9.793372e-01 9.804171e-01 9.877265e-01 9.929806e-01 9.991593e-01 1.000547e+00 1.014448e+00 1.031605e+00 1.035451e+00 1.075602e+00 1.116117e+00 1.165522e+00 
68 953 2.168910e-01 1.165271e+00 8.795571e-01 8.795571e-01 8.864289e-01 8.904564e-01 8.957410e-01 8.984979e-01 9.027485e-01 9.045093e-01 9.076820e-01 9.113555e-01 9.149526e-01 9.199381e-01 9.214878e-01 9.257359e-01 9.289010e-01 9.314756e-01 9.346844e-01 9.375141e-01 9.401962e-01 9.500011e-01 9.529023e-01 9.615850e-01 9.622949e-01 9.769718e-01 9.794114e-01 9.867614e-01 9.911619e-01 1.000946e+00 1.001193e+00 1.018405e+00 1.031395e+00 1.034910e+00 1.074558e+00 1.119236e+00 1.165271e+00 
69 967 2.107791e-01 1.164354e+00 8.780539e-01 8.780539e-01 8.855302e-01 8.887043e-01 8.939922e-01 8.984120e-01 9.007327e-01 9.031626e-01 9.079162e-01 9.103277e-01 9.151276e-01 9.183900e-01 9.230860e-01 9.268364e-01 9.272198e-01 9.332594e-01 9.341272e-01 9.353446e-01 9.463299e-01 9.478301e-01 9.517879e-01 9.611254e-01 9.633653e-01 9.764583e-01 9.794017e-01 9.857289e-01 9.904001e-01 9.990623e-01 1.000994e+00 1.017404e+00 1.033964e+00 1.037186e+00 1.073648e+00 1.118020e+00 1.164354e+00 
70 981 2.039682e-01 1.164165e+00 8.773335e-01 8.773335e-01 8.864887e-01 8.875580e-01 8.921459e-01 8.977119e-01 8.998677e-01 9.015646e-01 9.065011e-01 9.091654e-01 9.135858e-01 9.185560e-01 9.229644e-01 9.252451e-01 9.264715e-01 9.332947e-01 9.345100e-01 9.362146e-01 9.463765e-01 9.472068e-01 9.523574e-01 9.601236e-01 9.632870e-01 9.758241e-01 9.820693e-01 9.853793e-01 9.911719e-01 9.987669e-01 9.991930e-01 1.015911e+00 1.034121e+00 1.036127e+00 1.071319e+00 1.115951e+00 1.164165e+00 
71 995 1.937956e-01 1.163305e+00 8.759851e-01 8.759851e-01 8.850423e-01 8.865800e-01 8.918972e-01 8.959564e-01 8.990783e-01 8.998380e-01 9.057495e-01 9.083284e-01 9.139419e-01 9.184073e-01 9.233380e-01 9.240641e-01 9.266080e-01 9.319675e-01 9.334245e-01 9.399701e-01 9.444800e-01 9.464172e-01 9.513124e-01 9.599326e-01 9.630854e-01 9.739686e-01 9.802416e-01 9.881520e-01 9.894748e-01 9.972604e-01 9.995537e-01 1.013888e+00 1.031954e+00 1.037118e+00 1.071022e+00 1.115290e+00 1.163305e+00 
72 1009 1.859869e-01 1.164673e+00 8.747689e-01 8.747689e-01 8.830702e-01 8.848075e-01 8.926149e-01 8.942758e-01 8.982557e-01 8.997201e-01 9.040877e-01 9.082911e-01 9.140124e-01 9.183172e-01 9.213020e-01 9.238171e-01 9.248731e-01 9.315110e-01 9.328825e-01 9.397563e-01 9.429795e-01 9.449999e-01 9.510954e-01 9.579282e-01 9.632299e-01 9.726603e-01 9.787117e-01 9.883615e-01 9.901218e-01 9.955220e-01 9.977938e-01 1.015887e+00 1.030514e+00 1.038250e+00 1.071594e+00 1.113078e+00 1.164673e+00 
73 1023 1.815502e-01 1.165116e+00 8.726403e-01 8.726403e-01 8.814611e-01 8.832160e-01 8.913779e-01 8.930609e-01 8.979782e-01 8.984055e-01 9.040188e-01 9.061073e-01 9.136401e-01 9.168575e-01 9.201357e-01 9.220723e-01 9.256658e-01 9.320470e-01 9.330037e-01 9.392155e-01 9.431313e-01 9.456456e-01 9.522948e-01 9.574636e-01 9.617872e-01 9.712762e-01 9.791910e-01 9.874187e-01 9.899477e-01 9.949410e-01 9.998256e-01 1.013972e+00 1.028512e+00 1.037908e+00 1.070456e+00 1.112077e+00 1.165116e+00 
74 1037 1.785885e-01 1.163851e+00 8.718013e-01 8.718013e-01 8.808518e-01 8.816148e-01 8.897349e-01 8.937153e-01 8.962724e-01 8.990398e-01 9.021191e-01 9.055003e-01 9.117283e-01 9.146967e-01 9.181039e-01 9.220064e-01 9.246530e-01 9.301769e-01 9.327768e-01 9.377575e-01 9.408465e-01 9.445911e-01 9.537741e-01 9.561900e-01 9.617676e-01 9.697499e-01 9.783109e-01 9.849844e-01 9.918984e-01 9.957446e-01 1.003861e+00 1.012807e+00 1.031037e+00 1.038247e+00 1.073859e+00 1.109408e+00 1.163851e+00 
75 1051 1.739181e-01 1.162790e+00 8.700896e-01 8.700896e-01 8.793807e-01 8.814430e-01 8.889076e-01 8.926230e-01 8.940332e-01 8.973608e-01 9.007320e-01 9.045700e-01 9.106263e-01 9.134655e-01 9.194857e-01 9.197524e-01 9.248448e-01 9.295916e-01 9.322726e-01 9.376615e-01 9.400716e-01 9.438392e-01 9.534212e-01 9.573401e-01 9.611019e-01 9.691427e-01 9.786751e-01 9.839940e-01 9.897511e-01 9.948328e-01 1.006693e+00 1.012593e+00 1.031145e+00 1.042480e+00 1.074229e+00 1.107738e+00 1.162790e+00 
76 1065 1.689334e-01 1.160467e+00 8.680868e-01 8.680868e-01 8.779725e-01 8.800594e-01 8.874484e-01 8.912116e-01 8.937469e-01 8.999044e-01 9.001801e-01 9.027883e-01 9.097945e-01 9.127468e-01 9.181773e-01 9.201300e-01 9.233781e-01 9.275411e-01 9.304942e-01 9.360637e-01 9.385776e-01 9.436736e-01 9.525203e-01 9.555789e-01 9.611490e-01 9.676935e-01 9.775032e-01 9.835406e-01 9.902287e-01 9.997387e-01 1.010498e+00 1.013740e+00 1.029447e+00 1.042404e+00 1.074472e+00 1.105959e+00 1.160467e+00 
77 1079 1.608936e-01 1.159098e+00 8.664245e-01 8.664245e-01 8.759156e-01 8.782829e-01 8.875783e-01 8.898974e-01 8.926591e-01 8.981612e-01 8.982175e-01 9.041501e-01 9.081134e-01 9.120698e-01 9.170937e-01 9.189321e-01 9.234808e-01 9.264863e-01 9.293407e-01 9.346507e-01 9.400892e-01 9.424085e-01 9.516533e-01 9.537401e-01 9.618353e-01 9.665516e-01 9.767582e-01 9.834064e-01 9.885361e-01 9.993309e-01 1.009480e+00 1.016207e+00 1.027623e+00 1.040433e+00 1.074341e+00 1.104122e+00 1.159098e+00 
78 1093 1.535118e-01 1.164170e+00 8.658429e-01 8.658429e-01 8.741552e-01 8.801478e-01 8.853310e-01 8.879451e-01 8.927497e-01 8.966779e-01 8.981309e-01 9.024989e-01 9.064908e-01 9.117998e-01 9.168455e-01 9.207104e-01 9.217079e-01 9.258724e-01 9.271731e-01 9.334909e-01 9.390040e-01 9.420069e-01 9.514425e-01 9.539553e-01 9.636061e-01 9.680464e-01 9.767293e-01 9.830621e-01 9.868544e-01 9.974746e-01 1.007868e+00 1.015997e+00 1.025811e+00 1.038127e+00 1.073048e+00 1.104904e+00 1.164170e+00 
79 1107 1.474059e-01 1.162016e+00 8.648568e-01 8.648568e-01 8.729159e-01 8.788037e-01 8.840288e-01 8.863081e-01 8.920247e-01 8.944142e-01 8.971170e-01 9.013360e-01 9.055433e-01 9.110462e-01 9.154613e-01 9.200513e-01 9.234991e-01 9.256067e-01 9.259997e-01 9.338105e-01 9.370560e-01 9.402433e-01 9.504852e-01 9.562024e-01 9.633783e-01 9.662378e-01 9.779070e-01 9.812383e-01 9.858666e-01 9.973950e-01 1.008744e+00 1.015093e+00 1.025871e+00 1.036013e+00 1.070810e+00 1.103090e+00 1.162016e+00 
80 1121 1.999636e-01 1.160275e+00 8.632190e-01 8.632190e-01 8.717321e-01 8.787181e-01 8.823251e-01 8.845957e-01 8.906152e-01 8.929468e-01 8.956038e-01 9.017536e-01 9.035379e-01 9.104465e-01 9.156398e-01 9.205748e-01 9.230694e-01 9.242793e-01 9.270193e-01 9.325338e-01 9.381085e-01 9.404680e-01 9.494779e-01 9.559117e-01 9.626860e-01 9.678370e-01 9.789237e-01 9.795034e-01 9.851224e-01 9.952335e-01 1.006974e+00 1.013510e+00 1.026464e+00 1.034084e+00 1.068300e+00 1.107077e+00 1.160275e+00 
81 1135 1.933884e-01 1.157491e+00 8.620489e-01 8.620489e-01 8.708882e-01 8.768171e-01 8.831025e-01 8.842119e-01 8.901767e-01 8.933774e-01 8.944747e-01 9.010809e-01 9.018198e-01 9.086507e-01 9.154351e-01 9.188494e-01 9.213995e-01 9.225918e-01 9.278156e-01 9.333337e-01 9.361059e-01 9.400216e-01 9.488692e-01 9.552995e-01 9.608659e-01 9.660318e-01 9.785468e-01 9.815283e-01 9.846600e-01 9.933252e-01 1.005968e+00 1.011827e+00 1.029476e+00 1.033971e+00 1.066307e+00 1.105857e+00 1.157491e+00 
82 1149 1.890071e-01 1.158937e+00 8.617433e-01 8.617433e-01 8.690987e-01 8.767307e-01 8.818679e-01 8.838689e-01 8.888389e-01 8.918037e-01 8.950971e-01 8.999707e-01 9.006396e-01 9.085334e-01 9.140036e-01 9.169848e-01 9.198657e-01 9.202637e-01 9.287587e-01 9.314541e-01 9.340179e-01 9.390092e-01 9.476840e-01 9.536107e-01 9.595032e-01 9.660640e-01 9.789453e-01 9.819106e-01 9.841580e-01 9.919231e-01 1.006592e+00 1.011976e+00 1.029619e+00 1.033135e+00 1.064578e+00 1.107323e+00 1.158937e+00 
83 1163 1.888399e-01 1.157625e+00 8.611550e-01 8.611550e-01 8.680459e-01 8.752208e-01 8.803915e-01 8.829712e-01 8.874951e-01 8.901202e-01 8.952579e-01 8.981704e-01 8.985761e-01 9.088833e-01 9.148320e-01 9.158500e-01 9.181284e-01 9.197022e-01 9.281969e-01 9.292016e-01 9.347743e-01 9.385292e-01 9.480858e-01 9.524508e-01 9.582428e-01 9.664119e-01 9.766621e-01 9.834071e-01 9.842844e-01 9.924907e-01 1.007970e+00 1.013344e+00 1.030277e+00 1.035057e+00 1.065726e+00 1.108368e+00 1.157625e+00 
84 1177 1.873707e-01 1.155667e+00 8.605384e-01 8.605384e-01 8.686764e-01 8.742518e-01 8.801938e-01 8.813047e-01 8.854676e-01 8.885475e-01 8.944458e-01 8.963554e-01 8.999431e-01 9.080535e-01 9.135803e-01 9.145940e-01 9.172557e-01 9.189596e-01 9.272194e-01 9.303241e-01 9.332572e-01 9.369328e-01 9.477688e-01 9.521741e-01 9.572331e-01 9.642902e-01 9.746715e-01 9.819554e-01 9.836082e-01 9.920319e-01 1.006959e+00 1.011896e+00 1.029797e+00 1.040254e+00 1.066222e+00 1.108579e+00 1.155667e+00 
85 1191 1.826555e-01 1.155798e+00 8.589956e-01 8.589956e-01 8.671095e-01 8.725694e-01 8.799285e-01 8.807824e-01 8.839368e-01 8.894360e-01 8.934698e-01 8.942247e-01 8.983954e-01 9.069186e-01 9.118283e-01 9.127555e-01 9.164552e-01 9.199579e-01 9.262063e-01 9.291190e-01 9.318432e-01 9.375263e-01 9.457674e-01 9.547720e-01 9.578149e-01 9.628119e-01 9.750637e-01 9.805400e-01 9.834151e-01 9.904159e-01 1.005930e+00 1.010294e+00 1.028820e+00 1.045250e+00 1.067132e+00 1.108725e+00 1.155798e+00 
86 1205 1.787488e-01 1.153860e+00 8.581576e-01 8.581576e-01 8.652831e-01 8.726828e-01 8.781199e-01 8.796801e-01 8.827256e-01 8.890067e-01 8.912971e-01 8.944783e-01 8.962807e-01 9.064251e-01 9.113733e-01 9.130937e-01 9.164468e-01 9.183528e-01 9.265941e-01 9.283571e-01 9.312189e-01 9.355424e-01 9.442015e-01 9.529942e-01 9.610878e-01 9.623513e-01 9.743791e-01 9.785043e-01 9.844288e-01 9.935228e-01 1.005927e+00 1.011221e+00 1.028794e+00 1.047116e+00 1.066415e+00 1.107611e+00 1.153860e+00 
87 1219 1.758410e-01 1.153436e+00 8.568839e-01 8.568839e-01 8.633237e-01 8.738393e-01 8.770329e-01 8.776897e-01 8.808846e-01 8.884931e-01 8.914801e-01 8.939776e-01 8.954353e-01 9.055470e-01 9.123794e-01 9.151376e-01 9.156446e-01 9.196082e-01 9.248172e-01 9.283773e-01 9.296478e-01 9.341974e-01 9.432550e-01 9.514877e-01 9.593010e-01 9.629341e-01 9.722012e-01 9.776388e-01 9.851942e-01 9.936640e-01 1.005071e+00 1.010626e+00 1.028423e+00 1.050047e+00 1.067523e+00 1.107296e+00 1.153436e+00 
88 1233 1.713455e-01 1.155632e+00 8.557473e-01 8.557473e-01 8.629182e-01 8.722812e-01 8.756340e-01 8.779335e-01 8.808882e-01 8.890280e-01 8.895204e-01 8.928023e-01 8.950094e-01 9.065750e-01 9.106537e-01 9.135658e-01 9.137195e-01 9.205355e-01 9.239720e-01 9.274179e-01 9.293710e-01 9.328298e-01 9.419232e-01 9.531422e-01 9.581315e-01 9.613266e-01 9.704434e-01 9.759181e-01 9.839143e-01 9.923169e-01 1.003356e+00 1.010098e+00 1.026436e+00 1.057618e+00 1.066690e+00 1.106627e+00 1.155632e+00 
89 1247 1.662788e-01 1.154185e+00 8.547452e-01 8.547452e-01 8.629126e-01 8.712619e-01 8.754094e-01 8.766629e-01 8.798795e-01 8.876299e-01 8.886416e-01 8.921035e-01 8.932319e-01 9.055675e-01 9.094790e-01 9.119383e-01 9.122423e-01 9.201256e-01 9.226081e-01 9.257593e-01 9.287163e-01 9.323606e-01 9.400999e-01 9.510864e-01 9.590674e-01 9.623812e-01 9.703558e-01 9.744555e-01 9.828651e-01 9.907321e-01 1.002090e+00 1.012604e+00 1.024515e+00 1.061362e+00 1.067649e+00 1.105543e+00 1.154185e+00 
90 1261 3.117699e-01 1.151619e+00 8.558567e-01 8.558567e-01 8.619763e-01 8.702008e-01 8.745283e-01 8.753719e-01 8.802651e-01 8.860987e-01 8.880230e-01 8.900207e-01 8.923507e-01 9.033920e-01 9.077405e-01 9.120806e-01 9.138432e-01 9.190728e-01 9.209525e-01 9.262584e-01 9.287238e-01 9.310513e-01 9.383937e-01 9.509465e-01 9.582497e-01 9.602905e-01 9.695190e-01 9.732308e-01 9.813209e-01 9.899089e-01 1.004231e+00 1.010587e+00 1.022569e+00 1.063419e+00 1.069067e+00 1.104275e+00 1.151619e+00 
