%  columns="iteration, evaluation, sigma, max axis length, min axis length, all principle axes lengths (sorted square roots of eigenvalues of C)" (startseed=213364, 2023/08/15 22:46:19.65)
1 15 3.928772e-01 1.021384e+00 9.972581e-01 9.972581e-01 9.972581e-01 9.972581e-01 9.972581e-01 9.972581e-01 9.972581e-01 9.972581e-01 9.972581e-01 9.972581e-01 9.972581e-01 9.972581e-01 9.972581e-01 9.972581e-01 9.972581e-01 9.972581e-01 9.972581e-01 9.972581e-01 9.972581e-01 9.972581e-01 9.972581e-01 9.972581e-01 9.972581e-01 9.972581e-01 9.972581e-01 9.972581e-01 9.972581e-01 9.972581e-01 9.976992e-01 9.988238e-01 1.001530e+00 1.003744e+00 1.008603e+00 1.011959e+00 1.021384e+00 
2 29 3.770762e-01 1.029666e+00 9.945238e-01 9.945238e-01 9.945238e-01 9.945238e-01 9.945238e-01 9.945238e-01 9.945238e-01 9.945238e-01 9.945238e-01 9.945238e-01 9.945238e-01 9.945238e-01 9.945238e-01 9.945238e-01 9.945238e-01 9.945238e-01 9.945238e-01 9.945238e-01 9.945238e-01 9.945238e-01 9.945238e-01 9.947743e-01 9.948883e-01 9.954293e-01 9.967584e-01 9.970045e-01 9.984539e-01 9.997275e-01 1.001373e+00 1.002085e+00 1.004822e+00 1.009089e+00 1.010175e+00 1.020041e+00 1.029666e+00 
3 43 3.649228e-01 1.034210e+00 9.917970e-01 9.917970e-01 9.917970e-01 9.917970e-01 9.917970e-01 9.917970e-01 9.917970e-01 9.917970e-01 9.917970e-01 9.917970e-01 9.917970e-01 9.917970e-01 9.917970e-01 9.917970e-01 9.919533e-01 9.920454e-01 9.921699e-01 9.924857e-01 9.930683e-01 9.934337e-01 9.940124e-01 9.952026e-01 9.960958e-01 9.962689e-01 9.971650e-01 9.975623e-01 9.983807e-01 9.999017e-01 1.003894e+00 1.006049e+00 1.008283e+00 1.009104e+00 1.014541e+00 1.028637e+00 1.034210e+00 
4 57 3.470496e-01 1.036120e+00 9.890776e-01 9.890776e-01 9.890776e-01 9.890776e-01 9.890776e-01 9.890776e-01 9.890776e-01 9.891579e-01 9.891745e-01 9.892211e-01 9.894213e-01 9.894662e-01 9.896674e-01 9.898982e-01 9.901245e-01 9.903492e-01 9.909135e-01 9.919355e-01 9.920803e-01 9.936368e-01 9.939952e-01 9.947800e-01 9.949913e-01 9.962618e-01 9.981237e-01 9.987335e-01 1.001149e+00 1.002372e+00 1.003908e+00 1.007412e+00 1.010432e+00 1.013198e+00 1.024856e+00 1.028057e+00 1.036120e+00 
5 71 3.282643e-01 1.036229e+00 9.863661e-01 9.863661e-01 9.863933e-01 9.864768e-01 9.864893e-01 9.865316e-01 9.865693e-01 9.866687e-01 9.868297e-01 9.869704e-01 9.872704e-01 9.876381e-01 9.882512e-01 9.887428e-01 9.890962e-01 9.895849e-01 9.896363e-01 9.905480e-01 9.919153e-01 9.921478e-01 9.923543e-01 9.934978e-01 9.946756e-01 9.960745e-01 9.982105e-01 1.000749e+00 1.001289e+00 1.002437e+00 1.006428e+00 1.007276e+00 1.009283e+00 1.013003e+00 1.024597e+00 1.026130e+00 1.036229e+00 
6 85 3.130528e-01 1.037421e+00 9.837201e-01 9.837201e-01 9.837965e-01 9.838693e-01 9.839907e-01 9.840739e-01 9.843375e-01 9.844345e-01 9.849665e-01 9.850851e-01 9.855756e-01 9.857306e-01 9.866777e-01 9.871756e-01 9.877451e-01 9.883353e-01 9.887204e-01 9.895090e-01 9.897096e-01 9.909754e-01 9.913426e-01 9.919692e-01 9.937381e-01 9.949744e-01 9.970438e-01 9.995060e-01 1.000185e+00 1.001631e+00 1.005341e+00 1.008456e+00 1.010385e+00 1.016478e+00 1.024380e+00 1.028353e+00 1.037421e+00 
7 99 2.993497e-01 1.036897e+00 9.812075e-01 9.812075e-01 9.812591e-01 9.813770e-01 9.817958e-01 9.819500e-01 9.821491e-01 9.828039e-01 9.829896e-01 9.836794e-01 9.838673e-01 9.846870e-01 9.850994e-01 9.860378e-01 9.861507e-01 9.867295e-01 9.876119e-01 9.889568e-01 9.892034e-01 9.895248e-01 9.906074e-01 9.912859e-01 9.932163e-01 9.959334e-01 9.975286e-01 9.988228e-01 1.000057e+00 1.000898e+00 1.005806e+00 1.008238e+00 1.014184e+00 1.016967e+00 1.022839e+00 1.030797e+00 1.036897e+00 
8 113 2.862877e-01 1.037805e+00 9.788173e-01 9.788173e-01 9.788696e-01 9.792184e-01 9.796833e-01 9.799671e-01 9.803519e-01 9.805159e-01 9.813251e-01 9.814493e-01 9.819430e-01 9.826333e-01 9.835285e-01 9.840383e-01 9.843353e-01 9.854550e-01 9.868667e-01 9.877498e-01 9.884055e-01 9.900659e-01 9.903250e-01 9.925722e-01 9.938242e-01 9.958224e-01 9.968425e-01 9.971710e-01 9.988170e-01 1.003505e+00 1.006618e+00 1.007654e+00 1.014487e+00 1.017440e+00 1.024152e+00 1.029941e+00 1.037805e+00 
9 127 2.710774e-01 1.036668e+00 9.764220e-01 9.764220e-01 9.766862e-01 9.774744e-01 9.777878e-01 9.778737e-01 9.782806e-01 9.784081e-01 9.799170e-01 9.802854e-01 9.803742e-01 9.809855e-01 9.815588e-01 9.824905e-01 9.831806e-01 9.845179e-01 9.852650e-01 9.863372e-01 9.871681e-01 9.879629e-01 9.896350e-01 9.917264e-01 9.930956e-01 9.947281e-01 9.952175e-01 9.977446e-01 9.989671e-01 1.004220e+00 1.006554e+00 1.009967e+00 1.015465e+00 1.020877e+00 1.024432e+00 1.028718e+00 1.036668e+00 
10 141 2.585738e-01 1.037016e+00 9.739954e-01 9.739954e-01 9.747566e-01 9.750663e-01 9.756238e-01 9.759434e-01 9.764453e-01 9.766705e-01 9.780759e-01 9.782423e-01 9.787176e-01 9.795438e-01 9.800153e-01 9.812370e-01 9.816316e-01 9.828234e-01 9.838528e-01 9.849349e-01 9.863993e-01 9.876442e-01 9.887560e-01 9.909728e-01 9.921414e-01 9.936470e-01 9.968010e-01 9.981665e-01 1.002660e+00 1.004175e+00 1.008235e+00 1.010995e+00 1.016390e+00 1.019218e+00 1.023576e+00 1.027203e+00 1.037016e+00 
11 155 2.522166e-01 1.040446e+00 9.724676e-01 9.724676e-01 9.726534e-01 9.731640e-01 9.735766e-01 9.738431e-01 9.740264e-01 9.755307e-01 9.756848e-01 9.766779e-01 9.767717e-01 9.783266e-01 9.789508e-01 9.803226e-01 9.807681e-01 9.815394e-01 9.821380e-01 9.834606e-01 9.853510e-01 9.875224e-01 9.889361e-01 9.894014e-01 9.909490e-01 9.935421e-01 9.970108e-01 9.992026e-01 1.001105e+00 1.003602e+00 1.010267e+00 1.012486e+00 1.017077e+00 1.018129e+00 1.023208e+00 1.033770e+00 1.040446e+00 
12 169 2.442420e-01 1.046692e+00 9.701193e-01 9.701193e-01 9.705528e-01 9.712984e-01 9.714344e-01 9.716656e-01 9.728812e-01 9.734790e-01 9.743155e-01 9.745354e-01 9.757244e-01 9.768178e-01 9.777620e-01 9.778707e-01 9.791911e-01 9.804166e-01 9.816011e-01 9.819286e-01 9.849788e-01 9.854771e-01 9.868747e-01 9.895494e-01 9.906322e-01 9.916735e-01 9.965496e-01 9.987113e-01 1.000290e+00 1.005338e+00 1.009429e+00 1.010564e+00 1.015928e+00 1.021168e+00 1.023061e+00 1.032030e+00 1.046692e+00 
13 183 2.360476e-01 1.050821e+00 9.679391e-01 9.679391e-01 9.682989e-01 9.690666e-01 9.694930e-01 9.704506e-01 9.709196e-01 9.710893e-01 9.726449e-01 9.733702e-01 9.741952e-01 9.752757e-01 9.760775e-01 9.766663e-01 9.785146e-01 9.791984e-01 9.796156e-01 9.827532e-01 9.837169e-01 9.862841e-01 9.868589e-01 9.883429e-01 9.894890e-01 9.910015e-01 9.959907e-01 9.984817e-01 1.002166e+00 1.004380e+00 1.007862e+00 1.010788e+00 1.014281e+00 1.021246e+00 1.022143e+00 1.032972e+00 1.050821e+00 
14 197 2.280320e-01 1.053982e+00 9.657458e-01 9.657458e-01 9.668068e-01 9.672866e-01 9.676302e-01 9.683693e-01 9.688592e-01 9.696167e-01 9.712459e-01 9.720840e-01 9.729033e-01 9.741333e-01 9.752475e-01 9.763622e-01 9.767587e-01 9.779114e-01 9.791766e-01 9.803905e-01 9.819384e-01 9.843473e-01 9.856391e-01 9.871267e-01 9.893159e-01 9.933226e-01 9.952407e-01 9.973257e-01 1.001026e+00 1.005368e+00 1.008529e+00 1.010843e+00 1.012868e+00 1.018893e+00 1.021347e+00 1.038914e+00 1.053982e+00 
15 211 2.200371e-01 1.058602e+00 9.640084e-01 9.640084e-01 9.647752e-01 9.655197e-01 9.659973e-01 9.669778e-01 9.672708e-01 9.680591e-01 9.694360e-01 9.702861e-01 9.717253e-01 9.729649e-01 9.741354e-01 9.743304e-01 9.746478e-01 9.768305e-01 9.773791e-01 9.792383e-01 9.820970e-01 9.827029e-01 9.842858e-01 9.865883e-01 9.878456e-01 9.916692e-01 9.933232e-01 9.967812e-01 1.002181e+00 1.007445e+00 1.008285e+00 1.010350e+00 1.012276e+00 1.017479e+00 1.019941e+00 1.038624e+00 1.058602e+00 
16 225 2.125039e-01 1.062262e+00 9.618577e-01 9.618577e-01 9.628810e-01 9.634336e-01 9.638856e-01 9.650402e-01 9.659305e-01 9.670548e-01 9.677270e-01 9.692183e-01 9.697576e-01 9.718377e-01 9.720425e-01 9.723028e-01 9.729938e-01 9.752691e-01 9.778484e-01 9.797793e-01 9.803721e-01 9.825552e-01 9.859026e-01 9.865603e-01 9.872005e-01 9.916067e-01 9.923879e-01 9.960094e-01 1.000910e+00 1.006230e+00 1.007458e+00 1.009301e+00 1.010483e+00 1.018214e+00 1.020285e+00 1.038327e+00 1.062262e+00 
17 239 2.040409e-01 1.063804e+00 9.600480e-01 9.600480e-01 9.614972e-01 9.619741e-01 9.631767e-01 9.639061e-01 9.643336e-01 9.650066e-01 9.657146e-01 9.673953e-01 9.678817e-01 9.693152e-01 9.703000e-01 9.705543e-01 9.714552e-01 9.730019e-01 9.766159e-01 9.778889e-01 9.783804e-01 9.812113e-01 9.838625e-01 9.843884e-01 9.887924e-01 9.905581e-01 9.916856e-01 9.940019e-01 1.000580e+00 1.004381e+00 1.007666e+00 1.010736e+00 1.011998e+00 1.017828e+00 1.022153e+00 1.040651e+00 1.063804e+00 
18 253 2.000953e-01 1.066021e+00 9.579652e-01 9.579652e-01 9.595336e-01 9.600237e-01 9.607522e-01 9.621681e-01 9.629139e-01 9.633584e-01 9.647591e-01 9.657125e-01 9.660650e-01 9.681615e-01 9.688523e-01 9.696856e-01 9.701762e-01 9.724140e-01 9.757421e-01 9.768339e-01 9.779507e-01 9.793752e-01 9.823364e-01 9.858078e-01 9.897078e-01 9.900574e-01 9.927203e-01 9.953092e-01 1.001109e+00 1.002540e+00 1.006430e+00 1.009437e+00 1.015447e+00 1.018807e+00 1.022098e+00 1.043389e+00 1.066021e+00 
19 267 1.946437e-01 1.067642e+00 9.557219e-01 9.557219e-01 9.575715e-01 9.576351e-01 9.597568e-01 9.605748e-01 9.616493e-01 9.628339e-01 9.632919e-01 9.635771e-01 9.655784e-01 9.663325e-01 9.666081e-01 9.675745e-01 9.684012e-01 9.725042e-01 9.741523e-01 9.751204e-01 9.769683e-01 9.782455e-01 9.817819e-01 9.848155e-01 9.884854e-01 9.890932e-01 9.939369e-01 9.974396e-01 1.000236e+00 1.005086e+00 1.005412e+00 1.007276e+00 1.016330e+00 1.019332e+00 1.022211e+00 1.043975e+00 1.067642e+00 
20 281 1.886580e-01 1.070180e+00 9.544224e-01 9.544224e-01 9.556706e-01 9.572647e-01 9.580032e-01 9.584679e-01 9.600346e-01 9.612138e-01 9.613535e-01 9.626284e-01 9.641958e-01 9.645793e-01 9.658324e-01 9.668327e-01 9.688286e-01 9.710396e-01 9.728110e-01 9.737592e-01 9.769716e-01 9.800577e-01 9.811278e-01 9.826374e-01 9.871085e-01 9.878029e-01 9.941047e-01 9.961207e-01 9.995466e-01 1.004934e+00 1.005146e+00 1.009802e+00 1.014314e+00 1.019056e+00 1.028633e+00 1.043237e+00 1.070180e+00 
21 295 1.822450e-01 1.072142e+00 9.523574e-01 9.523574e-01 9.536866e-01 9.557048e-01 9.562357e-01 9.566827e-01 9.587492e-01 9.593336e-01 9.604758e-01 9.610493e-01 9.622007e-01 9.636367e-01 9.658261e-01 9.662624e-01 9.667283e-01 9.707620e-01 9.715751e-01 9.744325e-01 9.777406e-01 9.801188e-01 9.817383e-01 9.835681e-01 9.859343e-01 9.878124e-01 9.941202e-01 9.950187e-01 9.997723e-01 1.003304e+00 1.007228e+00 1.008710e+00 1.013101e+00 1.020785e+00 1.030638e+00 1.042441e+00 1.072142e+00 
22 309 1.732200e-01 1.077886e+00 9.505861e-01 9.505861e-01 9.524743e-01 9.542077e-01 9.548218e-01 9.553442e-01 9.568419e-01 9.580598e-01 9.585680e-01 9.592495e-01 9.615420e-01 9.621281e-01 9.642948e-01 9.646960e-01 9.677147e-01 9.690706e-01 9.733560e-01 9.746623e-01 9.776449e-01 9.809362e-01 9.811348e-01 9.833764e-01 9.848064e-01 9.868939e-01 9.927934e-01 9.952494e-01 9.993033e-01 1.001947e+00 1.005947e+00 1.006492e+00 1.013254e+00 1.019962e+00 1.028085e+00 1.045001e+00 1.077886e+00 
23 323 1.657447e-01 1.076953e+00 9.490017e-01 9.490017e-01 9.507954e-01 9.523370e-01 9.529457e-01 9.545912e-01 9.548216e-01 9.557259e-01 9.571135e-01 9.579203e-01 9.595290e-01 9.608763e-01 9.620260e-01 9.653150e-01 9.672535e-01 9.693718e-01 9.716858e-01 9.764350e-01 9.768856e-01 9.790532e-01 9.814296e-01 9.833328e-01 9.869488e-01 9.880019e-01 9.936794e-01 9.949430e-01 9.980676e-01 1.003534e+00 1.005933e+00 1.007283e+00 1.012436e+00 1.022012e+00 1.030511e+00 1.045216e+00 1.076953e+00 
24 337 1.587397e-01 1.077902e+00 9.470657e-01 9.470657e-01 9.493280e-01 9.507211e-01 9.518085e-01 9.525427e-01 9.529750e-01 9.553414e-01 9.556067e-01 9.567651e-01 9.575751e-01 9.601424e-01 9.607556e-01 9.647469e-01 9.669753e-01 9.690944e-01 9.705247e-01 9.746091e-01 9.752877e-01 9.767101e-01 9.801754e-01 9.832175e-01 9.857344e-01 9.884191e-01 9.918908e-01 9.965588e-01 9.979756e-01 1.001508e+00 1.004505e+00 1.009674e+00 1.012588e+00 1.023949e+00 1.030489e+00 1.050310e+00 1.077902e+00 
25 351 2.190536e-01 1.079669e+00 9.448869e-01 9.448869e-01 9.474382e-01 9.487960e-01 9.498216e-01 9.501309e-01 9.521101e-01 9.534005e-01 9.538334e-01 9.556234e-01 9.562730e-01 9.588005e-01 9.593218e-01 9.635584e-01 9.668502e-01 9.672140e-01 9.686376e-01 9.725412e-01 9.734359e-01 9.760383e-01 9.801465e-01 9.814348e-01 9.847471e-01 9.869551e-01 9.930688e-01 9.961692e-01 9.983411e-01 1.004457e+00 1.008345e+00 1.010711e+00 1.016289e+00 1.025882e+00 1.033556e+00 1.060093e+00 1.079669e+00 
26 365 2.178432e-01 1.080762e+00 9.438258e-01 9.438258e-01 9.451575e-01 9.468027e-01 9.479327e-01 9.483080e-01 9.513639e-01 9.515922e-01 9.528399e-01 9.537256e-01 9.563104e-01 9.582999e-01 9.598494e-01 9.624851e-01 9.650361e-01 9.662070e-01 9.669729e-01 9.713620e-01 9.740993e-01 9.785048e-01 9.793167e-01 9.797482e-01 9.832722e-01 9.855730e-01 9.926167e-01 9.948005e-01 9.964283e-01 1.002736e+00 1.006774e+00 1.011421e+00 1.014699e+00 1.027019e+00 1.031632e+00 1.074000e+00 1.080762e+00 
27 379 2.154985e-01 1.084216e+00 9.420998e-01 9.420998e-01 9.435780e-01 9.444073e-01 9.461417e-01 9.476190e-01 9.497332e-01 9.502385e-01 9.511984e-01 9.523133e-01 9.547131e-01 9.566564e-01 9.583953e-01 9.604639e-01 9.629047e-01 9.658181e-01 9.669234e-01 9.690606e-01 9.719480e-01 9.775518e-01 9.788461e-01 9.802383e-01 9.824622e-01 9.860072e-01 9.930443e-01 9.952585e-01 9.965490e-01 1.002099e+00 1.005227e+00 1.014133e+00 1.017891e+00 1.026465e+00 1.032976e+00 1.076526e+00 1.084216e+00 
28 393 2.112525e-01 1.087638e+00 9.415307e-01 9.415307e-01 9.427817e-01 9.437762e-01 9.449603e-01 9.460670e-01 9.474843e-01 9.481851e-01 9.492268e-01 9.509185e-01 9.531744e-01 9.550573e-01 9.573218e-01 9.589180e-01 9.614475e-01 9.637348e-01 9.669823e-01 9.687482e-01 9.708592e-01 9.764605e-01 9.768005e-01 9.792429e-01 9.803354e-01 9.876828e-01 9.925084e-01 9.937509e-01 9.966945e-01 1.001537e+00 1.005616e+00 1.017160e+00 1.022370e+00 1.024646e+00 1.034179e+00 1.075918e+00 1.087638e+00 
29 407 2.038002e-01 1.088762e+00 9.395249e-01 9.395249e-01 9.413013e-01 9.418035e-01 9.427485e-01 9.448100e-01 9.456898e-01 9.473112e-01 9.488429e-01 9.505625e-01 9.515563e-01 9.539019e-01 9.555368e-01 9.593543e-01 9.612415e-01 9.617039e-01 9.650206e-01 9.669460e-01 9.693169e-01 9.742683e-01 9.761241e-01 9.786854e-01 9.810809e-01 9.891677e-01 9.915266e-01 9.918866e-01 9.949524e-01 1.002900e+00 1.003979e+00 1.015578e+00 1.020314e+00 1.023502e+00 1.034833e+00 1.074376e+00 1.088762e+00 
30 421 1.954056e-01 1.089461e+00 9.379036e-01 9.379036e-01 9.391728e-01 9.401689e-01 9.425348e-01 9.430974e-01 9.438035e-01 9.457851e-01 9.472923e-01 9.489190e-01 9.506899e-01 9.531576e-01 9.552799e-01 9.584785e-01 9.598140e-01 9.600960e-01 9.630350e-01 9.663919e-01 9.674668e-01 9.730777e-01 9.749942e-01 9.768685e-01 9.812651e-01 9.879124e-01 9.897585e-01 9.902894e-01 9.963142e-01 1.000896e+00 1.005625e+00 1.013637e+00 1.018240e+00 1.021650e+00 1.034753e+00 1.075762e+00 1.089461e+00 
31 435 1.869225e-01 1.090106e+00 9.362952e-01 9.362952e-01 9.373355e-01 9.388509e-01 9.405841e-01 9.410040e-01 9.416719e-01 9.438486e-01 9.456463e-01 9.475202e-01 9.505114e-01 9.522227e-01 9.532858e-01 9.572667e-01 9.586869e-01 9.601008e-01 9.637525e-01 9.644463e-01 9.672459e-01 9.709824e-01 9.749838e-01 9.770927e-01 9.813797e-01 9.861709e-01 9.874956e-01 9.891850e-01 9.946642e-01 1.003940e+00 1.004343e+00 1.012230e+00 1.015999e+00 1.022724e+00 1.036844e+00 1.074858e+00 1.090106e+00 
32 449 1.826455e-01 1.090129e+00 9.346459e-01 9.346459e-01 9.364134e-01 9.380268e-01 9.390088e-01 9.403631e-01 9.408497e-01 9.425116e-01 9.445469e-01 9.460577e-01 9.486137e-01 9.505293e-01 9.526368e-01 9.568245e-01 9.588254e-01 9.613493e-01 9.624680e-01 9.635282e-01 9.689571e-01 9.694269e-01 9.737291e-01 9.769320e-01 9.814216e-01 9.848702e-01 9.882628e-01 9.902694e-01 9.935273e-01 1.002589e+00 1.009751e+00 1.013342e+00 1.017075e+00 1.022001e+00 1.035517e+00 1.075968e+00 1.090129e+00 
33 463 1.782259e-01 1.093045e+00 9.327095e-01 9.327095e-01 9.340068e-01 9.359459e-01 9.368055e-01 9.383396e-01 9.399433e-01 9.410430e-01 9.438094e-01 9.443697e-01 9.469340e-01 9.491124e-01 9.541585e-01 9.559153e-01 9.578305e-01 9.595322e-01 9.607057e-01 9.619956e-01 9.674968e-01 9.706643e-01 9.729256e-01 9.770356e-01 9.807108e-01 9.844115e-01 9.877650e-01 9.914841e-01 9.926309e-01 1.004014e+00 1.008040e+00 1.014602e+00 1.017762e+00 1.020265e+00 1.035099e+00 1.077603e+00 1.093045e+00 
34 477 1.718015e-01 1.092703e+00 9.316964e-01 9.316964e-01 9.326542e-01 9.345980e-01 9.363950e-01 9.377588e-01 9.384565e-01 9.398188e-01 9.432704e-01 9.444325e-01 9.471958e-01 9.491848e-01 9.525964e-01 9.540109e-01 9.559055e-01 9.582258e-01 9.595068e-01 9.652070e-01 9.691337e-01 9.703942e-01 9.727649e-01 9.764776e-01 9.799575e-01 9.835359e-01 9.863646e-01 9.913822e-01 9.947588e-01 1.003657e+00 1.006500e+00 1.012166e+00 1.019856e+00 1.021961e+00 1.035376e+00 1.077834e+00 1.092703e+00 
35 491 2.290830e-01 1.093175e+00 9.293690e-01 9.293690e-01 9.308863e-01 9.327914e-01 9.355939e-01 9.362177e-01 9.370231e-01 9.394633e-01 9.411602e-01 9.427639e-01 9.447501e-01 9.500468e-01 9.517959e-01 9.539551e-01 9.562888e-01 9.567238e-01 9.579752e-01 9.645090e-01 9.683378e-01 9.690507e-01 9.736423e-01 9.764773e-01 9.806648e-01 9.821976e-01 9.867629e-01 9.900112e-01 9.937351e-01 1.001821e+00 1.005808e+00 1.012142e+00 1.018075e+00 1.021634e+00 1.035050e+00 1.075696e+00 1.093175e+00 
36 505 2.245608e-01 1.093197e+00 9.272704e-01 9.272704e-01 9.298896e-01 9.313066e-01 9.339428e-01 9.345110e-01 9.357891e-01 9.382788e-01 9.414260e-01 9.423961e-01 9.427721e-01 9.496002e-01 9.505360e-01 9.519195e-01 9.544257e-01 9.552391e-01 9.589592e-01 9.647495e-01 9.673529e-01 9.702413e-01 9.722125e-01 9.789935e-01 9.794731e-01 9.847439e-01 9.867683e-01 9.898270e-01 9.928004e-01 1.000446e+00 1.007558e+00 1.013654e+00 1.018470e+00 1.026087e+00 1.033665e+00 1.076418e+00 1.093197e+00 
37 519 2.177539e-01 1.091876e+00 9.263578e-01 9.263578e-01 9.276376e-01 9.295996e-01 9.317932e-01 9.330872e-01 9.359920e-01 9.367008e-01 9.400275e-01 9.426100e-01 9.428663e-01 9.489968e-01 9.491743e-01 9.498713e-01 9.534795e-01 9.550663e-01 9.573239e-01 9.641483e-01 9.662577e-01 9.690600e-01 9.705835e-01 9.772387e-01 9.794666e-01 9.853965e-01 9.867857e-01 9.885499e-01 9.914554e-01 1.000756e+00 1.005894e+00 1.012795e+00 1.017339e+00 1.028309e+00 1.034113e+00 1.075671e+00 1.091876e+00 
38 533 2.109600e-01 1.094454e+00 9.242267e-01 9.242267e-01 9.259782e-01 9.273349e-01 9.302103e-01 9.317164e-01 9.341046e-01 9.374539e-01 9.404847e-01 9.413511e-01 9.419020e-01 9.474772e-01 9.481056e-01 9.492175e-01 9.517795e-01 9.555499e-01 9.571164e-01 9.623596e-01 9.647394e-01 9.679618e-01 9.713794e-01 9.772803e-01 9.812742e-01 9.837716e-01 9.864641e-01 9.871231e-01 9.915209e-01 1.001269e+00 1.004318e+00 1.010745e+00 1.017923e+00 1.028145e+00 1.033982e+00 1.075036e+00 1.094454e+00 
39 547 2.052461e-01 1.094669e+00 9.234659e-01 9.234659e-01 9.249297e-01 9.277702e-01 9.282395e-01 9.300294e-01 9.338527e-01 9.357278e-01 9.388902e-01 9.402973e-01 9.421059e-01 9.459578e-01 9.470886e-01 9.496913e-01 9.527657e-01 9.557752e-01 9.576979e-01 9.608663e-01 9.639521e-01 9.662673e-01 9.693722e-01 9.767031e-01 9.823413e-01 9.847140e-01 9.884335e-01 9.903264e-01 9.972307e-01 9.994209e-01 1.003996e+00 1.010697e+00 1.017549e+00 1.027301e+00 1.037585e+00 1.073749e+00 1.094669e+00 
40 561 1.963259e-01 1.095453e+00 9.222258e-01 9.222258e-01 9.256622e-01 9.259022e-01 9.268890e-01 9.280134e-01 9.329635e-01 9.345202e-01 9.375439e-01 9.391068e-01 9.414769e-01 9.453091e-01 9.458498e-01 9.490331e-01 9.527882e-01 9.560746e-01 9.573625e-01 9.592137e-01 9.625408e-01 9.665019e-01 9.683272e-01 9.760669e-01 9.810835e-01 9.827479e-01 9.868044e-01 9.908299e-01 9.989482e-01 1.002669e+00 1.008397e+00 1.010924e+00 1.016770e+00 1.025324e+00 1.041688e+00 1.072404e+00 1.095453e+00 
41 575 1.896249e-01 1.095606e+00 9.211732e-01 9.211732e-01 9.238839e-01 9.239335e-01 9.258677e-01 9.283981e-01 9.311484e-01 9.327820e-01 9.370847e-01 9.395857e-01 9.400666e-01 9.434153e-01 9.452308e-01 9.474586e-01 9.526948e-01 9.548397e-01 9.560207e-01 9.598898e-01 9.605097e-01 9.650265e-01 9.685254e-01 9.763856e-01 9.799751e-01 9.817959e-01 9.878937e-01 9.907044e-01 9.977965e-01 1.001310e+00 1.008790e+00 1.011928e+00 1.016971e+00 1.025517e+00 1.041878e+00 1.072847e+00 1.095606e+00 
42 589 1.824547e-01 1.094771e+00 9.192658e-01 9.192658e-01 9.216674e-01 9.219465e-01 9.238275e-01 9.275388e-01 9.303682e-01 9.324556e-01 9.371996e-01 9.383804e-01 9.389424e-01 9.412423e-01 9.444795e-01 9.471413e-01 9.508532e-01 9.531365e-01 9.543223e-01 9.581397e-01 9.600179e-01 9.631273e-01 9.672472e-01 9.755814e-01 9.802804e-01 9.810071e-01 9.884988e-01 9.930789e-01 9.969082e-01 9.989737e-01 1.006726e+00 1.010446e+00 1.016793e+00 1.026932e+00 1.041046e+00 1.072856e+00 1.094771e+00 
43 603 1.755448e-01 1.094203e+00 9.174255e-01 9.174255e-01 9.196371e-01 9.215513e-01 9.222643e-01 9.257294e-01 9.289081e-01 9.315230e-01 9.350411e-01 9.362217e-01 9.365309e-01 9.412014e-01 9.445852e-01 9.469215e-01 9.504691e-01 9.513966e-01 9.538265e-01 9.573330e-01 9.576315e-01 9.613524e-01 9.684645e-01 9.759472e-01 9.785342e-01 9.786189e-01 9.903371e-01 9.927077e-01 9.948973e-01 9.971764e-01 1.006554e+00 1.011160e+00 1.017225e+00 1.026235e+00 1.041468e+00 1.072736e+00 1.094203e+00 
44 617 1.682925e-01 1.094889e+00 9.154433e-01 9.154433e-01 9.173209e-01 9.193998e-01 9.212625e-01 9.241941e-01 9.278858e-01 9.307069e-01 9.331121e-01 9.340509e-01 9.357681e-01 9.394103e-01 9.431206e-01 9.463654e-01 9.486499e-01 9.518791e-01 9.528465e-01 9.553213e-01 9.587940e-01 9.615398e-01 9.680490e-01 9.752514e-01 9.768930e-01 9.785548e-01 9.891011e-01 9.909654e-01 9.930986e-01 9.968943e-01 1.004733e+00 1.010560e+00 1.016444e+00 1.025943e+00 1.039397e+00 1.074559e+00 1.094889e+00 
45 631 1.627138e-01 1.096839e+00 9.143829e-01 9.143829e-01 9.156512e-01 9.179002e-01 9.197848e-01 9.223993e-01 9.267137e-01 9.298031e-01 9.314950e-01 9.319652e-01 9.352354e-01 9.402337e-01 9.427403e-01 9.451300e-01 9.478546e-01 9.507361e-01 9.517155e-01 9.541135e-01 9.570512e-01 9.663247e-01 9.679218e-01 9.743576e-01 9.755923e-01 9.797782e-01 9.885932e-01 9.890980e-01 9.945363e-01 1.000742e+00 1.004198e+00 1.008513e+00 1.018108e+00 1.023763e+00 1.040952e+00 1.073103e+00 1.096839e+00 
46 645 1.574134e-01 1.096966e+00 9.120218e-01 9.120218e-01 9.143861e-01 9.158525e-01 9.178834e-01 9.207618e-01 9.245935e-01 9.290745e-01 9.292761e-01 9.310418e-01 9.331736e-01 9.383093e-01 9.420062e-01 9.435081e-01 9.474313e-01 9.486430e-01 9.507448e-01 9.540983e-01 9.566777e-01 9.660868e-01 9.686929e-01 9.727706e-01 9.748938e-01 9.781718e-01 9.867773e-01 9.879189e-01 9.934612e-01 1.000820e+00 1.006298e+00 1.011963e+00 1.019099e+00 1.025134e+00 1.038406e+00 1.071615e+00 1.096966e+00 
47 659 1.505575e-01 1.096642e+00 9.099208e-01 9.099208e-01 9.128568e-01 9.135630e-01 9.160575e-01 9.225156e-01 9.246851e-01 9.274465e-01 9.283644e-01 9.306564e-01 9.316556e-01 9.369643e-01 9.399273e-01 9.423885e-01 9.462317e-01 9.469752e-01 9.488990e-01 9.529765e-01 9.561383e-01 9.664447e-01 9.678238e-01 9.709107e-01 9.746330e-01 9.773433e-01 9.858508e-01 9.861232e-01 9.923938e-01 1.002537e+00 1.005309e+00 1.011182e+00 1.019713e+00 1.024442e+00 1.036802e+00 1.071745e+00 1.096642e+00 
48 673 1.425823e-01 1.095749e+00 9.087353e-01 9.087353e-01 9.109316e-01 9.123239e-01 9.150475e-01 9.218707e-01 9.231512e-01 9.256775e-01 9.285612e-01 9.297904e-01 9.304145e-01 9.363754e-01 9.390392e-01 9.411196e-01 9.442993e-01 9.469067e-01 9.488007e-01 9.524231e-01 9.565820e-01 9.644006e-01 9.665391e-01 9.691276e-01 9.736738e-01 9.783088e-01 9.841306e-01 9.871604e-01 9.923302e-01 1.003108e+00 1.006270e+00 1.012232e+00 1.019724e+00 1.023943e+00 1.035461e+00 1.071125e+00 1.095749e+00 
49 687 1.348081e-01 1.098238e+00 9.073051e-01 9.073051e-01 9.098841e-01 9.108269e-01 9.130571e-01 9.206247e-01 9.219972e-01 9.250132e-01 9.261835e-01 9.282424e-01 9.300026e-01 9.346844e-01 9.371895e-01 9.416305e-01 9.444260e-01 9.448502e-01 9.479664e-01 9.502166e-01 9.550426e-01 9.636036e-01 9.669205e-01 9.687180e-01 9.741657e-01 9.768059e-01 9.838016e-01 9.862604e-01 9.942550e-01 1.002573e+00 1.008464e+00 1.011533e+00 1.020072e+00 1.026190e+00 1.035399e+00 1.070761e+00 1.098238e+00 
50 701 1.808317e-01 1.096807e+00 9.051605e-01 9.051605e-01 9.085156e-01 9.098447e-01 9.128176e-01 9.186326e-01 9.214549e-01 9.234325e-01 9.255049e-01 9.265928e-01 9.303899e-01 9.340300e-01 9.357580e-01 9.393291e-01 9.422100e-01 9.454293e-01 9.479072e-01 9.489757e-01 9.582071e-01 9.622991e-01 9.655329e-01 9.671516e-01 9.732999e-01 9.751474e-01 9.851129e-01 9.866914e-01 9.958293e-01 1.001091e+00 1.010172e+00 1.011576e+00 1.018247e+00 1.026657e+00 1.035527e+00 1.068951e+00 1.096807e+00 
51 715 1.763545e-01 1.096442e+00 9.031184e-01 9.031184e-01 9.067409e-01 9.086523e-01 9.109457e-01 9.179470e-01 9.207182e-01 9.228910e-01 9.235958e-01 9.274454e-01 9.296444e-01 9.340088e-01 9.356392e-01 9.393664e-01 9.442680e-01 9.449392e-01 9.471930e-01 9.475765e-01 9.574706e-01 9.610995e-01 9.640347e-01 9.655360e-01 9.720029e-01 9.740726e-01 9.838948e-01 9.854182e-01 9.942526e-01 9.998994e-01 1.008779e+00 1.014991e+00 1.020616e+00 1.028319e+00 1.037277e+00 1.067692e+00 1.096442e+00 
52 729 1.726454e-01 1.096917e+00 9.027055e-01 9.027055e-01 9.053266e-01 9.073700e-01 9.088517e-01 9.174423e-01 9.186539e-01 9.210695e-01 9.215847e-01 9.275766e-01 9.292155e-01 9.328330e-01 9.368769e-01 9.387572e-01 9.442049e-01 9.451232e-01 9.456712e-01 9.476087e-01 9.561432e-01 9.601759e-01 9.621459e-01 9.652543e-01 9.697530e-01 9.729528e-01 9.819103e-01 9.851183e-01 9.940884e-01 9.997669e-01 1.007668e+00 1.014236e+00 1.020492e+00 1.031465e+00 1.036233e+00 1.066450e+00 1.096917e+00 
53 743 1.697498e-01 1.096292e+00 9.015034e-01 9.015034e-01 9.049367e-01 9.057952e-01 9.069627e-01 9.163365e-01 9.180049e-01 9.197205e-01 9.203815e-01 9.270491e-01 9.302145e-01 9.329482e-01 9.363182e-01 9.382135e-01 9.424731e-01 9.435706e-01 9.454139e-01 9.485596e-01 9.563379e-01 9.594188e-01 9.603785e-01 9.647181e-01 9.685294e-01 9.721998e-01 9.814137e-01 9.831407e-01 9.929134e-01 9.987895e-01 1.007140e+00 1.012370e+00 1.018672e+00 1.032265e+00 1.035965e+00 1.068103e+00 1.096292e+00 
54 757 1.658561e-01 1.095640e+00 9.004960e-01 9.004960e-01 9.038010e-01 9.045883e-01 9.065454e-01 9.143714e-01 9.165179e-01 9.183001e-01 9.202011e-01 9.256926e-01 9.302865e-01 9.316850e-01 9.356726e-01 9.392044e-01 9.414391e-01 9.430041e-01 9.454491e-01 9.491619e-01 9.561283e-01 9.580120e-01 9.608146e-01 9.634565e-01 9.674372e-01 9.747262e-01 9.804539e-01 9.815574e-01 9.910356e-01 9.976935e-01 1.007155e+00 1.012122e+00 1.024223e+00 1.031485e+00 1.036384e+00 1.068024e+00 1.095640e+00 
55 771 2.267890e-01 1.095412e+00 8.982945e-01 8.982945e-01 9.024075e-01 9.032047e-01 9.057437e-01 9.130593e-01 9.163219e-01 9.167930e-01 9.189462e-01 9.238457e-01 9.279736e-01 9.305196e-01 9.344371e-01 9.378542e-01 9.396156e-01 9.432241e-01 9.444912e-01 9.499743e-01 9.551337e-01 9.588277e-01 9.589837e-01 9.612351e-01 9.655469e-01 9.739767e-01 9.787188e-01 9.810512e-01 9.897077e-01 9.969417e-01 1.006875e+00 1.017838e+00 1.023201e+00 1.032059e+00 1.036280e+00 1.071019e+00 1.095412e+00 
56 785 2.222661e-01 1.097744e+00 8.962830e-01 8.962830e-01 9.006377e-01 9.020046e-01 9.043861e-01 9.109237e-01 9.144154e-01 9.152794e-01 9.176424e-01 9.226991e-01 9.269398e-01 9.287111e-01 9.330706e-01 9.358784e-01 9.387965e-01 9.427918e-01 9.454667e-01 9.494118e-01 9.555165e-01 9.574113e-01 9.588578e-01 9.607665e-01 9.671775e-01 9.761412e-01 9.768974e-01 9.807450e-01 9.881698e-01 9.960095e-01 1.007980e+00 1.016070e+00 1.026495e+00 1.031375e+00 1.037757e+00 1.072418e+00 1.097744e+00 
57 799 2.170269e-01 1.098709e+00 8.951496e-01 8.951496e-01 8.990305e-01 9.011736e-01 9.023475e-01 9.106356e-01 9.127836e-01 9.149232e-01 9.173755e-01 9.203169e-01 9.273912e-01 9.284749e-01 9.315797e-01 9.353468e-01 9.386945e-01 9.425874e-01 9.442585e-01 9.472971e-01 9.540739e-01 9.555897e-01 9.574057e-01 9.603189e-01 9.661824e-01 9.755014e-01 9.772449e-01 9.796660e-01 9.876191e-01 9.951252e-01 1.010203e+00 1.015983e+00 1.025962e+00 1.035878e+00 1.040239e+00 1.078158e+00 1.098709e+00 
58 813 2.110649e-01 1.098271e+00 8.952679e-01 8.952679e-01 8.981077e-01 8.993200e-01 9.010944e-01 9.087644e-01 9.108674e-01 9.141171e-01 9.178657e-01 9.186768e-01 9.262068e-01 9.265304e-01 9.307661e-01 9.354753e-01 9.402713e-01 9.427760e-01 9.442198e-01 9.463727e-01 9.535036e-01 9.543637e-01 9.568846e-01 9.603920e-01 9.653699e-01 9.752108e-01 9.763990e-01 9.783997e-01 9.856490e-01 9.932371e-01 1.010961e+00 1.014590e+00 1.024073e+00 1.034370e+00 1.042306e+00 1.078452e+00 1.098271e+00 
59 827 2.048890e-01 1.097146e+00 8.933137e-01 8.933137e-01 8.959339e-01 8.987199e-01 8.996233e-01 9.075118e-01 9.096684e-01 9.146838e-01 9.166549e-01 9.175972e-01 9.242413e-01 9.261627e-01 9.332717e-01 9.373052e-01 9.379772e-01 9.427859e-01 9.444595e-01 9.492337e-01 9.513653e-01 9.537199e-01 9.560817e-01 9.603295e-01 9.654981e-01 9.736210e-01 9.763828e-01 9.810283e-01 9.845067e-01 9.931753e-01 1.009044e+00 1.014788e+00 1.021866e+00 1.032388e+00 1.045406e+00 1.076925e+00 1.097146e+00 
60 841 1.981503e-01 1.094706e+00 8.916964e-01 8.916964e-01 8.943344e-01 8.971024e-01 9.007221e-01 9.056653e-01 9.097060e-01 9.128423e-01 9.147612e-01 9.165405e-01 9.237100e-01 9.248030e-01 9.319130e-01 9.364433e-01 9.383203e-01 9.414782e-01 9.441332e-01 9.483519e-01 9.495495e-01 9.538036e-01 9.561799e-01 9.587215e-01 9.636356e-01 9.725420e-01 9.762852e-01 9.815665e-01 9.846116e-01 9.923390e-01 1.007006e+00 1.012905e+00 1.020476e+00 1.031060e+00 1.045942e+00 1.076418e+00 1.094706e+00 
61 855 1.879479e-01 1.094080e+00 8.902819e-01 8.902819e-01 8.950622e-01 8.961469e-01 9.002117e-01 9.044819e-01 9.075169e-01 9.116090e-01 9.133315e-01 9.150922e-01 9.219244e-01 9.227665e-01 9.311647e-01 9.354097e-01 9.383806e-01 9.393775e-01 9.424495e-01 9.477091e-01 9.489869e-01 9.532231e-01 9.552380e-01 9.573723e-01 9.624859e-01 9.708637e-01 9.748988e-01 9.808627e-01 9.840765e-01 9.913088e-01 1.005510e+00 1.011788e+00 1.019905e+00 1.030105e+00 1.047782e+00 1.074086e+00 1.094080e+00 
62 869 1.812984e-01 1.094433e+00 8.886271e-01 8.886271e-01 8.929998e-01 8.955457e-01 9.009107e-01 9.031948e-01 9.054517e-01 9.106324e-01 9.127882e-01 9.138351e-01 9.217290e-01 9.230903e-01 9.322326e-01 9.348941e-01 9.374567e-01 9.395145e-01 9.411731e-01 9.461767e-01 9.481172e-01 9.518878e-01 9.559733e-01 9.593263e-01 9.618754e-01 9.691250e-01 9.745555e-01 9.801964e-01 9.829935e-01 9.906113e-01 1.004870e+00 1.012316e+00 1.017940e+00 1.028050e+00 1.048925e+00 1.074268e+00 1.094433e+00 
63 883 1.747632e-01 1.094406e+00 8.880609e-01 8.880609e-01 8.936069e-01 8.955177e-01 8.993314e-01 9.012523e-01 9.037415e-01 9.089168e-01 9.121227e-01 9.143127e-01 9.210837e-01 9.219205e-01 9.309046e-01 9.330001e-01 9.355085e-01 9.386113e-01 9.390103e-01 9.444326e-01 9.485157e-01 9.505729e-01 9.546085e-01 9.581387e-01 9.611227e-01 9.679693e-01 9.744265e-01 9.788979e-01 9.835487e-01 9.927441e-01 1.004095e+00 1.011855e+00 1.019503e+00 1.027624e+00 1.048129e+00 1.072599e+00 1.094406e+00 
64 897 1.692864e-01 1.094916e+00 8.876847e-01 8.876847e-01 8.928017e-01 8.942431e-01 8.991951e-01 9.007832e-01 9.042702e-01 9.080864e-01 9.110428e-01 9.142173e-01 9.203590e-01 9.241717e-01 9.301075e-01 9.312941e-01 9.345591e-01 9.374554e-01 9.377531e-01 9.428114e-01 9.472260e-01 9.493966e-01 9.529372e-01 9.579282e-01 9.612120e-01 9.689059e-01 9.749858e-01 9.781312e-01 9.819459e-01 9.902216e-01 1.004781e+00 1.011989e+00 1.023963e+00 1.029042e+00 1.046587e+00 1.070904e+00 1.094916e+00 
65 911 1.632967e-01 1.094543e+00 8.875105e-01 8.875105e-01 8.924008e-01 8.933697e-01 8.971412e-01 8.997178e-01 9.020516e-01 9.089280e-01 9.099803e-01 9.131687e-01 9.218575e-01 9.230212e-01 9.292262e-01 9.302991e-01 9.338095e-01 9.387837e-01 9.393031e-01 9.429854e-01 9.472661e-01 9.490307e-01 9.518730e-01 9.574237e-01 9.601081e-01 9.683978e-01 9.744731e-01 9.770966e-01 9.822471e-01 9.893292e-01 1.002867e+00 1.012912e+00 1.022562e+00 1.028256e+00 1.045128e+00 1.074352e+00 1.094543e+00 
66 925 1.584369e-01 1.093038e+00 8.857934e-01 8.857934e-01 8.909612e-01 8.918146e-01 8.965529e-01 8.986256e-01 9.030305e-01 9.076387e-01 9.088176e-01 9.125767e-01 9.205154e-01 9.230280e-01 9.276235e-01 9.298877e-01 9.332713e-01 9.377028e-01 9.389814e-01 9.442540e-01 9.461324e-01 9.466309e-01 9.509640e-01 9.573638e-01 9.593002e-01 9.679959e-01 9.761135e-01 9.777169e-01 9.852981e-01 9.916926e-01 1.001015e+00 1.012686e+00 1.021183e+00 1.027940e+00 1.042991e+00 1.075436e+00 1.093038e+00 
67 939 1.549362e-01 1.093129e+00 8.849212e-01 8.849212e-01 8.896184e-01 8.907666e-01 8.952057e-01 8.985781e-01 9.017299e-01 9.081518e-01 9.084548e-01 9.111775e-01 9.194402e-01 9.215789e-01 9.263038e-01 9.303045e-01 9.322034e-01 9.359471e-01 9.368783e-01 9.436363e-01 9.456497e-01 9.459008e-01 9.500895e-01 9.566595e-01 9.603596e-01 9.666539e-01 9.746688e-01 9.763826e-01 9.856609e-01 9.944045e-01 1.000584e+00 1.013319e+00 1.022938e+00 1.028417e+00 1.040834e+00 1.074022e+00 1.093129e+00 
68 953 1.520434e-01 1.096739e+00 8.839769e-01 8.839769e-01 8.888806e-01 8.903219e-01 8.936710e-01 8.976677e-01 8.997130e-01 9.063959e-01 9.069314e-01 9.106755e-01 9.173946e-01 9.194581e-01 9.247080e-01 9.301716e-01 9.323853e-01 9.355327e-01 9.366849e-01 9.431151e-01 9.445836e-01 9.453172e-01 9.494155e-01 9.543972e-01 9.587523e-01 9.662839e-01 9.729362e-01 9.789886e-01 9.875290e-01 9.949892e-01 1.000313e+00 1.013185e+00 1.024413e+00 1.027229e+00 1.040855e+00 1.071950e+00 1.096739e+00 
69 967 1.520580e-01 1.094637e+00 8.821738e-01 8.821738e-01 8.880056e-01 8.912583e-01 8.918412e-01 8.965285e-01 8.982593e-01 9.049530e-01 9.059851e-01 9.111929e-01 9.157940e-01 9.216127e-01 9.235629e-01 9.286323e-01 9.333073e-01 9.353277e-01 9.371200e-01 9.415103e-01 9.430660e-01 9.452150e-01 9.486950e-01 9.538380e-01 9.571792e-01 9.666871e-01 9.727942e-01 9.794093e-01 9.888780e-01 9.963887e-01 1.004283e+00 1.016217e+00 1.024614e+00 1.030075e+00 1.039697e+00 1.070557e+00 1.094637e+00 
70 981 1.519319e-01 1.092590e+00 8.808774e-01 8.808774e-01 8.864537e-01 8.895601e-01 8.912789e-01 8.957007e-01 8.981086e-01 9.032111e-01 9.057985e-01 9.095028e-01 9.137527e-01 9.206806e-01 9.217920e-01 9.274422e-01 9.310886e-01 9.337062e-01 9.365003e-01 9.396629e-01 9.428585e-01 9.454575e-01 9.480233e-01 9.523236e-01 9.592058e-01 9.660089e-01 9.710636e-01 9.777228e-01 9.872854e-01 9.943624e-01 1.003637e+00 1.018859e+00 1.023057e+00 1.038248e+00 1.040116e+00 1.069646e+00 1.092590e+00 
71 995 1.503486e-01 1.091605e+00 8.793852e-01 8.793852e-01 8.858659e-01 8.879679e-01 8.898669e-01 8.956995e-01 8.963848e-01 9.022502e-01 9.044652e-01 9.075083e-01 9.125313e-01 9.212559e-01 9.219577e-01 9.270309e-01 9.290187e-01 9.334626e-01 9.382642e-01 9.388358e-01 9.422773e-01 9.459139e-01 9.477024e-01 9.516899e-01 9.576047e-01 9.682834e-01 9.726566e-01 9.770648e-01 9.862273e-01 9.948121e-01 1.002334e+00 1.018275e+00 1.022766e+00 1.036023e+00 1.048271e+00 1.072003e+00 1.091605e+00 
72 1009 1.458966e-01 1.091305e+00 8.775293e-01 8.775293e-01 8.839735e-01 8.858054e-01 8.877864e-01 8.942870e-01 8.946201e-01 9.008519e-01 9.038293e-01 9.068151e-01 9.104168e-01 9.203966e-01 9.216245e-01 9.256908e-01 9.297244e-01 9.341048e-01 9.369626e-01 9.383058e-01 9.407255e-01 9.457424e-01 9.479020e-01 9.507314e-01 9.560369e-01 9.669814e-01 9.712424e-01 9.779533e-01 9.879435e-01 9.944142e-01 1.000953e+00 1.017021e+00 1.021837e+00 1.034083e+00 1.053300e+00 1.070959e+00 1.091305e+00 
73 1023 1.425874e-01 1.089485e+00 8.774537e-01 8.774537e-01 8.828336e-01 8.850488e-01 8.865345e-01 8.925559e-01 8.933302e-01 8.997891e-01 9.028188e-01 9.052628e-01 9.098585e-01 9.192031e-01 9.200339e-01 9.246926e-01 9.279344e-01 9.333974e-01 9.352653e-01 9.372681e-01 9.406398e-01 9.442234e-01 9.468789e-01 9.506088e-01 9.555600e-01 9.665397e-01 9.699165e-01 9.768090e-01 9.860370e-01 9.918765e-01 1.003319e+00 1.014827e+00 1.020128e+00 1.032157e+00 1.056381e+00 1.070959e+00 1.089485e+00 
74 1037 1.374648e-01 1.087737e+00 8.762393e-01 8.762393e-01 8.810922e-01 8.836005e-01 8.854299e-01 8.911605e-01 8.924030e-01 8.986913e-01 9.030076e-01 9.045760e-01 9.088707e-01 9.170532e-01 9.180350e-01 9.228896e-01 9.269254e-01 9.318104e-01 9.343216e-01 9.358044e-01 9.420645e-01 9.435298e-01 9.480988e-01 9.503636e-01 9.573523e-01 9.650249e-01 9.721236e-01 9.766261e-01 9.898074e-01 9.909000e-01 1.003033e+00 1.013851e+00 1.020362e+00 1.030485e+00 1.060117e+00 1.071385e+00 1.087737e+00 
75 1051 1.325321e-01 1.087386e+00 8.750669e-01 8.750669e-01 8.787302e-01 8.823144e-01 8.845607e-01 8.896036e-01 8.912125e-01 8.976136e-01 9.010901e-01 9.052337e-01 9.071878e-01 9.156268e-01 9.162940e-01 9.208214e-01 9.249242e-01 9.309556e-01 9.323752e-01 9.355714e-01 9.409986e-01 9.416586e-01 9.495908e-01 9.510417e-01 9.567516e-01 9.629679e-01 9.736352e-01 9.753104e-01 9.907345e-01 9.941126e-01 1.003442e+00 1.013650e+00 1.019086e+00 1.029153e+00 1.061162e+00 1.072793e+00 1.087386e+00 
76 1065 1.293559e-01 1.086582e+00 8.744786e-01 8.744786e-01 8.776900e-01 8.806763e-01 8.829513e-01 8.891449e-01 8.902991e-01 8.964562e-01 8.994121e-01 9.037428e-01 9.063461e-01 9.140035e-01 9.146909e-01 9.200531e-01 9.243441e-01 9.307934e-01 9.318707e-01 9.346578e-01 9.390433e-01 9.412273e-01 9.486144e-01 9.518962e-01 9.548664e-01 9.624076e-01 9.724627e-01 9.752843e-01 9.896156e-01 9.934871e-01 1.003078e+00 1.014041e+00 1.018864e+00 1.029367e+00 1.064096e+00 1.071798e+00 1.086582e+00 
77 1079 1.256274e-01 1.085159e+00 8.727376e-01 8.727376e-01 8.758337e-01 8.789592e-01 8.811826e-01 8.873104e-01 8.893748e-01 8.945428e-01 8.978238e-01 9.041580e-01 9.056585e-01 9.124823e-01 9.154491e-01 9.181569e-01 9.249388e-01 9.297333e-01 9.306433e-01 9.334774e-01 9.381428e-01 9.395605e-01 9.468335e-01 9.510023e-01 9.580014e-01 9.620672e-01 9.725566e-01 9.765346e-01 9.877251e-01 9.941625e-01 1.002744e+00 1.014984e+00 1.017553e+00 1.027641e+00 1.068535e+00 1.072008e+00 1.085159e+00 
78 1093 1.232388e-01 1.083844e+00 8.712031e-01 8.712031e-01 8.741854e-01 8.768615e-01 8.796155e-01 8.871226e-01 8.884714e-01 8.950671e-01 8.967888e-01 9.022694e-01 9.037186e-01 9.114779e-01 9.153436e-01 9.167606e-01 9.240946e-01 9.278139e-01 9.288463e-01 9.319774e-01 9.385428e-01 9.399846e-01 9.455459e-01 9.493787e-01 9.575234e-01 9.643320e-01 9.735130e-01 9.763325e-01 9.860891e-01 9.931073e-01 1.001878e+00 1.015296e+00 1.019112e+00 1.027994e+00 1.067548e+00 1.074208e+00 1.083844e+00 
79 1107 1.200947e-01 1.082615e+00 8.701029e-01 8.701029e-01 8.723294e-01 8.773215e-01 8.776880e-01 8.854130e-01 8.879091e-01 8.940639e-01 8.956389e-01 9.007704e-01 9.020804e-01 9.098150e-01 9.147923e-01 9.173397e-01 9.226842e-01 9.263492e-01 9.297050e-01 9.310995e-01 9.375071e-01 9.409563e-01 9.473751e-01 9.480089e-01 9.573931e-01 9.631576e-01 9.736215e-01 9.760509e-01 9.861944e-01 9.950668e-01 1.001669e+00 1.017848e+00 1.019903e+00 1.028531e+00 1.066676e+00 1.075972e+00 1.082615e+00 
80 1121 1.166121e-01 1.080501e+00 8.696219e-01 8.696219e-01 8.703741e-01 8.759101e-01 8.767456e-01 8.838613e-01 8.868962e-01 8.930765e-01 8.962280e-01 9.004428e-01 9.019270e-01 9.078200e-01 9.133154e-01 9.166359e-01 9.229221e-01 9.267078e-01 9.277387e-01 9.305595e-01 9.366040e-01 9.408187e-01 9.471657e-01 9.506346e-01 9.580629e-01 9.623052e-01 9.722469e-01 9.747649e-01 9.849151e-01 9.943148e-01 1.001561e+00 1.016541e+00 1.019205e+00 1.027972e+00 1.065579e+00 1.076024e+00 1.080501e+00 
81 1135 1.133768e-01 1.080010e+00 8.685310e-01 8.685310e-01 8.697699e-01 8.750367e-01 8.760071e-01 8.820662e-01 8.861185e-01 8.910292e-01 8.951077e-01 8.988980e-01 9.026312e-01 9.062186e-01 9.117319e-01 9.147924e-01 9.216199e-01 9.264639e-01 9.276171e-01 9.316322e-01 9.381063e-01 9.392848e-01 9.458224e-01 9.514827e-01 9.615416e-01 9.616702e-01 9.709239e-01 9.733672e-01 9.827682e-01 9.954133e-01 1.000922e+00 1.015188e+00 1.019002e+00 1.028224e+00 1.063815e+00 1.075953e+00 1.080010e+00 
82 1149 1.536171e-01 1.081521e+00 8.668836e-01 8.668836e-01 8.686199e-01 8.740396e-01 8.746030e-01 8.811534e-01 8.843779e-01 8.902668e-01 8.945993e-01 8.980520e-01 9.021374e-01 9.065392e-01 9.103703e-01 9.129512e-01 9.214516e-01 9.245207e-01 9.271620e-01 9.305649e-01 9.367825e-01 9.395701e-01 9.458072e-01 9.561448e-01 9.596484e-01 9.626757e-01 9.697045e-01 9.732748e-01 9.814198e-01 9.939240e-01 9.990897e-01 1.014786e+00 1.018085e+00 1.027840e+00 1.061490e+00 1.075916e+00 1.081521e+00 
83 1163 1.487107e-01 1.079312e+00 8.654065e-01 8.654065e-01 8.680067e-01 8.739934e-01 8.753525e-01 8.800533e-01 8.830475e-01 8.889007e-01 8.928567e-01 8.972607e-01 9.004633e-01 9.060095e-01 9.094887e-01 9.117750e-01 9.211776e-01 9.232606e-01 9.272347e-01 9.309529e-01 9.361578e-01 9.384356e-01 9.489388e-01 9.552985e-01 9.593123e-01 9.632971e-01 9.686821e-01 9.723817e-01 9.799385e-01 9.946586e-01 9.978290e-01 1.014630e+00 1.017725e+00 1.026873e+00 1.058925e+00 1.074490e+00 1.079312e+00 
84 1177 1.463130e-01 1.078399e+00 8.640627e-01 8.640627e-01 8.664649e-01 8.733915e-01 8.747701e-01 8.780831e-01 8.815719e-01 8.876566e-01 8.913174e-01 8.963373e-01 8.986412e-01 9.049542e-01 9.081786e-01 9.097464e-01 9.218702e-01 9.232615e-01 9.259740e-01 9.305823e-01 9.341576e-01 9.372763e-01 9.484509e-01 9.550033e-01 9.604943e-01 9.638218e-01 9.710612e-01 9.752801e-01 9.791786e-01 9.927423e-01 9.958315e-01 1.012848e+00 1.015190e+00 1.025993e+00 1.056925e+00 1.074583e+00 1.078399e+00 
85 1191 2.000971e-01 1.076604e+00 8.621247e-01 8.621247e-01 8.677287e-01 8.719060e-01 8.739902e-01 8.767370e-01 8.827974e-01 8.857628e-01 8.897888e-01 8.958754e-01 8.969506e-01 9.038332e-01 9.079163e-01 9.083823e-01 9.220459e-01 9.229785e-01 9.245669e-01 9.304895e-01 9.344633e-01 9.368508e-01 9.493911e-01 9.546174e-01 9.583159e-01 9.618826e-01 9.699141e-01 9.761469e-01 9.798006e-01 9.956373e-01 1.001255e+00 1.012930e+00 1.014437e+00 1.027537e+00 1.064368e+00 1.073716e+00 1.076604e+00 
86 1205 1.972410e-01 1.075367e+00 8.611995e-01 8.611995e-01 8.672722e-01 8.711127e-01 8.722715e-01 8.760410e-01 8.806485e-01 8.854191e-01 8.883750e-01 8.942452e-01 8.963145e-01 9.027048e-01 9.060170e-01 9.078466e-01 9.212886e-01 9.214067e-01 9.261449e-01 9.288448e-01 9.328077e-01 9.390424e-01 9.492598e-01 9.557986e-01 9.592656e-01 9.628735e-01 9.686270e-01 9.743331e-01 9.799548e-01 9.932717e-01 1.003305e+00 1.012855e+00 1.016664e+00 1.029499e+00 1.063065e+00 1.073371e+00 1.075367e+00 
87 1219 1.938188e-01 1.074418e+00 8.606620e-01 8.606620e-01 8.658064e-01 8.704355e-01 8.731008e-01 8.751946e-01 8.789039e-01 8.847292e-01 8.873912e-01 8.932460e-01 8.949025e-01 9.008176e-01 9.041996e-01 9.075922e-01 9.192789e-01 9.206674e-01 9.260125e-01 9.266809e-01 9.316143e-01 9.408280e-01 9.481891e-01 9.546564e-01 9.579650e-01 9.613970e-01 9.682042e-01 9.727958e-01 9.810698e-01 9.923822e-01 1.002419e+00 1.015528e+00 1.015987e+00 1.031858e+00 1.061191e+00 1.072539e+00 1.074418e+00 
88 1233 1.932193e-01 1.076819e+00 8.594255e-01 8.594255e-01 8.640107e-01 8.706878e-01 8.724998e-01 8.755456e-01 8.783321e-01 8.836235e-01 8.860190e-01 8.919384e-01 8.928366e-01 9.011693e-01 9.029521e-01 9.058601e-01 9.176802e-01 9.194947e-01 9.256659e-01 9.280430e-01 9.301603e-01 9.418392e-01 9.467518e-01 9.531772e-01 9.559547e-01 9.620620e-01 9.702890e-01 9.739747e-01 9.813103e-01 9.909001e-01 1.003708e+00 1.013308e+00 1.015112e+00 1.038080e+00 1.060885e+00 1.071446e+00 1.076819e+00 
89 1247 1.944824e-01 1.078436e+00 8.574383e-01 8.574383e-01 8.625937e-01 8.687740e-01 8.707278e-01 8.744608e-01 8.779905e-01 8.828849e-01 8.867890e-01 8.904231e-01 8.916573e-01 9.009069e-01 9.014675e-01 9.046962e-01 9.161969e-01 9.183305e-01 9.236181e-01 9.282813e-01 9.310869e-01 9.402080e-01 9.451843e-01 9.522506e-01 9.541943e-01 9.622781e-01 9.714292e-01 9.734457e-01 9.827655e-01 9.899969e-01 1.004193e+00 1.012305e+00 1.014821e+00 1.045068e+00 1.058990e+00 1.075734e+00 1.078436e+00 
90 1261 1.947094e-01 1.084889e+00 8.553509e-01 8.553509e-01 8.625847e-01 8.692594e-01 8.694471e-01 8.725443e-01 8.778800e-01 8.840246e-01 8.848296e-01 8.895570e-01 8.915734e-01 9.003698e-01 9.008595e-01 9.050856e-01 9.142836e-01 9.176911e-01 9.226866e-01 9.272229e-01 9.304070e-01 9.384143e-01 9.466795e-01 9.505501e-01 9.535849e-01 9.606204e-01 9.716473e-01 9.730528e-01 9.810321e-01 9.955963e-01 1.003633e+00 1.010391e+00 1.017383e+00 1.047227e+00 1.056920e+00 1.074022e+00 1.084889e+00 
91 1275 1.925733e-01 1.091743e+00 8.535589e-01 8.535589e-01 8.625906e-01 8.675423e-01 8.682945e-01 8.725600e-01 8.768954e-01 8.823021e-01 8.840235e-01 8.886097e-01 8.897374e-01 8.989949e-01 9.017085e-01 9.068990e-01 9.134907e-01 9.157816e-01 9.226259e-01 9.265656e-01 9.284595e-01 9.365617e-01 9.447422e-01 9.494565e-01 9.532197e-01 9.586670e-01 9.704987e-01 9.749196e-01 9.795847e-01 9.963681e-01 1.004186e+00 1.011761e+00 1.016786e+00 1.047974e+00 1.055808e+00 1.072298e+00 1.091743e+00 
92 1289 1.919964e-01 1.099771e+00 8.518566e-01 8.518566e-01 8.610264e-01 8.663075e-01 8.664419e-01 8.709893e-01 8.799408e-01 8.813038e-01 8.838871e-01 8.881039e-01 8.892719e-01 8.987152e-01 9.004216e-01 9.069111e-01 9.122072e-01 9.134773e-01 9.228020e-01 9.251861e-01 9.309918e-01 9.349116e-01 9.443283e-01 9.474921e-01 9.521324e-01 9.603340e-01 9.701800e-01 9.734776e-01 9.793166e-01 9.955472e-01 1.002968e+00 1.012058e+00 1.016935e+00 1.051398e+00 1.054787e+00 1.072532e+00 1.099771e+00 
93 1303 1.862289e-01 1.106150e+00 8.505178e-01 8.505178e-01 8.594274e-01 8.641870e-01 8.657261e-01 8.698683e-01 8.781290e-01 8.798485e-01 8.842450e-01 8.872088e-01 8.876034e-01 8.991916e-01 8.995590e-01 9.058032e-01 9.108591e-01 9.143511e-01 9.214402e-01 9.229545e-01 9.292822e-01 9.365211e-01 9.433304e-01 9.472224e-01 9.507990e-01 9.583167e-01 9.707781e-01 9.761491e-01 9.775599e-01 9.965414e-01 1.001460e+00 1.012116e+00 1.018573e+00 1.049911e+00 1.053922e+00 1.071065e+00 1.106150e+00 
94 1317 1.826644e-01 1.109179e+00 8.492868e-01 8.492868e-01 8.578906e-01 8.632568e-01 8.643834e-01 8.684962e-01 8.773270e-01 8.778136e-01 8.837421e-01 8.850837e-01 8.860874e-01 8.974400e-01 9.035119e-01 9.048188e-01 9.090299e-01 9.152814e-01 9.196933e-01 9.215822e-01 9.280069e-01 9.346785e-01 9.434268e-01 9.484427e-01 9.508005e-01 9.569602e-01 9.715788e-01 9.743076e-01 9.759375e-01 9.945918e-01 9.998079e-01 1.010042e+00 1.020048e+00 1.047499e+00 1.052798e+00 1.070708e+00 1.109179e+00 
95 1331 1.782301e-01 1.112914e+00 8.495236e-01 8.495236e-01 8.563687e-01 8.623262e-01 8.629591e-01 8.667537e-01 8.776549e-01 8.786474e-01 8.822682e-01 8.837015e-01 8.849624e-01 8.961790e-01 9.030010e-01 9.036363e-01 9.078255e-01 9.143272e-01 9.190491e-01 9.209260e-01 9.275037e-01 9.327263e-01 9.428351e-01 9.475151e-01 9.489753e-01 9.569529e-01 9.692882e-01 9.730497e-01 9.752390e-01 9.955345e-01 1.002916e+00 1.007469e+00 1.021514e+00 1.046372e+00 1.051542e+00 1.069703e+00 1.112914e+00 
96 1345 1.753857e-01 1.113804e+00 8.483093e-01 8.483093e-01 8.546172e-01 8.614706e-01 8.632482e-01 8.663622e-01 8.757365e-01 8.775418e-01 8.801819e-01 8.818589e-01 8.880337e-01 8.960232e-01 9.017426e-01 9.030920e-01 9.081188e-01 9.125915e-01 9.190030e-01 9.202325e-01 9.269381e-01 9.306535e-01 9.421470e-01 9.465503e-01 9.511781e-01 9.573807e-01 9.676713e-01 9.711750e-01 9.761396e-01 9.958258e-01 1.001505e+00 1.008941e+00 1.027205e+00 1.044401e+00 1.050397e+00 1.067523e+00 1.113804e+00 
97 1359 1.711635e-01 1.114813e+00 8.482812e-01 8.482812e-01 8.532279e-01 8.599540e-01 8.609708e-01 8.647489e-01 8.749910e-01 8.762989e-01 8.791037e-01 8.821875e-01 8.879132e-01 8.953782e-01 8.999480e-01 9.014769e-01 9.090588e-01 9.120619e-01 9.174383e-01 9.199156e-01 9.282813e-01 9.304141e-01 9.405798e-01 9.464079e-01 9.492070e-01 9.557625e-01 9.688011e-01 9.696635e-01 9.762860e-01 9.947610e-01 9.994505e-01 1.008266e+00 1.028469e+00 1.044106e+00 1.054011e+00 1.067542e+00 1.114813e+00 
98 1373 1.674806e-01 1.113583e+00 8.475870e-01 8.475870e-01 8.541328e-01 8.578014e-01 8.613899e-01 8.628352e-01 8.735190e-01 8.749071e-01 8.776902e-01 8.812759e-01 8.865918e-01 8.959966e-01 8.982658e-01 8.997760e-01 9.079408e-01 9.104293e-01 9.150963e-01 9.188501e-01 9.284846e-01 9.304964e-01 9.393378e-01 9.444778e-01 9.475853e-01 9.549659e-01 9.668704e-01 9.679223e-01 9.746892e-01 9.923300e-01 9.976638e-01 1.010555e+00 1.028469e+00 1.047172e+00 1.056966e+00 1.068286e+00 1.113583e+00 
99 1387 1.651093e-01 1.113801e+00 8.461347e-01 8.461347e-01 8.543076e-01 8.563137e-01 8.600701e-01 8.624131e-01 8.726471e-01 8.736384e-01 8.763921e-01 8.798945e-01 8.871093e-01 8.947241e-01 8.989669e-01 8.996829e-01 9.067539e-01 9.097855e-01 9.149174e-01 9.197688e-01 9.269750e-01 9.306273e-01 9.373100e-01 9.436567e-01 9.452937e-01 9.545461e-01 9.645625e-01 9.692122e-01 9.755065e-01 9.913506e-01 9.979361e-01 1.011422e+00 1.027350e+00 1.050073e+00 1.059484e+00 1.068158e+00 1.113801e+00 
100 1401 1.612512e-01 1.115873e+00 8.445911e-01 8.445911e-01 8.529689e-01 8.544406e-01 8.582186e-01 8.621517e-01 8.712110e-01 8.731492e-01 8.770463e-01 8.798912e-01 8.870768e-01 8.928820e-01 8.982566e-01 9.007347e-01 9.047860e-01 9.081076e-01 9.135370e-01 9.209040e-01 9.274227e-01 9.328940e-01 9.389106e-01 9.431721e-01 9.441823e-01 9.537651e-01 9.629657e-01 9.684643e-01 9.744715e-01 9.915207e-01 9.971380e-01 1.013818e+00 1.026783e+00 1.049356e+00 1.061194e+00 1.069035e+00 1.115873e+00 
101 1415 1.572845e-01 1.115999e+00 8.446702e-01 8.446702e-01 8.513516e-01 8.534137e-01 8.570465e-01 8.606819e-01 8.697149e-01 8.738422e-01 8.762968e-01 8.786960e-01 8.860344e-01 8.911685e-01 8.967351e-01 9.007549e-01 9.036643e-01 9.074071e-01 9.134813e-01 9.224066e-01 9.271286e-01 9.361555e-01 9.386905e-01 9.430283e-01 9.454709e-01 9.557560e-01 9.633941e-01 9.662163e-01 9.737794e-01 9.903142e-01 9.984781e-01 1.015437e+00 1.028239e+00 1.047498e+00 1.062386e+00 1.068144e+00 1.115999e+00 
102 1429 2.110673e-01 1.117708e+00 8.437076e-01 8.437076e-01 8.512102e-01 8.528761e-01 8.562863e-01 8.604487e-01 8.687629e-01 8.722509e-01 8.755612e-01 8.771420e-01 8.857219e-01 8.894296e-01 8.949988e-01 8.990243e-01 9.050062e-01 9.059416e-01 9.130488e-01 9.227565e-01 9.259403e-01 9.356243e-01 9.381221e-01 9.419562e-01 9.450759e-01 9.551816e-01 9.644862e-01 9.656129e-01 9.735020e-01 9.893198e-01 9.975187e-01 1.015525e+00 1.030736e+00 1.046506e+00 1.063429e+00 1.067014e+00 1.117708e+00 
103 1443 2.832074e-01 1.117309e+00 8.417082e-01 8.417082e-01 8.499069e-01 8.515052e-01 8.547124e-01 8.599937e-01 8.677019e-01 8.711394e-01 8.740205e-01 8.755797e-01 8.843239e-01 8.884394e-01 8.929560e-01 8.973962e-01 9.039182e-01 9.075846e-01 9.139461e-01 9.210381e-01 9.246665e-01 9.339356e-01 9.362542e-01 9.418592e-01 9.465465e-01 9.552490e-01 9.629881e-01 9.646233e-01 9.732001e-01 9.873167e-01 9.957956e-01 1.013036e+00 1.029294e+00 1.048384e+00 1.062904e+00 1.067438e+00 1.117309e+00 
104 1457 2.750012e-01 1.115390e+00 8.428182e-01 8.428182e-01 8.491481e-01 8.496690e-01 8.532642e-01 8.612533e-01 8.661991e-01 8.699460e-01 8.733713e-01 8.745800e-01 8.834718e-01 8.875847e-01 8.944808e-01 8.958703e-01 9.032414e-01 9.070937e-01 9.139477e-01 9.192207e-01 9.234843e-01 9.338158e-01 9.350035e-01 9.404040e-01 9.461996e-01 9.552589e-01 9.611719e-01 9.644247e-01 9.708840e-01 9.853210e-01 9.966547e-01 1.010852e+00 1.027743e+00 1.048002e+00 1.062025e+00 1.067796e+00 1.115390e+00 
105 1471 2.618894e-01 1.112584e+00 8.414478e-01 8.414478e-01 8.474638e-01 8.500825e-01 8.520633e-01 8.599345e-01 8.656845e-01 8.690095e-01 8.717715e-01 8.735501e-01 8.828452e-01 8.871998e-01 8.934812e-01 8.947468e-01 9.023146e-01 9.050887e-01 9.120957e-01 9.192374e-01 9.242072e-01 9.322554e-01 9.330893e-01 9.387490e-01 9.462012e-01 9.544617e-01 9.613436e-01 9.634439e-01 9.696638e-01 9.860617e-01 9.964294e-01 1.010057e+00 1.025884e+00 1.046808e+00 1.061816e+00 1.068187e+00 1.112584e+00 
106 1485 2.539800e-01 1.110684e+00 8.406549e-01 8.406549e-01 8.482188e-01 8.490917e-01 8.506309e-01 8.582445e-01 8.645496e-01 8.678669e-01 8.708296e-01 8.732705e-01 8.813099e-01 8.875505e-01 8.921557e-01 8.931241e-01 9.005773e-01 9.053454e-01 9.106413e-01 9.193193e-01 9.224756e-01 9.308188e-01 9.338847e-01 9.367556e-01 9.462377e-01 9.586976e-01 9.615348e-01 9.652783e-01 9.694453e-01 9.843501e-01 9.945736e-01 1.011014e+00 1.025178e+00 1.045077e+00 1.061059e+00 1.069131e+00 1.110684e+00 
107 1499 2.443290e-01 1.109892e+00 8.398727e-01 8.398727e-01 8.462868e-01 8.482505e-01 8.487425e-01 8.562391e-01 8.631694e-01 8.671507e-01 8.698633e-01 8.731314e-01 8.825367e-01 8.860577e-01 8.909491e-01 8.934728e-01 8.985702e-01 9.051726e-01 9.088213e-01 9.205868e-01 9.219074e-01 9.300379e-01 9.324552e-01 9.352347e-01 9.439021e-01 9.572340e-01 9.618575e-01 9.663160e-01 9.719749e-01 9.853170e-01 9.966645e-01 1.012501e+00 1.025165e+00 1.043912e+00 1.059488e+00 1.071029e+00 1.109892e+00 
108 1513 2.331617e-01 1.107852e+00 8.382939e-01 8.382939e-01 8.459839e-01 8.464086e-01 8.466466e-01 8.554866e-01 8.621733e-01 8.655960e-01 8.692277e-01 8.732987e-01 8.805014e-01 8.853738e-01 8.910319e-01 8.920665e-01 8.987016e-01 9.034627e-01 9.070370e-01 9.190861e-01 9.201783e-01 9.281239e-01 9.318118e-01 9.349840e-01 9.430357e-01 9.556165e-01 9.613444e-01 9.654121e-01 9.713190e-01 9.836498e-01 9.971399e-01 1.012638e+00 1.026216e+00 1.042477e+00 1.057582e+00 1.072415e+00 1.107852e+00 
109 1527 2.237262e-01 1.106605e+00 8.368384e-01 8.368384e-01 8.442275e-01 8.451370e-01 8.456615e-01 8.536026e-01 8.611533e-01 8.646549e-01 8.681649e-01 8.739666e-01 8.802065e-01 8.856170e-01 8.898172e-01 8.917893e-01 8.965224e-01 9.051420e-01 9.066953e-01 9.184439e-01 9.199064e-01 9.263755e-01 9.309908e-01 9.328307e-01 9.436271e-01 9.558331e-01 9.600314e-01 9.654891e-01 9.720551e-01 9.844520e-01 9.966617e-01 1.011766e+00 1.029197e+00 1.041769e+00 1.055875e+00 1.071399e+00 1.106605e+00 
110 1541 2.132442e-01 1.104400e+00 8.349732e-01 8.349732e-01 8.429655e-01 8.443201e-01 8.450698e-01 8.514201e-01 8.601536e-01 8.627018e-01 8.667854e-01 8.722689e-01 8.789969e-01 8.840151e-01 8.881233e-01 8.924115e-01 8.966644e-01 9.040740e-01 9.060421e-01 9.168423e-01 9.193695e-01 9.246923e-01 9.304445e-01 9.322928e-01 9.453277e-01 9.551603e-01 9.587435e-01 9.656399e-01 9.722748e-01 9.820675e-01 9.980892e-01 1.012279e+00 1.029192e+00 1.042423e+00 1.053774e+00 1.070027e+00 1.104400e+00 
111 1555 2.037339e-01 1.102199e+00 8.336122e-01 8.336122e-01 8.413121e-01 8.429731e-01 8.455617e-01 8.502318e-01 8.584448e-01 8.608412e-01 8.657942e-01 8.708786e-01 8.777248e-01 8.830839e-01 8.877921e-01 8.922781e-01 8.958596e-01 9.019603e-01 9.050786e-01 9.158352e-01 9.183330e-01 9.236818e-01 9.284786e-01 9.335687e-01 9.446029e-01 9.556456e-01 9.577075e-01 9.643321e-01 9.714180e-01 9.840752e-01 9.982848e-01 1.010689e+00 1.029096e+00 1.043304e+00 1.052402e+00 1.069244e+00 1.102199e+00 
112 1569 1.983835e-01 1.100346e+00 8.317049e-01 8.317049e-01 8.394897e-01 8.417911e-01 8.447696e-01 8.490001e-01 8.570241e-01 8.647893e-01 8.656765e-01 8.693803e-01 8.776333e-01 8.823100e-01 8.877945e-01 8.935672e-01 8.945084e-01 9.034582e-01 9.038890e-01 9.153148e-01 9.164043e-01 9.226347e-01 9.262548e-01 9.330023e-01 9.430280e-01 9.552195e-01 9.582307e-01 9.629169e-01 9.730065e-01 9.830872e-01 9.981955e-01 1.009877e+00 1.029336e+00 1.043805e+00 1.050024e+00 1.068954e+00 1.100346e+00 
113 1583 1.948453e-01 1.104953e+00 8.301763e-01 8.301763e-01 8.390512e-01 8.400139e-01 8.440777e-01 8.481776e-01 8.548987e-01 8.638615e-01 8.646807e-01 8.689709e-01 8.758280e-01 8.810803e-01 8.869839e-01 8.916358e-01 8.951001e-01 9.021757e-01 9.044036e-01 9.140476e-01 9.160001e-01 9.221832e-01 9.261935e-01 9.313057e-01 9.447965e-01 9.545838e-01 9.579530e-01 9.634077e-01 9.760664e-01 9.830638e-01 9.963561e-01 1.009087e+00 1.029073e+00 1.043209e+00 1.048017e+00 1.074408e+00 1.104953e+00 
114 1597 1.884432e-01 1.104760e+00 8.284578e-01 8.284578e-01 8.369378e-01 8.390008e-01 8.431354e-01 8.463261e-01 8.530967e-01 8.624279e-01 8.626792e-01 8.678568e-01 8.742722e-01 8.804224e-01 8.857789e-01 8.901863e-01 8.952261e-01 9.013983e-01 9.026819e-01 9.138631e-01 9.141480e-01 9.216804e-01 9.259867e-01 9.319258e-01 9.459765e-01 9.534031e-01 9.571722e-01 9.636220e-01 9.753070e-01 9.840160e-01 9.946187e-01 1.010740e+00 1.027613e+00 1.041806e+00 1.046069e+00 1.072970e+00 1.104760e+00 
115 1611 1.798720e-01 1.105933e+00 8.286374e-01 8.286374e-01 8.350460e-01 8.390975e-01 8.421064e-01 8.449082e-01 8.539326e-01 8.608636e-01 8.611165e-01 8.667043e-01 8.729428e-01 8.790915e-01 8.836928e-01 8.899008e-01 8.941940e-01 9.002780e-01 9.009326e-01 9.117378e-01 9.133438e-01 9.202692e-01 9.246898e-01 9.307025e-01 9.438503e-01 9.519360e-01 9.573457e-01 9.623435e-01 9.750714e-01 9.838652e-01 9.937545e-01 1.008928e+00 1.027173e+00 1.040598e+00 1.049262e+00 1.071595e+00 1.105933e+00 
116 1625 1.742162e-01 1.107370e+00 8.272765e-01 8.272765e-01 8.339176e-01 8.383668e-01 8.402072e-01 8.432336e-01 8.540153e-01 8.603826e-01 8.622598e-01 8.658994e-01 8.714935e-01 8.788753e-01 8.823838e-01 8.890806e-01 8.937624e-01 8.989662e-01 9.010522e-01 9.095083e-01 9.131065e-01 9.197783e-01 9.249226e-01 9.306586e-01 9.430489e-01 9.497129e-01 9.557550e-01 9.616430e-01 9.736684e-01 9.848309e-01 9.919243e-01 1.008861e+00 1.025932e+00 1.038510e+00 1.048982e+00 1.077461e+00 1.107370e+00 
117 1639 1.737412e-01 1.106518e+00 8.259922e-01 8.259922e-01 8.332435e-01 8.363684e-01 8.389660e-01 8.426482e-01 8.522124e-01 8.593376e-01 8.636380e-01 8.663352e-01 8.708250e-01 8.780696e-01 8.827669e-01 8.871184e-01 8.949478e-01 8.992867e-01 9.050202e-01 9.075150e-01 9.112409e-01 9.197176e-01 9.236454e-01 9.314943e-01 9.422354e-01 9.492031e-01 9.547722e-01 9.607759e-01 9.728638e-01 9.850480e-01 9.920649e-01 1.013458e+00 1.025823e+00 1.037183e+00 1.049428e+00 1.079114e+00 1.106518e+00 
118 1653 1.708264e-01 1.105615e+00 8.253014e-01 8.253014e-01 8.319244e-01 8.350824e-01 8.376713e-01 8.411372e-01 8.508590e-01 8.574269e-01 8.633176e-01 8.653947e-01 8.704878e-01 8.808080e-01 8.813972e-01 8.859646e-01 8.929358e-01 8.971401e-01 9.051752e-01 9.061528e-01 9.122040e-01 9.183117e-01 9.228279e-01 9.330329e-01 9.399411e-01 9.477999e-01 9.576631e-01 9.602487e-01 9.709097e-01 9.871359e-01 9.923244e-01 1.014520e+00 1.023220e+00 1.037015e+00 1.047600e+00 1.080502e+00 1.105615e+00 
119 1667 1.653762e-01 1.104779e+00 8.253569e-01 8.253569e-01 8.308817e-01 8.342062e-01 8.376485e-01 8.407243e-01 8.501414e-01 8.555237e-01 8.614130e-01 8.638865e-01 8.688315e-01 8.801363e-01 8.818370e-01 8.846513e-01 8.919362e-01 8.958382e-01 9.038632e-01 9.048618e-01 9.120278e-01 9.196332e-01 9.234896e-01 9.334564e-01 9.404407e-01 9.470357e-01 9.563740e-01 9.600371e-01 9.686701e-01 9.858475e-01 9.947135e-01 1.016357e+00 1.021857e+00 1.035990e+00 1.049073e+00 1.080083e+00 1.104779e+00 
120 1681 1.597006e-01 1.102777e+00 8.233830e-01 8.233830e-01 8.290688e-01 8.347422e-01 8.373089e-01 8.397285e-01 8.488463e-01 8.535632e-01 8.598421e-01 8.631107e-01 8.673066e-01 8.796772e-01 8.808284e-01 8.829352e-01 8.903585e-01 8.942531e-01 9.017632e-01 9.065026e-01 9.104041e-01 9.178921e-01 9.238014e-01 9.324576e-01 9.395620e-01 9.465604e-01 9.554830e-01 9.590823e-01 9.676877e-01 9.874628e-01 9.934882e-01 1.015499e+00 1.020397e+00 1.034038e+00 1.049164e+00 1.078425e+00 1.102777e+00 
121 1695 2.156779e-01 1.103007e+00 8.227363e-01 8.227363e-01 8.293341e-01 8.341096e-01 8.366295e-01 8.412508e-01 8.485347e-01 8.517668e-01 8.596947e-01 8.617445e-01 8.660112e-01 8.786774e-01 8.789195e-01 8.821940e-01 8.896461e-01 8.939052e-01 9.025943e-01 9.056676e-01 9.098894e-01 9.160836e-01 9.218535e-01 9.307576e-01 9.398909e-01 9.455733e-01 9.545411e-01 9.591421e-01 9.657319e-01 9.890838e-01 9.947266e-01 1.013995e+00 1.020530e+00 1.034164e+00 1.050508e+00 1.079322e+00 1.103007e+00 
122 1709 2.105054e-01 1.101232e+00 8.215883e-01 8.215883e-01 8.279580e-01 8.325085e-01 8.351106e-01 8.414413e-01 8.474379e-01 8.514488e-01 8.591006e-01 8.615160e-01 8.654205e-01 8.780432e-01 8.798261e-01 8.814655e-01 8.882692e-01 8.937832e-01 9.007068e-01 9.085648e-01 9.087818e-01 9.149388e-01 9.201562e-01 9.290125e-01 9.377400e-01 9.447582e-01 9.544714e-01 9.590469e-01 9.652466e-01 9.911477e-01 9.948958e-01 1.012691e+00 1.019956e+00 1.033586e+00 1.048907e+00 1.078896e+00 1.101232e+00 
123 1723 2.047118e-01 1.098935e+00 8.216950e-01 8.216950e-01 8.266579e-01 8.306582e-01 8.355447e-01 8.405325e-01 8.458319e-01 8.508345e-01 8.575723e-01 8.623339e-01 8.642030e-01 8.774470e-01 8.784766e-01 8.801178e-01 8.875214e-01 8.927788e-01 8.996283e-01 9.085459e-01 9.089109e-01 9.152473e-01 9.194022e-01 9.269634e-01 9.373082e-01 9.433180e-01 9.527733e-01 9.567134e-01 9.647514e-01 9.904813e-01 9.926109e-01 1.010743e+00 1.018426e+00 1.032126e+00 1.048437e+00 1.076865e+00 1.098935e+00 
124 1737 1.982151e-01 1.098416e+00 8.201981e-01 8.201981e-01 8.249784e-01 8.291637e-01 8.340034e-01 8.394726e-01 8.444040e-01 8.531395e-01 8.561269e-01 8.606306e-01 8.655106e-01 8.760181e-01 8.772110e-01 8.797058e-01 8.874421e-01 8.921300e-01 8.989865e-01 9.071471e-01 9.093055e-01 9.161963e-01 9.190490e-01 9.270751e-01 9.352141e-01 9.441034e-01 9.523947e-01 9.616243e-01 9.651190e-01 9.904961e-01 9.939948e-01 1.010331e+00 1.017430e+00 1.032611e+00 1.050945e+00 1.074924e+00 1.098416e+00 
125 1751 1.900720e-01 1.099069e+00 8.185256e-01 8.185256e-01 8.245429e-01 8.284032e-01 8.318814e-01 8.377666e-01 8.424882e-01 8.534139e-01 8.566926e-01 8.611672e-01 8.636474e-01 8.742384e-01 8.761170e-01 8.806754e-01 8.862788e-01 8.913297e-01 9.030424e-01 9.055603e-01 9.081547e-01 9.167809e-01 9.171746e-01 9.249089e-01 9.339411e-01 9.435413e-01 9.513018e-01 9.608179e-01 9.633579e-01 9.895400e-01 9.925930e-01 1.009988e+00 1.016238e+00 1.033901e+00 1.050246e+00 1.077463e+00 1.099069e+00 
126 1765 1.788493e-01 1.097623e+00 8.180727e-01 8.180727e-01 8.235198e-01 8.272922e-01 8.311196e-01 8.379346e-01 8.413379e-01 8.519776e-01 8.551692e-01 8.600010e-01 8.624914e-01 8.727806e-01 8.741741e-01 8.798779e-01 8.858139e-01 8.904278e-01 9.011675e-01 9.040416e-01 9.090019e-01 9.158700e-01 9.166459e-01 9.238224e-01 9.323514e-01 9.432537e-01 9.502947e-01 9.590477e-01 9.617200e-01 9.903726e-01 9.917012e-01 1.009425e+00 1.014551e+00 1.033384e+00 1.050654e+00 1.076106e+00 1.097623e+00 
127 1779 1.697267e-01 1.099990e+00 8.168492e-01 8.168492e-01 8.218783e-01 8.265830e-01 8.309123e-01 8.365640e-01 8.409564e-01 8.509412e-01 8.531611e-01 8.593900e-01 8.622228e-01 8.720057e-01 8.728900e-01 8.806648e-01 8.842379e-01 8.897821e-01 8.997033e-01 9.036380e-01 9.077705e-01 9.136247e-01 9.148200e-01 9.223983e-01 9.315175e-01 9.428877e-01 9.497683e-01 9.568115e-01 9.619791e-01 9.886628e-01 9.912472e-01 1.007802e+00 1.013403e+00 1.030901e+00 1.052113e+00 1.077280e+00 1.099990e+00 
128 1793 1.619599e-01 1.101546e+00 8.165888e-01 8.165888e-01 8.198733e-01 8.256339e-01 8.293123e-01 8.354697e-01 8.406136e-01 8.497633e-01 8.514626e-01 8.589983e-01 8.620949e-01 8.704946e-01 8.717326e-01 8.787476e-01 8.829676e-01 8.884686e-01 8.979815e-01 9.040602e-01 9.085619e-01 9.121329e-01 9.156095e-01 9.207849e-01 9.304328e-01 9.456564e-01 9.502845e-01 9.566316e-01 9.641608e-01 9.878089e-01 9.893623e-01 1.010552e+00 1.011983e+00 1.028630e+00 1.051733e+00 1.076862e+00 1.101546e+00 
129 1807 1.582153e-01 1.111318e+00 8.155863e-01 8.155863e-01 8.191241e-01 8.242269e-01 8.298582e-01 8.345251e-01 8.389261e-01 8.479718e-01 8.504425e-01 8.607082e-01 8.616355e-01 8.691469e-01 8.695775e-01 8.771151e-01 8.830334e-01 8.884129e-01 8.959329e-01 9.019510e-01 9.064422e-01 9.102635e-01 9.153798e-01 9.202601e-01 9.291963e-01 9.452419e-01 9.492728e-01 9.544864e-01 9.657071e-01 9.867844e-01 9.880852e-01 1.008391e+00 1.012091e+00 1.027416e+00 1.050590e+00 1.075267e+00 1.111318e+00 
130 1821 1.539607e-01 1.113308e+00 8.144620e-01 8.144620e-01 8.176492e-01 8.232478e-01 8.287072e-01 8.338084e-01 8.377109e-01 8.458585e-01 8.511799e-01 8.604437e-01 8.621738e-01 8.682744e-01 8.687726e-01 8.754946e-01 8.823115e-01 8.875700e-01 8.947383e-01 9.017172e-01 9.061708e-01 9.095481e-01 9.143173e-01 9.206138e-01 9.277184e-01 9.443366e-01 9.483268e-01 9.526094e-01 9.651491e-01 9.847360e-01 9.875307e-01 1.006199e+00 1.012227e+00 1.026051e+00 1.049916e+00 1.080942e+00 1.113308e+00 
131 1835 1.513248e-01 1.113959e+00 8.131380e-01 8.131380e-01 8.159955e-01 8.218968e-01 8.289227e-01 8.329841e-01 8.367546e-01 8.465836e-01 8.504393e-01 8.588651e-01 8.607610e-01 8.679109e-01 8.687008e-01 8.739409e-01 8.814767e-01 8.878586e-01 8.933727e-01 9.015891e-01 9.059078e-01 9.111453e-01 9.152264e-01 9.234091e-01 9.263461e-01 9.426688e-01 9.489688e-01 9.512681e-01 9.648023e-01 9.850824e-01 9.882072e-01 1.004734e+00 1.012132e+00 1.024667e+00 1.048069e+00 1.081989e+00 1.113959e+00 
132 1849 1.462711e-01 1.113249e+00 8.123555e-01 8.123555e-01 8.145598e-01 8.206284e-01 8.285506e-01 8.323714e-01 8.357789e-01 8.458179e-01 8.502220e-01 8.580303e-01 8.595870e-01 8.673526e-01 8.677883e-01 8.727842e-01 8.800903e-01 8.866459e-01 8.924906e-01 9.007932e-01 9.045104e-01 9.102696e-01 9.138676e-01 9.231479e-01 9.258079e-01 9.410955e-01 9.475573e-01 9.513646e-01 9.669524e-01 9.836744e-01 9.887440e-01 1.004192e+00 1.011172e+00 1.025320e+00 1.048331e+00 1.082306e+00 1.113249e+00 
133 1863 1.970021e-01 1.113225e+00 8.108801e-01 8.108801e-01 8.130977e-01 8.186425e-01 8.268101e-01 8.324152e-01 8.346953e-01 8.456527e-01 8.512570e-01 8.563708e-01 8.582782e-01 8.664886e-01 8.679121e-01 8.733865e-01 8.787225e-01 8.850361e-01 8.914309e-01 8.996224e-01 9.046907e-01 9.091082e-01 9.141757e-01 9.217507e-01 9.262039e-01 9.426013e-01 9.479641e-01 9.531684e-01 9.657025e-01 9.842519e-01 9.866583e-01 1.004056e+00 1.011881e+00 1.023148e+00 1.049167e+00 1.082915e+00 1.113225e+00 
134 1877 1.907015e-01 1.112339e+00 8.107503e-01 8.107503e-01 8.112803e-01 8.182770e-01 8.264912e-01 8.312370e-01 8.347380e-01 8.454448e-01 8.516847e-01 8.560733e-01 8.563835e-01 8.667209e-01 8.691046e-01 8.722855e-01 8.785276e-01 8.834250e-01 8.901415e-01 8.979407e-01 9.049840e-01 9.088780e-01 9.165142e-01 9.208517e-01 9.269805e-01 9.419684e-01 9.469191e-01 9.557506e-01 9.658438e-01 9.828031e-01 9.846947e-01 1.002720e+00 1.011699e+00 1.027170e+00 1.047818e+00 1.081181e+00 1.112339e+00 
135 1891 1.858303e-01 1.111898e+00 8.093802e-01 8.093802e-01 8.102252e-01 8.178579e-01 8.265772e-01 8.315436e-01 8.341781e-01 8.463995e-01 8.500173e-01 8.540758e-01 8.554138e-01 8.656826e-01 8.701964e-01 8.706357e-01 8.773601e-01 8.820149e-01 8.883919e-01 8.970293e-01 9.027142e-01 9.087398e-01 9.151095e-01 9.199101e-01 9.264633e-01 9.407493e-01 9.448499e-01 9.557963e-01 9.637444e-01 9.817638e-01 9.857570e-01 1.005081e+00 1.013582e+00 1.030506e+00 1.048511e+00 1.079335e+00 1.111898e+00 
136 1905 2.514075e-01 1.110172e+00 8.084652e-01 8.084652e-01 8.092367e-01 8.198516e-01 8.252391e-01 8.329518e-01 8.338097e-01 8.456916e-01 8.486931e-01 8.531048e-01 8.540711e-01 8.638931e-01 8.704172e-01 8.721797e-01 8.762649e-01 8.817659e-01 8.874754e-01 8.957326e-01 9.013731e-01 9.100500e-01 9.135936e-01 9.207858e-01 9.256128e-01 9.403407e-01 9.456694e-01 9.548164e-01 9.630031e-01 9.802255e-01 9.852880e-01 1.007415e+00 1.012786e+00 1.030487e+00 1.047638e+00 1.077161e+00 1.110172e+00 
137 1919 2.437204e-01 1.108524e+00 8.072294e-01 8.072294e-01 8.087824e-01 8.190327e-01 8.265446e-01 8.314229e-01 8.319396e-01 8.443477e-01 8.482533e-01 8.520787e-01 8.537396e-01 8.625012e-01 8.701976e-01 8.720619e-01 8.747870e-01 8.817831e-01 8.856419e-01 8.954123e-01 9.016097e-01 9.086232e-01 9.123846e-01 9.198279e-01 9.237456e-01 9.402505e-01 9.455707e-01 9.540841e-01 9.613191e-01 9.805217e-01 9.845480e-01 1.009232e+00 1.011964e+00 1.028364e+00 1.047195e+00 1.075489e+00 1.108524e+00 
138 1933 2.363765e-01 1.105686e+00 8.058209e-01 8.058209e-01 8.082064e-01 8.194655e-01 8.249034e-01 8.299724e-01 8.324278e-01 8.438704e-01 8.476338e-01 8.502713e-01 8.540530e-01 8.608790e-01 8.689342e-01 8.729856e-01 8.756697e-01 8.822286e-01 8.841108e-01 8.957132e-01 9.017975e-01 9.073578e-01 9.129048e-01 9.186141e-01 9.225410e-01 9.395929e-01 9.452026e-01 9.560489e-01 9.608341e-01 9.792862e-01 9.833901e-01 1.007970e+00 1.010555e+00 1.027236e+00 1.045342e+00 1.074423e+00 1.105686e+00 
139 1947 2.322875e-01 1.105823e+00 8.052940e-01 8.052940e-01 8.090313e-01 8.183694e-01 8.251816e-01 8.281572e-01 8.313958e-01 8.424675e-01 8.475140e-01 8.487691e-01 8.526387e-01 8.602139e-01 8.669028e-01 8.724819e-01 8.742669e-01 8.807722e-01 8.864527e-01 8.947335e-01 9.006054e-01 9.051934e-01 9.149005e-01 9.204992e-01 9.231071e-01 9.428524e-01 9.441609e-01 9.598306e-01 9.602721e-01 9.785619e-01 9.855853e-01 1.007709e+00 1.009494e+00 1.029324e+00 1.044109e+00 1.072186e+00 1.105823e+00 
140 1961 2.277339e-01 1.106744e+00 8.038192e-01 8.038192e-01 8.078132e-01 8.203875e-01 8.235214e-01 8.271266e-01 8.309420e-01 8.410788e-01 8.456338e-01 8.472596e-01 8.513951e-01 8.604023e-01 8.667442e-01 8.720875e-01 8.738288e-01 8.790566e-01 8.849769e-01 8.929624e-01 9.016438e-01 9.044822e-01 9.140815e-01 9.189436e-01 9.224926e-01 9.421400e-01 9.436453e-01 9.593627e-01 9.613504e-01 9.782030e-01 9.851620e-01 1.005428e+00 1.009622e+00 1.029808e+00 1.045412e+00 1.070365e+00 1.106744e+00 
141 1975 2.225983e-01 1.104537e+00 8.042654e-01 8.042654e-01 8.071425e-01 8.194161e-01 8.216959e-01 8.253947e-01 8.297483e-01 8.399088e-01 8.444576e-01 8.462254e-01 8.514184e-01 8.595179e-01 8.660043e-01 8.710655e-01 8.740959e-01 8.777927e-01 8.867376e-01 8.947294e-01 9.008370e-01 9.025095e-01 9.131301e-01 9.204568e-01 9.209508e-01 9.404522e-01 9.421228e-01 9.578721e-01 9.601759e-01 9.775172e-01 9.892385e-01 1.003078e+00 1.008599e+00 1.031984e+00 1.045024e+00 1.072143e+00 1.104537e+00 
142 1989 2.146882e-01 1.102886e+00 8.035318e-01 8.035318e-01 8.055507e-01 8.190365e-01 8.197943e-01 8.234470e-01 8.280913e-01 8.387868e-01 8.429119e-01 8.456338e-01 8.516252e-01 8.583671e-01 8.683976e-01 8.699046e-01 8.729118e-01 8.764719e-01 8.857256e-01 8.935846e-01 9.000274e-01 9.007836e-01 9.122373e-01 9.187109e-01 9.201623e-01 9.387197e-01 9.409194e-01 9.572915e-01 9.586195e-01 9.761339e-01 9.901252e-01 1.001674e+00 1.007653e+00 1.030785e+00 1.046459e+00 1.073725e+00 1.102886e+00 
143 2003 2.078874e-01 1.101551e+00 8.015920e-01 8.015920e-01 8.061881e-01 8.181268e-01 8.188036e-01 8.217338e-01 8.275024e-01 8.388027e-01 8.415440e-01 8.452652e-01 8.499262e-01 8.575012e-01 8.668980e-01 8.683150e-01 8.739626e-01 8.756674e-01 8.839695e-01 8.926848e-01 8.989219e-01 9.005815e-01 9.112812e-01 9.169030e-01 9.204720e-01 9.373511e-01 9.405870e-01 9.554858e-01 9.595788e-01 9.764317e-01 9.908137e-01 1.000094e+00 1.006690e+00 1.029977e+00 1.047804e+00 1.073121e+00 1.101551e+00 
144 2017 1.987992e-01 1.100639e+00 8.022886e-01 8.022886e-01 8.046110e-01 8.172535e-01 8.176607e-01 8.229889e-01 8.270699e-01 8.374881e-01 8.405363e-01 8.447632e-01 8.489598e-01 8.567971e-01 8.661987e-01 8.667098e-01 8.737507e-01 8.741943e-01 8.823773e-01 8.921074e-01 8.970431e-01 8.994031e-01 9.115339e-01 9.156080e-01 9.209136e-01 9.358569e-01 9.386953e-01 9.550623e-01 9.586904e-01 9.771795e-01 9.887925e-01 9.984792e-01 1.006792e+00 1.028755e+00 1.050851e+00 1.070951e+00 1.100639e+00 
145 2031 2.695545e-01 1.098225e+00 8.007701e-01 8.007701e-01 8.033941e-01 8.156063e-01 8.167288e-01 8.211007e-01 8.278493e-01 8.363457e-01 8.390457e-01 8.439028e-01 8.473183e-01 8.554292e-01 8.642540e-01 8.665330e-01 8.725946e-01 8.747943e-01 8.814802e-01 8.911692e-01 8.953509e-01 8.994034e-01 9.123237e-01 9.135475e-01 9.214482e-01 9.354747e-01 9.417189e-01 9.528232e-01 9.574600e-01 9.754427e-01 9.890213e-01 9.968264e-01 1.005048e+00 1.030599e+00 1.048809e+00 1.071683e+00 1.098225e+00 
146 2045 2.605910e-01 1.096903e+00 7.991410e-01 7.991410e-01 8.017592e-01 8.148693e-01 8.158702e-01 8.198390e-01 8.265494e-01 8.341549e-01 8.371967e-01 8.420617e-01 8.453900e-01 8.549388e-01 8.631443e-01 8.661706e-01 8.711277e-01 8.745339e-01 8.802095e-01 8.906970e-01 8.946738e-01 9.062489e-01 9.104610e-01 9.125369e-01 9.215221e-01 9.356244e-01 9.443679e-01 9.514497e-01 9.565462e-01 9.754586e-01 9.882347e-01 9.951228e-01 1.003290e+00 1.029353e+00 1.047420e+00 1.070848e+00 1.096903e+00 
147 2059 2.502732e-01 1.095291e+00 7.979272e-01 7.979272e-01 8.001998e-01 8.137538e-01 8.153183e-01 8.193400e-01 8.252388e-01 8.323631e-01 8.365411e-01 8.406985e-01 8.432941e-01 8.554746e-01 8.616575e-01 8.662461e-01 8.727155e-01 8.739571e-01 8.795261e-01 8.910614e-01 8.948535e-01 9.054453e-01 9.083019e-01 9.111636e-01 9.239704e-01 9.340915e-01 9.445940e-01 9.501961e-01 9.547319e-01 9.747294e-01 9.869464e-01 9.933812e-01 1.003750e+00 1.028338e+00 1.045652e+00 1.069815e+00 1.095291e+00 
148 2073 2.404635e-01 1.093234e+00 7.983539e-01 7.983539e-01 7.990286e-01 8.131999e-01 8.145120e-01 8.178924e-01 8.248056e-01 8.311407e-01 8.353783e-01 8.412612e-01 8.425298e-01 8.540172e-01 8.600949e-01 8.650018e-01 8.707306e-01 8.745525e-01 8.775973e-01 8.910608e-01 8.941684e-01 9.040889e-01 9.069032e-01 9.124921e-01 9.240255e-01 9.320567e-01 9.438996e-01 9.500556e-01 9.539993e-01 9.727042e-01 9.864939e-01 9.912142e-01 1.003093e+00 1.029867e+00 1.046620e+00 1.068710e+00 1.093234e+00 
149 2087 2.326435e-01 1.091880e+00 7.969663e-01 7.969663e-01 7.989351e-01 8.115785e-01 8.127927e-01 8.168476e-01 8.235215e-01 8.315545e-01 8.336292e-01 8.400794e-01 8.408734e-01 8.534434e-01 8.584281e-01 8.636868e-01 8.698499e-01 8.733130e-01 8.755607e-01 8.904948e-01 8.933978e-01 9.030163e-01 9.052424e-01 9.122580e-01 9.242254e-01 9.299558e-01 9.447709e-01 9.517128e-01 9.525621e-01 9.724953e-01 9.856034e-01 9.913739e-01 1.001052e+00 1.029371e+00 1.045667e+00 1.067978e+00 1.091880e+00 
150 2101 2.271903e-01 1.090369e+00 7.962016e-01 7.962016e-01 8.008974e-01 8.105245e-01 8.113088e-01 8.161787e-01 8.228934e-01 8.295377e-01 8.319633e-01 8.385473e-01 8.398604e-01 8.519446e-01 8.588164e-01 8.638381e-01 8.679181e-01 8.732002e-01 8.757799e-01 8.915839e-01 8.931349e-01 9.019929e-01 9.043423e-01 9.149948e-01 9.257357e-01 9.282565e-01 9.440328e-01 9.529907e-01 9.613618e-01 9.727543e-01 9.837208e-01 9.899513e-01 1.000265e+00 1.028633e+00 1.043541e+00 1.066532e+00 1.090369e+00 
151 2115 2.226867e-01 1.091009e+00 7.961126e-01 7.961126e-01 7.998307e-01 8.089720e-01 8.099983e-01 8.143102e-01 8.210692e-01 8.310095e-01 8.314061e-01 8.384911e-01 8.406706e-01 8.522176e-01 8.578669e-01 8.632416e-01 8.659296e-01 8.711839e-01 8.775965e-01 8.896201e-01 8.931725e-01 9.019481e-01 9.039993e-01 9.143464e-01 9.247177e-01 9.313786e-01 9.423502e-01 9.538822e-01 9.637773e-01 9.716064e-01 9.815450e-01 9.940965e-01 9.998735e-01 1.028130e+00 1.044981e+00 1.067451e+00 1.091009e+00 
152 2129 2.168553e-01 1.089408e+00 7.949805e-01 7.949805e-01 7.986490e-01 8.073769e-01 8.098590e-01 8.123523e-01 8.198702e-01 8.290397e-01 8.307331e-01 8.369022e-01 8.397415e-01 8.509603e-01 8.585762e-01 8.633957e-01 8.639859e-01 8.697182e-01 8.774980e-01 8.879400e-01 8.933365e-01 9.023865e-01 9.040507e-01 9.136812e-01 9.236758e-01 9.310042e-01 9.414818e-01 9.534630e-01 9.648270e-01 9.708092e-01 9.793875e-01 9.951915e-01 9.985752e-01 1.028018e+00 1.045297e+00 1.066234e+00 1.089408e+00 
153 2143 2.135134e-01 1.087271e+00 7.930146e-01 7.930146e-01 7.975372e-01 8.065000e-01 8.094178e-01 8.127169e-01 8.200013e-01 8.272131e-01 8.295083e-01 8.378400e-01 8.386840e-01 8.505399e-01 8.568596e-01 8.618617e-01 8.632288e-01 8.697677e-01 8.757865e-01 8.870898e-01 8.912863e-01 9.008756e-01 9.082243e-01 9.176110e-01 9.227690e-01 9.323494e-01 9.404055e-01 9.513658e-01 9.650703e-01 9.742682e-01 9.824835e-01 9.967538e-01 9.970108e-01 1.025640e+00 1.043296e+00 1.068041e+00 1.087271e+00 
154 2157 2.050027e-01 1.085346e+00 7.931479e-01 7.931479e-01 7.962364e-01 8.050041e-01 8.093288e-01 8.131633e-01 8.187856e-01 8.262526e-01 8.285086e-01 8.374409e-01 8.392458e-01 8.486467e-01 8.560627e-01 8.602799e-01 8.630854e-01 8.684210e-01 8.756596e-01 8.855261e-01 8.912636e-01 9.013530e-01 9.104485e-01 9.176090e-01 9.221400e-01 9.335228e-01 9.401421e-01 9.508352e-01 9.639417e-01 9.729772e-01 9.822531e-01 9.952792e-01 9.996580e-01 1.023676e+00 1.041103e+00 1.067431e+00 1.085346e+00 
155 2171 1.971494e-01 1.083873e+00 7.914754e-01 7.914754e-01 7.948252e-01 8.035281e-01 8.080640e-01 8.119461e-01 8.178666e-01 8.246461e-01 8.268665e-01 8.371385e-01 8.380958e-01 8.465117e-01 8.551079e-01 8.601966e-01 8.621423e-01 8.674692e-01 8.753603e-01 8.847985e-01 8.898591e-01 9.006359e-01 9.105178e-01 9.164121e-01 9.211297e-01 9.351698e-01 9.382626e-01 9.500566e-01 9.636922e-01 9.714330e-01 9.830602e-01 9.936105e-01 9.990039e-01 1.023224e+00 1.041177e+00 1.066287e+00 1.083873e+00 
156 2185 1.907518e-01 1.082126e+00 7.896984e-01 7.896984e-01 7.932568e-01 8.020036e-01 8.064789e-01 8.122576e-01 8.163802e-01 8.239597e-01 8.258543e-01 8.356218e-01 8.379074e-01 8.472170e-01 8.543784e-01 8.598327e-01 8.641109e-01 8.663514e-01 8.745814e-01 8.842826e-01 8.927641e-01 9.002348e-01 9.095554e-01 9.184485e-01 9.199337e-01 9.344211e-01 9.374172e-01 9.495559e-01 9.619118e-01 9.708995e-01 9.812612e-01 9.941139e-01 1.002110e+00 1.022705e+00 1.040996e+00 1.064972e+00 1.082126e+00 
157 2199 1.862640e-01 1.080750e+00 7.890647e-01 7.890647e-01 7.918499e-01 8.010455e-01 8.095933e-01 8.119241e-01 8.146287e-01 8.224468e-01 8.266230e-01 8.341927e-01 8.368691e-01 8.456744e-01 8.551071e-01 8.584360e-01 8.625068e-01 8.671729e-01 8.727764e-01 8.831259e-01 8.932093e-01 8.990922e-01 9.093353e-01 9.175674e-01 9.194855e-01 9.345223e-01 9.402643e-01 9.483800e-01 9.619627e-01 9.723786e-01 9.819111e-01 9.920308e-01 1.001798e+00 1.022082e+00 1.040623e+00 1.068775e+00 1.080750e+00 
158 2213 1.830412e-01 1.078846e+00 7.879219e-01 7.879219e-01 7.905061e-01 7.991046e-01 8.081608e-01 8.107043e-01 8.148177e-01 8.207486e-01 8.253231e-01 8.331480e-01 8.357141e-01 8.444190e-01 8.537564e-01 8.574459e-01 8.615050e-01 8.704877e-01 8.707147e-01 8.817362e-01 8.946673e-01 8.976689e-01 9.098822e-01 9.159741e-01 9.217087e-01 9.328962e-01 9.410321e-01 9.477021e-01 9.635199e-01 9.741059e-01 9.803272e-01 9.896406e-01 1.003123e+00 1.020775e+00 1.040219e+00 1.067704e+00 1.078846e+00 
159 2227 1.774849e-01 1.077622e+00 7.864729e-01 7.864729e-01 7.897445e-01 7.996288e-01 8.063370e-01 8.106263e-01 8.184673e-01 8.188946e-01 8.264311e-01 8.314594e-01 8.355604e-01 8.431670e-01 8.517681e-01 8.572800e-01 8.629420e-01 8.690473e-01 8.696103e-01 8.837025e-01 8.929698e-01 8.969716e-01 9.090865e-01 9.137774e-01 9.202619e-01 9.310101e-01 9.405828e-01 9.472136e-01 9.630186e-01 9.733422e-01 9.786146e-01 9.876725e-01 1.000786e+00 1.019279e+00 1.040541e+00 1.065884e+00 1.077622e+00 
160 2241 1.715517e-01 1.081748e+00 7.862933e-01 7.862933e-01 7.880095e-01 7.983475e-01 8.045804e-01 8.090332e-01 8.174066e-01 8.196328e-01 8.272759e-01 8.303995e-01 8.341133e-01 8.422679e-01 8.509834e-01 8.578569e-01 8.644539e-01 8.673071e-01 8.693940e-01 8.825482e-01 8.923376e-01 8.967130e-01 9.095389e-01 9.128148e-01 9.200757e-01 9.291589e-01 9.394172e-01 9.462718e-01 9.642042e-01 9.734436e-01 9.783886e-01 9.861926e-01 9.995347e-01 1.017263e+00 1.039776e+00 1.066033e+00 1.081748e+00 
161 2255 2.313280e-01 1.083951e+00 7.848035e-01 7.848035e-01 7.867185e-01 8.017578e-01 8.036335e-01 8.072907e-01 8.160881e-01 8.182135e-01 8.269079e-01 8.298212e-01 8.329982e-01 8.422786e-01 8.502068e-01 8.572969e-01 8.634611e-01 8.661714e-01 8.701920e-01 8.807180e-01 8.908499e-01 8.969995e-01 9.088675e-01 9.115564e-01 9.193682e-01 9.293650e-01 9.373207e-01 9.440026e-01 9.635525e-01 9.720665e-01 9.793626e-01 9.850111e-01 9.984188e-01 1.015189e+00 1.046287e+00 1.069336e+00 1.083951e+00 
162 2269 2.255811e-01 1.083874e+00 7.833913e-01 7.833913e-01 7.857654e-01 8.008962e-01 8.026880e-01 8.056095e-01 8.146324e-01 8.172239e-01 8.263304e-01 8.300933e-01 8.322510e-01 8.424450e-01 8.485953e-01 8.561815e-01 8.616424e-01 8.646690e-01 8.724307e-01 8.786617e-01 8.899132e-01 8.952488e-01 9.082906e-01 9.106470e-01 9.203307e-01 9.301721e-01 9.354305e-01 9.474616e-01 9.681402e-01 9.707304e-01 9.791033e-01 9.844848e-01 9.988246e-01 1.013227e+00 1.045151e+00 1.069690e+00 1.083874e+00 
163 2283 2.187972e-01 1.082149e+00 7.825265e-01 7.825265e-01 7.851332e-01 7.991569e-01 8.019261e-01 8.061282e-01 8.141533e-01 8.173866e-01 8.251905e-01 8.293033e-01 8.320120e-01 8.412034e-01 8.509130e-01 8.545425e-01 8.608931e-01 8.651557e-01 8.724074e-01 8.814250e-01 8.884267e-01 8.934549e-01 9.067735e-01 9.104764e-01 9.199358e-01 9.287675e-01 9.338130e-01 9.463250e-01 9.677088e-01 9.690281e-01 9.817212e-01 9.837751e-01 1.000072e+00 1.011751e+00 1.044215e+00 1.068952e+00 1.082149e+00 
164 2297 2.109629e-01 1.080585e+00 7.813959e-01 7.813959e-01 7.863219e-01 7.981701e-01 8.005037e-01 8.074475e-01 8.135041e-01 8.163969e-01 8.236346e-01 8.298256e-01 8.305613e-01 8.405262e-01 8.493441e-01 8.531660e-01 8.605017e-01 8.642584e-01 8.714078e-01 8.805231e-01 8.867750e-01 8.927643e-01 9.049753e-01 9.085121e-01 9.201075e-01 9.270407e-01 9.328078e-01 9.448036e-01 9.663123e-01 9.712705e-01 9.798641e-01 9.827260e-01 1.001927e+00 1.010393e+00 1.042143e+00 1.067494e+00 1.080585e+00 
165 2311 2.033926e-01 1.078634e+00 7.805137e-01 7.805137e-01 7.862528e-01 7.969571e-01 7.986052e-01 8.069285e-01 8.129162e-01 8.170249e-01 8.214932e-01 8.284030e-01 8.327563e-01 8.408101e-01 8.493243e-01 8.513383e-01 8.609287e-01 8.644452e-01 8.727296e-01 8.792089e-01 8.848266e-01 8.907359e-01 9.054285e-01 9.083681e-01 9.188099e-01 9.255355e-01 9.308892e-01 9.437313e-01 9.645291e-01 9.713217e-01 9.790391e-01 9.815990e-01 1.001180e+00 1.009428e+00 1.040128e+00 1.067112e+00 1.078634e+00 
166 2325 1.953129e-01 1.076824e+00 7.795208e-01 7.795208e-01 7.858947e-01 7.957675e-01 7.972438e-01 8.060565e-01 8.118050e-01 8.173003e-01 8.210112e-01 8.272978e-01 8.310487e-01 8.404930e-01 8.478625e-01 8.504178e-01 8.608306e-01 8.641583e-01 8.746603e-01 8.775962e-01 8.834361e-01 8.890692e-01 9.047158e-01 9.080886e-01 9.178803e-01 9.236624e-01 9.293084e-01 9.423374e-01 9.643358e-01 9.703077e-01 9.767233e-01 9.801821e-01 9.996296e-01 1.007923e+00 1.039719e+00 1.067610e+00 1.076824e+00 
167 2339 1.866799e-01 1.075806e+00 7.789259e-01 7.789259e-01 7.854339e-01 7.939913e-01 7.962017e-01 8.052441e-01 8.106170e-01 8.166432e-01 8.200290e-01 8.289768e-01 8.298983e-01 8.399080e-01 8.466844e-01 8.491986e-01 8.596722e-01 8.634264e-01 8.732982e-01 8.771749e-01 8.815494e-01 8.874510e-01 9.047432e-01 9.067145e-01 9.171258e-01 9.220833e-01 9.275427e-01 9.432070e-01 9.628131e-01 9.732503e-01 9.745774e-01 9.786895e-01 9.979021e-01 1.006744e+00 1.042067e+00 1.066542e+00 1.075806e+00 
168 2353 1.792816e-01 1.074184e+00 7.791453e-01 7.791453e-01 7.845361e-01 7.927833e-01 7.968311e-01 8.040450e-01 8.091636e-01 8.158714e-01 8.193021e-01 8.280049e-01 8.286652e-01 8.381971e-01 8.464562e-01 8.497233e-01 8.590842e-01 8.622841e-01 8.725322e-01 8.785490e-01 8.818873e-01 8.879650e-01 9.047843e-01 9.073858e-01 9.152162e-01 9.209594e-01 9.277652e-01 9.427897e-01 9.624648e-01 9.727430e-01 9.743262e-01 9.795648e-01 9.966179e-01 1.009219e+00 1.040867e+00 1.065233e+00 1.074184e+00 
169 2367 1.727609e-01 1.072931e+00 7.788336e-01 7.788336e-01 7.830859e-01 7.922726e-01 7.957311e-01 8.028195e-01 8.082433e-01 8.142966e-01 8.194320e-01 8.261577e-01 8.302344e-01 8.363092e-01 8.446794e-01 8.484437e-01 8.572345e-01 8.621460e-01 8.719528e-01 8.782840e-01 8.815444e-01 8.875730e-01 9.040527e-01 9.082414e-01 9.140888e-01 9.198866e-01 9.277288e-01 9.428997e-01 9.627226e-01 9.713509e-01 9.752362e-01 9.776830e-01 9.975297e-01 1.006682e+00 1.039881e+00 1.064508e+00 1.072931e+00 
170 2381 1.673887e-01 1.071454e+00 7.806744e-01 7.806744e-01 7.819539e-01 7.912040e-01 7.946263e-01 8.015016e-01 8.082068e-01 8.124456e-01 8.183446e-01 8.254038e-01 8.297869e-01 8.365125e-01 8.431182e-01 8.463505e-01 8.574003e-01 8.609579e-01 8.709240e-01 8.789032e-01 8.811463e-01 8.892509e-01 9.041760e-01 9.073602e-01 9.135960e-01 9.193175e-01 9.260171e-01 9.433681e-01 9.637056e-01 9.720505e-01 9.741442e-01 9.768564e-01 9.991790e-01 1.005329e+00 1.039933e+00 1.061890e+00 1.071454e+00 
171 2395 2.240042e-01 1.069944e+00 7.796317e-01 7.796317e-01 7.806202e-01 7.900296e-01 7.936101e-01 7.999981e-01 8.083935e-01 8.108279e-01 8.170732e-01 8.243404e-01 8.283095e-01 8.376246e-01 8.411855e-01 8.444586e-01 8.569598e-01 8.600492e-01 8.712794e-01 8.777640e-01 8.816874e-01 8.889983e-01 9.021905e-01 9.056526e-01 9.130840e-01 9.195559e-01 9.245578e-01 9.434642e-01 9.631870e-01 9.716144e-01 9.748827e-01 9.773123e-01 9.989968e-01 1.006454e+00 1.039630e+00 1.060618e+00 1.069944e+00 
172 2409 2.170393e-01 1.068501e+00 7.775988e-01 7.775988e-01 7.797256e-01 7.897478e-01 7.926024e-01 7.991810e-01 8.070593e-01 8.097531e-01 8.172594e-01 8.229783e-01 8.278986e-01 8.366950e-01 8.395148e-01 8.431210e-01 8.568045e-01 8.589342e-01 8.700992e-01 8.782990e-01 8.824761e-01 8.874812e-01 9.005375e-01 9.087793e-01 9.118472e-01 9.182195e-01 9.264267e-01 9.434817e-01 9.615699e-01 9.705874e-01 9.726929e-01 9.766850e-01 9.979231e-01 1.006713e+00 1.039598e+00 1.059490e+00 1.068501e+00 
173 2423 2.100451e-01 1.067366e+00 7.768920e-01 7.768920e-01 7.780632e-01 7.887359e-01 7.919579e-01 7.982342e-01 8.051603e-01 8.091771e-01 8.157622e-01 8.220872e-01 8.273543e-01 8.354468e-01 8.380455e-01 8.417930e-01 8.551763e-01 8.570977e-01 8.689397e-01 8.786179e-01 8.822921e-01 8.860772e-01 9.001047e-01 9.071646e-01 9.120208e-01 9.173936e-01 9.269025e-01 9.453073e-01 9.603048e-01 9.684516e-01 9.711929e-01 9.758637e-01 9.971645e-01 1.005180e+00 1.040033e+00 1.058416e+00 1.067366e+00 
174 2437 2.041550e-01 1.066446e+00 7.756499e-01 7.756499e-01 7.770291e-01 7.870743e-01 7.912272e-01 7.987975e-01 8.040888e-01 8.102365e-01 8.140442e-01 8.209884e-01 8.257044e-01 8.351854e-01 8.387351e-01 8.432209e-01 8.543008e-01 8.554015e-01 8.677584e-01 8.780515e-01 8.821536e-01 8.909084e-01 8.987855e-01 9.083960e-01 9.132796e-01 9.187288e-01 9.255230e-01 9.450464e-01 9.593820e-01 9.667063e-01 9.710666e-01 9.742765e-01 9.963037e-01 1.003555e+00 1.040219e+00 1.057426e+00 1.066446e+00 
175 2451 2.005207e-01 1.065846e+00 7.739323e-01 7.739323e-01 7.760172e-01 7.851979e-01 7.901615e-01 7.973312e-01 8.039198e-01 8.109435e-01 8.122431e-01 8.195390e-01 8.248204e-01 8.331615e-01 8.374050e-01 8.447703e-01 8.533893e-01 8.581620e-01 8.690401e-01 8.760920e-01 8.814046e-01 8.903389e-01 8.972884e-01 9.073314e-01 9.120265e-01 9.216499e-01 9.235703e-01 9.449660e-01 9.570975e-01 9.657509e-01 9.710833e-01 9.733645e-01 9.954296e-01 1.003195e+00 1.041112e+00 1.057276e+00 1.065846e+00 
176 2465 1.948590e-01 1.066517e+00 7.725014e-01 7.725014e-01 7.745510e-01 7.844068e-01 7.887516e-01 7.958417e-01 8.028436e-01 8.104245e-01 8.116290e-01 8.174619e-01 8.242472e-01 8.321333e-01 8.366874e-01 8.438978e-01 8.525593e-01 8.588779e-01 8.681887e-01 8.766519e-01 8.815546e-01 8.894159e-01 8.958787e-01 9.066152e-01 9.126174e-01 9.210733e-01 9.271081e-01 9.474660e-01 9.561399e-01 9.644398e-01 9.691793e-01 9.735311e-01 9.938392e-01 1.001769e+00 1.040298e+00 1.054762e+00 1.066517e+00 
177 2479 1.903208e-01 1.065291e+00 7.719309e-01 7.719309e-01 7.741434e-01 7.835890e-01 7.891880e-01 7.942722e-01 8.009272e-01 8.092556e-01 8.117815e-01 8.167430e-01 8.242836e-01 8.314019e-01 8.354768e-01 8.431840e-01 8.513829e-01 8.577990e-01 8.678814e-01 8.765467e-01 8.797049e-01 8.892212e-01 8.947329e-01 9.074807e-01 9.103205e-01 9.200286e-01 9.269758e-01 9.466281e-01 9.542946e-01 9.626310e-01 9.675415e-01 9.732045e-01 9.936329e-01 1.002686e+00 1.039650e+00 1.056042e+00 1.065291e+00 
178 2493 1.839684e-01 1.064624e+00 7.702872e-01 7.702872e-01 7.750698e-01 7.845491e-01 7.892058e-01 7.940989e-01 8.002478e-01 8.090996e-01 8.115910e-01 8.158917e-01 8.238836e-01 8.304671e-01 8.346602e-01 8.419531e-01 8.493203e-01 8.573529e-01 8.670453e-01 8.751683e-01 8.778478e-01 8.879550e-01 8.930167e-01 9.063568e-01 9.091612e-01 9.183731e-01 9.268500e-01 9.463044e-01 9.541895e-01 9.608712e-01 9.673412e-01 9.715356e-01 9.918013e-01 1.001003e+00 1.038019e+00 1.057029e+00 1.064624e+00 
179 2507 2.521136e-01 1.063570e+00 7.711640e-01 7.711640e-01 7.758108e-01 7.834165e-01 7.886750e-01 7.947743e-01 7.994297e-01 8.085251e-01 8.123073e-01 8.145152e-01 8.241652e-01 8.288847e-01 8.335457e-01 8.432068e-01 8.501054e-01 8.561396e-01 8.650154e-01 8.732692e-01 8.791425e-01 8.863614e-01 8.941818e-01 9.054112e-01 9.092625e-01 9.169976e-01 9.272292e-01 9.482396e-01 9.532702e-01 9.623762e-01 9.656132e-01 9.714214e-01 9.905675e-01 9.995588e-01 1.036052e+00 1.056379e+00 1.063570e+00 
180 2521 2.532920e-01 1.067528e+00 7.698776e-01 7.698776e-01 7.762885e-01 7.819280e-01 7.871038e-01 7.938201e-01 7.981069e-01 8.064188e-01 8.110352e-01 8.154783e-01 8.228790e-01 8.284362e-01 8.316735e-01 8.422516e-01 8.489426e-01 8.553921e-01 8.648009e-01 8.724020e-01 8.789049e-01 8.846458e-01 8.949348e-01 9.051347e-01 9.084806e-01 9.164668e-01 9.285107e-01 9.490938e-01 9.549132e-01 9.602019e-01 9.692211e-01 9.699485e-01 9.898068e-01 9.982088e-01 1.035216e+00 1.055213e+00 1.067528e+00 
181 2535 2.477942e-01 1.070855e+00 7.691611e-01 7.691611e-01 7.753121e-01 7.804723e-01 7.874297e-01 7.927837e-01 7.998482e-01 8.067534e-01 8.101197e-01 8.149011e-01 8.225209e-01 8.292788e-01 8.301963e-01 8.417791e-01 8.481412e-01 8.537110e-01 8.646499e-01 8.747859e-01 8.783464e-01 8.835530e-01 8.937180e-01 9.031948e-01 9.065553e-01 9.160507e-01 9.298754e-01 9.478578e-01 9.549511e-01 9.602062e-01 9.675497e-01 9.709897e-01 9.882687e-01 1.000400e+00 1.032965e+00 1.053864e+00 1.070855e+00 
182 2549 2.396370e-01 1.079055e+00 7.693701e-01 7.693701e-01 7.744873e-01 7.797201e-01 7.859444e-01 7.912864e-01 7.989230e-01 8.057272e-01 8.124437e-01 8.163164e-01 8.222545e-01 8.277979e-01 8.293627e-01 8.407953e-01 8.473306e-01 8.521885e-01 8.641983e-01 8.743918e-01 8.779020e-01 8.820010e-01 8.935848e-01 9.018848e-01 9.069800e-01 9.145258e-01 9.301626e-01 9.458005e-01 9.529920e-01 9.601368e-01 9.662370e-01 9.714515e-01 9.876314e-01 9.990782e-01 1.031619e+00 1.052595e+00 1.079055e+00 
183 2563 2.314312e-01 1.081007e+00 7.685140e-01 7.685140e-01 7.746335e-01 7.800962e-01 7.845254e-01 7.932714e-01 7.988979e-01 8.045189e-01 8.108874e-01 8.148750e-01 8.236291e-01 8.263266e-01 8.303173e-01 8.401036e-01 8.466552e-01 8.526749e-01 8.624507e-01 8.735261e-01 8.761844e-01 8.809461e-01 8.936268e-01 9.019366e-01 9.052598e-01 9.149606e-01 9.289995e-01 9.450363e-01 9.513070e-01 9.586893e-01 9.641286e-01 9.707734e-01 9.861745e-01 9.967964e-01 1.031396e+00 1.051095e+00 1.081007e+00 
184 2577 2.218980e-01 1.080897e+00 7.677185e-01 7.677185e-01 7.744758e-01 7.790419e-01 7.829577e-01 7.926544e-01 7.983404e-01 8.029637e-01 8.109674e-01 8.138316e-01 8.225882e-01 8.245575e-01 8.290640e-01 8.399919e-01 8.449889e-01 8.516797e-01 8.607834e-01 8.724415e-01 8.749635e-01 8.796312e-01 8.922864e-01 9.026183e-01 9.068161e-01 9.151577e-01 9.294854e-01 9.430728e-01 9.491458e-01 9.571271e-01 9.619387e-01 9.704158e-01 9.855955e-01 9.947345e-01 1.033272e+00 1.049553e+00 1.080897e+00 
185 2591 2.135649e-01 1.082151e+00 7.660180e-01 7.660180e-01 7.726300e-01 7.781624e-01 7.833813e-01 7.907533e-01 7.970453e-01 8.032493e-01 8.096024e-01 8.132652e-01 8.221826e-01 8.233282e-01 8.320501e-01 8.398050e-01 8.435412e-01 8.536695e-01 8.595050e-01 8.722780e-01 8.743985e-01 8.814856e-01 8.928573e-01 9.025707e-01 9.054179e-01 9.148883e-01 9.291399e-01 9.424639e-01 9.473414e-01 9.560617e-01 9.601893e-01 9.700920e-01 9.832545e-01 9.943250e-01 1.031866e+00 1.050795e+00 1.082151e+00 
186 2605 2.063957e-01 1.084263e+00 7.641681e-01 7.641681e-01 7.714347e-01 7.768671e-01 7.828543e-01 7.895661e-01 7.953934e-01 8.016900e-01 8.085177e-01 8.141424e-01 8.211337e-01 8.234437e-01 8.305521e-01 8.402553e-01 8.436345e-01 8.531574e-01 8.580836e-01 8.705192e-01 8.747513e-01 8.801065e-01 8.945689e-01 9.017383e-01 9.041287e-01 9.154847e-01 9.277402e-01 9.401524e-01 9.489309e-01 9.554270e-01 9.640571e-01 9.692960e-01 9.820680e-01 9.934098e-01 1.030330e+00 1.055133e+00 1.084263e+00 
187 2619 1.973019e-01 1.085518e+00 7.623280e-01 7.623280e-01 7.697480e-01 7.764697e-01 7.815757e-01 7.889426e-01 7.936354e-01 8.018984e-01 8.089358e-01 8.124644e-01 8.195290e-01 8.219594e-01 8.301270e-01 8.395562e-01 8.437705e-01 8.518836e-01 8.565811e-01 8.702822e-01 8.742538e-01 8.803921e-01 8.931828e-01 9.021397e-01 9.053885e-01 9.152550e-01 9.262193e-01 9.398080e-01 9.477862e-01 9.549085e-01 9.627553e-01 9.677930e-01 9.803268e-01 9.919592e-01 1.028074e+00 1.055788e+00 1.085518e+00 
188 2633 1.872132e-01 1.083441e+00 7.616347e-01 7.616347e-01 7.679098e-01 7.750988e-01 7.807120e-01 7.874039e-01 7.919009e-01 8.006218e-01 8.077878e-01 8.115490e-01 8.184105e-01 8.207746e-01 8.291354e-01 8.396419e-01 8.433837e-01 8.503050e-01 8.557147e-01 8.706008e-01 8.725260e-01 8.793056e-01 8.925899e-01 9.007430e-01 9.040160e-01 9.138298e-01 9.238560e-01 9.389523e-01 9.481271e-01 9.536413e-01 9.615490e-01 9.667524e-01 9.813424e-01 9.930819e-01 1.026612e+00 1.055092e+00 1.083441e+00 
189 2647 1.789631e-01 1.081954e+00 7.607616e-01 7.607616e-01 7.662197e-01 7.737826e-01 7.799142e-01 7.861078e-01 7.929116e-01 7.995988e-01 8.065508e-01 8.107339e-01 8.179771e-01 8.187672e-01 8.274584e-01 8.404048e-01 8.435718e-01 8.498316e-01 8.554485e-01 8.699253e-01 8.742458e-01 8.790932e-01 8.913151e-01 8.992190e-01 9.021183e-01 9.124245e-01 9.249930e-01 9.378892e-01 9.477034e-01 9.524920e-01 9.615842e-01 9.654493e-01 9.800073e-01 9.934115e-01 1.027942e+00 1.052861e+00 1.081954e+00 
190 2661 2.377405e-01 1.082151e+00 7.593748e-01 7.593748e-01 7.655667e-01 7.722618e-01 7.792620e-01 7.846134e-01 7.913619e-01 7.981802e-01 8.049193e-01 8.096781e-01 8.188670e-01 8.198610e-01 8.259717e-01 8.388359e-01 8.439515e-01 8.490397e-01 8.537726e-01 8.688408e-01 8.729295e-01 8.786796e-01 8.896798e-01 8.991246e-01 9.008681e-01 9.114432e-01 9.234445e-01 9.384371e-01 9.459033e-01 9.518673e-01 9.605777e-01 9.650370e-01 9.789420e-01 9.931496e-01 1.026878e+00 1.051145e+00 1.082151e+00 
191 2675 2.275733e-01 1.081003e+00 7.580429e-01 7.580429e-01 7.639773e-01 7.707455e-01 7.787466e-01 7.830342e-01 7.909260e-01 7.971303e-01 8.033488e-01 8.096361e-01 8.179546e-01 8.196466e-01 8.254762e-01 8.391538e-01 8.428071e-01 8.480194e-01 8.522856e-01 8.686356e-01 8.721367e-01 8.786324e-01 8.884661e-01 8.973322e-01 9.012331e-01 9.109496e-01 9.215628e-01 9.390720e-01 9.443108e-01 9.516730e-01 9.593712e-01 9.667742e-01 9.778623e-01 9.929152e-01 1.025449e+00 1.051643e+00 1.081003e+00 
192 2689 2.170637e-01 1.079523e+00 7.573661e-01 7.573661e-01 7.634411e-01 7.693381e-01 7.770520e-01 7.828959e-01 7.891923e-01 7.955489e-01 8.022110e-01 8.105510e-01 8.162474e-01 8.196271e-01 8.257281e-01 8.377702e-01 8.411066e-01 8.475398e-01 8.501988e-01 8.666640e-01 8.706078e-01 8.788469e-01 8.892931e-01 8.962490e-01 9.011667e-01 9.097993e-01 9.197306e-01 9.396590e-01 9.438451e-01 9.519811e-01 9.591937e-01 9.667785e-01 9.781908e-01 9.920962e-01 1.024114e+00 1.050005e+00 1.079523e+00 
193 2703 2.058393e-01 1.079826e+00 7.580702e-01 7.580702e-01 7.619675e-01 7.689497e-01 7.762812e-01 7.821027e-01 7.875756e-01 7.941196e-01 8.012243e-01 8.091936e-01 8.150233e-01 8.194592e-01 8.238626e-01 8.374070e-01 8.397726e-01 8.467579e-01 8.504727e-01 8.654797e-01 8.702304e-01 8.785583e-01 8.879522e-01 8.947406e-01 9.009346e-01 9.086759e-01 9.185139e-01 9.386220e-01 9.419793e-01 9.506306e-01 9.580695e-01 9.650685e-01 9.798770e-01 9.918884e-01 1.024838e+00 1.050949e+00 1.079826e+00 
194 2717 1.961305e-01 1.079223e+00 7.568738e-01 7.568738e-01 7.607550e-01 7.679962e-01 7.748605e-01 7.821877e-01 7.860466e-01 7.930845e-01 8.006902e-01 8.094043e-01 8.150624e-01 8.189130e-01 8.221655e-01 8.357085e-01 8.379523e-01 8.459116e-01 8.504920e-01 8.636095e-01 8.685959e-01 8.777241e-01 8.868047e-01 8.937808e-01 8.991492e-01 9.076326e-01 9.178612e-01 9.369054e-01 9.419440e-01 9.496613e-01 9.567286e-01 9.639573e-01 9.805893e-01 9.941488e-01 1.023768e+00 1.048915e+00 1.079223e+00 
195 2731 1.898176e-01 1.079097e+00 7.551968e-01 7.551968e-01 7.605436e-01 7.668533e-01 7.733398e-01 7.819903e-01 7.845545e-01 7.917400e-01 8.010604e-01 8.081293e-01 8.144070e-01 8.180018e-01 8.221984e-01 8.347767e-01 8.379012e-01 8.468703e-01 8.507616e-01 8.619526e-01 8.685876e-01 8.767743e-01 8.848656e-01 8.921398e-01 9.021702e-01 9.080924e-01 9.175652e-01 9.351345e-01 9.410293e-01 9.488952e-01 9.542530e-01 9.631851e-01 9.837040e-01 9.958630e-01 1.024417e+00 1.049179e+00 1.079097e+00 
196 2745 2.516881e-01 1.079278e+00 7.553991e-01 7.553991e-01 7.590538e-01 7.660265e-01 7.742988e-01 7.817585e-01 7.835354e-01 7.901784e-01 8.003072e-01 8.073546e-01 8.132545e-01 8.171438e-01 8.212048e-01 8.339278e-01 8.360387e-01 8.454312e-01 8.541782e-01 8.604575e-01 8.689937e-01 8.754074e-01 8.839584e-01 8.909889e-01 9.009852e-01 9.065120e-01 9.155292e-01 9.391025e-01 9.416685e-01 9.474055e-01 9.532951e-01 9.656394e-01 9.835190e-01 9.985025e-01 1.024846e+00 1.047251e+00 1.079278e+00 
