%  columns="iteration, evaluation, sigma, max axis length, min axis length, all principle axes lengths (sorted square roots of eigenvalues of C)" (startseed=209957, 2023/08/26 11:0:31.57)
1 15 2.821235e-01 1.033259e+00 9.972581e-01 9.972581e-01 9.972581e-01 9.972581e-01 9.972581e-01 9.972581e-01 9.972581e-01 9.972581e-01 9.972581e-01 9.972581e-01 9.972581e-01 9.972581e-01 9.972581e-01 9.972581e-01 9.972581e-01 9.972581e-01 9.972581e-01 9.972581e-01 9.972581e-01 9.972581e-01 9.972581e-01 9.972581e-01 9.972581e-01 9.972581e-01 9.972581e-01 9.972581e-01 9.972581e-01 9.972581e-01 9.981925e-01 9.992352e-01 1.002054e+00 1.003371e+00 1.010010e+00 1.013877e+00 1.033259e+00 
2 29 2.715809e-01 1.035477e+00 9.945238e-01 9.945238e-01 9.945238e-01 9.945238e-01 9.945238e-01 9.945238e-01 9.945238e-01 9.945238e-01 9.945238e-01 9.945238e-01 9.945238e-01 9.945238e-01 9.945238e-01 9.945238e-01 9.945238e-01 9.945238e-01 9.945238e-01 9.945238e-01 9.945238e-01 9.945238e-01 9.945238e-01 9.947959e-01 9.954120e-01 9.962649e-01 9.964559e-01 9.980919e-01 9.989169e-01 1.000135e+00 1.000833e+00 1.004524e+00 1.007913e+00 1.013049e+00 1.020481e+00 1.024959e+00 1.035477e+00 
3 43 2.653356e-01 1.042721e+00 9.917970e-01 9.917970e-01 9.917970e-01 9.917970e-01 9.917970e-01 9.917970e-01 9.917970e-01 9.917970e-01 9.917970e-01 9.917970e-01 9.917970e-01 9.917970e-01 9.917970e-01 9.917970e-01 9.919493e-01 9.921158e-01 9.925050e-01 9.927369e-01 9.931516e-01 9.936156e-01 9.940516e-01 9.942694e-01 9.954010e-01 9.960748e-01 9.966273e-01 9.979142e-01 9.994038e-01 1.001234e+00 1.005208e+00 1.005775e+00 1.007325e+00 1.018222e+00 1.021629e+00 1.030897e+00 1.042721e+00 
4 57 2.571693e-01 1.048671e+00 9.890776e-01 9.890776e-01 9.890776e-01 9.890776e-01 9.890776e-01 9.890776e-01 9.890776e-01 9.891488e-01 9.892871e-01 9.893120e-01 9.893859e-01 9.896072e-01 9.896502e-01 9.898617e-01 9.902429e-01 9.902932e-01 9.908585e-01 9.909671e-01 9.917786e-01 9.927051e-01 9.932609e-01 9.939373e-01 9.947262e-01 9.956296e-01 9.976052e-01 9.986598e-01 1.000001e+00 1.002794e+00 1.005013e+00 1.008625e+00 1.014103e+00 1.018232e+00 1.021527e+00 1.031384e+00 1.048671e+00 
5 71 2.467589e-01 1.053258e+00 9.863738e-01 9.863738e-01 9.864022e-01 9.864366e-01 9.864777e-01 9.865726e-01 9.866515e-01 9.868732e-01 9.870232e-01 9.872194e-01 9.873969e-01 9.876707e-01 9.880188e-01 9.882869e-01 9.885492e-01 9.890824e-01 9.900517e-01 9.904999e-01 9.908167e-01 9.914205e-01 9.923621e-01 9.931431e-01 9.949146e-01 9.963223e-01 9.969482e-01 9.986217e-01 1.001378e+00 1.004211e+00 1.004868e+00 1.007793e+00 1.014731e+00 1.016680e+00 1.020530e+00 1.030200e+00 1.053258e+00 
6 85 2.335527e-01 1.057635e+00 9.837466e-01 9.837466e-01 9.838337e-01 9.838536e-01 9.839586e-01 9.840821e-01 9.845310e-01 9.846097e-01 9.850401e-01 9.852833e-01 9.854979e-01 9.856559e-01 9.859635e-01 9.864787e-01 9.874514e-01 9.878930e-01 9.883748e-01 9.889724e-01 9.900943e-01 9.907038e-01 9.911945e-01 9.927933e-01 9.939394e-01 9.947995e-01 9.967099e-01 9.992141e-01 1.000697e+00 1.005080e+00 1.006594e+00 1.007755e+00 1.013770e+00 1.015568e+00 1.019725e+00 1.030919e+00 1.057635e+00 
7 99 2.206142e-01 1.059362e+00 9.811958e-01 9.811958e-01 9.812729e-01 9.814212e-01 9.818470e-01 9.823288e-01 9.826285e-01 9.828412e-01 9.829373e-01 9.836004e-01 9.839087e-01 9.843318e-01 9.848368e-01 9.852149e-01 9.856224e-01 9.873269e-01 9.877227e-01 9.888304e-01 9.890239e-01 9.897624e-01 9.904710e-01 9.917173e-01 9.939538e-01 9.947125e-01 9.960412e-01 9.975940e-01 1.000430e+00 1.004471e+00 1.006964e+00 1.010701e+00 1.015501e+00 1.016934e+00 1.018398e+00 1.029061e+00 1.059362e+00 
8 113 2.139944e-01 1.063063e+00 9.788371e-01 9.788371e-01 9.791395e-01 9.791662e-01 9.798862e-01 9.800667e-01 9.806304e-01 9.808230e-01 9.811935e-01 9.814085e-01 9.817707e-01 9.830173e-01 9.831768e-01 9.838450e-01 9.842174e-01 9.852788e-01 9.866209e-01 9.870459e-01 9.878756e-01 9.892151e-01 9.915767e-01 9.930536e-01 9.934908e-01 9.949375e-01 9.953312e-01 1.000169e+00 1.001318e+00 1.005380e+00 1.010559e+00 1.011014e+00 1.014468e+00 1.017690e+00 1.024448e+00 1.035313e+00 1.063063e+00 
9 127 2.057981e-01 1.064601e+00 9.766329e-01 9.766329e-01 9.768295e-01 9.771098e-01 9.774031e-01 9.777795e-01 9.782269e-01 9.787431e-01 9.788492e-01 9.798224e-01 9.807174e-01 9.813727e-01 9.821956e-01 9.828574e-01 9.832623e-01 9.850824e-01 9.852109e-01 9.863923e-01 9.876150e-01 9.896718e-01 9.903819e-01 9.923240e-01 9.928431e-01 9.941987e-01 9.958551e-01 9.985168e-01 1.001191e+00 1.004583e+00 1.009124e+00 1.012419e+00 1.013505e+00 1.015348e+00 1.024639e+00 1.036887e+00 1.064601e+00 
10 141 1.978739e-01 1.064190e+00 9.741297e-01 9.741297e-01 9.745350e-01 9.748705e-01 9.751613e-01 9.756509e-01 9.758114e-01 9.766526e-01 9.779807e-01 9.781378e-01 9.794654e-01 9.800484e-01 9.813731e-01 9.815371e-01 9.829444e-01 9.835552e-01 9.845901e-01 9.857527e-01 9.859190e-01 9.883581e-01 9.893777e-01 9.902920e-01 9.916431e-01 9.941934e-01 9.961475e-01 9.972566e-01 1.000940e+00 1.004883e+00 1.010096e+00 1.011107e+00 1.014803e+00 1.017810e+00 1.028374e+00 1.038534e+00 1.064190e+00 
11 155 1.912173e-01 1.069918e+00 9.718972e-01 9.718972e-01 9.724643e-01 9.728660e-01 9.731796e-01 9.739948e-01 9.741964e-01 9.752381e-01 9.759762e-01 9.775039e-01 9.779799e-01 9.784399e-01 9.789834e-01 9.808974e-01 9.813874e-01 9.818931e-01 9.831875e-01 9.843942e-01 9.853254e-01 9.875810e-01 9.887958e-01 9.905335e-01 9.923027e-01 9.927363e-01 9.943051e-01 9.980770e-01 9.995275e-01 1.004162e+00 1.008185e+00 1.010186e+00 1.013009e+00 1.018011e+00 1.028906e+00 1.039626e+00 1.069918e+00 
12 169 1.837605e-01 1.072928e+00 9.696171e-01 9.696171e-01 9.703509e-01 9.706301e-01 9.715618e-01 9.722929e-01 9.730510e-01 9.740029e-01 9.747871e-01 9.750817e-01 9.759706e-01 9.767163e-01 9.785265e-01 9.801630e-01 9.804248e-01 9.813608e-01 9.827345e-01 9.831659e-01 9.842637e-01 9.859647e-01 9.890696e-01 9.906766e-01 9.914830e-01 9.921295e-01 9.940143e-01 9.976516e-01 1.001032e+00 1.006560e+00 1.007972e+00 1.011100e+00 1.015747e+00 1.018104e+00 1.027362e+00 1.039225e+00 1.072928e+00 
13 183 1.769019e-01 1.072990e+00 9.676610e-01 9.676610e-01 9.684921e-01 9.691001e-01 9.699551e-01 9.714550e-01 9.716930e-01 9.725925e-01 9.731830e-01 9.737043e-01 9.752128e-01 9.755875e-01 9.770882e-01 9.780242e-01 9.789062e-01 9.797761e-01 9.814029e-01 9.819673e-01 9.844722e-01 9.851384e-01 9.882364e-01 9.890611e-01 9.897450e-01 9.914222e-01 9.952295e-01 9.995179e-01 1.004059e+00 1.005701e+00 1.010080e+00 1.012095e+00 1.016883e+00 1.020243e+00 1.025487e+00 1.038062e+00 1.072990e+00 
14 197 1.719849e-01 1.075406e+00 9.650807e-01 9.650807e-01 9.662620e-01 9.678660e-01 9.682890e-01 9.698064e-01 9.705172e-01 9.720877e-01 9.725062e-01 9.733342e-01 9.740140e-01 9.746776e-01 9.756512e-01 9.762856e-01 9.776116e-01 9.793409e-01 9.804687e-01 9.822332e-01 9.832481e-01 9.848511e-01 9.866296e-01 9.871457e-01 9.908232e-01 9.955246e-01 9.973146e-01 9.999941e-01 1.002271e+00 1.004913e+00 1.009117e+00 1.010799e+00 1.017970e+00 1.022189e+00 1.025940e+00 1.043155e+00 1.075406e+00 
15 211 1.685598e-01 1.080273e+00 9.639600e-01 9.639600e-01 9.648808e-01 9.656217e-01 9.673684e-01 9.678693e-01 9.680813e-01 9.701485e-01 9.711438e-01 9.717368e-01 9.723185e-01 9.739421e-01 9.740739e-01 9.751258e-01 9.761255e-01 9.780708e-01 9.793828e-01 9.804412e-01 9.820630e-01 9.843202e-01 9.847758e-01 9.875636e-01 9.915092e-01 9.951899e-01 9.963220e-01 1.000414e+00 1.002973e+00 1.004391e+00 1.007431e+00 1.012413e+00 1.017549e+00 1.024225e+00 1.027031e+00 1.046536e+00 1.080273e+00 
16 225 1.660982e-01 1.083370e+00 9.622245e-01 9.622245e-01 9.635840e-01 9.649327e-01 9.654238e-01 9.656965e-01 9.661758e-01 9.683011e-01 9.694998e-01 9.700722e-01 9.711647e-01 9.726749e-01 9.736702e-01 9.742853e-01 9.748391e-01 9.765712e-01 9.779037e-01 9.797539e-01 9.818505e-01 9.825343e-01 9.851507e-01 9.872898e-01 9.911169e-01 9.939375e-01 9.942354e-01 1.000610e+00 1.002512e+00 1.007397e+00 1.008473e+00 1.013649e+00 1.017896e+00 1.025231e+00 1.026613e+00 1.049451e+00 1.083370e+00 
17 239 1.662769e-01 1.092933e+00 9.602782e-01 9.602782e-01 9.622074e-01 9.625030e-01 9.631629e-01 9.643082e-01 9.654525e-01 9.667957e-01 9.674999e-01 9.690309e-01 9.697840e-01 9.710716e-01 9.723098e-01 9.726298e-01 9.743392e-01 9.756399e-01 9.766118e-01 9.778052e-01 9.802847e-01 9.810804e-01 9.845267e-01 9.866504e-01 9.913764e-01 9.919615e-01 9.958313e-01 1.002047e+00 1.003761e+00 1.006217e+00 1.008129e+00 1.013267e+00 1.016634e+00 1.024412e+00 1.026229e+00 1.051477e+00 1.092933e+00 
18 253 1.629814e-01 1.098316e+00 9.584699e-01 9.584699e-01 9.600470e-01 9.604710e-01 9.623824e-01 9.626327e-01 9.634303e-01 9.660420e-01 9.675225e-01 9.678636e-01 9.682360e-01 9.688533e-01 9.704298e-01 9.711665e-01 9.731069e-01 9.739189e-01 9.750085e-01 9.779722e-01 9.792106e-01 9.805386e-01 9.840722e-01 9.883282e-01 9.900493e-01 9.916372e-01 9.953123e-01 1.000753e+00 1.001968e+00 1.006243e+00 1.007082e+00 1.012528e+00 1.016548e+00 1.023506e+00 1.025140e+00 1.054449e+00 1.098316e+00 
19 267 1.614806e-01 1.100640e+00 9.560516e-01 9.560516e-01 9.587952e-01 9.598576e-01 9.601281e-01 9.612546e-01 9.627708e-01 9.640619e-01 9.650835e-01 9.656815e-01 9.666700e-01 9.675300e-01 9.687010e-01 9.694718e-01 9.717272e-01 9.728138e-01 9.752158e-01 9.764077e-01 9.778002e-01 9.808264e-01 9.846827e-01 9.883087e-01 9.893487e-01 9.910529e-01 9.967393e-01 1.000451e+00 1.003404e+00 1.003968e+00 1.009653e+00 1.011808e+00 1.016935e+00 1.024401e+00 1.027997e+00 1.059528e+00 1.100640e+00 
20 281 1.575919e-01 1.102237e+00 9.540649e-01 9.540649e-01 9.569177e-01 9.575222e-01 9.581381e-01 9.602569e-01 9.614884e-01 9.623708e-01 9.627480e-01 9.640498e-01 9.644418e-01 9.665513e-01 9.676584e-01 9.679953e-01 9.694142e-01 9.727609e-01 9.748545e-01 9.762501e-01 9.791979e-01 9.794315e-01 9.832079e-01 9.863360e-01 9.890924e-01 9.931838e-01 9.978919e-01 9.984639e-01 1.001664e+00 1.004801e+00 1.007633e+00 1.012483e+00 1.017961e+00 1.022983e+00 1.029702e+00 1.061463e+00 1.102237e+00 
21 295 1.531888e-01 1.102720e+00 9.522729e-01 9.522729e-01 9.553225e-01 9.555698e-01 9.561191e-01 9.586089e-01 9.603266e-01 9.604497e-01 9.616918e-01 9.618828e-01 9.633570e-01 9.651879e-01 9.656757e-01 9.671304e-01 9.683921e-01 9.733248e-01 9.738329e-01 9.759886e-01 9.773082e-01 9.790456e-01 9.832153e-01 9.843537e-01 9.876579e-01 9.910939e-01 9.980891e-01 9.994918e-01 1.000370e+00 1.003047e+00 1.009214e+00 1.015974e+00 1.017139e+00 1.024821e+00 1.030509e+00 1.063769e+00 1.102720e+00 
22 309 1.493439e-01 1.102154e+00 9.505081e-01 9.505081e-01 9.529905e-01 9.539242e-01 9.547315e-01 9.572825e-01 9.580627e-01 9.590667e-01 9.597859e-01 9.616519e-01 9.627460e-01 9.640379e-01 9.653909e-01 9.663850e-01 9.676125e-01 9.709559e-01 9.725582e-01 9.738812e-01 9.760278e-01 9.781449e-01 9.823835e-01 9.837656e-01 9.858524e-01 9.901195e-01 9.968995e-01 9.979539e-01 1.000066e+00 1.001268e+00 1.009506e+00 1.014839e+00 1.015842e+00 1.023379e+00 1.038720e+00 1.062692e+00 1.102154e+00 
23 323 1.452828e-01 1.100980e+00 9.485864e-01 9.485864e-01 9.512173e-01 9.524968e-01 9.527798e-01 9.561569e-01 9.565302e-01 9.569266e-01 9.585960e-01 9.595179e-01 9.616522e-01 9.627468e-01 9.641606e-01 9.657789e-01 9.663422e-01 9.699766e-01 9.719830e-01 9.732633e-01 9.760031e-01 9.780715e-01 9.811895e-01 9.824889e-01 9.865093e-01 9.895308e-01 9.965407e-01 9.969368e-01 9.990012e-01 1.001684e+00 1.009009e+00 1.013619e+00 1.015626e+00 1.022759e+00 1.042885e+00 1.063701e+00 1.100980e+00 
24 337 1.419203e-01 1.101398e+00 9.468703e-01 9.468703e-01 9.495203e-01 9.502658e-01 9.511769e-01 9.541565e-01 9.549101e-01 9.557927e-01 9.566621e-01 9.592252e-01 9.601697e-01 9.609899e-01 9.630043e-01 9.639785e-01 9.661407e-01 9.687441e-01 9.711660e-01 9.717903e-01 9.763297e-01 9.786329e-01 9.794931e-01 9.820306e-01 9.880470e-01 9.918481e-01 9.946825e-01 9.972028e-01 9.985625e-01 1.003762e+00 1.008790e+00 1.013246e+00 1.013596e+00 1.025746e+00 1.049039e+00 1.062685e+00 1.101398e+00 
25 351 1.380834e-01 1.101678e+00 9.449845e-01 9.449845e-01 9.478890e-01 9.491011e-01 9.497659e-01 9.525239e-01 9.533666e-01 9.548440e-01 9.572039e-01 9.580192e-01 9.583182e-01 9.607281e-01 9.618806e-01 9.631601e-01 9.647980e-01 9.668397e-01 9.694538e-01 9.699582e-01 9.740072e-01 9.767674e-01 9.776556e-01 9.820633e-01 9.863350e-01 9.910185e-01 9.927218e-01 9.974212e-01 9.994605e-01 1.004332e+00 1.008825e+00 1.012066e+00 1.014674e+00 1.029759e+00 1.054171e+00 1.060620e+00 1.101678e+00 
26 365 1.354101e-01 1.103370e+00 9.434140e-01 9.434140e-01 9.461504e-01 9.478100e-01 9.490453e-01 9.507472e-01 9.513521e-01 9.525636e-01 9.555878e-01 9.564432e-01 9.575805e-01 9.593885e-01 9.610455e-01 9.623635e-01 9.635259e-01 9.668153e-01 9.683692e-01 9.699892e-01 9.721253e-01 9.753601e-01 9.776088e-01 9.817036e-01 9.846540e-01 9.892908e-01 9.936601e-01 9.954774e-01 9.994665e-01 1.002574e+00 1.006438e+00 1.010383e+00 1.015731e+00 1.028683e+00 1.055955e+00 1.066575e+00 1.103370e+00 
27 379 1.304946e-01 1.101892e+00 9.413484e-01 9.413484e-01 9.447567e-01 9.464197e-01 9.469167e-01 9.497423e-01 9.505983e-01 9.510500e-01 9.539799e-01 9.558118e-01 9.571118e-01 9.578712e-01 9.591123e-01 9.602519e-01 9.633881e-01 9.660119e-01 9.675441e-01 9.693670e-01 9.727873e-01 9.737186e-01 9.769259e-01 9.803674e-01 9.881554e-01 9.888465e-01 9.937885e-01 9.964950e-01 9.981089e-01 1.000477e+00 1.006881e+00 1.010006e+00 1.017002e+00 1.031883e+00 1.055191e+00 1.070664e+00 1.101892e+00 
28 393 1.782996e-01 1.101815e+00 9.396737e-01 9.396737e-01 9.431136e-01 9.445456e-01 9.462262e-01 9.481795e-01 9.492736e-01 9.511758e-01 9.534114e-01 9.537821e-01 9.552568e-01 9.557980e-01 9.579266e-01 9.592114e-01 9.633935e-01 9.648728e-01 9.668006e-01 9.709671e-01 9.711558e-01 9.734197e-01 9.761646e-01 9.792802e-01 9.870225e-01 9.907786e-01 9.933126e-01 9.949377e-01 9.968468e-01 1.005160e+00 1.009136e+00 1.013700e+00 1.021491e+00 1.032331e+00 1.058935e+00 1.074393e+00 1.101815e+00 
29 407 1.710113e-01 1.100632e+00 9.378013e-01 9.378013e-01 9.419699e-01 9.433631e-01 9.448121e-01 9.459503e-01 9.475266e-01 9.503676e-01 9.514147e-01 9.525745e-01 9.540151e-01 9.548412e-01 9.573311e-01 9.607805e-01 9.622664e-01 9.630768e-01 9.648671e-01 9.692555e-01 9.712747e-01 9.743665e-01 9.781733e-01 9.795847e-01 9.850842e-01 9.892327e-01 9.914180e-01 9.926945e-01 9.944954e-01 1.002864e+00 1.007222e+00 1.012179e+00 1.021148e+00 1.032475e+00 1.059065e+00 1.074804e+00 1.100632e+00 
30 421 1.670170e-01 1.100627e+00 9.370494e-01 9.370494e-01 9.408988e-01 9.424967e-01 9.436733e-01 9.454605e-01 9.458256e-01 9.484074e-01 9.499442e-01 9.508580e-01 9.545192e-01 9.550210e-01 9.576961e-01 9.599882e-01 9.605510e-01 9.620102e-01 9.659970e-01 9.699490e-01 9.699760e-01 9.774834e-01 9.777433e-01 9.804829e-01 9.844589e-01 9.891662e-01 9.910004e-01 9.914371e-01 9.944935e-01 1.003286e+00 1.006801e+00 1.011442e+00 1.021199e+00 1.035041e+00 1.059601e+00 1.073531e+00 1.100627e+00 
31 435 1.621998e-01 1.100905e+00 9.351610e-01 9.351610e-01 9.391546e-01 9.404759e-01 9.418630e-01 9.442305e-01 9.458077e-01 9.460453e-01 9.485628e-01 9.488906e-01 9.525929e-01 9.543529e-01 9.565891e-01 9.578702e-01 9.586982e-01 9.629028e-01 9.642468e-01 9.674721e-01 9.695533e-01 9.759836e-01 9.770439e-01 9.801976e-01 9.828304e-01 9.882933e-01 9.890051e-01 9.930893e-01 9.964384e-01 1.003194e+00 1.005809e+00 1.010992e+00 1.026500e+00 1.036270e+00 1.061971e+00 1.071178e+00 1.100905e+00 
32 449 1.583010e-01 1.102071e+00 9.333799e-01 9.333799e-01 9.377717e-01 9.396536e-01 9.404392e-01 9.429346e-01 9.437196e-01 9.442573e-01 9.476995e-01 9.488194e-01 9.523087e-01 9.528993e-01 9.553818e-01 9.560116e-01 9.588516e-01 9.613717e-01 9.632721e-01 9.658146e-01 9.686529e-01 9.752949e-01 9.757805e-01 9.786247e-01 9.815855e-01 9.865234e-01 9.878212e-01 9.915652e-01 9.973373e-01 1.001470e+00 1.006598e+00 1.010560e+00 1.029083e+00 1.040286e+00 1.066111e+00 1.070555e+00 1.102071e+00 
33 463 1.534861e-01 1.104370e+00 9.322000e-01 9.322000e-01 9.358877e-01 9.375282e-01 9.388876e-01 9.409331e-01 9.419301e-01 9.445085e-01 9.462536e-01 9.474174e-01 9.498986e-01 9.519527e-01 9.534636e-01 9.549788e-01 9.590478e-01 9.617158e-01 9.633039e-01 9.643333e-01 9.675847e-01 9.739466e-01 9.748972e-01 9.795422e-01 9.807512e-01 9.856634e-01 9.864186e-01 9.894520e-01 9.963279e-01 9.999487e-01 1.008270e+00 1.011273e+00 1.028365e+00 1.042348e+00 1.066230e+00 1.069504e+00 1.104370e+00 
34 477 1.491090e-01 1.106144e+00 9.306476e-01 9.306476e-01 9.342066e-01 9.356102e-01 9.367347e-01 9.401257e-01 9.403965e-01 9.444779e-01 9.453727e-01 9.458916e-01 9.492698e-01 9.502649e-01 9.518369e-01 9.565337e-01 9.594050e-01 9.607248e-01 9.611358e-01 9.652562e-01 9.692202e-01 9.726208e-01 9.742931e-01 9.783011e-01 9.789169e-01 9.838433e-01 9.851832e-01 9.897189e-01 9.943628e-01 1.002910e+00 1.011010e+00 1.014360e+00 1.027037e+00 1.042978e+00 1.065880e+00 1.067813e+00 1.106144e+00 
35 491 1.456773e-01 1.105575e+00 9.300825e-01 9.300825e-01 9.323630e-01 9.346807e-01 9.355271e-01 9.383713e-01 9.392984e-01 9.431122e-01 9.438596e-01 9.446742e-01 9.473401e-01 9.492010e-01 9.518381e-01 9.550710e-01 9.577023e-01 9.594342e-01 9.607233e-01 9.651524e-01 9.680781e-01 9.712616e-01 9.731401e-01 9.774315e-01 9.796063e-01 9.823525e-01 9.857327e-01 9.893771e-01 9.952951e-01 1.001915e+00 1.013107e+00 1.015669e+00 1.025613e+00 1.042675e+00 1.065301e+00 1.068438e+00 1.105575e+00 
36 505 1.408264e-01 1.105069e+00 9.284875e-01 9.284875e-01 9.313257e-01 9.333980e-01 9.344500e-01 9.369672e-01 9.379682e-01 9.414490e-01 9.417968e-01 9.447552e-01 9.467456e-01 9.482518e-01 9.511034e-01 9.544700e-01 9.552280e-01 9.586413e-01 9.614481e-01 9.659389e-01 9.675575e-01 9.698472e-01 9.761641e-01 9.765700e-01 9.783549e-01 9.801518e-01 9.844141e-01 9.916566e-01 9.949519e-01 1.000362e+00 1.011218e+00 1.015263e+00 1.023863e+00 1.042381e+00 1.063685e+00 1.068970e+00 1.105069e+00 
37 519 1.918147e-01 1.104535e+00 9.264055e-01 9.264055e-01 9.294921e-01 9.319393e-01 9.330105e-01 9.355371e-01 9.374010e-01 9.394914e-01 9.405207e-01 9.447214e-01 9.466352e-01 9.476817e-01 9.504839e-01 9.520071e-01 9.557236e-01 9.570365e-01 9.623928e-01 9.640485e-01 9.671808e-01 9.690197e-01 9.746945e-01 9.763470e-01 9.768661e-01 9.787381e-01 9.845336e-01 9.927667e-01 9.979040e-01 9.981803e-01 1.010095e+00 1.015509e+00 1.027351e+00 1.040743e+00 1.063232e+00 1.072071e+00 1.104535e+00 
38 533 1.864305e-01 1.104479e+00 9.244908e-01 9.244908e-01 9.279189e-01 9.304554e-01 9.321392e-01 9.339081e-01 9.358781e-01 9.389583e-01 9.395624e-01 9.441266e-01 9.453668e-01 9.462324e-01 9.494413e-01 9.502707e-01 9.536804e-01 9.550465e-01 9.613306e-01 9.628159e-01 9.662149e-01 9.686128e-01 9.735403e-01 9.744094e-01 9.750528e-01 9.774637e-01 9.845450e-01 9.924174e-01 9.985326e-01 1.002834e+00 1.010022e+00 1.015986e+00 1.027489e+00 1.041093e+00 1.061667e+00 1.074975e+00 1.104479e+00 
39 547 1.800662e-01 1.103652e+00 9.225003e-01 9.225003e-01 9.258252e-01 9.280897e-01 9.306096e-01 9.326892e-01 9.349186e-01 9.366940e-01 9.391508e-01 9.427054e-01 9.438496e-01 9.451598e-01 9.477105e-01 9.484502e-01 9.521421e-01 9.531006e-01 9.592159e-01 9.617307e-01 9.641909e-01 9.691370e-01 9.726471e-01 9.726921e-01 9.762845e-01 9.774691e-01 9.822156e-01 9.921583e-01 9.984953e-01 1.008651e+00 1.009706e+00 1.018587e+00 1.026878e+00 1.041921e+00 1.062295e+00 1.080034e+00 1.103652e+00 
40 561 1.788540e-01 1.101946e+00 9.209299e-01 9.209299e-01 9.250984e-01 9.267676e-01 9.285920e-01 9.310047e-01 9.334751e-01 9.350894e-01 9.372212e-01 9.408455e-01 9.417452e-01 9.439437e-01 9.466897e-01 9.477631e-01 9.508089e-01 9.547499e-01 9.581730e-01 9.597623e-01 9.623521e-01 9.670436e-01 9.703662e-01 9.710711e-01 9.740882e-01 9.798432e-01 9.832627e-01 9.917928e-01 1.000642e+00 1.006829e+00 1.012447e+00 1.016937e+00 1.029406e+00 1.041554e+00 1.065159e+00 1.083702e+00 1.101946e+00 
41 575 1.739606e-01 1.101182e+00 9.193228e-01 9.193228e-01 9.234581e-01 9.249705e-01 9.276433e-01 9.298559e-01 9.312969e-01 9.332913e-01 9.368381e-01 9.392423e-01 9.411127e-01 9.424744e-01 9.468341e-01 9.479998e-01 9.502815e-01 9.525513e-01 9.560781e-01 9.582025e-01 9.610625e-01 9.652736e-01 9.700842e-01 9.707294e-01 9.719087e-01 9.817445e-01 9.830049e-01 9.902126e-01 1.000467e+00 1.006388e+00 1.011667e+00 1.018045e+00 1.031146e+00 1.041642e+00 1.063351e+00 1.087565e+00 1.101182e+00 
42 589 1.686212e-01 1.101808e+00 9.180679e-01 9.180679e-01 9.218376e-01 9.235760e-01 9.257022e-01 9.288171e-01 9.299757e-01 9.310239e-01 9.355027e-01 9.385151e-01 9.402787e-01 9.417062e-01 9.461962e-01 9.472384e-01 9.488675e-01 9.506979e-01 9.540709e-01 9.569577e-01 9.594353e-01 9.642124e-01 9.685524e-01 9.698553e-01 9.733781e-01 9.812541e-01 9.834344e-01 9.880712e-01 1.000783e+00 1.006984e+00 1.013419e+00 1.019984e+00 1.030884e+00 1.043657e+00 1.062894e+00 1.090915e+00 1.101808e+00 
43 603 1.652330e-01 1.102604e+00 9.171298e-01 9.171298e-01 9.204227e-01 9.211895e-01 9.237633e-01 9.274920e-01 9.281751e-01 9.291494e-01 9.350048e-01 9.367957e-01 9.394806e-01 9.413723e-01 9.450920e-01 9.460773e-01 9.479765e-01 9.514020e-01 9.528614e-01 9.559296e-01 9.581069e-01 9.642926e-01 9.674604e-01 9.686938e-01 9.738388e-01 9.815816e-01 9.828273e-01 9.871961e-01 1.001466e+00 1.006170e+00 1.013198e+00 1.020086e+00 1.029608e+00 1.042484e+00 1.061208e+00 1.094457e+00 1.102604e+00 
44 617 1.615800e-01 1.101404e+00 9.160016e-01 9.160016e-01 9.184452e-01 9.198806e-01 9.220470e-01 9.255976e-01 9.265907e-01 9.286349e-01 9.333871e-01 9.350855e-01 9.384648e-01 9.395128e-01 9.436269e-01 9.449546e-01 9.469713e-01 9.502198e-01 9.524725e-01 9.551813e-01 9.583175e-01 9.632474e-01 9.660699e-01 9.684295e-01 9.756229e-01 9.799195e-01 9.825023e-01 9.890380e-01 1.003647e+00 1.005281e+00 1.011560e+00 1.020143e+00 1.029476e+00 1.041026e+00 1.058670e+00 1.098394e+00 1.101404e+00 
45 631 1.602795e-01 1.106005e+00 9.141936e-01 9.141936e-01 9.178771e-01 9.203683e-01 9.207816e-01 9.246690e-01 9.253699e-01 9.273472e-01 9.315537e-01 9.340136e-01 9.375255e-01 9.377579e-01 9.416810e-01 9.433933e-01 9.471590e-01 9.487374e-01 9.501934e-01 9.563961e-01 9.584307e-01 9.617108e-01 9.651026e-01 9.722787e-01 9.756050e-01 9.786913e-01 9.816159e-01 9.879439e-01 1.003309e+00 1.007623e+00 1.012198e+00 1.018418e+00 1.029124e+00 1.040080e+00 1.057801e+00 1.097168e+00 1.106005e+00 
46 645 1.567186e-01 1.109388e+00 9.122536e-01 9.122536e-01 9.160505e-01 9.190233e-01 9.194814e-01 9.224963e-01 9.244802e-01 9.270064e-01 9.300887e-01 9.332834e-01 9.356866e-01 9.371197e-01 9.406252e-01 9.419503e-01 9.450467e-01 9.478959e-01 9.514919e-01 9.573391e-01 9.576080e-01 9.602608e-01 9.643138e-01 9.708079e-01 9.750101e-01 9.775700e-01 9.811394e-01 9.859093e-01 1.002682e+00 1.006271e+00 1.013461e+00 1.018952e+00 1.029470e+00 1.039608e+00 1.056684e+00 1.095396e+00 1.109388e+00 
47 659 1.541056e-01 1.112129e+00 9.111472e-01 9.111472e-01 9.139133e-01 9.170017e-01 9.184722e-01 9.214773e-01 9.248792e-01 9.271580e-01 9.284623e-01 9.309451e-01 9.349234e-01 9.354250e-01 9.383553e-01 9.399872e-01 9.443294e-01 9.470491e-01 9.492236e-01 9.557990e-01 9.568673e-01 9.611482e-01 9.660745e-01 9.706708e-01 9.742970e-01 9.768257e-01 9.839285e-01 9.861905e-01 1.003808e+00 1.006223e+00 1.014290e+00 1.016623e+00 1.031392e+00 1.042369e+00 1.056138e+00 1.094585e+00 1.112129e+00 
48 673 1.490358e-01 1.114094e+00 9.091429e-01 9.091429e-01 9.129322e-01 9.149255e-01 9.165074e-01 9.197507e-01 9.236444e-01 9.247965e-01 9.264692e-01 9.293889e-01 9.327449e-01 9.344019e-01 9.386087e-01 9.394924e-01 9.435195e-01 9.468906e-01 9.469857e-01 9.537683e-01 9.581295e-01 9.624036e-01 9.651644e-01 9.701271e-01 9.734742e-01 9.754399e-01 9.842476e-01 9.851855e-01 1.002404e+00 1.005361e+00 1.013764e+00 1.015280e+00 1.030125e+00 1.042890e+00 1.053962e+00 1.092262e+00 1.114094e+00 
49 687 1.460647e-01 1.114909e+00 9.070666e-01 9.070666e-01 9.119472e-01 9.150447e-01 9.153979e-01 9.184376e-01 9.220425e-01 9.238999e-01 9.267869e-01 9.275895e-01 9.314353e-01 9.342293e-01 9.369998e-01 9.383714e-01 9.434964e-01 9.457738e-01 9.487099e-01 9.520944e-01 9.574878e-01 9.618734e-01 9.638914e-01 9.701111e-01 9.716951e-01 9.783827e-01 9.832800e-01 9.899148e-01 1.000784e+00 1.005366e+00 1.012756e+00 1.016214e+00 1.028806e+00 1.042887e+00 1.052905e+00 1.091658e+00 1.114909e+00 
50 701 1.450747e-01 1.115745e+00 9.057447e-01 9.057447e-01 9.107517e-01 9.140547e-01 9.159684e-01 9.189738e-01 9.208984e-01 9.222827e-01 9.253839e-01 9.254684e-01 9.328954e-01 9.335425e-01 9.353776e-01 9.369159e-01 9.424558e-01 9.446302e-01 9.492828e-01 9.516855e-01 9.568837e-01 9.602671e-01 9.648054e-01 9.697924e-01 9.730435e-01 9.777662e-01 9.838204e-01 9.936976e-01 9.989628e-01 1.005290e+00 1.011229e+00 1.020181e+00 1.027347e+00 1.043245e+00 1.054903e+00 1.089090e+00 1.115745e+00 
51 715 1.403604e-01 1.115211e+00 9.045506e-01 9.045506e-01 9.097878e-01 9.119818e-01 9.144007e-01 9.177374e-01 9.202157e-01 9.218041e-01 9.243002e-01 9.285766e-01 9.310095e-01 9.318090e-01 9.336754e-01 9.366448e-01 9.411439e-01 9.449455e-01 9.480595e-01 9.520019e-01 9.556123e-01 9.586232e-01 9.640583e-01 9.705687e-01 9.715924e-01 9.785310e-01 9.828730e-01 9.976075e-01 1.001762e+00 1.005490e+00 1.009918e+00 1.021610e+00 1.025425e+00 1.044135e+00 1.052715e+00 1.092046e+00 1.115211e+00 
52 729 1.375288e-01 1.114257e+00 9.032283e-01 9.032283e-01 9.081128e-01 9.103280e-01 9.134533e-01 9.185792e-01 9.191341e-01 9.200572e-01 9.227995e-01 9.272703e-01 9.292181e-01 9.317073e-01 9.346232e-01 9.374334e-01 9.401066e-01 9.429858e-01 9.470186e-01 9.529398e-01 9.546932e-01 9.574692e-01 9.622771e-01 9.686431e-01 9.715328e-01 9.769589e-01 9.837234e-01 9.967968e-01 9.994882e-01 1.004769e+00 1.013461e+00 1.022372e+00 1.023678e+00 1.046046e+00 1.053108e+00 1.095222e+00 1.114257e+00 
53 743 1.334131e-01 1.113402e+00 9.020747e-01 9.020747e-01 9.062822e-01 9.088276e-01 9.121061e-01 9.177536e-01 9.188305e-01 9.196251e-01 9.223780e-01 9.270246e-01 9.273563e-01 9.315025e-01 9.327546e-01 9.370090e-01 9.388919e-01 9.430948e-01 9.445478e-01 9.512768e-01 9.529816e-01 9.556131e-01 9.610934e-01 9.673330e-01 9.710686e-01 9.770499e-01 9.860037e-01 9.953780e-01 9.980582e-01 1.002500e+00 1.012997e+00 1.022210e+00 1.024739e+00 1.047602e+00 1.052194e+00 1.094364e+00 1.113402e+00 
54 757 1.306682e-01 1.113127e+00 9.009605e-01 9.009605e-01 9.059134e-01 9.079130e-01 9.104104e-01 9.168895e-01 9.174834e-01 9.192564e-01 9.210302e-01 9.252350e-01 9.276882e-01 9.296170e-01 9.310677e-01 9.358646e-01 9.370493e-01 9.413778e-01 9.444018e-01 9.502117e-01 9.516054e-01 9.556696e-01 9.587677e-01 9.658363e-01 9.708981e-01 9.761142e-01 9.856962e-01 9.970148e-01 9.990313e-01 1.001241e+00 1.012318e+00 1.020244e+00 1.032044e+00 1.047978e+00 1.050592e+00 1.093710e+00 1.113127e+00 
55 771 1.263906e-01 1.113105e+00 8.992546e-01 8.992546e-01 9.042554e-01 9.074432e-01 9.096223e-01 9.147101e-01 9.153778e-01 9.179070e-01 9.193149e-01 9.233426e-01 9.267580e-01 9.281285e-01 9.291774e-01 9.343222e-01 9.350844e-01 9.401219e-01 9.432896e-01 9.491333e-01 9.504829e-01 9.554918e-01 9.569859e-01 9.642122e-01 9.710821e-01 9.742386e-01 9.839771e-01 9.959269e-01 9.979847e-01 1.000962e+00 1.011328e+00 1.018266e+00 1.034330e+00 1.048254e+00 1.050664e+00 1.093535e+00 1.113105e+00 
56 785 1.741665e-01 1.110973e+00 8.975195e-01 8.975195e-01 9.026048e-01 9.056201e-01 9.090655e-01 9.133160e-01 9.145855e-01 9.162179e-01 9.176974e-01 9.234422e-01 9.256587e-01 9.268475e-01 9.277094e-01 9.343082e-01 9.347692e-01 9.396349e-01 9.466238e-01 9.487762e-01 9.519991e-01 9.532726e-01 9.560022e-01 9.618236e-01 9.706237e-01 9.731860e-01 9.839233e-01 9.948217e-01 9.957277e-01 1.000084e+00 1.012520e+00 1.016556e+00 1.034444e+00 1.047998e+00 1.058062e+00 1.092466e+00 1.110973e+00 
57 799 1.731003e-01 1.110862e+00 8.966216e-01 8.966216e-01 9.010919e-01 9.044860e-01 9.080621e-01 9.113244e-01 9.133223e-01 9.150319e-01 9.160217e-01 9.217724e-01 9.244706e-01 9.261015e-01 9.298332e-01 9.326412e-01 9.334028e-01 9.377750e-01 9.451934e-01 9.487072e-01 9.506747e-01 9.521111e-01 9.557229e-01 9.596917e-01 9.716455e-01 9.722957e-01 9.844978e-01 9.937980e-01 9.945651e-01 9.982165e-01 1.011117e+00 1.015078e+00 1.039990e+00 1.049058e+00 1.063899e+00 1.090768e+00 1.110862e+00 
58 813 1.721242e-01 1.111051e+00 8.951455e-01 8.951455e-01 8.996582e-01 9.040024e-01 9.062154e-01 9.095986e-01 9.125227e-01 9.133336e-01 9.148149e-01 9.199054e-01 9.248563e-01 9.266837e-01 9.282525e-01 9.315904e-01 9.320546e-01 9.364886e-01 9.434633e-01 9.474126e-01 9.510188e-01 9.520297e-01 9.544029e-01 9.626272e-01 9.719013e-01 9.723042e-01 9.839270e-01 9.927129e-01 9.954855e-01 9.963922e-01 1.010850e+00 1.018312e+00 1.039687e+00 1.047330e+00 1.067143e+00 1.091944e+00 1.111051e+00 
59 827 1.734683e-01 1.111214e+00 8.938078e-01 8.938078e-01 8.985974e-01 9.027353e-01 9.042433e-01 9.091875e-01 9.117473e-01 9.126750e-01 9.132179e-01 9.193056e-01 9.247772e-01 9.260588e-01 9.275377e-01 9.302027e-01 9.314066e-01 9.378360e-01 9.413722e-01 9.456710e-01 9.490335e-01 9.499312e-01 9.610751e-01 9.626552e-01 9.729927e-01 9.734877e-01 9.834110e-01 9.906727e-01 9.941495e-01 9.974807e-01 1.010527e+00 1.016374e+00 1.038705e+00 1.047965e+00 1.071325e+00 1.093428e+00 1.111214e+00 
60 841 1.727157e-01 1.111483e+00 8.918127e-01 8.918127e-01 8.969052e-01 9.010402e-01 9.042199e-01 9.075222e-01 9.106726e-01 9.110874e-01 9.119548e-01 9.192008e-01 9.229403e-01 9.256346e-01 9.261929e-01 9.287262e-01 9.325299e-01 9.402427e-01 9.407056e-01 9.454084e-01 9.490224e-01 9.505810e-01 9.604912e-01 9.631059e-01 9.714315e-01 9.725955e-01 9.839885e-01 9.904297e-01 9.938742e-01 1.002298e+00 1.008030e+00 1.015646e+00 1.038580e+00 1.048784e+00 1.072943e+00 1.094502e+00 1.111483e+00 
61 855 1.716366e-01 1.115392e+00 8.916940e-01 8.916940e-01 8.947678e-01 8.995961e-01 9.034399e-01 9.086261e-01 9.093192e-01 9.096981e-01 9.100153e-01 9.175571e-01 9.213881e-01 9.240395e-01 9.250497e-01 9.265882e-01 9.327745e-01 9.383822e-01 9.397285e-01 9.446065e-01 9.467987e-01 9.513753e-01 9.597450e-01 9.634152e-01 9.701722e-01 9.732117e-01 9.821132e-01 9.910499e-01 9.928282e-01 1.005985e+00 1.007083e+00 1.015396e+00 1.038754e+00 1.048412e+00 1.073578e+00 1.094511e+00 1.115392e+00 
62 869 1.738474e-01 1.117258e+00 8.894529e-01 8.894529e-01 8.940263e-01 8.982304e-01 9.024956e-01 9.076833e-01 9.079146e-01 9.082371e-01 9.092970e-01 9.165340e-01 9.212144e-01 9.231294e-01 9.248649e-01 9.271871e-01 9.331808e-01 9.363839e-01 9.386802e-01 9.440522e-01 9.488016e-01 9.505594e-01 9.582377e-01 9.634365e-01 9.693574e-01 9.750118e-01 9.799641e-01 9.921205e-01 9.948118e-01 1.005171e+00 1.011106e+00 1.019077e+00 1.038319e+00 1.047604e+00 1.072716e+00 1.096001e+00 1.117258e+00 
63 883 1.742945e-01 1.117950e+00 8.886929e-01 8.886929e-01 8.934940e-01 8.966827e-01 9.019703e-01 9.055798e-01 9.061318e-01 9.069256e-01 9.085146e-01 9.166435e-01 9.189591e-01 9.216690e-01 9.251775e-01 9.258103e-01 9.327018e-01 9.351454e-01 9.378048e-01 9.454171e-01 9.479347e-01 9.494058e-01 9.560775e-01 9.622443e-01 9.694823e-01 9.744934e-01 9.816077e-01 9.901293e-01 9.933856e-01 1.005139e+00 1.010007e+00 1.023374e+00 1.037543e+00 1.047605e+00 1.071526e+00 1.097983e+00 1.117950e+00 
64 897 1.726133e-01 1.122783e+00 8.882482e-01 8.882482e-01 8.914828e-01 8.950418e-01 8.998537e-01 9.049785e-01 9.054301e-01 9.070814e-01 9.080056e-01 9.151733e-01 9.181844e-01 9.209471e-01 9.232237e-01 9.278613e-01 9.320758e-01 9.342710e-01 9.358785e-01 9.431598e-01 9.468151e-01 9.487714e-01 9.599408e-01 9.627809e-01 9.681865e-01 9.757892e-01 9.811827e-01 9.883309e-01 9.914640e-01 1.006422e+00 1.010775e+00 1.024782e+00 1.039503e+00 1.050458e+00 1.070234e+00 1.102788e+00 1.122783e+00 
65 911 1.708562e-01 1.124173e+00 8.868836e-01 8.868836e-01 8.896431e-01 8.941758e-01 8.984629e-01 9.032103e-01 9.045717e-01 9.071485e-01 9.075725e-01 9.145541e-01 9.169748e-01 9.208072e-01 9.209218e-01 9.264928e-01 9.304452e-01 9.339120e-01 9.355145e-01 9.422538e-01 9.452728e-01 9.504938e-01 9.593819e-01 9.624065e-01 9.685584e-01 9.748132e-01 9.795769e-01 9.896359e-01 9.923524e-01 1.005906e+00 1.016626e+00 1.024411e+00 1.037242e+00 1.050466e+00 1.068991e+00 1.105833e+00 1.124173e+00 
66 925 1.681549e-01 1.124482e+00 8.853813e-01 8.853813e-01 8.875373e-01 8.944506e-01 8.985381e-01 9.016328e-01 9.044724e-01 9.058420e-01 9.072266e-01 9.127945e-01 9.170260e-01 9.188794e-01 9.201137e-01 9.252717e-01 9.301372e-01 9.326397e-01 9.340677e-01 9.423833e-01 9.455896e-01 9.493721e-01 9.577612e-01 9.648503e-01 9.668454e-01 9.733781e-01 9.835553e-01 9.888062e-01 9.927442e-01 1.005535e+00 1.015453e+00 1.023947e+00 1.037799e+00 1.051623e+00 1.066595e+00 1.111009e+00 1.124482e+00 
67 939 1.633864e-01 1.124610e+00 8.835119e-01 8.835119e-01 8.873882e-01 8.931104e-01 8.968990e-01 9.018516e-01 9.037019e-01 9.049082e-01 9.075117e-01 9.111449e-01 9.160178e-01 9.171047e-01 9.187702e-01 9.261482e-01 9.290442e-01 9.320182e-01 9.335096e-01 9.409609e-01 9.452045e-01 9.499739e-01 9.580054e-01 9.630838e-01 9.660427e-01 9.751046e-01 9.820071e-01 9.874244e-01 9.909849e-01 1.003637e+00 1.015178e+00 1.023211e+00 1.038444e+00 1.051170e+00 1.067218e+00 1.111235e+00 1.124610e+00 
68 953 1.610149e-01 1.125804e+00 8.817885e-01 8.817885e-01 8.863927e-01 8.914794e-01 8.961822e-01 9.002939e-01 9.018400e-01 9.032963e-01 9.084767e-01 9.102663e-01 9.148473e-01 9.159201e-01 9.191893e-01 9.247219e-01 9.279701e-01 9.308324e-01 9.330355e-01 9.398359e-01 9.433378e-01 9.496735e-01 9.572373e-01 9.631780e-01 9.677294e-01 9.740203e-01 9.825505e-01 9.880470e-01 9.898461e-01 1.003159e+00 1.013877e+00 1.021511e+00 1.036353e+00 1.049544e+00 1.065809e+00 1.114244e+00 1.125804e+00 
69 967 1.608208e-01 1.125102e+00 8.801060e-01 8.801060e-01 8.848274e-01 8.894661e-01 8.946901e-01 8.984630e-01 9.002331e-01 9.014322e-01 9.076959e-01 9.105906e-01 9.152336e-01 9.161674e-01 9.178994e-01 9.242132e-01 9.284199e-01 9.307825e-01 9.334173e-01 9.395159e-01 9.419892e-01 9.521110e-01 9.557650e-01 9.621188e-01 9.671414e-01 9.734408e-01 9.837024e-01 9.866699e-01 9.893255e-01 1.001634e+00 1.012907e+00 1.024413e+00 1.034464e+00 1.049587e+00 1.063789e+00 1.119875e+00 1.125102e+00 
70 981 1.586669e-01 1.130705e+00 8.794642e-01 8.794642e-01 8.828033e-01 8.872537e-01 8.931209e-01 8.961600e-01 8.983210e-01 8.998718e-01 9.058937e-01 9.092085e-01 9.141391e-01 9.146813e-01 9.170679e-01 9.221965e-01 9.267742e-01 9.296656e-01 9.328560e-01 9.381063e-01 9.418413e-01 9.535748e-01 9.555267e-01 9.619025e-01 9.678792e-01 9.712384e-01 9.820147e-01 9.848357e-01 9.891450e-01 9.997431e-01 1.012446e+00 1.025131e+00 1.037222e+00 1.049919e+00 1.064072e+00 1.122663e+00 1.130705e+00 
71 995 1.565629e-01 1.133748e+00 8.794461e-01 8.794461e-01 8.815041e-01 8.855186e-01 8.914863e-01 8.953733e-01 8.963763e-01 9.007828e-01 9.036523e-01 9.071908e-01 9.126492e-01 9.151507e-01 9.153392e-01 9.212801e-01 9.273972e-01 9.300358e-01 9.326493e-01 9.384429e-01 9.419617e-01 9.517502e-01 9.550527e-01 9.604878e-01 9.668703e-01 9.708153e-01 9.810661e-01 9.868449e-01 9.954434e-01 1.000692e+00 1.010423e+00 1.025511e+00 1.038375e+00 1.050198e+00 1.065476e+00 1.121527e+00 1.133748e+00 
72 1009 1.544033e-01 1.135268e+00 8.789379e-01 8.789379e-01 8.813189e-01 8.842672e-01 8.897564e-01 8.933938e-01 8.953016e-01 8.993492e-01 9.041497e-01 9.071448e-01 9.116754e-01 9.134546e-01 9.184435e-01 9.240084e-01 9.271979e-01 9.313120e-01 9.339357e-01 9.367588e-01 9.431155e-01 9.515799e-01 9.559385e-01 9.601926e-01 9.647830e-01 9.700578e-01 9.799580e-01 9.876597e-01 9.962049e-01 1.000710e+00 1.009906e+00 1.026004e+00 1.040270e+00 1.050954e+00 1.064379e+00 1.120617e+00 1.135268e+00 
73 1023 1.506947e-01 1.134396e+00 8.776929e-01 8.776929e-01 8.798610e-01 8.823201e-01 8.893067e-01 8.913364e-01 8.933830e-01 8.973128e-01 9.049615e-01 9.058420e-01 9.114213e-01 9.121518e-01 9.165736e-01 9.222070e-01 9.270778e-01 9.318086e-01 9.339400e-01 9.354088e-01 9.419584e-01 9.511436e-01 9.543662e-01 9.592306e-01 9.634931e-01 9.686241e-01 9.805163e-01 9.868910e-01 9.958793e-01 1.000174e+00 1.010247e+00 1.024993e+00 1.043094e+00 1.051207e+00 1.063890e+00 1.119800e+00 1.134396e+00 
74 1037 2.056226e-01 1.133088e+00 8.756576e-01 8.756576e-01 8.779708e-01 8.823966e-01 8.886025e-01 8.908016e-01 8.921667e-01 8.956182e-01 9.037458e-01 9.056947e-01 9.094937e-01 9.109177e-01 9.154195e-01 9.219807e-01 9.266353e-01 9.314242e-01 9.343991e-01 9.368284e-01 9.424877e-01 9.497343e-01 9.548298e-01 9.585800e-01 9.616426e-01 9.696042e-01 9.794647e-01 9.871702e-01 9.951806e-01 1.001516e+00 1.008998e+00 1.023699e+00 1.043203e+00 1.050111e+00 1.061572e+00 1.118998e+00 1.133088e+00 
75 1051 2.008863e-01 1.134026e+00 8.753537e-01 8.753537e-01 8.769666e-01 8.815436e-01 8.882234e-01 8.888106e-01 8.917928e-01 8.938110e-01 9.042316e-01 9.064615e-01 9.089213e-01 9.100834e-01 9.159919e-01 9.230026e-01 9.257763e-01 9.295680e-01 9.338994e-01 9.394934e-01 9.404892e-01 9.482011e-01 9.532094e-01 9.582097e-01 9.644057e-01 9.687022e-01 9.789069e-01 9.870938e-01 9.932278e-01 1.003820e+00 1.007501e+00 1.022238e+00 1.044564e+00 1.048003e+00 1.059756e+00 1.118391e+00 1.134026e+00 
76 1065 1.963516e-01 1.133724e+00 8.731431e-01 8.731431e-01 8.751736e-01 8.807977e-01 8.862993e-01 8.882995e-01 8.900457e-01 8.944241e-01 9.024200e-01 9.055962e-01 9.072040e-01 9.091809e-01 9.152532e-01 9.213878e-01 9.258273e-01 9.289080e-01 9.330337e-01 9.381339e-01 9.396226e-01 9.467311e-01 9.520208e-01 9.566501e-01 9.638586e-01 9.677640e-01 9.772508e-01 9.852464e-01 9.908218e-01 1.003886e+00 1.007068e+00 1.022010e+00 1.046456e+00 1.047985e+00 1.063382e+00 1.116277e+00 1.133724e+00 
77 1079 1.915758e-01 1.135170e+00 8.723841e-01 8.723841e-01 8.741932e-01 8.803832e-01 8.854345e-01 8.884491e-01 8.906329e-01 8.939115e-01 9.012516e-01 9.040981e-01 9.055433e-01 9.085418e-01 9.159407e-01 9.223561e-01 9.243290e-01 9.268295e-01 9.309090e-01 9.363419e-01 9.394461e-01 9.477826e-01 9.526781e-01 9.577601e-01 9.636369e-01 9.679951e-01 9.752445e-01 9.840265e-01 9.893044e-01 1.003251e+00 1.008572e+00 1.020831e+00 1.047496e+00 1.051666e+00 1.062599e+00 1.117289e+00 1.135170e+00 
78 1093 1.887906e-01 1.135563e+00 8.722838e-01 8.722838e-01 8.748808e-01 8.794585e-01 8.836801e-01 8.887947e-01 8.919798e-01 8.927248e-01 9.005360e-01 9.026485e-01 9.050633e-01 9.071258e-01 9.158328e-01 9.203575e-01 9.231495e-01 9.254277e-01 9.297284e-01 9.363806e-01 9.375655e-01 9.502403e-01 9.516273e-01 9.578162e-01 9.646535e-01 9.686165e-01 9.751179e-01 9.866554e-01 9.883729e-01 1.004209e+00 1.007615e+00 1.018712e+00 1.047766e+00 1.051750e+00 1.061689e+00 1.118665e+00 1.135563e+00 
79 1107 1.871200e-01 1.136056e+00 8.712086e-01 8.712086e-01 8.736361e-01 8.788959e-01 8.817590e-01 8.878732e-01 8.914171e-01 8.926425e-01 8.993325e-01 9.034298e-01 9.054810e-01 9.063589e-01 9.145775e-01 9.222837e-01 9.234314e-01 9.243182e-01 9.278563e-01 9.357973e-01 9.377223e-01 9.497707e-01 9.509378e-01 9.569714e-01 9.628816e-01 9.673792e-01 9.735062e-01 9.872598e-01 9.883954e-01 1.003093e+00 1.008352e+00 1.018262e+00 1.045762e+00 1.057131e+00 1.063631e+00 1.117771e+00 1.136056e+00 
80 1121 1.828550e-01 1.137381e+00 8.707390e-01 8.707390e-01 8.755219e-01 8.774870e-01 8.811517e-01 8.866929e-01 8.907630e-01 8.918668e-01 8.987699e-01 9.017393e-01 9.038643e-01 9.062884e-01 9.141273e-01 9.209760e-01 9.217362e-01 9.239402e-01 9.258525e-01 9.339200e-01 9.384190e-01 9.475002e-01 9.488188e-01 9.564783e-01 9.608564e-01 9.663632e-01 9.748120e-01 9.852457e-01 9.908258e-01 1.001678e+00 1.007118e+00 1.018985e+00 1.045738e+00 1.056952e+00 1.068784e+00 1.116419e+00 1.137381e+00 
81 1135 1.761432e-01 1.141893e+00 8.713534e-01 8.713534e-01 8.763785e-01 8.765225e-01 8.802367e-01 8.872617e-01 8.894443e-01 8.904023e-01 8.971670e-01 8.997744e-01 9.022208e-01 9.053904e-01 9.133704e-01 9.189530e-01 9.219149e-01 9.224672e-01 9.251214e-01 9.325821e-01 9.382534e-01 9.467458e-01 9.469348e-01 9.546091e-01 9.599362e-01 9.648459e-01 9.737818e-01 9.833519e-01 9.898177e-01 1.000619e+00 1.005376e+00 1.022013e+00 1.047854e+00 1.055427e+00 1.069681e+00 1.115151e+00 1.141893e+00 
82 1149 1.690760e-01 1.141347e+00 8.695985e-01 8.695985e-01 8.748863e-01 8.759422e-01 8.793251e-01 8.861475e-01 8.893603e-01 8.906157e-01 8.970550e-01 8.994297e-01 9.026526e-01 9.053186e-01 9.132155e-01 9.167364e-01 9.201844e-01 9.225889e-01 9.255679e-01 9.334230e-01 9.366254e-01 9.452429e-01 9.474374e-01 9.573603e-01 9.584311e-01 9.634177e-01 9.750947e-01 9.819473e-01 9.907043e-01 9.992604e-01 1.004121e+00 1.022426e+00 1.046081e+00 1.055259e+00 1.070166e+00 1.113845e+00 1.141347e+00 
83 1163 1.638800e-01 1.141015e+00 8.680642e-01 8.680642e-01 8.729596e-01 8.755940e-01 8.770365e-01 8.847127e-01 8.889724e-01 8.896207e-01 8.973850e-01 9.004813e-01 9.020537e-01 9.060502e-01 9.118896e-01 9.155177e-01 9.183210e-01 9.210631e-01 9.260592e-01 9.335974e-01 9.370646e-01 9.455058e-01 9.469452e-01 9.561348e-01 9.574270e-01 9.622792e-01 9.737458e-01 9.810551e-01 9.901001e-01 9.975121e-01 1.007202e+00 1.022913e+00 1.044659e+00 1.055411e+00 1.070444e+00 1.111848e+00 1.141015e+00 
84 1177 1.570029e-01 1.139070e+00 8.662177e-01 8.662177e-01 8.719117e-01 8.740864e-01 8.770095e-01 8.827896e-01 8.871903e-01 8.901641e-01 8.985106e-01 9.009490e-01 9.026008e-01 9.047617e-01 9.115901e-01 9.147603e-01 9.168607e-01 9.195860e-01 9.254902e-01 9.320493e-01 9.364420e-01 9.453684e-01 9.466628e-01 9.556117e-01 9.592501e-01 9.612606e-01 9.713909e-01 9.803216e-01 9.900592e-01 1.000857e+00 1.006125e+00 1.023693e+00 1.043631e+00 1.055772e+00 1.073849e+00 1.112701e+00 1.139070e+00 
85 1191 2.102420e-01 1.138408e+00 8.654480e-01 8.654480e-01 8.705074e-01 8.720691e-01 8.750893e-01 8.810637e-01 8.854194e-01 8.893512e-01 8.971775e-01 8.988389e-01 9.007400e-01 9.078876e-01 9.103746e-01 9.133408e-01 9.171485e-01 9.189474e-01 9.242480e-01 9.306709e-01 9.349302e-01 9.439052e-01 9.454573e-01 9.546711e-01 9.583240e-01 9.602929e-01 9.725643e-01 9.803261e-01 9.895292e-01 9.989799e-01 1.004638e+00 1.022638e+00 1.042895e+00 1.055132e+00 1.071855e+00 1.110957e+00 1.138408e+00 
86 1205 2.046276e-01 1.136543e+00 8.651867e-01 8.651867e-01 8.689587e-01 8.711851e-01 8.735900e-01 8.801814e-01 8.844112e-01 8.898697e-01 8.950495e-01 8.970976e-01 9.012424e-01 9.063004e-01 9.108239e-01 9.125359e-01 9.166094e-01 9.188870e-01 9.231633e-01 9.286213e-01 9.351309e-01 9.422025e-01 9.454755e-01 9.527718e-01 9.579416e-01 9.627963e-01 9.711491e-01 9.787839e-01 9.876813e-01 9.976523e-01 1.004018e+00 1.020959e+00 1.043377e+00 1.054799e+00 1.069436e+00 1.110613e+00 1.136543e+00 
87 1219 2.011036e-01 1.137493e+00 8.633768e-01 8.633768e-01 8.679316e-01 8.697487e-01 8.718541e-01 8.788644e-01 8.827606e-01 8.891433e-01 8.930157e-01 8.963733e-01 9.017637e-01 9.071564e-01 9.107417e-01 9.127782e-01 9.168426e-01 9.187706e-01 9.224932e-01 9.289042e-01 9.360836e-01 9.409158e-01 9.457944e-01 9.509312e-01 9.558561e-01 9.615708e-01 9.700123e-01 9.784473e-01 9.890094e-01 9.972660e-01 1.001815e+00 1.019975e+00 1.043523e+00 1.061220e+00 1.068219e+00 1.112108e+00 1.137493e+00 
88 1233 1.982804e-01 1.137093e+00 8.616694e-01 8.616694e-01 8.660894e-01 8.689600e-01 8.703167e-01 8.781884e-01 8.810416e-01 8.884400e-01 8.912617e-01 8.946212e-01 9.001826e-01 9.072095e-01 9.095382e-01 9.122256e-01 9.179335e-01 9.194508e-01 9.221233e-01 9.270781e-01 9.357625e-01 9.398561e-01 9.441014e-01 9.495658e-01 9.557755e-01 9.637521e-01 9.708723e-01 9.790531e-01 9.896040e-01 9.991282e-01 1.002602e+00 1.020420e+00 1.041822e+00 1.061946e+00 1.066425e+00 1.111286e+00 1.137093e+00 
89 1247 1.927614e-01 1.135766e+00 8.594609e-01 8.594609e-01 8.643668e-01 8.680510e-01 8.686981e-01 8.777369e-01 8.803102e-01 8.869147e-01 8.892173e-01 8.926163e-01 8.995859e-01 9.054071e-01 9.074985e-01 9.099977e-01 9.172250e-01 9.192616e-01 9.229485e-01 9.270148e-01 9.341129e-01 9.410473e-01 9.444228e-01 9.491501e-01 9.550857e-01 9.642342e-01 9.702881e-01 9.784843e-01 9.887036e-01 1.000733e+00 1.004484e+00 1.021433e+00 1.041475e+00 1.059734e+00 1.065075e+00 1.113274e+00 1.135766e+00 
90 1261 3.604240e-01 1.134692e+00 8.583256e-01 8.583256e-01 8.640704e-01 8.660099e-01 8.676866e-01 8.774793e-01 8.795223e-01 8.859396e-01 8.878822e-01 8.905577e-01 8.977176e-01 9.039817e-01 9.055304e-01 9.087630e-01 9.156226e-01 9.177297e-01 9.208930e-01 9.270510e-01 9.328125e-01 9.398556e-01 9.442648e-01 9.522731e-01 9.535309e-01 9.625091e-01 9.702914e-01 9.792696e-01 9.940474e-01 1.000171e+00 1.004369e+00 1.020738e+00 1.041678e+00 1.058010e+00 1.063474e+00 1.114280e+00 1.134692e+00 
