%  columns="iteration, evaluation, fitness, void, void, xrecentbest" (startseed=211563, 2023/08/26 17:1:40.64)
1 15  1.392667491368318906e+03 0 0 4.172824e-01 3.305425e-01 3.296413e-01 1.809167e-01 1.040938e+00 4.733464e-01 3.829083e-01 5.257493e-01 3.790227e-01 7.421731e-01 5.363568e-01 4.945192e-01 4.173876e-01 3.368050e-01 7.572765e-01 7.374831e-01 1.088102e-01 1.087633e+00 8.907333e-01 1.052300e+00 4.036933e-03 1.919836e-01 7.109852e-01 2.906595e-01 5.645963e-01 -4.861544e-01 2.406439e-01 4.200452e-01 1.114071e-01 1.039812e+00 3.260594e-01 9.583183e-01 8.841517e-01 2.885718e-01 
2 29  3.322715284693904891e+02 0 0 5.426389e-01 9.004066e-01 5.415086e-01 9.687234e-01 9.560739e-01 3.763334e-01 2.051809e-01 4.663631e-01 7.503741e-01 1.444000e+00 6.295179e-01 7.693720e-01 8.376610e-01 3.715430e-01 3.486172e-01 1.298954e+00 2.312916e-01 7.214349e-01 7.511318e-01 2.230865e-01 -5.082544e-02 2.907781e-01 2.012943e-01 6.573122e-01 4.050504e-01 3.796646e-01 6.705491e-01 7.966938e-01 1.994558e-01 5.236866e-01 1.257172e+00 6.592421e-01 5.560431e-01 5.088740e-01 
3 43  2.812609730279648829e+03 0 0 5.816475e-01 6.856084e-01 8.878990e-01 4.827502e-01 6.838334e-01 5.006542e-01 7.460685e-01 2.715280e-01 1.197470e+00 9.523728e-01 4.088586e-01 4.816826e-01 2.681766e-01 2.651255e-01 5.382976e-01 7.096363e-01 -3.737561e-01 6.847627e-01 1.084658e+00 2.738766e-01 -8.699585e-02 1.666567e-01 7.213136e-01 6.229838e-01 1.720450e-01 9.237377e-01 9.995901e-01 4.978731e-01 5.584253e-01 8.576603e-01 9.819553e-01 8.041660e-01 7.088471e-01 4.736639e-01 
4 57  1.819851992967005572e+03 0 0 2.682089e-01 1.179826e+00 6.427757e-01 2.386601e-01 7.157665e-01 7.064840e-01 6.209656e-01 5.389488e-01 9.393773e-01 4.673094e-01 5.734455e-01 3.164911e-01 9.207708e-01 2.162776e-01 7.894927e-01 1.002439e+00 -4.252032e-03 9.352138e-01 1.081696e+00 4.816393e-01 1.984798e-01 5.973866e-01 4.240956e-01 1.132581e+00 2.886356e-01 2.210121e-01 6.604821e-01 6.212601e-01 1.625584e-01 8.540035e-01 9.698011e-01 1.261525e+00 1.101880e+00 1.146497e-01 
5 71  1.000000000000000000e+05 0 0 7.791532e-01 7.736406e-01 7.758101e-01 5.774178e-01 1.214339e+00 8.730673e-01 5.589679e-01 1.113139e-01 6.114017e-01 9.097062e-01 4.816920e-01 2.628882e-01 4.779568e-01 2.023433e-01 8.041441e-01 3.536202e-01 2.926866e-01 5.873554e-01 5.106601e-01 2.226666e-01 4.892607e-01 3.320945e-02 8.344425e-01 9.082300e-01 5.165624e-01 1.568312e-01 4.466040e-01 6.161205e-01 1.715902e-01 1.016937e+00 6.792890e-01 1.163262e+00 9.572270e-01 4.256170e-01 
6 85  1.000000000000000000e+05 0 0 3.038283e-01 6.721112e-01 1.027284e+00 -1.438812e-02 8.996464e-01 1.101995e+00 7.308100e-01 -2.712323e-01 7.634317e-01 7.104398e-01 2.159164e-01 7.344643e-01 2.615317e-01 -2.366210e-01 3.645550e-01 2.867705e-01 6.134167e-01 7.055907e-01 6.565084e-01 1.373579e-01 1.336479e-02 3.761135e-01 4.955104e-01 1.471670e+00 7.927639e-01 3.181412e-01 3.426791e-01 1.073459e+00 4.008548e-01 8.352662e-01 1.319335e+00 8.017802e-01 8.996173e-01 2.621141e-01 
7 99  1.000000000000000000e+05 0 0 3.417022e-01 3.103492e-01 3.878184e-01 1.601309e-01 6.965466e-01 7.993252e-01 6.683894e-01 1.249793e-01 1.007421e+00 4.387327e-01 2.047738e-01 6.755603e-01 6.301928e-01 3.579548e-01 9.086725e-01 6.471997e-01 4.995840e-01 4.344720e-01 6.414385e-01 1.309225e-01 4.698864e-01 2.196048e-01 4.312816e-01 6.654890e-01 2.681655e-01 6.482472e-01 1.022733e+00 7.708383e-01 6.237047e-02 1.143034e+00 8.827164e-01 7.763203e-01 6.566115e-01 2.144252e-01 
8 113  1.000000000000000000e+05 0 0 3.044977e-01 7.171071e-01 4.944163e-01 4.170689e-01 4.935430e-01 7.612954e-01 8.187487e-01 2.316926e-01 4.597337e-01 6.386698e-01 1.746657e-01 6.481545e-01 5.370800e-01 4.715194e-01 1.027862e+00 2.821655e-01 6.908401e-01 2.117141e-01 7.809736e-01 7.037693e-01 5.539606e-01 2.043954e-01 1.009649e+00 5.238103e-01 2.052234e-01 6.021657e-01 6.399748e-01 8.241436e-02 2.842011e-01 1.490347e+00 6.456560e-01 7.181255e-01 8.740004e-01 3.676666e-01 
9 127  1.000000000000000000e+05 0 0 -4.802347e-02 2.147370e-01 4.730368e-01 6.190863e-01 -3.675821e-02 5.585403e-01 4.501533e-01 5.312568e-02 1.062402e+00 5.911435e-01 4.144952e-01 6.641629e-01 4.246889e-01 1.672145e-01 7.681548e-01 1.169794e+00 6.482763e-01 3.103274e-01 3.975944e-01 5.232049e-01 6.523295e-01 4.638753e-01 2.364811e-01 7.693322e-01 2.951923e-01 8.579517e-01 5.425711e-01 2.855662e-01 2.874823e-01 8.813295e-01 6.212982e-01 7.388365e-01 3.120791e-01 8.797899e-03 
10 141  1.000000000000000000e+05 0 0 -6.386312e-02 5.368705e-01 5.347145e-01 1.494380e-01 1.013230e+00 7.421501e-01 1.124156e+00 1.583485e-02 6.273091e-01 7.935094e-01 2.999798e-01 1.522885e-01 2.201816e-01 4.585438e-02 1.071408e+00 1.524204e-01 4.079421e-01 1.673834e-01 5.218671e-01 7.663253e-01 4.961977e-01 8.032545e-01 2.881228e-01 2.471301e-01 4.435673e-01 7.127799e-01 6.399048e-01 3.686587e-01 6.079875e-01 9.971373e-01 5.369299e-01 8.196329e-01 5.358665e-01 2.993995e-01 
11 155  1.236382042586467151e+03 0 0 -9.846038e-02 2.928255e-01 7.620358e-01 1.506896e-01 7.084009e-01 3.429609e-01 9.100057e-01 6.836501e-02 9.507775e-01 4.255544e-01 4.344919e-01 2.122399e-01 1.531213e-01 -2.425372e-02 8.057397e-01 5.399757e-01 2.218499e-01 4.190564e-01 4.904915e-01 4.545928e-01 6.053615e-01 5.617406e-01 4.468008e-01 3.018493e-01 4.330007e-01 4.065395e-01 9.399898e-01 2.454878e-01 5.328112e-01 7.982064e-01 7.001283e-01 1.104513e+00 4.797543e-01 3.157925e-01 
12 169  1.000000000000000000e+05 0 0 -2.337746e-01 1.319431e-01 8.472771e-01 -1.668376e-01 7.978865e-01 6.084005e-01 8.294800e-01 1.587139e-01 5.315873e-01 3.801103e-01 7.221921e-01 4.701961e-01 3.659401e-01 -1.499229e-01 1.043388e+00 8.707187e-01 5.344786e-01 -3.730188e-02 7.123538e-01 5.962859e-01 4.968146e-01 9.036002e-01 1.690809e-01 4.708061e-01 3.403522e-02 4.887556e-01 6.535216e-01 2.670139e-01 5.194078e-01 4.019430e-01 7.681462e-01 3.323827e-01 9.790044e-01 7.029901e-02 
13 183  9.756304917644329180e+02 0 0 -4.997158e-01 1.411487e-01 9.624584e-01 3.174927e-01 7.312301e-01 5.504083e-01 6.045554e-01 3.635444e-01 5.770475e-01 9.599973e-01 3.820000e-01 4.506542e-01 1.687098e-01 1.621643e-01 7.358854e-01 9.511314e-01 3.153407e-01 3.980026e-01 5.076543e-01 8.643496e-01 3.425919e-01 1.061275e+00 2.645610e-01 6.591763e-01 2.439272e-01 7.388833e-01 8.108230e-01 4.634300e-01 7.833558e-01 6.548198e-01 6.355761e-01 8.786298e-01 7.530031e-01 2.549381e-01 
14 197  2.907068078378275459e+03 0 0 -1.496005e-01 -1.984464e-01 5.331542e-01 -1.378310e-02 1.106675e+00 8.332944e-01 8.806110e-01 2.938063e-01 4.956942e-01 1.076430e+00 2.525929e-01 3.840506e-01 5.388110e-01 2.760412e-01 6.074349e-01 3.632175e-01 2.898704e-01 3.947705e-01 4.699807e-01 7.339986e-01 7.079677e-01 8.334647e-01 7.371097e-01 9.808563e-01 -9.403559e-02 6.362183e-01 9.838819e-01 9.135149e-01 1.271196e-01 7.491153e-01 7.448965e-01 5.048468e-01 5.073944e-01 4.472596e-01 
15 211  1.000000000000000000e+05 0 0 3.715415e-01 4.224498e-02 8.487180e-01 -9.297733e-02 7.751643e-01 8.205833e-01 6.503824e-01 1.727012e-01 1.796585e-01 8.054490e-01 1.215351e-01 3.653927e-03 3.700311e-01 -2.733042e-01 1.005076e+00 3.621510e-01 5.616216e-01 -5.420500e-03 5.492493e-01 8.165181e-01 8.621159e-01 7.157235e-01 1.177244e+00 5.542742e-01 1.915953e-01 2.739977e-01 6.913529e-01 6.539140e-01 9.318968e-02 6.924793e-01 4.600086e-01 1.016362e+00 7.846218e-01 7.761966e-01 
16 225  1.000000000000000000e+05 0 0 -2.067726e-02 -1.695569e-01 7.571646e-01 4.813215e-02 3.567518e-01 1.124838e+00 8.078177e-01 -4.402522e-02 2.353830e-01 9.372817e-01 -2.537033e-02 4.499932e-01 2.234986e-01 4.835611e-02 7.543833e-01 5.832433e-01 1.871274e-01 2.932213e-01 3.572835e-01 7.944049e-01 9.591390e-01 8.439520e-01 4.303349e-01 5.363072e-01 3.175753e-01 4.491421e-01 5.588555e-01 4.448914e-01 4.052100e-01 6.035876e-01 7.853515e-01 1.076350e+00 4.761552e-01 4.309031e-01 
17 239  1.000000000000000000e+05 0 0 -9.991982e-02 4.436540e-02 5.612216e-01 2.681123e-01 4.166345e-01 2.934291e-01 7.328316e-01 1.962357e-01 6.108333e-01 9.335818e-01 3.526007e-01 8.561199e-03 -1.117317e-01 -9.022629e-02 1.159853e+00 5.214922e-01 6.951467e-01 1.277633e-01 6.249290e-01 4.802563e-01 6.398252e-01 8.080389e-01 4.565051e-01 3.882148e-01 3.715301e-01 4.428536e-01 5.479890e-01 1.413965e-01 8.630847e-02 5.181185e-02 4.082110e-01 1.194624e+00 8.339409e-01 4.773619e-01 
18 253  1.000000000000000000e+05 0 0 -3.196489e-01 -2.070538e-02 4.948039e-01 1.145571e-01 3.322136e-01 2.523080e-01 9.596063e-01 -9.590583e-02 5.966663e-01 1.167144e+00 1.301215e-01 1.540131e-01 2.898678e-02 -1.360479e-01 8.132073e-01 3.634333e-01 1.399619e-01 -3.416092e-02 6.119734e-01 5.186857e-01 6.453298e-01 2.693716e-01 3.990682e-01 4.223289e-01 4.641399e-01 7.477156e-01 3.441992e-01 4.237886e-01 3.193286e-01 2.673144e-01 1.445428e-01 9.570798e-01 8.933584e-01 4.759207e-01 
19 267  1.000000000000000000e+05 0 0 4.196074e-01 4.328749e-01 3.473872e-01 3.209899e-01 2.792896e-01 5.854371e-01 7.681272e-01 2.910209e-01 5.411975e-01 5.462222e-01 3.839155e-02 6.736890e-01 3.980984e-01 2.631497e-01 6.945643e-01 2.574315e-01 3.890415e-01 6.638743e-02 5.105883e-01 1.495705e-01 4.374365e-01 8.737753e-01 5.263681e-01 2.704983e-01 2.646786e-01 6.161111e-01 4.116487e-01 5.924151e-01 2.914234e-01 4.948316e-01 2.927287e-01 9.202747e-01 5.452823e-01 6.075461e-01 
20 281  1.000000000000000000e+05 0 0 2.530944e-02 2.919599e-01 6.274395e-01 3.517667e-01 4.956084e-01 5.665611e-01 7.132256e-01 5.938058e-02 6.345115e-01 4.555232e-01 2.703374e-01 1.064600e+00 8.002694e-02 4.779669e-01 8.206244e-01 3.905211e-01 5.560324e-01 2.287988e-04 3.895728e-01 3.098630e-01 5.365222e-01 7.407607e-01 8.500429e-01 3.296780e-01 4.984151e-01 1.014056e+00 4.717449e-01 4.583085e-01 2.374175e-01 4.148257e-01 5.797142e-01 1.018308e+00 6.280690e-01 3.754206e-01 
21 295  1.000000000000000000e+05 0 0 5.105086e-01 3.844810e-01 4.582259e-01 4.640842e-01 3.228360e-01 5.235258e-01 6.037898e-01 4.560380e-02 4.668333e-01 5.834620e-01 2.118018e-02 6.225975e-01 -1.504130e-01 4.339713e-01 4.309549e-01 5.763183e-02 4.169079e-01 2.243539e-01 3.558112e-01 2.474922e-01 8.324345e-01 2.620717e-01 5.362061e-01 3.197402e-01 3.670415e-01 9.585440e-01 5.026073e-01 5.928761e-01 3.367548e-01 4.573694e-01 2.835185e-01 1.111300e+00 7.511581e-01 4.229268e-01 
22 309  1.000000000000000000e+05 0 0 2.344038e-01 -6.361658e-03 5.414883e-01 2.766032e-01 3.168881e-01 5.646286e-01 5.541644e-01 9.342199e-02 8.189728e-01 6.584181e-01 5.469295e-01 5.201052e-01 1.083892e-01 6.410411e-01 8.007935e-01 2.832912e-01 1.245132e-01 1.740850e-01 3.042169e-01 1.678822e-01 6.219914e-01 1.026276e+00 7.352387e-01 4.965598e-01 3.883159e-02 8.790658e-01 5.496352e-01 8.193159e-01 3.481404e-01 2.277287e-01 5.969393e-01 7.825834e-01 7.136548e-01 6.319264e-01 
23 323  1.000000000000000000e+05 0 0 6.380088e-01 3.302980e-01 5.348084e-01 3.218894e-01 5.075693e-01 5.937496e-01 6.304749e-01 1.928264e-01 4.957791e-01 7.489286e-01 2.892254e-01 3.189532e-01 4.509905e-02 4.547932e-01 9.941698e-01 6.713965e-02 2.965728e-01 1.044808e-01 5.320116e-01 1.684876e-01 6.981749e-01 7.789551e-01 5.243128e-01 3.825442e-01 1.284547e-01 7.237045e-01 4.608195e-01 7.518909e-01 3.817513e-01 3.551703e-01 1.720500e-01 1.033229e+00 7.817322e-01 3.251026e-01 
24 337  1.000000000000000000e+05 0 0 3.021721e-01 1.645344e-02 5.542052e-01 2.785537e-01 1.072787e-01 7.063049e-01 3.119263e-01 2.238359e-01 7.093841e-01 3.963087e-01 3.503950e-01 5.889236e-01 6.662134e-01 2.500308e-01 8.575790e-01 2.957153e-01 5.763990e-01 6.803955e-02 3.437488e-01 5.566815e-01 1.067835e+00 7.717241e-01 8.729610e-01 3.378575e-01 3.405861e-03 6.778217e-01 5.573109e-01 8.746950e-01 1.264717e-01 2.592995e-01 2.927462e-01 6.606533e-01 8.059308e-01 5.773683e-01 
25 351  1.000000000000000000e+05 0 0 1.872630e-01 6.632491e-02 3.302902e-01 -3.791760e-02 4.780667e-01 6.688588e-01 7.843129e-01 2.775507e-01 4.985780e-01 7.453647e-01 -1.412514e-01 6.318760e-01 3.072158e-01 4.619166e-01 9.428495e-01 3.183386e-01 3.096252e-01 2.040371e-01 7.988160e-01 4.534892e-01 7.832363e-01 3.935875e-01 7.162915e-01 2.446877e-01 2.377550e-01 4.864036e-01 3.283851e-01 1.020395e+00 4.414601e-01 4.297845e-01 3.805587e-01 1.079976e+00 8.239209e-01 7.192182e-01 
26 365  1.000000000000000000e+05 0 0 3.008938e-01 1.753641e-01 8.569487e-01 3.853315e-02 3.722045e-01 6.720897e-01 8.229140e-01 3.324340e-01 5.734155e-01 7.378220e-01 -9.382469e-02 5.654098e-01 2.323284e-01 2.137589e-01 1.073084e+00 3.672620e-02 6.053248e-01 1.156222e-01 8.585256e-01 5.818353e-01 1.081956e+00 4.885382e-01 6.563444e-01 2.808773e-01 1.896628e-01 7.402180e-01 6.804914e-01 6.809304e-01 5.537010e-01 1.060446e-01 7.031447e-01 7.996813e-01 7.133108e-01 6.389720e-01 
27 379  1.000000000000000000e+05 0 0 3.228532e-01 1.470385e-01 2.544704e-01 -1.295482e-01 6.096589e-01 7.523231e-01 8.571714e-01 2.376764e-01 7.934948e-01 5.298431e-01 3.285133e-01 3.258711e-01 3.329767e-02 3.207742e-01 7.687962e-01 2.750535e-01 2.540813e-01 3.806359e-01 3.613481e-01 4.055546e-01 8.566761e-01 9.290058e-01 4.662536e-01 8.710628e-02 2.045541e-02 6.229413e-01 2.538719e-01 1.086687e+00 4.814726e-02 5.976097e-01 4.839985e-01 5.684709e-01 5.666283e-01 4.455844e-01 
28 393  1.000000000000000000e+05 0 0 5.694195e-01 3.786313e-01 1.874423e-01 5.580926e-01 4.613249e-01 8.621422e-01 5.833423e-01 5.557982e-01 4.799157e-01 5.067300e-01 5.761736e-01 5.539005e-02 3.450209e-01 1.511821e-01 9.798195e-01 2.570091e-01 1.789517e-01 6.368474e-01 9.094156e-01 5.822358e-01 9.504278e-01 9.385821e-01 8.898356e-01 1.671942e-01 1.577085e-01 6.014099e-01 7.584953e-01 6.852125e-01 3.937749e-01 4.201760e-01 2.829684e-01 4.600184e-01 7.873085e-01 6.075046e-01 
29 407  1.000000000000000000e+05 0 0 2.034365e-01 6.379698e-02 3.530193e-01 1.248903e-01 4.848512e-01 7.728851e-01 1.026139e+00 3.641359e-01 6.267215e-01 3.769932e-01 2.993456e-01 5.418708e-01 -1.418872e-01 2.607801e-01 6.876737e-01 2.323255e-01 7.092168e-02 3.157606e-01 7.571191e-01 5.843411e-01 5.231804e-01 6.988160e-01 5.175343e-01 3.929232e-01 2.659876e-01 6.193628e-01 6.178663e-01 7.945267e-01 5.575727e-01 4.007480e-01 4.808571e-01 5.396969e-01 9.503791e-01 4.288571e-01 
30 421  1.000000000000000000e+05 0 0 5.211473e-01 2.441380e-01 6.390618e-01 2.783942e-01 6.834457e-01 8.848006e-01 4.853010e-01 3.034329e-01 3.828783e-01 7.062697e-01 4.232775e-01 3.189553e-01 -1.844316e-01 -1.267916e-01 6.949618e-01 -7.914679e-02 2.800934e-01 5.604965e-01 5.186132e-01 4.962250e-01 1.053329e+00 5.238846e-01 8.499379e-01 1.772974e-01 3.969181e-01 6.595297e-01 2.662117e-01 8.182799e-01 1.542603e-01 8.247473e-02 4.381122e-01 3.831436e-01 7.166409e-01 3.418350e-01 
31 435  1.000000000000000000e+05 0 0 3.311824e-01 4.696813e-01 5.278329e-01 7.955504e-01 8.167743e-01 9.987525e-01 3.556982e-01 1.124393e-01 2.645978e-01 4.493142e-01 2.380172e-01 2.536301e-01 2.512323e-01 2.679309e-01 6.998613e-01 5.986452e-02 8.322774e-01 6.410141e-01 8.569119e-01 4.505371e-01 9.883099e-01 7.582357e-01 9.030257e-01 1.166336e-03 3.028178e-01 6.283502e-01 7.108426e-01 6.981001e-01 4.433207e-01 1.967950e-01 2.705525e-01 7.098131e-01 5.125714e-01 4.187942e-01 
32 449  1.000000000000000000e+05 0 0 2.642177e-01 3.658128e-01 5.673109e-01 7.142656e-01 3.970530e-01 9.031955e-01 3.121723e-01 1.639733e-01 2.166067e-01 5.918971e-01 1.490155e-01 8.285298e-02 4.958141e-01 1.021820e-01 1.052092e+00 -1.029774e-01 7.109132e-01 4.157367e-01 5.058614e-01 4.256935e-01 8.952471e-01 7.183680e-01 9.677314e-01 3.557020e-01 7.047744e-02 5.411413e-01 3.916237e-01 8.701235e-01 5.346458e-01 5.785621e-01 5.026622e-01 5.652373e-01 3.463055e-01 3.530187e-01 
33 463  1.000000000000000000e+05 0 0 3.235620e-01 5.773396e-01 6.467781e-01 4.985600e-01 8.471979e-01 8.674641e-01 3.933180e-01 -1.060821e-02 3.006970e-01 3.387724e-01 3.777170e-01 5.024549e-01 3.633531e-01 3.533142e-01 8.100010e-01 -3.020193e-02 7.101144e-01 5.700512e-01 8.011058e-01 3.930720e-01 8.018208e-01 9.380751e-01 6.551425e-01 1.536289e-01 2.377836e-01 7.056525e-01 6.254685e-01 9.621909e-01 3.556162e-01 2.010613e-01 3.273683e-01 5.412334e-01 5.529344e-01 1.000924e-01 
34 477  1.000000000000000000e+05 0 0 4.688452e-01 7.000418e-01 5.313220e-01 8.735790e-01 2.846718e-01 9.705040e-01 4.423472e-01 7.907402e-02 2.180162e-01 4.888403e-01 4.625051e-01 2.694281e-01 5.554429e-01 1.541651e-01 8.168145e-01 -2.304153e-01 6.578849e-01 6.382711e-01 9.633304e-01 7.485312e-03 6.408537e-01 6.207263e-01 8.050150e-01 6.524423e-02 3.007629e-01 5.956165e-01 7.584841e-01 1.082881e+00 4.813472e-01 3.746685e-01 6.146184e-01 8.932311e-01 5.369507e-01 3.847284e-01 
35 491  1.000000000000000000e+05 0 0 2.623285e-01 4.467809e-01 5.980551e-01 9.436396e-01 7.570624e-01 1.038950e+00 1.978434e-01 3.970822e-01 5.796004e-01 3.477500e-01 2.491472e-01 2.862330e-01 1.949203e-01 1.998109e-01 9.752408e-01 1.548734e-02 7.390988e-01 3.096010e-01 5.198449e-01 3.062906e-01 6.034807e-01 5.760506e-01 5.826780e-01 2.017544e-01 3.210477e-01 7.608845e-01 5.457231e-01 8.598607e-01 1.262355e-02 3.842345e-01 2.384482e-01 6.025116e-01 5.639128e-01 3.355148e-01 
36 505  1.000000000000000000e+05 0 0 3.619218e-01 8.112331e-01 5.136455e-01 7.425766e-01 7.825155e-01 1.065707e+00 2.946712e-01 4.803317e-01 6.009661e-01 5.337675e-01 2.718363e-01 4.436362e-01 3.722631e-01 5.341340e-01 7.011628e-01 2.814325e-01 5.722539e-01 6.436694e-01 8.621181e-01 2.508643e-01 5.203777e-01 8.684460e-01 7.883496e-01 -1.297761e-01 1.606194e-01 1.033501e+00 3.516505e-01 9.268951e-01 5.217826e-01 2.441341e-01 3.782848e-01 8.469004e-01 7.843919e-01 3.227771e-01 
37 519  1.000000000000000000e+05 0 0 6.690038e-01 6.180805e-01 4.901604e-01 7.817445e-01 6.294140e-01 1.203288e+00 4.733167e-01 2.802583e-02 8.479518e-01 6.509502e-01 4.334804e-01 5.644581e-01 3.158495e-01 5.222498e-01 7.166821e-01 1.997501e-01 5.460731e-01 1.857565e-01 6.484222e-01 3.958007e-01 4.788346e-01 6.436887e-01 1.042164e+00 2.771778e-01 2.830857e-01 8.953477e-01 4.764883e-01 9.379273e-01 3.910959e-01 1.897752e-01 5.185916e-01 4.321084e-01 6.367919e-01 1.551162e-01 
38 533  4.407794707820944495e+02 0 0 5.329440e-01 8.461927e-01 4.277770e-01 9.621881e-01 5.027839e-01 6.241713e-01 3.084611e-01 6.507167e-01 5.933029e-01 3.633193e-01 6.941464e-01 9.521825e-01 7.154822e-01 3.480705e-01 1.100712e+00 2.975785e-01 5.464142e-01 6.293880e-01 5.248662e-01 1.622247e-01 5.571120e-01 8.031432e-01 8.872104e-01 2.633055e-02 2.163737e-01 7.197557e-01 3.835612e-01 7.729481e-01 5.056817e-01 5.034405e-01 1.539647e-01 4.837359e-01 4.398504e-01 2.936817e-01 
39 547  1.000000000000000000e+05 0 0 4.328603e-01 4.917470e-01 4.548732e-01 6.131343e-01 6.548452e-01 8.589521e-01 2.155982e-01 3.230698e-01 8.021077e-01 4.682872e-01 5.024910e-01 1.048843e+00 6.391224e-01 6.269907e-01 8.069144e-01 3.331757e-01 5.598401e-01 4.229637e-01 6.064345e-01 3.081356e-01 5.143322e-01 8.556189e-01 8.279249e-01 2.720636e-02 2.111902e-01 1.106473e+00 3.209797e-01 8.661714e-01 3.969139e-01 1.364372e-01 2.994644e-01 5.596859e-01 3.092985e-01 2.129055e-01 
40 561  1.000000000000000000e+05 0 0 1.859335e-01 7.166038e-01 2.394880e-01 7.003730e-01 5.167835e-01 8.473500e-01 3.969145e-01 4.546277e-01 7.402232e-01 5.818943e-01 6.150903e-01 4.470169e-01 4.994301e-02 7.854343e-01 9.627039e-01 5.118117e-01 3.899610e-01 5.572029e-01 6.848377e-01 9.602758e-02 2.965257e-01 6.849320e-01 6.713892e-01 3.672473e-01 2.753250e-01 8.042107e-01 3.293662e-01 7.650228e-01 5.928670e-01 3.941460e-01 3.863091e-01 2.386277e-01 4.115068e-01 6.427829e-01 
41 575  1.000000000000000000e+05 0 0 2.606685e-01 6.319733e-01 5.480317e-01 9.747109e-01 4.603173e-01 7.665884e-01 5.898029e-01 4.273993e-01 1.902672e-01 3.154384e-01 3.587906e-01 3.057623e-01 5.580585e-02 6.966607e-01 1.464083e+00 2.937901e-01 4.866484e-01 6.192563e-01 6.471171e-01 1.271464e-01 4.350686e-01 7.413994e-01 4.163813e-01 3.134382e-02 5.862555e-01 5.465984e-01 1.445955e-01 7.017408e-01 6.568484e-01 6.145774e-01 4.752431e-01 -9.076666e-02 4.132326e-01 2.483029e-01 
42 589  1.000000000000000000e+05 0 0 2.701792e-01 6.360692e-01 1.711836e-01 6.791836e-01 3.004387e-01 7.980714e-01 7.311047e-01 3.344564e-01 7.137063e-01 7.048370e-01 4.913728e-01 3.815989e-01 9.932871e-02 4.974994e-01 6.920983e-01 7.576738e-01 6.036057e-01 8.368684e-01 5.585644e-01 8.620477e-02 5.935860e-01 8.035739e-01 8.697453e-01 4.424728e-01 4.101782e-01 1.107615e+00 5.950974e-01 7.337126e-01 3.719214e-01 5.181132e-01 3.259202e-01 1.162633e-01 3.341466e-01 6.518266e-01 
43 603  1.000000000000000000e+05 0 0 -1.295228e-01 5.460981e-01 -2.378233e-01 7.111527e-01 7.523309e-01 1.100983e+00 7.667624e-01 3.735667e-01 5.687205e-01 3.874840e-01 4.194728e-01 5.398832e-01 2.677781e-03 8.733725e-01 3.885161e-01 2.268239e-01 5.617471e-01 4.675973e-01 7.075487e-01 -2.103364e-01 1.511616e-01 8.581076e-01 6.983354e-01 5.056922e-01 1.008468e-01 6.862654e-01 6.042620e-01 7.043533e-01 4.318714e-01 4.730558e-01 3.143635e-01 1.160972e-01 4.921846e-01 1.976262e-01 
44 617  1.000000000000000000e+05 0 0 3.409833e-01 5.616414e-01 3.612622e-01 4.200012e-01 5.918810e-01 8.475850e-01 8.153011e-01 4.286855e-01 5.657709e-01 2.272465e-01 7.438555e-01 4.920780e-01 -3.532110e-05 1.079423e+00 1.177377e+00 2.721674e-01 8.978161e-01 5.828111e-01 3.913657e-01 3.046705e-01 3.049081e-01 6.424520e-01 2.275636e-01 1.896806e-01 5.429723e-01 1.061598e+00 7.113481e-01 5.982783e-01 7.210521e-01 8.938043e-01 4.299653e-01 3.671407e-01 4.935214e-01 7.303781e-01 
45 631  1.000000000000000000e+05 0 0 3.134006e-03 6.572308e-01 2.691466e-01 5.765471e-01 5.909842e-01 9.957683e-01 6.803046e-01 -9.878109e-03 6.600645e-01 4.414428e-01 7.019229e-01 7.678245e-01 2.275689e-01 6.851700e-01 7.229471e-01 3.886601e-01 8.667186e-01 6.965405e-01 4.330066e-01 2.585438e-01 5.253122e-01 8.857615e-01 7.726866e-01 1.870248e-01 7.699061e-01 6.884465e-01 8.329903e-01 8.172415e-01 9.176740e-01 5.391914e-01 -1.964394e-02 5.801485e-01 6.404822e-01 7.036685e-01 
46 645  1.000000000000000000e+05 0 0 2.817084e-01 8.249119e-01 3.007227e-03 3.233743e-01 4.794565e-01 9.608461e-01 5.616298e-01 2.973936e-02 4.878660e-01 2.550378e-01 8.854897e-01 9.875637e-01 6.485152e-02 8.798238e-01 5.639427e-01 2.726247e-01 9.398554e-01 1.078403e+00 5.511282e-01 3.386478e-01 4.243937e-01 4.776220e-01 5.775725e-01 1.054304e-01 6.964979e-01 5.774756e-01 7.619022e-01 6.260063e-01 6.335214e-01 5.947002e-01 -7.868372e-02 9.587063e-01 5.601929e-01 2.366413e-01 
47 659  1.000000000000000000e+05 0 0 2.010278e-01 7.207696e-01 -3.088238e-02 4.703675e-01 4.748028e-01 8.566769e-01 3.898265e-01 2.833093e-01 6.258375e-01 1.435176e-01 6.535635e-01 6.288742e-01 3.679480e-01 8.585374e-01 9.078443e-01 1.141523e-01 8.062911e-01 7.357765e-01 6.477982e-01 1.404652e-01 -1.431886e-02 7.655866e-01 4.710820e-01 1.769832e-01 7.658158e-01 7.972096e-01 5.389338e-01 9.448570e-01 4.581786e-01 4.270610e-01 1.504266e-01 8.135012e-01 7.628369e-01 3.064310e-01 
48 673  1.000000000000000000e+05 0 0 5.411078e-01 5.968805e-01 1.960106e-01 3.596676e-01 2.398966e-02 9.967952e-01 5.257813e-01 6.978165e-01 7.227882e-01 -1.257398e-01 1.002868e+00 9.627019e-01 2.414048e-02 4.011364e-01 6.501834e-01 2.657740e-01 8.390460e-01 7.183194e-01 7.271096e-01 4.862181e-01 -3.250188e-01 6.623103e-01 6.937019e-01 2.986587e-02 2.686349e-01 6.463219e-01 8.090853e-01 7.402870e-01 3.792936e-01 1.775975e-01 -9.165652e-02 1.058847e+00 7.889708e-01 2.002263e-01 
49 687  1.000000000000000000e+05 0 0 1.600659e-01 3.426207e-01 2.702924e-01 2.253395e-01 2.742173e-01 1.036222e+00 7.295015e-01 2.717904e-01 8.506460e-01 4.177010e-01 6.594074e-01 6.043698e-01 4.240566e-01 4.913698e-01 8.179157e-01 6.395975e-02 8.103043e-01 3.285187e-01 6.869500e-01 3.490191e-01 -5.936786e-02 5.979173e-01 3.717332e-01 6.195747e-01 3.843841e-01 5.751069e-01 6.297511e-01 8.763227e-01 4.871644e-01 5.323158e-01 4.388612e-01 7.346610e-01 6.395621e-01 6.896246e-01 
50 701  1.000000000000000000e+05 0 0 3.961449e-01 5.614064e-01 3.025760e-01 4.675112e-01 4.166918e-01 9.098525e-01 5.542090e-01 4.328338e-01 8.404149e-01 4.035808e-01 7.362702e-01 1.046154e+00 3.216454e-01 4.828763e-01 3.289172e-01 5.037668e-02 7.129312e-01 7.582446e-01 5.617072e-01 4.997582e-01 3.855871e-01 3.564881e-01 6.595744e-01 2.457572e-02 4.404015e-01 6.070079e-01 7.089423e-01 1.081089e+00 6.694775e-01 5.529808e-01 4.708818e-01 8.775391e-01 9.206747e-01 2.534694e-01 
51 715  1.000000000000000000e+05 0 0 3.075135e-01 6.560470e-01 7.228458e-02 5.312464e-01 2.841484e-01 1.002646e+00 7.313255e-01 3.438021e-01 3.396129e-01 5.275405e-01 4.831827e-01 6.446206e-01 2.782375e-01 7.121966e-01 8.140020e-01 3.615503e-01 1.047113e+00 9.340467e-01 8.511786e-01 4.976263e-01 4.728351e-01 5.575706e-01 5.522991e-01 5.900978e-01 -9.635724e-02 6.081758e-01 7.773466e-01 8.175316e-01 7.740787e-01 6.030272e-01 1.983668e-01 8.783205e-01 8.419867e-01 3.216294e-01 
52 729  1.000000000000000000e+05 0 0 1.690157e-01 5.511309e-01 3.245769e-01 2.437792e-01 2.759458e-01 9.105546e-01 6.854619e-01 2.408913e-01 3.738788e-01 5.064659e-01 7.713160e-01 6.019936e-01 3.701369e-01 5.537245e-01 8.233210e-01 4.590600e-01 8.249931e-01 7.127170e-01 5.987691e-01 3.036755e-01 3.477762e-01 7.385275e-01 5.857805e-01 5.501767e-01 -7.599943e-02 6.602770e-01 6.068628e-01 9.458091e-01 1.052307e+00 7.456404e-01 5.003769e-01 8.444146e-01 8.714321e-01 6.339420e-01 
53 743  1.000000000000000000e+05 0 0 4.539687e-01 4.265922e-01 7.666751e-01 3.423588e-01 8.015840e-01 9.427096e-01 8.288643e-01 4.118458e-01 2.726361e-01 2.802737e-01 6.147614e-01 7.507025e-01 8.638611e-03 9.799233e-01 1.063647e+00 4.579774e-01 1.099411e+00 8.329924e-01 6.717416e-01 5.087444e-01 8.105843e-01 8.601430e-01 7.911667e-01 3.994048e-01 7.823037e-01 5.658467e-01 9.340717e-01 3.903232e-01 8.337028e-01 6.953116e-01 3.392226e-01 6.687209e-01 6.450864e-01 1.830905e-01 
54 757  1.000000000000000000e+05 0 0 1.735022e-01 5.845304e-02 2.171437e-01 7.565134e-01 2.914995e-01 8.483343e-01 9.575952e-01 2.934332e-01 4.628606e-01 6.880278e-01 3.350548e-01 7.983281e-01 9.474570e-02 4.281386e-01 1.077769e+00 3.655472e-01 8.004638e-01 1.064102e+00 7.381117e-01 8.530138e-02 2.432280e-01 7.777500e-01 6.103886e-01 3.823622e-01 3.333124e-01 7.135914e-01 8.815763e-01 7.089773e-01 1.470363e+00 3.693784e-01 3.436849e-01 2.398975e-01 7.909794e-01 -1.255846e-01 
55 771  1.000000000000000000e+05 0 0 3.922442e-01 7.094274e-01 9.454769e-02 3.714308e-01 3.512515e-01 4.493943e-01 4.524181e-01 1.196778e-01 5.745581e-02 8.961861e-01 3.958261e-01 2.436959e-01 2.690612e-01 8.073092e-01 1.017091e+00 2.404185e-01 6.004104e-01 5.118228e-01 8.568159e-01 4.368693e-01 2.852676e-01 6.604600e-01 2.362796e-01 4.367952e-01 6.383975e-01 8.366217e-01 4.754938e-01 5.300050e-01 7.914727e-01 8.789408e-01 1.901440e-01 7.223692e-01 7.802496e-01 5.222372e-01 
56 785  1.000000000000000000e+05 0 0 6.193408e-01 7.859712e-01 2.173015e-01 5.098794e-01 4.794694e-01 7.522646e-01 4.141306e-01 -1.581196e-01 2.629938e-01 9.633796e-01 3.817851e-01 4.312917e-01 1.193804e-01 5.738858e-01 8.662597e-01 4.012129e-01 8.165606e-01 8.160424e-01 9.696290e-01 6.160809e-01 7.168155e-01 4.146757e-01 8.164939e-01 5.117888e-01 6.284554e-01 8.897240e-01 5.138407e-01 3.743337e-01 1.007912e+00 6.490839e-01 3.485279e-01 1.003332e+00 8.332972e-01 1.552616e-01 
57 799  1.000000000000000000e+05 0 0 4.732679e-01 8.859217e-01 2.162327e-01 6.721368e-01 6.506565e-01 4.498984e-01 7.622108e-01 2.242524e-02 3.981381e-01 9.510432e-01 3.701694e-01 4.830145e-01 8.972046e-02 7.446114e-01 7.289331e-01 4.095558e-01 6.399701e-01 8.683643e-01 5.159940e-01 2.480088e-01 7.650325e-01 7.067450e-01 6.881844e-01 6.454731e-01 4.234538e-01 7.850498e-01 7.559632e-01 5.039374e-01 6.625571e-01 4.549903e-01 2.951779e-01 7.309818e-01 8.217999e-01 2.179223e-01 
58 813  1.000000000000000000e+05 0 0 3.222293e-01 6.856743e-01 7.019802e-02 8.521753e-01 6.693818e-01 6.174937e-01 3.939569e-01 -2.681308e-02 4.386493e-01 6.965948e-01 1.649880e-01 3.385556e-01 4.332702e-02 5.776196e-01 6.967924e-01 3.011027e-01 5.900199e-01 7.725627e-01 6.374474e-01 4.488500e-01 7.599413e-01 6.758989e-01 1.027777e+00 5.547975e-01 6.479312e-01 5.836466e-01 7.932551e-01 3.738218e-01 7.479994e-01 6.080801e-01 4.435056e-01 1.051067e+00 6.845952e-01 2.745419e-01 
59 827  1.000000000000000000e+05 0 0 3.424614e-01 5.380227e-01 4.664082e-01 5.525959e-01 5.232585e-01 6.423784e-01 6.699912e-01 6.457566e-02 1.242867e-01 6.322335e-01 5.045856e-01 3.292728e-01 2.118627e-01 7.855814e-01 9.187468e-01 1.372481e-01 5.915548e-01 6.760086e-01 5.151728e-01 3.907623e-01 6.951834e-01 6.198310e-01 7.407012e-01 4.505986e-01 5.265817e-01 6.296463e-01 5.720223e-01 2.213431e-01 4.942153e-01 6.529669e-01 5.088681e-01 6.865038e-01 5.380538e-01 3.241171e-01 
60 841  1.000000000000000000e+05 0 0 1.116487e-01 1.000190e+00 2.808788e-01 4.404450e-01 5.526431e-01 5.232232e-01 6.716410e-01 2.646914e-01 1.130955e-01 7.470093e-01 -2.868315e-02 4.273877e-01 2.758760e-01 6.126554e-01 7.365541e-01 4.120830e-01 7.390370e-01 7.274537e-01 4.372994e-01 6.965092e-01 4.687119e-01 7.112747e-01 5.824781e-01 5.487986e-01 1.126851e+00 6.375863e-01 2.844253e-01 7.718414e-02 7.398231e-01 7.688618e-01 4.793790e-01 6.710472e-01 7.616614e-01 3.570100e-01 
61 855  1.000000000000000000e+05 0 0 2.661121e-01 6.603539e-01 2.707577e-01 1.692859e-01 4.286394e-01 7.506538e-01 3.152254e-01 3.278225e-01 6.410538e-01 5.587177e-01 4.370387e-01 2.336095e-01 -3.987307e-02 7.987703e-01 7.769019e-01 3.906926e-01 5.491361e-01 9.654553e-01 1.177984e-01 7.258253e-01 6.933769e-01 6.711275e-01 8.028022e-01 3.883773e-01 6.344093e-01 7.039754e-01 3.981962e-01 1.997578e-01 8.218238e-01 5.084430e-01 4.265574e-01 8.019561e-01 1.009703e+00 2.924941e-01 
62 869  1.000000000000000000e+05 0 0 1.175112e-01 5.624430e-01 1.783618e-01 5.452918e-01 2.197868e-01 3.285049e-01 8.251549e-01 2.548875e-01 1.731869e-01 5.864832e-01 2.801763e-01 2.225424e-01 7.950492e-02 8.871054e-01 7.594706e-01 2.398237e-01 8.127017e-01 1.096321e+00 3.386604e-01 3.330645e-01 1.007618e+00 8.692836e-01 5.729720e-01 2.659789e-01 1.092180e+00 8.449546e-01 1.235948e+00 5.380619e-01 3.506974e-01 6.739650e-01 6.936313e-01 1.250158e+00 7.046177e-01 6.486527e-01 
63 883  1.000000000000000000e+05 0 0 4.126640e-01 3.238383e-01 5.789668e-01 5.873971e-01 4.264119e-01 5.880620e-01 1.080442e+00 1.629188e-01 4.241516e-01 7.498971e-01 -9.664585e-02 6.021158e-01 2.308076e-02 5.866683e-01 6.268057e-01 1.360019e-01 4.976936e-01 3.127868e-01 5.216009e-01 2.000611e-01 7.576811e-01 8.845956e-01 4.277237e-01 3.391439e-01 3.835522e-01 4.421923e-01 7.281794e-01 4.560409e-01 5.214424e-01 3.997866e-01 5.718139e-01 4.743222e-01 8.658925e-01 8.024245e-02 
64 897  2.357192832701699899e+03 0 0 4.615871e-01 7.315980e-01 3.914268e-01 6.682884e-01 7.954371e-01 7.204458e-01 4.091554e-01 3.914911e-01 2.936312e-01 1.017703e+00 3.185180e-01 5.925020e-01 -1.750421e-02 7.093668e-01 8.319677e-01 2.813361e-01 4.860878e-01 5.157879e-01 5.334670e-01 6.478605e-01 4.544557e-01 9.693587e-01 6.478772e-01 4.781883e-01 5.510731e-01 3.648709e-01 1.020791e+00 3.204569e-01 2.002258e-01 6.788634e-01 5.734915e-01 6.045218e-01 7.780133e-01 2.410243e-01 
65 911  1.000000000000000000e+05 0 0 6.576119e-01 5.239097e-01 6.206147e-01 6.860804e-01 4.613291e-01 9.377731e-01 5.736351e-01 3.924340e-01 3.079521e-01 7.721922e-01 2.133485e-01 2.201429e-01 1.334324e-01 6.762669e-01 6.131624e-01 1.400828e-01 9.989657e-01 8.229339e-01 5.026587e-01 8.426995e-01 4.034512e-01 5.154069e-01 5.617045e-01 2.469407e-01 8.691896e-01 7.437014e-01 8.403171e-01 2.981997e-01 3.257298e-01 3.777238e-01 5.004165e-01 6.779234e-01 7.812579e-01 1.931180e-02 
66 925  1.000000000000000000e+05 0 0 4.660222e-01 6.419618e-01 4.356953e-01 3.852281e-01 2.279478e-01 7.933277e-01 4.652320e-01 4.727895e-01 2.235710e-01 9.262291e-01 3.152852e-01 3.494822e-01 6.433322e-02 5.259919e-01 8.124288e-01 4.103251e-01 7.964042e-01 5.642981e-01 3.193419e-01 2.354752e-01 3.039546e-01 8.116657e-01 6.217894e-01 2.479266e-01 1.016825e+00 9.670862e-01 8.704183e-01 2.076390e-01 -2.052446e-02 4.800804e-01 4.211616e-01 5.820879e-01 7.788752e-01 1.916076e-01 
67 939  1.000000000000000000e+05 0 0 3.687022e-01 2.473551e-01 4.999520e-01 2.538937e-01 3.452543e-02 5.314527e-01 8.755714e-01 6.014336e-01 4.025845e-01 9.851229e-01 2.280841e-01 4.850400e-01 -2.274057e-02 6.207457e-01 4.938789e-01 1.912247e-01 7.347957e-01 6.177601e-01 4.070879e-01 6.785804e-01 9.756119e-01 8.962768e-01 1.957121e-01 4.735180e-01 7.205786e-01 3.591302e-01 7.852313e-01 4.786347e-01 4.867735e-01 4.525487e-01 6.345465e-01 6.271959e-01 9.065153e-01 -2.814964e-03 
68 953  1.000000000000000000e+05 0 0 5.044738e-01 3.924948e-01 3.733383e-01 6.088946e-01 4.112254e-02 7.594055e-01 1.004805e+00 4.062078e-01 3.562226e-01 9.952084e-01 4.639647e-01 5.239285e-01 4.316373e-02 6.663333e-01 8.603113e-01 3.880514e-01 6.649014e-01 7.345096e-01 5.788717e-01 7.248539e-01 6.777424e-01 7.949837e-01 3.344974e-01 3.654259e-01 7.121196e-01 3.656765e-01 8.528033e-01 5.228710e-01 4.986879e-01 3.920616e-01 3.483595e-01 6.541478e-01 1.002866e+00 3.336374e-01 
69 967  1.000000000000000000e+05 0 0 4.317844e-01 4.912831e-01 4.441580e-01 6.573586e-01 3.489555e-01 3.814558e-01 9.333987e-01 3.199044e-01 3.292274e-01 9.192360e-01 2.245180e-01 5.269545e-02 -1.667255e-02 9.000903e-01 3.853668e-01 5.038499e-01 6.443920e-01 8.146577e-01 4.032054e-01 5.137277e-01 4.766093e-01 6.219261e-01 6.332647e-01 1.775476e-01 8.019443e-01 7.020413e-01 9.245349e-01 4.156731e-01 5.130153e-01 4.806081e-01 6.948742e-01 6.478132e-01 8.299281e-01 2.501746e-01 
70 981  1.000000000000000000e+05 0 0 3.385139e-01 5.551596e-01 3.852091e-01 -1.637155e-01 -3.087589e-02 5.007509e-01 7.746158e-01 4.296406e-01 5.527320e-02 6.894973e-01 7.356143e-02 4.431428e-01 6.251509e-02 5.248249e-01 4.423844e-01 -2.762189e-02 6.102502e-01 5.882904e-01 5.071332e-01 6.015369e-01 5.813736e-01 7.656319e-01 5.733349e-01 2.852730e-01 4.814925e-01 3.240223e-01 4.710885e-01 7.808023e-01 5.244722e-01 6.016508e-01 3.518474e-01 9.839327e-01 7.844990e-01 3.090154e-01 
71 995  1.000000000000000000e+05 0 0 4.204907e-01 4.308593e-01 3.907889e-01 2.426753e-01 3.474178e-01 6.546341e-01 3.833041e-01 5.582567e-01 -2.779885e-01 7.675319e-01 5.782894e-01 1.707561e-01 5.406371e-01 7.723508e-01 7.514387e-01 4.447444e-02 5.906478e-01 8.246208e-01 5.751405e-01 6.247967e-01 7.114916e-01 3.851343e-01 6.697669e-01 1.166206e-01 7.136865e-01 8.592430e-01 7.049882e-01 1.900602e-02 7.681266e-01 6.075822e-01 5.593245e-01 9.027454e-01 7.344717e-01 2.614387e-01 
72 1009  1.000000000000000000e+05 0 0 4.869735e-01 3.880363e-01 7.742619e-01 8.286858e-01 -2.052517e-02 6.698328e-01 6.009518e-01 1.193067e-01 1.938426e-01 2.775187e-01 3.032219e-01 4.203700e-01 3.287620e-01 6.025400e-01 4.698365e-01 1.972535e-01 6.405605e-01 5.076114e-01 6.407534e-01 5.428643e-01 7.822454e-01 5.306111e-01 5.581149e-01 1.820359e-01 3.730855e-01 5.990347e-01 7.432909e-01 6.072665e-01 1.767448e-01 3.690409e-01 6.151378e-01 9.205670e-01 6.489820e-01 -1.879649e-01 
73 1023  1.000000000000000000e+05 0 0 6.122959e-01 6.937585e-01 3.984689e-01 5.898309e-01 3.691598e-01 9.463244e-01 1.246245e+00 4.316097e-01 4.743124e-01 6.945731e-01 1.494320e-01 7.911537e-01 5.437986e-01 5.551796e-01 4.953039e-01 4.703544e-01 3.964388e-01 6.477161e-01 5.529061e-01 1.020748e+00 4.195354e-01 4.571991e-01 8.667416e-01 1.933983e-01 6.455586e-01 7.577857e-01 3.832869e-01 4.624158e-01 2.101855e-01 3.996780e-01 3.623642e-01 3.600578e-01 5.958376e-01 1.971883e-01 
74 1037  1.000000000000000000e+05 0 0 1.476735e-01 3.988805e-01 6.057233e-01 7.689428e-01 1.959955e-01 8.861756e-01 9.354347e-01 5.806575e-01 3.315851e-01 4.451471e-01 -1.329612e-02 2.953652e-01 4.311541e-01 6.837968e-01 8.611308e-01 3.708176e-01 5.819701e-01 9.915241e-01 4.040541e-01 5.570205e-01 2.196298e-02 6.784640e-01 6.786829e-01 3.310167e-02 4.042987e-01 8.933249e-01 7.273061e-01 4.317349e-01 2.377430e-01 4.058874e-01 5.322196e-01 7.185382e-01 2.591814e-01 1.393999e-01 
75 1051  1.000000000000000000e+05 0 0 7.152270e-01 2.734869e-01 4.924527e-01 6.313083e-01 4.389300e-02 7.443728e-01 1.078535e+00 9.678225e-01 2.835118e-01 2.541122e-01 5.122353e-02 2.754400e-01 7.901043e-01 5.438646e-01 5.845764e-01 5.774564e-01 5.629799e-02 5.925209e-01 2.561489e-01 6.751757e-01 5.165097e-01 7.398802e-01 7.888773e-01 9.176371e-02 5.996210e-01 9.915556e-01 7.051530e-01 1.446463e-01 4.315195e-01 2.096604e-01 8.406104e-01 1.443523e-02 4.380457e-01 1.111478e-01 
76 1065  1.000000000000000000e+05 0 0 2.130100e-01 5.189185e-01 1.510743e-01 4.411528e-01 -1.069430e-01 7.689391e-01 5.004883e-01 7.449898e-01 5.799592e-01 3.986815e-01 4.683007e-01 4.867867e-02 4.552364e-01 7.390015e-01 3.746202e-01 4.040149e-01 7.172329e-01 5.626724e-01 -9.061512e-02 5.126850e-01 3.724885e-01 7.513099e-01 7.341557e-01 4.942070e-01 6.675782e-01 8.921531e-01 3.749986e-01 4.749235e-01 6.506437e-01 3.409805e-01 3.716941e-01 6.314733e-01 4.514963e-01 3.062535e-01 
77 1079  1.000000000000000000e+05 0 0 2.095388e-01 -3.628375e-02 3.497866e-01 3.824267e-01 -1.066260e-01 6.620619e-01 7.295499e-01 6.195935e-01 4.373647e-01 5.022412e-01 4.456100e-01 -2.431470e-01 6.305428e-01 7.749697e-01 2.922945e-01 6.881025e-01 5.193655e-01 7.413526e-01 8.411175e-02 5.609946e-01 1.279429e-02 5.677253e-01 5.829752e-01 1.776629e-01 2.604236e-01 9.740344e-01 4.024955e-01 4.551913e-01 1.421588e-01 5.665976e-01 7.615830e-01 4.034508e-01 3.077086e-01 2.810034e-01 
78 1093  1.000000000000000000e+05 0 0 6.438655e-01 4.518321e-01 5.263296e-01 6.696382e-01 2.415849e-01 6.786178e-01 5.656240e-01 4.374517e-01 2.927677e-01 9.717248e-02 3.480642e-01 2.383498e-01 2.982171e-01 8.393216e-01 1.592507e-01 4.293895e-01 5.520564e-01 8.968010e-01 2.485635e-03 7.554557e-01 2.928598e-01 8.067378e-01 4.696727e-01 -2.007459e-01 2.800493e-01 6.684667e-01 7.335981e-01 6.215448e-01 6.891091e-01 3.330502e-01 7.822283e-01 3.538416e-01 3.199258e-01 7.142965e-01 
79 1107  1.000000000000000000e+05 0 0 3.079488e-01 2.534102e-01 5.861849e-01 2.011986e-01 1.296208e-01 8.730224e-01 6.614494e-01 6.525891e-01 4.825659e-01 6.421173e-01 4.074496e-01 2.770544e-02 7.198559e-01 7.591292e-01 1.468087e-01 6.426653e-01 5.671971e-01 8.063226e-01 1.578481e-01 9.707402e-01 4.470689e-01 2.236956e-01 4.038536e-01 1.345002e-01 9.875901e-03 8.302594e-01 6.048303e-01 5.283093e-01 8.257334e-01 -4.960288e-02 8.997071e-01 2.888867e-01 2.354754e-01 9.265879e-01 
80 1121  1.000000000000000000e+05 0 0 7.331690e-01 4.380230e-01 1.132062e-01 7.664460e-01 1.134237e-01 6.603480e-01 5.903383e-01 8.356355e-01 2.138753e-01 6.394380e-01 2.837529e-01 2.183702e-01 5.147090e-01 4.848911e-01 3.514927e-01 6.277110e-01 7.273104e-01 8.647863e-01 3.717572e-01 5.418168e-01 5.868686e-01 4.183756e-01 1.037004e+00 5.710848e-01 1.479386e-01 8.851366e-01 5.747626e-01 4.565398e-01 5.251922e-01 1.087674e-01 6.536927e-01 2.310605e-01 1.744708e-01 1.808224e-01 
81 1135  1.000000000000000000e+05 0 0 8.743658e-01 4.389598e-01 3.666240e-01 2.820620e-01 2.884350e-01 7.226339e-01 9.079641e-01 3.807063e-01 5.561324e-01 6.272319e-01 4.065003e-01 3.033204e-01 6.058892e-01 6.364214e-01 2.961035e-01 5.154260e-01 3.529669e-01 5.563252e-01 2.722322e-01 8.103954e-01 2.561776e-01 5.009440e-01 9.493148e-01 2.222603e-02 3.697977e-01 6.727208e-01 2.750371e-01 2.694720e-01 3.955161e-01 3.489980e-01 8.460850e-01 3.589756e-01 1.830703e-01 2.277995e-02 
82 1149  1.000000000000000000e+05 0 0 6.444730e-01 4.006944e-01 2.645528e-01 5.703448e-01 2.155841e-01 1.049494e+00 7.557931e-01 6.285529e-02 2.324707e-01 4.441177e-01 5.523482e-01 1.898899e-01 6.613212e-01 4.399743e-01 4.677501e-01 7.330530e-01 7.056366e-01 3.798900e-01 2.187026e-01 7.146051e-01 2.171531e-01 4.627361e-01 2.404925e-01 3.897940e-01 2.544255e-01 4.702514e-01 7.191605e-01 4.590802e-01 5.762157e-01 3.855535e-01 1.059937e+00 1.763506e-01 -8.085519e-02 3.052543e-01 
83 1163  1.000000000000000000e+05 0 0 7.505131e-01 2.962186e-01 -1.761036e-01 8.847341e-01 9.518356e-01 9.560833e-01 8.479401e-01 2.593027e-01 6.590639e-01 7.616043e-01 3.561282e-02 -2.943489e-01 4.371348e-01 5.317446e-01 3.934802e-01 7.743993e-01 2.592244e-02 8.581171e-01 4.999530e-01 7.222177e-01 1.036025e-01 5.771706e-01 4.561870e-01 5.014667e-01 4.386015e-01 4.318707e-01 1.669730e-01 1.392733e-01 2.562955e-01 7.684051e-01 1.190217e+00 -7.551148e-02 1.041051e-02 1.869206e-01 
84 1177  1.000000000000000000e+05 0 0 6.174673e-01 1.671764e-01 6.784826e-01 5.077932e-01 5.730824e-01 6.225122e-01 1.222821e+00 2.315027e-01 5.899767e-01 3.789990e-01 9.221057e-01 -2.826230e-02 8.284469e-01 3.619555e-01 4.180735e-01 5.340347e-01 3.215180e-01 1.131414e+00 5.896755e-01 4.342398e-01 4.747908e-01 3.103172e-02 3.419596e-01 4.920200e-01 4.167161e-01 6.517141e-01 5.297774e-01 2.052596e-01 4.474880e-01 4.860221e-01 1.049586e+00 3.642173e-01 -8.867742e-02 -4.610242e-02 
85 1191  1.000000000000000000e+05 0 0 8.647290e-01 3.290852e-01 2.637981e-01 7.532061e-01 4.922868e-01 7.681451e-01 1.066816e+00 -5.877521e-02 5.202565e-01 5.696094e-01 3.525050e-01 3.277711e-01 1.107668e+00 1.170255e+00 3.515990e-01 4.985335e-01 2.553269e-01 5.458502e-01 4.457244e-01 4.534072e-01 -4.291874e-02 4.981392e-01 5.136208e-01 2.323303e-01 5.115446e-01 7.299568e-01 1.012432e+00 2.032720e-01 2.055262e-01 3.599587e-01 9.324127e-01 -9.589190e-03 3.732496e-01 3.540830e-01 
86 1205  1.000000000000000000e+05 0 0 1.006231e+00 4.104761e-01 4.769066e-01 2.130020e-01 2.501505e-01 6.952795e-01 8.883993e-01 2.403588e-01 2.902928e-01 9.773139e-01 6.152318e-01 3.770076e-01 5.249617e-01 1.142278e+00 5.494602e-01 9.287140e-01 2.098433e-01 7.479634e-01 5.095336e-01 6.973481e-01 3.156717e-01 3.575827e-01 1.881694e-01 3.155797e-01 4.997022e-01 7.324752e-01 8.308428e-01 4.737866e-01 2.270679e-01 -3.928493e-01 5.737398e-01 1.970497e-01 5.935069e-01 4.469276e-01 
87 1219  1.000000000000000000e+05 0 0 6.723421e-01 1.895621e-01 7.490094e-01 5.997139e-01 2.837440e-01 9.603357e-01 8.092529e-01 3.808741e-01 3.693166e-01 4.817317e-01 1.702654e-01 8.243206e-02 6.281946e-01 5.893192e-01 7.562684e-01 8.538162e-01 4.531401e-01 6.248864e-01 7.615523e-01 6.557824e-01 6.496613e-01 7.238146e-01 5.166969e-01 2.058510e-01 2.860770e-01 5.759295e-01 1.149844e+00 3.363187e-01 2.740608e-01 4.316201e-01 7.381719e-01 4.162909e-01 2.335553e-01 5.578042e-01 
88 1233  1.000000000000000000e+05 0 0 3.336628e-01 7.935493e-01 5.340253e-01 3.411536e-01 1.000756e-01 9.996239e-01 8.057222e-01 3.744461e-01 -5.157065e-02 4.678712e-01 3.854579e-01 3.510262e-01 3.582070e-01 6.853570e-01 1.835194e-01 8.600314e-01 4.662960e-01 7.049390e-01 6.105452e-01 6.374066e-01 4.326327e-01 7.149250e-01 4.708561e-01 3.192859e-02 2.679541e-01 6.282335e-01 6.573862e-01 1.510793e-01 4.659705e-01 1.856936e-01 3.588436e-01 7.312190e-02 6.263033e-01 5.072274e-01 
89 1247  1.000000000000000000e+05 0 0 4.740325e-01 4.048581e-01 5.251140e-01 5.188265e-01 5.563299e-01 7.478470e-01 4.018039e-01 3.284000e-01 4.166761e-01 6.648756e-01 5.954441e-01 4.175892e-01 2.091040e-01 6.201942e-01 6.966901e-01 9.886070e-01 5.610772e-01 1.004218e+00 5.902773e-01 5.750233e-01 1.808449e-01 5.108028e-01 1.908505e-01 1.430940e-01 -8.273598e-02 6.537256e-01 6.152787e-01 2.995657e-01 7.057991e-01 1.627128e-01 6.025747e-01 1.427860e-01 5.617581e-01 4.309008e-01 
90 1261  1.000000000000000000e+05 0 0 3.634981e-01 2.637847e-01 5.818750e-01 5.185457e-01 5.776140e-01 9.372225e-01 5.607197e-01 3.684846e-01 1.912282e-01 8.114380e-01 3.793064e-01 7.915810e-02 1.994892e-01 6.623595e-01 6.872294e-01 3.802427e-01 7.066562e-01 1.167678e+00 7.043804e-01 4.630952e-01 2.048312e-01 5.027859e-01 3.015564e-01 -1.699270e-01 1.025313e-01 4.423220e-01 7.789490e-01 3.681611e-01 4.060022e-01 7.188783e-02 9.268678e-01 2.090239e-02 4.563573e-01 5.033832e-01 
91 1275  1.000000000000000000e+05 0 0 6.323971e-01 6.145448e-01 6.657825e-01 2.441397e-01 4.345588e-01 8.417591e-01 3.864258e-01 4.927789e-01 2.266612e-01 3.317371e-01 2.128012e-01 6.055250e-01 2.955012e-01 6.270185e-01 3.494915e-01 4.658391e-01 3.997225e-01 9.138364e-01 5.222208e-01 2.126879e-01 5.862296e-01 2.225118e-02 1.507322e-01 2.125773e-01 1.674801e-01 1.414501e-01 9.870752e-01 4.650120e-02 7.508992e-01 8.560784e-02 6.552227e-01 9.840385e-02 1.644678e-01 5.030864e-01 
92 1289  1.000000000000000000e+05 0 0 4.145739e-01 3.952018e-01 7.043746e-01 2.210426e-01 5.972108e-01 1.027304e+00 2.814893e-01 6.341490e-01 6.299420e-02 1.929290e-01 3.658315e-01 5.998387e-01 1.701483e-01 8.756404e-01 8.072935e-01 3.037010e-01 6.335679e-01 1.010738e+00 4.127060e-01 3.103037e-01 3.539921e-01 1.367883e-01 5.478575e-01 3.390791e-01 2.230031e-01 3.391709e-01 1.111071e+00 2.152352e-01 6.473430e-01 3.945501e-01 4.832988e-01 3.235282e-01 4.541099e-01 6.664501e-01 
93 1303  1.000000000000000000e+05 0 0 7.339517e-01 5.953097e-01 6.674621e-01 3.388716e-01 6.567125e-01 1.162994e+00 4.101471e-01 3.799590e-01 2.324882e-01 6.837741e-01 4.260290e-01 6.460137e-01 2.565838e-01 9.170604e-02 6.137155e-01 4.166404e-01 6.265594e-01 8.319679e-01 4.257163e-01 4.954267e-01 3.203188e-01 3.011288e-01 1.663871e-01 3.143116e-01 2.956142e-01 6.326859e-01 7.057333e-01 1.605971e-01 5.810439e-01 2.184255e-01 5.982539e-01 2.968567e-01 2.410921e-01 2.012094e-01 
94 1317  1.000000000000000000e+05 0 0 6.704208e-01 2.751116e-01 4.370756e-01 2.177017e-01 3.302233e-01 1.494826e+00 2.515290e-01 4.752136e-01 4.239982e-01 3.815426e-01 6.140409e-03 3.535324e-01 2.152885e-01 4.783129e-01 1.820744e-01 6.836094e-01 3.784398e-01 1.019786e+00 6.290262e-01 8.417579e-01 4.398280e-02 2.294486e-01 1.132202e-02 2.449590e-01 1.715029e-01 7.886916e-01 6.630656e-01 4.534737e-01 5.216560e-01 5.489308e-01 9.196927e-01 3.201617e-01 3.360872e-01 3.081863e-01 
95 1331  1.000000000000000000e+05 0 0 3.305464e-01 4.050852e-01 1.761261e-01 1.233203e-01 3.283513e-01 8.690482e-01 3.775429e-01 3.034648e-01 2.835054e-02 7.934400e-01 4.025762e-01 4.946231e-01 2.923660e-01 7.053070e-01 1.252198e-01 7.292801e-01 6.271896e-01 8.370446e-01 3.140797e-01 5.508305e-01 3.045950e-01 -8.795878e-02 2.414333e-01 3.142855e-01 5.567396e-01 7.973433e-01 9.491376e-01 4.865559e-01 4.325052e-01 4.232337e-01 8.053186e-01 1.534595e-01 1.754233e-01 2.923739e-01 
96 1345  1.000000000000000000e+05 0 0 6.217655e-01 -1.315536e-02 4.794512e-01 5.028567e-01 2.311560e-01 9.411787e-01 3.908424e-01 1.302650e-01 3.686267e-01 2.621023e-01 4.481858e-01 3.269734e-01 3.502435e-01 5.815702e-01 1.751776e-01 9.561843e-01 -1.171900e-03 7.421092e-01 2.065881e-01 6.960215e-01 5.290339e-01 2.108578e-01 1.571011e-01 3.006885e-01 3.956075e-01 6.210260e-01 7.088386e-01 3.911991e-01 5.348241e-01 1.971528e-02 9.053952e-01 1.893618e-01 3.009170e-01 2.455689e-01 
97 1359  1.000000000000000000e+05 0 0 7.118253e-01 1.388788e-01 4.033625e-01 5.141667e-01 4.363321e-01 8.096982e-01 3.102655e-01 2.231962e-01 -7.640854e-02 8.027848e-01 3.774003e-01 4.203997e-01 4.425751e-01 6.237664e-01 4.984979e-01 8.452189e-01 5.898555e-01 6.480755e-01 4.733514e-01 6.377135e-01 4.106714e-01 1.967929e-01 3.420692e-01 2.491359e-01 3.228992e-01 4.476599e-01 8.571641e-01 5.440531e-01 7.586189e-01 3.733220e-01 9.796226e-01 1.276978e-01 1.861635e-01 2.289840e-01 
98 1373  1.000000000000000000e+05 0 0 7.220021e-01 3.195063e-01 6.176178e-01 4.642610e-01 1.580273e-01 8.899083e-01 2.018449e-01 1.548230e-01 3.754434e-01 7.866958e-01 2.670730e-01 3.943184e-01 5.725121e-01 5.538343e-01 3.160635e-01 6.964459e-01 9.395239e-02 8.442458e-01 2.338392e-01 9.204965e-01 4.081258e-01 -4.881069e-02 3.918699e-01 3.168211e-01 4.070782e-01 6.605973e-01 6.835342e-01 3.942310e-01 4.669023e-01 3.744257e-01 9.554668e-01 3.687069e-01 2.716257e-01 1.799634e-01 
99 1387  1.000000000000000000e+05 0 0 6.075377e-01 3.249291e-01 2.325642e-01 5.510180e-01 3.987520e-01 7.816050e-01 5.008339e-01 4.057852e-01 1.563732e-01 7.178272e-01 6.110009e-01 3.357114e-01 4.627855e-01 6.099866e-01 2.134899e-01 7.116087e-01 5.696515e-01 7.897594e-01 4.731783e-01 5.340261e-01 7.442402e-01 -9.498053e-02 7.309498e-02 3.281391e-01 6.205270e-01 4.314990e-01 9.136552e-01 3.253916e-01 5.405368e-01 -3.239184e-02 5.971662e-01 2.452375e-01 4.297393e-01 3.538468e-02 
100 1401  1.000000000000000000e+05 0 0 3.592766e-01 2.776603e-01 3.040844e-01 5.198217e-01 3.879997e-01 9.159184e-01 3.614984e-01 3.306822e-01 2.870268e-01 6.186336e-01 5.317184e-01 2.748894e-01 6.463182e-01 7.058010e-01 4.539859e-01 7.805314e-01 2.051523e-01 9.522022e-01 3.504537e-01 3.315695e-01 4.987372e-01 4.517006e-01 3.324812e-01 3.798978e-01 1.427594e-01 7.032771e-01 7.490606e-01 9.446520e-02 4.830794e-01 2.031940e-01 5.974858e-01 5.652512e-01 2.297549e-01 5.070550e-01 
101 1415  1.000000000000000000e+05 0 0 3.221247e-01 2.062960e-01 4.596416e-01 2.190837e-01 7.088541e-02 7.859523e-01 4.649638e-01 3.084007e-01 3.217429e-01 2.047735e-01 1.588801e-01 3.869741e-01 6.412746e-01 9.295466e-01 4.382468e-01 7.797431e-01 4.844678e-01 9.451263e-01 -1.577298e-01 2.149348e-01 8.536847e-01 4.462361e-01 4.115159e-02 5.355664e-01 3.261460e-01 6.855993e-01 8.170082e-01 -1.041749e-01 5.712687e-01 1.467836e-01 7.566541e-01 7.062678e-01 2.825738e-02 8.298998e-02 
102 1429  1.000000000000000000e+05 0 0 3.462084e-01 5.635195e-01 2.478177e-01 5.166925e-01 2.516430e-01 8.560888e-01 4.186749e-01 1.252691e-01 8.433584e-02 7.406101e-01 2.200876e-01 1.174324e-01 2.769922e-01 5.211850e-01 7.179055e-01 8.294499e-01 4.213803e-01 7.814042e-01 3.919866e-01 4.315739e-01 5.114877e-01 3.850784e-01 2.059277e-01 3.507924e-01 4.050888e-01 4.223619e-01 8.114755e-01 4.393196e-01 3.044632e-01 5.054184e-01 5.960048e-01 6.259696e-01 4.105204e-01 2.502924e-01 
103 1443  1.000000000000000000e+05 0 0 3.403462e-01 8.740957e-01 5.478441e-01 4.302892e-01 3.234378e-01 1.292777e+00 3.928235e-01 3.629871e-01 -9.283221e-02 4.954849e-01 5.341050e-01 -7.984477e-02 1.269448e-01 7.076454e-01 5.502252e-01 8.538758e-01 4.367201e-01 5.199868e-01 3.307876e-01 7.753529e-01 6.398188e-01 8.277445e-01 4.893961e-02 4.875707e-01 8.155323e-01 1.201624e-01 1.159872e+00 2.010706e-01 3.522853e-01 6.901640e-01 9.863156e-01 5.513021e-01 3.115762e-01 2.345121e-01 
104 1457  1.000000000000000000e+05 0 0 1.096115e-01 4.154402e-01 7.429280e-01 1.864642e-02 2.811693e-01 6.319298e-01 5.228932e-01 4.164022e-01 -2.195950e-01 3.874511e-01 1.677699e-01 4.684417e-01 6.353735e-01 6.257851e-01 7.377825e-01 8.198097e-01 2.793480e-01 7.460689e-01 5.125028e-01 5.436521e-01 7.208394e-01 4.022232e-01 2.000614e-01 2.897977e-01 7.963221e-01 4.820197e-01 8.459193e-01 -1.058148e-01 2.969118e-01 1.669799e-01 6.018526e-01 6.814886e-01 6.856704e-01 3.433367e-01 
105 1471  1.000000000000000000e+05 0 0 4.095962e-01 8.373719e-01 1.136959e+00 3.318727e-01 9.645500e-02 7.923323e-01 5.327877e-01 2.483402e-01 2.772668e-01 3.857310e-01 5.580922e-01 2.993411e-01 9.271482e-02 9.100480e-01 4.757432e-01 9.781234e-01 4.618059e-01 9.227764e-01 3.622235e-01 5.382729e-01 2.906716e-03 7.563579e-01 1.020095e-01 2.590034e-01 4.570007e-01 3.040159e-01 4.277929e-01 1.334616e-01 1.241350e-01 5.960585e-01 2.901227e-01 6.348721e-01 6.490792e-01 2.875399e-01 
106 1485  1.000000000000000000e+05 0 0 1.676598e-01 9.891886e-01 5.576179e-01 2.392259e-01 5.180898e-01 9.213185e-01 4.100331e-01 -4.269181e-02 3.418580e-01 2.671305e-01 1.656787e-01 1.939107e-01 1.208649e-01 9.255859e-01 5.007477e-01 8.948506e-01 3.759986e-01 8.579426e-01 2.211893e-01 6.174622e-01 -7.051248e-02 7.394370e-01 -2.421313e-01 5.457180e-01 4.681340e-01 1.292739e-01 6.538879e-01 1.742673e-01 2.822286e-01 7.208257e-01 4.725514e-01 1.174864e+00 3.030545e-01 6.154179e-01 
107 1499  1.000000000000000000e+05 0 0 1.145922e-01 8.001668e-01 7.808184e-01 1.466012e-01 2.196085e-01 6.073062e-01 1.610386e-01 5.136375e-01 1.751566e-01 5.327598e-01 3.591042e-01 3.046096e-01 2.166186e-01 5.739966e-01 3.043613e-01 4.185143e-01 -3.167033e-01 9.301033e-01 4.106885e-01 4.831972e-01 3.236581e-01 5.620547e-01 1.787297e-02 3.339114e-01 2.939116e-01 -3.310057e-01 6.653224e-01 5.842936e-01 2.747140e-01 2.665264e-01 7.671923e-01 5.949291e-01 2.407308e-01 7.624343e-02 
108 1513  1.000000000000000000e+05 0 0 4.519536e-01 3.298392e-01 6.049067e-01 5.695746e-01 4.284376e-01 7.392544e-01 5.760467e-01 4.049658e-01 4.391697e-01 6.396734e-01 2.805952e-01 3.579777e-01 1.158838e-01 4.397351e-01 3.452685e-01 4.559962e-01 1.200670e-01 3.912666e-01 7.012741e-01 -2.589129e-02 2.077125e-01 4.762827e-01 2.328980e-01 5.413145e-02 2.318926e-01 4.326081e-01 1.356367e-01 2.483067e-01 -3.416424e-03 1.568859e-01 5.271927e-01 3.343743e-01 1.468335e-01 1.318559e-01 
109 1527  1.000000000000000000e+05 0 0 2.103349e-02 8.271369e-01 6.702349e-01 5.758266e-01 3.124648e-01 8.853067e-01 2.730926e-01 4.984578e-01 5.702553e-01 3.433267e-01 6.494573e-01 2.499432e-01 2.978550e-01 7.769865e-01 6.477609e-01 8.048268e-01 1.683981e-01 5.284447e-01 7.568768e-01 1.450081e-01 5.036920e-01 5.054175e-01 1.192219e-01 3.052854e-01 5.047869e-01 4.612233e-01 4.733768e-01 1.561848e-01 5.284995e-02 2.228773e-01 7.857680e-01 5.555436e-01 1.520416e-01 3.552105e-01 
110 1541  1.000000000000000000e+05 0 0 2.955644e-01 7.227998e-01 6.590121e-01 5.433231e-01 4.008633e-01 7.662216e-01 5.720305e-01 6.353272e-02 5.028720e-01 3.094201e-01 7.054322e-01 5.528925e-01 3.126764e-01 1.132074e+00 6.067065e-01 8.781966e-01 5.093393e-01 2.776542e-01 2.804324e-01 4.620967e-01 4.001931e-01 4.985328e-01 -4.976763e-02 2.736943e-01 5.657881e-01 3.797964e-01 1.333715e-01 5.222872e-01 2.943420e-01 4.097557e-01 3.578072e-01 7.177538e-01 4.431496e-01 3.222729e-01 
111 1555  1.000000000000000000e+05 0 0 1.169455e-01 4.023187e-01 3.734027e-01 2.168062e-01 4.811881e-01 8.773744e-01 6.230963e-01 3.485675e-01 2.796231e-02 3.558709e-01 5.273075e-01 4.143313e-01 4.131468e-01 8.094977e-01 4.312793e-01 4.863156e-01 4.032854e-01 6.579543e-01 6.134099e-01 2.530574e-01 4.533375e-01 5.672973e-01 1.670829e-01 4.259041e-01 5.486876e-01 2.746692e-01 3.800998e-01 1.891279e-01 2.828814e-01 3.305124e-01 5.780300e-01 7.094948e-01 1.358740e-02 4.195384e-01 
112 1569  1.000000000000000000e+05 0 0 -4.741698e-02 5.240142e-01 5.487285e-01 4.138431e-01 5.640173e-01 8.613295e-01 4.456026e-01 1.990946e-01 2.239175e-01 4.296392e-01 5.088862e-01 4.220438e-01 5.616768e-01 7.448913e-01 4.091266e-01 6.008542e-01 4.768078e-01 6.085176e-01 7.951455e-01 2.472497e-01 3.218233e-01 5.396968e-01 2.948221e-01 3.759164e-01 2.381459e-01 2.118341e-01 2.466621e-01 2.538018e-01 -1.003980e-01 -4.312054e-02 5.517278e-01 9.397229e-01 2.990672e-01 3.161846e-01 
113 1583  1.000000000000000000e+05 0 0 7.438306e-02 7.120005e-01 4.961155e-01 3.504092e-01 4.732214e-01 6.929043e-01 6.723048e-01 3.879246e-01 4.302630e-01 7.481363e-01 9.694721e-01 2.745542e-01 4.574847e-01 8.391368e-01 4.353774e-01 3.351331e-01 5.372496e-01 3.984576e-01 3.698023e-01 3.615879e-01 3.935748e-01 4.098108e-01 2.057435e-02 4.624878e-01 5.182199e-01 6.261865e-01 7.988606e-01 2.151951e-01 4.297204e-02 1.530421e-01 5.167251e-01 3.603246e-01 4.233660e-01 5.445590e-01 
114 1597  1.000000000000000000e+05 0 0 6.902478e-02 6.410657e-01 7.736021e-01 4.582421e-01 6.248056e-01 7.392775e-01 6.882426e-01 9.958041e-02 3.774801e-01 1.019539e+00 6.173284e-01 6.539353e-02 6.631311e-01 7.596684e-01 4.297678e-01 2.935100e-01 5.278878e-01 5.453232e-01 4.380364e-01 3.617437e-01 5.395690e-01 5.592812e-01 -1.291015e-01 7.996971e-02 9.008541e-01 5.619884e-01 4.005545e-01 9.830332e-02 1.519641e-01 9.026167e-02 5.892981e-01 1.098676e-01 6.647823e-01 2.480350e-01 
115 1611  1.000000000000000000e+05 0 0 -1.156453e-01 8.794672e-01 1.085816e+00 7.677358e-01 9.075999e-01 9.098698e-01 8.664461e-01 1.375358e-01 6.596489e-01 4.904114e-01 1.091155e+00 3.730956e-01 7.761045e-02 2.263789e-01 6.586364e-01 6.488005e-01 8.823230e-01 4.290963e-01 9.313976e-01 3.451614e-01 3.859941e-01 3.907571e-01 1.156903e-01 4.550752e-01 1.025269e+00 6.419303e-01 9.601012e-01 1.936099e-01 2.946979e-02 1.544882e-01 1.395796e-01 4.830835e-01 2.959544e-01 2.236251e-01 
116 1625  1.000000000000000000e+05 0 0 4.058395e-02 5.677630e-01 9.593882e-01 5.284786e-01 3.272272e-01 8.838781e-01 1.006337e+00 2.002032e-01 4.075750e-01 4.790603e-01 9.424373e-01 1.976037e-01 3.006943e-01 2.893198e-01 8.856116e-02 4.692998e-01 1.007252e+00 4.095145e-01 4.233285e-01 3.032799e-01 5.548962e-01 6.044928e-01 1.947246e-02 4.808732e-01 5.541623e-01 4.248498e-01 2.284664e-01 -1.082053e-01 1.871542e-01 1.435290e-01 6.955279e-01 5.793661e-01 2.381121e-01 -1.143286e-01 
117 1639  1.000000000000000000e+05 0 0 2.820857e-01 7.117609e-01 5.567391e-01 8.345638e-01 7.202470e-01 7.602796e-01 9.739181e-01 9.496902e-02 2.495608e-01 6.534028e-01 8.503720e-01 4.805125e-01 4.277249e-01 7.856368e-01 2.267503e-01 7.126212e-01 1.136277e+00 7.177575e-01 5.626889e-01 5.484056e-01 6.758446e-01 2.750026e-01 2.777591e-01 4.185116e-01 7.805817e-01 5.710047e-01 6.910751e-01 3.504717e-01 -2.633588e-01 1.807381e-01 3.860487e-01 4.304781e-02 5.023347e-01 6.031680e-01 
118 1653  1.000000000000000000e+05 0 0 -6.986435e-02 6.694728e-01 1.219473e+00 6.227705e-01 6.539520e-01 8.275090e-01 5.536948e-01 1.552298e-01 6.793829e-01 3.516373e-01 1.145677e+00 4.345033e-01 2.291458e-01 5.141750e-01 -1.736857e-02 3.916474e-02 5.942860e-01 7.224501e-01 8.188738e-01 3.373719e-01 5.862502e-01 -1.945257e-02 3.422653e-01 8.816814e-01 4.419642e-01 7.782605e-01 8.036913e-01 2.784910e-01 3.633296e-01 5.162167e-01 7.894918e-01 3.142245e-01 5.568477e-01 -8.213517e-02 
119 1667  1.000000000000000000e+05 0 0 -1.106560e-01 5.328134e-01 6.071257e-01 5.175521e-01 6.265144e-01 9.266033e-01 6.900037e-01 1.931244e-01 5.084685e-01 8.101572e-01 6.079220e-01 2.509999e-01 2.022427e-01 5.922988e-01 6.346392e-01 7.541462e-02 6.355120e-01 4.091976e-01 9.618006e-01 1.976302e-01 6.171207e-01 1.157071e-01 5.239358e-01 1.902160e-01 5.710001e-01 5.440689e-01 6.894017e-01 2.318125e-01 -1.640478e-01 4.636411e-01 3.987419e-01 1.988541e-01 1.093574e-01 7.135294e-02 
120 1681  1.000000000000000000e+05 0 0 7.630080e-02 6.225215e-01 6.654715e-01 3.734952e-01 6.535311e-01 7.333472e-01 3.745692e-01 3.703771e-02 -3.045631e-02 4.248367e-01 9.716334e-01 6.445227e-02 4.318304e-01 4.255731e-01 3.343355e-01 5.579934e-01 1.035895e+00 5.326891e-01 9.589316e-01 2.945099e-01 1.843122e-01 2.298927e-01 2.316972e-01 9.679606e-01 5.048110e-01 7.434116e-01 7.173715e-01 5.240780e-01 8.977100e-02 6.535699e-01 6.090311e-01 2.725305e-01 6.632593e-02 1.025456e-01 
121 1695  1.000000000000000000e+05 0 0 -2.458426e-01 7.527819e-01 7.837150e-01 6.884240e-01 3.938241e-01 8.676979e-01 2.674543e-01 8.637873e-02 2.899082e-01 6.231738e-01 8.774128e-01 6.311147e-01 5.232429e-01 6.145376e-01 1.507981e-01 1.837619e-01 9.092771e-01 6.572294e-01 8.783869e-01 2.083960e-01 2.911229e-02 1.194618e-02 2.458461e-01 8.268214e-01 5.410856e-01 6.358088e-01 5.009620e-01 4.209895e-01 2.511469e-02 6.105302e-01 9.283138e-01 5.468509e-01 3.180425e-01 2.935730e-02 
122 1709  1.000000000000000000e+05 0 0 3.324254e-01 7.785205e-01 4.659639e-01 4.045089e-01 1.551667e-01 7.028997e-01 1.416800e-01 3.718251e-01 4.552297e-01 6.735059e-01 8.251461e-01 -4.994596e-02 6.284057e-01 9.503993e-01 1.641873e-01 5.040178e-01 8.669853e-01 6.348980e-01 7.891314e-01 3.117320e-02 3.633405e-01 2.286700e-01 3.254985e-01 6.538539e-01 2.689267e-01 7.059469e-01 8.578369e-01 2.412784e-01 3.726305e-01 6.325568e-01 6.358028e-01 4.243780e-01 3.164109e-01 1.045633e-01 
123 1723  1.000000000000000000e+05 0 0 2.429589e-01 4.500013e-01 5.239173e-01 1.216260e-01 3.329575e-01 8.150572e-01 3.966482e-02 3.704649e-01 1.207129e-01 6.128365e-01 8.891631e-01 3.952560e-01 5.093943e-01 8.981792e-01 2.662837e-01 8.484247e-01 9.508322e-01 6.429674e-01 8.467755e-01 1.626796e-01 3.750961e-01 3.905605e-01 7.153174e-02 8.712978e-01 5.708719e-01 8.282118e-01 7.244320e-01 7.169804e-01 6.168465e-01 6.728047e-01 8.244315e-01 3.420344e-01 4.250463e-01 1.532045e-01 
124 1737  1.000000000000000000e+05 0 0 3.022544e-02 4.816513e-01 7.677904e-01 5.214707e-02 3.028786e-01 8.660597e-01 5.242748e-01 1.578114e-01 1.691019e-01 7.232693e-01 6.273013e-01 1.574030e-01 7.131463e-01 5.965669e-01 2.927984e-01 9.355868e-01 8.534100e-01 5.510486e-01 5.709575e-01 2.703680e-01 4.659383e-01 3.703427e-01 1.894552e-01 7.841853e-01 3.822960e-01 7.964460e-01 6.923506e-01 4.704380e-01 4.662483e-01 8.076067e-01 6.556983e-01 4.867183e-01 3.627154e-01 5.171737e-01 
125 1751  1.000000000000000000e+05 0 0 1.758853e-01 4.473625e-01 6.625704e-01 -1.894398e-01 2.837746e-01 7.633888e-01 1.728383e-01 3.282109e-03 7.698174e-02 8.331017e-01 6.961310e-01 4.043052e-01 7.413828e-01 8.658063e-01 1.219364e-01 7.441013e-01 6.384189e-01 3.339829e-01 7.276042e-01 5.207200e-01 8.211504e-01 5.634840e-01 3.693055e-01 5.483554e-01 5.319637e-01 6.141490e-01 4.190771e-01 5.813099e-01 4.033178e-01 7.655627e-01 7.182739e-01 7.252759e-01 5.556427e-01 9.008013e-01 
126 1765  1.000000000000000000e+05 0 0 6.382947e-02 5.804159e-01 7.485509e-01 5.068459e-02 3.714829e-01 4.998896e-01 4.174440e-01 2.811308e-01 3.487785e-01 8.360882e-01 6.927169e-01 3.059937e-01 7.646202e-01 6.150570e-01 1.751993e-01 8.111704e-01 8.871235e-01 4.160522e-01 7.850402e-01 2.609293e-01 4.086746e-01 1.932531e-01 3.638702e-01 8.655785e-01 4.406760e-01 7.431501e-01 6.095404e-01 4.972659e-01 1.941413e-01 5.218763e-01 5.549711e-01 3.199724e-01 2.417805e-01 5.427324e-01 
127 1779  1.000000000000000000e+05 0 0 2.743806e-01 7.530510e-01 6.454326e-01 2.902659e-01 3.758501e-01 5.979268e-01 2.170388e-01 3.399062e-01 3.928454e-01 9.473894e-01 6.665402e-01 3.754256e-02 6.116569e-01 5.944906e-01 2.054510e-01 7.587538e-01 9.295476e-01 5.902895e-01 6.740115e-01 2.123345e-01 4.096832e-01 3.075793e-01 3.239092e-01 7.833719e-01 5.621746e-01 8.405728e-01 5.640277e-01 4.426359e-01 2.970286e-01 7.790567e-01 6.764314e-01 1.250166e-01 3.910273e-01 3.725058e-01 
128 1793  1.000000000000000000e+05 0 0 3.690716e-01 4.838238e-01 8.457585e-01 -5.583773e-02 1.890600e-01 7.522665e-01 5.858375e-01 4.458909e-01 3.579005e-01 8.525261e-01 4.736791e-01 -2.472752e-01 7.282427e-01 1.131709e+00 2.050439e-01 7.707539e-01 7.938079e-01 6.310758e-01 6.924528e-01 2.463478e-01 5.428615e-01 4.204054e-01 1.619679e-01 8.555654e-01 6.665240e-01 4.994772e-01 4.598193e-01 6.516178e-01 2.701073e-01 5.536809e-01 7.917670e-01 5.187474e-01 6.492944e-01 3.628621e-01 
129 1807  1.000000000000000000e+05 0 0 2.442409e-01 7.382690e-01 6.262500e-01 2.056433e-01 4.056417e-01 8.271101e-01 2.064692e-01 6.060218e-01 5.315960e-01 8.470454e-01 7.866305e-01 2.869810e-02 4.909367e-01 7.919190e-01 3.478059e-01 1.074661e+00 6.170316e-01 6.138488e-01 5.918111e-01 1.575616e-01 2.981520e-01 1.541848e-01 4.189790e-01 5.516636e-01 8.328473e-01 5.735849e-01 4.278754e-01 6.676868e-01 2.874302e-01 4.161649e-01 5.713987e-01 3.516999e-02 1.175546e-01 2.325579e-01 
130 1821  1.000000000000000000e+05 0 0 7.341562e-03 7.852169e-01 8.661794e-01 -1.193627e-01 2.632849e-01 7.742325e-01 2.701933e-01 2.547030e-01 3.815935e-01 4.002803e-01 1.003759e+00 3.032592e-01 7.018514e-01 9.640306e-01 2.450147e-01 6.754441e-01 9.233975e-01 4.836441e-01 3.289597e-01 -2.473252e-01 3.044291e-01 -7.494661e-02 6.780732e-01 5.983915e-01 8.314504e-01 7.677567e-01 3.552718e-01 9.963414e-01 3.426627e-01 2.309702e-01 8.605575e-01 2.111449e-01 1.928420e-01 3.332495e-01 
131 1835  1.000000000000000000e+05 0 0 1.963016e-01 2.175715e-01 7.940852e-01 3.880252e-01 2.925008e-01 6.508524e-01 4.770076e-01 4.188064e-01 2.737726e-01 9.533582e-01 6.533484e-01 3.430936e-01 6.035882e-01 8.963443e-01 3.383011e-01 6.071328e-01 8.171350e-01 -1.044173e-01 4.664025e-01 3.159491e-01 7.390922e-01 5.020828e-01 3.030846e-01 8.142526e-01 1.118421e+00 3.711325e-01 3.565847e-01 5.100014e-01 -1.205198e-01 5.818038e-01 5.248596e-01 1.297452e-01 3.561524e-01 5.319668e-01 
132 1849  1.000000000000000000e+05 0 0 1.659118e-01 6.447420e-01 9.847371e-01 8.838337e-02 2.959026e-01 6.473601e-01 2.964655e-01 5.700898e-01 3.077820e-01 4.785084e-01 7.594381e-01 5.436862e-01 4.358914e-01 7.313795e-01 1.372828e-01 5.766797e-01 6.965872e-01 1.299788e-01 7.021014e-01 1.826894e-01 6.013113e-01 3.332337e-01 2.605075e-01 7.352645e-01 8.057151e-01 9.588214e-01 6.144328e-01 6.388881e-01 5.153017e-01 5.257924e-01 4.760431e-01 1.391852e-01 1.474744e-02 5.913995e-01 
133 1863  1.000000000000000000e+05 0 0 1.669775e-01 6.460577e-01 9.434866e-01 2.631292e-01 4.784802e-01 1.032471e+00 7.510944e-02 7.287026e-01 3.989340e-01 5.457317e-01 8.668905e-01 5.895468e-01 6.386034e-01 3.758214e-01 4.106808e-01 4.389695e-01 2.720724e-01 3.046174e-01 5.046649e-01 2.378359e-01 4.544852e-01 1.060297e-01 4.225300e-02 6.846229e-01 5.161878e-01 6.417529e-01 6.130560e-01 1.019584e+00 4.164400e-01 2.225838e-01 4.809055e-01 -6.260342e-02 9.679805e-02 4.486253e-01 
134 1877  1.000000000000000000e+05 0 0 2.520879e-01 8.981013e-01 6.471170e-01 1.945948e-01 5.375030e-01 8.083630e-01 3.824433e-01 4.372170e-01 5.926858e-01 4.367559e-01 9.152124e-01 3.163969e-01 8.825896e-01 9.414191e-01 2.004828e-01 6.395867e-01 5.896856e-01 4.202377e-01 7.344358e-01 4.496380e-01 -1.396082e-01 1.328831e-01 2.798161e-01 7.268950e-01 7.533809e-01 7.207881e-01 3.056912e-01 8.554566e-01 7.219832e-02 6.112388e-01 8.142368e-01 1.307370e-01 -4.872868e-02 2.993021e-01 
135 1891  1.000000000000000000e+05 0 0 9.445924e-03 5.678936e-01 6.828705e-01 4.269308e-01 5.491122e-01 8.413794e-01 1.784073e-01 5.987100e-01 4.512075e-01 1.888330e-01 9.029287e-01 3.968598e-01 3.875740e-01 5.875467e-01 4.348183e-01 6.531931e-01 6.411839e-01 2.933112e-01 8.149377e-01 1.081527e-01 3.310984e-01 2.914386e-01 1.343931e-01 7.039346e-01 7.230251e-01 6.184343e-01 6.162353e-01 7.684870e-01 2.607206e-01 1.740125e-01 5.521038e-01 1.772140e-01 -7.589304e-02 5.621141e-01 
136 1905  1.000000000000000000e+05 0 0 5.128943e-01 4.979716e-01 9.251680e-01 7.401955e-01 5.974009e-01 9.609906e-01 2.935521e-01 4.454032e-01 5.671491e-01 4.756133e-01 8.513377e-01 2.834407e-01 2.292277e-01 4.643891e-01 4.670356e-01 4.666617e-01 8.499596e-01 2.078142e-01 8.756630e-01 7.657143e-01 5.666925e-01 7.957809e-02 3.915648e-01 5.646410e-01 6.155731e-01 5.646591e-01 4.242222e-01 6.711316e-01 2.805510e-01 3.345515e-01 3.279029e-01 5.821123e-02 -1.816616e-02 2.995910e-01 
137 1919  1.000000000000000000e+05 0 0 2.043043e-01 6.212746e-01 7.955402e-01 4.073200e-01 4.968061e-01 1.128538e+00 4.199159e-01 6.500779e-01 7.871474e-01 2.440951e-01 8.406916e-01 4.613483e-01 9.099352e-01 6.896669e-01 2.923598e-01 3.568773e-01 7.320967e-01 3.087936e-01 9.121412e-01 3.733260e-01 2.768773e-01 3.529761e-01 2.412748e-01 6.364524e-01 9.651925e-01 8.046132e-01 4.214234e-01 8.216459e-01 4.215471e-01 3.829876e-01 4.050775e-01 4.383511e-01 -5.717116e-02 3.799418e-01 
138 1933  1.000000000000000000e+05 0 0 1.144407e-01 6.204405e-01 8.771816e-01 5.055119e-01 3.175556e-01 9.069282e-01 5.083868e-01 4.157259e-01 8.692268e-01 7.128352e-01 9.070097e-01 3.376972e-01 7.529502e-01 7.712444e-01 1.672552e-01 4.024721e-01 4.776080e-01 1.288832e-01 5.234437e-01 2.473353e-01 1.378529e-02 4.899841e-01 6.626918e-01 6.380856e-01 1.766629e-01 5.895804e-01 1.670969e-01 4.139737e-01 3.282887e-01 4.359484e-01 5.960628e-01 4.642152e-01 1.331363e-01 3.436429e-01 
139 1947  1.000000000000000000e+05 0 0 -1.394440e-02 6.822370e-01 8.906159e-01 7.952542e-01 4.742567e-01 1.229634e+00 4.278189e-01 4.037763e-01 6.939711e-01 6.045731e-01 1.090527e+00 4.337743e-01 1.003129e+00 5.398913e-01 4.768844e-01 4.256540e-01 6.407891e-01 -6.446052e-02 5.744127e-01 3.976619e-01 3.752201e-01 7.533408e-01 5.430085e-01 7.488055e-01 3.140279e-01 6.529245e-01 3.402631e-01 5.248326e-01 2.207879e-01 3.501387e-01 6.887180e-01 4.201224e-02 2.159776e-01 5.469157e-01 
140 1961  1.000000000000000000e+05 0 0 -1.868512e-01 5.248003e-01 8.264600e-01 4.753878e-01 2.330127e-01 1.000726e+00 6.124480e-01 3.932951e-01 6.986779e-01 6.613811e-01 1.041623e+00 -7.585763e-04 4.833536e-01 6.575068e-01 6.213322e-01 4.921112e-01 3.883931e-01 -1.048497e-01 5.752080e-01 5.806102e-01 4.874897e-01 1.503686e-01 5.057362e-01 7.539472e-01 3.653004e-01 4.179934e-01 -1.000459e-02 6.727063e-01 2.652414e-01 1.653367e-01 2.247738e-01 4.882689e-01 5.188348e-02 4.074016e-01 
141 1975  1.000000000000000000e+05 0 0 6.867987e-02 7.594276e-01 7.312530e-01 4.129802e-01 5.722912e-01 6.642202e-01 5.586826e-01 2.119785e-02 1.002169e+00 9.569001e-01 9.529336e-01 4.238363e-01 7.913391e-01 7.216619e-01 2.766813e-01 4.535730e-01 8.916095e-01 6.103239e-02 4.657372e-01 3.611615e-01 3.766093e-01 2.742214e-01 7.059757e-01 5.483522e-01 6.271039e-01 3.942381e-01 2.485646e-01 7.513220e-01 4.828544e-01 2.018606e-01 1.975891e-01 4.760958e-01 3.755561e-01 4.585913e-01 
142 1989  1.000000000000000000e+05 0 0 2.009867e-01 5.155627e-01 5.546576e-01 3.754206e-01 6.980090e-01 6.434059e-01 3.621504e-01 -9.330095e-02 1.118070e+00 9.056918e-01 1.133659e+00 4.738864e-01 6.672649e-01 8.467310e-01 2.615633e-01 5.799200e-01 8.118444e-01 -8.283544e-02 1.356889e-01 2.423472e-01 2.445619e-01 2.994843e-01 3.201140e-01 7.516917e-01 1.111502e-01 5.019367e-01 4.927967e-01 1.485245e+00 9.977814e-02 3.068381e-01 4.172370e-01 5.023210e-01 2.043396e-01 3.704043e-01 
143 2003  1.000000000000000000e+05 0 0 1.610205e-01 9.023616e-01 6.813410e-01 4.107892e-01 4.702944e-01 8.686615e-01 3.127454e-01 4.434410e-01 1.324099e+00 8.391356e-01 8.996933e-01 7.557206e-01 4.392242e-01 8.335236e-01 2.396881e-01 6.787813e-01 5.424906e-01 3.682170e-01 6.622783e-01 1.023982e-01 5.321702e-01 1.406415e-01 7.629444e-01 3.807010e-01 5.854457e-01 8.407888e-01 5.836711e-01 1.177412e+00 5.417125e-01 6.228599e-01 -9.548359e-02 5.691399e-01 4.595967e-01 7.004386e-01 
144 2017  1.000000000000000000e+05 0 0 6.970748e-02 5.853826e-01 6.253456e-01 4.588907e-01 6.544844e-01 6.425279e-01 6.788964e-01 1.406977e-01 8.840729e-01 9.390551e-01 1.233905e+00 1.650548e-01 1.330305e-01 1.190461e+00 -5.534214e-02 4.731185e-01 4.015840e-01 8.161218e-01 4.983383e-01 7.691028e-02 1.339096e-01 2.034400e-01 4.578185e-01 6.924100e-01 2.199875e-01 4.593005e-01 2.130294e-01 3.675207e-01 6.087646e-01 -4.712162e-02 2.590342e-01 7.920130e-01 4.069777e-01 5.730074e-01 
145 2031  1.000000000000000000e+05 0 0 3.444519e-02 4.498288e-01 9.816888e-01 3.170905e-01 5.699676e-01 5.525850e-01 6.327885e-02 2.871280e-01 7.757848e-01 8.730149e-01 3.837002e-01 1.843301e-01 4.317049e-01 8.390935e-01 -1.242658e-02 4.887762e-01 8.079969e-01 4.856406e-01 3.605571e-01 6.707728e-01 2.518202e-01 9.160089e-02 5.368737e-01 4.250052e-01 2.727417e-01 4.625676e-01 4.208291e-01 5.552352e-01 3.649908e-01 4.783848e-01 3.941267e-01 1.470348e-01 2.136492e-01 3.761460e-01 
146 2045  1.000000000000000000e+05 0 0 4.115023e-01 4.403945e-02 8.694081e-01 4.181407e-01 3.728450e-01 7.485205e-01 4.923553e-01 5.111577e-01 6.417128e-01 8.049855e-01 9.881794e-01 5.253594e-01 8.724909e-01 1.015589e+00 2.896648e-01 5.289556e-01 6.353950e-01 6.247373e-01 7.131589e-01 3.081711e-01 3.442593e-02 1.651994e-01 6.280702e-01 6.308654e-01 3.555067e-01 6.406326e-01 3.841022e-01 8.898833e-01 1.018678e-01 2.776203e-02 2.170207e-01 3.120259e-01 4.913251e-02 2.752228e-01 
147 2059  1.000000000000000000e+05 0 0 3.807752e-01 3.546924e-01 6.689285e-01 7.144583e-01 5.393131e-01 9.208492e-01 3.191873e-01 5.144702e-01 2.334926e-01 9.587947e-01 1.071747e+00 5.375271e-01 8.523240e-01 9.633287e-01 4.569585e-02 5.374682e-01 7.488562e-01 7.655109e-01 4.978047e-01 6.556964e-01 3.472151e-01 -6.361364e-02 9.757837e-01 2.196146e-01 4.301205e-01 3.772031e-01 4.992216e-02 9.593435e-01 -6.510828e-03 1.501696e-01 -5.411007e-02 6.769676e-01 1.246935e-01 3.967799e-01 
