%  columns="iteration, evaluation, void, void, void, xmean" (startseed=211568, 2023/08/26 17:1:40.69)
0 1 0 0 0 2.500000e-01 7.500000e-01 7.500000e-01 2.500000e-01 7.500000e-01 2.500000e-01 5.000000e-01 5.000000e-01 7.500000e-01 7.500000e-01 2.500000e-01 5.000000e-01 5.000000e-01 5.000000e-01 7.500000e-01 7.500000e-01 2.500000e-01 7.500000e-01 5.000000e-01 2.500000e-01 2.500000e-01 5.000000e-01 7.500000e-01 5.000000e-01 5.000000e-01 2.500000e-01 7.500000e-01 2.500000e-01 5.000000e-01 7.500000e-01 7.500000e-01 7.500000e-01 5.000000e-01 2.500000e-01 
1 15 0 0 0 3.791987e-01 1.033679e+00 8.897910e-01 8.834493e-02 6.928411e-01 4.799499e-01 3.038011e-01 3.000156e-01 6.590583e-01 7.308764e-01 2.296718e-01 5.462254e-01 3.982261e-01 5.215243e-01 6.922571e-01 6.664093e-01 3.589273e-01 7.907511e-01 5.562843e-01 7.278209e-02 4.332665e-02 5.417185e-01 7.962897e-01 5.882173e-01 3.491625e-01 -2.050765e-02 8.703042e-01 1.232589e-01 4.737170e-01 5.941346e-01 8.891877e-01 8.041313e-01 6.721400e-01 4.531004e-01 
2 29 0 0 0 4.433847e-01 9.725931e-01 8.238671e-01 -3.932935e-02 4.350624e-01 4.987523e-01 4.724374e-01 1.384158e-01 5.490776e-01 7.201969e-01 3.461355e-01 4.187252e-01 6.119011e-01 5.341763e-01 6.507070e-01 8.857463e-01 4.610870e-01 6.500348e-01 4.662811e-01 3.771370e-02 2.825983e-03 6.667494e-01 6.273513e-01 4.826505e-01 3.054743e-01 1.060193e-01 8.756422e-01 1.470408e-01 3.586549e-01 8.948273e-01 6.637636e-01 8.565332e-01 6.646140e-01 4.736691e-01 
3 43 0 0 0 2.493249e-01 1.149491e+00 9.224742e-01 6.314632e-02 2.245257e-01 4.351529e-01 6.906233e-01 1.059113e-01 6.804549e-01 8.235328e-01 2.776684e-01 6.717223e-01 6.194479e-01 5.155791e-01 5.293374e-01 8.492080e-01 3.423120e-01 7.934505e-01 2.818742e-01 1.051867e-01 1.470471e-01 6.129594e-01 6.782969e-01 6.141166e-01 2.597934e-01 5.061898e-02 8.146421e-01 3.645610e-01 1.565968e-01 8.359502e-01 5.162868e-01 9.892007e-01 8.305049e-01 5.631943e-01 
4 57 0 0 0 4.320450e-01 9.094232e-01 7.452202e-01 2.034224e-01 1.923658e-01 4.459547e-01 8.502685e-01 1.486670e-01 6.907289e-01 7.923593e-01 3.416070e-02 7.234354e-01 6.682985e-01 4.087649e-01 4.987014e-01 5.841827e-01 2.200922e-01 7.022901e-01 2.245030e-01 1.640810e-01 1.891674e-01 5.675269e-01 7.116169e-01 5.831299e-01 3.440252e-01 2.624722e-01 5.787757e-01 2.918617e-01 9.515076e-02 8.887956e-01 4.382215e-01 9.062605e-01 6.628092e-01 7.145612e-01 
5 71 0 0 0 2.317534e-01 8.853442e-01 6.993272e-01 2.927825e-01 2.780815e-01 6.893419e-01 6.369294e-01 2.596881e-01 8.026226e-01 7.864503e-01 -8.355740e-03 5.744005e-01 8.021828e-01 4.624543e-01 5.389732e-01 4.896838e-01 2.099735e-01 5.290265e-01 4.887497e-02 3.254731e-01 1.980335e-01 6.411059e-01 6.406290e-01 6.388006e-01 3.758553e-01 1.889779e-01 4.876184e-01 3.205210e-01 9.375901e-02 1.081422e+00 3.143784e-01 8.327179e-01 6.267056e-01 6.682979e-01 
6 85 0 0 0 1.848923e-01 7.487406e-01 4.912604e-01 4.102522e-01 2.086572e-01 6.188923e-01 6.587742e-01 4.646190e-01 8.024277e-01 9.287821e-01 1.065809e-01 6.449634e-01 8.153464e-01 5.286251e-01 3.610321e-01 4.898477e-01 1.989909e-01 4.820385e-01 1.447073e-01 3.128012e-01 1.711200e-01 3.966408e-01 5.855594e-01 7.496323e-01 5.336139e-01 1.522873e-01 6.358144e-01 3.306418e-01 3.036350e-01 1.015142e+00 2.428677e-01 7.842363e-01 6.115181e-01 6.338304e-01 
7 99 0 0 0 2.643600e-01 7.910983e-01 4.366027e-01 4.381736e-01 1.436539e-01 5.483464e-01 8.468214e-01 4.409055e-01 7.870012e-01 8.472537e-01 1.504404e-01 5.824694e-01 8.055248e-01 5.043053e-01 3.362097e-01 6.532193e-01 3.044004e-01 4.001623e-01 1.122559e-01 2.636900e-01 2.505321e-01 5.287942e-01 7.888200e-01 6.707730e-01 6.008697e-01 2.944385e-01 4.778872e-01 2.958512e-01 4.615094e-01 1.023816e+00 3.953247e-01 4.943022e-01 6.886740e-01 6.082537e-01 
8 113 0 0 0 2.920340e-01 5.141532e-01 4.126643e-01 4.637062e-01 3.582694e-01 4.692050e-01 7.547933e-01 2.239955e-01 9.019669e-01 6.636055e-01 1.405487e-01 5.354244e-01 7.961760e-01 5.383178e-01 3.086833e-01 6.879161e-01 4.147974e-01 4.767140e-01 6.913769e-02 9.071337e-02 1.918027e-01 5.075456e-01 7.825774e-01 6.511155e-01 4.948012e-01 3.989847e-01 6.038834e-01 3.963125e-01 3.430995e-01 8.004477e-01 3.454381e-01 4.250388e-01 6.301255e-01 5.362001e-01 
9 127 0 0 0 2.645293e-01 3.514723e-01 5.225551e-01 6.514043e-01 1.980653e-01 6.558296e-01 7.961854e-01 1.795280e-01 9.301863e-01 7.413320e-01 6.276917e-02 4.139092e-01 6.859904e-01 4.379902e-01 1.923149e-01 7.343720e-01 5.270418e-01 5.430770e-01 1.537236e-02 1.531079e-01 2.278470e-01 6.065301e-01 8.019767e-01 5.652475e-01 4.007801e-01 4.244902e-01 5.666140e-01 4.075920e-01 5.374669e-01 7.897108e-01 2.234795e-01 3.127916e-01 5.658870e-01 5.120566e-01 
10 141 0 0 0 4.324092e-01 3.768517e-01 6.121644e-01 6.659450e-01 2.818005e-01 6.228842e-01 7.668620e-01 1.396971e-01 7.925413e-01 7.669762e-01 8.487419e-02 2.998739e-01 8.380287e-01 2.920692e-01 1.170340e-01 6.887554e-01 4.751798e-01 6.034770e-01 9.928995e-02 2.812536e-01 1.964423e-01 7.553190e-01 7.983632e-01 7.272947e-01 5.249152e-01 4.469315e-01 5.198185e-01 5.199888e-01 6.743642e-01 6.964700e-01 1.471167e-01 2.332695e-01 6.411130e-01 5.612426e-01 
11 155 0 0 0 4.107525e-01 3.172507e-01 5.384809e-01 7.164238e-01 4.194467e-01 5.005201e-01 6.958815e-01 1.875290e-01 8.575459e-01 8.081845e-01 1.909425e-01 3.957359e-01 8.773461e-01 2.038234e-01 6.819830e-02 7.275003e-01 4.771278e-01 5.275311e-01 7.822012e-02 3.180437e-01 1.502848e-01 7.794530e-01 7.695486e-01 7.208034e-01 4.283225e-01 4.680590e-01 4.910373e-01 7.280698e-01 5.932968e-01 6.106897e-01 4.018013e-01 1.571219e-01 5.280725e-01 5.716841e-01 
12 169 0 0 0 4.492672e-01 3.682925e-01 5.016323e-01 7.225600e-01 5.497532e-01 7.426315e-01 4.119145e-01 2.371468e-01 8.197872e-01 8.607856e-01 3.155557e-01 2.403738e-01 8.507074e-01 2.229369e-01 3.998468e-02 8.337960e-01 4.631182e-01 7.105405e-01 6.452452e-02 4.499200e-01 6.969509e-02 7.560619e-01 7.291511e-01 7.946412e-01 3.230643e-01 5.577375e-01 4.688638e-01 6.829610e-01 4.631801e-01 5.457607e-01 4.207241e-01 1.702086e-01 2.464870e-01 7.336682e-01 
13 183 0 0 0 3.931263e-01 4.229166e-01 2.920622e-01 7.317991e-01 3.790202e-01 8.565089e-01 4.254551e-01 2.420887e-01 8.866677e-01 8.039141e-01 2.830740e-01 3.414141e-01 8.820609e-01 2.589133e-01 1.059809e-01 8.159226e-01 3.962631e-01 6.101936e-01 9.151279e-02 2.537234e-01 9.414020e-02 7.565789e-01 4.257087e-01 8.327389e-01 1.132494e-01 6.619285e-01 5.564468e-01 7.624346e-01 4.529108e-01 3.929342e-01 4.618186e-01 2.331017e-01 2.872512e-01 7.863606e-01 
14 197 0 0 0 4.224561e-01 3.028703e-01 2.158139e-01 8.116739e-01 3.530729e-01 8.420143e-01 3.948056e-01 2.286920e-01 8.736425e-01 8.395225e-01 2.916327e-01 4.267276e-01 7.879140e-01 4.030097e-01 2.158928e-01 8.004200e-01 3.627098e-01 4.703532e-01 8.664415e-02 2.312503e-01 2.473837e-01 7.527690e-01 5.197106e-01 7.313223e-01 1.779552e-01 5.191733e-01 4.552752e-01 7.262811e-01 4.420521e-01 4.765728e-01 5.366345e-01 2.072782e-01 2.279101e-01 7.348762e-01 
15 211 0 0 0 5.865077e-01 3.129250e-01 3.864101e-01 7.317256e-01 4.145271e-01 7.364534e-01 4.417663e-01 8.803552e-02 7.574452e-01 7.471528e-01 4.166612e-01 3.965727e-01 7.610100e-01 4.816727e-01 3.783663e-01 7.710603e-01 4.442409e-01 4.570279e-01 4.341917e-02 3.532499e-01 3.175279e-01 8.182339e-01 6.017894e-01 8.885058e-01 2.282074e-01 4.548424e-01 5.890420e-01 6.545867e-01 3.973785e-01 4.713139e-01 3.546246e-01 1.034302e-01 2.134888e-01 6.850045e-01 
16 225 0 0 0 5.037182e-01 3.451522e-01 3.360146e-01 4.138062e-01 4.904797e-01 7.670206e-01 3.689409e-01 1.430179e-01 7.301776e-01 8.096516e-01 6.025716e-01 3.151645e-01 8.103272e-01 5.871501e-01 4.177033e-01 7.588742e-01 4.752127e-01 5.444312e-01 6.062576e-02 3.584196e-01 3.713992e-01 8.405356e-01 6.592170e-01 8.102008e-01 1.665794e-01 4.653393e-01 3.921182e-01 4.593689e-01 4.222095e-01 3.794046e-01 4.212929e-01 2.043981e-01 1.905861e-01 4.573514e-01 
17 239 0 0 0 5.628318e-01 4.537126e-01 3.897696e-01 4.842605e-01 4.918044e-01 7.451700e-01 3.916793e-01 1.001757e-01 7.182019e-01 7.109434e-01 4.724303e-01 3.193219e-01 7.910265e-01 5.505892e-01 3.531024e-01 7.519999e-01 6.489427e-01 5.753114e-01 6.665328e-02 3.556384e-01 4.026801e-01 9.352299e-01 8.063999e-01 6.156518e-01 2.537881e-01 4.030866e-01 1.987200e-01 5.093200e-01 4.770073e-01 4.414090e-01 4.355946e-01 2.172749e-01 1.350785e-01 3.984566e-01 
18 253 0 0 0 4.143849e-01 5.590240e-01 4.455501e-01 4.870769e-01 5.205663e-01 6.466443e-01 6.091183e-01 1.780908e-01 6.568498e-01 6.915933e-01 5.333125e-01 3.927630e-01 7.988435e-01 7.001851e-01 2.509462e-01 6.667487e-01 7.411548e-01 5.661399e-01 4.165070e-02 4.602316e-01 4.784566e-01 8.198700e-01 7.191023e-01 6.950831e-01 3.030242e-01 5.658010e-01 1.526379e-01 4.772655e-01 5.126505e-01 4.023977e-01 5.218585e-01 2.070925e-01 6.240638e-02 5.304766e-01 
19 267 0 0 0 4.025322e-01 6.444393e-01 3.348375e-01 4.812393e-01 2.863567e-01 7.850485e-01 7.422823e-01 1.665985e-01 7.093782e-01 8.576243e-01 5.291133e-01 3.852337e-01 8.077732e-01 5.584209e-01 4.239099e-01 7.647577e-01 8.151517e-01 6.346178e-01 1.265900e-01 3.943369e-01 5.162368e-01 7.492675e-01 6.885379e-01 6.927627e-01 3.866586e-01 5.367257e-01 9.940471e-02 4.535862e-01 5.474338e-01 4.453755e-01 6.894325e-01 2.991905e-01 1.042915e-01 5.686014e-01 
20 281 0 0 0 4.351233e-01 7.458368e-01 3.560039e-01 4.732119e-01 2.472244e-01 7.035384e-01 6.293600e-01 1.613010e-01 6.638332e-01 8.533262e-01 6.318238e-01 3.045040e-01 8.486295e-01 4.553992e-01 2.856800e-01 8.027004e-01 7.215969e-01 7.066355e-01 9.975266e-02 4.187834e-01 5.545915e-01 6.760579e-01 6.646641e-01 6.733715e-01 3.867034e-01 5.008751e-01 1.890103e-01 2.617277e-01 7.598013e-01 4.229418e-01 6.046899e-01 3.472655e-01 1.900498e-01 5.505066e-01 
21 295 0 0 0 5.241994e-01 6.053656e-01 3.437070e-01 6.171587e-01 2.470911e-01 7.114552e-01 7.144327e-01 2.263686e-01 7.666202e-01 7.644097e-01 4.624688e-01 3.100086e-01 8.161214e-01 4.590074e-01 3.584305e-01 7.050532e-01 7.491727e-01 8.063740e-01 5.899928e-02 4.533874e-01 5.294993e-01 7.480018e-01 6.230182e-01 7.042003e-01 4.337563e-01 6.051316e-01 2.540782e-01 3.764944e-01 8.017086e-01 3.384302e-01 7.152719e-01 2.832771e-01 2.331222e-01 5.835613e-01 
22 309 0 0 0 5.387062e-01 5.938259e-01 4.566429e-01 6.971375e-01 3.107336e-01 6.618430e-01 6.528224e-01 2.087738e-01 7.475529e-01 8.001606e-01 2.457957e-01 3.383905e-01 6.853814e-01 3.395142e-01 2.662151e-01 7.557482e-01 6.010549e-01 8.078901e-01 1.738639e-01 4.200497e-01 6.631523e-01 7.306803e-01 6.521934e-01 6.974036e-01 5.007221e-01 6.189457e-01 1.519026e-01 2.920180e-01 7.834634e-01 3.498969e-01 7.738181e-01 1.918052e-01 2.983251e-01 5.242978e-01 
23 323 0 0 0 5.557878e-01 5.254354e-01 3.174114e-01 6.192573e-01 3.748833e-01 7.237527e-01 6.123335e-01 1.795497e-01 8.489453e-01 6.774823e-01 2.299869e-01 3.898723e-01 5.705347e-01 2.156849e-01 1.706396e-01 7.969943e-01 4.308618e-01 8.482896e-01 2.415109e-01 4.060644e-01 5.969265e-01 7.039854e-01 6.937054e-01 6.105662e-01 5.477570e-01 5.335587e-01 2.801726e-01 3.366473e-01 8.413395e-01 3.268430e-01 7.766677e-01 2.251916e-01 2.528835e-01 4.577147e-01 
24 337 0 0 0 5.188596e-01 5.213713e-01 2.916242e-01 6.107975e-01 3.498772e-01 6.699594e-01 6.242350e-01 2.761313e-01 8.077030e-01 7.228552e-01 3.337130e-01 4.421601e-01 5.605978e-01 1.816951e-01 2.913956e-01 8.045942e-01 4.518987e-01 8.214332e-01 2.625115e-01 3.762030e-01 5.933415e-01 6.334891e-01 6.915890e-01 5.755030e-01 4.346165e-01 4.723603e-01 2.210453e-01 3.802974e-01 7.666060e-01 2.409064e-01 7.561756e-01 3.603890e-01 2.860177e-01 2.715544e-01 
25 351 0 0 0 5.584787e-01 6.350799e-01 4.216796e-01 6.446550e-01 2.438828e-01 6.003635e-01 7.454818e-01 2.384318e-01 7.818174e-01 6.752519e-01 3.179231e-01 3.907204e-01 5.797265e-01 2.561340e-01 3.610346e-01 7.701252e-01 5.703914e-01 8.081208e-01 3.183327e-01 4.726611e-01 5.536560e-01 5.230006e-01 6.814588e-01 4.786510e-01 2.920284e-01 5.417211e-01 2.242775e-01 3.094607e-01 6.510674e-01 2.455099e-01 7.698352e-01 4.476299e-01 3.112255e-01 2.938489e-01 
26 365 0 0 0 5.515161e-01 6.578554e-01 4.122119e-01 6.434961e-01 1.903735e-01 6.505492e-01 6.536797e-01 2.042279e-01 8.538390e-01 6.717637e-01 1.699144e-01 3.641649e-01 5.993451e-01 2.172148e-01 5.389777e-01 8.568890e-01 4.383485e-01 6.363602e-01 3.224433e-01 4.463310e-01 4.966426e-01 3.987883e-01 6.505528e-01 4.675537e-01 2.242360e-01 6.224390e-01 4.006399e-01 2.683217e-01 4.974080e-01 3.953007e-01 6.668133e-01 3.672875e-01 2.613218e-01 2.535020e-01 
27 379 0 0 0 7.352346e-01 6.858374e-01 5.055884e-01 4.479794e-01 2.175921e-01 5.658239e-01 7.422976e-01 3.233555e-01 7.288423e-01 6.475160e-01 2.587023e-01 3.457042e-01 6.783548e-01 3.245042e-01 6.119482e-01 8.013971e-01 4.693186e-01 5.727872e-01 2.994268e-01 2.578072e-01 3.454924e-01 4.460990e-01 5.555631e-01 5.496149e-01 3.447816e-01 5.299491e-01 4.495850e-01 1.839327e-01 5.538019e-01 3.748209e-01 7.637973e-01 3.805992e-01 4.606652e-01 3.757971e-01 
28 393 0 0 0 7.126211e-01 6.430292e-01 5.122129e-01 4.313184e-01 2.557603e-01 6.150930e-01 7.076342e-01 1.987074e-01 7.912576e-01 5.699343e-01 3.304665e-01 1.967502e-01 6.979335e-01 4.609890e-01 5.230065e-01 7.732881e-01 5.829829e-01 4.579803e-01 3.883027e-01 3.589486e-01 3.349917e-01 4.459174e-01 5.539987e-01 5.789271e-01 4.097721e-01 5.346319e-01 4.412418e-01 3.512702e-01 6.866035e-01 4.517394e-01 8.071067e-01 3.753208e-01 3.491586e-01 1.985392e-01 
29 407 0 0 0 7.085213e-01 7.149204e-01 5.994977e-01 2.965625e-01 2.234389e-01 7.064165e-01 5.798335e-01 1.412297e-01 8.250424e-01 5.899714e-01 3.828255e-01 3.607987e-01 6.816009e-01 4.595775e-01 6.323704e-01 8.659760e-01 4.418861e-01 5.028871e-01 4.375093e-01 4.077810e-01 3.832960e-01 5.203813e-01 6.764867e-01 5.107297e-01 4.993789e-01 5.387576e-01 4.758127e-01 3.431196e-01 6.274756e-01 5.620080e-01 7.911350e-01 2.981358e-01 3.728237e-01 2.775966e-01 
30 421 0 0 0 7.782661e-01 8.259831e-01 6.251289e-01 4.004443e-01 1.787899e-01 7.329175e-01 4.824087e-01 2.090122e-01 7.442943e-01 5.261853e-01 5.680497e-01 5.292401e-01 4.997879e-01 3.733828e-01 7.223345e-01 8.820296e-01 4.680812e-01 5.164501e-01 4.122809e-01 4.566754e-01 3.807821e-01 5.512437e-01 5.664083e-01 4.262509e-01 5.014637e-01 3.822388e-01 4.331633e-01 3.286493e-01 7.256101e-01 6.260841e-01 8.123450e-01 3.341135e-01 3.855623e-01 3.401160e-01 
31 435 0 0 0 6.811133e-01 8.945852e-01 6.178020e-01 3.406620e-01 2.167246e-01 7.457827e-01 5.959930e-01 1.335042e-01 6.905901e-01 5.688596e-01 5.087685e-01 5.102773e-01 4.287647e-01 3.520084e-01 6.857619e-01 8.565756e-01 3.315887e-01 5.448814e-01 3.912154e-01 6.250542e-01 4.343990e-01 5.476088e-01 6.080799e-01 5.317024e-01 4.211633e-01 4.902103e-01 5.601858e-01 2.625085e-01 8.208167e-01 5.963964e-01 7.509138e-01 3.111707e-01 4.454179e-01 2.962297e-01 
32 449 0 0 0 5.984190e-01 9.119892e-01 6.684609e-01 3.933996e-01 2.592941e-01 8.435420e-01 6.807031e-01 1.258528e-01 6.587599e-01 4.177165e-01 5.846533e-01 4.691004e-01 4.054724e-01 4.582438e-01 5.873267e-01 8.792495e-01 3.911081e-01 7.203783e-01 4.990447e-01 6.643675e-01 6.262300e-01 5.710289e-01 5.676364e-01 4.494583e-01 5.927866e-01 4.264838e-01 5.206473e-01 4.238075e-01 8.386863e-01 4.556035e-01 7.515882e-01 2.883328e-01 5.371043e-01 2.584786e-01 
33 463 0 0 0 5.693277e-01 8.063944e-01 7.355589e-01 3.117406e-01 3.646007e-01 8.344910e-01 6.415729e-01 1.327092e-01 6.775530e-01 4.438575e-01 4.519237e-01 3.325375e-01 4.002587e-01 4.241155e-01 6.364792e-01 7.679278e-01 4.691058e-01 6.542551e-01 5.340289e-01 7.368171e-01 6.299572e-01 4.931507e-01 6.502316e-01 4.520742e-01 6.038251e-01 5.058120e-01 4.702111e-01 4.283926e-01 8.079669e-01 3.599730e-01 7.621478e-01 2.352817e-01 5.663518e-01 2.183896e-01 
34 477 0 0 0 4.689467e-01 7.682593e-01 7.395170e-01 3.393099e-01 3.377684e-01 8.184026e-01 6.549007e-01 2.368767e-01 7.519877e-01 4.863450e-01 5.576622e-01 4.126583e-01 4.044118e-01 3.290785e-01 6.638269e-01 7.297322e-01 4.113042e-01 6.620074e-01 4.431847e-01 7.548465e-01 7.401850e-01 5.160141e-01 7.189963e-01 3.953805e-01 6.135881e-01 6.300091e-01 6.626989e-01 2.436515e-01 7.435602e-01 4.099951e-01 6.798547e-01 3.564050e-01 5.273128e-01 2.458963e-01 
35 491 0 0 0 4.333726e-01 7.935520e-01 7.474166e-01 9.551736e-02 3.653751e-01 7.197532e-01 5.993712e-01 3.545755e-01 7.192900e-01 5.960054e-01 4.356445e-01 3.323937e-01 4.404351e-01 2.405895e-01 7.277922e-01 6.897410e-01 6.010644e-01 6.203699e-01 5.613608e-01 5.119586e-01 6.545752e-01 5.287493e-01 7.177139e-01 4.590368e-01 6.469628e-01 6.813342e-01 6.464567e-01 2.220851e-01 7.542554e-01 3.953111e-01 5.622928e-01 4.923061e-01 5.268988e-01 2.452413e-01 
36 505 0 0 0 4.328224e-01 5.870967e-01 6.506920e-01 1.045230e-01 4.081417e-01 8.465473e-01 5.883906e-01 2.813947e-01 6.993845e-01 7.072469e-01 4.584033e-01 5.077630e-01 6.605178e-01 2.599759e-01 6.287535e-01 7.725834e-01 3.758674e-01 6.716833e-01 4.899505e-01 5.362888e-01 5.780715e-01 4.657654e-01 7.229982e-01 5.257700e-01 6.734711e-01 6.418570e-01 7.942014e-01 2.183202e-01 7.372110e-01 2.465575e-01 6.179099e-01 4.722902e-01 4.973700e-01 2.452954e-01 
37 519 0 0 0 3.047963e-01 6.189289e-01 4.450082e-01 2.286046e-01 4.232081e-01 8.025291e-01 5.920278e-01 2.463554e-01 6.019871e-01 7.553803e-01 4.288283e-01 5.955726e-01 5.512865e-01 2.862566e-01 7.206570e-01 7.579874e-01 3.874384e-01 5.341612e-01 4.449753e-01 4.609426e-01 4.883220e-01 5.263687e-01 7.520679e-01 4.752759e-01 6.206859e-01 4.130505e-01 7.620421e-01 2.460399e-01 8.438747e-01 2.053226e-01 7.209922e-01 6.056345e-01 5.996151e-01 1.601518e-01 
38 533 0 0 0 3.077950e-01 5.061830e-01 3.992362e-01 2.365857e-01 4.651324e-01 7.079959e-01 6.129311e-01 3.336844e-01 5.496345e-01 8.251208e-01 6.065102e-01 6.106583e-01 6.136506e-01 3.198281e-01 7.018753e-01 7.523270e-01 3.478914e-01 5.706302e-01 2.918325e-01 2.496812e-01 4.061258e-01 6.614564e-01 7.485832e-01 3.584270e-01 3.952232e-01 3.723346e-01 7.467010e-01 2.744161e-01 8.429800e-01 3.320002e-01 5.803305e-01 5.908988e-01 5.263295e-01 3.221617e-01 
39 547 0 0 0 3.541510e-01 4.811580e-01 3.168502e-01 2.747302e-01 4.004328e-01 7.375094e-01 3.640658e-01 2.260314e-01 5.702354e-01 7.532233e-01 4.571976e-01 3.730580e-01 6.504949e-01 4.157587e-01 5.744421e-01 7.247855e-01 3.486668e-01 6.043840e-01 3.481799e-01 2.461140e-01 3.322241e-01 7.189449e-01 8.369351e-01 2.961090e-01 4.419477e-01 3.931280e-01 6.826944e-01 1.139718e-01 7.924025e-01 2.712204e-01 6.545246e-01 5.483282e-01 4.143538e-01 3.722966e-01 
40 561 0 0 0 4.049448e-01 4.630471e-01 3.353640e-01 1.857774e-01 4.560302e-01 7.711883e-01 2.354693e-01 2.774121e-01 5.626394e-01 7.533837e-01 4.033810e-01 3.927792e-01 7.842313e-01 3.545148e-01 5.759933e-01 8.015314e-01 2.722021e-01 4.127895e-01 2.966508e-01 3.823062e-01 2.167153e-01 6.946723e-01 8.269527e-01 3.545945e-01 5.811055e-01 4.803250e-01 7.495979e-01 1.889351e-01 7.594586e-01 3.414957e-01 7.910251e-01 5.896498e-01 5.086005e-01 3.091964e-01 
41 575 0 0 0 3.741323e-01 2.951179e-01 3.436437e-01 1.275422e-01 4.384142e-01 9.019580e-01 2.354553e-01 2.861810e-01 5.245993e-01 8.359217e-01 4.040455e-01 3.852911e-01 8.135417e-01 3.227559e-01 5.002606e-01 8.835892e-01 2.877553e-01 2.915053e-01 3.237466e-01 2.917951e-01 1.996910e-01 6.614189e-01 7.405487e-01 2.936495e-01 5.834156e-01 3.195760e-01 7.024510e-01 1.472562e-01 8.434945e-01 4.614841e-01 6.983848e-01 5.666858e-01 4.398997e-01 2.650899e-01 
42 589 0 0 0 3.859554e-01 3.118640e-01 3.165729e-01 5.561126e-02 4.125269e-01 8.179299e-01 2.996029e-01 5.142004e-01 5.543510e-01 8.774471e-01 3.914262e-01 5.286006e-01 6.129096e-01 4.527354e-01 5.410221e-01 8.573177e-01 2.264430e-01 3.172431e-01 2.361417e-01 3.323248e-01 1.604873e-01 7.008355e-01 7.540148e-01 2.274342e-01 6.627840e-01 3.106269e-01 6.924262e-01 3.486459e-01 8.552594e-01 4.297269e-01 7.465961e-01 5.405531e-01 4.011453e-01 4.427604e-01 
43 603 0 0 0 2.254822e-01 4.614428e-01 3.715676e-01 8.507741e-02 4.612861e-01 9.072198e-01 2.689232e-01 5.109457e-01 5.164470e-01 7.430087e-01 4.307626e-01 7.045383e-01 5.589160e-01 3.879214e-01 5.250773e-01 7.650007e-01 1.570002e-01 2.451714e-01 3.767245e-01 3.688995e-01 2.441184e-01 5.803845e-01 7.273175e-01 1.732111e-01 8.042415e-01 2.414629e-01 8.003492e-01 2.223981e-01 8.623359e-01 3.140563e-01 8.616437e-01 3.728065e-01 5.394493e-01 3.335670e-01 
44 617 0 0 0 2.830064e-01 4.337891e-01 3.018323e-01 2.530408e-01 3.035993e-01 8.659245e-01 2.831165e-01 6.272764e-01 5.904742e-01 7.695717e-01 5.155917e-01 7.630836e-01 5.013861e-01 4.087445e-01 4.165345e-01 8.216900e-01 1.600992e-01 2.209578e-01 3.318432e-01 4.893009e-01 1.956396e-01 6.428361e-01 5.389001e-01 1.308092e-01 8.496284e-01 2.398416e-01 7.632379e-01 1.711085e-01 8.157261e-01 2.874452e-01 7.860790e-01 3.871057e-01 3.489503e-01 3.457958e-01 
45 631 0 0 0 2.944323e-01 5.086951e-01 2.782753e-01 2.528634e-01 2.444204e-01 9.234608e-01 2.829140e-01 7.054898e-01 4.588589e-01 8.264609e-01 6.201202e-01 7.627339e-01 4.958330e-01 5.173723e-01 4.235843e-01 8.171414e-01 2.569683e-01 1.690878e-01 2.018710e-01 4.182797e-01 2.228638e-01 5.964521e-01 5.958904e-01 8.679736e-02 8.572657e-01 2.784488e-01 9.157543e-01 2.209492e-01 7.991024e-01 3.172375e-01 7.845587e-01 3.998100e-01 2.575480e-01 3.800898e-01 
46 645 0 0 0 2.296497e-01 4.801049e-01 3.579132e-01 3.224745e-01 3.291089e-01 9.036954e-01 2.826327e-01 6.934996e-01 3.591242e-01 7.893062e-01 5.562387e-01 7.553480e-01 4.771653e-01 4.716289e-01 3.230029e-01 7.670535e-01 3.206874e-01 1.803331e-01 2.135181e-01 1.911269e-01 2.302417e-01 5.919549e-01 6.241611e-01 7.957378e-02 8.525272e-01 2.511064e-01 9.242292e-01 3.443179e-01 7.269466e-01 4.232022e-01 7.395024e-01 5.169421e-01 1.512259e-01 3.983332e-01 
47 659 0 0 0 7.585514e-02 5.316952e-01 3.341136e-01 2.820602e-01 1.376449e-01 9.150719e-01 3.056635e-01 6.292356e-01 3.879923e-01 8.283039e-01 6.924711e-01 7.560206e-01 4.890373e-01 4.835561e-01 3.547972e-01 8.656319e-01 4.183189e-01 1.807111e-01 1.980442e-01 3.514329e-01 1.769550e-01 4.450776e-01 5.084882e-01 2.829685e-02 8.558535e-01 2.109700e-01 8.288509e-01 2.300708e-01 7.907770e-01 3.422673e-01 8.157042e-01 5.365449e-01 7.883602e-02 4.030178e-01 
48 673 0 0 0 3.517190e-02 4.973671e-01 5.669966e-01 3.218144e-01 1.217106e-01 9.214436e-01 3.513409e-01 5.630583e-01 3.945976e-01 8.382380e-01 6.566782e-01 8.530442e-01 3.641028e-01 5.050971e-01 4.267100e-01 7.679374e-01 4.447063e-01 2.865367e-01 2.001832e-01 3.041023e-01 2.449233e-01 3.889802e-01 5.461788e-01 9.470155e-02 8.760978e-01 1.133378e-01 6.999608e-01 2.477067e-01 7.280202e-01 4.602279e-01 8.073978e-01 5.787227e-01 1.484721e-01 2.418278e-01 
49 687 0 0 0 1.680929e-01 5.078487e-01 6.134132e-01 2.829232e-01 1.693891e-01 8.590369e-01 4.073340e-01 5.044878e-01 4.316915e-01 7.502249e-01 6.638945e-01 9.033022e-01 3.435644e-01 4.015483e-01 5.222732e-01 5.439274e-01 4.908728e-01 2.853345e-01 1.921426e-01 2.621809e-01 2.773193e-01 3.416089e-01 5.331150e-01 1.214094e-01 8.575973e-01 4.145678e-02 7.479302e-01 4.134420e-01 8.319969e-01 4.555549e-01 7.172970e-01 5.948976e-01 2.594716e-01 2.835060e-01 
50 701 0 0 0 1.685917e-01 5.458595e-01 6.719362e-01 2.753318e-01 5.852930e-02 6.673788e-01 5.365631e-01 4.700565e-01 4.681074e-01 7.201529e-01 6.678217e-01 8.651081e-01 3.657669e-01 3.454926e-01 6.609925e-01 5.393183e-01 5.188914e-01 4.259237e-01 1.609500e-01 3.025645e-01 4.075645e-01 3.956140e-01 6.291233e-01 1.898608e-01 7.254837e-01 1.115851e-01 7.255476e-01 3.948312e-01 7.640824e-01 4.625395e-01 6.359150e-01 6.301854e-01 3.018633e-01 1.829071e-01 
51 715 0 0 0 1.120810e-01 5.223073e-01 6.431675e-01 1.826512e-01 2.005855e-01 6.558610e-01 6.282625e-01 4.482720e-01 5.591889e-01 6.842676e-01 7.046408e-01 7.558044e-01 3.313318e-01 4.130079e-01 7.338366e-01 6.117846e-01 5.072307e-01 4.187928e-01 1.885999e-01 4.549637e-01 4.272152e-01 4.141921e-01 7.078203e-01 2.890233e-01 6.739778e-01 2.402523e-01 7.769074e-01 4.149800e-01 6.146507e-01 3.188433e-01 4.626681e-01 6.316845e-01 2.924804e-01 2.503561e-01 
52 729 0 0 0 1.659442e-01 4.347855e-01 6.387909e-01 1.431823e-01 2.427189e-01 7.996831e-01 8.081352e-01 3.969519e-01 5.588269e-01 6.662430e-01 7.474804e-01 7.845881e-01 3.595381e-01 4.486064e-01 6.579514e-01 5.868534e-01 6.853291e-01 4.451601e-01 1.444715e-01 4.045826e-01 2.739342e-01 3.746159e-01 5.897244e-01 3.850761e-01 6.780421e-01 3.127457e-01 6.878803e-01 4.537215e-01 5.501603e-01 3.587223e-01 4.753773e-01 5.412644e-01 1.886376e-01 2.930503e-01 
53 743 0 0 0 1.733246e-01 4.016906e-01 4.332873e-01 3.028557e-01 2.805537e-01 8.657962e-01 8.370779e-01 3.933671e-01 4.334536e-01 6.360774e-01 4.837632e-01 6.425338e-01 5.131327e-01 4.030470e-01 7.109104e-01 5.467428e-01 6.890266e-01 3.530788e-01 2.650657e-01 3.364000e-01 3.419273e-01 3.837856e-01 5.797910e-01 3.365811e-01 4.593748e-01 2.818838e-01 7.796046e-01 4.461873e-01 6.211703e-01 4.238247e-01 4.402844e-01 5.132582e-01 1.522442e-01 3.655952e-01 
54 757 0 0 0 2.467792e-01 3.252626e-01 4.742392e-01 2.921800e-01 2.745273e-01 8.710076e-01 8.589012e-01 3.777338e-01 5.551631e-01 6.908031e-01 4.277877e-01 7.004719e-01 6.388742e-01 3.557853e-01 5.602731e-01 5.804871e-01 7.137787e-01 3.416351e-01 1.993570e-01 3.487760e-01 3.292301e-01 5.304855e-01 4.400769e-01 4.691911e-01 4.402676e-01 4.037613e-01 6.965293e-01 3.232811e-01 6.805734e-01 3.575047e-01 6.287194e-01 5.392978e-01 3.173145e-01 2.952362e-01 
55 771 0 0 0 1.969983e-01 3.013620e-01 3.353158e-01 2.964631e-01 3.004727e-01 7.211714e-01 7.522815e-01 3.471972e-01 5.400110e-01 7.288364e-01 5.462034e-01 7.675801e-01 5.462896e-01 4.743471e-01 4.410513e-01 5.006210e-01 6.861537e-01 3.762992e-01 2.127040e-01 4.994655e-01 2.820126e-01 6.071332e-01 4.069338e-01 3.466653e-01 4.800302e-01 2.818264e-01 7.586398e-01 3.589756e-01 8.050717e-01 4.337374e-01 6.512556e-01 5.652095e-01 4.654668e-01 4.696018e-01 
56 785 0 0 0 3.004775e-01 2.461425e-01 4.387970e-01 2.537940e-01 2.445079e-01 6.626885e-01 6.964440e-01 2.990794e-01 4.958385e-01 6.698648e-01 3.609564e-01 7.613304e-01 4.998578e-01 4.509743e-01 4.673827e-01 3.544374e-01 7.850493e-01 4.703722e-01 2.232669e-01 5.398677e-01 4.051746e-01 4.889955e-01 4.512638e-01 3.874290e-01 4.803825e-01 2.555144e-01 6.190900e-01 3.939252e-01 7.010913e-01 4.991194e-01 5.739537e-01 4.848126e-01 4.366520e-01 5.872786e-01 
57 799 0 0 0 3.589312e-01 3.055395e-01 5.641007e-01 1.528744e-01 3.164707e-01 7.021647e-01 5.691206e-01 1.574517e-01 4.931184e-01 6.090895e-01 3.280583e-01 6.621913e-01 3.432769e-01 5.178742e-01 4.353630e-01 4.147938e-01 7.499109e-01 4.863587e-01 1.975451e-01 4.535175e-01 5.497876e-01 3.321143e-01 4.812916e-01 3.688857e-01 5.141032e-01 4.890448e-01 6.503401e-01 3.594673e-01 8.879687e-01 5.499906e-01 6.816475e-01 6.643994e-01 3.695188e-01 4.095837e-01 
58 813 0 0 0 4.721494e-01 2.757181e-01 4.849118e-01 3.050873e-01 2.425408e-01 7.939827e-01 3.306924e-01 1.559204e-01 4.699555e-01 8.381096e-01 2.970139e-01 7.794347e-01 4.022629e-01 6.487952e-01 3.858941e-01 3.652594e-01 8.038339e-01 2.889446e-01 2.179276e-01 4.207011e-01 5.343233e-01 2.768397e-01 4.391337e-01 5.000719e-01 5.837422e-01 4.707611e-01 5.269261e-01 3.180773e-01 7.248732e-01 5.063735e-01 5.377068e-01 6.776293e-01 3.268841e-01 4.389297e-01 
59 827 0 0 0 4.929160e-01 2.306799e-01 4.285585e-01 2.106701e-01 3.011977e-01 7.215091e-01 4.307650e-01 1.582103e-01 5.940057e-01 6.522795e-01 4.248298e-01 8.163625e-01 4.612506e-01 6.430327e-01 4.131578e-01 2.010798e-01 8.666263e-01 2.685226e-01 2.823860e-01 2.506938e-01 4.103386e-01 1.251637e-01 3.836450e-01 5.890967e-01 6.339329e-01 2.799331e-01 4.128221e-01 1.430638e-01 7.451309e-01 5.544276e-01 6.029690e-01 5.716863e-01 3.594415e-01 4.754389e-01 
60 841 0 0 0 5.851863e-01 9.725690e-02 3.421639e-01 3.514781e-01 4.082724e-01 5.567744e-01 3.141092e-01 2.709742e-01 5.963802e-01 6.397807e-01 5.031240e-01 8.185743e-01 5.693393e-01 4.678274e-01 3.755464e-01 2.033780e-01 8.558666e-01 1.671183e-01 3.847159e-01 3.071661e-01 5.253398e-01 2.135402e-01 4.661440e-01 5.786725e-01 6.379913e-01 2.420381e-01 4.918179e-01 2.967630e-01 7.523810e-01 5.210198e-01 5.936565e-01 5.846589e-01 5.757754e-01 5.021146e-01 
61 855 0 0 0 7.235717e-01 2.221436e-01 3.816874e-01 4.527353e-01 4.259799e-01 5.295710e-01 1.350317e-01 1.922047e-01 6.686046e-01 7.467561e-01 5.165261e-01 7.706006e-01 6.139418e-01 6.479961e-01 2.744183e-01 3.655813e-01 6.360135e-01 2.155117e-01 3.021089e-01 1.984911e-01 5.304396e-01 1.916983e-01 5.756273e-01 5.159723e-01 5.278765e-01 3.256621e-01 4.858298e-01 5.292844e-01 7.940098e-01 4.823546e-01 4.485175e-01 6.000450e-01 4.942360e-01 5.926598e-01 
62 869 0 0 0 6.754372e-01 1.749884e-01 5.064845e-01 6.382049e-01 4.318553e-01 5.520950e-01 3.208569e-01 2.149022e-01 5.336626e-01 8.309414e-01 4.438831e-01 6.984383e-01 4.863443e-01 6.872802e-01 2.859139e-01 4.595148e-01 7.283016e-01 2.839128e-01 5.616557e-01 1.194087e-01 6.258197e-01 2.744046e-01 5.087799e-01 4.390682e-01 5.961977e-01 3.348168e-01 3.564449e-01 5.247897e-01 7.486354e-01 5.736024e-01 3.951564e-01 6.196823e-01 3.134605e-01 6.270976e-01 
63 883 0 0 0 5.232208e-01 4.076980e-01 4.950592e-01 6.142502e-01 5.455524e-01 5.327669e-01 4.210236e-01 1.497410e-01 5.278286e-01 7.195565e-01 3.996336e-01 7.091512e-01 5.139327e-01 7.571791e-01 2.205689e-01 4.375006e-01 6.999262e-01 3.457972e-01 5.190935e-01 2.126445e-01 6.787813e-01 5.104242e-01 4.243329e-01 3.351253e-01 4.439287e-01 3.864000e-01 3.855970e-01 5.341326e-01 6.820229e-01 5.277253e-01 4.265740e-01 5.968464e-01 1.912705e-01 5.268134e-01 
64 897 0 0 0 5.081896e-01 4.340965e-01 5.288938e-01 5.576489e-01 5.041650e-01 5.492624e-01 3.338520e-01 1.633700e-01 4.381490e-01 7.326307e-01 3.383360e-01 7.955622e-01 3.603400e-01 7.207501e-01 1.849741e-01 2.870465e-01 6.632251e-01 2.514969e-01 5.787667e-01 2.724091e-01 7.199527e-01 4.904381e-01 2.202123e-01 3.504172e-01 5.773110e-01 3.760738e-01 4.326084e-01 5.858990e-01 7.996783e-01 4.970818e-01 4.123556e-01 6.116121e-01 2.030824e-01 4.461671e-01 
65 911 0 0 0 5.496316e-01 3.024938e-01 3.386034e-01 6.292254e-01 6.030265e-01 6.191631e-01 2.293769e-01 1.716757e-01 5.269724e-01 7.261728e-01 4.764517e-01 6.461306e-01 4.642617e-01 6.776010e-01 2.283689e-01 1.666433e-01 7.049650e-01 2.533582e-01 6.299460e-01 3.461451e-01 7.077220e-01 7.272343e-01 3.555391e-01 4.832213e-01 6.427084e-01 2.913972e-01 3.357792e-01 5.565996e-01 8.753851e-01 4.485735e-01 4.027791e-01 6.679910e-01 2.493026e-01 4.595771e-01 
66 925 0 0 0 4.572777e-01 4.158891e-01 3.310762e-01 6.691835e-01 4.937748e-01 6.241327e-01 3.071601e-01 1.535672e-01 4.998748e-01 6.268855e-01 5.001549e-01 7.017264e-01 3.839979e-01 8.405361e-01 2.654111e-01 1.405805e-01 6.059061e-01 3.476536e-01 6.179465e-01 2.522409e-01 7.288469e-01 4.820731e-01 3.553950e-01 4.120601e-01 5.929715e-01 2.410146e-01 4.067400e-01 5.267864e-01 7.390659e-01 4.751149e-01 4.542829e-01 7.118058e-01 2.965329e-01 5.105968e-01 
67 939 0 0 0 3.687544e-01 5.006666e-01 2.200318e-01 6.161113e-01 6.058916e-01 6.829629e-01 2.680810e-01 1.368348e-01 5.277694e-01 6.069392e-01 3.864129e-01 6.068573e-01 4.972063e-01 7.263024e-01 3.168659e-01 1.093952e-01 5.743007e-01 2.807857e-01 6.073902e-01 2.501427e-01 7.305554e-01 5.914852e-01 2.955913e-01 4.697389e-01 6.142163e-01 2.696403e-01 3.643015e-01 5.833634e-01 7.779765e-01 5.011374e-01 4.864392e-01 7.678802e-01 2.105088e-01 5.812805e-01 
68 953 0 0 0 3.480282e-01 4.641099e-01 2.089956e-01 6.394488e-01 4.116593e-01 6.981277e-01 1.133062e-01 1.155629e-01 4.899321e-01 6.631648e-01 4.430149e-01 6.972293e-01 4.463348e-01 7.810487e-01 3.777120e-01 9.494095e-02 5.469805e-01 3.930034e-01 6.213290e-01 3.789369e-01 7.175001e-01 4.954061e-01 1.758280e-01 4.134166e-01 5.912798e-01 3.672774e-01 2.750562e-01 5.851488e-01 7.231299e-01 4.703236e-01 5.030618e-01 7.310618e-01 3.152848e-01 4.595311e-01 
69 967 0 0 0 3.249268e-01 4.448846e-01 1.376611e-01 7.516036e-01 3.953675e-01 6.746113e-01 1.399642e-01 1.580200e-01 4.071690e-01 6.302672e-01 4.557248e-01 6.936900e-01 4.244687e-01 7.675450e-01 2.257867e-01 2.147140e-01 5.324303e-01 4.955484e-01 6.585508e-01 3.723476e-01 7.873565e-01 4.460843e-01 3.061200e-01 4.574210e-01 6.196666e-01 4.705932e-01 3.224891e-01 5.815040e-01 5.696070e-01 4.041929e-01 3.655446e-01 7.575084e-01 3.615559e-01 4.736384e-01 
70 981 0 0 0 3.511396e-01 5.064593e-01 1.452708e-01 9.145669e-01 3.646304e-01 7.347428e-01 1.647435e-01 1.276611e-01 4.565497e-01 7.012798e-01 3.340894e-01 6.492629e-01 5.148217e-01 6.226484e-01 1.025541e-01 1.869803e-01 7.023741e-01 4.980874e-01 6.054290e-01 3.850485e-01 7.959284e-01 4.681153e-01 2.679391e-01 3.934453e-01 6.374543e-01 4.978949e-01 3.767497e-01 5.664214e-01 6.779599e-01 4.552569e-01 3.553286e-01 8.405956e-01 3.336836e-01 4.375907e-01 
71 995 0 0 0 3.897101e-01 5.003403e-01 2.162541e-01 8.443489e-01 4.361171e-01 7.697288e-01 3.667200e-01 9.399621e-02 5.033252e-01 5.653132e-01 3.831015e-01 7.168004e-01 5.906902e-01 5.376323e-01 2.459706e-01 3.469697e-01 6.129631e-01 4.669564e-01 6.261117e-01 3.103623e-01 7.597571e-01 5.050997e-01 2.623987e-01 3.297239e-01 4.095272e-01 5.187551e-01 4.276004e-01 5.545190e-01 5.066804e-01 5.243776e-01 2.652416e-01 8.402610e-01 3.822673e-01 5.038875e-01 
72 1009 0 0 0 4.111534e-01 5.253752e-01 2.107573e-01 9.238601e-01 3.489051e-01 8.004191e-01 3.759475e-01 1.330490e-01 4.435098e-01 5.367583e-01 3.105005e-01 6.912116e-01 6.637274e-01 4.841938e-01 3.417354e-01 3.098979e-01 6.173019e-01 4.930059e-01 5.321604e-01 3.069389e-01 7.529193e-01 5.289262e-01 2.970740e-01 4.064457e-01 5.187889e-01 5.180072e-01 4.351299e-01 6.061523e-01 4.739965e-01 6.821487e-01 2.748928e-01 7.875462e-01 4.079029e-01 5.243523e-01 
73 1023 0 0 0 3.450504e-01 5.384864e-01 2.595497e-01 8.574651e-01 2.803546e-01 7.981779e-01 2.506342e-01 8.674493e-02 3.548866e-01 5.464621e-01 3.475339e-01 7.492344e-01 6.002257e-01 3.920641e-01 4.182416e-01 3.794539e-01 5.945746e-01 4.432665e-01 4.368398e-01 3.600534e-01 7.792590e-01 5.250164e-01 2.938758e-01 3.924458e-01 4.862527e-01 4.074683e-01 4.608237e-01 4.542238e-01 5.340011e-01 7.192229e-01 3.697772e-01 7.800160e-01 3.381087e-01 5.523371e-01 
74 1037 0 0 0 4.078785e-01 3.790777e-01 3.522441e-01 8.839951e-01 1.799310e-01 8.230299e-01 2.423139e-01 4.868688e-02 3.834140e-01 5.928867e-01 2.629454e-01 7.284421e-01 7.020480e-01 4.405603e-01 5.624872e-01 3.664824e-01 5.911835e-01 4.214947e-01 4.988758e-01 3.906642e-01 7.676429e-01 6.111141e-01 1.347055e-01 3.845904e-01 5.152175e-01 4.735767e-01 5.332444e-01 3.707363e-01 6.196091e-01 6.971004e-01 3.018015e-01 7.296255e-01 3.330935e-01 5.176498e-01 
75 1051 0 0 0 2.609220e-01 3.369553e-01 3.833037e-01 8.492105e-01 2.508437e-01 8.180114e-01 1.080279e-01 1.501638e-01 3.594531e-01 6.038119e-01 2.360836e-01 6.884648e-01 7.745697e-01 4.623803e-01 5.936854e-01 3.735981e-01 5.667091e-01 5.801564e-01 4.897759e-01 4.530005e-01 6.763711e-01 7.760497e-01 1.662919e-01 4.716665e-01 4.611363e-01 4.755742e-01 5.785127e-01 2.742843e-01 5.051317e-01 6.220719e-01 3.293131e-01 7.027839e-01 2.998655e-01 6.165225e-01 
76 1065 0 0 0 2.334447e-01 2.593133e-01 4.377969e-01 6.105935e-01 3.779124e-01 8.152845e-01 3.287535e-01 2.700087e-01 3.206267e-01 8.073776e-01 2.806092e-01 6.389304e-01 8.277594e-01 3.621363e-01 6.280400e-01 4.830428e-01 5.715360e-01 6.758749e-01 5.765328e-01 4.147317e-01 6.830701e-01 8.069076e-01 1.525228e-01 4.178185e-01 6.371516e-01 5.772760e-01 5.249891e-01 1.978762e-01 3.255620e-01 5.676517e-01 1.680700e-01 6.440766e-01 4.653889e-01 5.824945e-01 
77 1079 0 0 0 2.526783e-01 2.663370e-01 4.452687e-01 6.061363e-01 2.381387e-01 9.125347e-01 3.936380e-01 2.997577e-01 4.389047e-01 6.652666e-01 2.467585e-01 5.332097e-01 7.413280e-01 4.431221e-01 7.772818e-01 5.615514e-01 5.172947e-01 7.641164e-01 6.101360e-01 5.018930e-01 6.075026e-01 8.516072e-01 3.029362e-01 3.897857e-01 6.645502e-01 6.599603e-01 5.051544e-01 1.221608e-01 4.438516e-01 5.228194e-01 2.125233e-01 6.325253e-01 4.937891e-01 5.006174e-01 
78 1093 0 0 0 3.443525e-01 2.158280e-01 3.283899e-01 6.651846e-01 3.384119e-01 9.687026e-01 4.740706e-01 1.698833e-01 5.201457e-01 7.156609e-01 3.145344e-01 6.448679e-01 7.061926e-01 4.228408e-01 6.981586e-01 6.606864e-01 5.713769e-01 8.418152e-01 6.875803e-01 5.977866e-01 6.581203e-01 7.128836e-01 3.364191e-01 4.626328e-01 7.769989e-01 7.289475e-01 4.247986e-01 2.336770e-01 4.690168e-01 5.633437e-01 2.576343e-01 8.163093e-01 6.620620e-01 5.365280e-01 
79 1107 0 0 0 2.018836e-01 2.033137e-01 2.584058e-01 8.019560e-01 2.793723e-01 9.123333e-01 4.291640e-01 1.850368e-01 4.711025e-01 6.826980e-01 2.661852e-01 7.238576e-01 6.975762e-01 5.245659e-01 5.235887e-01 7.069677e-01 5.775144e-01 8.580679e-01 6.855894e-01 6.241848e-01 6.474853e-01 7.177458e-01 3.607245e-01 1.559765e-01 6.991192e-01 7.870452e-01 4.592268e-01 2.266001e-01 4.400260e-01 4.676756e-01 3.584073e-01 7.923863e-01 6.867318e-01 4.890767e-01 
80 1121 0 0 0 2.047693e-01 2.630975e-01 4.404446e-01 7.617998e-01 2.529803e-01 8.625190e-01 3.493504e-01 1.762718e-01 4.969316e-01 7.480980e-01 1.858466e-01 8.700285e-01 6.866296e-01 4.852727e-01 3.712931e-01 5.689478e-01 5.231847e-01 7.265003e-01 5.377218e-01 5.035745e-01 7.363472e-01 6.585294e-01 3.390386e-01 1.955308e-01 7.035487e-01 7.120576e-01 5.067792e-01 2.660360e-01 5.516824e-01 3.967059e-01 3.923351e-01 8.426200e-01 5.462204e-01 4.990401e-01 
81 1135 0 0 0 2.573070e-01 2.717471e-01 4.959975e-01 8.476223e-01 1.821712e-01 8.216787e-01 4.399783e-01 2.410252e-01 5.163794e-01 7.833237e-01 2.619680e-01 8.896909e-01 6.242921e-01 4.728807e-01 3.322920e-01 6.843801e-01 4.097185e-01 7.775517e-01 6.634917e-01 4.801508e-01 6.450330e-01 7.201662e-01 3.020930e-01 7.122261e-02 6.201774e-01 5.133460e-01 4.202820e-01 3.245001e-01 6.067977e-01 3.835671e-01 3.667452e-01 7.559055e-01 4.929458e-01 5.590904e-01 
82 1149 0 0 0 2.777557e-01 2.902638e-01 3.548195e-01 9.112507e-01 2.173926e-01 8.450467e-01 3.608215e-01 2.361514e-01 5.036196e-01 8.393023e-01 2.401621e-01 8.345878e-01 7.383447e-01 5.790157e-01 3.696306e-01 7.108055e-01 3.500930e-01 7.339396e-01 6.213130e-01 4.280749e-01 6.073196e-01 7.948063e-01 3.045859e-01 9.213975e-02 4.966685e-01 5.019088e-01 4.682940e-01 4.098959e-01 6.911064e-01 3.626068e-01 3.276531e-01 8.626102e-01 5.776777e-01 6.353330e-01 
83 1163 0 0 0 3.953522e-01 3.022436e-01 3.309629e-01 8.609843e-01 2.300518e-01 9.141607e-01 4.797947e-01 2.216828e-01 5.480574e-01 7.362942e-01 3.303519e-01 8.450480e-01 7.871229e-01 5.901230e-01 4.624603e-01 7.645297e-01 4.484890e-01 6.721887e-01 6.831637e-01 3.658424e-01 6.682029e-01 7.353481e-01 4.463592e-01 2.165300e-01 4.716171e-01 6.330072e-01 3.880887e-01 3.469135e-01 7.470160e-01 4.112561e-01 4.239794e-01 8.059133e-01 6.046876e-01 6.620068e-01 
84 1177 0 0 0 3.077134e-01 3.568384e-01 4.387389e-01 7.795192e-01 2.730327e-01 8.597892e-01 4.673736e-01 2.151215e-01 4.892602e-01 6.454358e-01 3.809565e-01 8.433791e-01 6.723520e-01 5.822417e-01 4.284259e-01 7.372299e-01 3.278125e-01 6.090930e-01 6.922395e-01 2.858299e-01 6.201946e-01 7.887551e-01 4.206555e-01 1.925902e-01 4.670655e-01 5.651515e-01 3.462937e-01 3.082264e-01 8.524091e-01 4.808905e-01 4.081084e-01 6.979521e-01 4.843628e-01 6.504218e-01 
85 1191 0 0 0 3.973151e-01 3.251677e-01 3.125257e-01 7.186058e-01 2.999310e-01 8.685754e-01 5.515751e-01 2.221176e-01 5.512282e-01 5.722036e-01 4.971559e-01 8.719128e-01 6.446588e-01 6.622758e-01 5.839758e-01 7.204960e-01 2.179267e-01 4.530399e-01 7.232622e-01 3.126043e-01 7.113243e-01 6.609473e-01 4.210299e-01 2.747885e-01 4.728231e-01 5.712902e-01 5.482540e-01 3.461416e-01 6.746931e-01 5.524691e-01 4.210105e-01 6.861586e-01 4.967343e-01 6.367238e-01 
86 1205 0 0 0 3.952785e-01 4.116518e-01 4.016702e-01 7.058150e-01 2.307505e-01 9.153802e-01 5.822943e-01 2.816485e-01 5.698573e-01 5.500968e-01 4.532606e-01 7.661351e-01 6.097002e-01 6.664646e-01 4.548654e-01 5.684507e-01 1.831127e-01 5.495239e-01 6.670319e-01 2.910053e-01 6.170844e-01 6.460863e-01 5.090320e-01 3.174790e-01 5.502952e-01 4.716696e-01 5.593237e-01 2.779093e-01 6.173596e-01 7.162804e-01 5.464188e-01 8.014374e-01 3.586365e-01 6.678852e-01 
87 1219 0 0 0 4.942143e-01 4.135903e-01 4.130653e-01 5.632376e-01 2.549660e-01 8.294605e-01 4.727277e-01 2.192897e-01 6.838636e-01 5.767342e-01 3.459900e-01 8.190730e-01 5.399665e-01 7.834986e-01 3.974422e-01 6.338409e-01 2.179142e-01 6.980770e-01 7.585623e-01 3.645361e-01 3.907547e-01 6.831135e-01 3.932543e-01 4.430244e-01 7.484427e-01 5.477614e-01 5.858767e-01 3.276411e-01 6.576726e-01 5.532837e-01 4.546962e-01 7.337456e-01 3.862352e-01 6.456218e-01 
88 1233 0 0 0 4.363754e-01 3.206519e-01 4.370390e-01 5.069826e-01 2.521533e-01 8.336124e-01 6.124886e-01 2.819851e-01 6.885183e-01 4.862137e-01 1.964710e-01 7.115709e-01 5.997517e-01 8.040462e-01 3.635662e-01 7.155828e-01 3.110032e-01 6.450068e-01 7.250965e-01 3.546960e-01 3.126800e-01 8.372511e-01 2.711955e-01 4.738107e-01 6.361491e-01 6.788993e-01 6.998013e-01 2.039388e-01 6.720145e-01 5.118241e-01 4.092629e-01 6.961945e-01 4.279534e-01 6.084108e-01 
89 1247 0 0 0 4.027473e-01 3.561005e-01 4.179645e-01 5.802041e-01 3.591267e-01 7.735578e-01 6.370819e-01 3.932330e-01 6.783798e-01 4.652843e-01 2.684130e-01 7.341566e-01 5.333835e-01 7.911330e-01 3.402779e-01 7.005476e-01 3.777255e-01 7.138328e-01 6.958088e-01 4.931061e-01 2.773095e-01 8.342740e-01 1.701983e-01 4.583297e-01 6.537002e-01 6.091463e-01 6.128280e-01 3.129346e-01 6.817890e-01 4.440143e-01 5.545533e-01 6.632837e-01 4.798825e-01 6.331204e-01 
90 1261 0 0 0 5.967759e-01 4.339558e-01 3.734706e-01 5.004191e-01 4.893956e-01 7.331505e-01 6.623289e-01 3.769555e-01 7.513828e-01 4.288550e-01 2.449689e-01 8.035751e-01 5.593694e-01 7.607788e-01 4.572439e-01 7.216709e-01 3.148208e-01 6.358743e-01 7.930242e-01 5.084977e-01 2.990206e-01 8.282633e-01 2.615410e-01 4.814364e-01 6.844844e-01 6.993141e-01 6.285863e-01 3.986705e-01 7.329708e-01 4.892077e-01 4.355871e-01 6.599244e-01 5.427154e-01 6.858843e-01 
91 1275 0 0 0 4.883397e-01 4.531724e-01 3.142693e-01 3.407119e-01 4.270954e-01 6.651496e-01 7.882484e-01 3.260404e-01 5.102644e-01 4.011142e-01 2.577897e-01 7.515668e-01 5.284485e-01 7.843329e-01 4.375263e-01 7.545058e-01 2.567572e-01 5.451249e-01 7.360731e-01 4.936723e-01 3.169287e-01 8.236793e-01 1.740845e-01 4.048005e-01 6.644116e-01 5.256615e-01 6.942138e-01 4.969437e-01 6.072425e-01 5.465755e-01 4.945024e-01 7.542927e-01 6.810979e-01 5.844473e-01 
92 1289 0 0 0 4.576175e-01 3.958887e-01 4.354050e-01 1.482016e-01 5.347182e-01 7.858895e-01 7.533436e-01 2.761927e-01 4.741557e-01 3.352927e-01 2.310549e-01 6.559659e-01 6.191820e-01 7.621355e-01 6.980165e-01 7.275228e-01 2.743071e-01 5.414688e-01 7.368907e-01 5.992338e-01 5.470649e-01 8.225317e-01 1.031269e-01 4.009061e-01 6.762403e-01 4.990402e-01 9.154069e-01 6.809508e-01 5.436757e-01 5.370758e-01 5.441995e-01 6.135585e-01 7.818200e-01 6.259798e-01 
93 1303 0 0 0 4.554228e-01 4.895625e-01 4.391265e-01 1.359229e-01 4.932652e-01 6.768168e-01 7.631689e-01 3.059047e-01 5.077041e-01 3.472734e-01 2.100709e-01 5.225554e-01 6.322801e-01 8.497021e-01 6.602539e-01 7.301999e-01 2.293649e-01 4.588887e-01 6.913111e-01 5.853043e-01 3.528021e-01 8.312627e-01 5.932827e-02 3.516595e-01 6.384094e-01 4.445738e-01 8.970676e-01 6.405783e-01 5.793937e-01 6.647144e-01 5.744274e-01 5.583931e-01 8.232865e-01 6.033589e-01 
94 1317 0 0 0 5.425961e-01 4.532854e-01 3.438056e-01 2.063744e-01 4.716737e-01 4.964899e-01 8.685542e-01 2.217028e-01 5.767924e-01 4.189166e-01 2.279051e-01 4.718339e-01 4.644134e-01 7.858943e-01 6.017060e-01 6.386844e-01 3.804535e-01 6.247772e-01 7.246124e-01 6.650471e-01 3.307819e-01 7.746612e-01 1.063607e-01 3.978544e-01 6.301543e-01 5.736668e-01 8.646753e-01 6.313524e-01 5.911286e-01 7.501468e-01 6.085932e-01 5.305960e-01 6.776351e-01 4.922662e-01 
95 1331 0 0 0 5.924732e-01 3.810542e-01 3.408667e-01 2.357939e-01 3.671735e-01 4.732163e-01 8.506017e-01 1.546964e-01 5.392355e-01 5.748665e-01 1.789966e-01 4.480680e-01 4.420577e-01 7.685972e-01 6.280208e-01 6.305896e-01 2.678569e-01 6.841834e-01 7.635615e-01 7.065201e-01 4.840420e-01 7.724142e-01 6.102494e-02 3.429977e-01 6.674060e-01 6.445158e-01 8.529964e-01 6.017255e-01 7.721522e-01 8.517861e-01 5.919002e-01 5.632650e-01 6.542399e-01 6.021314e-01 
96 1345 0 0 0 5.487346e-01 3.830774e-01 2.114660e-01 4.334887e-01 1.526311e-01 6.165440e-01 8.361791e-01 1.986534e-01 6.204892e-01 6.103098e-01 2.173362e-01 5.076574e-01 4.136246e-01 7.494876e-01 5.908083e-01 5.109156e-01 3.616831e-01 5.767377e-01 6.821154e-01 6.064510e-01 3.589512e-01 6.250419e-01 4.483548e-02 1.899192e-01 6.959833e-01 4.975365e-01 9.315275e-01 5.429216e-01 6.446208e-01 8.467858e-01 6.360169e-01 6.486334e-01 5.667628e-01 5.862039e-01 
97 1359 0 0 0 5.891376e-01 3.744181e-01 2.127198e-01 5.017980e-01 1.342234e-01 7.095577e-01 8.312251e-01 2.619080e-01 7.013481e-01 5.905880e-01 1.189324e-01 4.088301e-01 4.563560e-01 7.116969e-01 5.025814e-01 5.727814e-01 3.541625e-01 6.315143e-01 6.504400e-01 5.192345e-01 3.378331e-01 7.261485e-01 7.114298e-02 2.426735e-01 8.037832e-01 4.897341e-01 8.977226e-01 5.140417e-01 5.438921e-01 8.878291e-01 6.037662e-01 5.778278e-01 7.110614e-01 6.291098e-01 
98 1373 0 0 0 5.496143e-01 2.625844e-01 1.557569e-01 4.964974e-01 2.084053e-01 5.789766e-01 8.155373e-01 2.214611e-01 6.454317e-01 5.774542e-01 2.061896e-01 3.290777e-01 4.712451e-01 7.167521e-01 4.920386e-01 6.278665e-01 4.056162e-01 6.336727e-01 7.124538e-01 5.589705e-01 2.516055e-01 6.352220e-01 1.810151e-01 2.829116e-01 7.471901e-01 5.214796e-01 9.624544e-01 4.911853e-01 5.439875e-01 9.084756e-01 5.322816e-01 5.918031e-01 6.986240e-01 5.781703e-01 
99 1387 0 0 0 4.818909e-01 1.417280e-01 1.644853e-01 4.469641e-01 1.954120e-01 5.672661e-01 8.133879e-01 1.465159e-01 6.346075e-01 5.883745e-01 1.755948e-01 2.285102e-01 4.737423e-01 7.152141e-01 5.463062e-01 6.651936e-01 4.812856e-01 6.484226e-01 6.809572e-01 3.935481e-01 2.715813e-01 5.571332e-01 3.059838e-01 1.833326e-01 6.808213e-01 5.480219e-01 9.895952e-01 3.607799e-01 5.458326e-01 9.089915e-01 5.403105e-01 3.777298e-01 6.274499e-01 5.598175e-01 
100 1401 0 0 0 4.594743e-01 1.834250e-01 2.120933e-01 4.872144e-01 3.181620e-01 5.205005e-01 8.121023e-01 1.502472e-01 6.208650e-01 5.550898e-01 1.543756e-01 2.289022e-01 5.091589e-01 6.310392e-01 5.509424e-01 6.231885e-01 5.314487e-01 7.243412e-01 6.957823e-01 5.636915e-01 3.097052e-01 4.083200e-01 3.766921e-01 2.891601e-01 7.625741e-01 5.902778e-01 8.723509e-01 3.555854e-01 5.335851e-01 8.873734e-01 4.961139e-01 3.757149e-01 6.025559e-01 6.719034e-01 
101 1415 0 0 0 5.229057e-01 1.389364e-01 2.680335e-01 4.532049e-01 4.279304e-01 4.447249e-01 8.584657e-01 1.098470e-01 5.911338e-01 5.435627e-01 1.408441e-01 1.805078e-01 5.911134e-01 6.657645e-01 4.130020e-01 4.862791e-01 5.540738e-01 7.696841e-01 6.769433e-01 5.872505e-01 3.154405e-01 5.758836e-01 4.135024e-01 2.564173e-01 6.542042e-01 6.239478e-01 8.869630e-01 3.899636e-01 4.769587e-01 9.325053e-01 4.561346e-01 5.110417e-01 5.768236e-01 6.438243e-01 
102 1429 0 0 0 6.615552e-01 1.395712e-01 2.094003e-01 4.173215e-01 3.355925e-01 3.496551e-01 8.211515e-01 2.130186e-01 4.954272e-01 6.393400e-01 1.625717e-01 2.132435e-01 7.173126e-01 6.686265e-01 4.335589e-01 4.068448e-01 5.912635e-01 7.585024e-01 7.018976e-01 5.318768e-01 3.092270e-01 6.202672e-01 3.566507e-01 2.564202e-01 5.488362e-01 5.803325e-01 8.381088e-01 2.920925e-01 4.597165e-01 8.746577e-01 4.030872e-01 4.884825e-01 6.233141e-01 6.495917e-01 
103 1443 0 0 0 6.930994e-01 1.236196e-01 3.501978e-01 3.984631e-01 3.613224e-01 4.628868e-01 8.519162e-01 1.688138e-01 4.655149e-01 6.853198e-01 8.463375e-02 1.470583e-01 6.974595e-01 7.846193e-01 5.280762e-01 3.654400e-01 6.911760e-01 8.669090e-01 7.379970e-01 5.684173e-01 3.430647e-01 6.675808e-01 2.854964e-01 3.772934e-01 4.497691e-01 5.634640e-01 8.171913e-01 4.215893e-01 4.204835e-01 7.944564e-01 3.982683e-01 5.459310e-01 6.229325e-01 6.113785e-01 
104 1457 0 0 0 6.571304e-01 1.597517e-01 2.893875e-01 4.535004e-01 3.244369e-01 4.462349e-01 8.463547e-01 1.797895e-01 5.291006e-01 7.135785e-01 1.465656e-01 1.193855e-01 7.092545e-01 8.661415e-01 4.376540e-01 3.908727e-01 6.424634e-01 8.233693e-01 6.449967e-01 6.172408e-01 2.508952e-01 6.914464e-01 2.987694e-01 2.371179e-01 4.517347e-01 5.972168e-01 7.552437e-01 3.333681e-01 4.638669e-01 8.558012e-01 3.753663e-01 5.351074e-01 5.322507e-01 5.686997e-01 
105 1471 0 0 0 6.363426e-01 2.498380e-01 2.883693e-01 2.757830e-01 4.814200e-01 4.173394e-01 8.223504e-01 1.068428e-01 5.107681e-01 6.645027e-01 7.011630e-02 1.724392e-01 6.169161e-01 7.271513e-01 4.128807e-01 3.058316e-01 6.757090e-01 7.703484e-01 6.179441e-01 5.689682e-01 2.067731e-01 6.537481e-01 3.793474e-01 2.133245e-01 3.103843e-01 5.675038e-01 7.576861e-01 3.164368e-01 4.506047e-01 8.385994e-01 4.038787e-01 6.167002e-01 4.579306e-01 6.183662e-01 
106 1485 0 0 0 5.668176e-01 2.897789e-01 2.101473e-01 2.806286e-01 3.964337e-01 3.930933e-01 8.015757e-01 1.160131e-01 4.233334e-01 6.846930e-01 1.007743e-01 1.171752e-01 5.240132e-01 6.725019e-01 3.178973e-01 2.549689e-01 6.503436e-01 7.731600e-01 7.157490e-01 5.513866e-01 1.939018e-01 6.058003e-01 4.014286e-01 9.783490e-02 3.540167e-01 5.522072e-01 8.192073e-01 2.203762e-01 3.946053e-01 7.335858e-01 5.102707e-01 7.812289e-01 4.005228e-01 5.885652e-01 
107 1499 0 0 0 5.945826e-01 2.871069e-01 2.843757e-01 3.123067e-01 4.003901e-01 4.927855e-01 7.421062e-01 1.212380e-01 4.942236e-01 7.677787e-01 1.629358e-01 1.447379e-01 5.370468e-01 5.596997e-01 2.860302e-01 3.130360e-01 5.578473e-01 7.026383e-01 7.360925e-01 5.309730e-01 2.374732e-01 5.212292e-01 3.729414e-01 1.577405e-01 3.625232e-01 4.707676e-01 8.707673e-01 2.367759e-01 4.776763e-01 8.115657e-01 5.489009e-01 9.108296e-01 3.459028e-01 6.708784e-01 
108 1513 0 0 0 5.684468e-01 2.061372e-01 2.988880e-01 3.228994e-01 3.272423e-01 4.995409e-01 7.249517e-01 1.229493e-01 4.513937e-01 8.746121e-01 1.929584e-01 2.585462e-01 5.390749e-01 4.918844e-01 3.540587e-01 2.620972e-01 5.771869e-01 7.361612e-01 7.189914e-01 5.548909e-01 2.452057e-01 3.619071e-01 4.813916e-01 1.937840e-01 3.522052e-01 5.274821e-01 8.240784e-01 1.682205e-01 4.375863e-01 7.390335e-01 6.188974e-01 8.441405e-01 3.422864e-01 7.080963e-01 
109 1527 0 0 0 5.040214e-01 2.308754e-01 2.301328e-01 2.424708e-01 2.855213e-01 4.744741e-01 7.393694e-01 1.770211e-01 4.529745e-01 8.584317e-01 1.945927e-01 2.970355e-01 4.939997e-01 5.609469e-01 4.673906e-01 2.335991e-01 5.155675e-01 7.676849e-01 7.023533e-01 4.134119e-01 2.905141e-01 3.102679e-01 6.117132e-01 2.441546e-01 3.936477e-01 5.066653e-01 7.884941e-01 1.940406e-01 3.086355e-01 8.269873e-01 5.401867e-01 8.194795e-01 2.972141e-01 7.104993e-01 
110 1541 0 0 0 5.147477e-01 1.558905e-01 1.519254e-01 2.446038e-01 3.534901e-01 5.017019e-01 8.119683e-01 1.848299e-01 5.268144e-01 7.597192e-01 3.444766e-01 3.288567e-01 4.576318e-01 6.593384e-01 5.225920e-01 2.465492e-01 6.493415e-01 8.272629e-01 7.804766e-01 3.803851e-01 2.333370e-01 3.327119e-01 5.574164e-01 3.359945e-01 4.218093e-01 2.525998e-01 7.427710e-01 2.353806e-01 1.721831e-01 8.588274e-01 5.606026e-01 7.852813e-01 4.627733e-01 7.058097e-01 
111 1555 0 0 0 4.141882e-01 2.321835e-01 2.216649e-01 1.979704e-01 4.271975e-01 6.077972e-01 8.421745e-01 1.504263e-01 5.757990e-01 7.187530e-01 3.451798e-01 2.288605e-01 5.217855e-01 7.399072e-01 6.918045e-01 4.208559e-01 7.343510e-01 7.333788e-01 6.606186e-01 4.622060e-01 2.871336e-01 3.045216e-01 5.950784e-01 3.220315e-01 5.147460e-01 3.070741e-01 7.929271e-01 2.515475e-01 2.533511e-01 9.150478e-01 6.113368e-01 8.221339e-01 4.587701e-01 5.440088e-01 
112 1569 0 0 0 4.444580e-01 2.278669e-01 2.508493e-01 2.117950e-01 4.057444e-01 5.737558e-01 8.218893e-01 1.778685e-01 6.512201e-01 6.760656e-01 3.811645e-01 1.905558e-01 6.622305e-01 7.718477e-01 7.030237e-01 4.232282e-01 7.481107e-01 7.723041e-01 6.660259e-01 4.140019e-01 3.151679e-01 3.297797e-01 5.799975e-01 3.204467e-01 4.485828e-01 4.075520e-01 8.153636e-01 3.149872e-01 3.600771e-01 9.039743e-01 7.150717e-01 6.881077e-01 3.995506e-01 4.518201e-01 
113 1583 0 0 0 4.984299e-01 1.861967e-01 3.306101e-01 1.423009e-01 2.526683e-01 6.290728e-01 7.947189e-01 3.060822e-01 6.215797e-01 6.178233e-01 3.628800e-01 2.436081e-01 7.507050e-01 6.777077e-01 7.105973e-01 4.791720e-01 6.632342e-01 8.068990e-01 6.114841e-01 3.331417e-01 3.751788e-01 4.222694e-01 5.207055e-01 3.647706e-01 5.169436e-01 4.501843e-01 8.036918e-01 2.724664e-01 2.274871e-01 9.003179e-01 6.855868e-01 6.264844e-01 3.059533e-01 5.408757e-01 
114 1597 0 0 0 4.320910e-01 2.488996e-01 4.512774e-01 2.123873e-01 3.691136e-01 7.510900e-01 7.457476e-01 3.883107e-01 6.093746e-01 7.020454e-01 2.882789e-01 2.846334e-01 7.671445e-01 6.111177e-01 7.460550e-01 4.699272e-01 8.572301e-01 8.274399e-01 6.759598e-01 3.576913e-01 4.897574e-01 4.663334e-01 3.622178e-01 3.582730e-01 4.595021e-01 5.181773e-01 6.973998e-01 2.289254e-01 3.237940e-01 8.208814e-01 7.069677e-01 4.939799e-01 3.707425e-01 3.294150e-01 
115 1611 0 0 0 4.911195e-01 3.221765e-01 5.058075e-01 2.462157e-01 4.850971e-01 6.513278e-01 6.822697e-01 2.647596e-01 4.864745e-01 6.361575e-01 2.598285e-01 2.872787e-01 6.746325e-01 6.147966e-01 5.955263e-01 5.781188e-01 7.866228e-01 8.095244e-01 6.820439e-01 3.480082e-01 4.760830e-01 5.961933e-01 4.045686e-01 1.470651e-01 3.253311e-01 5.364941e-01 6.492616e-01 4.163577e-01 4.156859e-01 8.254543e-01 6.391679e-01 5.845183e-01 5.268750e-01 2.814218e-01 
116 1625 0 0 0 4.544957e-01 2.947290e-01 5.533652e-01 3.072542e-01 4.234732e-01 7.964588e-01 6.705663e-01 1.727536e-01 5.895131e-01 5.247244e-01 1.525552e-01 2.931754e-01 7.730490e-01 5.909438e-01 5.159867e-01 5.130495e-01 5.510844e-01 7.120813e-01 6.317509e-01 5.010204e-01 5.473833e-01 4.575065e-01 3.782362e-01 2.060637e-01 4.490606e-01 5.725015e-01 4.894617e-01 4.656617e-01 4.491722e-01 8.377158e-01 7.176177e-01 5.666439e-01 4.290800e-01 2.349733e-01 
117 1639 0 0 0 4.682263e-01 3.512838e-01 6.176626e-01 2.582121e-01 3.291895e-01 7.877297e-01 6.684148e-01 2.752465e-01 5.802009e-01 5.983419e-01 4.032319e-01 4.522327e-01 8.021097e-01 5.357520e-01 4.683035e-01 4.996670e-01 6.901428e-01 6.745431e-01 7.689458e-01 4.823730e-01 6.791078e-01 3.637245e-01 3.898196e-01 3.083543e-01 4.527072e-01 4.959259e-01 4.852989e-01 5.217120e-01 5.205167e-01 8.687036e-01 6.514852e-01 4.501382e-01 4.322970e-01 1.302968e-01 
118 1653 0 0 0 3.050642e-01 4.120629e-01 5.697206e-01 3.548305e-01 2.502572e-01 7.295853e-01 6.391000e-01 2.187057e-01 6.517169e-01 7.296120e-01 4.017273e-01 4.492599e-01 8.106107e-01 4.794625e-01 5.342828e-01 5.569861e-01 6.566780e-01 7.864196e-01 6.667666e-01 4.620281e-01 6.228831e-01 6.109075e-01 3.545449e-01 3.797850e-01 4.603737e-01 5.899199e-01 4.963242e-01 3.745271e-01 5.132440e-01 7.358258e-01 6.935890e-01 4.823394e-01 4.673386e-01 1.109388e-01 
119 1667 0 0 0 2.167066e-01 5.218680e-01 5.087181e-01 4.693752e-01 1.964783e-01 6.916662e-01 4.901369e-01 2.804021e-01 6.247830e-01 7.830518e-01 4.619129e-01 4.347608e-01 8.270144e-01 4.783714e-01 5.059056e-01 5.439001e-01 5.813235e-01 8.136393e-01 6.162281e-01 4.038879e-01 4.664559e-01 4.752261e-01 3.296259e-01 3.725519e-01 5.090695e-01 5.694825e-01 6.500438e-01 3.573291e-01 5.986427e-01 6.267043e-01 6.035175e-01 5.846952e-01 4.660334e-01 2.373619e-01 
120 1681 0 0 0 5.419222e-01 6.296377e-01 5.784265e-01 4.876879e-01 3.833456e-01 7.521856e-01 3.403848e-01 2.694290e-01 5.337904e-01 7.686812e-01 5.036186e-01 4.512367e-01 8.542073e-01 5.211755e-01 5.333744e-01 5.665001e-01 5.973586e-01 7.905102e-01 5.672803e-01 3.731866e-01 3.669534e-01 4.802245e-01 2.291023e-01 3.829291e-01 5.230410e-01 5.940669e-01 4.986305e-01 4.441549e-01 4.932528e-01 4.722046e-01 6.670501e-01 6.414045e-01 4.333743e-01 3.675224e-01 
121 1695 0 0 0 4.847280e-01 5.139982e-01 5.374947e-01 3.441034e-01 4.103873e-01 6.093625e-01 2.472997e-01 3.470875e-01 6.726227e-01 5.939219e-01 6.948011e-01 4.462522e-01 8.372369e-01 6.768192e-01 6.291279e-01 6.128848e-01 5.148932e-01 8.802282e-01 5.385795e-01 3.579072e-01 4.047572e-01 4.742324e-01 1.619268e-01 3.252398e-01 5.004790e-01 4.893321e-01 5.409964e-01 4.847359e-01 4.408037e-01 3.706325e-01 7.126136e-01 6.937721e-01 4.654588e-01 3.432858e-01 
122 1709 0 0 0 4.533494e-01 4.515228e-01 5.480714e-01 3.618745e-01 3.996937e-01 7.749417e-01 2.460100e-01 2.428733e-01 6.686582e-01 4.887636e-01 6.772092e-01 2.455938e-01 7.230729e-01 6.523556e-01 8.197607e-01 5.504049e-01 6.122289e-01 8.769347e-01 5.542170e-01 5.552510e-01 2.248342e-01 6.637810e-01 2.497024e-01 3.492028e-01 4.975335e-01 4.700469e-01 5.447143e-01 4.994117e-01 3.375164e-01 3.494890e-01 5.036408e-01 6.925636e-01 5.162621e-01 1.757105e-01 
123 1723 0 0 0 3.315802e-01 2.127797e-01 4.916571e-01 2.595036e-01 3.620817e-01 7.780489e-01 2.849300e-01 2.876876e-01 7.568391e-01 4.748075e-01 6.337531e-01 1.873056e-01 7.503406e-01 6.384338e-01 5.229335e-01 5.259273e-01 6.110569e-01 8.311556e-01 5.789327e-01 4.807384e-01 1.559001e-01 7.181369e-01 3.228887e-01 4.272733e-01 4.937237e-01 4.091645e-01 2.913421e-01 4.191680e-01 4.085949e-01 3.389951e-01 5.240359e-01 7.091721e-01 4.071217e-01 2.241646e-01 
124 1737 0 0 0 2.942572e-01 3.670636e-01 4.406932e-01 2.118119e-01 3.383371e-01 5.174026e-01 2.436248e-01 2.770375e-01 7.473715e-01 4.484920e-01 6.157013e-01 3.370443e-01 7.709927e-01 5.887033e-01 4.764830e-01 5.690492e-01 4.949335e-01 7.069458e-01 6.839879e-01 5.682193e-01 2.854942e-01 5.290147e-01 4.005302e-01 3.502082e-01 5.785167e-01 5.966617e-01 4.555781e-01 4.643806e-01 4.046348e-01 2.983971e-01 4.607963e-01 7.543176e-01 4.967329e-01 2.385561e-01 
125 1751 0 0 0 2.554585e-01 5.102853e-01 4.919156e-01 3.864021e-01 2.634266e-01 5.871305e-01 2.130765e-01 2.926257e-01 7.039540e-01 4.831903e-01 5.974195e-01 2.130933e-01 7.018393e-01 5.436724e-01 4.388885e-01 5.000293e-01 6.231152e-01 7.607883e-01 5.950340e-01 5.461392e-01 1.614221e-01 7.232728e-01 3.411885e-01 2.487282e-01 4.960143e-01 5.141696e-01 5.509384e-01 3.643983e-01 4.479202e-01 2.060253e-01 6.343878e-01 7.830317e-01 3.641142e-01 2.750197e-01 
126 1765 0 0 0 2.066934e-01 5.590885e-01 4.050133e-01 4.189785e-01 3.914802e-01 6.070873e-01 2.587502e-01 2.853341e-01 6.230485e-01 5.913092e-01 5.201183e-01 3.173094e-01 5.836251e-01 4.296004e-01 3.943799e-01 6.896969e-01 5.517267e-01 6.248363e-01 5.472407e-01 4.633239e-01 1.197404e-01 7.643913e-01 2.750042e-01 3.972390e-01 5.524242e-01 4.658432e-01 5.226946e-01 3.681806e-01 4.519163e-01 1.152579e-01 5.786253e-01 7.872156e-01 3.167068e-01 2.643713e-01 
127 1779 0 0 0 2.676835e-01 4.810588e-01 4.004521e-01 4.060104e-01 4.812805e-01 6.730754e-01 2.513042e-01 2.584777e-01 6.111009e-01 6.976523e-01 5.017561e-01 4.202787e-01 6.260586e-01 3.106565e-01 3.416123e-01 6.474024e-01 6.538368e-01 5.324879e-01 4.675708e-01 6.330353e-01 1.889244e-01 7.203534e-01 2.619197e-01 4.276077e-01 5.061552e-01 5.391031e-01 4.559818e-01 4.116018e-01 4.549717e-01 7.469180e-02 5.376327e-01 7.673440e-01 3.004657e-01 3.233259e-01 
128 1793 0 0 0 3.535244e-01 6.298508e-01 4.091567e-01 3.029777e-01 4.501310e-01 6.995549e-01 4.067820e-01 3.030341e-01 6.946435e-01 7.194121e-01 6.019404e-01 5.326267e-01 6.771859e-01 2.634543e-01 4.621210e-01 6.142705e-01 6.557676e-01 5.481185e-01 4.508851e-01 6.262586e-01 2.366297e-01 7.493086e-01 2.765505e-01 3.333541e-01 3.812902e-01 7.142931e-01 4.050265e-01 3.897157e-01 6.444220e-01 1.796688e-01 5.117503e-01 6.845865e-01 4.054446e-01 2.562749e-01 
129 1807 0 0 0 3.780728e-01 8.583640e-01 2.505470e-01 4.769399e-01 3.803379e-01 7.950210e-01 4.205671e-01 3.767416e-01 6.641621e-01 8.409865e-01 4.962395e-01 6.811055e-01 7.578975e-01 2.347338e-01 2.401810e-01 3.983038e-01 4.593163e-01 5.144691e-01 3.942379e-01 5.324341e-01 3.115696e-01 7.369177e-01 5.318008e-01 4.852879e-01 3.999566e-01 6.320415e-01 2.913933e-01 3.331078e-01 3.620077e-01 1.314539e-01 5.678697e-01 7.562964e-01 4.551507e-01 2.850671e-01 
130 1821 0 0 0 3.956267e-01 6.407066e-01 3.457145e-01 5.953650e-01 4.705396e-01 7.081665e-01 6.238698e-01 4.149065e-01 7.361295e-01 9.709234e-01 5.185249e-01 5.740631e-01 7.107937e-01 2.655699e-01 3.358735e-01 2.673602e-01 6.953362e-01 4.957566e-01 3.043109e-01 6.898372e-01 4.076640e-01 7.673281e-01 4.965448e-01 2.474990e-01 2.354228e-01 7.223703e-01 4.102180e-01 3.423171e-01 4.389552e-01 2.792542e-01 6.978690e-01 8.125935e-01 4.116030e-01 2.323829e-01 
131 1835 0 0 0 2.942297e-01 6.636104e-01 4.472146e-01 6.916925e-01 4.252481e-01 7.738460e-01 5.228726e-01 3.134448e-01 8.009623e-01 8.548460e-01 5.027942e-01 7.165508e-01 7.791197e-01 1.796882e-01 5.307802e-01 1.924186e-01 6.855443e-01 5.904782e-01 2.545057e-01 6.097494e-01 5.954321e-01 8.722034e-01 5.818103e-01 1.790291e-01 2.869069e-01 7.455555e-01 4.128886e-01 4.462048e-01 3.609720e-01 3.325610e-01 7.231196e-01 6.944502e-01 3.811528e-01 2.453103e-01 
132 1849 0 0 0 3.410336e-01 7.188033e-01 5.768238e-01 7.823877e-01 3.690178e-01 7.180372e-01 4.863258e-01 2.281894e-01 7.658133e-01 7.596806e-01 5.746038e-01 8.103726e-01 7.309522e-01 2.808947e-01 3.595880e-01 4.510120e-01 5.027051e-01 7.142708e-01 1.764502e-01 5.769087e-01 7.300029e-01 8.834478e-01 8.161075e-01 2.943289e-01 3.881137e-01 8.580489e-01 2.590679e-01 3.626590e-01 4.648769e-01 3.723570e-01 8.304765e-01 6.241460e-01 4.779469e-01 4.477509e-01 
133 1863 0 0 0 2.871294e-01 6.772891e-01 5.385712e-01 8.518499e-01 3.343155e-01 8.935003e-01 6.322926e-01 2.504176e-01 7.924604e-01 7.907248e-01 6.894163e-01 8.123475e-01 6.636151e-01 2.232602e-01 4.360853e-01 4.523570e-01 4.668484e-01 8.328528e-01 2.880519e-01 6.261437e-01 7.284973e-01 8.285374e-01 8.569397e-01 3.490844e-01 4.681075e-01 6.207850e-01 2.022194e-01 3.393493e-01 4.410518e-01 5.938169e-01 7.518496e-01 6.716632e-01 3.478334e-01 3.225655e-01 
134 1877 0 0 0 3.150614e-01 5.271414e-01 5.947350e-01 9.174697e-01 2.570026e-01 9.150798e-01 6.515705e-01 3.739974e-01 6.908988e-01 8.898252e-01 5.639711e-01 8.775339e-01 6.934758e-01 3.120462e-01 3.145255e-01 1.883351e-01 4.583609e-01 8.300563e-01 2.067478e-01 7.475421e-01 7.084466e-01 6.202589e-01 7.681091e-01 3.119195e-01 6.078638e-01 6.377293e-01 3.211092e-01 3.312689e-01 5.252492e-01 6.596149e-01 6.786506e-01 7.998286e-01 4.974528e-01 1.792538e-01 
135 1891 0 0 0 3.286686e-01 5.941204e-01 7.051060e-01 7.904559e-01 3.434066e-01 7.723049e-01 5.089970e-01 3.557652e-01 7.404363e-01 9.134812e-01 4.325220e-01 7.771766e-01 6.598091e-01 3.376201e-01 2.862955e-01 3.854483e-01 4.003925e-01 8.338945e-01 3.116461e-01 7.680974e-01 6.554377e-01 6.310540e-01 7.263258e-01 4.148568e-01 5.344065e-01 6.325207e-01 3.924976e-01 2.988819e-01 3.996545e-01 7.786820e-01 6.167122e-01 8.630984e-01 4.222099e-01 3.302329e-01 
136 1905 0 0 0 2.394603e-01 6.962875e-01 7.035139e-01 7.606834e-01 3.427825e-01 7.931346e-01 4.762658e-01 3.220323e-01 7.429673e-01 7.909005e-01 4.663289e-01 7.780893e-01 5.263731e-01 2.961058e-01 3.192363e-01 2.467418e-01 3.704174e-01 7.545021e-01 3.318063e-01 6.920732e-01 5.742150e-01 7.907180e-01 7.616673e-01 4.098847e-01 6.318651e-01 5.232471e-01 3.949503e-01 3.473638e-01 3.627896e-01 8.690033e-01 7.025799e-01 7.092530e-01 4.933119e-01 2.286276e-01 
137 1919 0 0 0 2.687037e-01 7.844768e-01 7.716716e-01 7.516320e-01 2.978624e-01 7.449938e-01 4.267512e-01 3.938307e-01 8.275970e-01 7.398210e-01 4.004133e-01 8.958099e-01 6.542825e-01 4.621936e-01 2.652893e-01 3.741041e-01 4.569258e-01 7.498191e-01 4.143729e-01 5.476959e-01 5.642481e-01 8.587881e-01 7.510301e-01 5.046396e-01 4.952687e-01 7.062582e-01 2.362220e-01 4.731107e-01 2.179703e-01 8.601677e-01 6.974530e-01 8.906221e-01 5.786523e-01 2.157711e-01 
138 1933 0 0 0 2.769650e-01 8.483398e-01 8.101702e-01 6.499863e-01 3.589690e-01 7.119069e-01 3.126159e-01 4.030455e-01 7.943401e-01 6.076939e-01 3.109437e-01 8.284236e-01 6.936502e-01 3.552767e-01 3.877932e-01 2.496957e-01 5.565513e-01 7.672379e-01 2.697407e-01 4.925985e-01 4.930778e-01 7.307635e-01 6.661929e-01 6.096283e-01 4.502563e-01 6.961168e-01 2.880053e-01 6.017814e-01 4.226585e-01 9.029119e-01 7.665238e-01 9.726820e-01 5.450651e-01 3.361552e-01 
139 1947 0 0 0 2.461390e-01 7.695037e-01 7.819498e-01 6.464506e-01 3.759321e-01 7.602428e-01 3.274276e-01 4.115422e-01 8.029495e-01 5.775725e-01 2.705335e-01 7.841534e-01 8.028435e-01 3.358739e-01 4.211095e-01 2.564298e-01 5.937753e-01 7.317838e-01 2.324170e-01 5.005857e-01 4.532556e-01 8.148636e-01 5.004418e-01 6.763503e-01 4.452801e-01 7.290176e-01 4.225372e-01 7.714703e-01 4.315954e-01 6.902828e-01 8.119416e-01 9.391490e-01 5.238104e-01 5.061585e-01 
140 1961 0 0 0 2.129945e-01 7.749027e-01 8.798714e-01 5.788541e-01 3.438220e-01 7.727232e-01 4.737929e-01 3.721177e-01 6.842160e-01 5.048253e-01 3.991393e-01 7.089044e-01 7.531897e-01 4.144693e-01 4.588951e-01 2.524032e-01 6.891350e-01 7.920809e-01 2.841877e-01 4.070005e-01 4.254184e-01 6.213469e-01 4.270473e-01 8.259873e-01 4.096214e-01 6.912668e-01 3.048480e-01 7.054525e-01 5.507236e-01 5.776855e-01 7.138607e-01 9.358495e-01 3.592469e-01 4.479950e-01 
141 1975 0 0 0 1.572583e-01 5.688894e-01 8.284100e-01 6.115497e-01 3.314506e-01 8.466848e-01 5.971513e-01 3.234633e-01 6.004984e-01 5.893983e-01 4.381940e-01 6.890477e-01 8.142386e-01 3.058715e-01 5.107685e-01 2.831011e-01 6.123874e-01 8.355923e-01 2.420942e-01 3.014759e-01 5.270951e-01 6.581363e-01 5.010133e-01 7.344843e-01 4.760618e-01 6.828338e-01 3.255429e-01 6.620782e-01 4.736277e-01 6.119593e-01 6.192390e-01 8.851418e-01 3.130190e-01 3.916407e-01 
142 1989 0 0 0 1.878639e-01 5.852351e-01 8.752242e-01 6.112396e-01 3.483304e-01 8.899325e-01 6.142315e-01 3.323354e-01 5.616052e-01 6.895123e-01 3.772711e-01 5.810159e-01 7.772165e-01 3.065708e-01 6.108313e-01 2.856923e-01 6.269869e-01 8.350178e-01 2.276176e-01 3.563516e-01 4.509694e-01 5.600720e-01 5.778588e-01 8.045500e-01 4.985494e-01 6.720171e-01 3.621322e-01 5.806205e-01 4.516104e-01 6.703021e-01 5.570166e-01 8.944763e-01 3.333327e-01 3.818232e-01 
143 2003 0 0 0 1.767485e-01 5.027670e-01 8.054776e-01 8.518908e-01 3.150872e-01 7.355347e-01 6.192759e-01 3.056195e-01 5.203027e-01 4.974278e-01 3.206324e-01 5.920250e-01 6.746768e-01 2.971717e-01 5.902574e-01 3.689034e-01 5.172517e-01 8.046575e-01 1.504782e-01 3.647996e-01 5.476124e-01 6.115163e-01 5.970510e-01 7.980718e-01 3.802912e-01 6.541511e-01 3.625480e-01 6.077346e-01 6.662421e-01 6.521762e-01 5.381915e-01 7.692258e-01 4.344344e-01 4.996009e-01 
144 2017 0 0 0 2.559400e-01 4.823594e-01 9.277012e-01 9.016248e-01 2.622626e-01 7.861732e-01 5.675655e-01 2.941132e-01 6.015957e-01 4.441889e-01 3.674206e-01 6.453919e-01 6.746414e-01 3.354404e-01 6.719790e-01 4.723255e-01 5.442060e-01 6.843562e-01 2.584413e-01 5.182467e-01 4.467366e-01 6.301860e-01 6.121858e-01 7.949515e-01 3.522643e-01 6.712188e-01 3.052898e-01 6.630995e-01 5.378424e-01 6.299650e-01 6.769070e-01 6.755224e-01 4.766599e-01 2.656594e-01 
145 2031 0 0 0 1.119588e-01 4.321558e-01 7.590625e-01 8.185110e-01 2.476992e-01 8.397086e-01 7.304984e-01 2.352726e-01 6.473445e-01 2.967634e-01 3.166724e-01 5.574850e-01 7.915566e-01 3.925915e-01 7.116594e-01 3.764524e-01 7.476204e-01 6.701098e-01 1.607808e-01 6.930945e-01 3.689127e-01 6.025575e-01 3.301660e-01 7.125135e-01 3.300404e-01 5.550056e-01 2.968855e-01 5.960058e-01 4.594454e-01 6.493189e-01 6.623773e-01 6.112623e-01 4.490675e-01 3.259550e-01 
146 2045 0 0 0 2.172091e-01 4.393082e-01 7.572047e-01 8.479124e-01 2.620573e-01 7.853243e-01 7.919527e-01 2.588150e-01 5.598713e-01 3.990807e-01 3.957000e-01 6.080958e-01 8.878707e-01 6.079794e-01 6.877094e-01 4.360989e-01 6.416111e-01 7.601726e-01 1.164913e-01 5.265455e-01 4.611387e-01 6.201571e-01 3.193745e-01 7.863626e-01 4.122740e-01 5.249539e-01 2.082189e-01 5.738438e-01 4.349851e-01 7.895628e-01 6.975083e-01 5.301093e-01 4.608870e-01 3.335256e-01 
147 2059 0 0 0 3.124569e-01 3.774461e-01 7.702192e-01 8.340209e-01 2.062435e-01 7.686589e-01 7.607256e-01 2.113895e-01 6.080239e-01 3.519834e-01 3.807363e-01 6.544435e-01 7.899579e-01 5.782734e-01 6.958205e-01 3.226534e-01 5.367498e-01 7.791067e-01 1.480448e-01 6.087350e-01 4.388517e-01 6.552088e-01 4.690000e-01 8.166356e-01 4.004113e-01 5.592281e-01 2.396653e-01 5.034795e-01 4.013865e-01 8.644387e-01 7.228566e-01 5.606248e-01 4.522680e-01 4.003706e-01 
148 2073 0 0 0 2.533486e-01 3.563786e-01 9.407305e-01 7.811054e-01 2.835368e-01 7.111425e-01 7.006643e-01 1.958175e-01 6.817616e-01 3.651089e-01 2.899486e-01 6.845637e-01 8.477868e-01 4.757673e-01 6.207318e-01 3.531686e-01 6.243058e-01 8.057078e-01 2.232223e-01 5.709591e-01 3.720545e-01 6.256279e-01 5.096573e-01 8.741446e-01 3.752812e-01 5.696492e-01 1.210227e-01 5.410048e-01 3.433978e-01 8.488915e-01 6.697570e-01 5.217197e-01 4.347201e-01 4.380036e-01 
149 2087 0 0 0 3.632059e-01 2.700523e-01 9.645236e-01 6.427651e-01 3.606562e-01 7.097223e-01 8.403621e-01 1.852722e-01 8.453461e-01 3.687769e-01 1.776737e-01 7.596511e-01 7.988178e-01 4.431508e-01 5.597753e-01 4.291664e-01 5.927867e-01 6.912624e-01 1.857814e-01 5.428238e-01 2.445914e-01 6.576912e-01 5.481475e-01 9.315499e-01 5.021331e-01 5.078534e-01 2.266699e-01 5.956491e-01 2.575152e-01 7.407722e-01 6.820594e-01 5.335187e-01 5.489603e-01 3.169839e-01 
150 2101 0 0 0 3.482215e-01 2.254378e-01 8.962829e-01 5.495027e-01 3.135890e-01 7.861405e-01 7.814256e-01 1.516603e-01 7.787986e-01 3.205499e-01 1.828922e-01 7.044182e-01 8.014236e-01 4.352940e-01 4.942036e-01 4.208900e-01 5.998411e-01 6.024625e-01 2.059215e-01 5.233415e-01 2.182784e-01 5.921353e-01 5.965912e-01 9.495264e-01 6.377124e-01 4.762591e-01 2.133113e-01 5.564743e-01 2.918110e-01 6.607993e-01 5.685873e-01 5.884221e-01 6.198489e-01 2.805678e-01 
151 2115 0 0 0 4.188119e-01 2.483494e-01 8.677450e-01 4.049851e-01 2.649744e-01 6.993889e-01 7.794191e-01 2.415091e-01 8.311502e-01 3.811421e-01 2.139830e-01 6.720868e-01 7.660519e-01 4.517444e-01 6.384132e-01 5.044536e-01 6.274341e-01 4.794572e-01 1.628928e-01 6.280758e-01 2.614993e-01 7.951699e-01 6.451978e-01 9.118450e-01 6.152768e-01 4.143251e-01 2.105450e-01 5.659596e-01 3.006224e-01 7.397763e-01 7.023653e-01 5.963702e-01 5.694452e-01 3.066827e-01 
152 2129 0 0 0 3.017888e-01 2.270233e-01 7.695102e-01 4.649506e-01 3.926044e-01 6.266626e-01 6.409831e-01 2.126006e-01 8.142926e-01 3.583881e-01 1.777389e-01 5.933477e-01 6.963094e-01 4.134995e-01 5.280331e-01 5.690433e-01 7.217229e-01 4.291209e-01 2.325169e-01 6.494131e-01 3.815867e-01 8.491718e-01 5.735951e-01 8.016747e-01 5.338555e-01 3.878409e-01 2.548132e-01 5.959073e-01 3.087307e-01 5.979365e-01 6.951273e-01 5.865147e-01 6.510738e-01 3.750348e-01 
153 2143 0 0 0 2.640677e-01 2.914848e-01 6.960238e-01 2.768444e-01 4.116620e-01 6.381150e-01 6.148956e-01 2.314337e-01 7.561430e-01 3.713105e-01 2.816067e-01 6.579551e-01 7.196518e-01 4.591393e-01 5.229727e-01 5.880981e-01 6.456319e-01 3.786360e-01 3.068049e-01 6.157603e-01 3.066796e-01 8.989794e-01 6.480751e-01 7.541167e-01 4.995915e-01 3.872026e-01 3.877015e-01 6.268759e-01 3.223923e-01 5.926579e-01 6.318394e-01 5.339563e-01 5.251396e-01 3.591632e-01 
154 2157 0 0 0 2.205946e-01 3.557227e-01 6.891451e-01 3.301995e-01 3.185200e-01 6.155056e-01 6.187061e-01 2.046990e-01 6.584272e-01 5.731558e-01 2.373730e-01 7.155139e-01 7.966837e-01 3.355756e-01 5.388916e-01 6.588666e-01 6.457722e-01 4.151939e-01 2.754570e-01 5.085430e-01 3.283241e-01 7.537605e-01 6.942183e-01 7.669061e-01 6.301307e-01 5.351380e-01 5.124755e-01 6.480681e-01 3.510589e-01 6.812900e-01 6.890825e-01 5.962545e-01 5.926952e-01 3.036265e-01 
155 2171 0 0 0 2.732949e-01 3.593963e-01 7.142282e-01 2.874924e-01 3.887202e-01 5.617335e-01 6.496245e-01 2.035389e-01 7.151543e-01 4.847204e-01 3.560373e-01 6.737889e-01 7.461040e-01 3.229989e-01 5.979330e-01 6.950109e-01 7.006933e-01 4.692356e-01 3.082905e-01 3.756333e-01 2.907654e-01 6.774790e-01 5.660076e-01 7.294878e-01 6.763420e-01 5.512196e-01 5.026468e-01 5.403834e-01 4.695241e-01 6.445752e-01 7.030699e-01 6.049587e-01 6.779799e-01 2.820927e-01 
156 2185 0 0 0 2.863095e-01 4.662853e-01 7.151953e-01 1.347994e-01 3.130015e-01 6.983083e-01 6.558148e-01 3.220648e-01 6.057229e-01 4.676609e-01 3.029992e-01 7.811048e-01 7.238380e-01 4.006941e-01 7.157262e-01 6.724220e-01 7.264743e-01 4.368945e-01 2.795041e-01 3.226600e-01 2.720747e-01 5.211823e-01 6.795475e-01 8.012835e-01 6.905526e-01 6.145706e-01 3.719351e-01 5.055311e-01 3.644414e-01 7.271976e-01 7.023277e-01 5.025465e-01 5.161643e-01 2.799673e-01 
157 2199 0 0 0 2.126483e-01 3.655888e-01 6.195783e-01 2.012195e-01 2.865967e-01 6.812434e-01 8.109218e-01 2.064098e-01 6.351225e-01 6.146497e-01 3.433930e-01 7.849035e-01 7.075638e-01 3.528220e-01 6.055454e-01 4.873537e-01 7.933912e-01 2.590796e-01 3.192732e-01 3.210624e-01 3.134408e-01 5.659385e-01 7.530733e-01 8.024508e-01 5.486073e-01 5.884004e-01 6.153186e-01 4.767597e-01 2.670905e-01 6.680771e-01 7.699708e-01 5.571627e-01 5.219938e-01 2.389593e-01 
158 2213 0 0 0 1.189116e-01 3.055731e-01 7.251150e-01 1.854705e-01 2.647814e-01 6.707290e-01 8.028708e-01 1.916820e-01 6.677286e-01 5.523747e-01 5.071268e-01 8.094418e-01 6.826072e-01 2.870236e-01 6.840761e-01 3.214544e-01 7.866104e-01 2.686394e-01 2.806980e-01 3.436696e-01 3.180622e-01 5.537199e-01 7.387045e-01 7.136237e-01 5.353255e-01 6.829739e-01 7.277360e-01 3.931771e-01 7.976973e-02 5.850245e-01 6.245897e-01 4.290855e-01 4.418491e-01 1.936171e-01 
159 2227 0 0 0 7.010795e-02 3.465808e-01 5.564178e-01 1.942239e-01 2.361448e-01 6.754268e-01 8.566677e-01 2.848000e-01 6.104869e-01 5.301065e-01 6.192404e-01 7.437457e-01 6.816121e-01 2.014270e-01 6.205158e-01 2.827581e-01 8.247576e-01 3.035190e-01 3.123986e-01 3.731619e-01 2.947615e-01 5.773115e-01 6.666240e-01 7.819688e-01 5.740368e-01 7.607105e-01 7.638143e-01 2.868723e-01 2.309575e-01 5.183087e-01 5.836192e-01 4.734129e-01 4.932916e-01 2.703234e-01 
160 2241 0 0 0 2.382234e-01 4.273890e-01 5.958520e-01 1.700230e-01 2.741040e-01 7.490834e-01 8.920757e-01 3.666977e-01 5.388456e-01 4.130129e-01 5.339121e-01 8.332299e-01 6.105537e-01 1.402579e-01 6.961701e-01 2.395502e-01 8.178763e-01 2.631326e-01 2.961496e-01 4.136203e-01 2.800863e-01 5.234523e-01 5.358654e-01 7.614561e-01 8.230049e-01 7.919831e-01 7.451759e-01 2.816969e-01 2.635510e-01 7.874750e-01 5.088100e-01 4.951027e-01 4.790640e-01 3.226334e-01 
161 2255 0 0 0 2.197288e-01 4.750891e-01 6.128652e-01 1.198355e-01 2.641064e-01 6.735971e-01 8.310707e-01 3.454262e-01 5.267432e-01 4.236815e-01 3.068310e-01 8.162108e-01 4.508783e-01 1.579280e-01 6.190342e-01 3.570641e-01 7.846791e-01 2.663120e-01 2.426637e-01 4.449880e-01 2.226545e-01 6.425060e-01 6.028663e-01 7.277628e-01 8.387103e-01 7.511800e-01 6.892930e-01 3.099883e-01 3.118121e-01 7.526999e-01 4.523769e-01 5.298627e-01 3.907550e-01 4.216166e-01 
162 2269 0 0 0 2.976133e-01 3.826403e-01 5.197924e-01 1.041113e-01 1.764904e-01 5.706301e-01 9.120696e-01 3.227378e-01 6.100788e-01 4.127676e-01 4.507077e-01 8.425107e-01 4.572458e-01 1.313694e-01 6.911181e-01 2.462500e-01 8.680658e-01 2.859244e-01 2.704502e-01 3.729258e-01 2.735852e-01 4.552104e-01 6.283305e-01 7.313910e-01 8.859759e-01 7.118326e-01 7.642850e-01 2.523722e-01 3.734862e-01 8.122863e-01 4.466269e-01 4.241719e-01 4.867421e-01 4.583628e-01 
163 2283 0 0 0 2.241875e-01 4.635186e-01 5.936174e-01 2.343451e-01 1.943227e-01 5.904075e-01 8.500415e-01 3.024020e-01 6.367926e-01 4.942963e-01 4.293843e-01 8.681204e-01 4.383494e-01 1.201766e-01 6.806952e-01 2.874721e-01 8.443670e-01 2.706072e-01 1.976051e-01 3.724792e-01 3.456708e-01 4.596538e-01 5.307031e-01 8.268939e-01 8.503932e-01 7.902503e-01 5.733883e-01 1.902817e-01 3.249892e-01 7.967864e-01 4.907872e-01 5.117950e-01 4.644923e-01 4.627691e-01 
164 2297 0 0 0 2.261121e-01 4.834002e-01 4.386852e-01 3.398312e-01 1.775879e-01 5.701457e-01 8.299366e-01 3.259693e-01 5.568012e-01 4.221308e-01 3.585209e-01 8.500052e-01 4.045423e-01 1.286862e-01 6.232204e-01 2.958151e-01 7.687011e-01 3.565747e-01 1.080901e-01 4.131374e-01 3.178195e-01 4.283007e-01 4.835370e-01 8.224353e-01 8.078473e-01 7.790533e-01 5.544847e-01 2.172576e-01 3.366034e-01 8.340236e-01 4.048300e-01 5.014213e-01 3.804299e-01 5.908560e-01 
165 2311 0 0 0 1.678691e-01 5.261782e-01 4.474677e-01 3.070265e-01 2.451737e-01 5.768496e-01 8.104619e-01 2.574063e-01 5.328314e-01 4.190640e-01 3.002462e-01 7.290761e-01 3.617772e-01 1.264034e-01 6.577645e-01 4.819515e-01 8.073476e-01 3.732788e-01 1.579059e-01 5.408366e-01 3.398846e-01 4.947264e-01 5.140645e-01 7.822403e-01 8.107420e-01 7.481700e-01 4.632118e-01 1.781013e-01 3.535342e-01 7.559274e-01 4.346938e-01 5.088374e-01 3.470245e-01 5.973551e-01 
166 2325 0 0 0 1.204933e-01 5.028352e-01 4.693487e-01 4.003403e-01 2.189244e-01 5.981525e-01 8.659797e-01 2.273717e-01 5.482424e-01 3.854397e-01 2.388782e-01 7.056139e-01 3.274811e-01 1.802564e-01 7.808836e-01 4.970213e-01 7.431077e-01 3.258792e-01 1.647898e-01 4.665969e-01 3.155215e-01 4.223337e-01 5.182416e-01 7.994807e-01 7.747556e-01 6.380458e-01 4.385414e-01 1.032265e-01 3.342192e-01 7.044763e-01 4.073071e-01 5.160627e-01 3.315566e-01 6.502258e-01 
167 2339 0 0 0 1.950026e-01 4.605734e-01 5.569353e-01 2.335258e-01 1.615947e-01 6.038509e-01 8.168434e-01 2.707567e-01 5.787923e-01 3.061464e-01 1.707623e-01 7.213744e-01 3.477467e-01 2.321578e-01 8.075435e-01 6.005507e-01 7.005065e-01 3.162283e-01 2.145841e-01 5.008594e-01 2.837886e-01 5.394659e-01 5.634352e-01 7.904065e-01 8.898336e-01 6.037100e-01 4.423128e-01 1.734919e-01 2.823625e-01 7.326879e-01 5.165138e-01 4.543004e-01 3.084507e-01 7.124242e-01 
168 2353 0 0 0 3.799242e-01 3.951312e-01 6.183786e-01 3.208959e-01 1.073008e-01 6.427183e-01 8.363962e-01 2.565790e-01 6.565711e-01 1.853134e-01 2.489027e-01 6.865175e-01 3.315452e-01 2.630723e-01 8.083472e-01 6.360855e-01 7.729116e-01 3.225245e-01 2.773259e-01 5.201113e-01 3.359872e-01 5.959827e-01 5.214844e-01 7.051512e-01 8.061464e-01 5.900568e-01 4.101206e-01 2.031856e-01 2.473890e-01 6.547306e-01 4.706395e-01 3.962523e-01 2.673163e-01 8.006410e-01 
