%  columns="iteration, evaluation, sigma, max axis length, min axis length, all principle axes lengths (sorted square roots of eigenvalues of C)" (startseed=207921, 2023/08/18 7:7:16.22)
1 15 2.822948e-01 1.034093e+00 9.972581e-01 9.972581e-01 9.972581e-01 9.972581e-01 9.972581e-01 9.972581e-01 9.972581e-01 9.972581e-01 9.972581e-01 9.972581e-01 9.972581e-01 9.972581e-01 9.972581e-01 9.972581e-01 9.972581e-01 9.972581e-01 9.972581e-01 9.972581e-01 9.972581e-01 9.972581e-01 9.972581e-01 9.972581e-01 9.972581e-01 9.972581e-01 9.972581e-01 9.972581e-01 9.972581e-01 9.972581e-01 9.978928e-01 9.993883e-01 1.001892e+00 1.006056e+00 1.012756e+00 1.018204e+00 1.034093e+00 
2 29 2.658615e-01 1.033692e+00 9.945238e-01 9.945238e-01 9.945238e-01 9.945238e-01 9.945238e-01 9.945238e-01 9.945238e-01 9.945238e-01 9.945238e-01 9.945238e-01 9.945238e-01 9.945238e-01 9.945238e-01 9.945238e-01 9.945238e-01 9.945238e-01 9.945238e-01 9.945238e-01 9.945238e-01 9.945238e-01 9.945238e-01 9.949818e-01 9.951043e-01 9.957510e-01 9.963485e-01 9.973336e-01 9.983501e-01 9.995174e-01 1.002214e+00 1.005373e+00 1.008286e+00 1.012026e+00 1.017715e+00 1.021238e+00 1.033692e+00 
3 43 2.569097e-01 1.034133e+00 9.917970e-01 9.917970e-01 9.917970e-01 9.917970e-01 9.917970e-01 9.917970e-01 9.917970e-01 9.917970e-01 9.917970e-01 9.917970e-01 9.917970e-01 9.917970e-01 9.917970e-01 9.917970e-01 9.919615e-01 9.921578e-01 9.922879e-01 9.924139e-01 9.927692e-01 9.933031e-01 9.937946e-01 9.940935e-01 9.951514e-01 9.955319e-01 9.975937e-01 9.984784e-01 9.991842e-01 1.001468e+00 1.005935e+00 1.010248e+00 1.011044e+00 1.017741e+00 1.021336e+00 1.031828e+00 1.034133e+00 
4 57 2.479054e-01 1.039954e+00 9.890776e-01 9.890776e-01 9.890776e-01 9.890776e-01 9.890776e-01 9.890776e-01 9.890776e-01 9.891314e-01 9.891457e-01 9.892728e-01 9.893302e-01 9.893605e-01 9.896266e-01 9.899651e-01 9.903008e-01 9.903521e-01 9.906790e-01 9.910762e-01 9.917557e-01 9.918895e-01 9.934311e-01 9.943667e-01 9.950948e-01 9.965232e-01 9.969528e-01 9.985621e-01 1.000302e+00 1.003181e+00 1.008568e+00 1.009583e+00 1.012831e+00 1.015401e+00 1.021549e+00 1.032426e+00 1.039954e+00 
5 71 2.396018e-01 1.045329e+00 9.863694e-01 9.863694e-01 9.863803e-01 9.863993e-01 9.864122e-01 9.865491e-01 9.866195e-01 9.866884e-01 9.868669e-01 9.872257e-01 9.872975e-01 9.873698e-01 9.876425e-01 9.879518e-01 9.885614e-01 9.889172e-01 9.891250e-01 9.897877e-01 9.899883e-01 9.916676e-01 9.920138e-01 9.931786e-01 9.940213e-01 9.953699e-01 9.967878e-01 9.995992e-01 1.000215e+00 1.005279e+00 1.008623e+00 1.010535e+00 1.014075e+00 1.014599e+00 1.024357e+00 1.031171e+00 1.045329e+00 
6 85 2.325494e-01 1.053447e+00 9.837447e-01 9.837447e-01 9.837842e-01 9.840001e-01 9.840471e-01 9.841652e-01 9.843665e-01 9.846761e-01 9.847764e-01 9.850246e-01 9.852003e-01 9.859099e-01 9.864154e-01 9.867551e-01 9.870819e-01 9.874893e-01 9.878659e-01 9.889859e-01 9.890840e-01 9.904196e-01 9.915582e-01 9.924426e-01 9.936576e-01 9.953591e-01 9.965903e-01 9.992031e-01 1.001489e+00 1.006132e+00 1.008494e+00 1.012658e+00 1.013950e+00 1.017733e+00 1.022624e+00 1.028968e+00 1.053447e+00 
7 99 2.231810e-01 1.058438e+00 9.814158e-01 9.814158e-01 9.814903e-01 9.815289e-01 9.818568e-01 9.818868e-01 9.822059e-01 9.824745e-01 9.832955e-01 9.836589e-01 9.838044e-01 9.841091e-01 9.846817e-01 9.852487e-01 9.857723e-01 9.865481e-01 9.870244e-01 9.876127e-01 9.884807e-01 9.894263e-01 9.902669e-01 9.910737e-01 9.931944e-01 9.956474e-01 9.988596e-01 9.999928e-01 1.002874e+00 1.003884e+00 1.007977e+00 1.011715e+00 1.013224e+00 1.016790e+00 1.023195e+00 1.027998e+00 1.058438e+00 
8 113 2.170151e-01 1.065494e+00 9.789522e-01 9.789522e-01 9.790544e-01 9.791732e-01 9.793169e-01 9.797722e-01 9.801839e-01 9.807962e-01 9.812680e-01 9.819356e-01 9.821412e-01 9.825349e-01 9.834213e-01 9.841839e-01 9.846473e-01 9.855565e-01 9.858499e-01 9.864661e-01 9.870821e-01 9.880656e-01 9.898683e-01 9.928978e-01 9.934090e-01 9.962483e-01 9.976804e-01 9.998458e-01 1.001611e+00 1.004324e+00 1.009175e+00 1.010593e+00 1.011671e+00 1.018772e+00 1.020954e+00 1.028683e+00 1.065494e+00 
9 127 2.054999e-01 1.071622e+00 9.766749e-01 9.766749e-01 9.767381e-01 9.771192e-01 9.774916e-01 9.778622e-01 9.786560e-01 9.789073e-01 9.791730e-01 9.799826e-01 9.806725e-01 9.815269e-01 9.818719e-01 9.825355e-01 9.828817e-01 9.840428e-01 9.848326e-01 9.857989e-01 9.860770e-01 9.894990e-01 9.904955e-01 9.916927e-01 9.930018e-01 9.950305e-01 9.964414e-01 1.000175e+00 1.001843e+00 1.007638e+00 1.009363e+00 1.010112e+00 1.012257e+00 1.020970e+00 1.022293e+00 1.027366e+00 1.071622e+00 
10 141 1.976832e-01 1.071312e+00 9.742408e-01 9.742408e-01 9.746026e-01 9.747329e-01 9.754281e-01 9.762858e-01 9.764181e-01 9.770036e-01 9.774792e-01 9.783553e-01 9.789854e-01 9.794506e-01 9.810369e-01 9.814731e-01 9.822493e-01 9.829118e-01 9.843328e-01 9.850764e-01 9.856047e-01 9.890558e-01 9.900569e-01 9.911740e-01 9.926978e-01 9.940714e-01 9.950635e-01 1.001208e+00 1.003243e+00 1.005867e+00 1.009172e+00 1.009958e+00 1.017279e+00 1.020232e+00 1.025449e+00 1.028459e+00 1.071312e+00 
11 155 1.950794e-01 1.071976e+00 9.721966e-01 9.721966e-01 9.722456e-01 9.727166e-01 9.736860e-01 9.739237e-01 9.749550e-01 9.758172e-01 9.763051e-01 9.769754e-01 9.778064e-01 9.785778e-01 9.792105e-01 9.797851e-01 9.800631e-01 9.819554e-01 9.828098e-01 9.849701e-01 9.867797e-01 9.872078e-01 9.885499e-01 9.889330e-01 9.925527e-01 9.946991e-01 9.991225e-01 1.000671e+00 1.003595e+00 1.005434e+00 1.008055e+00 1.010174e+00 1.015537e+00 1.019407e+00 1.025175e+00 1.044069e+00 1.071976e+00 
12 169 1.897445e-01 1.070912e+00 9.698201e-01 9.698201e-01 9.703211e-01 9.706578e-01 9.716191e-01 9.720127e-01 9.725473e-01 9.734970e-01 9.744270e-01 9.748822e-01 9.760984e-01 9.765784e-01 9.774346e-01 9.779654e-01 9.806394e-01 9.808279e-01 9.817041e-01 9.839183e-01 9.845665e-01 9.859248e-01 9.870389e-01 9.896088e-01 9.920712e-01 9.963605e-01 9.981877e-01 9.993633e-01 1.003894e+00 1.004289e+00 1.005996e+00 1.010575e+00 1.016868e+00 1.022472e+00 1.025801e+00 1.049999e+00 1.070912e+00 
13 183 1.851786e-01 1.074537e+00 9.679418e-01 9.679418e-01 9.680241e-01 9.690681e-01 9.695672e-01 9.704251e-01 9.710469e-01 9.719281e-01 9.727139e-01 9.737186e-01 9.746544e-01 9.752190e-01 9.765826e-01 9.767489e-01 9.787478e-01 9.803883e-01 9.807516e-01 9.831189e-01 9.837002e-01 9.864373e-01 9.886032e-01 9.901589e-01 9.928970e-01 9.951514e-01 9.966978e-01 9.995562e-01 1.002059e+00 1.002946e+00 1.005917e+00 1.009891e+00 1.016632e+00 1.023599e+00 1.027881e+00 1.054943e+00 1.074537e+00 
14 197 1.821984e-01 1.077067e+00 9.656354e-01 9.656354e-01 9.662774e-01 9.670540e-01 9.676382e-01 9.685189e-01 9.700631e-01 9.703927e-01 9.709611e-01 9.726213e-01 9.734782e-01 9.741599e-01 9.744440e-01 9.748948e-01 9.766777e-01 9.784276e-01 9.796631e-01 9.821412e-01 9.838207e-01 9.851769e-01 9.881512e-01 9.901374e-01 9.913180e-01 9.942272e-01 9.955861e-01 9.985101e-01 1.000943e+00 1.003665e+00 1.007214e+00 1.012157e+00 1.013999e+00 1.024445e+00 1.032595e+00 1.061454e+00 1.077067e+00 
15 211 1.767933e-01 1.075804e+00 9.633405e-01 9.633405e-01 9.645521e-01 9.649782e-01 9.654981e-01 9.666560e-01 9.681611e-01 9.684084e-01 9.694790e-01 9.706748e-01 9.714636e-01 9.720968e-01 9.733251e-01 9.742889e-01 9.771435e-01 9.779777e-01 9.801060e-01 9.810517e-01 9.831557e-01 9.836303e-01 9.876561e-01 9.892533e-01 9.908051e-01 9.929393e-01 9.959938e-01 9.981630e-01 1.000731e+00 1.003062e+00 1.007871e+00 1.011801e+00 1.015991e+00 1.025047e+00 1.035547e+00 1.066036e+00 1.075804e+00 
16 225 1.693972e-01 1.076387e+00 9.612818e-01 9.612818e-01 9.625162e-01 9.631253e-01 9.638317e-01 9.651099e-01 9.662533e-01 9.669096e-01 9.676486e-01 9.686712e-01 9.697845e-01 9.711623e-01 9.720145e-01 9.735340e-01 9.757100e-01 9.768244e-01 9.782151e-01 9.798118e-01 9.820356e-01 9.836272e-01 9.858999e-01 9.868969e-01 9.902746e-01 9.926378e-01 9.952290e-01 9.975906e-01 9.990164e-01 1.005618e+00 1.006001e+00 1.010065e+00 1.017567e+00 1.023879e+00 1.036935e+00 1.066418e+00 1.076387e+00 
17 239 1.629241e-01 1.074510e+00 9.589008e-01 9.589008e-01 9.603458e-01 9.620734e-01 9.623675e-01 9.632556e-01 9.646470e-01 9.657415e-01 9.659681e-01 9.680298e-01 9.695345e-01 9.718036e-01 9.725435e-01 9.739748e-01 9.749309e-01 9.762101e-01 9.781544e-01 9.796862e-01 9.800556e-01 9.819424e-01 9.854401e-01 9.867497e-01 9.895310e-01 9.920453e-01 9.933648e-01 9.961987e-01 1.001912e+00 1.003657e+00 1.008931e+00 1.014501e+00 1.020968e+00 1.024685e+00 1.041086e+00 1.067489e+00 1.074510e+00 
18 253 1.550970e-01 1.073461e+00 9.570242e-01 9.570242e-01 9.580997e-01 9.600427e-01 9.605793e-01 9.615115e-01 9.628973e-01 9.635227e-01 9.657928e-01 9.662190e-01 9.678244e-01 9.698471e-01 9.716888e-01 9.721224e-01 9.739849e-01 9.762086e-01 9.770937e-01 9.776597e-01 9.786050e-01 9.816305e-01 9.834434e-01 9.846216e-01 9.889831e-01 9.912681e-01 9.927433e-01 9.954931e-01 1.001502e+00 1.004924e+00 1.007203e+00 1.014526e+00 1.022944e+00 1.024706e+00 1.040269e+00 1.068306e+00 1.073461e+00 
19 267 1.512276e-01 1.072814e+00 9.551977e-01 9.551977e-01 9.563275e-01 9.580904e-01 9.585146e-01 9.598032e-01 9.614389e-01 9.637424e-01 9.641689e-01 9.655377e-01 9.664984e-01 9.686337e-01 9.700589e-01 9.714799e-01 9.728781e-01 9.744820e-01 9.751110e-01 9.769645e-01 9.792656e-01 9.815304e-01 9.822902e-01 9.853658e-01 9.891592e-01 9.905235e-01 9.936551e-01 9.962232e-01 1.003880e+00 1.004817e+00 1.007570e+00 1.018599e+00 1.022526e+00 1.024480e+00 1.037803e+00 1.070577e+00 1.072814e+00 
20 281 1.448795e-01 1.074060e+00 9.534368e-01 9.534368e-01 9.547579e-01 9.562849e-01 9.571816e-01 9.577586e-01 9.602727e-01 9.622404e-01 9.636598e-01 9.643613e-01 9.650330e-01 9.686118e-01 9.689629e-01 9.699952e-01 9.720452e-01 9.736701e-01 9.744480e-01 9.767458e-01 9.781814e-01 9.799809e-01 9.835641e-01 9.840400e-01 9.880560e-01 9.900684e-01 9.931818e-01 9.947688e-01 1.002617e+00 1.005931e+00 1.007120e+00 1.017321e+00 1.021151e+00 1.025845e+00 1.037109e+00 1.071400e+00 1.074060e+00 
21 295 1.963878e-01 1.073937e+00 9.516323e-01 9.516323e-01 9.530335e-01 9.543366e-01 9.557262e-01 9.569305e-01 9.592120e-01 9.606196e-01 9.619320e-01 9.624966e-01 9.633158e-01 9.664265e-01 9.674843e-01 9.688639e-01 9.700945e-01 9.727847e-01 9.735057e-01 9.745181e-01 9.768403e-01 9.806811e-01 9.818804e-01 9.846242e-01 9.870001e-01 9.901480e-01 9.919034e-01 9.967434e-01 1.001640e+00 1.005969e+00 1.008046e+00 1.015051e+00 1.022166e+00 1.025652e+00 1.039145e+00 1.072785e+00 1.073937e+00 
22 309 1.924531e-01 1.074348e+00 9.497314e-01 9.497314e-01 9.510985e-01 9.532545e-01 9.541539e-01 9.553058e-01 9.568062e-01 9.592358e-01 9.597149e-01 9.604979e-01 9.623604e-01 9.646979e-01 9.656628e-01 9.673093e-01 9.692180e-01 9.709934e-01 9.718770e-01 9.728719e-01 9.770791e-01 9.797874e-01 9.800224e-01 9.839097e-01 9.857644e-01 9.899321e-01 9.952384e-01 9.967211e-01 1.000194e+00 1.007738e+00 1.011029e+00 1.015391e+00 1.023588e+00 1.024684e+00 1.040548e+00 1.071851e+00 1.074348e+00 
23 323 1.888806e-01 1.074728e+00 9.478109e-01 9.478109e-01 9.497820e-01 9.518777e-01 9.522080e-01 9.536181e-01 9.546864e-01 9.575329e-01 9.582196e-01 9.588911e-01 9.620041e-01 9.633712e-01 9.657612e-01 9.676443e-01 9.690602e-01 9.696517e-01 9.716856e-01 9.763376e-01 9.774621e-01 9.787245e-01 9.796420e-01 9.823351e-01 9.840499e-01 9.904802e-01 9.940438e-01 9.985394e-01 9.998671e-01 1.009743e+00 1.012149e+00 1.017444e+00 1.022100e+00 1.023982e+00 1.042461e+00 1.072084e+00 1.074728e+00 
24 337 1.859897e-01 1.075956e+00 9.466667e-01 9.466667e-01 9.481076e-01 9.495529e-01 9.505923e-01 9.516461e-01 9.530222e-01 9.560712e-01 9.562848e-01 9.575934e-01 9.606917e-01 9.611614e-01 9.657122e-01 9.664916e-01 9.669322e-01 9.679575e-01 9.707529e-01 9.750842e-01 9.760967e-01 9.782970e-01 9.798723e-01 9.820917e-01 9.835563e-01 9.916756e-01 9.943091e-01 9.964486e-01 9.994043e-01 1.008983e+00 1.013267e+00 1.017798e+00 1.022261e+00 1.023635e+00 1.043311e+00 1.072460e+00 1.075956e+00 
25 351 1.810997e-01 1.078719e+00 9.447411e-01 9.447411e-01 9.463681e-01 9.477396e-01 9.486622e-01 9.503894e-01 9.512638e-01 9.539771e-01 9.562766e-01 9.569649e-01 9.595080e-01 9.630386e-01 9.646603e-01 9.649983e-01 9.664146e-01 9.695539e-01 9.708675e-01 9.757972e-01 9.767323e-01 9.803686e-01 9.804613e-01 9.821734e-01 9.836183e-01 9.910058e-01 9.932352e-01 9.961410e-01 1.000428e+00 1.009023e+00 1.015048e+00 1.016644e+00 1.020521e+00 1.026454e+00 1.043573e+00 1.071170e+00 1.078719e+00 
26 365 1.757061e-01 1.079740e+00 9.437651e-01 9.437651e-01 9.460738e-01 9.462445e-01 9.485782e-01 9.494512e-01 9.497073e-01 9.536207e-01 9.558540e-01 9.575323e-01 9.579751e-01 9.623413e-01 9.636223e-01 9.642753e-01 9.655035e-01 9.685450e-01 9.690906e-01 9.746475e-01 9.765937e-01 9.783200e-01 9.790923e-01 9.811638e-01 9.837063e-01 9.885367e-01 9.928942e-01 9.968644e-01 9.994189e-01 1.007589e+00 1.014280e+00 1.015151e+00 1.019312e+00 1.028105e+00 1.043620e+00 1.069678e+00 1.079740e+00 
27 379 1.700909e-01 1.083567e+00 9.415843e-01 9.415843e-01 9.439225e-01 9.451526e-01 9.470660e-01 9.473572e-01 9.492234e-01 9.518278e-01 9.537367e-01 9.552417e-01 9.584007e-01 9.609269e-01 9.619086e-01 9.627546e-01 9.637088e-01 9.672528e-01 9.688355e-01 9.738670e-01 9.751979e-01 9.771388e-01 9.788340e-01 9.800114e-01 9.817795e-01 9.864260e-01 9.917895e-01 9.954544e-01 9.974566e-01 1.006631e+00 1.012939e+00 1.013518e+00 1.017819e+00 1.031207e+00 1.043424e+00 1.074019e+00 1.083567e+00 
28 393 1.633233e-01 1.088057e+00 9.395250e-01 9.395250e-01 9.424766e-01 9.429048e-01 9.450428e-01 9.456997e-01 9.481891e-01 9.498503e-01 9.526469e-01 9.537718e-01 9.585007e-01 9.598331e-01 9.603969e-01 9.621032e-01 9.641517e-01 9.650233e-01 9.671419e-01 9.717097e-01 9.733920e-01 9.766731e-01 9.782430e-01 9.790763e-01 9.815489e-01 9.855607e-01 9.911816e-01 9.957433e-01 9.970852e-01 1.005898e+00 1.010975e+00 1.014143e+00 1.017131e+00 1.030692e+00 1.043116e+00 1.072818e+00 1.088057e+00 
29 407 1.585199e-01 1.090405e+00 9.375626e-01 9.375626e-01 9.411706e-01 9.424684e-01 9.430779e-01 9.453069e-01 9.459092e-01 9.484576e-01 9.522065e-01 9.523880e-01 9.568021e-01 9.586472e-01 9.593352e-01 9.613219e-01 9.630626e-01 9.644540e-01 9.658459e-01 9.704278e-01 9.737479e-01 9.752833e-01 9.767287e-01 9.769845e-01 9.832784e-01 9.866349e-01 9.903439e-01 9.945314e-01 9.982890e-01 1.004109e+00 1.009509e+00 1.013570e+00 1.014894e+00 1.030019e+00 1.046335e+00 1.070841e+00 1.090405e+00 
30 421 1.549906e-01 1.092038e+00 9.360643e-01 9.360643e-01 9.395950e-01 9.406464e-01 9.419438e-01 9.439124e-01 9.449022e-01 9.470347e-01 9.501825e-01 9.509004e-01 9.553345e-01 9.569694e-01 9.572417e-01 9.603872e-01 9.618547e-01 9.638684e-01 9.669233e-01 9.684159e-01 9.718276e-01 9.746670e-01 9.747833e-01 9.773044e-01 9.817632e-01 9.856737e-01 9.895295e-01 9.925047e-01 9.971881e-01 1.004012e+00 1.009009e+00 1.011196e+00 1.019976e+00 1.030965e+00 1.045428e+00 1.071524e+00 1.092038e+00 
31 435 2.109389e-01 1.092770e+00 9.338547e-01 9.338547e-01 9.375748e-01 9.382993e-01 9.409885e-01 9.419161e-01 9.428627e-01 9.452936e-01 9.484847e-01 9.514334e-01 9.534304e-01 9.564907e-01 9.577571e-01 9.595476e-01 9.611346e-01 9.625940e-01 9.649610e-01 9.667046e-01 9.718183e-01 9.725201e-01 9.739983e-01 9.759412e-01 9.800469e-01 9.846845e-01 9.900981e-01 9.913944e-01 9.987403e-01 1.003963e+00 1.010148e+00 1.014957e+00 1.022311e+00 1.032485e+00 1.045197e+00 1.070014e+00 1.092770e+00 
32 449 2.056800e-01 1.092571e+00 9.332019e-01 9.332019e-01 9.371561e-01 9.380820e-01 9.393214e-01 9.400563e-01 9.421003e-01 9.435563e-01 9.460811e-01 9.499356e-01 9.515460e-01 9.547453e-01 9.567678e-01 9.586984e-01 9.604204e-01 9.625085e-01 9.646356e-01 9.648371e-01 9.707653e-01 9.712718e-01 9.727423e-01 9.741807e-01 9.781424e-01 9.847845e-01 9.886716e-01 9.900217e-01 9.991694e-01 1.004604e+00 1.009118e+00 1.015289e+00 1.024451e+00 1.033528e+00 1.045395e+00 1.069083e+00 1.092571e+00 
33 463 2.008744e-01 1.094067e+00 9.311668e-01 9.311668e-01 9.360402e-01 9.367862e-01 9.377899e-01 9.387964e-01 9.403110e-01 9.418318e-01 9.450464e-01 9.486753e-01 9.502781e-01 9.525297e-01 9.556135e-01 9.563942e-01 9.604148e-01 9.612129e-01 9.632117e-01 9.678652e-01 9.694704e-01 9.712412e-01 9.731684e-01 9.755908e-01 9.790234e-01 9.847603e-01 9.868059e-01 9.881882e-01 9.983007e-01 1.004831e+00 1.008119e+00 1.013579e+00 1.026438e+00 1.038218e+00 1.043498e+00 1.068095e+00 1.094067e+00 
34 477 1.914962e-01 1.091794e+00 9.291772e-01 9.291772e-01 9.342143e-01 9.350606e-01 9.362372e-01 9.368461e-01 9.387328e-01 9.398999e-01 9.437103e-01 9.464632e-01 9.498194e-01 9.517349e-01 9.539642e-01 9.550957e-01 9.594984e-01 9.625401e-01 9.654544e-01 9.662910e-01 9.684616e-01 9.697367e-01 9.724237e-01 9.743895e-01 9.785232e-01 9.843225e-01 9.861045e-01 9.866707e-01 9.971549e-01 1.004402e+00 1.007046e+00 1.014255e+00 1.026817e+00 1.040438e+00 1.047393e+00 1.069468e+00 1.091794e+00 
35 491 1.853092e-01 1.090469e+00 9.280849e-01 9.280849e-01 9.329027e-01 9.341307e-01 9.354486e-01 9.364864e-01 9.382579e-01 9.415411e-01 9.420118e-01 9.451581e-01 9.498403e-01 9.504405e-01 9.520438e-01 9.539267e-01 9.578551e-01 9.603595e-01 9.631180e-01 9.643335e-01 9.671776e-01 9.680078e-01 9.709159e-01 9.728384e-01 9.773226e-01 9.824403e-01 9.839338e-01 9.876969e-01 9.954800e-01 1.004880e+00 1.007194e+00 1.014710e+00 1.028054e+00 1.043217e+00 1.053266e+00 1.069053e+00 1.090469e+00 
36 505 1.782345e-01 1.088027e+00 9.265529e-01 9.265529e-01 9.309707e-01 9.322892e-01 9.341430e-01 9.346731e-01 9.369716e-01 9.400603e-01 9.417753e-01 9.433306e-01 9.482151e-01 9.487777e-01 9.516679e-01 9.548222e-01 9.573392e-01 9.593158e-01 9.618550e-01 9.645595e-01 9.649900e-01 9.670318e-01 9.694608e-01 9.713389e-01 9.758073e-01 9.807479e-01 9.853025e-01 9.861454e-01 9.939465e-01 1.005187e+00 1.007938e+00 1.014233e+00 1.027992e+00 1.042902e+00 1.056050e+00 1.071387e+00 1.088027e+00 
37 519 1.732555e-01 1.088957e+00 9.268504e-01 9.268504e-01 9.295021e-01 9.317260e-01 9.323524e-01 9.350006e-01 9.358817e-01 9.380649e-01 9.402610e-01 9.431860e-01 9.467701e-01 9.494127e-01 9.507375e-01 9.539718e-01 9.562930e-01 9.577869e-01 9.612201e-01 9.631837e-01 9.653801e-01 9.679032e-01 9.697440e-01 9.707669e-01 9.752238e-01 9.785454e-01 9.834955e-01 9.854847e-01 9.946263e-01 1.006875e+00 1.009901e+00 1.015429e+00 1.025970e+00 1.042673e+00 1.056886e+00 1.070277e+00 1.088957e+00 
38 533 1.700887e-01 1.089623e+00 9.249885e-01 9.249885e-01 9.283893e-01 9.300932e-01 9.315162e-01 9.334376e-01 9.340862e-01 9.370523e-01 9.381457e-01 9.414175e-01 9.473619e-01 9.499686e-01 9.508280e-01 9.522030e-01 9.541547e-01 9.587935e-01 9.595284e-01 9.633466e-01 9.638785e-01 9.670655e-01 9.683901e-01 9.717550e-01 9.761492e-01 9.815296e-01 9.831780e-01 9.848908e-01 9.928648e-01 1.005698e+00 1.009279e+00 1.017784e+00 1.024311e+00 1.042386e+00 1.058113e+00 1.071750e+00 1.089623e+00 
39 547 1.622167e-01 1.094503e+00 9.237638e-01 9.237638e-01 9.266831e-01 9.294031e-01 9.298851e-01 9.318218e-01 9.337191e-01 9.363410e-01 9.380790e-01 9.398949e-01 9.476379e-01 9.482818e-01 9.492052e-01 9.505566e-01 9.557841e-01 9.576278e-01 9.613496e-01 9.621978e-01 9.648523e-01 9.656882e-01 9.677750e-01 9.707938e-01 9.761611e-01 9.793071e-01 9.813218e-01 9.886379e-01 9.926161e-01 1.004000e+00 1.008705e+00 1.019904e+00 1.022704e+00 1.043085e+00 1.058653e+00 1.071470e+00 1.094503e+00 
40 561 2.156799e-01 1.093451e+00 9.222532e-01 9.222532e-01 9.252637e-01 9.275341e-01 9.288292e-01 9.304235e-01 9.324158e-01 9.346501e-01 9.379638e-01 9.386966e-01 9.457510e-01 9.477452e-01 9.487269e-01 9.503442e-01 9.562231e-01 9.577671e-01 9.590935e-01 9.616994e-01 9.637541e-01 9.652335e-01 9.673604e-01 9.709383e-01 9.755498e-01 9.791093e-01 9.817843e-01 9.910372e-01 9.920004e-01 1.002691e+00 1.009211e+00 1.019850e+00 1.021442e+00 1.040811e+00 1.057065e+00 1.076430e+00 1.093451e+00 
41 575 2.072931e-01 1.092747e+00 9.214786e-01 9.214786e-01 9.237255e-01 9.261041e-01 9.276830e-01 9.286375e-01 9.307046e-01 9.342284e-01 9.356802e-01 9.377050e-01 9.436175e-01 9.470714e-01 9.485443e-01 9.495895e-01 9.546139e-01 9.564926e-01 9.581767e-01 9.602492e-01 9.633009e-01 9.648161e-01 9.658403e-01 9.716185e-01 9.743043e-01 9.792989e-01 9.832877e-01 9.894868e-01 9.925138e-01 1.000392e+00 1.008691e+00 1.018138e+00 1.021916e+00 1.039154e+00 1.054651e+00 1.077116e+00 1.092747e+00 
42 589 1.992008e-01 1.090934e+00 9.201855e-01 9.201855e-01 9.233916e-01 9.250052e-01 9.254682e-01 9.270503e-01 9.305919e-01 9.334000e-01 9.347382e-01 9.377878e-01 9.415251e-01 9.454739e-01 9.465411e-01 9.492289e-01 9.534229e-01 9.560067e-01 9.573523e-01 9.606360e-01 9.623952e-01 9.645247e-01 9.653716e-01 9.717231e-01 9.722771e-01 9.791072e-01 9.836308e-01 9.886133e-01 9.914744e-01 9.991484e-01 1.007232e+00 1.019679e+00 1.020275e+00 1.038925e+00 1.053095e+00 1.076652e+00 1.090934e+00 
43 603 1.957437e-01 1.093900e+00 9.180674e-01 9.180674e-01 9.223951e-01 9.233544e-01 9.247431e-01 9.281503e-01 9.298073e-01 9.326937e-01 9.358783e-01 9.382065e-01 9.399257e-01 9.449488e-01 9.462981e-01 9.478483e-01 9.533709e-01 9.551952e-01 9.570923e-01 9.587789e-01 9.611683e-01 9.624494e-01 9.655996e-01 9.705575e-01 9.747598e-01 9.802975e-01 9.816248e-01 9.871960e-01 9.925040e-01 9.976488e-01 1.007550e+00 1.020387e+00 1.022103e+00 1.041744e+00 1.052076e+00 1.078802e+00 1.093900e+00 
44 617 1.911208e-01 1.094390e+00 9.174609e-01 9.174609e-01 9.204774e-01 9.226290e-01 9.232819e-01 9.257907e-01 9.278411e-01 9.318669e-01 9.345759e-01 9.374542e-01 9.399405e-01 9.437232e-01 9.445384e-01 9.460856e-01 9.523063e-01 9.533259e-01 9.556558e-01 9.585630e-01 9.595585e-01 9.638579e-01 9.647267e-01 9.696039e-01 9.731505e-01 9.808989e-01 9.823901e-01 9.909969e-01 9.945108e-01 9.978016e-01 1.006302e+00 1.021758e+00 1.022940e+00 1.043199e+00 1.051606e+00 1.079823e+00 1.094390e+00 
45 631 1.833500e-01 1.093447e+00 9.161972e-01 9.161972e-01 9.190151e-01 9.212752e-01 9.225490e-01 9.238265e-01 9.257897e-01 9.299743e-01 9.345684e-01 9.353082e-01 9.388170e-01 9.418825e-01 9.433936e-01 9.447136e-01 9.503771e-01 9.513665e-01 9.547571e-01 9.577096e-01 9.586615e-01 9.629872e-01 9.642885e-01 9.679775e-01 9.750218e-01 9.787444e-01 9.805359e-01 9.900195e-01 9.952247e-01 9.959319e-01 1.007364e+00 1.019953e+00 1.023000e+00 1.042508e+00 1.050090e+00 1.078876e+00 1.093447e+00 
46 645 1.749155e-01 1.092674e+00 9.147009e-01 9.147009e-01 9.176355e-01 9.193236e-01 9.212755e-01 9.224365e-01 9.235418e-01 9.280315e-01 9.346766e-01 9.366962e-01 9.396405e-01 9.414883e-01 9.418783e-01 9.433983e-01 9.486531e-01 9.503715e-01 9.530475e-01 9.563403e-01 9.590692e-01 9.614759e-01 9.624862e-01 9.683271e-01 9.767728e-01 9.778476e-01 9.798626e-01 9.926594e-01 9.934980e-01 9.962692e-01 1.007531e+00 1.020582e+00 1.023015e+00 1.042530e+00 1.049688e+00 1.077720e+00 1.092674e+00 
47 659 1.693621e-01 1.095170e+00 9.127218e-01 9.127218e-01 9.154954e-01 9.175755e-01 9.200163e-01 9.213333e-01 9.219464e-01 9.290495e-01 9.326098e-01 9.364569e-01 9.382289e-01 9.396515e-01 9.412735e-01 9.461640e-01 9.480998e-01 9.491517e-01 9.534197e-01 9.555402e-01 9.586356e-01 9.599165e-01 9.647135e-01 9.697488e-01 9.759794e-01 9.780946e-01 9.806570e-01 9.907251e-01 9.950717e-01 9.994941e-01 1.009239e+00 1.018567e+00 1.025490e+00 1.043432e+00 1.048299e+00 1.076540e+00 1.095170e+00 
48 673 1.641297e-01 1.095555e+00 9.104330e-01 9.104330e-01 9.131679e-01 9.178220e-01 9.181034e-01 9.200371e-01 9.205509e-01 9.275003e-01 9.316230e-01 9.358842e-01 9.372254e-01 9.385320e-01 9.399498e-01 9.456495e-01 9.475184e-01 9.494220e-01 9.530889e-01 9.547274e-01 9.570564e-01 9.590855e-01 9.673879e-01 9.712169e-01 9.749034e-01 9.773435e-01 9.852356e-01 9.894201e-01 9.996127e-01 1.001170e+00 1.008699e+00 1.018508e+00 1.023594e+00 1.042015e+00 1.048480e+00 1.077521e+00 1.095555e+00 
49 687 1.567582e-01 1.098267e+00 9.083055e-01 9.083055e-01 9.114385e-01 9.160917e-01 9.168632e-01 9.185136e-01 9.197330e-01 9.260993e-01 9.306821e-01 9.337207e-01 9.353247e-01 9.378091e-01 9.394058e-01 9.455565e-01 9.467010e-01 9.480837e-01 9.519286e-01 9.540269e-01 9.555512e-01 9.567630e-01 9.655609e-01 9.714595e-01 9.738012e-01 9.755487e-01 9.841138e-01 9.884719e-01 9.979947e-01 1.004287e+00 1.007883e+00 1.020513e+00 1.022996e+00 1.039472e+00 1.047853e+00 1.075770e+00 1.098267e+00 
50 701 1.531150e-01 1.102756e+00 9.062584e-01 9.062584e-01 9.109949e-01 9.149687e-01 9.160009e-01 9.167753e-01 9.194686e-01 9.243745e-01 9.287031e-01 9.325128e-01 9.332923e-01 9.355395e-01 9.382257e-01 9.438864e-01 9.444599e-01 9.465082e-01 9.516482e-01 9.529140e-01 9.542560e-01 9.556157e-01 9.643989e-01 9.704081e-01 9.765028e-01 9.768172e-01 9.852436e-01 9.892173e-01 1.001984e+00 1.005454e+00 1.011044e+00 1.021640e+00 1.024378e+00 1.037127e+00 1.048727e+00 1.074386e+00 1.102756e+00 
51 715 1.482836e-01 1.103700e+00 9.064151e-01 9.064151e-01 9.094234e-01 9.140349e-01 9.146339e-01 9.160847e-01 9.179646e-01 9.240630e-01 9.280066e-01 9.306881e-01 9.325260e-01 9.346369e-01 9.387391e-01 9.420301e-01 9.436498e-01 9.449389e-01 9.500076e-01 9.512001e-01 9.539512e-01 9.564556e-01 9.643302e-01 9.732099e-01 9.750229e-01 9.779359e-01 9.835471e-01 9.889688e-01 1.000319e+00 1.003717e+00 1.011413e+00 1.020913e+00 1.026040e+00 1.036814e+00 1.049835e+00 1.072242e+00 1.103700e+00 
52 729 2.004017e-01 1.102506e+00 9.063987e-01 9.063987e-01 9.078182e-01 9.119007e-01 9.132589e-01 9.155557e-01 9.177669e-01 9.233241e-01 9.276217e-01 9.290818e-01 9.308890e-01 9.356160e-01 9.384688e-01 9.407097e-01 9.431766e-01 9.438441e-01 9.488737e-01 9.510909e-01 9.555486e-01 9.580425e-01 9.639626e-01 9.723735e-01 9.761941e-01 9.764822e-01 9.853340e-01 9.870786e-01 9.989300e-01 1.003111e+00 1.011057e+00 1.020141e+00 1.028239e+00 1.035842e+00 1.049216e+00 1.072448e+00 1.102506e+00 
53 743 1.951123e-01 1.102252e+00 9.048851e-01 9.048851e-01 9.062108e-01 9.103332e-01 9.112191e-01 9.159536e-01 9.168418e-01 9.230584e-01 9.268539e-01 9.290209e-01 9.294705e-01 9.342397e-01 9.374156e-01 9.387729e-01 9.414474e-01 9.462531e-01 9.474243e-01 9.505348e-01 9.560347e-01 9.584714e-01 9.636394e-01 9.702089e-01 9.743011e-01 9.755386e-01 9.831615e-01 9.856534e-01 9.971508e-01 1.004328e+00 1.012320e+00 1.018012e+00 1.027607e+00 1.038803e+00 1.048589e+00 1.072394e+00 1.102252e+00 
54 757 1.893391e-01 1.099933e+00 9.044430e-01 9.044430e-01 9.061272e-01 9.082858e-01 9.102658e-01 9.136008e-01 9.149107e-01 9.223582e-01 9.248337e-01 9.272974e-01 9.292077e-01 9.329128e-01 9.363747e-01 9.369282e-01 9.410384e-01 9.448401e-01 9.461812e-01 9.493832e-01 9.557197e-01 9.583713e-01 9.651096e-01 9.721524e-01 9.731670e-01 9.759643e-01 9.825650e-01 9.850476e-01 9.969945e-01 1.002898e+00 1.010494e+00 1.016484e+00 1.029055e+00 1.038741e+00 1.047003e+00 1.074699e+00 1.099933e+00 
55 771 1.816737e-01 1.101198e+00 9.033965e-01 9.033965e-01 9.038927e-01 9.072682e-01 9.089635e-01 9.121847e-01 9.145041e-01 9.208142e-01 9.252082e-01 9.263522e-01 9.282848e-01 9.319293e-01 9.341113e-01 9.364925e-01 9.394877e-01 9.432295e-01 9.458389e-01 9.487435e-01 9.540163e-01 9.577023e-01 9.661094e-01 9.712761e-01 9.743083e-01 9.761030e-01 9.819822e-01 9.838115e-01 9.996295e-01 1.002329e+00 1.009398e+00 1.015270e+00 1.028193e+00 1.036583e+00 1.048222e+00 1.075224e+00 1.101198e+00 
56 785 1.732263e-01 1.101249e+00 9.017282e-01 9.017282e-01 9.040456e-01 9.056939e-01 9.080961e-01 9.106604e-01 9.124274e-01 9.191155e-01 9.239686e-01 9.254079e-01 9.268103e-01 9.315315e-01 9.333462e-01 9.347062e-01 9.386695e-01 9.421376e-01 9.447879e-01 9.469956e-01 9.524786e-01 9.557388e-01 9.644915e-01 9.695665e-01 9.743110e-01 9.755318e-01 9.815608e-01 9.894838e-01 9.974646e-01 1.000965e+00 1.009330e+00 1.013039e+00 1.028843e+00 1.036049e+00 1.046440e+00 1.074764e+00 1.101249e+00 
57 799 1.649404e-01 1.101311e+00 9.000202e-01 9.000202e-01 9.028872e-01 9.047615e-01 9.067265e-01 9.099138e-01 9.133521e-01 9.188218e-01 9.220088e-01 9.246069e-01 9.257406e-01 9.311872e-01 9.323262e-01 9.346374e-01 9.376812e-01 9.398327e-01 9.436404e-01 9.479273e-01 9.509254e-01 9.550152e-01 9.642112e-01 9.699990e-01 9.734519e-01 9.756631e-01 9.812789e-01 9.878257e-01 9.965431e-01 9.993092e-01 1.007930e+00 1.011989e+00 1.027898e+00 1.035412e+00 1.046062e+00 1.076067e+00 1.101311e+00 
58 813 2.197543e-01 1.099048e+00 8.980832e-01 8.980832e-01 9.020823e-01 9.040260e-01 9.063594e-01 9.078513e-01 9.117785e-01 9.180422e-01 9.200921e-01 9.230029e-01 9.236760e-01 9.297799e-01 9.308477e-01 9.341679e-01 9.363231e-01 9.383551e-01 9.422708e-01 9.479547e-01 9.491989e-01 9.531801e-01 9.627058e-01 9.686616e-01 9.730437e-01 9.759442e-01 9.828595e-01 9.856648e-01 9.947912e-01 9.984218e-01 1.005490e+00 1.012001e+00 1.027704e+00 1.034251e+00 1.046942e+00 1.079133e+00 1.099048e+00 
59 827 2.113271e-01 1.098239e+00 8.973473e-01 8.973473e-01 9.020431e-01 9.024559e-01 9.042681e-01 9.056632e-01 9.100501e-01 9.166301e-01 9.191766e-01 9.215639e-01 9.249810e-01 9.285164e-01 9.303759e-01 9.323671e-01 9.374800e-01 9.384844e-01 9.411614e-01 9.459618e-01 9.484651e-01 9.519263e-01 9.620485e-01 9.666422e-01 9.745261e-01 9.778098e-01 9.832007e-01 9.864559e-01 9.927919e-01 9.966980e-01 1.004398e+00 1.013962e+00 1.026978e+00 1.033819e+00 1.046264e+00 1.080217e+00 1.098239e+00 
60 841 2.060291e-01 1.096566e+00 8.982162e-01 8.982162e-01 9.002902e-01 9.021028e-01 9.029104e-01 9.044600e-01 9.088251e-01 9.160496e-01 9.175953e-01 9.202552e-01 9.233858e-01 9.272824e-01 9.304555e-01 9.319375e-01 9.357118e-01 9.374137e-01 9.392828e-01 9.469717e-01 9.491779e-01 9.504324e-01 9.599390e-01 9.647296e-01 9.739494e-01 9.781000e-01 9.818221e-01 9.860293e-01 9.913061e-01 9.946202e-01 1.003435e+00 1.014335e+00 1.025343e+00 1.031629e+00 1.046743e+00 1.082265e+00 1.096566e+00 
61 855 2.017997e-01 1.095539e+00 8.976687e-01 8.976687e-01 8.990967e-01 9.002677e-01 9.017540e-01 9.031643e-01 9.070811e-01 9.143563e-01 9.161659e-01 9.188448e-01 9.248329e-01 9.260316e-01 9.288012e-01 9.329023e-01 9.336741e-01 9.381525e-01 9.399015e-01 9.466745e-01 9.485816e-01 9.497659e-01 9.579937e-01 9.641780e-01 9.730209e-01 9.795346e-01 9.798261e-01 9.853262e-01 9.891805e-01 9.951932e-01 1.002145e+00 1.014592e+00 1.023974e+00 1.030279e+00 1.045780e+00 1.084831e+00 1.095539e+00 
62 869 1.969371e-01 1.095820e+00 8.965355e-01 8.965355e-01 8.971973e-01 8.984116e-01 8.998851e-01 9.027047e-01 9.060259e-01 9.137918e-01 9.143501e-01 9.174219e-01 9.225077e-01 9.253082e-01 9.279529e-01 9.310167e-01 9.313712e-01 9.375176e-01 9.405935e-01 9.449624e-01 9.466963e-01 9.485713e-01 9.571825e-01 9.661523e-01 9.721042e-01 9.781201e-01 9.814327e-01 9.857432e-01 9.878451e-01 9.953128e-01 1.000515e+00 1.015102e+00 1.022529e+00 1.030749e+00 1.044194e+00 1.092832e+00 1.095820e+00 
63 883 1.908279e-01 1.100531e+00 8.949207e-01 8.949207e-01 8.959816e-01 8.978904e-01 8.986919e-01 9.009521e-01 9.049187e-01 9.125723e-01 9.143958e-01 9.157636e-01 9.218896e-01 9.260068e-01 9.277432e-01 9.305018e-01 9.350543e-01 9.380469e-01 9.395529e-01 9.430926e-01 9.471034e-01 9.497226e-01 9.561666e-01 9.646555e-01 9.714368e-01 9.784659e-01 9.797646e-01 9.848358e-01 9.876041e-01 9.936648e-01 1.000648e+00 1.014448e+00 1.023498e+00 1.030080e+00 1.045211e+00 1.092227e+00 1.100531e+00 
64 897 1.877216e-01 1.103587e+00 8.938736e-01 8.938736e-01 8.944247e-01 8.965951e-01 8.978999e-01 9.018099e-01 9.056221e-01 9.111474e-01 9.137370e-01 9.159067e-01 9.198668e-01 9.238554e-01 9.259843e-01 9.315084e-01 9.336767e-01 9.366652e-01 9.389071e-01 9.432363e-01 9.454134e-01 9.486557e-01 9.546067e-01 9.634244e-01 9.703973e-01 9.763014e-01 9.786727e-01 9.831622e-01 9.861898e-01 9.956368e-01 1.001273e+00 1.020336e+00 1.023830e+00 1.031189e+00 1.043312e+00 1.091325e+00 1.103587e+00 
65 911 1.854393e-01 1.104592e+00 8.920257e-01 8.920257e-01 8.924095e-01 8.952208e-01 8.974300e-01 9.007296e-01 9.054360e-01 9.099331e-01 9.121448e-01 9.137441e-01 9.185876e-01 9.236398e-01 9.276490e-01 9.294233e-01 9.321058e-01 9.352904e-01 9.373760e-01 9.431533e-01 9.450348e-01 9.489459e-01 9.571022e-01 9.626730e-01 9.702252e-01 9.752500e-01 9.777736e-01 9.839001e-01 9.878154e-01 9.989630e-01 1.001079e+00 1.019341e+00 1.021522e+00 1.034033e+00 1.041868e+00 1.090577e+00 1.104592e+00 
66 925 1.832560e-01 1.106129e+00 8.901632e-01 8.901632e-01 8.911515e-01 8.935231e-01 8.985388e-01 9.009544e-01 9.072590e-01 9.083740e-01 9.103865e-01 9.119183e-01 9.170767e-01 9.230441e-01 9.257125e-01 9.295575e-01 9.331261e-01 9.362622e-01 9.370315e-01 9.441152e-01 9.464921e-01 9.483506e-01 9.571861e-01 9.642381e-01 9.696589e-01 9.739944e-01 9.752605e-01 9.840340e-01 9.868268e-01 9.989400e-01 1.001756e+00 1.020025e+00 1.021360e+00 1.035944e+00 1.040768e+00 1.090021e+00 1.106129e+00 
67 939 1.799709e-01 1.106998e+00 8.886870e-01 8.886870e-01 8.893420e-01 8.916516e-01 8.971699e-01 9.012720e-01 9.058800e-01 9.075655e-01 9.095572e-01 9.099988e-01 9.164841e-01 9.212320e-01 9.254673e-01 9.298424e-01 9.331547e-01 9.352905e-01 9.412202e-01 9.425704e-01 9.457256e-01 9.493135e-01 9.558873e-01 9.626055e-01 9.689733e-01 9.735213e-01 9.739467e-01 9.854892e-01 9.892408e-01 9.968289e-01 1.002821e+00 1.019078e+00 1.019892e+00 1.038627e+00 1.042081e+00 1.088394e+00 1.106998e+00 
68 953 1.768764e-01 1.111467e+00 8.876128e-01 8.876128e-01 8.886749e-01 8.902055e-01 8.972805e-01 8.998892e-01 9.051239e-01 9.064754e-01 9.081344e-01 9.101545e-01 9.146131e-01 9.192942e-01 9.255622e-01 9.279390e-01 9.312034e-01 9.341609e-01 9.393414e-01 9.426974e-01 9.447052e-01 9.522440e-01 9.550377e-01 9.619031e-01 9.698014e-01 9.714774e-01 9.741041e-01 9.844255e-01 9.897867e-01 9.965093e-01 1.003104e+00 1.017814e+00 1.020020e+00 1.037769e+00 1.041925e+00 1.087252e+00 1.111467e+00 
69 967 1.738013e-01 1.113055e+00 8.860969e-01 8.860969e-01 8.879204e-01 8.901760e-01 8.957577e-01 8.983083e-01 9.034864e-01 9.054298e-01 9.080274e-01 9.087713e-01 9.125601e-01 9.195873e-01 9.240264e-01 9.270962e-01 9.291559e-01 9.324373e-01 9.388273e-01 9.425610e-01 9.437999e-01 9.533281e-01 9.534866e-01 9.604953e-01 9.679759e-01 9.708314e-01 9.787185e-01 9.852411e-01 9.928646e-01 9.954998e-01 1.006834e+00 1.017552e+00 1.027306e+00 1.036663e+00 1.043931e+00 1.085024e+00 1.113055e+00 
70 981 1.693770e-01 1.113387e+00 8.854153e-01 8.854153e-01 8.859532e-01 8.885466e-01 8.953402e-01 8.966631e-01 9.019617e-01 9.035103e-01 9.079359e-01 9.102647e-01 9.108080e-01 9.180338e-01 9.229479e-01 9.253464e-01 9.290977e-01 9.315061e-01 9.398160e-01 9.412026e-01 9.432992e-01 9.521878e-01 9.552952e-01 9.608673e-01 9.694588e-01 9.730800e-01 9.790297e-01 9.848531e-01 9.909126e-01 9.945063e-01 1.012384e+00 1.016003e+00 1.030147e+00 1.034758e+00 1.042788e+00 1.083218e+00 1.113387e+00 
71 995 1.641465e-01 1.112092e+00 8.841749e-01 8.841749e-01 8.852723e-01 8.882230e-01 8.944750e-01 8.959155e-01 9.013959e-01 9.017976e-01 9.067048e-01 9.087368e-01 9.104837e-01 9.174902e-01 9.216058e-01 9.254916e-01 9.281618e-01 9.303400e-01 9.391397e-01 9.412305e-01 9.421711e-01 9.505013e-01 9.542242e-01 9.590725e-01 9.678844e-01 9.721129e-01 9.774893e-01 9.840021e-01 9.905664e-01 9.952909e-01 1.011447e+00 1.016144e+00 1.032353e+00 1.034795e+00 1.041298e+00 1.082871e+00 1.112092e+00 
72 1009 1.551586e-01 1.112358e+00 8.825350e-01 8.825350e-01 8.836055e-01 8.866418e-01 8.932859e-01 8.936808e-01 8.991050e-01 8.995831e-01 9.047975e-01 9.087360e-01 9.099548e-01 9.155243e-01 9.198812e-01 9.253212e-01 9.270294e-01 9.311924e-01 9.398356e-01 9.406467e-01 9.420094e-01 9.507947e-01 9.526085e-01 9.568314e-01 9.660531e-01 9.704734e-01 9.751487e-01 9.840039e-01 9.890155e-01 9.944228e-01 1.010515e+00 1.015084e+00 1.031529e+00 1.035396e+00 1.040804e+00 1.082387e+00 1.112358e+00 
73 1023 2.133980e-01 1.118289e+00 8.808330e-01 8.808330e-01 8.822673e-01 8.846323e-01 8.915252e-01 8.919588e-01 8.971252e-01 8.982179e-01 9.029837e-01 9.077456e-01 9.111000e-01 9.135802e-01 9.183383e-01 9.239395e-01 9.260857e-01 9.294120e-01 9.379905e-01 9.394662e-01 9.413958e-01 9.490297e-01 9.520829e-01 9.555237e-01 9.640081e-01 9.724548e-01 9.763974e-01 9.834841e-01 9.907798e-01 9.938304e-01 1.010169e+00 1.013684e+00 1.031613e+00 1.035152e+00 1.043318e+00 1.090493e+00 1.118289e+00 
74 1037 2.094786e-01 1.119441e+00 8.786661e-01 8.786661e-01 8.799818e-01 8.829405e-01 8.895822e-01 8.929623e-01 8.956597e-01 8.980945e-01 9.012922e-01 9.069880e-01 9.100315e-01 9.149733e-01 9.165400e-01 9.219197e-01 9.250588e-01 9.300622e-01 9.363682e-01 9.379749e-01 9.409086e-01 9.474710e-01 9.535841e-01 9.578060e-01 9.618388e-01 9.719432e-01 9.754949e-01 9.835601e-01 9.906649e-01 9.936987e-01 1.010264e+00 1.014935e+00 1.030975e+00 1.034534e+00 1.041843e+00 1.091458e+00 1.119441e+00 
75 1051 2.067344e-01 1.121756e+00 8.775292e-01 8.775292e-01 8.791858e-01 8.828856e-01 8.900461e-01 8.913987e-01 8.937752e-01 8.974851e-01 8.995875e-01 9.050748e-01 9.112342e-01 9.132581e-01 9.156195e-01 9.207956e-01 9.271029e-01 9.282352e-01 9.345132e-01 9.364324e-01 9.401333e-01 9.459378e-01 9.528078e-01 9.560050e-01 9.608718e-01 9.713910e-01 9.735658e-01 9.821238e-01 9.893000e-01 9.919990e-01 1.009132e+00 1.016405e+00 1.029382e+00 1.033357e+00 1.040364e+00 1.092728e+00 1.121756e+00 
76 1065 2.027392e-01 1.124330e+00 8.767733e-01 8.767733e-01 8.770155e-01 8.810424e-01 8.889026e-01 8.901637e-01 8.928076e-01 8.965760e-01 8.982034e-01 9.032059e-01 9.109617e-01 9.137565e-01 9.149057e-01 9.185983e-01 9.253400e-01 9.277944e-01 9.330092e-01 9.380691e-01 9.442082e-01 9.451816e-01 9.510225e-01 9.543352e-01 9.634702e-01 9.692890e-01 9.735143e-01 9.809318e-01 9.869137e-01 9.901540e-01 1.008013e+00 1.016374e+00 1.028061e+00 1.033284e+00 1.038947e+00 1.093251e+00 1.124330e+00 
77 1079 1.985065e-01 1.125238e+00 8.748174e-01 8.748174e-01 8.773703e-01 8.811611e-01 8.876479e-01 8.888430e-01 8.920722e-01 8.942456e-01 8.966452e-01 9.032168e-01 9.088165e-01 9.119749e-01 9.135393e-01 9.184471e-01 9.250069e-01 9.286974e-01 9.348715e-01 9.359773e-01 9.423321e-01 9.451754e-01 9.495243e-01 9.531755e-01 9.648374e-01 9.680448e-01 9.774677e-01 9.798796e-01 9.896576e-01 9.903378e-01 1.006341e+00 1.015016e+00 1.028737e+00 1.036946e+00 1.038582e+00 1.095306e+00 1.125238e+00 
78 1093 1.918573e-01 1.127671e+00 8.742905e-01 8.742905e-01 8.758175e-01 8.805544e-01 8.856491e-01 8.880819e-01 8.918101e-01 8.922734e-01 8.969748e-01 9.034312e-01 9.068677e-01 9.111544e-01 9.130326e-01 9.175598e-01 9.231424e-01 9.276844e-01 9.335213e-01 9.392869e-01 9.430655e-01 9.456418e-01 9.477111e-01 9.542872e-01 9.632480e-01 9.670076e-01 9.757541e-01 9.812936e-01 9.884740e-01 9.905199e-01 1.008335e+00 1.014583e+00 1.027008e+00 1.035320e+00 1.041085e+00 1.093561e+00 1.127671e+00 
79 1107 1.832741e-01 1.129090e+00 8.732407e-01 8.732407e-01 8.741529e-01 8.800401e-01 8.846319e-01 8.871345e-01 8.918776e-01 8.930486e-01 8.956268e-01 9.025735e-01 9.065591e-01 9.093749e-01 9.111868e-01 9.180999e-01 9.214446e-01 9.260062e-01 9.323483e-01 9.378048e-01 9.421735e-01 9.436503e-01 9.458974e-01 9.584503e-01 9.620360e-01 9.657764e-01 9.745604e-01 9.809374e-01 9.865331e-01 9.884230e-01 1.009700e+00 1.012909e+00 1.026620e+00 1.033460e+00 1.039651e+00 1.092309e+00 1.129090e+00 
80 1121 1.802751e-01 1.133617e+00 8.725564e-01 8.725564e-01 8.749232e-01 8.789938e-01 8.830751e-01 8.863210e-01 8.904151e-01 8.916129e-01 8.936475e-01 9.006086e-01 9.048736e-01 9.080820e-01 9.103389e-01 9.179708e-01 9.202182e-01 9.271300e-01 9.316250e-01 9.364245e-01 9.418511e-01 9.431330e-01 9.462705e-01 9.598743e-01 9.607763e-01 9.652374e-01 9.772736e-01 9.819469e-01 9.851295e-01 9.882980e-01 1.008286e+00 1.018033e+00 1.026675e+00 1.033183e+00 1.039278e+00 1.091582e+00 1.133617e+00 
81 1135 1.786463e-01 1.134461e+00 8.719196e-01 8.719196e-01 8.738654e-01 8.779329e-01 8.817484e-01 8.856923e-01 8.890840e-01 8.903159e-01 8.930278e-01 8.994363e-01 9.041634e-01 9.057792e-01 9.103917e-01 9.164228e-01 9.190152e-01 9.265460e-01 9.320629e-01 9.347624e-01 9.421813e-01 9.434799e-01 9.453339e-01 9.592563e-01 9.622136e-01 9.649186e-01 9.755574e-01 9.833567e-01 9.886932e-01 9.939407e-01 1.006597e+00 1.016103e+00 1.027137e+00 1.031353e+00 1.038584e+00 1.093546e+00 1.134461e+00 
82 1149 1.733611e-01 1.133482e+00 8.701207e-01 8.701207e-01 8.737020e-01 8.770588e-01 8.808957e-01 8.838609e-01 8.882699e-01 8.891000e-01 8.915259e-01 8.980130e-01 9.028872e-01 9.041366e-01 9.103175e-01 9.168829e-01 9.184730e-01 9.263701e-01 9.309609e-01 9.335064e-01 9.410494e-01 9.413591e-01 9.439038e-01 9.573382e-01 9.618616e-01 9.653937e-01 9.748208e-01 9.833674e-01 9.904775e-01 9.927874e-01 1.006684e+00 1.015230e+00 1.028726e+00 1.030181e+00 1.038548e+00 1.093751e+00 1.133482e+00 
83 1163 1.646105e-01 1.132374e+00 8.686581e-01 8.686581e-01 8.723457e-01 8.786526e-01 8.816202e-01 8.831817e-01 8.866636e-01 8.885782e-01 8.898438e-01 8.964399e-01 9.022424e-01 9.031175e-01 9.086113e-01 9.165480e-01 9.172956e-01 9.249615e-01 9.301393e-01 9.327607e-01 9.389496e-01 9.391778e-01 9.425223e-01 9.551474e-01 9.609786e-01 9.648077e-01 9.756259e-01 9.833088e-01 9.897737e-01 9.904955e-01 1.004268e+00 1.015981e+00 1.027408e+00 1.031736e+00 1.037089e+00 1.092981e+00 1.132374e+00 
84 1177 1.579526e-01 1.135457e+00 8.669609e-01 8.669609e-01 8.703494e-01 8.776994e-01 8.814691e-01 8.822119e-01 8.853325e-01 8.883301e-01 8.915730e-01 8.954718e-01 9.006346e-01 9.015750e-01 9.082004e-01 9.155164e-01 9.171310e-01 9.256009e-01 9.295465e-01 9.312293e-01 9.376870e-01 9.393853e-01 9.458757e-01 9.538187e-01 9.601073e-01 9.641782e-01 9.746276e-01 9.819021e-01 9.883677e-01 9.923160e-01 1.004518e+00 1.013779e+00 1.026039e+00 1.029743e+00 1.039073e+00 1.093200e+00 1.135457e+00 
85 1191 2.151255e-01 1.136156e+00 8.650389e-01 8.650389e-01 8.687624e-01 8.765487e-01 8.796310e-01 8.809731e-01 8.844343e-01 8.865272e-01 8.906150e-01 8.958628e-01 8.990814e-01 9.019262e-01 9.128075e-01 9.143275e-01 9.156449e-01 9.254872e-01 9.276382e-01 9.318345e-01 9.365310e-01 9.382654e-01 9.450845e-01 9.539018e-01 9.599017e-01 9.631079e-01 9.742384e-01 9.843458e-01 9.884607e-01 9.933745e-01 1.003466e+00 1.015667e+00 1.024745e+00 1.031984e+00 1.038651e+00 1.091308e+00 1.136156e+00 
86 1205 2.116108e-01 1.136269e+00 8.648038e-01 8.648038e-01 8.668324e-01 8.749017e-01 8.793578e-01 8.807482e-01 8.835711e-01 8.853992e-01 8.891053e-01 8.953931e-01 8.982923e-01 8.998117e-01 9.111755e-01 9.134605e-01 9.155429e-01 9.257734e-01 9.264100e-01 9.330504e-01 9.351173e-01 9.366541e-01 9.450181e-01 9.517143e-01 9.575130e-01 9.630827e-01 9.742976e-01 9.835131e-01 9.879437e-01 9.946150e-01 1.006104e+00 1.016967e+00 1.022789e+00 1.033816e+00 1.038644e+00 1.089744e+00 1.136269e+00 
87 1219 2.081315e-01 1.138805e+00 8.633514e-01 8.633514e-01 8.656407e-01 8.767114e-01 8.782742e-01 8.790403e-01 8.831137e-01 8.852175e-01 8.880088e-01 8.957890e-01 8.971470e-01 8.984644e-01 9.105500e-01 9.120116e-01 9.140894e-01 9.239017e-01 9.243667e-01 9.321938e-01 9.348830e-01 9.372771e-01 9.471135e-01 9.497022e-01 9.574973e-01 9.652328e-01 9.748187e-01 9.816647e-01 9.885994e-01 9.969827e-01 1.007640e+00 1.015521e+00 1.020614e+00 1.033823e+00 1.038901e+00 1.087947e+00 1.138805e+00 
88 1233 2.032759e-01 1.137700e+00 8.614079e-01 8.614079e-01 8.636520e-01 8.750752e-01 8.765828e-01 8.789593e-01 8.812629e-01 8.838969e-01 8.872710e-01 8.948611e-01 8.965338e-01 8.966724e-01 9.086280e-01 9.115342e-01 9.129112e-01 9.221059e-01 9.276298e-01 9.313123e-01 9.336233e-01 9.367280e-01 9.463109e-01 9.497307e-01 9.588600e-01 9.641206e-01 9.730725e-01 9.829313e-01 9.867654e-01 9.969652e-01 1.010810e+00 1.014019e+00 1.019886e+00 1.033526e+00 1.037732e+00 1.086426e+00 1.137700e+00 
89 1247 1.976264e-01 1.138900e+00 8.600229e-01 8.600229e-01 8.626561e-01 8.735686e-01 8.753832e-01 8.783252e-01 8.810957e-01 8.822402e-01 8.857306e-01 8.944232e-01 8.961917e-01 8.966829e-01 9.070864e-01 9.110931e-01 9.150322e-01 9.217257e-01 9.266959e-01 9.305248e-01 9.339203e-01 9.359166e-01 9.454000e-01 9.493377e-01 9.576509e-01 9.631386e-01 9.714112e-01 9.828138e-01 9.861344e-01 9.967809e-01 1.012388e+00 1.014838e+00 1.019881e+00 1.034672e+00 1.037832e+00 1.084244e+00 1.138900e+00 
90 1261 1.885250e-01 1.136923e+00 8.589446e-01 8.589446e-01 8.612689e-01 8.715318e-01 8.740447e-01 8.763228e-01 8.801209e-01 8.819511e-01 8.844660e-01 8.936921e-01 8.943633e-01 8.966886e-01 9.072112e-01 9.118192e-01 9.134832e-01 9.210528e-01 9.267420e-01 9.290875e-01 9.336516e-01 9.378832e-01 9.434154e-01 9.475317e-01 9.569695e-01 9.619802e-01 9.724383e-01 9.816027e-01 9.865641e-01 9.958386e-01 1.011764e+00 1.013591e+00 1.019469e+00 1.035479e+00 1.037468e+00 1.084048e+00 1.136923e+00 
91 1275 1.820931e-01 1.143047e+00 8.574501e-01 8.574501e-01 8.612671e-01 8.695044e-01 8.728228e-01 8.773435e-01 8.803309e-01 8.821270e-01 8.827489e-01 8.928682e-01 8.930221e-01 8.984999e-01 9.055601e-01 9.118566e-01 9.139665e-01 9.213681e-01 9.250857e-01 9.281552e-01 9.336598e-01 9.378767e-01 9.420139e-01 9.462928e-01 9.547382e-01 9.612026e-01 9.713453e-01 9.794510e-01 9.854026e-01 9.940797e-01 1.012096e+00 1.017130e+00 1.019663e+00 1.035000e+00 1.039735e+00 1.082585e+00 1.143047e+00 
92 1289 1.769687e-01 1.143750e+00 8.556508e-01 8.556508e-01 8.613689e-01 8.680743e-01 8.726472e-01 8.766927e-01 8.786108e-01 8.810058e-01 8.873120e-01 8.906279e-01 8.917551e-01 8.966765e-01 9.057239e-01 9.115394e-01 9.136537e-01 9.204827e-01 9.241448e-01 9.297916e-01 9.347457e-01 9.391824e-01 9.399084e-01 9.473008e-01 9.537661e-01 9.611121e-01 9.722495e-01 9.771499e-01 9.837097e-01 9.939343e-01 1.010753e+00 1.016440e+00 1.018117e+00 1.033296e+00 1.040569e+00 1.085567e+00 1.143750e+00 
93 1303 2.356404e-01 1.143148e+00 8.543442e-01 8.543442e-01 8.597403e-01 8.662816e-01 8.714103e-01 8.753005e-01 8.792310e-01 8.806269e-01 8.864781e-01 8.893265e-01 8.929071e-01 8.977345e-01 9.043566e-01 9.099488e-01 9.152356e-01 9.190790e-01 9.229629e-01 9.273669e-01 9.329600e-01 9.376484e-01 9.403438e-01 9.471261e-01 9.530715e-01 9.594012e-01 9.705549e-01 9.781968e-01 9.819097e-01 9.931344e-01 1.009321e+00 1.015774e+00 1.018215e+00 1.032934e+00 1.038780e+00 1.084641e+00 1.143148e+00 
94 1317 2.251338e-01 1.143622e+00 8.527438e-01 8.527438e-01 8.579578e-01 8.659619e-01 8.698641e-01 8.748978e-01 8.778192e-01 8.803291e-01 8.844640e-01 8.893777e-01 8.914465e-01 8.969355e-01 9.036656e-01 9.078728e-01 9.151293e-01 9.179183e-01 9.213882e-01 9.272310e-01 9.316839e-01 9.370832e-01 9.387370e-01 9.460382e-01 9.507584e-01 9.583972e-01 9.691729e-01 9.759655e-01 9.800859e-01 9.928904e-01 1.007732e+00 1.014847e+00 1.016122e+00 1.033470e+00 1.037580e+00 1.083032e+00 1.143622e+00 
95 1331 2.191863e-01 1.147693e+00 8.515622e-01 8.515622e-01 8.559632e-01 8.641699e-01 8.680654e-01 8.729021e-01 8.764721e-01 8.803022e-01 8.823976e-01 8.872937e-01 8.950041e-01 8.968709e-01 9.018798e-01 9.066195e-01 9.142263e-01 9.164740e-01 9.199288e-01 9.292341e-01 9.297634e-01 9.358425e-01 9.395385e-01 9.451437e-01 9.491520e-01 9.591423e-01 9.673032e-01 9.770072e-01 9.798267e-01 9.913033e-01 1.005933e+00 1.013586e+00 1.016380e+00 1.032243e+00 1.036395e+00 1.083388e+00 1.147693e+00 
96 1345 2.132219e-01 1.148491e+00 8.501124e-01 8.501124e-01 8.547506e-01 8.630059e-01 8.667560e-01 8.713665e-01 8.764135e-01 8.792625e-01 8.814363e-01 8.861441e-01 8.941502e-01 8.969885e-01 9.019809e-01 9.052573e-01 9.130741e-01 9.167588e-01 9.186248e-01 9.271916e-01 9.284120e-01 9.358345e-01 9.372655e-01 9.436572e-01 9.471628e-01 9.589817e-01 9.667965e-01 9.757672e-01 9.798328e-01 9.984440e-01 1.003944e+00 1.013498e+00 1.018218e+00 1.031952e+00 1.035736e+00 1.081977e+00 1.148491e+00 
97 1359 2.059043e-01 1.149523e+00 8.485067e-01 8.485067e-01 8.527437e-01 8.615345e-01 8.675045e-01 8.696370e-01 8.752595e-01 8.780710e-01 8.801783e-01 8.846618e-01 8.932448e-01 8.959544e-01 9.020547e-01 9.034560e-01 9.122917e-01 9.167964e-01 9.212661e-01 9.264968e-01 9.284760e-01 9.343751e-01 9.390281e-01 9.437469e-01 9.462312e-01 9.577084e-01 9.656861e-01 9.747454e-01 9.784598e-01 9.980040e-01 1.001937e+00 1.015960e+00 1.021345e+00 1.031960e+00 1.036275e+00 1.080991e+00 1.149523e+00 
98 1373 1.982020e-01 1.150303e+00 8.466274e-01 8.466274e-01 8.514424e-01 8.606396e-01 8.661948e-01 8.701520e-01 8.729721e-01 8.766794e-01 8.785465e-01 8.844812e-01 8.918342e-01 8.940124e-01 9.003481e-01 9.017029e-01 9.115156e-01 9.149833e-01 9.195555e-01 9.268248e-01 9.287600e-01 9.331600e-01 9.416646e-01 9.419612e-01 9.456936e-01 9.574257e-01 9.644179e-01 9.742478e-01 9.766175e-01 9.972296e-01 1.000949e+00 1.015096e+00 1.020699e+00 1.030921e+00 1.035606e+00 1.079774e+00 1.150303e+00 
99 1387 1.925186e-01 1.148132e+00 8.454273e-01 8.454273e-01 8.506522e-01 8.595915e-01 8.642626e-01 8.706909e-01 8.713576e-01 8.758937e-01 8.782177e-01 8.831588e-01 8.916909e-01 8.921517e-01 8.995239e-01 9.016745e-01 9.097565e-01 9.133636e-01 9.205052e-01 9.248627e-01 9.284283e-01 9.316368e-01 9.407128e-01 9.423643e-01 9.458110e-01 9.609979e-01 9.620659e-01 9.747230e-01 9.768403e-01 9.962940e-01 9.995836e-01 1.013451e+00 1.019951e+00 1.030824e+00 1.034866e+00 1.078115e+00 1.148132e+00 
100 1401 1.868434e-01 1.145286e+00 8.444139e-01 8.444139e-01 8.494893e-01 8.580824e-01 8.629558e-01 8.692020e-01 8.709452e-01 8.755299e-01 8.765649e-01 8.813466e-01 8.898882e-01 8.919424e-01 8.976321e-01 9.003398e-01 9.104066e-01 9.115888e-01 9.207083e-01 9.235066e-01 9.296456e-01 9.310177e-01 9.411200e-01 9.436111e-01 9.454826e-01 9.605354e-01 9.624224e-01 9.726618e-01 9.763985e-01 9.962090e-01 9.995367e-01 1.012435e+00 1.022563e+00 1.028603e+00 1.034020e+00 1.077117e+00 1.145286e+00 
101 1415 1.812072e-01 1.142965e+00 8.433302e-01 8.433302e-01 8.486872e-01 8.571297e-01 8.625550e-01 8.686601e-01 8.692789e-01 8.739329e-01 8.749183e-01 8.799106e-01 8.884355e-01 8.907449e-01 8.957805e-01 9.013529e-01 9.084555e-01 9.108097e-01 9.205844e-01 9.238717e-01 9.284004e-01 9.310517e-01 9.402354e-01 9.436093e-01 9.460275e-01 9.588411e-01 9.642597e-01 9.730986e-01 9.766491e-01 9.939637e-01 9.976274e-01 1.010777e+00 1.021606e+00 1.027299e+00 1.041389e+00 1.075868e+00 1.142965e+00 
102 1429 1.759269e-01 1.141674e+00 8.415825e-01 8.415825e-01 8.468225e-01 8.558729e-01 8.612367e-01 8.671452e-01 8.681353e-01 8.723379e-01 8.732218e-01 8.782602e-01 8.882776e-01 8.897906e-01 8.975365e-01 8.995559e-01 9.077969e-01 9.087943e-01 9.208133e-01 9.230172e-01 9.267621e-01 9.300413e-01 9.428077e-01 9.454897e-01 9.478200e-01 9.573194e-01 9.643642e-01 9.718177e-01 9.748935e-01 9.921560e-01 9.963779e-01 1.008688e+00 1.019658e+00 1.030221e+00 1.044224e+00 1.077367e+00 1.141674e+00 
103 1443 1.703014e-01 1.142450e+00 8.397011e-01 8.397011e-01 8.460838e-01 8.547731e-01 8.599758e-01 8.658104e-01 8.674090e-01 8.725547e-01 8.751401e-01 8.789224e-01 8.882759e-01 8.894013e-01 8.961399e-01 8.983277e-01 9.063425e-01 9.080017e-01 9.188550e-01 9.232456e-01 9.255231e-01 9.300052e-01 9.409012e-01 9.435984e-01 9.490875e-01 9.557729e-01 9.656951e-01 9.738351e-01 9.749681e-01 9.927308e-01 9.975726e-01 1.006466e+00 1.017980e+00 1.033728e+00 1.045323e+00 1.077025e+00 1.142450e+00 
104 1457 1.604311e-01 1.144397e+00 8.383181e-01 8.383181e-01 8.449457e-01 8.560054e-01 8.583677e-01 8.640635e-01 8.666057e-01 8.713396e-01 8.729654e-01 8.780056e-01 8.876974e-01 8.895725e-01 8.944972e-01 8.967468e-01 9.045460e-01 9.075938e-01 9.173684e-01 9.211737e-01 9.276960e-01 9.282743e-01 9.390618e-01 9.420915e-01 9.482212e-01 9.541499e-01 9.643542e-01 9.726301e-01 9.745951e-01 9.913902e-01 9.988038e-01 1.006901e+00 1.017010e+00 1.033120e+00 1.045307e+00 1.075775e+00 1.144397e+00 
105 1471 1.565443e-01 1.141763e+00 8.387363e-01 8.387363e-01 8.441837e-01 8.557423e-01 8.565233e-01 8.626291e-01 8.672272e-01 8.700397e-01 8.713418e-01 8.782979e-01 8.861775e-01 8.896019e-01 8.922016e-01 8.954720e-01 9.040219e-01 9.055119e-01 9.158079e-01 9.193803e-01 9.269273e-01 9.332136e-01 9.376260e-01 9.415749e-01 9.502230e-01 9.535710e-01 9.658819e-01 9.719877e-01 9.732418e-01 9.957087e-01 1.000824e+00 1.005136e+00 1.016963e+00 1.032114e+00 1.044748e+00 1.074635e+00 1.141763e+00 
106 1485 1.518653e-01 1.139283e+00 8.373950e-01 8.373950e-01 8.427122e-01 8.540837e-01 8.565346e-01 8.618566e-01 8.668971e-01 8.686460e-01 8.699386e-01 8.779788e-01 8.841505e-01 8.883408e-01 8.901218e-01 8.946647e-01 9.021312e-01 9.054989e-01 9.163918e-01 9.174483e-01 9.257178e-01 9.346087e-01 9.365380e-01 9.424672e-01 9.502670e-01 9.518396e-01 9.654651e-01 9.715907e-01 9.723401e-01 9.981061e-01 1.001959e+00 1.004665e+00 1.018279e+00 1.032814e+00 1.044313e+00 1.074018e+00 1.139283e+00 
107 1499 2.076778e-01 1.138442e+00 8.371694e-01 8.371694e-01 8.415202e-01 8.527995e-01 8.562371e-01 8.606274e-01 8.662732e-01 8.670063e-01 8.687704e-01 8.758450e-01 8.859227e-01 8.879145e-01 8.930189e-01 8.941009e-01 9.020042e-01 9.037210e-01 9.162045e-01 9.173726e-01 9.250658e-01 9.352786e-01 9.362227e-01 9.423451e-01 9.482631e-01 9.542225e-01 9.651194e-01 9.696764e-01 9.707823e-01 9.962216e-01 1.002127e+00 1.004115e+00 1.017580e+00 1.033028e+00 1.043003e+00 1.074730e+00 1.138442e+00 
108 1513 2.040471e-01 1.139259e+00 8.355123e-01 8.355123e-01 8.398822e-01 8.513633e-01 8.557023e-01 8.590635e-01 8.642675e-01 8.655452e-01 8.701615e-01 8.745304e-01 8.842586e-01 8.881363e-01 8.927740e-01 8.938798e-01 9.005693e-01 9.020773e-01 9.157680e-01 9.174225e-01 9.272676e-01 9.334859e-01 9.348082e-01 9.424501e-01 9.464549e-01 9.544713e-01 9.637411e-01 9.673247e-01 9.713142e-01 9.947722e-01 1.001231e+00 1.005554e+00 1.017641e+00 1.033074e+00 1.041308e+00 1.076475e+00 1.139259e+00 
109 1527 1.992627e-01 1.138047e+00 8.361451e-01 8.361451e-01 8.385246e-01 8.500371e-01 8.544801e-01 8.575478e-01 8.624414e-01 8.647184e-01 8.692273e-01 8.727777e-01 8.821997e-01 8.866321e-01 8.911251e-01 8.931279e-01 9.006928e-01 9.039857e-01 9.151744e-01 9.181275e-01 9.263895e-01 9.316470e-01 9.343916e-01 9.404003e-01 9.444493e-01 9.533219e-01 9.619628e-01 9.661788e-01 9.714416e-01 9.936019e-01 1.001477e+00 1.004425e+00 1.019518e+00 1.034020e+00 1.039677e+00 1.075862e+00 1.138047e+00 
110 1541 1.951674e-01 1.138928e+00 8.342931e-01 8.342931e-01 8.379016e-01 8.487812e-01 8.531925e-01 8.571714e-01 8.613556e-01 8.667082e-01 8.679206e-01 8.720258e-01 8.826744e-01 8.851598e-01 8.909301e-01 8.917117e-01 9.014824e-01 9.061500e-01 9.136914e-01 9.178817e-01 9.264829e-01 9.295615e-01 9.336450e-01 9.417363e-01 9.448369e-01 9.525929e-01 9.613696e-01 9.639605e-01 9.692905e-01 9.915415e-01 1.001363e+00 1.004795e+00 1.019173e+00 1.034989e+00 1.043651e+00 1.076928e+00 1.138928e+00 
111 1555 1.878408e-01 1.138113e+00 8.328507e-01 8.328507e-01 8.381893e-01 8.485890e-01 8.536730e-01 8.555264e-01 8.598944e-01 8.654092e-01 8.667044e-01 8.711116e-01 8.813948e-01 8.857420e-01 8.889669e-01 8.921406e-01 9.006872e-01 9.059260e-01 9.138379e-01 9.160487e-01 9.249929e-01 9.277798e-01 9.338079e-01 9.405833e-01 9.481995e-01 9.530550e-01 9.596206e-01 9.639391e-01 9.678455e-01 9.909802e-01 9.999745e-01 1.003355e+00 1.019189e+00 1.034709e+00 1.044236e+00 1.076104e+00 1.138113e+00 
112 1569 1.786025e-01 1.135565e+00 8.310140e-01 8.310140e-01 8.371471e-01 8.474286e-01 8.519542e-01 8.549248e-01 8.579853e-01 8.648530e-01 8.663360e-01 8.690794e-01 8.806711e-01 8.843581e-01 8.878765e-01 8.904799e-01 8.987528e-01 9.082731e-01 9.123840e-01 9.149438e-01 9.247005e-01 9.270585e-01 9.325745e-01 9.407625e-01 9.468545e-01 9.512973e-01 9.588598e-01 9.652290e-01 9.692008e-01 9.906312e-01 9.982321e-01 1.003676e+00 1.018627e+00 1.034905e+00 1.042462e+00 1.075446e+00 1.135565e+00 
113 1583 2.412259e-01 1.135646e+00 8.308155e-01 8.308155e-01 8.366948e-01 8.478554e-01 8.504115e-01 8.533205e-01 8.564325e-01 8.634861e-01 8.656043e-01 8.675846e-01 8.796044e-01 8.839007e-01 8.864668e-01 8.929352e-01 8.984431e-01 9.091299e-01 9.125376e-01 9.140338e-01 9.233497e-01 9.265158e-01 9.311822e-01 9.431952e-01 9.460842e-01 9.526168e-01 9.581827e-01 9.639255e-01 9.683268e-01 9.892419e-01 9.997317e-01 1.003505e+00 1.017762e+00 1.034596e+00 1.041161e+00 1.074515e+00 1.135646e+00 
114 1597 2.310065e-01 1.134211e+00 8.300116e-01 8.300116e-01 8.379888e-01 8.473061e-01 8.489743e-01 8.530372e-01 8.559495e-01 8.623595e-01 8.647250e-01 8.670306e-01 8.785963e-01 8.821741e-01 8.853690e-01 8.913813e-01 8.969270e-01 9.080515e-01 9.119310e-01 9.155273e-01 9.219503e-01 9.269221e-01 9.323653e-01 9.409892e-01 9.457053e-01 9.545743e-01 9.575949e-01 9.635677e-01 9.691662e-01 9.872658e-01 9.982285e-01 1.002180e+00 1.017351e+00 1.034032e+00 1.040705e+00 1.073639e+00 1.134211e+00 
115 1611 2.232644e-01 1.131558e+00 8.291117e-01 8.291117e-01 8.367811e-01 8.458420e-01 8.485365e-01 8.512080e-01 8.555926e-01 8.615115e-01 8.628571e-01 8.671814e-01 8.770965e-01 8.798508e-01 8.841087e-01 8.905740e-01 8.975191e-01 9.059190e-01 9.102609e-01 9.137448e-01 9.208691e-01 9.273333e-01 9.320508e-01 9.404228e-01 9.445167e-01 9.549334e-01 9.573999e-01 9.634172e-01 9.690659e-01 9.873623e-01 9.965255e-01 1.000997e+00 1.015264e+00 1.035130e+00 1.044406e+00 1.072524e+00 1.131558e+00 
116 1625 2.133514e-01 1.132486e+00 8.278579e-01 8.278579e-01 8.352630e-01 8.443757e-01 8.472355e-01 8.503705e-01 8.548929e-01 8.608130e-01 8.614407e-01 8.663138e-01 8.753368e-01 8.783281e-01 8.845950e-01 8.898733e-01 8.957895e-01 9.040461e-01 9.082847e-01 9.156327e-01 9.209026e-01 9.295022e-01 9.312367e-01 9.388276e-01 9.431647e-01 9.549819e-01 9.619615e-01 9.628011e-01 9.670609e-01 9.868670e-01 9.968076e-01 9.999474e-01 1.012838e+00 1.034678e+00 1.044477e+00 1.073204e+00 1.132486e+00 
117 1639 2.036193e-01 1.131887e+00 8.317043e-01 8.317043e-01 8.341787e-01 8.436867e-01 8.459286e-01 8.505073e-01 8.538789e-01 8.587523e-01 8.614082e-01 8.660061e-01 8.735754e-01 8.774149e-01 8.830648e-01 8.882291e-01 8.949494e-01 9.032572e-01 9.082810e-01 9.148220e-01 9.209090e-01 9.276024e-01 9.294649e-01 9.367368e-01 9.418898e-01 9.529903e-01 9.612171e-01 9.618683e-01 9.704724e-01 9.867668e-01 9.951078e-01 1.000052e+00 1.010832e+00 1.034314e+00 1.043819e+00 1.072036e+00 1.131887e+00 
118 1653 1.942688e-01 1.131358e+00 8.310565e-01 8.310565e-01 8.331021e-01 8.420381e-01 8.451756e-01 8.506505e-01 8.528802e-01 8.584058e-01 8.598390e-01 8.664039e-01 8.719716e-01 8.768614e-01 8.820988e-01 8.863357e-01 8.927508e-01 9.012427e-01 9.071763e-01 9.131132e-01 9.209416e-01 9.258882e-01 9.290620e-01 9.351695e-01 9.405031e-01 9.511563e-01 9.601649e-01 9.629332e-01 9.696944e-01 9.851999e-01 9.938257e-01 9.985204e-01 1.008435e+00 1.032038e+00 1.047496e+00 1.074530e+00 1.131358e+00 
119 1667 2.607957e-01 1.129563e+00 8.305206e-01 8.305206e-01 8.319789e-01 8.410339e-01 8.444094e-01 8.495144e-01 8.521474e-01 8.565317e-01 8.591863e-01 8.652517e-01 8.719810e-01 8.748816e-01 8.806724e-01 8.847743e-01 8.928325e-01 9.018396e-01 9.062387e-01 9.118812e-01 9.214660e-01 9.242060e-01 9.284872e-01 9.362982e-01 9.385557e-01 9.518455e-01 9.578976e-01 9.615579e-01 9.698724e-01 9.835814e-01 9.929012e-01 9.981339e-01 1.008205e+00 1.031423e+00 1.048565e+00 1.072754e+00 1.129563e+00 
120 1681 2.508306e-01 1.130837e+00 8.302693e-01 8.302693e-01 8.306547e-01 8.416292e-01 8.432067e-01 8.483298e-01 8.517301e-01 8.561936e-01 8.584358e-01 8.636919e-01 8.719661e-01 8.754570e-01 8.794610e-01 8.834744e-01 8.917336e-01 9.005717e-01 9.048974e-01 9.100303e-01 9.195566e-01 9.237067e-01 9.297105e-01 9.350877e-01 9.387124e-01 9.545269e-01 9.569530e-01 9.607850e-01 9.678102e-01 9.836046e-01 9.923975e-01 9.964153e-01 1.009981e+00 1.032068e+00 1.050166e+00 1.070493e+00 1.130837e+00 
121 1695 2.462765e-01 1.129052e+00 8.285869e-01 8.285869e-01 8.302239e-01 8.399353e-01 8.459603e-01 8.468567e-01 8.514220e-01 8.556365e-01 8.578904e-01 8.622799e-01 8.722457e-01 8.744059e-01 8.779695e-01 8.853607e-01 8.901977e-01 8.997736e-01 9.050421e-01 9.100514e-01 9.182505e-01 9.220922e-01 9.284640e-01 9.350571e-01 9.389968e-01 9.530970e-01 9.550994e-01 9.590168e-01 9.680486e-01 9.828633e-01 9.900517e-01 9.948579e-01 1.009148e+00 1.032971e+00 1.052521e+00 1.068076e+00 1.129052e+00 
122 1709 2.372675e-01 1.126763e+00 8.269136e-01 8.269136e-01 8.296573e-01 8.398988e-01 8.444303e-01 8.457996e-01 8.503272e-01 8.546581e-01 8.563979e-01 8.631786e-01 8.706676e-01 8.736455e-01 8.782466e-01 8.845888e-01 8.887435e-01 9.011443e-01 9.049179e-01 9.101333e-01 9.182646e-01 9.209601e-01 9.268074e-01 9.346796e-01 9.379793e-01 9.516391e-01 9.539259e-01 9.571773e-01 9.690176e-01 9.822257e-01 9.881245e-01 9.943532e-01 1.009207e+00 1.033130e+00 1.055592e+00 1.066960e+00 1.126763e+00 
123 1723 2.313831e-01 1.126731e+00 8.252088e-01 8.252088e-01 8.278000e-01 8.393892e-01 8.426962e-01 8.445113e-01 8.486628e-01 8.529478e-01 8.553877e-01 8.637425e-01 8.695798e-01 8.719515e-01 8.763726e-01 8.827994e-01 8.865486e-01 9.023900e-01 9.059329e-01 9.087439e-01 9.178632e-01 9.203518e-01 9.266684e-01 9.361245e-01 9.411538e-01 9.510337e-01 9.530330e-01 9.597715e-01 9.683052e-01 9.806521e-01 9.860058e-01 9.925128e-01 1.008868e+00 1.035272e+00 1.060448e+00 1.067520e+00 1.126731e+00 
124 1737 2.275068e-01 1.124486e+00 8.249927e-01 8.249927e-01 8.265157e-01 8.379178e-01 8.425610e-01 8.437204e-01 8.469365e-01 8.516493e-01 8.539373e-01 8.624504e-01 8.675940e-01 8.702254e-01 8.759929e-01 8.815970e-01 8.847229e-01 9.006200e-01 9.050507e-01 9.081863e-01 9.166612e-01 9.197214e-01 9.249251e-01 9.352757e-01 9.403491e-01 9.496734e-01 9.550002e-01 9.599072e-01 9.671234e-01 9.800318e-01 9.840723e-01 9.916309e-01 1.007977e+00 1.038917e+00 1.061138e+00 1.071232e+00 1.124486e+00 
125 1751 2.210382e-01 1.123469e+00 8.235290e-01 8.235290e-01 8.265520e-01 8.366250e-01 8.421811e-01 8.424393e-01 8.452691e-01 8.494448e-01 8.528080e-01 8.642323e-01 8.665816e-01 8.694080e-01 8.738305e-01 8.795682e-01 8.833848e-01 8.987945e-01 9.049383e-01 9.075572e-01 9.162157e-01 9.198033e-01 9.253731e-01 9.344419e-01 9.401617e-01 9.484639e-01 9.537733e-01 9.594007e-01 9.669687e-01 9.784176e-01 9.818494e-01 9.899789e-01 1.005930e+00 1.037366e+00 1.059958e+00 1.074922e+00 1.123469e+00 
126 1765 2.133282e-01 1.120994e+00 8.220988e-01 8.220988e-01 8.272756e-01 8.351078e-01 8.403915e-01 8.410054e-01 8.432604e-01 8.488104e-01 8.518858e-01 8.633515e-01 8.665791e-01 8.690703e-01 8.737698e-01 8.789104e-01 8.820368e-01 8.974775e-01 9.051241e-01 9.082048e-01 9.152715e-01 9.191132e-01 9.243228e-01 9.344629e-01 9.396567e-01 9.465027e-01 9.526603e-01 9.575213e-01 9.656057e-01 9.776122e-01 9.794752e-01 9.900227e-01 1.004433e+00 1.037965e+00 1.058171e+00 1.075505e+00 1.120994e+00 
127 1779 2.041310e-01 1.120085e+00 8.219447e-01 8.219447e-01 8.264921e-01 8.339493e-01 8.385304e-01 8.404369e-01 8.421494e-01 8.477997e-01 8.538618e-01 8.630980e-01 8.654906e-01 8.688927e-01 8.730426e-01 8.776445e-01 8.837115e-01 8.983840e-01 9.033869e-01 9.077914e-01 9.140713e-01 9.190421e-01 9.224471e-01 9.328567e-01 9.387870e-01 9.458437e-01 9.509053e-01 9.588290e-01 9.678754e-01 9.769508e-01 9.799416e-01 9.901635e-01 1.003599e+00 1.038734e+00 1.059503e+00 1.075117e+00 1.120085e+00 
128 1793 1.959125e-01 1.122570e+00 8.212835e-01 8.212835e-01 8.257212e-01 8.331322e-01 8.370958e-01 8.397525e-01 8.425361e-01 8.459252e-01 8.537173e-01 8.621399e-01 8.639492e-01 8.686943e-01 8.723687e-01 8.780906e-01 8.830020e-01 8.964738e-01 9.032682e-01 9.077235e-01 9.127256e-01 9.180927e-01 9.224486e-01 9.316255e-01 9.375680e-01 9.466929e-01 9.501684e-01 9.573645e-01 9.668868e-01 9.756840e-01 9.784544e-01 9.906298e-01 1.001559e+00 1.040420e+00 1.057402e+00 1.073836e+00 1.122570e+00 
129 1807 1.865243e-01 1.120170e+00 8.199142e-01 8.199142e-01 8.248571e-01 8.316799e-01 8.354517e-01 8.393717e-01 8.428408e-01 8.443316e-01 8.541996e-01 8.619477e-01 8.623404e-01 8.679817e-01 8.704649e-01 8.771897e-01 8.817583e-01 8.949488e-01 9.019770e-01 9.070778e-01 9.117292e-01 9.182597e-01 9.208373e-01 9.301875e-01 9.381358e-01 9.454102e-01 9.490341e-01 9.575733e-01 9.656414e-01 9.746663e-01 9.805248e-01 9.890858e-01 1.000745e+00 1.041199e+00 1.055869e+00 1.072139e+00 1.120170e+00 
130 1821 1.793565e-01 1.119392e+00 8.185185e-01 8.185185e-01 8.239218e-01 8.317071e-01 8.345217e-01 8.381574e-01 8.417639e-01 8.429821e-01 8.533508e-01 8.598576e-01 8.608702e-01 8.679186e-01 8.716522e-01 8.768332e-01 8.814862e-01 8.926176e-01 9.003739e-01 9.053684e-01 9.099154e-01 9.164569e-01 9.193975e-01 9.290175e-01 9.374614e-01 9.432910e-01 9.481437e-01 9.555212e-01 9.641881e-01 9.748495e-01 9.824882e-01 9.876566e-01 9.994539e-01 1.039542e+00 1.055968e+00 1.071212e+00 1.119392e+00 
131 1835 1.727882e-01 1.120999e+00 8.169626e-01 8.169626e-01 8.237007e-01 8.306022e-01 8.328733e-01 8.373649e-01 8.408253e-01 8.414405e-01 8.528661e-01 8.583801e-01 8.602706e-01 8.664822e-01 8.713607e-01 8.760272e-01 8.799007e-01 8.906194e-01 8.989731e-01 9.035989e-01 9.085905e-01 9.152264e-01 9.180075e-01 9.289146e-01 9.368481e-01 9.436306e-01 9.496991e-01 9.559969e-01 9.632469e-01 9.757050e-01 9.821518e-01 9.867021e-01 9.981389e-01 1.043845e+00 1.056978e+00 1.072952e+00 1.120999e+00 
132 1849 1.655325e-01 1.120236e+00 8.162537e-01 8.162537e-01 8.218573e-01 8.290391e-01 8.325518e-01 8.351670e-01 8.403106e-01 8.411431e-01 8.509523e-01 8.562889e-01 8.630388e-01 8.664622e-01 8.695704e-01 8.741910e-01 8.781900e-01 8.886534e-01 8.993521e-01 9.040233e-01 9.070305e-01 9.139174e-01 9.185949e-01 9.282313e-01 9.364720e-01 9.423770e-01 9.495489e-01 9.539872e-01 9.619829e-01 9.748272e-01 9.809068e-01 9.863538e-01 9.973635e-01 1.042907e+00 1.059020e+00 1.071691e+00 1.120236e+00 
133 1863 1.576401e-01 1.118456e+00 8.144441e-01 8.144441e-01 8.214214e-01 8.278396e-01 8.307384e-01 8.334568e-01 8.381416e-01 8.397000e-01 8.499392e-01 8.551685e-01 8.620920e-01 8.646914e-01 8.682313e-01 8.748475e-01 8.774338e-01 8.865555e-01 8.981476e-01 9.035695e-01 9.065624e-01 9.155861e-01 9.189186e-01 9.283060e-01 9.356023e-01 9.407803e-01 9.488213e-01 9.516098e-01 9.607104e-01 9.736039e-01 9.797667e-01 9.853122e-01 9.965470e-01 1.042765e+00 1.060724e+00 1.071608e+00 1.118456e+00 
134 1877 1.511063e-01 1.117690e+00 8.143757e-01 8.143757e-01 8.201169e-01 8.262584e-01 8.297084e-01 8.328447e-01 8.365990e-01 8.397846e-01 8.497422e-01 8.539538e-01 8.612220e-01 8.641977e-01 8.681328e-01 8.738007e-01 8.767196e-01 8.844531e-01 8.963701e-01 9.028658e-01 9.065854e-01 9.152201e-01 9.167848e-01 9.279014e-01 9.340952e-01 9.403992e-01 9.474745e-01 9.503261e-01 9.590519e-01 9.713832e-01 9.810480e-01 9.855099e-01 9.968085e-01 1.043123e+00 1.062844e+00 1.070616e+00 1.117690e+00 
135 1891 2.029438e-01 1.118889e+00 8.138484e-01 8.138484e-01 8.183184e-01 8.249769e-01 8.284446e-01 8.318127e-01 8.359994e-01 8.416131e-01 8.476301e-01 8.519498e-01 8.605624e-01 8.630312e-01 8.667962e-01 8.727753e-01 8.755692e-01 8.828611e-01 8.945664e-01 9.008378e-01 9.082845e-01 9.155311e-01 9.181067e-01 9.267006e-01 9.332847e-01 9.392438e-01 9.467215e-01 9.523185e-01 9.572676e-01 9.703129e-01 9.811890e-01 9.860219e-01 9.987848e-01 1.043045e+00 1.063737e+00 1.068977e+00 1.118889e+00 
136 1905 1.949785e-01 1.119231e+00 8.129341e-01 8.129341e-01 8.170692e-01 8.237575e-01 8.298218e-01 8.305037e-01 8.345042e-01 8.407165e-01 8.461432e-01 8.517851e-01 8.598140e-01 8.628020e-01 8.650766e-01 8.709153e-01 8.757518e-01 8.815476e-01 8.928431e-01 9.006422e-01 9.062172e-01 9.148495e-01 9.175078e-01 9.268700e-01 9.314114e-01 9.380817e-01 9.465613e-01 9.500805e-01 9.565402e-01 9.687797e-01 9.791837e-01 9.870215e-01 1.002495e+00 1.043126e+00 1.061861e+00 1.066916e+00 1.119231e+00 
137 1919 1.876291e-01 1.119001e+00 8.112102e-01 8.112102e-01 8.157895e-01 8.239193e-01 8.286372e-01 8.318414e-01 8.335332e-01 8.406794e-01 8.475342e-01 8.521147e-01 8.582520e-01 8.610445e-01 8.638700e-01 8.692386e-01 8.753220e-01 8.813300e-01 8.914461e-01 9.011548e-01 9.066744e-01 9.127387e-01 9.197575e-01 9.256252e-01 9.305644e-01 9.365956e-01 9.447977e-01 9.496815e-01 9.564412e-01 9.669172e-01 9.776620e-01 9.853032e-01 1.004096e+00 1.042156e+00 1.059744e+00 1.065263e+00 1.119001e+00 
138 1933 1.829183e-01 1.120353e+00 8.102982e-01 8.102982e-01 8.162188e-01 8.237183e-01 8.267345e-01 8.314762e-01 8.333587e-01 8.403874e-01 8.457279e-01 8.520240e-01 8.568130e-01 8.600713e-01 8.625004e-01 8.689401e-01 8.745131e-01 8.802197e-01 8.895628e-01 9.017301e-01 9.046639e-01 9.120052e-01 9.187439e-01 9.240894e-01 9.293010e-01 9.347466e-01 9.439291e-01 9.510578e-01 9.550912e-01 9.660343e-01 9.767872e-01 9.854058e-01 1.004473e+00 1.040525e+00 1.058182e+00 1.063658e+00 1.120353e+00 
139 1947 1.768349e-01 1.120161e+00 8.091379e-01 8.091379e-01 8.148234e-01 8.223427e-01 8.272230e-01 8.294774e-01 8.318337e-01 8.387594e-01 8.454450e-01 8.545991e-01 8.556564e-01 8.585662e-01 8.609199e-01 8.677983e-01 8.731916e-01 8.811984e-01 8.919509e-01 9.005688e-01 9.027069e-01 9.102049e-01 9.180176e-01 9.228867e-01 9.286249e-01 9.358708e-01 9.420201e-01 9.517703e-01 9.568098e-01 9.689221e-01 9.745391e-01 9.849292e-01 1.003836e+00 1.040133e+00 1.056516e+00 1.062330e+00 1.120161e+00 
