%  columns="iteration, evaluation, void, void, void, xmean" (startseed=208459, 2023/08/21 12:18:2.62)
0 1 0 0 0 5.000000e-01 7.500000e-01 7.500000e-01 5.000000e-01 5.000000e-01 5.000000e-01 2.500000e-01 2.500000e-01 5.000000e-01 2.500000e-01 7.500000e-01 2.500000e-01 2.500000e-01 2.500000e-01 2.500000e-01 5.000000e-01 2.500000e-01 7.500000e-01 5.000000e-01 2.500000e-01 7.500000e-01 7.500000e-01 5.000000e-01 2.500000e-01 2.500000e-01 5.000000e-01 5.000000e-01 2.500000e-01 5.000000e-01 7.500000e-01 2.500000e-01 2.500000e-01 2.500000e-01 2.500000e-01 
1 15 0 0 0 4.508905e-01 9.990492e-01 1.012586e+00 4.855978e-01 5.892342e-01 4.684385e-01 1.949896e-01 1.792694e-01 8.244456e-01 1.884175e-01 9.395532e-01 3.164251e-01 4.669613e-01 4.739326e-01 3.185272e-01 1.392959e-01 3.243028e-01 8.841836e-01 5.613009e-01 4.632439e-01 9.928591e-01 6.454460e-01 4.492430e-01 4.093573e-01 1.842183e-01 2.859979e-01 5.918246e-01 2.313213e-01 4.950172e-01 7.810664e-01 2.497278e-01 2.951760e-01 3.992178e-01 -3.028437e-02 
2 29 0 0 0 2.298886e-01 7.940128e-01 8.634029e-01 5.914260e-01 5.560700e-01 4.618827e-01 2.326590e-01 -1.784858e-02 7.538230e-01 1.628437e-01 1.082346e+00 4.051694e-01 2.387545e-01 5.041289e-01 5.301922e-01 7.526014e-02 4.686740e-01 8.183059e-01 5.542885e-01 4.039679e-01 1.000064e+00 6.482740e-01 2.952677e-01 5.655303e-01 2.176442e-01 3.443078e-01 5.733626e-01 6.042392e-02 5.755726e-01 6.527268e-01 2.739105e-01 1.570912e-01 6.476416e-01 5.535657e-02 
3 43 0 0 0 2.366231e-01 6.306688e-01 8.729566e-01 3.678485e-01 6.249719e-01 4.913337e-01 1.733009e-01 -9.756063e-02 6.204841e-01 1.676395e-02 9.789861e-01 4.586594e-01 2.098908e-01 4.277751e-01 6.343977e-01 -3.457945e-02 3.485387e-01 8.638055e-01 5.270583e-01 3.552044e-01 9.590418e-01 9.437103e-01 3.332351e-01 6.392376e-01 1.866372e-01 4.450080e-01 8.886247e-01 -6.020605e-02 5.596235e-01 7.395679e-01 3.428250e-01 2.877711e-01 5.711952e-01 2.160900e-01 
4 57 0 0 0 -2.298510e-02 5.861975e-01 6.688963e-01 1.888255e-01 4.970655e-01 5.573660e-01 2.272020e-01 4.932123e-02 6.821307e-01 1.558058e-01 9.750818e-01 4.024413e-01 1.702885e-01 2.679748e-01 4.931867e-01 -6.667200e-02 4.374139e-01 7.597202e-01 6.852939e-01 4.227008e-01 9.745718e-01 1.043021e+00 4.480205e-01 6.844732e-01 1.715127e-01 4.091075e-01 8.785628e-01 1.641458e-01 4.458820e-01 9.230530e-01 4.547981e-01 4.191284e-01 4.278308e-01 3.693717e-01 
5 71 0 0 0 1.075721e-01 4.503788e-01 6.080283e-01 8.907848e-02 5.208606e-01 5.920884e-01 2.319019e-01 -1.329432e-01 6.304054e-01 2.449407e-01 9.349082e-01 5.772580e-01 2.185339e-01 1.426233e-01 6.405829e-01 -1.456236e-01 6.780204e-01 6.718147e-01 6.547534e-01 3.759921e-01 8.510222e-01 1.009878e+00 2.388823e-01 7.279786e-01 2.938320e-01 5.821432e-01 1.070551e+00 2.358107e-01 5.286141e-01 6.963563e-01 4.658745e-01 3.892254e-01 5.221994e-01 3.708244e-01 
6 85 0 0 0 1.893516e-01 3.510341e-01 7.070900e-01 1.678636e-01 5.429154e-01 7.107375e-01 3.091834e-01 -3.487832e-02 7.340429e-01 3.039978e-01 9.279008e-01 5.769050e-01 7.463907e-02 1.757581e-01 4.324589e-01 1.796532e-02 5.959653e-01 6.556349e-01 4.156023e-01 3.496301e-01 9.644260e-01 1.004291e+00 1.011305e-01 7.150351e-01 3.999989e-01 6.077100e-01 1.004805e+00 1.744382e-01 7.164518e-01 7.797178e-01 7.209601e-01 4.873027e-01 4.778768e-01 4.936746e-01 
7 99 0 0 0 -3.731735e-02 2.580877e-01 6.858430e-01 3.659279e-01 3.866613e-01 7.795059e-01 1.182518e-01 5.618937e-02 7.055792e-01 5.011734e-01 9.714342e-01 5.828463e-01 2.527243e-03 -2.351707e-02 4.550138e-01 4.882490e-02 7.071101e-01 4.887682e-01 3.964886e-01 4.366511e-01 8.108501e-01 9.016621e-01 8.364993e-02 5.618179e-01 4.856079e-01 6.461717e-01 9.368570e-01 3.771929e-01 7.281681e-01 7.184316e-01 8.200754e-01 5.052906e-01 4.263390e-01 7.288104e-01 
8 113 0 0 0 -1.090205e-01 3.118818e-01 7.516860e-01 4.133927e-01 5.157823e-01 7.782666e-01 -5.178174e-02 9.322439e-02 6.221198e-01 5.586893e-01 8.310720e-01 5.851935e-01 2.716898e-01 1.947342e-02 4.699507e-01 1.372745e-01 7.488410e-01 5.279504e-01 4.730384e-01 5.333737e-01 7.722799e-01 8.536288e-01 1.397748e-01 4.615673e-01 3.483865e-01 6.837916e-01 9.178371e-01 4.564196e-01 6.593898e-01 5.624268e-01 6.481029e-01 2.598667e-01 3.841156e-01 8.688879e-01 
9 127 0 0 0 1.054798e-01 4.193892e-01 8.128522e-01 4.159797e-01 4.840206e-01 8.231643e-01 6.698178e-02 2.036531e-01 5.670450e-01 7.373309e-01 7.261907e-01 4.158257e-01 1.879616e-01 5.687243e-02 4.280746e-01 1.348592e-01 7.352359e-01 5.989110e-01 4.545382e-01 5.307730e-01 8.234366e-01 7.506388e-01 1.634663e-01 4.793941e-01 3.309605e-01 7.066021e-01 8.662790e-01 4.396668e-01 6.185796e-01 5.371147e-01 5.949996e-01 3.178307e-01 4.769958e-01 9.033448e-01 
10 141 0 0 0 8.256045e-02 4.910969e-01 7.585411e-01 3.142298e-01 3.441073e-01 8.790022e-01 -1.072735e-02 1.359619e-01 7.231741e-01 6.684851e-01 4.731129e-01 5.101726e-01 3.768294e-01 2.667517e-02 6.999292e-01 8.755263e-02 7.611884e-01 7.243303e-01 5.808947e-01 6.832851e-01 8.591905e-01 7.077277e-01 2.089695e-01 4.392295e-01 3.469553e-01 7.792096e-01 8.264296e-01 4.799532e-01 5.552415e-01 3.975181e-01 4.173867e-01 4.602492e-01 4.734379e-01 1.047652e+00 
11 155 0 0 0 1.194126e-01 3.487870e-01 7.650921e-01 3.142850e-01 2.322651e-01 7.222778e-01 7.726746e-02 7.436532e-02 6.721270e-01 7.623379e-01 5.220829e-01 4.906015e-01 2.041110e-01 6.425529e-02 7.481186e-01 2.290929e-01 6.841038e-01 6.599231e-01 5.595522e-01 7.783629e-01 1.015755e+00 7.105321e-01 3.097017e-01 5.547273e-01 4.604518e-01 8.417906e-01 6.911284e-01 3.939644e-01 5.429002e-01 3.336946e-01 6.542648e-01 6.962551e-01 4.270554e-01 8.810596e-01 
12 169 0 0 0 1.242853e-01 4.601810e-01 6.870813e-01 4.664371e-01 1.390878e-01 8.471195e-01 2.024862e-01 1.172903e-01 6.477985e-01 6.151775e-01 6.078186e-01 3.318495e-01 1.950504e-01 1.228166e-01 7.040112e-01 1.260841e-01 7.226215e-01 5.927521e-01 6.430363e-01 7.499862e-01 8.367558e-01 7.444607e-01 4.102658e-01 5.218477e-01 5.490472e-01 8.686312e-01 7.540296e-01 4.591163e-01 6.460241e-01 3.061997e-01 6.535242e-01 6.824906e-01 3.546312e-01 7.569439e-01 
13 183 0 0 0 6.708173e-02 3.875132e-01 7.536102e-01 4.026294e-01 1.967076e-01 6.598420e-01 1.943476e-01 2.496433e-01 6.454623e-01 7.319355e-01 6.286552e-01 3.818788e-01 2.680260e-01 2.241979e-01 7.736545e-01 1.843848e-01 6.440005e-01 6.294047e-01 8.153035e-01 5.972657e-01 7.021380e-01 8.175030e-01 3.003676e-01 4.718468e-01 4.764491e-01 8.032298e-01 7.358565e-01 3.576775e-01 5.625620e-01 3.276074e-01 6.050430e-01 6.739475e-01 4.155094e-01 8.852037e-01 
14 197 0 0 0 2.294494e-01 4.093091e-01 8.039074e-01 4.639166e-01 1.202221e-01 7.141319e-01 1.987598e-01 4.315621e-01 7.102335e-01 8.530277e-01 6.542759e-01 5.055281e-01 3.430601e-01 1.905061e-01 7.957713e-01 2.901834e-01 7.324725e-01 5.009046e-01 7.907923e-01 6.370825e-01 7.142243e-01 8.273084e-01 4.389880e-01 4.902966e-01 4.605885e-01 6.286253e-01 7.348921e-01 5.076444e-01 4.557870e-01 3.379735e-01 6.925895e-01 6.263885e-01 5.639061e-01 6.866334e-01 
15 211 0 0 0 1.680186e-01 4.502985e-01 6.894192e-01 5.179935e-01 1.675343e-01 8.074122e-01 2.192037e-01 3.070749e-01 7.498932e-01 7.811020e-01 5.146448e-01 5.086238e-01 2.494531e-01 3.226191e-01 7.160151e-01 1.254090e-01 5.747314e-01 4.113708e-01 8.521266e-01 6.944138e-01 6.207259e-01 8.383576e-01 5.138128e-01 5.761076e-01 4.385796e-01 5.020767e-01 8.694498e-01 4.135539e-01 3.847415e-01 5.470406e-01 7.330404e-01 7.192026e-01 3.358661e-01 7.441631e-01 
16 225 0 0 0 2.316170e-01 5.341247e-01 6.738591e-01 6.191640e-01 3.360796e-01 7.591184e-01 2.503792e-01 2.411833e-01 6.921981e-01 7.500102e-01 4.242971e-01 5.263461e-01 2.118494e-01 1.765230e-01 6.804539e-01 2.009408e-01 3.427479e-01 3.905380e-01 8.741611e-01 7.965935e-01 7.771100e-01 6.003096e-01 6.118623e-01 6.873687e-01 6.362727e-01 4.162052e-01 8.332185e-01 4.110809e-01 3.792213e-01 8.080287e-01 6.659635e-01 7.449049e-01 4.462613e-01 8.454654e-01 
17 239 0 0 0 2.136748e-01 5.595705e-01 6.486333e-01 6.011182e-01 3.083892e-01 8.200843e-01 2.647368e-01 2.201972e-01 7.109963e-01 7.354246e-01 5.494174e-01 5.589960e-01 1.635897e-01 1.906659e-01 6.053346e-01 1.720790e-01 4.159772e-01 6.003951e-01 7.965638e-01 8.448909e-01 6.340252e-01 6.206554e-01 6.765976e-01 6.559373e-01 8.316980e-01 4.012224e-01 8.519669e-01 5.222340e-01 3.922247e-01 8.747707e-01 6.924515e-01 7.090582e-01 4.227047e-01 8.730509e-01 
18 253 0 0 0 2.284573e-01 5.952983e-01 6.399262e-01 6.422024e-01 2.030856e-01 8.852511e-01 1.911479e-01 3.609385e-01 6.256524e-01 5.580250e-01 5.481980e-01 4.436686e-01 2.180313e-01 2.183092e-01 6.209069e-01 2.405272e-01 4.994463e-01 5.038752e-01 8.676671e-01 8.855844e-01 5.422169e-01 6.143071e-01 6.832022e-01 6.166076e-01 7.879830e-01 4.838046e-01 7.656189e-01 6.314095e-01 3.926963e-01 8.608340e-01 5.610251e-01 7.053842e-01 5.225928e-01 7.927953e-01 
19 267 0 0 0 1.910992e-01 5.033065e-01 4.611771e-01 6.615167e-01 1.833783e-01 8.366573e-01 2.534768e-01 4.309680e-01 5.527779e-01 4.495832e-01 4.974838e-01 4.588507e-01 2.358411e-01 3.193831e-01 6.739406e-01 3.451913e-01 4.377831e-01 6.219218e-01 8.638152e-01 8.584260e-01 4.137813e-01 6.459334e-01 5.449716e-01 6.338646e-01 7.800808e-01 4.768796e-01 7.294128e-01 5.696673e-01 4.376689e-01 7.397479e-01 4.712189e-01 7.703196e-01 5.540996e-01 8.614292e-01 
20 281 0 0 0 1.678569e-01 5.230045e-01 4.602639e-01 5.495028e-01 1.694740e-01 8.591609e-01 3.113062e-01 3.135756e-01 2.483733e-01 5.037349e-01 5.812724e-01 5.365754e-01 1.564776e-01 4.172841e-01 6.797132e-01 2.797158e-01 3.987480e-01 5.881187e-01 8.464995e-01 8.742917e-01 2.427653e-01 5.792008e-01 5.867618e-01 5.347123e-01 7.033306e-01 5.191324e-01 7.132157e-01 6.144494e-01 4.241888e-01 7.747768e-01 5.290717e-01 8.207576e-01 6.075826e-01 8.413639e-01 
21 295 0 0 0 2.766965e-01 6.321817e-01 4.022143e-01 4.309894e-01 1.854898e-01 8.437118e-01 2.833638e-01 3.095876e-01 2.576022e-01 5.639512e-01 3.617586e-01 4.670308e-01 7.594683e-02 2.345606e-01 7.405405e-01 3.048140e-01 5.740643e-01 4.878936e-01 7.012598e-01 8.754890e-01 1.050561e-01 5.623482e-01 5.966814e-01 5.204164e-01 7.363890e-01 6.463377e-01 7.542558e-01 6.273679e-01 4.296072e-01 8.337122e-01 4.428755e-01 7.369012e-01 4.280661e-01 9.012112e-01 
22 309 0 0 0 3.270375e-01 6.923920e-01 4.453212e-01 5.061708e-01 2.105457e-01 7.169801e-01 2.167045e-01 3.485216e-01 3.088706e-01 3.207378e-01 3.136850e-01 4.105943e-01 1.861770e-01 1.842849e-01 6.970922e-01 3.006410e-01 5.541182e-01 5.101903e-01 7.399681e-01 8.783276e-01 5.086245e-02 5.851803e-01 5.775259e-01 4.972697e-01 7.767828e-01 6.533774e-01 8.578070e-01 4.768529e-01 4.741184e-01 8.822320e-01 5.889133e-01 6.690533e-01 3.338269e-01 7.607012e-01 
23 323 0 0 0 2.948026e-01 6.316057e-01 4.707703e-01 5.396130e-01 1.132315e-01 8.056287e-01 1.739249e-01 4.874093e-01 3.175194e-01 3.218825e-01 3.762403e-01 4.517449e-01 2.276369e-01 2.738486e-01 7.430259e-01 3.127463e-01 4.574395e-01 4.771666e-01 7.952179e-01 8.216075e-01 2.322124e-01 6.806552e-01 5.678635e-01 4.607948e-01 8.153202e-01 6.818673e-01 7.707731e-01 4.220413e-01 5.058734e-01 8.360566e-01 6.366719e-01 6.992029e-01 2.501424e-01 7.961883e-01 
24 337 0 0 0 3.041131e-01 6.697133e-01 4.264124e-01 5.539131e-01 2.459593e-01 7.665376e-01 3.327370e-01 4.364991e-01 3.038998e-01 5.207177e-01 5.014922e-01 3.973585e-01 3.270071e-01 2.531095e-01 7.623394e-01 2.486371e-01 2.886108e-01 5.767306e-01 7.709854e-01 7.519808e-01 2.099741e-01 7.401227e-01 6.041005e-01 4.797011e-01 7.006220e-01 6.826362e-01 7.790441e-01 3.761525e-01 4.807630e-01 8.310700e-01 6.827595e-01 6.133113e-01 2.350894e-01 6.900717e-01 
25 351 0 0 0 4.236301e-01 6.747101e-01 3.958573e-01 6.108741e-01 1.246339e-01 7.405446e-01 3.055282e-01 3.232133e-01 2.354990e-01 6.215855e-01 5.403767e-01 4.271880e-01 2.578957e-01 2.970259e-01 8.040301e-01 2.282326e-01 3.085410e-01 5.180048e-01 7.609737e-01 6.980722e-01 2.715343e-01 6.707318e-01 6.985152e-01 5.689579e-01 6.679007e-01 6.545279e-01 7.928578e-01 3.496658e-01 5.019557e-01 8.264876e-01 7.528542e-01 5.900104e-01 2.273376e-01 6.365238e-01 
26 365 0 0 0 4.269029e-01 7.388749e-01 3.719072e-01 5.088081e-01 2.276903e-01 8.073004e-01 2.364847e-01 3.435673e-01 3.877648e-01 7.192246e-01 5.392309e-01 4.414049e-01 2.419540e-01 3.842513e-01 7.868090e-01 1.806230e-01 3.686239e-01 5.503490e-01 7.777927e-01 7.393093e-01 3.241903e-01 5.287174e-01 6.839271e-01 5.522780e-01 6.850034e-01 5.364243e-01 8.883014e-01 4.027795e-01 5.647874e-01 7.566837e-01 7.238003e-01 5.827481e-01 2.010467e-01 7.555767e-01 
27 379 0 0 0 3.343372e-01 7.902906e-01 3.580290e-01 3.886657e-01 4.565122e-01 8.257941e-01 2.639507e-01 2.345510e-01 4.606430e-01 5.897807e-01 5.953918e-01 5.054351e-01 2.632742e-01 4.639956e-01 9.140719e-01 2.959255e-01 4.670502e-01 6.821088e-01 6.212273e-01 8.699302e-01 3.872927e-01 5.953497e-01 6.954239e-01 4.421310e-01 6.032903e-01 4.242629e-01 8.399637e-01 3.639389e-01 5.742701e-01 7.785529e-01 8.567868e-01 5.711689e-01 1.105161e-01 7.326030e-01 
28 393 0 0 0 3.722960e-01 8.186373e-01 3.357108e-01 5.057601e-01 3.903847e-01 7.482442e-01 2.113080e-01 2.348361e-01 5.786658e-01 6.384789e-01 6.299557e-01 3.703422e-01 3.349850e-01 3.428870e-01 8.587838e-01 3.486294e-01 5.121649e-01 7.105724e-01 6.308973e-01 8.062844e-01 4.818693e-01 4.969433e-01 7.005962e-01 4.977170e-01 5.568641e-01 4.244655e-01 9.165572e-01 4.072812e-01 5.607583e-01 8.057518e-01 6.080248e-01 6.014435e-01 9.815575e-02 7.332356e-01 
29 407 0 0 0 3.401454e-01 8.287872e-01 2.965051e-01 5.749442e-01 3.225141e-01 6.647311e-01 7.534355e-02 1.906987e-01 6.793787e-01 7.145108e-01 6.627926e-01 3.595735e-01 1.845836e-01 3.300504e-01 7.652606e-01 5.035094e-01 7.933080e-01 7.689852e-01 7.288216e-01 8.772577e-01 3.440263e-01 5.120135e-01 7.044201e-01 4.925674e-01 5.498264e-01 2.846205e-01 7.916832e-01 3.565448e-01 4.412741e-01 7.601071e-01 4.089552e-01 6.321749e-01 1.364381e-01 6.063595e-01 
30 421 0 0 0 4.835055e-01 9.384897e-01 2.889204e-01 6.171075e-01 3.792699e-01 4.026533e-01 1.681842e-01 1.252145e-01 8.103717e-01 7.508589e-01 5.730223e-01 3.943587e-01 1.193877e-01 3.199954e-01 8.609476e-01 4.369387e-01 6.857355e-01 6.448694e-01 7.701164e-01 9.467258e-01 3.962970e-01 6.110576e-01 6.886328e-01 5.340760e-01 5.838810e-01 2.157821e-01 7.666042e-01 4.381496e-01 4.113402e-01 7.075661e-01 6.421641e-01 6.200156e-01 2.150195e-01 4.843529e-01 
31 435 0 0 0 4.716455e-01 8.893592e-01 2.261286e-01 6.778854e-01 2.815192e-01 4.646728e-01 1.088131e-01 1.788271e-01 9.791849e-01 7.263559e-01 4.972267e-01 3.720592e-01 1.661172e-01 2.593000e-01 8.482826e-01 3.457507e-01 7.211227e-01 6.027718e-01 7.898226e-01 8.475101e-01 5.008361e-01 6.619347e-01 6.661942e-01 4.472633e-01 6.264205e-01 2.797613e-01 8.001609e-01 4.555923e-01 4.440323e-01 7.402335e-01 7.778386e-01 4.993338e-01 2.411860e-01 3.916778e-01 
32 449 0 0 0 5.701369e-01 8.416133e-01 3.336169e-01 6.617780e-01 2.539011e-01 4.801990e-01 1.437098e-01 3.045033e-01 8.203147e-01 7.582000e-01 6.110767e-01 4.058487e-01 2.092727e-01 3.090161e-01 7.997933e-01 3.735651e-01 6.047891e-01 5.994528e-01 7.488020e-01 8.871444e-01 5.582483e-01 6.729225e-01 8.082515e-01 4.800609e-01 6.906743e-01 1.734659e-01 7.984945e-01 5.788488e-01 2.880292e-01 8.397988e-01 7.704066e-01 6.163878e-01 3.229772e-01 4.721436e-01 
33 463 0 0 0 6.291277e-01 7.697432e-01 3.041287e-01 6.760766e-01 2.451795e-01 4.787138e-01 1.088827e-01 3.091054e-01 7.290084e-01 8.136687e-01 6.758885e-01 3.849760e-01 2.491154e-01 2.339795e-01 9.005995e-01 3.844302e-01 5.709956e-01 6.573990e-01 7.787861e-01 8.504115e-01 6.025642e-01 5.480982e-01 7.932713e-01 4.522013e-01 8.308120e-01 2.167474e-01 7.817363e-01 5.787792e-01 3.544128e-01 7.586353e-01 8.302208e-01 7.160774e-01 1.507237e-01 5.257943e-01 
34 477 0 0 0 5.468917e-01 8.456909e-01 2.636290e-01 6.988347e-01 2.052038e-01 4.434036e-01 1.274928e-01 2.521059e-01 6.878452e-01 7.861105e-01 5.997705e-01 5.092080e-01 3.542848e-01 2.094644e-01 7.767174e-01 4.786544e-01 5.083792e-01 6.401580e-01 7.889224e-01 8.543403e-01 5.581495e-01 6.242937e-01 6.768062e-01 5.279438e-01 7.600037e-01 3.418425e-01 7.493685e-01 6.371522e-01 6.114221e-01 8.325378e-01 8.035239e-01 5.960770e-01 1.946586e-01 5.049287e-01 
35 491 0 0 0 5.340899e-01 8.702687e-01 1.983511e-01 5.446031e-01 2.321509e-01 4.867302e-01 1.989873e-01 2.979790e-01 6.213659e-01 7.917865e-01 4.899842e-01 5.738813e-01 4.167742e-01 2.523081e-01 8.757670e-01 3.722017e-01 3.567586e-01 5.089453e-01 7.504943e-01 8.074260e-01 4.991274e-01 5.303765e-01 8.071228e-01 4.980339e-01 7.355835e-01 4.252610e-01 7.087320e-01 6.507087e-01 6.331307e-01 8.028931e-01 6.932578e-01 6.234579e-01 2.068219e-01 4.940727e-01 
36 505 0 0 0 5.335048e-01 8.806501e-01 2.186197e-01 6.380287e-01 2.107425e-01 5.507781e-01 3.912723e-01 2.859948e-01 6.265657e-01 8.012945e-01 4.480698e-01 5.834417e-01 5.245472e-01 6.441075e-02 8.099342e-01 3.798805e-01 2.542418e-01 4.215112e-01 7.208324e-01 7.385056e-01 4.589467e-01 6.472620e-01 7.968261e-01 3.892640e-01 6.869532e-01 4.723809e-01 6.479457e-01 7.904881e-01 6.409847e-01 7.223613e-01 5.593653e-01 5.140905e-01 2.257240e-01 5.235370e-01 
37 519 0 0 0 4.932412e-01 8.838567e-01 3.291532e-01 6.317292e-01 2.469257e-01 5.867305e-01 4.487540e-01 2.941445e-01 6.542000e-01 6.672668e-01 4.904314e-01 5.821874e-01 4.864724e-01 9.772985e-02 7.974806e-01 3.212868e-01 3.144549e-01 4.445620e-01 8.660148e-01 6.899457e-01 6.334648e-01 7.022700e-01 7.366034e-01 3.685311e-01 7.625228e-01 2.974183e-01 5.982888e-01 7.732170e-01 6.141268e-01 6.872956e-01 6.585785e-01 5.200083e-01 2.783928e-01 4.300779e-01 
38 533 0 0 0 3.942445e-01 8.772578e-01 2.651659e-01 6.592668e-01 2.394528e-01 7.331102e-01 5.702230e-01 3.391526e-01 7.612802e-01 6.017884e-01 6.184782e-01 5.373658e-01 4.362807e-01 2.317537e-01 8.450465e-01 2.921722e-01 2.406800e-01 4.149628e-01 7.936167e-01 7.210776e-01 5.527142e-01 8.508829e-01 7.325181e-01 3.777897e-01 5.803329e-01 3.231492e-01 6.704580e-01 8.380048e-01 4.799587e-01 8.101549e-01 8.361563e-01 4.949292e-01 2.001703e-01 4.226295e-01 
39 547 0 0 0 3.312044e-01 7.843231e-01 2.939731e-01 5.614390e-01 2.056875e-01 6.645822e-01 6.721817e-01 2.646271e-01 7.496078e-01 6.701409e-01 5.940206e-01 4.468209e-01 3.558257e-01 1.956942e-01 8.913537e-01 3.635475e-01 1.869940e-01 5.841133e-01 7.691476e-01 6.633619e-01 5.402289e-01 8.087686e-01 8.132938e-01 4.505127e-01 5.251418e-01 2.090364e-01 4.380157e-01 8.564561e-01 4.839463e-01 7.755747e-01 7.579768e-01 5.927142e-01 1.035306e-01 4.376894e-01 
40 561 0 0 0 8.444204e-02 5.510004e-01 4.037830e-01 4.809977e-01 2.082755e-01 7.096149e-01 6.338342e-01 3.181403e-01 8.832752e-01 6.260256e-01 6.503839e-01 3.953207e-01 2.969270e-01 1.163597e-01 7.976927e-01 2.676120e-01 1.828416e-01 6.760205e-01 7.529824e-01 6.597743e-01 7.101119e-01 6.606472e-01 8.103217e-01 2.792284e-01 4.831623e-01 2.494002e-01 4.513692e-01 7.734150e-01 5.594583e-01 6.084496e-01 5.806787e-01 6.142584e-01 9.003851e-02 3.907027e-01 
41 575 0 0 0 1.290083e-01 5.842931e-01 4.421674e-01 4.597218e-01 2.791534e-01 6.892791e-01 7.239459e-01 3.959818e-01 8.318044e-01 5.603455e-01 6.711270e-01 3.545158e-01 2.890876e-01 1.392987e-01 7.837530e-01 2.982439e-01 3.790825e-01 7.655194e-01 8.416310e-01 5.964539e-01 5.684517e-01 6.890585e-01 7.298647e-01 2.536725e-01 4.627599e-01 2.289265e-01 4.913279e-01 7.814093e-01 4.549155e-01 7.082574e-01 5.549739e-01 6.038499e-01 1.933768e-01 4.196079e-01 
42 589 0 0 0 1.467000e-01 5.746192e-01 4.527025e-01 5.048339e-01 3.455513e-01 5.550650e-01 7.765090e-01 2.884051e-01 9.388402e-01 5.835240e-01 7.522260e-01 2.493772e-01 2.971668e-01 2.127175e-01 7.631334e-01 4.463758e-01 2.989861e-01 8.097913e-01 7.283816e-01 4.933930e-01 5.997953e-01 7.758887e-01 6.239903e-01 2.033001e-01 4.558475e-01 1.407994e-01 3.588372e-01 7.823003e-01 3.495154e-01 7.450102e-01 5.624721e-01 5.081233e-01 1.668613e-01 4.873285e-01 
43 603 0 0 0 2.890036e-01 5.353534e-01 3.274938e-01 5.850285e-01 3.020674e-01 5.103432e-01 7.241114e-01 1.581050e-01 8.921192e-01 4.688681e-01 8.135786e-01 2.589165e-01 3.410200e-01 1.501820e-01 6.486977e-01 4.005795e-01 3.559536e-01 7.861629e-01 7.701607e-01 4.535597e-01 6.873945e-01 7.994360e-01 5.791929e-01 1.777706e-01 4.979092e-01 1.351504e-01 3.865953e-01 6.860040e-01 4.202753e-01 6.303475e-01 4.801790e-01 4.741041e-01 2.017435e-01 3.677389e-01 
44 617 0 0 0 1.097053e-01 5.394441e-01 4.076394e-01 6.363278e-01 2.817022e-01 5.630608e-01 8.143816e-01 1.819790e-01 7.531067e-01 4.462701e-01 7.729891e-01 2.693789e-01 4.286398e-01 1.326525e-01 6.841734e-01 3.476193e-01 4.717245e-01 7.569652e-01 6.322262e-01 5.027285e-01 6.367056e-01 9.536257e-01 6.305002e-01 1.331698e-01 4.506218e-01 2.224789e-01 2.380681e-01 5.586220e-01 3.971329e-01 6.824366e-01 4.844869e-01 4.719669e-01 2.177981e-01 3.995315e-01 
45 631 0 0 0 7.856803e-02 5.221492e-01 4.793000e-01 6.166398e-01 1.436688e-01 5.101642e-01 6.490093e-01 1.141004e-01 8.145395e-01 3.578935e-01 7.939719e-01 3.421153e-01 3.236008e-01 1.164445e-01 7.006822e-01 3.354446e-01 5.347842e-01 7.031980e-01 6.510138e-01 5.468824e-01 7.606518e-01 8.988586e-01 5.826006e-01 1.670591e-01 5.968503e-01 1.159361e-01 1.581730e-01 5.169344e-01 4.308989e-01 6.502708e-01 4.389581e-01 4.287928e-01 1.498266e-01 6.063087e-01 
46 645 0 0 0 1.872387e-01 5.237310e-01 4.063084e-01 5.639159e-01 1.189295e-01 4.004577e-01 5.614192e-01 2.625113e-01 7.987071e-01 3.265836e-01 7.903004e-01 2.910051e-01 2.796786e-01 1.730975e-01 6.848177e-01 2.887890e-01 5.123053e-01 6.579947e-01 7.300871e-01 4.122549e-01 8.192983e-01 8.997336e-01 5.541220e-01 3.105297e-01 6.185323e-01 1.545898e-01 3.637319e-01 4.637615e-01 3.546322e-01 5.292043e-01 4.045722e-01 3.430896e-01 2.291142e-01 4.687020e-01 
47 659 0 0 0 2.042592e-01 4.249370e-01 4.017568e-01 5.828233e-01 1.595391e-01 3.349622e-01 4.641279e-01 2.928843e-01 7.665124e-01 3.183193e-01 7.642102e-01 3.181593e-01 3.021035e-01 1.275467e-01 6.274494e-01 2.805213e-01 5.660441e-01 6.554739e-01 7.284614e-01 3.540788e-01 7.451656e-01 8.657518e-01 5.538685e-01 3.256143e-01 5.997556e-01 2.007160e-01 3.239294e-01 5.232571e-01 2.443470e-01 5.925841e-01 3.282273e-01 3.614528e-01 2.473912e-01 3.953794e-01 
48 673 0 0 0 2.436934e-01 4.921400e-01 3.375240e-01 3.849356e-01 1.943134e-01 3.281817e-01 5.538318e-01 2.848870e-01 7.826605e-01 5.279870e-01 7.052569e-01 3.676047e-01 3.479655e-01 1.556383e-01 5.584596e-01 2.727942e-01 6.103639e-01 5.084195e-01 6.552663e-01 3.884416e-01 8.133108e-01 8.842660e-01 5.505254e-01 3.451792e-01 7.781052e-01 2.373216e-01 3.423014e-01 6.297906e-01 2.085564e-01 6.185184e-01 3.504292e-01 4.529021e-01 2.523098e-01 3.820703e-01 
49 687 0 0 0 2.765606e-01 4.835778e-01 3.972248e-01 3.052749e-01 1.945185e-01 3.707370e-01 5.866752e-01 2.921233e-01 8.189622e-01 6.334390e-01 8.042300e-01 3.225821e-01 5.009520e-01 2.915686e-01 5.596017e-01 2.660186e-01 7.699354e-01 5.512868e-01 5.897942e-01 3.676341e-01 6.994481e-01 8.532336e-01 5.972998e-01 4.011281e-01 7.144694e-01 1.809022e-01 3.509947e-01 6.763556e-01 2.399537e-01 5.871003e-01 3.728877e-01 3.951160e-01 3.254578e-01 3.486384e-01 
50 701 0 0 0 3.102403e-01 4.137154e-01 4.329686e-01 4.470337e-01 1.350063e-01 4.205330e-01 5.969005e-01 2.758848e-01 7.674081e-01 6.371574e-01 7.486761e-01 3.334540e-01 6.024091e-01 1.521116e-01 5.467610e-01 3.309562e-01 6.263752e-01 5.226287e-01 6.501117e-01 4.405364e-01 8.226583e-01 9.403347e-01 7.385081e-01 3.455215e-01 7.032841e-01 2.486331e-01 2.434126e-01 7.132698e-01 2.971700e-01 5.151102e-01 3.494214e-01 3.236417e-01 3.321620e-01 3.609431e-01 
51 715 0 0 0 2.747188e-01 4.032189e-01 4.177562e-01 4.687136e-01 1.535793e-01 4.789132e-01 6.145688e-01 3.864190e-01 6.804715e-01 5.744359e-01 7.915072e-01 3.268716e-01 5.913814e-01 1.234965e-01 5.340436e-01 2.753747e-01 6.665548e-01 6.299225e-01 8.243839e-01 4.843753e-01 8.292964e-01 8.696812e-01 6.858986e-01 4.530029e-01 7.057381e-01 2.930471e-01 2.507353e-01 6.413209e-01 4.072262e-01 6.999327e-01 4.666842e-01 4.258165e-01 2.346492e-01 4.170766e-01 
52 729 0 0 0 3.062177e-01 3.868187e-01 4.608159e-01 3.669319e-01 1.139090e-01 5.492335e-01 6.637121e-01 1.569235e-01 4.963658e-01 5.992617e-01 8.635295e-01 4.829304e-01 8.039865e-01 2.243625e-01 4.849628e-01 3.343301e-01 6.570768e-01 6.507401e-01 7.449777e-01 4.284982e-01 8.763710e-01 9.389555e-01 5.598183e-01 6.086284e-01 7.191472e-01 2.419946e-01 2.387057e-01 6.989650e-01 5.087472e-01 6.608581e-01 3.982639e-01 4.340507e-01 1.976169e-01 5.868718e-01 
53 743 0 0 0 3.391072e-01 3.377830e-01 3.629569e-01 4.459136e-01 1.842460e-01 6.012927e-01 6.147881e-01 2.402594e-01 4.693754e-01 6.369849e-01 8.761134e-01 4.983625e-01 7.494072e-01 2.031767e-01 5.427607e-01 3.035313e-01 6.093660e-01 5.704472e-01 6.375275e-01 5.211125e-01 8.204309e-01 8.978029e-01 4.862374e-01 4.997821e-01 7.176498e-01 4.141955e-01 3.478268e-01 7.874541e-01 4.370233e-01 6.033016e-01 2.991269e-01 4.873756e-01 1.207408e-01 5.667737e-01 
54 757 0 0 0 3.658353e-01 3.838575e-01 4.072349e-01 3.963198e-01 8.786448e-02 5.881989e-01 6.309642e-01 2.291433e-01 5.099655e-01 6.776084e-01 8.755677e-01 4.683550e-01 6.882059e-01 2.301707e-01 5.987643e-01 2.434155e-01 6.694944e-01 4.009711e-01 6.348855e-01 6.127853e-01 6.721456e-01 8.103519e-01 5.898627e-01 6.156776e-01 7.448811e-01 4.254310e-01 2.945526e-01 7.769857e-01 3.281379e-01 7.551743e-01 3.710212e-01 4.248868e-01 2.985422e-01 6.889513e-01 
55 771 0 0 0 4.322808e-01 3.637410e-01 3.972538e-01 4.151952e-01 1.843075e-01 6.810436e-01 6.686984e-01 3.336262e-01 4.795790e-01 6.842387e-01 7.642263e-01 5.440009e-01 7.368678e-01 1.742834e-01 6.266548e-01 1.672883e-01 5.631417e-01 4.106594e-01 6.576410e-01 6.738623e-01 6.355032e-01 7.413143e-01 5.162440e-01 5.181140e-01 7.352285e-01 4.918311e-01 3.801638e-01 7.191466e-01 2.227934e-01 6.680073e-01 3.968496e-01 4.197107e-01 4.442218e-01 7.117374e-01 
56 785 0 0 0 4.869319e-01 2.000724e-01 4.197044e-01 3.720127e-01 2.386173e-01 6.105238e-01 5.245125e-01 3.310141e-01 4.829283e-01 7.017457e-01 7.095669e-01 5.180327e-01 7.423215e-01 2.335262e-01 4.892772e-01 2.841268e-01 6.665498e-01 4.226100e-01 5.554652e-01 6.932712e-01 4.918847e-01 7.704735e-01 5.853138e-01 3.982187e-01 7.141411e-01 4.913798e-01 4.185865e-01 6.180971e-01 1.566376e-01 5.027199e-01 4.369947e-01 4.696032e-01 4.470326e-01 6.836530e-01 
57 799 0 0 0 5.767049e-01 2.804161e-01 4.538454e-01 3.578050e-01 2.307351e-01 5.910972e-01 5.666195e-01 1.830681e-01 4.614907e-01 7.355356e-01 6.727452e-01 6.404376e-01 7.808430e-01 1.972568e-01 5.076033e-01 2.508211e-01 7.525937e-01 4.555990e-01 4.579816e-01 7.474699e-01 4.656948e-01 7.188203e-01 5.690095e-01 4.998044e-01 6.470538e-01 4.289265e-01 5.488560e-01 5.646605e-01 1.660711e-01 5.692924e-01 4.750102e-01 3.761995e-01 5.241485e-01 6.817877e-01 
58 813 0 0 0 4.636640e-01 8.685686e-02 5.404496e-01 5.195279e-01 3.518159e-01 7.652829e-01 5.164345e-01 2.539968e-01 3.264684e-01 7.254984e-01 7.270624e-01 6.569450e-01 6.939832e-01 3.202851e-01 4.513808e-01 1.571600e-01 7.438279e-01 3.370914e-01 2.618719e-01 7.774113e-01 5.723374e-01 6.461796e-01 6.497184e-01 5.734872e-01 7.372303e-01 4.876862e-01 7.109337e-01 4.980876e-01 2.278883e-01 5.345467e-01 3.356150e-01 4.969839e-01 5.905009e-01 6.132810e-01 
59 827 0 0 0 4.929938e-01 2.315452e-01 5.362593e-01 3.067502e-01 4.903807e-01 6.363236e-01 6.324877e-01 2.812686e-01 3.119573e-01 8.817595e-01 5.802933e-01 6.864658e-01 7.808241e-01 4.280208e-01 3.851159e-01 1.887954e-01 6.838662e-01 2.879614e-01 4.018477e-01 6.905604e-01 6.157446e-01 7.405644e-01 4.651576e-01 5.680109e-01 8.041059e-01 4.742563e-01 8.939054e-01 2.650366e-01 1.678817e-01 5.808041e-01 4.228109e-01 2.804457e-01 5.734974e-01 6.361952e-01 
60 841 0 0 0 3.307564e-01 2.415075e-01 7.198790e-01 4.930090e-01 3.428319e-01 7.050894e-01 7.085869e-01 1.907265e-01 2.588098e-01 6.917884e-01 6.072679e-01 7.812446e-01 7.660150e-01 4.854225e-01 4.406861e-01 2.618770e-01 6.090192e-01 4.291887e-01 3.837409e-01 6.109301e-01 6.960373e-01 8.352087e-01 5.519074e-01 4.167735e-01 7.683603e-01 5.276288e-01 7.658921e-01 3.365814e-01 2.955229e-01 6.410320e-01 4.044378e-01 2.691829e-01 4.873486e-01 6.490203e-01 
61 855 0 0 0 4.962114e-01 2.549960e-01 6.741079e-01 7.207269e-01 5.501521e-01 6.453777e-01 8.219110e-01 9.483896e-02 3.723195e-01 6.934168e-01 6.101754e-01 8.663962e-01 6.983213e-01 4.551838e-01 3.530835e-01 1.983988e-01 6.352954e-01 6.647079e-01 1.521020e-01 6.742717e-01 5.996915e-01 7.079331e-01 5.985302e-01 3.852526e-01 8.834490e-01 5.157678e-01 7.837590e-01 3.244033e-01 2.690337e-01 5.566818e-01 3.994649e-01 2.739443e-01 4.249141e-01 6.753138e-01 
62 869 0 0 0 5.370510e-01 4.877762e-02 6.384334e-01 8.780607e-01 5.697779e-01 6.146368e-01 8.758452e-01 2.000280e-01 3.673858e-01 6.087279e-01 6.325725e-01 8.255352e-01 5.791518e-01 4.294467e-01 4.510016e-01 1.919373e-01 5.392465e-01 5.906652e-01 2.559247e-01 7.404368e-01 5.486271e-01 7.773712e-01 4.974223e-01 2.367402e-01 8.865025e-01 4.784624e-01 7.471727e-01 3.552515e-01 3.411837e-01 3.852837e-01 4.137839e-01 2.329248e-01 3.273678e-01 6.766715e-01 
63 883 0 0 0 3.881271e-01 2.559898e-02 6.789962e-01 7.066091e-01 3.645578e-01 6.065601e-01 8.326268e-01 2.312171e-01 4.617948e-01 5.896479e-01 4.364056e-01 7.432699e-01 3.716183e-01 2.889666e-01 2.524843e-01 1.517910e-01 4.074763e-01 5.698859e-01 1.820653e-01 6.057144e-01 5.466899e-01 8.094903e-01 4.853602e-01 2.024433e-01 8.033086e-01 3.862522e-01 8.696737e-01 4.308176e-01 2.899302e-01 3.817862e-01 3.846438e-01 1.843143e-01 3.935488e-01 7.124731e-01 
64 897 0 0 0 3.104963e-01 4.740753e-04 5.975051e-01 6.771218e-01 3.168528e-01 7.066317e-01 9.412567e-01 2.369448e-01 3.748954e-01 5.709093e-01 2.559068e-01 7.719959e-01 3.906224e-01 3.909238e-01 3.117290e-01 1.425106e-01 3.954620e-01 4.853756e-01 1.799210e-01 6.509997e-01 5.569297e-01 8.339657e-01 5.383326e-01 2.191735e-01 7.954071e-01 4.754692e-01 8.872282e-01 2.734072e-01 2.290772e-01 4.358639e-01 3.846819e-01 1.424418e-01 3.014656e-01 6.636677e-01 
65 911 0 0 0 1.057240e-01 1.545590e-01 5.848537e-01 5.898504e-01 2.690854e-01 7.925570e-01 7.338509e-01 1.674925e-01 1.472051e-01 4.594918e-01 1.639531e-01 9.008638e-01 4.795965e-01 2.184274e-01 4.442329e-01 5.197966e-02 5.591786e-01 5.459194e-01 3.555431e-01 7.261396e-01 4.584135e-01 7.660408e-01 6.200635e-01 2.877989e-01 8.002248e-01 3.949359e-01 8.782233e-01 2.005137e-01 2.506692e-01 3.851740e-01 5.039616e-01 2.484969e-01 2.607013e-01 6.094658e-01 
66 925 0 0 0 1.764424e-01 1.227380e-01 5.535255e-01 5.838625e-01 3.216186e-01 7.863336e-01 6.725551e-01 2.548017e-01 2.808149e-01 5.060974e-01 8.395841e-02 9.221463e-01 5.614362e-01 1.187537e-01 3.805669e-01 1.814009e-01 6.070651e-01 4.487385e-01 4.828347e-01 7.029475e-01 4.536545e-01 7.998052e-01 5.658321e-01 1.929429e-01 8.257852e-01 3.848176e-01 8.998839e-01 2.933861e-01 2.906540e-01 5.704511e-01 7.030861e-01 1.861949e-01 2.767399e-01 6.447774e-01 
67 939 0 0 0 1.862956e-01 1.538614e-01 5.674622e-01 6.326584e-01 3.637646e-01 7.842966e-01 5.347860e-01 3.737599e-01 2.942143e-01 5.794110e-01 1.412843e-01 9.371072e-01 6.357928e-01 1.490726e-01 2.888280e-01 2.120467e-01 6.572150e-01 4.396077e-01 4.858073e-01 7.065499e-01 5.815966e-01 8.595639e-01 5.166124e-01 1.279718e-01 8.060318e-01 5.716158e-01 8.109333e-01 2.770388e-01 3.143068e-01 6.347809e-01 6.522278e-01 7.389136e-02 2.811665e-01 6.497463e-01 
68 953 0 0 0 1.971712e-01 2.106974e-01 5.445513e-01 6.200866e-01 2.840299e-01 7.846368e-01 6.394885e-01 2.412586e-01 4.530266e-01 6.183613e-01 2.107744e-01 8.724483e-01 6.651183e-01 1.472389e-01 2.890953e-01 1.656641e-01 6.509643e-01 2.824916e-01 3.909547e-01 8.074101e-01 4.827458e-01 9.453745e-01 5.732448e-01 1.912935e-01 7.572275e-01 5.253275e-01 8.696550e-01 5.572410e-01 1.796340e-01 7.405181e-01 5.418261e-01 9.466263e-02 2.474610e-01 5.430055e-01 
69 967 0 0 0 1.415759e-01 1.404204e-01 4.386265e-01 5.620705e-01 2.924505e-01 7.546925e-01 6.792914e-01 2.079946e-01 3.787528e-01 5.118773e-01 1.878926e-01 7.170842e-01 5.444923e-01 1.789176e-01 1.846492e-01 2.434898e-01 5.618510e-01 3.802137e-01 3.963481e-01 6.993152e-01 4.009584e-01 8.199739e-01 6.635982e-01 3.758197e-01 8.074285e-01 5.645739e-01 6.909536e-01 6.293453e-01 5.104507e-02 8.249209e-01 4.449452e-01 1.058041e-01 2.437427e-01 3.794160e-01 
70 981 0 0 0 2.608986e-01 1.233328e-01 3.681202e-01 6.739142e-01 2.933983e-01 7.974512e-01 6.601552e-01 2.297285e-01 3.883250e-01 5.658085e-01 2.345053e-01 7.167136e-01 5.876017e-01 1.960718e-01 1.540458e-01 2.668211e-01 4.259634e-01 3.651417e-01 3.455785e-01 7.062870e-01 3.248190e-01 7.716089e-01 6.035178e-01 3.483723e-01 7.559920e-01 6.592694e-01 8.492065e-01 4.429278e-01 6.720460e-02 8.041880e-01 4.099742e-01 6.912574e-02 3.383183e-01 3.555749e-01 
71 995 0 0 0 2.777578e-01 1.890016e-01 4.197220e-01 6.987925e-01 2.837621e-01 8.191390e-01 6.904412e-01 3.080821e-01 4.093689e-01 4.697175e-01 2.221403e-01 7.542908e-01 6.637091e-01 2.034657e-01 1.406323e-01 2.400897e-01 4.025661e-01 3.302364e-01 3.563381e-01 7.297590e-01 2.689331e-01 7.855197e-01 6.759552e-01 3.058571e-01 7.440697e-01 6.662635e-01 8.322533e-01 4.469807e-01 8.266822e-02 7.561756e-01 2.943650e-01 1.247111e-01 4.710369e-01 2.871910e-01 
72 1009 0 0 0 2.163215e-01 1.818973e-01 3.877789e-01 7.689847e-01 3.143409e-01 8.078030e-01 5.821862e-01 3.492157e-01 4.437893e-01 4.609054e-01 2.252524e-01 6.668456e-01 7.547165e-01 2.054819e-01 2.268995e-01 3.438774e-01 4.748951e-01 4.160760e-01 4.212749e-01 6.223983e-01 3.143873e-01 8.323377e-01 6.495804e-01 3.272688e-01 6.113745e-01 5.810824e-01 8.213506e-01 4.448313e-01 2.241002e-01 7.094156e-01 3.760733e-01 2.079394e-01 3.069327e-01 2.517342e-01 
73 1023 0 0 0 2.546324e-01 2.853472e-01 4.079476e-01 7.505758e-01 2.027000e-01 7.329111e-01 5.566083e-01 3.859375e-01 4.679387e-01 3.698376e-01 2.871156e-01 6.459438e-01 7.359166e-01 1.669361e-01 1.744275e-01 3.205651e-01 4.102411e-01 2.668874e-01 4.222752e-01 5.518066e-01 3.682039e-01 7.387388e-01 6.151295e-01 1.882813e-01 5.945246e-01 6.395711e-01 8.415417e-01 5.306445e-01 2.734999e-01 8.173791e-01 4.598957e-01 1.235076e-01 3.176250e-01 3.145162e-01 
74 1037 0 0 0 2.494442e-01 2.539309e-01 5.751525e-01 7.240206e-01 2.456129e-01 8.189091e-01 6.516017e-01 4.761648e-01 2.907975e-01 3.991572e-01 2.747972e-01 5.912867e-01 5.942867e-01 8.733331e-02 1.617278e-01 3.431804e-01 4.488180e-01 1.572436e-01 4.518666e-01 6.380680e-01 1.811618e-01 7.859670e-01 6.748306e-01 3.325359e-01 5.571385e-01 6.059684e-01 8.401366e-01 5.862349e-01 3.719223e-01 8.592927e-01 4.207859e-01 2.302015e-01 3.442098e-01 1.695524e-01 
75 1051 0 0 0 2.775494e-01 2.805858e-01 5.031580e-01 5.661736e-01 2.450119e-01 7.885248e-01 8.575415e-01 4.958957e-01 4.312167e-01 3.259072e-01 2.711121e-01 6.944877e-01 6.129402e-01 9.462309e-02 1.956479e-01 4.041437e-01 4.867254e-01 2.978058e-01 4.323722e-01 7.562711e-01 3.258288e-01 7.909604e-01 5.500039e-01 2.649547e-01 4.880226e-01 5.772582e-01 6.899075e-01 6.999372e-01 3.323259e-01 6.623211e-01 4.761740e-01 1.598728e-01 2.393042e-01 1.027264e-01 
76 1065 0 0 0 1.127321e-01 2.743279e-01 4.429273e-01 6.099420e-01 2.213180e-01 7.634252e-01 8.219365e-01 3.265751e-01 4.829553e-01 2.616117e-01 1.586447e-01 6.780266e-01 5.260325e-01 7.313102e-02 6.791347e-02 2.347070e-01 5.150639e-01 2.630623e-01 4.638050e-01 9.842691e-01 3.205179e-01 6.946738e-01 5.100818e-01 3.821704e-01 5.494563e-01 6.053114e-01 8.741340e-01 5.528027e-01 4.612437e-01 5.524022e-01 5.364001e-01 1.284159e-01 2.322769e-01 1.213644e-01 
77 1079 0 0 0 1.636140e-01 2.931100e-01 4.539611e-01 6.162623e-01 2.062183e-01 7.530851e-01 8.792589e-01 2.677338e-01 5.480130e-01 2.710751e-01 2.486881e-01 6.328079e-01 4.778391e-01 4.478913e-02 2.126515e-01 3.263963e-01 4.914914e-01 2.936611e-01 4.038971e-01 1.006450e+00 2.381663e-01 6.877489e-01 4.440312e-01 2.703374e-01 5.248097e-01 8.141577e-01 8.593169e-01 5.292628e-01 4.363016e-01 7.276552e-01 5.862569e-01 1.423600e-02 2.760030e-01 1.196711e-01 
78 1093 0 0 0 1.724587e-01 3.155395e-01 4.804971e-01 7.761170e-01 1.194326e-01 7.853219e-01 8.581198e-01 1.848011e-01 4.472526e-01 3.931170e-01 2.459052e-01 7.119393e-01 3.163480e-01 1.596209e-01 2.049722e-01 2.613686e-01 5.502917e-01 3.942051e-01 3.950946e-01 9.354275e-01 3.486434e-01 6.243068e-01 4.531774e-01 2.453531e-01 6.493765e-01 7.766278e-01 7.180761e-01 5.687448e-01 2.891607e-01 7.718266e-01 5.130211e-01 -5.528091e-03 2.876623e-01 8.601546e-02 
79 1107 0 0 0 2.733982e-01 4.078242e-01 5.467214e-01 7.953733e-01 3.890936e-02 7.152116e-01 8.685158e-01 3.008137e-01 3.497495e-01 3.813187e-01 2.323600e-01 7.221835e-01 3.150412e-01 1.048256e-01 1.271151e-02 3.737805e-01 7.024726e-01 4.390567e-01 4.246169e-01 9.194071e-01 3.362469e-01 6.297228e-01 5.698745e-01 2.831592e-01 6.929223e-01 7.819006e-01 8.080638e-01 6.241877e-01 3.432270e-01 6.380894e-01 4.682627e-01 3.798887e-02 2.773658e-01 2.046124e-01 
80 1121 0 0 0 2.166654e-01 4.008143e-01 7.178814e-01 7.681216e-01 9.840464e-02 6.990464e-01 8.591733e-01 2.090510e-01 2.427522e-01 4.563023e-01 3.173343e-01 8.146089e-01 4.070513e-01 2.891385e-01 1.375871e-01 3.945368e-01 7.804492e-01 5.573706e-01 4.991863e-01 9.451182e-01 3.799937e-01 5.207609e-01 5.652516e-01 3.822875e-01 7.082154e-01 7.324738e-01 7.646759e-01 5.270930e-01 2.916805e-01 5.799252e-01 4.712444e-01 2.262697e-01 2.414031e-01 2.326621e-01 
81 1135 0 0 0 2.143028e-01 3.759983e-01 6.632366e-01 7.541541e-01 1.505878e-01 7.952010e-01 8.420324e-01 1.421388e-01 1.769515e-01 3.723733e-01 3.163816e-01 8.339292e-01 4.197972e-01 2.846988e-01 1.095068e-01 2.696464e-01 8.317387e-01 6.444354e-01 4.513515e-01 9.718378e-01 4.801792e-01 5.487379e-01 5.015351e-01 4.568955e-01 8.084368e-01 7.469357e-01 7.575337e-01 4.766687e-01 3.145759e-01 4.581318e-01 4.693598e-01 2.564045e-01 1.820826e-01 1.988156e-01 
82 1149 0 0 0 1.310266e-01 3.363734e-01 6.359284e-01 6.792318e-01 2.907880e-01 7.888515e-01 8.850059e-01 1.145783e-01 1.345486e-01 3.157937e-01 2.869138e-01 9.387264e-01 5.548348e-01 2.886736e-01 1.782131e-01 3.674403e-01 9.296421e-01 6.447424e-01 3.911470e-01 9.911562e-01 5.891714e-01 5.550201e-01 5.539730e-01 3.804723e-01 7.742270e-01 7.581257e-01 6.486894e-01 6.321718e-01 2.168817e-01 4.735928e-01 4.417350e-01 3.327238e-01 1.519768e-01 1.737623e-01 
83 1163 0 0 0 2.761423e-01 4.638198e-01 6.294030e-01 7.171936e-01 3.751047e-01 8.211312e-01 8.849628e-01 8.579019e-02 2.399722e-01 4.932861e-01 3.372731e-01 8.573045e-01 5.318264e-01 2.420875e-01 2.081230e-01 3.067876e-01 9.288556e-01 5.366841e-01 3.038163e-01 9.713681e-01 6.169087e-01 6.056427e-01 5.939099e-01 3.442653e-01 7.506882e-01 6.558301e-01 6.219926e-01 5.326147e-01 2.663356e-01 3.957049e-01 4.991580e-01 3.491318e-01 2.256215e-01 2.331948e-01 
84 1177 0 0 0 2.867147e-01 3.417551e-01 5.736576e-01 7.433489e-01 3.995037e-01 7.261455e-01 9.374884e-01 1.487797e-01 2.074689e-01 3.470805e-01 2.991057e-01 6.754451e-01 6.265084e-01 2.870890e-01 2.181703e-01 2.317549e-01 9.565316e-01 5.573064e-01 3.081535e-01 8.976389e-01 6.141022e-01 5.847109e-01 5.177990e-01 3.895378e-01 6.895284e-01 7.175340e-01 6.592658e-01 4.876051e-01 2.768549e-01 4.771748e-01 5.106007e-01 3.566156e-01 1.740340e-01 1.163969e-01 
85 1191 0 0 0 4.423479e-01 3.886180e-01 6.028297e-01 6.464538e-01 5.012378e-01 6.525611e-01 8.040479e-01 1.411001e-01 1.905652e-01 4.323925e-01 3.217672e-01 6.627546e-01 6.314937e-01 2.994925e-01 1.704550e-01 3.307678e-01 9.062108e-01 5.825584e-01 2.229198e-01 8.706604e-01 6.219999e-01 5.371471e-01 5.016709e-01 4.390621e-01 6.956880e-01 7.369820e-01 5.688650e-01 5.504408e-01 3.423680e-01 6.124999e-01 5.314355e-01 3.899935e-01 1.604648e-01 1.711551e-01 
86 1205 0 0 0 4.056312e-01 4.430606e-01 7.175310e-01 5.906496e-01 4.780842e-01 7.322675e-01 7.847330e-01 2.577089e-01 2.525182e-01 5.002991e-01 3.252247e-01 7.035962e-01 5.675172e-01 3.379187e-01 1.359075e-01 3.866844e-01 8.810461e-01 5.753998e-01 2.085692e-01 8.127805e-01 6.908751e-01 5.802800e-01 4.791064e-01 3.791357e-01 7.482680e-01 6.762820e-01 5.029715e-01 5.977876e-01 2.851898e-01 6.390563e-01 5.946792e-01 4.048123e-01 1.301948e-01 2.959342e-01 
87 1219 0 0 0 4.064853e-01 5.106188e-01 6.895484e-01 7.265698e-01 5.363683e-01 7.755849e-01 8.403908e-01 2.889599e-01 1.463459e-01 5.999750e-01 2.810442e-01 6.379196e-01 6.368138e-01 2.423157e-01 9.667223e-02 3.989098e-01 8.320591e-01 6.061526e-01 1.262240e-01 6.932398e-01 7.061292e-01 5.306079e-01 5.330706e-01 3.478259e-01 7.545967e-01 6.532608e-01 5.006994e-01 6.845931e-01 3.604935e-01 7.168346e-01 5.893112e-01 3.869033e-01 9.097804e-02 3.251614e-01 
88 1233 0 0 0 2.769342e-01 4.164218e-01 5.335245e-01 8.350655e-01 4.798654e-01 8.475938e-01 6.759076e-01 3.556245e-01 2.112301e-01 6.759190e-01 3.359890e-01 5.746101e-01 6.552703e-01 2.392033e-01 5.401560e-02 4.506012e-01 8.876017e-01 4.888808e-01 1.890848e-01 6.659671e-01 7.404680e-01 4.230946e-01 5.510344e-01 4.865346e-01 7.502047e-01 6.657883e-01 5.857371e-01 7.428329e-01 3.558437e-01 7.436888e-01 5.036708e-01 3.909602e-01 7.780434e-02 3.712131e-01 
89 1247 0 0 0 1.646740e-01 4.359812e-01 5.976717e-01 7.373379e-01 4.982705e-01 7.335546e-01 6.687791e-01 2.884549e-01 2.211240e-01 5.160695e-01 2.165057e-01 5.606153e-01 6.165613e-01 2.066059e-01 1.865887e-01 3.798636e-01 9.215875e-01 5.142594e-01 1.510314e-01 6.193630e-01 6.986887e-01 4.272812e-01 5.424330e-01 4.230114e-01 5.784581e-01 6.902135e-01 3.796634e-01 6.263046e-01 3.809252e-01 9.116236e-01 4.832137e-01 3.712319e-01 1.303829e-01 2.606873e-01 
90 1261 0 0 0 1.307687e-01 2.277688e-01 5.876011e-01 7.902572e-01 4.353996e-01 7.846141e-01 7.278583e-01 3.289183e-01 2.619467e-02 6.099004e-01 1.528408e-01 5.510460e-01 6.144000e-01 1.104297e-01 2.437503e-01 4.458204e-01 8.442529e-01 5.378992e-01 2.519437e-01 5.338434e-01 6.484293e-01 4.161079e-01 5.285089e-01 2.815664e-01 5.732836e-01 6.341702e-01 4.518563e-01 6.264374e-01 3.783665e-01 8.312795e-01 5.397217e-01 4.072737e-01 1.335377e-01 4.547031e-01 
91 1275 0 0 0 8.225396e-02 3.117387e-01 5.575014e-01 8.761785e-01 3.889944e-01 5.983982e-01 7.212626e-01 3.516324e-01 9.800204e-02 6.582562e-01 2.343454e-01 4.279406e-01 5.160520e-01 2.894438e-01 2.003500e-01 3.506346e-01 7.764442e-01 5.707055e-01 1.963165e-01 4.081746e-01 8.339388e-01 4.005058e-01 3.591438e-01 3.468861e-01 5.042539e-01 6.355687e-01 5.818717e-01 5.607033e-01 4.853759e-01 8.200669e-01 4.484910e-01 4.463830e-01 1.552672e-01 3.741415e-01 
92 1289 0 0 0 3.112465e-01 2.385856e-01 6.913708e-01 8.209935e-01 4.726779e-01 5.542352e-01 8.633013e-01 2.458620e-01 1.372567e-01 4.987147e-01 1.539980e-01 4.358902e-01 5.209738e-01 3.965381e-01 2.249732e-01 3.896307e-01 8.634022e-01 5.653830e-01 2.263273e-01 4.105178e-01 7.714415e-01 2.904501e-01 3.958119e-01 4.104611e-01 4.284254e-01 7.105141e-01 7.766873e-01 5.206102e-01 5.295058e-01 8.630768e-01 4.965730e-01 4.738016e-01 2.538097e-01 4.710961e-01 
93 1303 0 0 0 4.520475e-01 2.519890e-01 7.601388e-01 7.327195e-01 5.266346e-01 6.619909e-01 7.847130e-01 2.303088e-01 1.520385e-01 4.148973e-01 1.629222e-01 5.000809e-01 3.540107e-01 4.741713e-01 3.018642e-01 2.351200e-01 7.010719e-01 6.854199e-01 2.935398e-01 3.619136e-01 7.327562e-01 8.378990e-02 5.372833e-01 2.927266e-01 4.712179e-01 6.942898e-01 7.494984e-01 4.100186e-01 5.228312e-01 8.577590e-01 3.713796e-01 3.563014e-01 2.288699e-01 6.083704e-01 
94 1317 0 0 0 4.532773e-01 2.120092e-01 7.600819e-01 7.846976e-01 6.161003e-01 6.964635e-01 6.207372e-01 1.406708e-01 1.915002e-01 4.207909e-01 1.661208e-01 5.270897e-01 3.965370e-01 6.325726e-01 3.242696e-01 1.902960e-01 7.200332e-01 7.259358e-01 3.074472e-01 4.112967e-01 8.860505e-01 8.212063e-02 5.282580e-01 1.942205e-01 4.811300e-01 6.527173e-01 7.771227e-01 4.091289e-01 6.129674e-01 9.458871e-01 2.888038e-01 3.353994e-01 1.166916e-01 7.197270e-01 
95 1331 0 0 0 5.132196e-01 1.979199e-01 8.345810e-01 8.960438e-01 6.068477e-01 5.940727e-01 6.198535e-01 7.751709e-02 1.576358e-01 4.934016e-01 2.226084e-01 4.989484e-01 2.732448e-01 6.835434e-01 3.308858e-01 3.025985e-01 6.726509e-01 6.585237e-01 1.619037e-01 4.730317e-01 9.183904e-01 4.723876e-02 4.671839e-01 2.492289e-01 4.695713e-01 6.880131e-01 7.412131e-01 4.303910e-01 6.536420e-01 8.152412e-01 2.319763e-01 2.791199e-01 2.397317e-01 6.286215e-01 
96 1345 0 0 0 5.083476e-01 2.454110e-01 6.855979e-01 8.556110e-01 6.121028e-01 6.175504e-01 6.007789e-01 5.770468e-02 1.718800e-01 4.171304e-01 2.037396e-01 4.247704e-01 2.946694e-01 6.399234e-01 3.292080e-01 4.514797e-01 6.141568e-01 5.515383e-01 1.611577e-01 5.109452e-01 8.251717e-01 4.187958e-02 5.106854e-01 2.454307e-01 4.183005e-01 7.752674e-01 7.005024e-01 5.388928e-01 6.879808e-01 9.128734e-01 2.863590e-01 3.471485e-01 2.381020e-01 5.212424e-01 
97 1359 0 0 0 4.872040e-01 3.418988e-01 6.522103e-01 9.232527e-01 5.448785e-01 7.832741e-01 6.357347e-01 5.938978e-02 1.887248e-01 3.447445e-01 2.790424e-01 4.483402e-01 3.125744e-01 7.204471e-01 3.069275e-01 3.832321e-01 5.549554e-01 6.022194e-01 1.539065e-01 6.529838e-01 7.613786e-01 1.129516e-01 4.792436e-01 2.178679e-01 4.665300e-01 7.452846e-01 7.236355e-01 5.359496e-01 6.196838e-01 7.298021e-01 2.697151e-01 2.214937e-01 2.845224e-01 3.966290e-01 
98 1373 0 0 0 4.443635e-01 3.520975e-01 7.340118e-01 8.771099e-01 4.733969e-01 7.690642e-01 6.563526e-01 7.859268e-02 1.769856e-01 2.277857e-01 2.651382e-01 4.881628e-01 2.127269e-01 8.092848e-01 2.889281e-01 3.829833e-01 6.373969e-01 6.183908e-01 2.787291e-01 6.836495e-01 7.249028e-01 2.081877e-01 2.981321e-01 2.190917e-01 5.719947e-01 8.135244e-01 7.225878e-01 5.534428e-01 6.015693e-01 6.664635e-01 4.622197e-01 2.290430e-01 4.156359e-01 4.195563e-01 
99 1387 0 0 0 5.087297e-01 3.379052e-01 8.946237e-01 8.659279e-01 4.467274e-01 6.688753e-01 5.759373e-01 1.475181e-01 1.020913e-01 1.783623e-01 1.599089e-01 4.910353e-01 1.869997e-01 8.081996e-01 2.557675e-01 2.049245e-01 6.527017e-01 6.233729e-01 2.852920e-01 6.417641e-01 6.805670e-01 2.558747e-01 3.472012e-01 3.361632e-01 4.217428e-01 7.843340e-01 6.058872e-01 5.609495e-01 5.936954e-01 3.511956e-01 3.967173e-01 2.764217e-01 4.597655e-01 4.222561e-01 
100 1401 0 0 0 5.178370e-01 2.721659e-01 8.084843e-01 7.111704e-01 4.438312e-01 6.714987e-01 6.152337e-01 1.751762e-01 1.960669e-01 2.370572e-01 1.311869e-01 6.889875e-01 3.289645e-01 8.898494e-01 3.170286e-01 1.770016e-01 8.133522e-01 5.867412e-01 3.859637e-01 6.299355e-01 7.067821e-01 3.122971e-01 4.052725e-01 2.899009e-01 4.205238e-01 7.991982e-01 6.666285e-01 4.937953e-01 5.526976e-01 3.816790e-01 2.924159e-01 3.139386e-01 5.315706e-01 3.638022e-01 
101 1415 0 0 0 5.056867e-01 2.162105e-01 8.999696e-01 6.640806e-01 4.948554e-01 7.288307e-01 6.620781e-01 1.601835e-01 2.905555e-01 2.178942e-01 2.229271e-01 7.299586e-01 3.642901e-01 9.272785e-01 2.179814e-01 1.980431e-01 7.745501e-01 6.921379e-01 4.548412e-01 6.383177e-01 5.804246e-01 3.467093e-01 4.297390e-01 2.925551e-01 4.133349e-01 8.389982e-01 7.015297e-01 4.848240e-01 5.229193e-01 3.662023e-01 3.042673e-01 3.911482e-01 5.197802e-01 2.562016e-01 
102 1429 0 0 0 5.446589e-01 2.285857e-01 8.844423e-01 6.204994e-01 4.651161e-01 7.192330e-01 6.306005e-01 1.182318e-01 2.588076e-01 3.564085e-01 2.492990e-01 7.984588e-01 4.285449e-01 8.285859e-01 3.050763e-01 2.283755e-01 8.903923e-01 6.527981e-01 2.812474e-01 6.237977e-01 5.372399e-01 3.959379e-01 3.644581e-01 3.773661e-01 4.628088e-01 8.403765e-01 5.954531e-01 4.960997e-01 4.368174e-01 4.044284e-01 3.948046e-01 4.179739e-01 5.664977e-01 3.773096e-01 
103 1443 0 0 0 5.406005e-01 2.827581e-01 8.373635e-01 6.318313e-01 4.616975e-01 7.404808e-01 6.179264e-01 1.591546e-01 3.179215e-01 3.929948e-01 3.232974e-01 8.456324e-01 4.694808e-01 6.691714e-01 3.371014e-01 2.897985e-01 8.818489e-01 6.557489e-01 2.687232e-01 5.323360e-01 5.124137e-01 4.591298e-01 2.929083e-01 3.510577e-01 4.813918e-01 8.160852e-01 5.556210e-01 6.197152e-01 3.792390e-01 4.673451e-01 4.148093e-01 5.272504e-01 5.770754e-01 3.154769e-01 
104 1457 0 0 0 5.298553e-01 3.207115e-01 8.145993e-01 6.034225e-01 3.044707e-01 7.123980e-01 6.543327e-01 2.214072e-01 3.864705e-01 3.995848e-01 2.608006e-01 7.460524e-01 4.738629e-01 7.407361e-01 4.036020e-01 3.321420e-01 8.778627e-01 6.711089e-01 2.364151e-01 5.214641e-01 5.213229e-01 5.811990e-01 1.646424e-01 4.306609e-01 3.978499e-01 8.317162e-01 5.037945e-01 6.572572e-01 3.138414e-01 4.669502e-01 3.713483e-01 4.764152e-01 6.901834e-01 4.247703e-01 
105 1471 0 0 0 5.842412e-01 3.361464e-01 8.599968e-01 6.745912e-01 2.837118e-01 6.664123e-01 6.031298e-01 1.925916e-01 3.357894e-01 4.532040e-01 3.340034e-01 7.294118e-01 5.784687e-01 7.868862e-01 4.138336e-01 3.433292e-01 8.523543e-01 5.826350e-01 2.486446e-01 4.888615e-01 5.006662e-01 5.079112e-01 1.014137e-01 4.331246e-01 4.508098e-01 6.727524e-01 6.063002e-01 7.509388e-01 2.206673e-01 5.485586e-01 3.387278e-01 4.872804e-01 6.772553e-01 4.429188e-01 
106 1485 0 0 0 6.813078e-01 4.736442e-01 7.443697e-01 7.454343e-01 2.626571e-01 6.575254e-01 5.443267e-01 1.135143e-01 3.224165e-01 5.264457e-01 3.787748e-01 7.167669e-01 7.068045e-01 6.367491e-01 2.558977e-01 5.150223e-01 7.064354e-01 5.328171e-01 2.861695e-01 4.818681e-01 3.707927e-01 4.933097e-01 2.276169e-01 3.823418e-01 3.506015e-01 7.307999e-01 5.381250e-01 7.471543e-01 3.117315e-01 5.483587e-01 2.127347e-01 3.865930e-01 5.708194e-01 3.978620e-01 
107 1499 0 0 0 4.617081e-01 4.446565e-01 8.381306e-01 7.692401e-01 3.525665e-01 5.834284e-01 6.057967e-01 1.285044e-01 3.803347e-01 5.969972e-01 4.559648e-01 8.560556e-01 8.207501e-01 6.196893e-01 3.084492e-01 4.536050e-01 5.873487e-01 4.733708e-01 2.061296e-01 6.665750e-01 4.555661e-01 4.445533e-01 1.025552e-01 3.780564e-01 2.549003e-01 6.588902e-01 3.549395e-01 7.149424e-01 4.072658e-01 4.337834e-01 1.720046e-01 3.434233e-01 5.534303e-01 5.178974e-01 
108 1513 0 0 0 4.757681e-01 3.313936e-01 8.041046e-01 7.925139e-01 3.055579e-01 5.590621e-01 8.365487e-01 1.220333e-01 3.951363e-01 6.671102e-01 3.298950e-01 8.726445e-01 7.412963e-01 6.283750e-01 3.914410e-01 4.206349e-01 5.253498e-01 4.787333e-01 2.806128e-01 6.946376e-01 3.760347e-01 3.769731e-01 1.255942e-01 3.191150e-01 2.249757e-01 6.041155e-01 4.481958e-01 7.810083e-01 4.072008e-01 4.896958e-01 3.435895e-01 3.366958e-01 5.861808e-01 5.183449e-01 
109 1527 0 0 0 4.845646e-01 2.499685e-01 9.032507e-01 7.740643e-01 3.205878e-01 5.016846e-01 7.656358e-01 1.975641e-01 2.539212e-01 6.741392e-01 3.327548e-01 8.797380e-01 7.052290e-01 4.832571e-01 3.977368e-01 2.992653e-01 4.850072e-01 5.708691e-01 1.289247e-01 7.823191e-01 3.709737e-01 2.324723e-01 1.600137e-01 4.061772e-01 2.945396e-01 7.131279e-01 4.522171e-01 6.935414e-01 3.728725e-01 4.680837e-01 4.078650e-01 4.007188e-01 5.171755e-01 5.036606e-01 
110 1541 0 0 0 4.733124e-01 1.828702e-01 9.684081e-01 8.425080e-01 2.595398e-01 3.583272e-01 6.685167e-01 1.626427e-01 2.359506e-01 6.734502e-01 2.643263e-01 8.752011e-01 6.936744e-01 5.728517e-01 4.102654e-01 3.470476e-01 5.184362e-01 5.787328e-01 2.083321e-01 7.120174e-01 3.519530e-01 2.298402e-01 2.023750e-01 4.383155e-01 3.719660e-01 5.806146e-01 4.701912e-01 6.722057e-01 3.663907e-01 4.275700e-01 5.198324e-01 4.101084e-01 6.401754e-01 3.317095e-01 
111 1555 0 0 0 5.136478e-01 1.402529e-01 8.326002e-01 7.635235e-01 1.613027e-01 2.417885e-01 5.147009e-01 1.168768e-01 2.369508e-01 6.147090e-01 2.492679e-01 9.187036e-01 6.025856e-01 4.937067e-01 2.072748e-01 3.863002e-01 4.279628e-01 7.035018e-01 1.540186e-01 7.246634e-01 3.442623e-01 2.208390e-01 1.408370e-01 3.966956e-01 3.529468e-01 6.132261e-01 5.044340e-01 7.068417e-01 3.908713e-01 2.693408e-01 4.464421e-01 3.878779e-01 6.905832e-01 4.204308e-01 
112 1569 0 0 0 4.249720e-01 1.664444e-01 8.555151e-01 7.371485e-01 1.408406e-01 2.502554e-01 4.800725e-01 2.090980e-01 2.229571e-01 6.540368e-01 3.534319e-01 8.594001e-01 6.937787e-01 5.959071e-01 1.819587e-01 4.224178e-01 4.319410e-01 6.633796e-01 1.759107e-01 6.594090e-01 4.511525e-01 2.587845e-01 1.344239e-01 4.438159e-01 1.869663e-01 5.472660e-01 5.519064e-01 6.728391e-01 5.431872e-01 2.566480e-01 4.778455e-01 3.451751e-01 6.541219e-01 4.012250e-01 
113 1583 0 0 0 4.560313e-01 1.197120e-01 8.575743e-01 6.962412e-01 7.965016e-02 3.005187e-01 4.958075e-01 2.969503e-01 2.206211e-01 5.564093e-01 2.836724e-01 7.350352e-01 5.604151e-01 5.339472e-01 1.514602e-01 4.358600e-01 3.755449e-01 6.597658e-01 6.794008e-02 7.051243e-01 3.820071e-01 2.047660e-01 1.823671e-01 4.654123e-01 2.503099e-01 5.367897e-01 4.959116e-01 7.073448e-01 4.777462e-01 1.965728e-01 4.485792e-01 3.365744e-01 4.574051e-01 5.628283e-01 
114 1597 0 0 0 4.612912e-01 1.245181e-01 8.674901e-01 7.689787e-01 1.559550e-02 2.239272e-01 4.287261e-01 2.816297e-01 1.560282e-01 4.028156e-01 3.190761e-01 7.258255e-01 5.638880e-01 4.538294e-01 2.225967e-01 5.116519e-01 4.314353e-01 7.615667e-01 1.178371e-03 6.467426e-01 3.198468e-01 1.085254e-01 2.234698e-01 5.584095e-01 3.914339e-01 4.834513e-01 5.409294e-01 7.150279e-01 4.001466e-01 2.900057e-01 3.593787e-01 2.828166e-01 5.878692e-01 6.323350e-01 
115 1611 0 0 0 4.410399e-01 2.534213e-01 7.991849e-01 8.198443e-01 -5.112601e-02 2.048434e-01 3.980258e-01 3.021284e-01 2.302491e-01 3.875695e-01 1.976309e-01 8.074147e-01 4.162152e-01 4.173392e-01 1.077027e-01 5.299889e-01 4.585840e-01 6.949908e-01 1.223368e-01 5.861764e-01 2.997276e-01 5.176352e-02 2.367821e-01 5.400441e-01 4.239268e-01 3.852902e-01 4.218047e-01 7.892856e-01 4.122478e-01 3.254187e-01 4.951136e-01 3.098897e-01 7.473571e-01 6.549020e-01 
116 1625 0 0 0 4.439485e-01 1.985657e-01 7.968121e-01 9.290968e-01 5.665934e-02 2.092802e-01 3.597349e-01 2.316240e-01 2.540189e-01 4.547266e-01 2.615306e-01 8.310578e-01 4.272732e-01 5.735759e-01 5.856379e-02 5.293697e-01 4.971834e-01 7.709481e-01 1.013005e-01 5.993201e-01 2.921419e-01 2.143829e-01 1.801736e-01 4.438733e-01 3.084574e-01 2.827073e-01 3.662495e-01 7.837022e-01 4.025232e-01 3.169423e-01 5.675544e-01 2.285534e-01 7.093681e-01 5.294117e-01 
117 1639 0 0 0 4.089105e-01 1.331766e-01 7.814986e-01 8.914383e-01 1.006155e-01 2.890773e-01 3.220286e-01 2.464075e-01 3.102259e-01 4.261312e-01 3.184364e-01 7.711058e-01 4.535354e-01 6.445689e-01 9.503848e-02 4.457467e-01 4.245624e-01 7.659181e-01 9.578037e-02 6.401228e-01 3.939021e-01 1.160561e-01 2.462240e-01 5.089466e-01 3.204490e-01 2.639755e-01 3.372168e-01 7.341534e-01 3.644091e-01 4.434084e-01 5.807105e-01 2.778224e-01 6.738972e-01 5.703396e-01 
118 1653 0 0 0 5.075025e-01 2.015256e-01 7.308079e-01 8.632958e-01 1.469016e-01 3.970220e-01 3.404105e-01 3.307486e-01 3.193597e-01 5.022843e-01 4.230790e-01 7.893493e-01 5.548999e-01 7.610054e-01 1.383993e-01 4.497992e-01 4.114201e-01 7.679132e-01 1.544604e-01 6.781205e-01 3.792845e-01 2.214951e-01 2.542151e-01 5.330311e-01 4.209906e-01 3.332245e-01 4.781988e-01 6.213901e-01 2.976865e-01 4.849882e-01 6.011302e-01 2.411535e-01 6.913465e-01 6.030187e-01 
119 1667 0 0 0 4.966142e-01 2.935418e-01 6.877941e-01 8.547055e-01 1.775346e-01 3.447798e-01 3.038731e-01 2.990146e-01 3.666760e-01 6.796049e-01 3.687772e-01 7.577766e-01 6.882547e-01 8.780364e-01 8.953484e-02 3.781321e-01 4.080655e-01 7.926904e-01 1.996351e-01 7.448078e-01 3.612072e-01 2.622189e-01 2.315706e-01 5.318724e-01 4.626597e-01 3.025000e-01 4.285222e-01 5.906288e-01 2.925465e-01 3.809913e-01 6.711735e-01 2.470304e-01 7.861812e-01 5.298210e-01 
120 1681 0 0 0 6.508061e-01 2.872942e-01 6.663102e-01 9.157673e-01 2.324372e-01 3.588863e-01 2.561921e-01 3.369674e-01 3.833695e-01 6.788267e-01 2.985383e-01 8.172613e-01 6.798225e-01 8.954736e-01 9.536895e-02 4.429603e-01 2.056896e-01 6.790937e-01 1.162648e-01 7.571794e-01 3.225741e-01 2.915927e-01 1.090235e-01 4.140321e-01 4.373410e-01 3.101131e-01 5.176844e-01 5.584284e-01 4.045021e-01 2.119755e-01 7.585519e-01 2.237144e-01 6.159503e-01 5.408601e-01 
121 1695 0 0 0 6.664960e-01 4.632161e-01 6.168888e-01 9.882994e-01 3.076448e-01 3.536821e-01 3.602081e-01 3.296115e-01 4.894987e-01 6.426195e-01 3.868336e-01 7.089960e-01 6.262826e-01 9.090215e-01 1.673125e-01 5.052211e-01 2.087616e-01 6.492269e-01 2.957704e-01 8.347342e-01 2.664444e-01 2.455995e-01 1.144617e-01 3.510868e-01 4.663294e-01 4.003580e-01 6.444631e-01 6.067671e-01 5.332044e-01 1.702046e-01 6.846060e-01 2.485111e-01 5.448856e-01 5.177583e-01 
122 1709 0 0 0 6.965944e-01 3.671744e-01 6.757278e-01 8.816181e-01 3.679460e-01 3.055259e-01 5.091502e-01 1.416546e-01 5.599902e-01 7.588110e-01 3.621392e-01 6.012876e-01 6.931891e-01 8.641170e-01 2.913191e-01 4.579866e-01 2.072999e-01 7.544122e-01 4.582336e-01 7.648343e-01 1.895493e-01 2.272576e-01 8.692076e-02 5.283965e-01 4.943271e-01 3.972898e-01 5.899641e-01 6.449289e-01 6.122916e-01 2.702336e-01 7.017107e-01 3.405591e-01 6.339555e-01 6.637634e-01 
123 1723 0 0 0 6.792335e-01 1.482378e-01 6.489088e-01 1.001752e+00 2.559832e-01 3.637145e-01 6.749761e-01 1.483352e-01 4.933208e-01 7.896090e-01 5.001113e-01 5.233604e-01 7.186942e-01 9.570967e-01 3.137981e-01 4.526713e-01 1.867420e-01 6.426917e-01 4.692391e-01 6.473639e-01 9.137179e-02 1.637727e-01 -1.096799e-02 5.109704e-01 6.873783e-01 5.246034e-01 5.703978e-01 6.506995e-01 6.038674e-01 2.064401e-01 7.157898e-01 3.774944e-01 7.127835e-01 5.528780e-01 
124 1737 0 0 0 5.648962e-01 2.534477e-01 7.179463e-01 8.588857e-01 9.892589e-02 2.999113e-01 7.557332e-01 1.926727e-01 3.863988e-01 8.626917e-01 5.862062e-01 6.498283e-01 7.848843e-01 9.497706e-01 3.179224e-01 4.380882e-01 2.602802e-01 5.731257e-01 4.102879e-01 5.561013e-01 7.401067e-02 5.729537e-02 4.753784e-03 6.807725e-01 6.147763e-01 4.652798e-01 5.401304e-01 6.416899e-01 3.847974e-01 2.456028e-01 6.221645e-01 3.733475e-01 7.834527e-01 5.302308e-01 
125 1751 0 0 0 6.277931e-01 2.385272e-01 6.917585e-01 8.745897e-01 9.219143e-02 1.235421e-01 6.711835e-01 1.622719e-01 3.403549e-01 8.380092e-01 4.096998e-01 4.468141e-01 6.764976e-01 8.981914e-01 2.411133e-01 3.076911e-01 3.498573e-01 5.098220e-01 4.418442e-01 5.321556e-01 1.102801e-01 5.257275e-02 6.303377e-03 7.049493e-01 6.540933e-01 3.856296e-01 5.875400e-01 5.821985e-01 2.956103e-01 2.106436e-01 5.733042e-01 4.015659e-01 8.572124e-01 5.879044e-01 
126 1765 0 0 0 5.139630e-01 2.569859e-01 8.095181e-01 8.402518e-01 1.202117e-01 2.633628e-01 5.584820e-01 1.285867e-01 3.226337e-01 9.145917e-01 4.652607e-01 4.483589e-01 6.705559e-01 7.789013e-01 1.425085e-01 1.879628e-01 3.748180e-01 4.296196e-01 3.155831e-01 5.550026e-01 1.520848e-01 7.176122e-02 1.338171e-01 7.106158e-01 5.731787e-01 4.284346e-01 5.633418e-01 3.756972e-01 3.244331e-01 1.559833e-01 6.386077e-01 3.606709e-01 7.749449e-01 6.163536e-01 
127 1779 0 0 0 5.826525e-01 1.977267e-01 7.941303e-01 8.992549e-01 1.970218e-01 2.100876e-01 6.453452e-01 1.621054e-01 4.470985e-01 9.467968e-01 3.990713e-01 4.250825e-01 6.597818e-01 8.627419e-01 3.596979e-02 4.023779e-02 6.250239e-01 5.476058e-01 4.384826e-01 5.709516e-01 9.012289e-02 1.445182e-01 2.308947e-01 7.075590e-01 5.347259e-01 2.928192e-01 5.747783e-01 3.787642e-01 3.432251e-01 1.235795e-01 7.192950e-01 4.181962e-01 7.927644e-01 3.893488e-01 
128 1793 0 0 0 5.415166e-01 2.517215e-01 8.649991e-01 8.857016e-01 1.160100e-01 2.341824e-01 6.127502e-01 1.919186e-01 4.052489e-01 9.311520e-01 3.725713e-01 2.953398e-01 6.231330e-01 8.271174e-01 8.600259e-02 1.021347e-01 4.777718e-01 5.280206e-01 4.349938e-01 5.005962e-01 6.043394e-02 7.646169e-02 2.232988e-01 5.621257e-01 5.147255e-01 3.011799e-01 4.709624e-01 4.400359e-01 4.525798e-01 1.938048e-01 6.769936e-01 4.126907e-01 7.213478e-01 3.604093e-01 
129 1807 0 0 0 5.236613e-01 2.618120e-01 7.569667e-01 7.734707e-01 1.550752e-01 2.053075e-01 6.788683e-01 1.724404e-01 4.980426e-01 9.374592e-01 3.555546e-01 3.170728e-01 6.055442e-01 7.602843e-01 8.149733e-02 8.277163e-02 4.510213e-01 5.331640e-01 3.912163e-01 4.697442e-01 8.190815e-02 3.800373e-02 1.149883e-01 5.002311e-01 5.488404e-01 3.966787e-01 6.732725e-01 3.420337e-01 4.339385e-01 5.032015e-02 8.150110e-01 4.272242e-01 7.984724e-01 4.597477e-01 
130 1821 0 0 0 5.723130e-01 1.982212e-01 7.891913e-01 7.439789e-01 1.722265e-01 2.155229e-01 5.718942e-01 1.391161e-01 5.532595e-01 8.564591e-01 3.265315e-01 3.839370e-01 6.196507e-01 7.524963e-01 7.337262e-02 1.831931e-01 3.915406e-01 4.596537e-01 3.871041e-01 4.161146e-01 8.221495e-02 5.964680e-02 1.873958e-01 4.523793e-01 5.922325e-01 2.805042e-01 6.496138e-01 3.252208e-01 3.867818e-01 1.781548e-01 7.254685e-01 4.255107e-01 7.648374e-01 3.822713e-01 
131 1835 0 0 0 5.587400e-01 1.731583e-01 8.235910e-01 7.981945e-01 1.769156e-01 2.270343e-01 5.162911e-01 1.722325e-01 4.482238e-01 7.437786e-01 3.207047e-01 3.432094e-01 6.763509e-01 8.026775e-01 1.128097e-01 1.984910e-01 4.807294e-01 4.894862e-01 4.284324e-01 3.755817e-01 1.079392e-01 9.412639e-02 2.334587e-01 3.903181e-01 6.188844e-01 2.773247e-01 6.521833e-01 4.268381e-01 3.076205e-01 3.596047e-01 5.520804e-01 4.422448e-01 7.501637e-01 4.117902e-01 
132 1849 0 0 0 6.880474e-01 1.404906e-01 8.282451e-01 7.749937e-01 1.405467e-01 1.077208e-01 6.031896e-01 1.543797e-01 5.351960e-01 7.858970e-01 2.732323e-01 5.089792e-01 7.043738e-01 8.804736e-01 1.806161e-01 1.965812e-01 4.938647e-01 4.303700e-01 4.248273e-01 3.593638e-01 1.381717e-01 9.793856e-02 2.449521e-01 4.947217e-01 6.484419e-01 3.187683e-01 6.485001e-01 4.771768e-01 3.414705e-01 3.340391e-01 4.185914e-01 5.241112e-01 7.157257e-01 4.112262e-01 
133 1863 0 0 0 7.083921e-01 1.495229e-01 7.851970e-01 6.546687e-01 2.160611e-01 2.316786e-01 6.705338e-01 1.332225e-01 5.252141e-01 8.177868e-01 2.445111e-01 5.271765e-01 6.678632e-01 9.387487e-01 1.180953e-01 1.944364e-01 6.634781e-01 3.989091e-01 3.962463e-01 4.241746e-01 2.197998e-01 5.031992e-02 3.171896e-01 5.479515e-01 6.618618e-01 2.078050e-01 6.706973e-01 4.505869e-01 4.037718e-01 3.621783e-01 4.254324e-01 3.103724e-01 8.066955e-01 3.177583e-01 
134 1877 0 0 0 6.375346e-01 1.933954e-01 7.445795e-01 6.189204e-01 9.829992e-02 1.873468e-01 5.850049e-01 1.989187e-01 4.997400e-01 6.264627e-01 2.062264e-01 4.507636e-01 7.198852e-01 8.820360e-01 1.776269e-01 3.036737e-01 6.884015e-01 4.677800e-01 4.220394e-01 2.572454e-01 2.483042e-01 8.703037e-02 3.005223e-01 6.406382e-01 6.235289e-01 2.642045e-01 6.318771e-01 4.596415e-01 4.352855e-01 4.204230e-01 5.418257e-01 1.988678e-01 8.454705e-01 2.507019e-01 
135 1891 0 0 0 4.541291e-01 2.172978e-01 6.571388e-01 5.838818e-01 8.824785e-02 2.711775e-01 6.224976e-01 2.878448e-01 5.099759e-01 7.509298e-01 1.277273e-01 4.556243e-01 7.349695e-01 8.843809e-01 2.168297e-01 2.961464e-01 6.795807e-01 5.525870e-01 3.007687e-01 1.789569e-01 3.480495e-01 6.642107e-02 2.757582e-01 7.585502e-01 4.975685e-01 2.531514e-01 5.272750e-01 6.189607e-01 4.627135e-01 4.330047e-01 5.095998e-01 3.161293e-01 8.355760e-01 2.086292e-01 
