%  columns="iteration, evaluation, void, void, void, xmean" (startseed=211958, 2023/08/27 3:8:50.59)
0 1 0 0 0 2.500000e-01 2.500000e-01 7.500000e-01 2.500000e-01 7.500000e-01 2.500000e-01 7.500000e-01 5.000000e-01 2.500000e-01 2.500000e-01 5.000000e-01 5.000000e-01 5.000000e-01 7.500000e-01 5.000000e-01 5.000000e-01 7.500000e-01 2.500000e-01 7.500000e-01 7.500000e-01 5.000000e-01 5.000000e-01 2.500000e-01 2.500000e-01 5.000000e-01 7.500000e-01 7.500000e-01 2.500000e-01 5.000000e-01 5.000000e-01 2.500000e-01 5.000000e-01 2.500000e-01 7.500000e-01 
1 15 0 0 0 1.579010e-01 1.849650e-01 7.908889e-01 2.720831e-01 6.775210e-01 3.297281e-01 5.193502e-01 3.237410e-01 3.451515e-01 9.892582e-02 3.952129e-01 6.564329e-01 7.418395e-01 9.772108e-01 2.337750e-01 4.859839e-01 9.530807e-01 2.200585e-01 8.985693e-01 9.558846e-01 3.546715e-01 5.202554e-01 4.096121e-01 4.124593e-01 3.830583e-01 7.770016e-01 7.926919e-01 3.178923e-01 6.560994e-01 4.245771e-01 4.161565e-01 4.097849e-01 2.925793e-01 5.571547e-01 
2 29 0 0 0 -3.604360e-03 4.741332e-02 8.588497e-01 3.694537e-01 3.670482e-01 4.527324e-01 2.617592e-01 1.915494e-01 3.674354e-01 1.452813e-01 3.125469e-01 6.610233e-01 8.154749e-01 1.027126e+00 2.632692e-01 4.232604e-01 8.840424e-01 2.072597e-01 8.242741e-01 1.018114e+00 5.522343e-01 3.834145e-01 3.902948e-01 4.826865e-01 3.716208e-01 8.265916e-01 6.244828e-01 3.275185e-01 8.015682e-01 2.944014e-01 7.010949e-01 5.436583e-01 -2.870853e-02 4.944642e-01 
3 43 0 0 0 -6.126584e-02 -8.964783e-02 7.179348e-01 3.447438e-01 3.239145e-01 4.125081e-01 9.570826e-02 -2.784229e-02 3.767299e-01 1.531612e-01 4.245057e-01 6.792576e-01 9.687019e-01 6.855889e-01 2.150664e-01 5.311225e-01 9.862154e-01 4.902618e-01 7.129899e-01 9.068923e-01 6.960018e-01 1.748713e-01 1.494359e-01 6.409703e-01 2.814876e-01 9.137666e-01 5.655243e-01 6.796316e-01 1.005162e+00 4.103205e-01 8.497877e-01 9.327894e-01 1.246349e-01 7.916038e-01 
4 57 0 0 0 -9.889789e-03 4.164286e-02 7.027451e-01 1.530573e-01 4.242411e-01 5.707759e-01 -5.941607e-02 -8.271939e-02 3.484238e-01 1.719499e-01 4.794820e-01 5.693734e-01 9.748995e-01 5.714484e-01 2.248523e-01 4.826045e-01 1.089868e+00 6.163331e-01 6.211758e-01 1.053186e+00 7.856426e-01 2.083349e-01 3.402538e-01 8.642519e-01 3.992056e-01 8.512282e-01 5.909473e-01 6.617487e-01 1.011064e+00 3.435234e-01 5.852021e-01 1.031562e+00 2.030067e-01 7.790861e-01 
5 71 0 0 0 8.662565e-02 8.033647e-03 7.946055e-01 3.105707e-01 9.690859e-02 5.353740e-01 -2.411938e-01 -9.316961e-02 3.764966e-01 2.855719e-01 4.251797e-01 7.835518e-01 1.223726e+00 5.378624e-01 2.731295e-01 4.361527e-01 8.907345e-01 6.091731e-01 6.871215e-01 9.941957e-01 3.818636e-01 -1.819083e-02 2.561156e-01 8.677779e-01 2.638178e-01 9.187899e-01 6.406817e-01 8.129224e-01 8.364331e-01 1.524583e-01 6.289235e-01 9.781666e-01 6.067288e-02 9.253616e-01 
6 85 0 0 0 2.951898e-01 1.723566e-03 7.910034e-01 3.482465e-01 2.515634e-01 3.706599e-01 -3.543067e-02 1.181903e-02 3.281033e-01 5.053692e-01 4.745943e-01 6.115740e-01 1.179654e+00 2.161353e-01 3.673183e-01 4.423828e-01 6.405602e-01 5.745504e-01 7.488645e-01 1.162167e+00 6.039629e-01 -1.752808e-01 4.616370e-01 6.613253e-01 2.130732e-01 6.430871e-01 7.795296e-01 8.133994e-01 7.635324e-01 3.594376e-01 5.245225e-01 8.326115e-01 2.901088e-01 1.033425e+00 
7 99 0 0 0 2.321565e-01 2.977448e-01 8.145479e-01 6.610892e-01 3.786927e-01 6.224878e-01 -7.493325e-02 -2.519353e-01 2.156406e-01 4.206374e-01 5.418995e-01 8.068806e-01 1.162807e+00 8.903396e-02 3.827880e-01 4.835605e-01 8.708613e-01 7.684044e-01 5.328731e-01 9.839504e-01 6.337454e-01 -1.066965e-01 3.521239e-01 5.461383e-01 4.411308e-01 4.857526e-01 5.252326e-01 6.989979e-01 8.640777e-01 6.759341e-01 5.791887e-01 1.029847e+00 3.632049e-01 1.055180e+00 
8 113 0 0 0 2.479853e-01 5.715502e-02 8.208746e-01 4.758204e-01 3.884889e-01 5.491895e-01 5.109096e-02 -1.759082e-01 3.375751e-01 3.776702e-01 5.983364e-01 7.544607e-01 1.201644e+00 1.238971e-01 2.699925e-01 4.831399e-01 5.703515e-01 6.535449e-01 3.955379e-01 9.138534e-01 7.924899e-01 -2.196295e-01 2.718037e-01 5.629079e-01 4.935917e-01 4.738767e-01 4.278977e-01 6.036582e-01 9.370585e-01 7.858373e-01 4.059540e-01 1.184134e+00 6.022536e-01 8.755236e-01 
9 127 0 0 0 2.029303e-01 1.465037e-01 9.585928e-01 7.316162e-01 3.687250e-01 4.291262e-01 1.999858e-01 -3.601030e-02 2.990659e-01 5.504245e-01 4.804312e-01 7.020456e-01 8.775591e-01 2.835672e-01 4.730489e-01 4.307716e-01 4.267794e-01 5.781864e-01 5.020740e-01 7.657872e-01 7.727108e-01 2.323844e-01 1.561057e-01 6.698675e-01 3.779356e-01 4.320314e-01 5.913128e-01 5.395916e-01 9.132121e-01 9.062482e-01 5.871999e-01 8.647144e-01 6.203450e-01 9.104950e-01 
10 141 0 0 0 2.033534e-01 1.616402e-01 8.943934e-01 7.514828e-01 2.982019e-01 4.932491e-01 2.516354e-01 -5.150811e-02 1.814405e-01 2.996884e-01 5.766331e-01 6.237556e-01 8.754416e-01 3.739817e-01 3.816946e-01 5.527609e-01 4.143520e-01 8.281885e-01 5.551333e-01 8.460517e-01 7.335106e-01 1.504199e-01 4.459005e-01 3.140488e-01 3.499209e-01 4.673715e-01 4.604634e-01 6.173986e-01 8.601372e-01 8.004423e-01 5.361930e-01 8.933242e-01 6.988590e-01 7.551142e-01 
11 155 0 0 0 1.730623e-01 2.040172e-01 8.303910e-01 7.826771e-01 1.324362e-01 7.614988e-01 2.565294e-01 1.536975e-01 1.488956e-01 2.416672e-01 6.122188e-01 6.982551e-01 6.632526e-01 3.176901e-01 4.379361e-01 4.351302e-01 6.593197e-01 9.896581e-01 5.141957e-01 8.076970e-01 7.118494e-01 1.996823e-01 2.152617e-01 1.675798e-01 3.232334e-01 6.522255e-01 3.710522e-01 6.147361e-01 8.103617e-01 7.996091e-01 4.998220e-01 8.549210e-01 8.522253e-01 7.252630e-01 
12 169 0 0 0 3.519306e-01 2.049542e-01 7.747982e-01 7.773057e-01 1.124786e-01 5.271424e-01 5.301823e-01 3.491197e-01 1.791070e-01 3.294885e-01 5.945251e-01 5.017504e-01 4.603871e-01 2.497544e-01 1.557814e-01 3.327637e-01 9.126718e-01 1.047814e+00 4.964811e-01 7.835222e-01 9.630063e-01 2.239542e-01 2.350888e-01 1.903393e-01 2.108631e-01 5.512516e-01 2.368787e-01 5.451752e-01 8.929785e-01 6.694819e-01 4.382934e-01 6.633262e-01 7.525945e-01 6.796463e-01 
13 183 0 0 0 1.892659e-01 3.691697e-01 7.323996e-01 8.151880e-01 8.394871e-02 4.587007e-01 2.700913e-01 3.134332e-01 2.926538e-01 3.038282e-01 5.497845e-01 6.709200e-01 5.743598e-01 4.313020e-01 7.062825e-02 3.103308e-01 7.533605e-01 9.777165e-01 7.370368e-01 8.674937e-01 8.524106e-01 2.336108e-01 1.057972e-01 7.825210e-02 1.341961e-02 6.478505e-01 4.803754e-01 5.504019e-01 7.292983e-01 7.995923e-01 3.873966e-01 4.315405e-01 6.076470e-01 6.021023e-01 
14 197 0 0 0 2.656067e-01 4.081192e-01 6.860900e-01 8.696802e-01 1.270720e-01 6.521107e-01 3.994085e-01 2.553450e-01 4.055453e-01 4.385958e-01 5.290201e-01 7.462250e-01 4.326894e-01 4.432171e-01 3.119366e-01 4.198647e-01 7.264402e-01 9.222694e-01 8.228739e-01 8.661548e-01 9.000570e-01 1.631527e-01 1.732868e-01 2.584271e-01 -2.965799e-02 5.891406e-01 3.933613e-01 5.360586e-01 5.885056e-01 1.046406e+00 5.334170e-01 5.639378e-01 5.340811e-01 5.948288e-01 
15 211 0 0 0 8.073231e-02 5.138890e-01 7.256089e-01 6.147650e-01 2.191512e-01 6.606320e-01 3.446496e-01 4.183630e-01 3.909198e-01 3.029575e-01 4.317528e-01 6.293426e-01 4.067196e-01 6.703239e-01 4.102800e-01 3.406722e-01 6.773538e-01 7.480921e-01 6.691917e-01 7.713002e-01 7.620893e-01 3.064977e-01 1.966911e-01 2.271228e-01 -2.765774e-02 5.176337e-01 2.454111e-01 5.754363e-01 6.086192e-01 8.040778e-01 6.712451e-01 5.991178e-01 6.728558e-01 3.525645e-01 
16 225 0 0 0 6.499775e-02 5.951667e-01 8.251506e-01 4.075091e-01 6.592397e-02 6.342135e-01 5.756665e-01 5.676258e-01 4.168465e-01 2.724753e-01 4.957971e-01 6.577366e-01 5.945381e-01 6.026589e-01 3.409656e-01 6.098541e-01 4.885983e-01 6.005994e-01 7.437904e-01 7.612686e-01 8.863612e-01 3.168689e-01 9.687100e-02 1.880104e-01 1.209890e-02 4.570498e-01 4.631436e-01 5.682286e-01 5.585355e-01 8.516730e-01 7.658597e-01 6.285833e-01 6.911208e-01 2.187399e-01 
17 239 0 0 0 3.803032e-02 6.763858e-01 7.622077e-01 5.590228e-01 -1.239002e-02 7.401023e-01 4.677885e-01 4.386098e-01 3.308766e-01 3.628082e-01 3.021032e-01 6.591356e-01 3.224855e-01 6.054722e-01 1.873107e-01 5.832926e-01 4.615878e-01 5.008497e-01 6.281128e-01 8.381965e-01 8.500347e-01 4.249555e-01 1.171404e-01 1.614815e-01 1.453398e-01 5.928050e-01 3.989360e-01 7.231922e-01 6.041885e-01 8.579601e-01 7.193724e-01 7.632334e-01 8.327014e-01 6.419974e-02 
18 253 0 0 0 2.036588e-01 6.111592e-01 6.673663e-01 6.216888e-01 5.278629e-02 5.642419e-01 6.788794e-01 4.039189e-01 3.057544e-01 5.006486e-01 4.176339e-01 6.102680e-01 1.105259e-01 5.094564e-01 4.130144e-01 5.030274e-01 5.010239e-01 3.931303e-01 6.668345e-01 8.307964e-01 7.857073e-01 3.715302e-01 3.051426e-01 4.400187e-01 1.675520e-01 4.874835e-01 4.785392e-01 4.956380e-01 6.277625e-01 6.740662e-01 8.805566e-01 5.417076e-01 7.448337e-01 1.244072e-01 
19 267 0 0 0 1.656561e-01 3.612127e-01 7.028088e-01 5.784312e-01 1.228393e-01 5.398685e-01 6.892686e-01 3.531457e-01 2.781481e-01 5.793620e-01 3.546827e-01 5.058267e-01 2.635377e-01 3.191102e-01 3.228278e-01 6.078591e-01 3.641226e-01 3.492783e-01 5.456027e-01 7.684764e-01 8.399997e-01 4.437720e-01 2.847497e-01 3.796209e-01 2.256405e-01 3.032654e-01 4.354903e-01 5.539213e-01 6.201121e-01 6.623108e-01 7.832728e-01 7.107512e-01 7.682913e-01 1.867092e-01 
20 281 0 0 0 2.899867e-01 3.314785e-01 6.302170e-01 6.019891e-01 1.726714e-01 5.380885e-01 6.431132e-01 4.377247e-01 2.688924e-01 5.153460e-01 3.955693e-01 4.238209e-01 3.622069e-01 1.993850e-01 2.644091e-01 7.299915e-01 2.638775e-01 4.253535e-01 5.813316e-01 7.284028e-01 8.007967e-01 5.330474e-01 3.782392e-01 3.852109e-01 3.658386e-01 3.138949e-01 4.424808e-01 4.978177e-01 4.761438e-01 7.044413e-01 6.385651e-01 7.917614e-01 5.516648e-01 1.815532e-01 
21 295 0 0 0 2.453792e-01 3.359046e-01 7.712248e-01 7.649776e-01 9.780074e-02 5.968895e-01 7.387569e-01 4.662644e-01 3.456380e-01 4.294454e-01 4.359150e-01 4.257003e-01 3.446051e-01 1.773161e-01 2.828987e-01 8.431945e-01 4.058704e-01 3.844591e-01 6.467463e-01 9.022392e-01 7.696218e-01 5.742201e-01 3.966084e-01 4.450382e-01 5.188154e-01 1.790973e-01 4.603356e-01 5.469242e-01 3.561396e-01 6.119347e-01 7.272628e-01 7.392760e-01 6.523416e-01 2.091989e-01 
22 309 0 0 0 2.766925e-01 4.269325e-01 6.774103e-01 7.061800e-01 1.322023e-01 5.413714e-01 7.567759e-01 4.165681e-01 3.298214e-01 5.112790e-01 5.165155e-01 4.234638e-01 2.641555e-01 2.831439e-01 1.999645e-01 9.036706e-01 2.349963e-01 3.863986e-01 7.525833e-01 7.230963e-01 8.116826e-01 6.056015e-01 3.623737e-01 4.753181e-01 6.098995e-01 3.358411e-01 3.654337e-01 6.005046e-01 2.458382e-01 6.282670e-01 6.693846e-01 7.618559e-01 6.771060e-01 2.457012e-01 
23 323 0 0 0 3.920324e-01 2.949276e-01 5.578819e-01 7.553577e-01 1.857244e-01 6.564749e-01 7.790622e-01 3.649234e-01 4.582090e-01 5.470127e-01 4.121707e-01 3.100654e-01 1.733399e-01 3.012743e-01 3.050177e-01 9.013731e-01 4.271956e-01 3.438729e-01 7.871669e-01 6.938868e-01 8.023314e-01 4.138278e-01 4.947693e-01 4.914960e-01 6.312785e-01 3.446679e-01 3.192731e-01 5.045033e-01 4.162345e-01 5.467225e-01 7.108549e-01 7.107151e-01 7.701845e-01 2.661945e-01 
24 337 0 0 0 5.487589e-01 2.945141e-01 5.600076e-01 8.259154e-01 2.354138e-01 7.294806e-01 8.198961e-01 3.003135e-01 3.724369e-01 5.647492e-01 3.630185e-01 4.571080e-01 3.231583e-01 2.596420e-01 3.020605e-01 8.437724e-01 4.318379e-01 3.074561e-01 6.700650e-01 6.818396e-01 8.278250e-01 4.654847e-01 5.505919e-01 4.881882e-01 7.225246e-01 3.368361e-01 3.401094e-01 4.753471e-01 5.941917e-01 4.916104e-01 6.206281e-01 7.767352e-01 7.011187e-01 4.058942e-01 
25 351 0 0 0 5.827340e-01 2.416262e-01 4.991719e-01 8.933116e-01 1.612327e-01 5.673869e-01 8.004326e-01 2.649523e-01 3.901673e-01 7.637792e-01 2.694643e-01 5.646794e-01 3.079256e-01 1.807350e-01 1.895830e-01 8.625048e-01 4.405020e-01 3.239481e-01 5.564919e-01 4.603757e-01 7.810892e-01 5.244125e-01 6.008401e-01 4.791529e-01 7.992402e-01 3.121094e-01 3.256744e-01 5.435723e-01 4.900719e-01 5.661180e-01 7.258808e-01 5.815730e-01 5.991735e-01 2.816299e-01 
26 365 0 0 0 5.377919e-01 2.341213e-01 3.284148e-01 8.205151e-01 1.216690e-01 6.041834e-01 7.972711e-01 2.180226e-01 4.160733e-01 7.138379e-01 3.169195e-01 6.492901e-01 3.991914e-01 1.534596e-01 1.787748e-01 9.052057e-01 4.148989e-01 4.418477e-01 5.509662e-01 3.264135e-01 7.541790e-01 4.742215e-01 6.197609e-01 4.745818e-01 8.608023e-01 3.167713e-01 3.398887e-01 4.249095e-01 5.661159e-01 4.929360e-01 6.284714e-01 5.455415e-01 6.080735e-01 2.579468e-01 
27 379 0 0 0 4.366551e-01 2.003753e-01 5.709773e-01 7.969331e-01 1.893534e-01 4.624654e-01 7.909659e-01 3.721117e-01 4.137064e-01 7.235794e-01 3.857173e-01 7.162935e-01 4.206389e-01 2.135163e-01 1.313568e-01 9.714054e-01 3.849003e-01 4.959275e-01 5.532989e-01 2.496484e-01 5.784607e-01 3.830440e-01 6.334958e-01 3.876397e-01 7.618577e-01 3.580382e-01 3.776660e-01 4.110868e-01 6.075657e-01 3.514728e-01 7.601986e-01 5.360469e-01 6.339416e-01 1.385341e-01 
28 393 0 0 0 5.855727e-01 2.591267e-01 4.936153e-01 7.792852e-01 2.179120e-01 6.292403e-01 6.803727e-01 1.577456e-01 3.349152e-01 6.651008e-01 3.559141e-01 7.376499e-01 4.305267e-01 1.811313e-01 1.519494e-01 9.933071e-01 4.113865e-01 4.644101e-01 6.888577e-01 3.306836e-01 5.169944e-01 3.678136e-01 6.170432e-01 4.154707e-01 7.526693e-01 3.203142e-01 3.011670e-01 4.413760e-01 5.482577e-01 4.116579e-01 7.508722e-01 5.099801e-01 7.558982e-01 1.528416e-01 
29 407 0 0 0 6.720717e-01 2.453376e-01 5.664877e-01 7.887494e-01 2.628444e-01 5.976889e-01 6.064089e-01 1.748634e-01 4.021506e-01 8.102099e-01 4.104091e-01 7.082634e-01 5.324658e-01 3.846398e-01 3.069472e-02 8.892333e-01 3.975709e-01 4.670577e-01 5.893598e-01 2.738641e-01 6.471615e-01 3.318650e-01 5.327257e-01 4.583277e-01 6.824901e-01 4.919637e-01 4.635266e-01 4.859666e-01 6.921275e-01 4.890079e-01 8.888337e-01 5.174786e-01 7.548428e-01 1.228860e-01 
30 421 0 0 0 7.063812e-01 1.865120e-01 6.308631e-01 8.005331e-01 3.243373e-01 5.614111e-01 5.084824e-01 1.888570e-01 3.109346e-01 7.688428e-01 4.404565e-01 8.365752e-01 4.269136e-01 4.161242e-01 1.480988e-01 7.723939e-01 4.294655e-01 3.203934e-01 6.912057e-01 2.456124e-01 6.304899e-01 1.843101e-01 5.429515e-01 6.025250e-01 5.669368e-01 5.129615e-01 5.070350e-01 5.611449e-01 6.031544e-01 2.824669e-01 8.480639e-01 6.409383e-01 7.828583e-01 1.020851e-01 
31 435 0 0 0 8.049746e-01 1.975404e-01 7.176395e-01 8.872452e-01 2.487466e-01 6.491637e-01 7.035687e-01 3.053956e-01 3.444824e-01 6.169831e-01 3.323014e-01 7.817147e-01 5.371820e-01 4.118609e-01 1.309649e-01 8.165469e-01 4.849746e-01 2.597093e-01 6.780559e-01 1.295817e-01 6.473344e-01 2.490170e-01 5.743202e-01 5.412965e-01 5.318528e-01 5.688077e-01 4.675263e-01 5.253733e-01 5.787122e-01 3.259913e-01 7.522904e-01 7.649751e-01 9.009579e-01 1.901926e-01 
32 449 0 0 0 6.514831e-01 1.012320e-01 5.941537e-01 7.473017e-01 1.178880e-01 6.925578e-01 6.972413e-01 2.430533e-01 3.218545e-01 6.526082e-01 3.897742e-01 8.122857e-01 6.281980e-01 3.916826e-01 9.034862e-02 7.073067e-01 4.867008e-01 3.431399e-01 6.748636e-01 1.468145e-01 5.628526e-01 2.176624e-01 6.161470e-01 6.274944e-01 6.068673e-01 4.420299e-01 3.574163e-01 5.411872e-01 6.233564e-01 4.204873e-01 6.801781e-01 6.882070e-01 7.856074e-01 2.869831e-01 
33 463 0 0 0 6.846709e-01 2.126973e-01 6.607340e-01 7.276084e-01 1.338263e-01 5.927915e-01 7.655676e-01 2.865038e-01 2.967893e-01 6.379482e-01 4.126171e-01 6.340497e-01 6.064281e-01 4.200874e-01 1.429985e-01 7.338078e-01 3.263733e-01 3.124712e-01 6.446685e-01 2.732632e-01 5.738522e-01 1.825341e-01 5.569766e-01 6.026621e-01 6.560477e-01 4.741149e-01 3.438984e-01 3.939692e-01 6.460901e-01 3.352895e-01 6.746503e-01 5.777586e-01 6.924223e-01 2.349513e-01 
34 477 0 0 0 8.294955e-01 2.234283e-01 6.150586e-01 6.987417e-01 2.179420e-01 7.418998e-01 6.508828e-01 3.022111e-01 3.222307e-01 5.295202e-01 3.076223e-01 5.911053e-01 5.889565e-01 3.660573e-01 1.178471e-01 6.012149e-01 3.917593e-01 3.425559e-01 6.467874e-01 3.433137e-01 6.293202e-01 2.112043e-01 6.503497e-01 5.538663e-01 6.532202e-01 4.807687e-01 3.180801e-01 4.774693e-01 6.150261e-01 1.978732e-01 6.419358e-01 4.493212e-01 7.546895e-01 3.541315e-01 
35 491 0 0 0 8.281956e-01 3.806286e-01 6.318666e-01 7.944062e-01 2.806356e-01 7.898833e-01 5.923573e-01 3.074320e-01 3.439057e-01 5.049273e-01 3.594910e-01 5.525968e-01 6.207302e-01 2.866187e-01 1.342424e-01 5.235185e-01 4.767232e-01 3.615297e-01 5.770213e-01 4.251248e-01 6.042219e-01 1.206338e-01 7.113591e-01 4.736156e-01 5.123119e-01 4.755707e-01 3.839535e-01 5.621465e-01 7.517988e-01 2.202505e-01 7.376084e-01 6.108474e-01 8.568409e-01 3.000518e-01 
36 505 0 0 0 8.273135e-01 4.817259e-01 6.736916e-01 6.988899e-01 2.157324e-01 6.162589e-01 5.188562e-01 1.997940e-01 3.328283e-01 4.835007e-01 4.974282e-01 4.906866e-01 7.207143e-01 4.330545e-01 1.567263e-01 4.468604e-01 5.336827e-01 5.002479e-01 5.962926e-01 3.960916e-01 6.625581e-01 2.122372e-01 7.323259e-01 3.522606e-01 4.312655e-01 4.372389e-01 4.171219e-01 5.657927e-01 7.089948e-01 1.952281e-01 7.547166e-01 5.939380e-01 8.114636e-01 3.423689e-01 
37 519 0 0 0 7.413792e-01 4.920342e-01 5.680135e-01 6.594179e-01 3.299966e-01 7.089276e-01 4.731359e-01 2.173663e-01 2.637772e-01 4.344452e-01 5.034577e-01 5.252198e-01 5.492687e-01 4.932274e-01 2.025877e-01 2.733952e-01 6.712891e-01 4.689303e-01 7.652653e-01 3.290490e-01 6.649601e-01 4.014132e-01 6.652493e-01 2.212382e-01 4.734641e-01 4.214555e-01 3.508354e-01 5.850653e-01 7.498685e-01 2.088388e-01 6.424819e-01 6.174031e-01 6.967017e-01 2.991312e-01 
38 533 0 0 0 8.601807e-01 6.385722e-01 5.257466e-01 5.949790e-01 2.773274e-01 6.888087e-01 4.282881e-01 2.913281e-01 2.055474e-01 4.430252e-01 5.314628e-01 5.632019e-01 5.479540e-01 6.229623e-01 3.174838e-01 3.285372e-01 7.561281e-01 6.743187e-01 6.719362e-01 3.552001e-01 7.284100e-01 3.855630e-01 5.874859e-01 1.642421e-01 4.067821e-01 4.491417e-01 3.202654e-01 6.481886e-01 8.430415e-01 3.139756e-01 6.645073e-01 5.860875e-01 6.311534e-01 4.186075e-01 
39 547 0 0 0 7.218600e-01 8.071507e-01 5.434273e-01 4.551150e-01 2.943081e-01 7.992443e-01 4.041412e-01 3.484993e-01 1.261227e-01 4.183352e-01 6.067063e-01 5.432735e-01 4.763914e-01 7.035628e-01 4.417109e-01 4.390548e-01 7.855075e-01 6.082770e-01 5.659736e-01 3.482838e-01 6.793114e-01 4.676443e-01 4.757108e-01 1.746983e-01 4.866805e-01 4.503084e-01 4.475200e-01 5.583911e-01 8.897510e-01 3.732291e-01 8.405140e-01 7.396026e-01 5.053013e-01 5.894057e-01 
40 561 0 0 0 8.232190e-01 6.581421e-01 5.958587e-01 3.735705e-01 2.354319e-01 9.883099e-01 3.646564e-01 2.288844e-01 2.176545e-01 4.309716e-01 5.785334e-01 6.024059e-01 3.947487e-01 5.964142e-01 5.923088e-01 4.073860e-01 8.761739e-01 5.627126e-01 3.868194e-01 3.507651e-01 2.936631e-01 6.341586e-01 4.054362e-01 3.946756e-01 4.666698e-01 5.339583e-01 5.603660e-01 3.586241e-01 8.466862e-01 4.165700e-01 8.273222e-01 7.307490e-01 5.869363e-01 6.690407e-01 
41 575 0 0 0 7.938503e-01 4.433492e-01 7.384716e-01 4.307171e-01 3.109674e-01 1.059709e+00 5.493411e-01 2.979309e-01 2.774635e-01 5.304324e-01 7.069444e-01 4.659745e-01 3.876187e-01 6.490208e-01 7.665113e-01 2.669569e-01 7.854997e-01 5.495983e-01 2.673514e-01 4.675095e-01 3.035592e-01 4.934442e-01 4.997315e-01 3.261635e-01 6.772729e-01 6.587035e-01 6.059042e-01 3.830832e-01 7.480346e-01 5.111741e-01 8.010739e-01 7.135379e-01 7.288770e-01 6.697014e-01 
42 589 0 0 0 6.923038e-01 3.603488e-01 8.858800e-01 2.646919e-01 3.329331e-01 9.510830e-01 7.209545e-01 3.695151e-01 2.888154e-01 6.384857e-01 6.375224e-01 6.439062e-01 3.784300e-01 6.867285e-01 6.278149e-01 3.101296e-01 8.086951e-01 5.736262e-01 1.868509e-01 5.562623e-01 4.058745e-01 4.469253e-01 2.707824e-01 3.317741e-01 7.071942e-01 5.519696e-01 8.536852e-01 4.681853e-01 7.362338e-01 4.525156e-01 7.220496e-01 7.573195e-01 7.998193e-01 5.606077e-01 
43 603 0 0 0 6.832694e-01 4.403930e-01 8.202949e-01 4.006449e-01 2.885750e-01 1.013306e+00 7.295228e-01 1.967369e-01 2.348776e-01 5.500116e-01 6.494004e-01 7.219851e-01 4.501507e-01 6.532741e-01 7.385434e-01 2.448837e-01 6.628993e-01 4.956266e-01 3.293573e-01 6.362352e-01 5.678016e-01 4.617466e-01 2.315183e-01 4.054396e-01 6.931298e-01 5.034818e-01 6.164575e-01 2.312203e-01 7.508909e-01 5.582161e-01 8.733905e-01 5.512561e-01 7.679729e-01 6.049716e-01 
44 617 0 0 0 6.642636e-01 6.142142e-01 9.503879e-01 4.582498e-01 3.477585e-01 8.224557e-01 7.165522e-01 9.708906e-02 2.041604e-01 6.209764e-01 6.925761e-01 7.799382e-01 5.076377e-01 6.676494e-01 7.517568e-01 2.754928e-01 6.186456e-01 4.268263e-01 1.628449e-01 6.449779e-01 5.943588e-01 5.006889e-01 1.991609e-01 4.113211e-01 7.877371e-01 5.485984e-01 6.571249e-01 2.824799e-01 5.169008e-01 6.486698e-01 8.133648e-01 5.522832e-01 7.634830e-01 6.460817e-01 
45 631 0 0 0 4.368097e-01 5.568275e-01 8.358902e-01 4.506776e-01 4.290444e-01 7.492974e-01 7.627180e-01 4.200876e-02 1.767527e-01 5.270119e-01 8.003857e-01 7.197828e-01 4.180372e-01 8.058695e-01 8.351503e-01 1.870355e-01 7.041194e-01 4.065643e-01 2.358632e-01 6.177871e-01 5.125951e-01 4.718550e-01 1.387812e-01 3.419412e-01 8.551217e-01 3.377338e-01 7.668509e-01 2.872391e-01 5.666167e-01 5.457407e-01 6.940043e-01 7.040807e-01 7.748141e-01 5.972233e-01 
46 645 0 0 0 5.308483e-01 5.286989e-01 7.084749e-01 6.049326e-01 5.283359e-01 6.975436e-01 6.495071e-01 -8.815655e-03 2.818014e-01 5.364276e-01 8.088192e-01 8.399806e-01 5.785865e-01 7.219180e-01 8.530985e-01 1.635160e-01 6.432840e-01 4.436067e-01 2.633540e-01 6.072261e-01 5.218752e-01 4.603396e-01 1.797401e-01 2.894254e-01 9.280456e-01 3.142041e-01 6.980309e-01 1.227733e-01 4.919943e-01 4.508489e-01 7.701547e-01 7.210654e-01 6.600679e-01 6.440988e-01 
47 659 0 0 0 6.777144e-01 5.771321e-01 7.973503e-01 5.412554e-01 5.263743e-01 7.022200e-01 6.050245e-01 1.032389e-01 2.508938e-01 4.952274e-01 6.127690e-01 8.602101e-01 6.477275e-01 7.233091e-01 9.176713e-01 9.679738e-02 7.135112e-01 2.526770e-01 2.572263e-01 6.295500e-01 5.310661e-01 3.845657e-01 7.757895e-02 2.409302e-01 8.012186e-01 3.301697e-01 7.164532e-01 1.727829e-01 5.174890e-01 4.209045e-01 7.542159e-01 7.556175e-01 6.358869e-01 7.080813e-01 
48 673 0 0 0 5.828697e-01 3.987672e-01 7.265768e-01 4.658766e-01 3.664610e-01 8.079768e-01 5.494849e-01 7.198737e-02 2.159154e-01 4.530351e-01 5.469060e-01 9.668150e-01 6.867458e-01 7.551978e-01 8.337402e-01 2.124021e-01 8.366918e-01 2.004284e-01 3.037459e-01 5.422522e-01 5.661516e-01 3.594662e-01 2.624519e-01 2.762143e-01 7.087503e-01 4.063313e-01 7.894601e-01 2.939026e-01 6.042173e-01 5.081702e-01 7.191730e-01 7.721562e-01 6.249382e-01 5.209564e-01 
49 687 0 0 0 6.620055e-01 3.435029e-01 7.920778e-01 5.337737e-01 2.697219e-01 8.270550e-01 5.066746e-01 2.032931e-01 1.216510e-01 4.738160e-01 6.609057e-01 8.971835e-01 6.774558e-01 8.441857e-01 8.205089e-01 1.276298e-01 8.033063e-01 2.412379e-01 2.633326e-01 5.108709e-01 6.991558e-01 4.481201e-01 2.213668e-01 3.482393e-01 5.789546e-01 4.125968e-01 7.902867e-01 2.747733e-01 6.457682e-01 4.900399e-01 7.388705e-01 6.677611e-01 6.463301e-01 2.450587e-01 
50 701 0 0 0 6.730323e-01 3.271301e-01 7.516479e-01 4.815978e-01 2.899339e-01 7.588370e-01 5.230619e-01 1.320353e-01 2.227029e-01 3.362293e-01 5.802561e-01 8.954874e-01 5.354620e-01 6.939702e-01 6.886925e-01 2.035259e-01 7.098220e-01 2.274785e-01 2.036792e-01 3.437772e-01 6.082135e-01 7.067936e-01 2.149139e-01 4.267310e-01 5.978931e-01 3.998064e-01 7.821392e-01 2.122281e-01 7.383532e-01 5.386941e-01 7.390859e-01 5.634530e-01 6.235132e-01 2.141009e-01 
51 715 0 0 0 5.259837e-01 1.810683e-01 8.323118e-01 3.841922e-01 2.167900e-01 8.270325e-01 5.229536e-01 6.553389e-02 7.596420e-02 3.138213e-01 6.084849e-01 8.593938e-01 4.999433e-01 6.050930e-01 7.220710e-01 2.819108e-01 7.537268e-01 2.609298e-01 1.983439e-01 3.025647e-01 5.983204e-01 7.786656e-01 1.530784e-01 3.712784e-01 6.034271e-01 4.071555e-01 7.705945e-01 4.125489e-01 7.068343e-01 5.742288e-01 6.188110e-01 3.915407e-01 6.210873e-01 2.126468e-01 
52 729 0 0 0 5.149748e-01 1.662779e-01 8.077326e-01 5.492463e-01 3.984214e-01 7.317855e-01 5.610985e-01 9.645341e-02 1.284398e-01 3.757153e-01 6.050785e-01 8.404860e-01 5.243290e-01 4.972394e-01 6.114344e-01 2.559873e-01 8.802056e-01 4.039973e-01 2.119314e-01 3.293581e-01 6.201478e-01 7.735019e-01 7.163046e-02 4.252588e-01 6.551346e-01 4.414652e-01 6.370616e-01 3.705246e-01 6.701371e-01 6.146385e-01 7.207191e-01 3.675231e-01 5.417213e-01 2.048175e-01 
53 743 0 0 0 5.548302e-01 8.112658e-02 7.345484e-01 5.871032e-01 2.754500e-01 7.909150e-01 4.983186e-01 9.293407e-02 3.258542e-01 3.393605e-01 5.155314e-01 9.249771e-01 5.759751e-01 3.846844e-01 6.084541e-01 3.678028e-01 8.181862e-01 4.839512e-01 2.211435e-01 3.501888e-01 5.648190e-01 7.440675e-01 1.997700e-01 4.155863e-01 7.715478e-01 5.834738e-01 6.002390e-01 2.297924e-01 7.050894e-01 6.156069e-01 6.806315e-01 3.249574e-01 5.223209e-01 2.801795e-01 
54 757 0 0 0 7.384191e-01 2.347568e-01 7.558225e-01 5.353447e-01 2.561871e-01 6.431150e-01 4.211199e-01 1.103602e-01 3.585888e-01 3.444291e-01 5.314343e-01 8.598361e-01 6.081736e-01 3.115931e-01 5.957982e-01 5.710751e-01 6.336878e-01 3.289650e-01 2.634459e-01 4.663182e-01 6.548409e-01 6.890316e-01 1.800276e-01 3.975894e-01 8.610624e-01 6.152499e-01 6.743386e-01 2.437509e-01 5.936513e-01 6.044686e-01 5.969606e-01 3.300682e-01 5.207173e-01 4.282281e-01 
55 771 0 0 0 5.886996e-01 2.560089e-01 6.383655e-01 6.331512e-01 2.953282e-01 6.122631e-01 4.470723e-01 1.609480e-01 5.190071e-01 3.693106e-01 5.573624e-01 8.527921e-01 6.619388e-01 2.199974e-01 6.171751e-01 5.687444e-01 6.606482e-01 4.004280e-01 2.498259e-01 5.849743e-01 5.596582e-01 7.224330e-01 1.959265e-01 5.803536e-01 7.919441e-01 5.565072e-01 7.300349e-01 2.809268e-01 4.357604e-01 6.636787e-01 7.220190e-01 2.879273e-01 6.141502e-01 4.807048e-01 
56 785 0 0 0 6.200653e-01 1.581660e-01 7.035839e-01 6.236816e-01 2.248823e-01 7.041793e-01 5.235093e-01 2.273835e-01 6.493662e-01 4.108105e-01 4.914570e-01 8.062287e-01 6.764511e-01 1.845637e-01 6.998084e-01 6.718598e-01 6.851192e-01 5.785462e-01 1.853245e-01 4.930489e-01 4.504658e-01 6.367280e-01 1.932673e-01 4.996332e-01 9.102021e-01 4.931048e-01 7.589331e-01 2.950483e-01 4.149652e-01 5.948862e-01 7.180686e-01 2.350838e-01 6.569618e-01 3.707712e-01 
57 799 0 0 0 6.525889e-01 2.170628e-01 6.867858e-01 5.758487e-01 2.112603e-01 7.373908e-01 5.410533e-01 9.221325e-02 6.625137e-01 3.684639e-01 4.579898e-01 6.343289e-01 6.876524e-01 1.566133e-01 6.633443e-01 5.235463e-01 6.213393e-01 7.497113e-01 2.432315e-01 3.413372e-01 5.971627e-01 6.439263e-01 3.203694e-01 4.695069e-01 8.281425e-01 4.077605e-01 6.084989e-01 3.831135e-01 3.347363e-01 5.437650e-01 5.490320e-01 2.494918e-01 6.527296e-01 5.506873e-01 
58 813 0 0 0 6.037372e-01 1.529247e-01 7.037020e-01 4.821547e-01 2.123641e-01 6.381383e-01 7.084431e-01 1.012270e-01 4.459869e-01 4.984263e-01 4.938457e-01 6.656214e-01 7.465954e-01 1.315555e-01 6.977741e-01 5.067886e-01 4.282824e-01 6.634026e-01 2.612879e-01 3.742926e-01 6.098709e-01 7.239136e-01 4.459656e-01 3.752870e-01 8.797968e-01 2.944009e-01 5.328918e-01 1.592418e-01 3.338157e-01 6.328522e-01 5.914165e-01 2.607386e-01 5.142344e-01 5.726471e-01 
59 827 0 0 0 6.569442e-01 2.680728e-01 7.584090e-01 3.883856e-01 2.413371e-01 6.649664e-01 6.617178e-01 2.690882e-01 3.864057e-01 3.739695e-01 5.209797e-01 7.398351e-01 8.925730e-01 6.270495e-02 7.230551e-01 5.358017e-01 4.845872e-01 6.258454e-01 1.387281e-01 2.787890e-01 6.300057e-01 8.030004e-01 4.970600e-01 2.321317e-01 8.323898e-01 2.927642e-01 5.856985e-01 2.185462e-01 4.649224e-01 5.994190e-01 6.012317e-01 3.017569e-01 4.883295e-01 5.899774e-01 
60 841 0 0 0 6.527082e-01 3.833236e-01 7.405240e-01 3.090536e-01 2.031013e-01 5.377644e-01 6.159018e-01 1.719968e-01 3.663399e-01 3.596888e-01 5.641146e-01 6.858327e-01 7.985126e-01 8.299795e-02 8.120847e-01 4.701034e-01 4.626400e-01 4.868390e-01 1.119076e-01 2.735021e-01 6.052700e-01 7.674376e-01 4.301843e-01 3.705591e-01 6.706362e-01 3.782592e-01 5.020698e-01 3.045100e-01 5.281103e-01 6.277568e-01 4.477802e-01 3.177515e-01 3.934733e-01 6.320366e-01 
61 855 0 0 0 6.079439e-01 2.581349e-01 6.794451e-01 4.054017e-01 2.542402e-01 3.578438e-01 4.988249e-01 1.785068e-01 2.887893e-01 2.892362e-01 5.524705e-01 7.317128e-01 7.509193e-01 1.757442e-01 8.495531e-01 5.030059e-01 3.964195e-01 5.701932e-01 1.367323e-01 2.778904e-01 6.682707e-01 8.234357e-01 3.488570e-01 4.059962e-01 7.205727e-01 2.985285e-01 5.125290e-01 3.808105e-01 4.642436e-01 4.560956e-01 4.812103e-01 3.336383e-01 4.123661e-01 6.312248e-01 
62 869 0 0 0 5.697765e-01 1.588379e-01 7.531756e-01 3.347103e-01 2.241929e-01 3.257602e-01 6.383646e-01 2.097490e-01 3.523154e-01 3.297150e-01 5.811775e-01 7.466304e-01 6.783174e-01 2.039958e-01 8.863309e-01 4.298409e-01 4.812996e-01 5.437847e-01 1.802848e-01 3.039465e-01 8.332029e-01 8.264632e-01 3.405682e-01 5.413881e-01 6.618638e-01 4.681484e-01 5.476867e-01 4.298410e-01 5.919003e-01 4.008360e-01 6.634713e-01 3.818454e-01 3.839094e-01 7.694645e-01 
63 883 0 0 0 5.219686e-01 2.105564e-01 7.453541e-01 3.175883e-01 7.812994e-02 2.755972e-01 6.181003e-01 1.331328e-01 3.672955e-01 2.610839e-01 6.425076e-01 6.885046e-01 6.466989e-01 2.838537e-01 9.640389e-01 4.360084e-01 2.711075e-01 5.175084e-01 1.713565e-01 2.795534e-01 6.425624e-01 8.726654e-01 2.418356e-01 4.522601e-01 7.595209e-01 4.347269e-01 4.958820e-01 4.362047e-01 6.481279e-01 3.166376e-01 5.817432e-01 3.912060e-01 4.390524e-01 7.760465e-01 
64 897 0 0 0 5.785774e-01 2.827064e-01 8.615764e-01 2.712808e-01 1.262506e-01 3.178351e-01 6.841851e-01 2.061028e-01 3.694251e-01 2.470055e-01 5.466739e-01 6.326615e-01 5.825707e-01 2.985742e-01 7.477851e-01 4.020646e-01 2.805767e-01 5.475691e-01 1.896484e-01 2.875851e-01 6.407397e-01 8.569548e-01 1.255113e-01 4.416884e-01 6.646459e-01 3.832837e-01 4.265741e-01 3.864058e-01 8.146220e-01 2.687532e-01 5.171721e-01 4.058487e-01 4.235204e-01 8.200160e-01 
65 911 0 0 0 6.290741e-01 2.793704e-01 8.795956e-01 2.071411e-01 1.558394e-01 2.813422e-01 6.967916e-01 1.398098e-01 3.180691e-01 1.973175e-01 4.907774e-01 7.200813e-01 7.558517e-01 1.966057e-01 6.991442e-01 4.232603e-01 3.520430e-01 6.733841e-01 2.276783e-01 3.056669e-01 5.145736e-01 8.372199e-01 3.403946e-01 3.640150e-01 7.075642e-01 2.387089e-01 3.183199e-01 3.949554e-01 8.126226e-01 3.337439e-01 5.479736e-01 2.721409e-01 4.631898e-01 8.035829e-01 
66 925 0 0 0 6.488346e-01 3.266560e-01 8.149440e-01 2.099204e-01 1.257716e-01 3.582684e-01 6.552477e-01 2.740962e-01 2.467699e-01 2.158929e-01 5.068412e-01 6.923788e-01 6.542743e-01 1.479057e-01 6.790582e-01 4.495921e-01 3.840473e-01 7.042763e-01 1.482456e-01 2.960062e-01 5.057651e-01 7.452785e-01 2.544307e-01 4.179998e-01 8.600656e-01 2.340814e-01 3.976035e-01 4.716527e-01 8.180739e-01 4.550904e-01 4.944026e-01 2.131113e-01 5.524073e-01 8.499439e-01 
67 939 0 0 0 6.823822e-01 2.801961e-01 7.094383e-01 3.309339e-01 1.522801e-01 3.670241e-01 6.726997e-01 1.512792e-01 1.556996e-01 2.494625e-01 5.618236e-01 5.860666e-01 6.192264e-01 1.683694e-01 6.861506e-01 3.876186e-01 2.951143e-01 4.993932e-01 1.903990e-01 2.457881e-01 4.901224e-01 7.078309e-01 2.760405e-01 4.914173e-01 8.424313e-01 2.952391e-01 4.274887e-01 3.561462e-01 8.336176e-01 3.405358e-01 4.294554e-01 2.744959e-01 5.502184e-01 9.241962e-01 
68 953 0 0 0 6.480550e-01 2.008577e-01 7.040454e-01 3.939586e-01 1.957923e-01 4.970195e-01 7.936936e-01 1.972075e-01 1.428762e-01 3.452132e-01 5.132243e-01 6.404920e-01 5.768677e-01 1.957854e-01 7.046614e-01 3.738341e-01 3.519462e-01 5.245620e-01 2.647189e-01 2.103045e-01 5.118064e-01 6.887411e-01 2.999069e-01 6.148848e-01 8.342184e-01 2.857771e-01 4.589190e-01 3.907667e-01 8.087146e-01 2.684579e-01 4.287587e-01 1.225034e-01 6.059747e-01 8.058253e-01 
69 967 0 0 0 6.274518e-01 1.470670e-01 7.592661e-01 4.626130e-01 1.937341e-01 5.800231e-01 7.774951e-01 2.075686e-01 1.820602e-01 4.146028e-01 4.247455e-01 7.391185e-01 5.332473e-01 2.718679e-01 6.992469e-01 4.964610e-01 3.232309e-01 4.408699e-01 2.055126e-01 1.328027e-01 4.865710e-01 5.595149e-01 2.326536e-01 5.198401e-01 8.760111e-01 3.458044e-01 5.648435e-01 3.959218e-01 8.834802e-01 3.305214e-01 4.395534e-01 1.966057e-01 6.330937e-01 7.244791e-01 
70 981 0 0 0 4.933694e-01 1.635643e-01 7.831870e-01 4.629929e-01 2.552868e-01 6.300335e-01 8.584113e-01 2.797770e-01 1.828441e-01 4.999463e-01 4.769837e-01 7.366811e-01 4.117311e-01 2.506345e-01 5.235901e-01 5.171263e-01 3.351943e-01 4.926228e-01 2.597955e-01 1.831840e-01 5.666947e-01 5.729463e-01 2.915996e-01 4.313925e-01 7.031340e-01 4.125912e-01 5.594733e-01 3.223636e-01 7.918418e-01 4.492766e-01 5.729502e-01 2.726240e-01 6.763048e-01 8.144253e-01 
71 995 0 0 0 5.744182e-01 2.283466e-01 7.379817e-01 4.445372e-01 3.101062e-01 6.795196e-01 6.796320e-01 3.907150e-01 2.007359e-01 4.098915e-01 5.406558e-01 6.715111e-01 4.272615e-01 2.974857e-01 5.987794e-01 5.018407e-01 3.246502e-01 5.095782e-01 2.532245e-01 2.128800e-01 4.894171e-01 4.923567e-01 3.844773e-01 4.746891e-01 7.633903e-01 4.659379e-01 7.510590e-01 3.976165e-01 8.535159e-01 4.736243e-01 4.351595e-01 1.578606e-01 6.602881e-01 8.386596e-01 
72 1009 0 0 0 4.923434e-01 3.626760e-01 7.116082e-01 3.760254e-01 2.687640e-01 7.679838e-01 6.347917e-01 4.739306e-01 2.108291e-01 4.813561e-01 4.879033e-01 6.205884e-01 5.189421e-01 3.121333e-01 5.695862e-01 3.338637e-01 2.390695e-01 4.423680e-01 7.307522e-02 3.020284e-01 3.775474e-01 5.100199e-01 3.977045e-01 5.590190e-01 6.239085e-01 4.385293e-01 8.271617e-01 4.265552e-01 8.351469e-01 4.190455e-01 2.953021e-01 2.859136e-01 6.513919e-01 7.323510e-01 
73 1023 0 0 0 4.534313e-01 2.451472e-01 6.628735e-01 4.417473e-01 3.111767e-01 7.310111e-01 6.234074e-01 5.767759e-01 2.728523e-01 6.093088e-01 4.555599e-01 7.672357e-01 4.540257e-01 4.155915e-01 5.868113e-01 2.845144e-01 1.839617e-01 3.753397e-01 1.935788e-01 2.986775e-01 4.785824e-01 4.800319e-01 4.084797e-01 5.682609e-01 7.478021e-01 4.929740e-01 8.736647e-01 4.417886e-01 7.660099e-01 3.877018e-01 2.713664e-01 1.937360e-01 5.307638e-01 7.598084e-01 
74 1037 0 0 0 3.944341e-01 4.783770e-01 6.518570e-01 4.506900e-01 2.362437e-01 8.561824e-01 7.058202e-01 5.248369e-01 3.567335e-01 4.930053e-01 4.752137e-01 7.967541e-01 3.191540e-01 5.475114e-01 5.440215e-01 1.812110e-01 4.010670e-01 3.732215e-01 2.288793e-01 3.375142e-01 5.916651e-01 5.512610e-01 4.689823e-01 6.250607e-01 7.012431e-01 5.395607e-01 7.459991e-01 5.059286e-01 7.658205e-01 4.140983e-01 2.254377e-01 1.974912e-01 5.045593e-01 6.917762e-01 
75 1051 0 0 0 4.433574e-01 3.260091e-01 6.026899e-01 4.736661e-01 2.271772e-01 7.897579e-01 7.629741e-01 5.203076e-01 4.129132e-01 4.697861e-01 4.658646e-01 6.656192e-01 4.360675e-01 3.837493e-01 5.381621e-01 3.263411e-01 3.387648e-01 3.984904e-01 2.622092e-01 4.105749e-01 6.138173e-01 5.343199e-01 4.595614e-01 5.707448e-01 8.487541e-01 4.469124e-01 6.924087e-01 4.887059e-01 7.724422e-01 3.561121e-01 2.864374e-01 3.041243e-01 4.646700e-01 7.789743e-01 
76 1065 0 0 0 4.860244e-01 2.539446e-01 6.873589e-01 4.312709e-01 2.214022e-01 7.327368e-01 7.065733e-01 5.232880e-01 3.611762e-01 5.060201e-01 3.747686e-01 7.539821e-01 5.396526e-01 5.962574e-01 6.427575e-01 4.446748e-01 3.558908e-01 3.431472e-01 2.815639e-01 3.189754e-01 6.630005e-01 4.648407e-01 4.195601e-01 7.544433e-01 8.260658e-01 3.450899e-01 6.877234e-01 4.588220e-01 7.255763e-01 3.470417e-01 3.117012e-01 2.909381e-01 5.151886e-01 6.518640e-01 
77 1079 0 0 0 4.439983e-01 2.131683e-01 6.802845e-01 5.067428e-01 2.225970e-01 8.739212e-01 6.103165e-01 5.135611e-01 2.691000e-01 6.120742e-01 2.372148e-01 8.246007e-01 5.554333e-01 4.786553e-01 7.904708e-01 3.418252e-01 4.430423e-01 4.439123e-01 1.524900e-01 2.228776e-01 5.592075e-01 4.320461e-01 4.081984e-01 7.187875e-01 8.943637e-01 4.354690e-01 8.016758e-01 4.719667e-01 7.840075e-01 3.255388e-01 2.031272e-01 3.962154e-01 5.567700e-01 5.683820e-01 
78 1093 0 0 0 6.984572e-01 2.257851e-01 6.309883e-01 5.885304e-01 2.444508e-01 9.935340e-01 5.955463e-01 4.072539e-01 2.312038e-01 7.025246e-01 1.469634e-01 8.672322e-01 6.614804e-01 4.411973e-01 6.606569e-01 3.909064e-01 4.200408e-01 3.353552e-01 5.976721e-02 2.985579e-01 5.857749e-01 2.662333e-01 5.754534e-01 8.693093e-01 8.124920e-01 3.764684e-01 7.611395e-01 3.944407e-01 7.706311e-01 3.331452e-01 2.082826e-01 3.605207e-01 3.932322e-01 5.732974e-01 
79 1107 0 0 0 6.174498e-01 1.325494e-01 7.516074e-01 5.339877e-01 2.855460e-01 9.680039e-01 5.321346e-01 5.224765e-01 3.121047e-01 8.054754e-01 6.136384e-02 8.153653e-01 5.446145e-01 3.948188e-01 6.417807e-01 4.353280e-01 4.172091e-01 3.447581e-01 2.850134e-02 3.147853e-01 5.986092e-01 2.060228e-01 6.863890e-01 9.032785e-01 8.487673e-01 3.482907e-01 7.923724e-01 4.194823e-01 7.289312e-01 4.684766e-01 4.558250e-01 2.498334e-01 4.439397e-01 5.043703e-01 
80 1121 0 0 0 6.735567e-01 3.485696e-01 7.271638e-01 6.717105e-01 1.976508e-01 8.157272e-01 6.710373e-01 5.855890e-01 2.784109e-01 7.905240e-01 1.316717e-01 8.944795e-01 6.205208e-01 4.093869e-01 6.576106e-01 5.012395e-01 3.045001e-01 2.441816e-01 5.061081e-02 3.718584e-01 5.724959e-01 2.731666e-01 7.643718e-01 8.976011e-01 7.646874e-01 4.792499e-01 8.439873e-01 2.738456e-01 6.688197e-01 5.154739e-01 3.220242e-01 2.984304e-01 5.218452e-01 5.427583e-01 
81 1135 0 0 0 6.583144e-01 3.395601e-01 6.993952e-01 6.640188e-01 2.324869e-01 8.539155e-01 6.320469e-01 6.131292e-01 1.466751e-01 8.276294e-01 1.596438e-01 7.835988e-01 5.149767e-01 5.755569e-01 6.228949e-01 4.026460e-01 3.860353e-01 2.048944e-01 1.587163e-01 4.830506e-01 6.416253e-01 3.068611e-01 7.771487e-01 8.312193e-01 7.420872e-01 5.324933e-01 7.865392e-01 2.987581e-01 6.139551e-01 5.614438e-01 3.305715e-01 3.213461e-01 6.187817e-01 8.658340e-01 
82 1149 0 0 0 6.015781e-01 4.285444e-01 7.805442e-01 6.132730e-01 1.972424e-01 7.645909e-01 5.731359e-01 6.802038e-01 1.322370e-01 8.139610e-01 1.598300e-01 7.783869e-01 4.320610e-01 7.770715e-01 6.328289e-01 4.811027e-01 4.532472e-01 2.882993e-01 1.401978e-01 5.905161e-01 4.646778e-01 4.075762e-01 6.360037e-01 8.048758e-01 6.044164e-01 6.413521e-01 8.257506e-01 3.653778e-01 7.427521e-01 3.746473e-01 3.884888e-01 3.825986e-01 5.796207e-01 9.283947e-01 
83 1163 0 0 0 6.946114e-01 3.014678e-01 8.169020e-01 7.096592e-01 2.211801e-01 6.754025e-01 5.735454e-01 5.633092e-01 1.827528e-01 7.583302e-01 2.691278e-01 8.690228e-01 4.799539e-01 7.657972e-01 6.754712e-01 5.952399e-01 4.958298e-01 1.694423e-01 1.230000e-01 6.218306e-01 4.976821e-01 3.543866e-01 5.163041e-01 7.929800e-01 6.073852e-01 5.265897e-01 7.324423e-01 2.933313e-01 8.172806e-01 3.985857e-01 2.649280e-01 4.297185e-01 5.168465e-01 8.680955e-01 
84 1177 0 0 0 6.761385e-01 2.832065e-01 7.755763e-01 6.048359e-01 2.846395e-01 7.379395e-01 6.131580e-01 5.160548e-01 1.499235e-01 7.856269e-01 2.762702e-01 9.108646e-01 4.232772e-01 6.918356e-01 7.325150e-01 5.683285e-01 4.412706e-01 1.031497e-01 1.896512e-01 5.901404e-01 5.028519e-01 3.756241e-01 5.489600e-01 7.850213e-01 5.771518e-01 5.083023e-01 8.041303e-01 1.911869e-01 8.111540e-01 3.278086e-01 2.117253e-01 4.930997e-01 4.620172e-01 7.676648e-01 
85 1191 0 0 0 6.954784e-01 2.787264e-01 6.383579e-01 6.636620e-01 2.516665e-01 6.981957e-01 6.439205e-01 4.368656e-01 1.955183e-01 6.413264e-01 3.282179e-01 7.660281e-01 4.309307e-01 6.743889e-01 6.928740e-01 5.250423e-01 4.516252e-01 1.337899e-01 2.750451e-01 5.961198e-01 4.191985e-01 5.019318e-01 5.082500e-01 6.274152e-01 5.842613e-01 5.291481e-01 7.943218e-01 1.636752e-01 8.004447e-01 3.096824e-01 3.970922e-01 3.959247e-01 5.017367e-01 7.061093e-01 
86 1205 0 0 0 6.661408e-01 3.256079e-01 7.230714e-01 5.845470e-01 2.883146e-01 7.548203e-01 7.220670e-01 4.316103e-01 1.898304e-01 6.410920e-01 3.958635e-01 6.786886e-01 4.434295e-01 6.263222e-01 7.156866e-01 5.318773e-01 3.798353e-01 1.696177e-01 3.606018e-01 6.333436e-01 4.121324e-01 4.920673e-01 5.731932e-01 5.929401e-01 6.781485e-01 5.093089e-01 7.396864e-01 1.499599e-01 7.807125e-01 3.409417e-01 4.475965e-01 3.577314e-01 4.508006e-01 6.665814e-01 
87 1219 0 0 0 7.248855e-01 3.997787e-01 6.375121e-01 5.517510e-01 1.709213e-01 7.579598e-01 8.446008e-01 3.580852e-01 1.793720e-01 5.301081e-01 5.059721e-01 7.171979e-01 4.575272e-01 5.353216e-01 6.365065e-01 6.317631e-01 4.208596e-01 3.294573e-01 3.599884e-01 5.619658e-01 3.241297e-01 4.200964e-01 6.398707e-01 4.853369e-01 6.380220e-01 5.603699e-01 6.421254e-01 1.747536e-01 6.363899e-01 2.470506e-01 5.713811e-01 2.546996e-01 5.529345e-01 4.999162e-01 
88 1233 0 0 0 7.435463e-01 3.075694e-01 6.267221e-01 5.073076e-01 2.541144e-01 7.094279e-01 7.162932e-01 3.299020e-01 2.305077e-01 6.608538e-01 4.033713e-01 8.005087e-01 4.572078e-01 6.694325e-01 7.673119e-01 6.176354e-01 4.157143e-01 3.549568e-01 3.587209e-01 6.075990e-01 1.466777e-01 5.123909e-01 6.404612e-01 5.251917e-01 5.989941e-01 5.207980e-01 5.559101e-01 2.639399e-01 7.001442e-01 2.886706e-01 5.539387e-01 2.420981e-01 4.541898e-01 4.184488e-01 
89 1247 0 0 0 6.925749e-01 4.403334e-01 6.809299e-01 6.090274e-01 2.874266e-01 7.330870e-01 7.390019e-01 2.243849e-01 2.477256e-01 6.506729e-01 4.948299e-01 7.131246e-01 6.500609e-01 7.212756e-01 7.693353e-01 6.832094e-01 5.437981e-01 2.265806e-01 5.299035e-01 6.371066e-01 1.610924e-01 4.029725e-01 6.069011e-01 5.946019e-01 6.628254e-01 4.325494e-01 6.219684e-01 3.566710e-01 6.616753e-01 3.465902e-01 6.111819e-01 3.313747e-01 6.272522e-01 3.692891e-01 
90 1261 0 0 0 4.548143e-01 4.406000e-01 7.113466e-01 6.336645e-01 2.019382e-01 5.719838e-01 6.550485e-01 1.139557e-01 3.467978e-01 7.535148e-01 5.293687e-01 6.961481e-01 7.546816e-01 8.043429e-01 7.161136e-01 6.313950e-01 3.293756e-01 2.689926e-01 5.487934e-01 5.729500e-01 2.279429e-01 4.975030e-01 5.721393e-01 5.763153e-01 6.079596e-01 3.699180e-01 6.051995e-01 2.794945e-01 6.693860e-01 5.153664e-01 5.681184e-01 3.333742e-01 6.653050e-01 4.466521e-01 
91 1275 0 0 0 3.986709e-01 4.530400e-01 7.243561e-01 5.796559e-01 2.791866e-01 7.193582e-01 8.735224e-01 2.636843e-01 3.025415e-01 7.695856e-01 4.382364e-01 7.951578e-01 7.113373e-01 8.357529e-01 8.003793e-01 7.171628e-01 2.987031e-01 3.091703e-01 4.595530e-01 3.813920e-01 1.645119e-01 4.271932e-01 4.596726e-01 4.845127e-01 5.875337e-01 2.456967e-01 5.886299e-01 3.315429e-01 5.732889e-01 7.139068e-01 6.225587e-01 3.576816e-01 5.105407e-01 3.767732e-01 
92 1289 0 0 0 3.628195e-01 3.745562e-01 8.491478e-01 6.054329e-01 3.091096e-01 7.190458e-01 8.859568e-01 4.321038e-01 4.315738e-01 7.055918e-01 3.392425e-01 8.341552e-01 7.247310e-01 6.645587e-01 7.236369e-01 7.606105e-01 1.772741e-01 2.172270e-01 4.061828e-01 4.696138e-01 4.326402e-01 5.113942e-01 5.284461e-01 5.357361e-01 6.412583e-01 3.800230e-01 4.918914e-01 4.185888e-01 7.703769e-01 6.592251e-01 5.355263e-01 4.954658e-01 5.315939e-01 2.238056e-01 
93 1303 0 0 0 1.809078e-01 3.511650e-01 7.644795e-01 5.420832e-01 2.115077e-01 7.348091e-01 8.688165e-01 4.884034e-01 4.885113e-01 7.206680e-01 4.013582e-01 8.255866e-01 6.412759e-01 6.898391e-01 6.970140e-01 7.168233e-01 2.336574e-01 3.965082e-01 3.950536e-01 4.121079e-01 4.284582e-01 4.961041e-01 4.829846e-01 5.409159e-01 7.186607e-01 3.708090e-01 4.031678e-01 4.851027e-01 7.060430e-01 5.672666e-01 7.394246e-01 6.529120e-01 3.516666e-01 1.822557e-01 
94 1317 0 0 0 2.596065e-01 2.504009e-01 7.998897e-01 6.282009e-01 1.445588e-01 5.927480e-01 7.858822e-01 4.237863e-01 7.691435e-01 8.134089e-01 2.835813e-01 6.625039e-01 7.880336e-01 5.936320e-01 6.984316e-01 7.534629e-01 3.278342e-01 3.347637e-01 3.906468e-01 5.091672e-01 5.676696e-01 3.863097e-01 3.533212e-01 6.652520e-01 7.111353e-01 4.676769e-01 3.833815e-01 4.832787e-01 8.188189e-01 6.527626e-01 6.397416e-01 6.941047e-01 3.262745e-01 1.812659e-01 
95 1331 0 0 0 2.411475e-01 2.052598e-01 7.499722e-01 5.853679e-01 4.226354e-02 5.353597e-01 8.961341e-01 4.299712e-01 7.458977e-01 7.704817e-01 2.782279e-01 5.965293e-01 7.552429e-01 4.917003e-01 7.605554e-01 7.283947e-01 2.931160e-01 3.723497e-01 3.235352e-01 4.024775e-01 7.284390e-01 5.078354e-01 3.930919e-01 6.505052e-01 7.589517e-01 5.175422e-01 3.793438e-01 4.418786e-01 8.033089e-01 5.592793e-01 6.632276e-01 5.781115e-01 2.361095e-01 1.665975e-01 
96 1345 0 0 0 1.902028e-01 2.572609e-01 7.840934e-01 5.926862e-01 9.457916e-02 5.748964e-01 9.698728e-01 5.188380e-01 6.448453e-01 7.238558e-01 4.368569e-01 4.731582e-01 8.671264e-01 5.921102e-01 8.675034e-01 5.920551e-01 1.994694e-01 3.941941e-01 1.571953e-01 5.285056e-01 7.374169e-01 4.744517e-01 4.360256e-01 4.229673e-01 6.747722e-01 5.361087e-01 3.769692e-01 3.558229e-01 8.069601e-01 4.667251e-01 5.153784e-01 4.151652e-01 5.225484e-01 1.799777e-01 
97 1359 0 0 0 1.950679e-01 1.145345e-01 7.829405e-01 6.083225e-01 6.873663e-02 5.560609e-01 9.261312e-01 4.365546e-01 5.643484e-01 6.327650e-01 4.130978e-01 4.967591e-01 8.761997e-01 5.982521e-01 8.160836e-01 4.903313e-01 1.533602e-01 3.220984e-01 1.387733e-01 5.145688e-01 7.027930e-01 5.597831e-01 4.938990e-01 4.341112e-01 6.495894e-01 4.976488e-01 6.012401e-01 3.453629e-01 6.510970e-01 4.708515e-01 5.945032e-01 4.515946e-01 5.221651e-01 1.880631e-01 
98 1373 0 0 0 2.106777e-01 1.909890e-01 6.173302e-01 4.492049e-01 1.403718e-01 5.999872e-01 8.526418e-01 4.702787e-01 6.198158e-01 6.562506e-01 2.835417e-01 4.269334e-01 6.863785e-01 5.650397e-01 8.493243e-01 4.745514e-01 3.553557e-01 2.612111e-01 2.105936e-01 4.901013e-01 7.673212e-01 5.156920e-01 6.690700e-01 3.314010e-01 7.989643e-01 5.188655e-01 5.517896e-01 3.630664e-01 5.278195e-01 3.445286e-01 4.981810e-01 5.570330e-01 5.902040e-01 1.921559e-01 
