%  columns="iteration, evaluation, sigma, axis ratio, bestever, best, median, worst fitness function value, further objective values of best" (startseed=212069, 2023/08/28 15:15:31.71)
1 15 2.811801e-01 1.023152e+00  1.000000000000000000e+05  1.000000000000000000e+05  1.000000000000000000e+13  1.000000000000000000e+18
2 29 3.746368e-01 1.029285e+00  1.000000000000000000e+05  1.000000000000000000e+05  1.000000000000000000e+05  1.000000000000000000e+18
3 43 3.600043e-01 1.035936e+00  1.000000000000000000e+05  1.000000000000000000e+05  1.000000000000000000e+05  1.000000000000000000e+18
4 57 3.440665e-01 1.041976e+00  5.394473934729097664e+02  5.394473934729097664e+02  1.000000000000000000e+05  1.000000000000000000e+18
5 71 3.264625e-01 1.046514e+00  5.394473934729097664e+02  1.000000000000000000e+05  1.000000000000000000e+11  1.000000000000000000e+18
6 85 3.094157e-01 1.049163e+00  5.394473934729097664e+02  1.000000000000000000e+05  1.000000000000000000e+11  1.000000000000000000e+15
7 99 2.940632e-01 1.052692e+00  5.394473934729097664e+02  1.000000000000000000e+05  1.000000000000000000e+11  1.000000000000000000e+18
8 113 2.839108e-01 1.064490e+00  5.394473934729097664e+02  3.735827173494324597e+03  1.000000000000000000e+11  1.000000000000000000e+13
9 127 2.759637e-01 1.070922e+00  5.394473934729097664e+02  1.000000000000000000e+11  1.000000000000000000e+11  1.000000000000000000e+13
10 141 2.671928e-01 1.078378e+00  5.394473934729097664e+02  1.000000000000000000e+11  1.000000000000000000e+11  1.000000000000000000e+13
11 155 2.575852e-01 1.082053e+00  5.394473934729097664e+02  1.000000000000000000e+11  1.000000000000000000e+11  1.000000000000000000e+13
12 169 2.494876e-01 1.090294e+00  5.394473934729097664e+02  6.330360552817360258e+03  1.000000000000000000e+11  1.000000000000000000e+13
13 183 2.420224e-01 1.094676e+00  5.394473934729097664e+02  1.000000000000000000e+05  1.000000000000000000e+11  1.000000000000000000e+13
14 197 2.334082e-01 1.097665e+00  5.394473934729097664e+02  1.000000000000000000e+05  1.000000000000000000e+11  1.000000000000000000e+11
15 211 2.247719e-01 1.105260e+00  5.394473934729097664e+02  1.000000000000000000e+05  1.000000000000000000e+11  1.000000000000000000e+11
16 225 2.174033e-01 1.115407e+00  5.394473934729097664e+02  1.000000000000000000e+11  1.000000000000000000e+11  1.000000000000000000e+11
17 239 2.125005e-01 1.119621e+00  5.394473934729097664e+02  1.000000000000000000e+05  1.000000000000000000e+11  1.000000000000000000e+13
18 253 2.070869e-01 1.123913e+00  5.394473934729097664e+02  1.000000000000000000e+05  1.000000000000000000e+11  1.000000000000000000e+11
19 267 1.972242e-01 1.126974e+00  5.394473934729097664e+02  1.000000000000000000e+11  1.000000000000000000e+11  1.000000000000000000e+13
20 281 1.884228e-01 1.126713e+00  5.394473934729097664e+02  1.000000000000000000e+11  1.000000000000000000e+11  1.000000000000000000e+11
21 295 1.820673e-01 1.132440e+00  5.394473934729097664e+02  1.000000000000000000e+05  1.000000000000000000e+11  1.000000000000000000e+11
22 309 1.745868e-01 1.133565e+00  5.394473934729097664e+02  1.000000000000000000e+05  5.000005000000000000e+10  1.000000000000000000e+11
23 323 1.683976e-01 1.139189e+00  5.394473934729097664e+02  1.000000000000000000e+05  1.000000000000000000e+11  1.000000000000000000e+13
24 337 1.668096e-01 1.141249e+00  5.394473934729097664e+02  1.000000000000000000e+05  1.000000000000000000e+11  1.000000000000000000e+11
25 351 1.661589e-01 1.141784e+00  5.394473934729097664e+02  1.000000000000000000e+05  1.000000000000000000e+11  1.000000000000000000e+11
26 365 1.671971e-01 1.147356e+00  5.394473934729097664e+02  1.000000000000000000e+05  1.000000000000000000e+11  1.000000000000000000e+11
27 379 1.625293e-01 1.158229e+00  5.394473934729097664e+02  1.000000000000000000e+05  1.000000000000000000e+11  1.000000000000000000e+11
28 393 1.602320e-01 1.168741e+00  5.394473934729097664e+02  1.000000000000000000e+05  1.000000000000000000e+11  1.000000000000000000e+11
29 407 1.589573e-01 1.179698e+00  5.394473934729097664e+02  1.000000000000000000e+05  1.000000000000000000e+05  1.000000000000000000e+11
30 421 1.525608e-01 1.189784e+00  5.394473934729097664e+02  1.000000000000000000e+05  1.000000000000000000e+05  1.000000000000000000e+11
31 435 1.461009e-01 1.192325e+00  5.394473934729097664e+02  1.000000000000000000e+05  1.000000000000000000e+05  1.000000000000000000e+11
32 449 1.421259e-01 1.197320e+00  5.394473934729097664e+02  1.000000000000000000e+05  1.000000000000000000e+05  1.000000000000000000e+11
33 463 1.402503e-01 1.201433e+00  5.394473934729097664e+02  1.000000000000000000e+05  1.000000000000000000e+05  1.000000000000000000e+11
34 477 1.369975e-01 1.205569e+00  5.394473934729097664e+02  1.000000000000000000e+05  1.000000000000000000e+05  1.000000000000000000e+11
35 491 1.342595e-01 1.208117e+00  5.394473934729097664e+02  1.000000000000000000e+05  1.000000000000000000e+05  1.000000000000000000e+05
36 505 1.320838e-01 1.212465e+00  5.394473934729097664e+02  1.000000000000000000e+05  1.000000000000000000e+05  1.000000000000000000e+05
37 519 1.286563e-01 1.214238e+00  5.394473934729097664e+02  1.000000000000000000e+05  1.000000000000000000e+05  1.000000000000000000e+05
38 533 1.260328e-01 1.216599e+00  5.394473934729097664e+02  1.000000000000000000e+05  1.000000000000000000e+05  1.000000000000000000e+11
39 547 1.220481e-01 1.220289e+00  5.394473934729097664e+02  1.000000000000000000e+05  1.000000000000000000e+05  1.000000000000000000e+11
40 561 1.181684e-01 1.219540e+00  5.394473934729097664e+02  1.000000000000000000e+05  1.000000000000000000e+05  1.000000000000000000e+11
41 575 1.603466e-01 1.227032e+00  5.394473934729097664e+02  1.000000000000000000e+05  1.000000000000000000e+05  1.000000000000000000e+05
42 589 1.550562e-01 1.229257e+00  5.394473934729097664e+02  1.000000000000000000e+05  1.000000000000000000e+05  1.000000000000000000e+11
43 603 1.510875e-01 1.231323e+00  5.394473934729097664e+02  1.000000000000000000e+05  1.000000000000000000e+05  1.000000000000000000e+11
44 617 1.454467e-01 1.231971e+00  5.394473934729097664e+02  1.000000000000000000e+05  1.000000000000000000e+05  1.000000000000000000e+11
45 631 2.003341e-01 1.233086e+00  5.394473934729097664e+02  1.000000000000000000e+05  1.000000000000000000e+05  1.000000000000000000e+05
46 645 1.994155e-01 1.235211e+00  5.394473934729097664e+02  1.000000000000000000e+05  1.000000000000000000e+05  1.000000000000000000e+05
47 659 1.959364e-01 1.240265e+00  5.394473934729097664e+02  1.000000000000000000e+05  1.000000000000000000e+05  1.000000000000000000e+11
48 673 1.912198e-01 1.245754e+00  5.394473934729097664e+02  1.000000000000000000e+05  1.000000000000000000e+05  1.000000000000000000e+11
49 687 1.885093e-01 1.247913e+00  5.394473934729097664e+02  1.000000000000000000e+05  1.000000000000000000e+05  1.000000000000000000e+11
50 701 1.842976e-01 1.247505e+00  5.394473934729097664e+02  1.000000000000000000e+05  1.000000000000000000e+05  1.000000000000000000e+05
51 715 1.809123e-01 1.252403e+00  5.394473934729097664e+02  1.000000000000000000e+05  1.000000000000000000e+05  1.000000000000000000e+11
52 729 1.754957e-01 1.253864e+00  5.394473934729097664e+02  1.000000000000000000e+05  1.000000000000000000e+05  1.000000000000000000e+11
53 743 1.733634e-01 1.257057e+00  5.394473934729097664e+02  1.000000000000000000e+05  1.000000000000000000e+05  1.000000000000000000e+11
54 757 1.699914e-01 1.262708e+00  5.394473934729097664e+02  1.000000000000000000e+05  1.000000000000000000e+05  1.000000000000000000e+05
55 771 2.303935e-01 1.266092e+00  5.394473934729097664e+02  1.000000000000000000e+05  1.000000000000000000e+05  1.000000000000000000e+11
56 785 2.257580e-01 1.269434e+00  5.394473934729097664e+02  1.000000000000000000e+05  1.000000000000000000e+05  1.000000000000000000e+11
57 799 2.172218e-01 1.273066e+00  5.394473934729097664e+02  1.000000000000000000e+05  1.000000000000000000e+05  1.000000000000000000e+15
58 813 2.144741e-01 1.275808e+00  5.394473934729097664e+02  1.000000000000000000e+05  1.000000000000000000e+05  1.000000000000000000e+15
59 827 2.138927e-01 1.279109e+00  5.394473934729097664e+02  1.000000000000000000e+05  1.000000000000000000e+05  1.000000000000000000e+11
60 841 2.094750e-01 1.282217e+00  5.394473934729097664e+02  1.000000000000000000e+05  1.000000000000000000e+05  1.000000000000000000e+05
61 855 2.012822e-01 1.281353e+00  5.394473934729097664e+02  1.000000000000000000e+05  1.000000000000000000e+05  1.000000000000000000e+05
62 869 1.914277e-01 1.281603e+00  5.394473934729097664e+02  1.000000000000000000e+05  1.000000000000000000e+05  1.000000000000000000e+11
63 883 1.819460e-01 1.282726e+00  5.394473934729097664e+02  1.000000000000000000e+05  1.000000000000000000e+05  1.000000000000000000e+05
64 897 1.747365e-01 1.283019e+00  5.394473934729097664e+02  1.000000000000000000e+05  1.000000000000000000e+05  1.000000000000000000e+11
65 911 1.711409e-01 1.282458e+00  5.394473934729097664e+02  1.000000000000000000e+05  1.000000000000000000e+05  1.000000000000000000e+11
66 925 1.713490e-01 1.282881e+00  5.394473934729097664e+02  1.000000000000000000e+05  1.000000000000000000e+05  1.000000000000000000e+11
67 939 1.692117e-01 1.282996e+00  5.394473934729097664e+02  1.000000000000000000e+05  1.000000000000000000e+05  1.000000000000000000e+11
68 953 1.654392e-01 1.282917e+00  5.394473934729097664e+02  1.000000000000000000e+05  1.000000000000000000e+05  1.000000000000000000e+05
69 967 1.608618e-01 1.282184e+00  5.394473934729097664e+02  1.000000000000000000e+05  1.000000000000000000e+05  1.000000000000000000e+11
70 981 1.553273e-01 1.288692e+00  5.394473934729097664e+02  1.000000000000000000e+05  1.000000000000000000e+05  1.000000000000000000e+05
71 995 1.483648e-01 1.288729e+00  5.394473934729097664e+02  1.000000000000000000e+05  1.000000000000000000e+05  1.000000000000000000e+11
72 1009 1.435767e-01 1.292750e+00  5.394473934729097664e+02  1.000000000000000000e+05  1.000000000000000000e+05  1.000000000000000000e+13
73 1023 1.399951e-01 1.293841e+00  5.394473934729097664e+02  1.000000000000000000e+05  1.000000000000000000e+05  1.000000000000000000e+11
74 1037 1.354747e-01 1.294136e+00  5.394473934729097664e+02  1.000000000000000000e+05  1.000000000000000000e+05  1.000000000000000000e+13
75 1051 1.843702e-01 1.292903e+00  5.394473934729097664e+02  1.000000000000000000e+05  1.000000000000000000e+05  1.000000000000000000e+11
76 1065 1.776400e-01 1.295026e+00  5.394473934729097664e+02  1.000000000000000000e+05  1.000000000000000000e+05  1.000000000000000000e+11
77 1079 1.736882e-01 1.296026e+00  5.394473934729097664e+02  1.000000000000000000e+05  1.000000000000000000e+05  1.000000000000000000e+13
78 1093 1.679991e-01 1.297799e+00  5.394473934729097664e+02  1.000000000000000000e+05  1.000000000000000000e+05  1.000000000000000000e+05
79 1107 1.633358e-01 1.299710e+00  5.394473934729097664e+02  1.000000000000000000e+05  1.000000000000000000e+05  1.000000000000000000e+13
80 1121 1.604267e-01 1.301403e+00  5.394473934729097664e+02  1.000000000000000000e+05  1.000000000000000000e+05  1.000000000000000000e+13
81 1135 1.573504e-01 1.302143e+00  5.394473934729097664e+02  1.000000000000000000e+05  1.000000000000000000e+05  1.000000000000000000e+13
82 1149 1.527546e-01 1.303559e+00  5.394473934729097664e+02  1.000000000000000000e+05  1.000000000000000000e+05  1.000000000000000000e+13
83 1163 1.488737e-01 1.303288e+00  5.394473934729097664e+02  1.000000000000000000e+05  1.000000000000000000e+05  1.000000000000000000e+05
84 1177 1.455357e-01 1.308472e+00  5.394473934729097664e+02  1.000000000000000000e+05  1.000000000000000000e+05  1.000000000000000000e+05
85 1191 1.429986e-01 1.308532e+00  5.394473934729097664e+02  1.000000000000000000e+05  1.000000000000000000e+05  1.000000000000000000e+05
86 1205 1.412573e-01 1.312236e+00  5.394473934729097664e+02  1.000000000000000000e+05  1.000000000000000000e+05  1.000000000000000000e+05
87 1219 1.373964e-01 1.310406e+00  5.394473934729097664e+02  1.000000000000000000e+05  1.000000000000000000e+05  1.000000000000000000e+13
88 1233 1.355730e-01 1.309759e+00  5.394473934729097664e+02  1.000000000000000000e+05  1.000000000000000000e+05  1.000000000000000000e+05
89 1247 1.356663e-01 1.313785e+00  5.394473934729097664e+02  1.000000000000000000e+05  1.000000000000000000e+05  1.000000000000000000e+05
90 1261 1.366860e-01 1.318012e+00  5.394473934729097664e+02  1.000000000000000000e+05  1.000000000000000000e+05  1.000000000000000000e+13
91 1275 1.357071e-01 1.319494e+00  5.394473934729097664e+02  1.000000000000000000e+05  1.000000000000000000e+05  1.000000000000000000e+13
92 1289 1.325460e-01 1.320607e+00  5.394473934729097664e+02  1.000000000000000000e+05  1.000000000000000000e+05  1.000000000000000000e+13
93 1303 1.280806e-01 1.324156e+00  5.394473934729097664e+02  1.000000000000000000e+05  1.000000000000000000e+05  1.000000000000000000e+11
94 1317 1.231572e-01 1.327414e+00  5.394473934729097664e+02  1.000000000000000000e+05  1.000000000000000000e+05  1.000000000000000000e+13
95 1331 1.211693e-01 1.328185e+00  5.394473934729097664e+02  1.000000000000000000e+05  1.000000000000000000e+05  1.000000000000000000e+13
96 1345 1.169277e-01 1.331590e+00  5.394473934729097664e+02  1.000000000000000000e+05  1.000000000000000000e+05  1.000000000000000000e+13
97 1359 1.578102e-01 1.331770e+00  5.394473934729097664e+02  1.000000000000000000e+05  1.000000000000000000e+05  1.000000000000000000e+05
98 1373 1.535368e-01 1.331972e+00  5.394473934729097664e+02  1.000000000000000000e+05  1.000000000000000000e+05  1.000000000000000000e+13
99 1387 1.519311e-01 1.344761e+00  5.394473934729097664e+02  1.000000000000000000e+05  1.000000000000000000e+05  1.000000000000000000e+15
100 1401 1.472659e-01 1.346104e+00  5.394473934729097664e+02  1.000000000000000000e+05  1.000000000000000000e+05  1.000000000000000000e+05
101 1415 2.003295e-01 1.349878e+00  5.394473934729097664e+02  1.000000000000000000e+05  1.000000000000000000e+05  1.000000000000000000e+13
102 1429 1.958066e-01 1.352542e+00  5.394473934729097664e+02  1.000000000000000000e+05  1.000000000000000000e+05  1.000000000000000000e+13
103 1443 2.661499e-01 1.360048e+00  5.394473934729097664e+02  1.000000000000000000e+05  1.000000000000000000e+05  1.000000000000000000e+11
