%  columns="iteration, evaluation, sigma, axis ratio, bestever, best, median, worst fitness function value, further objective values of best" (startseed=211307, 2023/08/28 15:15:24.09)
1 15 2.849628e-01 1.035346e+00  4.666718278890165493e+03  4.666718278890165493e+03  1.000000000000000000e+11  1.000000000000000000e+18
2 29 2.718699e-01 1.039396e+00  4.666718278890165493e+03  2.875533254359194689e+04  1.000000000000000000e+05  1.000000000000000000e+18
3 43 2.582840e-01 1.044936e+00  4.666718278890165493e+03  4.928941923167762980e+03  5.000000050000000000e+12  1.000000000000000000e+15
4 57 2.526868e-01 1.053166e+00  4.666718278890165493e+03  1.000000000000000000e+05  1.000000000000000000e+05  1.000000000000000000e+18
5 71 2.447580e-01 1.059725e+00  4.666718278890165493e+03  1.000000000000000000e+05  1.000000000000000000e+05  1.000000000000000000e+15
6 85 2.364057e-01 1.067332e+00  4.666718278890165493e+03  1.000000000000000000e+05  1.000000000000000000e+05  1.000000000000000000e+13
7 99 2.300364e-01 1.072418e+00  4.666718278890165493e+03  1.000000000000000000e+05  1.000000000000000000e+05  1.000000000000000000e+05
8 113 2.275687e-01 1.082695e+00  4.666718278890165493e+03  1.000000000000000000e+05  1.000000000000000000e+05  1.000000000000000000e+13
9 127 2.216772e-01 1.089640e+00  4.666718278890165493e+03  1.000000000000000000e+05  1.000000000000000000e+05  1.000000000000000000e+05
10 141 2.169073e-01 1.095750e+00  4.666718278890165493e+03  1.000000000000000000e+05  1.000000000000000000e+05  1.000000000000000000e+05
11 155 2.127565e-01 1.098035e+00  4.666718278890165493e+03  1.000000000000000000e+05  1.000000000000000000e+05  1.000000000000000000e+13
12 169 2.066703e-01 1.100837e+00  4.666718278890165493e+03  1.000000000000000000e+05  1.000000000000000000e+05  1.000000000000000000e+15
13 183 2.042349e-01 1.103969e+00  4.666718278890165493e+03  1.000000000000000000e+05  1.000000000000000000e+05  1.000000000000000000e+05
14 197 1.976189e-01 1.114492e+00  4.666718278890165493e+03  1.000000000000000000e+05  1.000000000000000000e+05  1.000000000000000000e+18
15 211 1.899588e-01 1.123002e+00  4.666718278890165493e+03  1.000000000000000000e+05  1.000000000000000000e+05  1.000000000000000000e+05
16 225 1.822839e-01 1.127072e+00  4.666718278890165493e+03  1.000000000000000000e+05  1.000000000000000000e+05  1.000000000000000000e+11
17 239 1.739535e-01 1.130457e+00  4.666718278890165493e+03  1.000000000000000000e+05  1.000000000000000000e+05  1.000000000000000000e+13
18 253 1.692147e-01 1.135067e+00  4.666718278890165493e+03  1.000000000000000000e+05  1.000000000000000000e+05  1.000000000000000000e+05
19 267 1.624473e-01 1.138220e+00  4.666718278890165493e+03  1.000000000000000000e+05  1.000000000000000000e+05  1.000000000000000000e+05
20 281 1.547161e-01 1.138448e+00  4.666718278890165493e+03  1.000000000000000000e+05  1.000000000000000000e+05  1.000000000000000000e+05
21 295 1.466840e-01 1.139461e+00  4.666718278890165493e+03  1.000000000000000000e+05  1.000000000000000000e+05  1.000000000000000000e+05
22 309 1.424803e-01 1.141631e+00  4.666718278890165493e+03  1.000000000000000000e+05  1.000000000000000000e+05  1.000000000000000000e+05
23 323 1.382738e-01 1.145466e+00  4.666718278890165493e+03  1.000000000000000000e+05  1.000000000000000000e+05  1.000000000000000000e+05
24 337 1.330533e-01 1.147273e+00  4.666718278890165493e+03  1.000000000000000000e+05  1.000000000000000000e+05  1.000000000000000000e+05
25 351 1.272541e-01 1.151538e+00  4.666718278890165493e+03  1.000000000000000000e+05  1.000000000000000000e+05  1.000000000000000000e+05
26 365 1.227338e-01 1.156042e+00  4.666718278890165493e+03  1.000000000000000000e+05  1.000000000000000000e+05  1.000000000000000000e+05
27 379 1.193703e-01 1.160130e+00  4.666718278890165493e+03  1.000000000000000000e+05  1.000000000000000000e+05  1.000000000000000000e+05
28 393 1.186031e-01 1.161889e+00  4.666718278890165493e+03  1.000000000000000000e+05  1.000000000000000000e+05  1.000000000000000000e+05
29 407 1.183712e-01 1.165402e+00  4.666718278890165493e+03  1.000000000000000000e+05  1.000000000000000000e+05  1.000000000000000000e+05
30 421 1.175442e-01 1.176419e+00  4.666718278890165493e+03  1.000000000000000000e+05  1.000000000000000000e+05  1.000000000000000000e+05
31 435 1.602910e-01 1.183348e+00  4.666718278890165493e+03  1.000000000000000000e+05  1.000000000000000000e+05  1.000000000000000000e+05
32 449 1.584017e-01 1.189139e+00  4.666718278890165493e+03  1.000000000000000000e+05  1.000000000000000000e+05  1.000000000000000000e+05
33 463 1.556433e-01 1.193696e+00  4.339821039545476538e+02  4.339821039545476538e+02  1.000000000000000000e+05  1.000000000000000000e+05
34 477 1.519914e-01 1.197377e+00  4.339821039545476538e+02  1.000000000000000000e+05  1.000000000000000000e+05  1.000000000000000000e+13
35 491 2.057142e-01 1.201806e+00  4.339821039545476538e+02  1.000000000000000000e+05  1.000000000000000000e+05  1.000000000000000000e+13
36 505 2.005461e-01 1.203692e+00  4.339821039545476538e+02  1.000000000000000000e+05  1.000000000000000000e+05  1.000000000000000000e+13
37 519 1.971406e-01 1.205150e+00  4.339821039545476538e+02  1.000000000000000000e+05  1.000000000000000000e+05  1.000000000000000000e+13
38 533 1.929299e-01 1.208025e+00  4.339821039545476538e+02  1.000000000000000000e+05  1.000000000000000000e+05  1.000000000000000000e+13
39 547 1.917326e-01 1.210354e+00  4.339821039545476538e+02  1.000000000000000000e+05  1.000000000000000000e+05  1.000000000000000000e+11
40 561 1.886041e-01 1.211234e+00  4.339821039545476538e+02  1.000000000000000000e+05  1.000000000000000000e+05  1.000000000000000000e+05
41 575 1.850892e-01 1.211198e+00  4.339821039545476538e+02  1.000000000000000000e+05  1.000000000000000000e+05  1.000000000000000000e+15
42 589 1.795034e-01 1.218051e+00  4.339821039545476538e+02  1.000000000000000000e+05  1.000000000000000000e+05  1.000000000000000000e+05
43 603 1.707910e-01 1.222006e+00  4.339821039545476538e+02  1.000000000000000000e+05  1.000000000000000000e+05  1.000000000000000000e+15
44 617 1.647199e-01 1.223511e+00  4.339821039545476538e+02  1.000000000000000000e+05  1.000000000000000000e+05  1.000000000000000000e+05
45 631 1.601723e-01 1.226019e+00  4.339821039545476538e+02  1.000000000000000000e+05  1.000000000000000000e+05  1.000000000000000000e+05
46 645 1.548151e-01 1.228436e+00  4.339821039545476538e+02  1.000000000000000000e+05  1.000000000000000000e+05  1.000000000000000000e+05
47 659 1.511108e-01 1.228499e+00  4.339821039545476538e+02  1.000000000000000000e+05  1.000000000000000000e+05  1.000000000000000000e+05
48 673 1.477911e-01 1.227783e+00  4.339821039545476538e+02  1.000000000000000000e+05  1.000000000000000000e+05  1.000000000000000000e+05
49 687 2.031325e-01 1.229369e+00  4.339821039545476538e+02  1.000000000000000000e+05  1.000000000000000000e+05  1.000000000000000000e+05
50 701 1.969225e-01 1.231429e+00  4.339821039545476538e+02  1.000000000000000000e+05  1.000000000000000000e+05  1.000000000000000000e+15
51 715 1.927753e-01 1.230445e+00  4.339821039545476538e+02  1.000000000000000000e+05  1.000000000000000000e+05  1.000000000000000000e+05
52 729 1.847959e-01 1.230168e+00  4.339821039545476538e+02  1.000000000000000000e+05  1.000000000000000000e+05  1.000000000000000000e+05
53 743 1.753840e-01 1.231707e+00  4.339821039545476538e+02  1.000000000000000000e+05  1.000000000000000000e+05  1.000000000000000000e+05
54 757 1.658407e-01 1.231906e+00  4.339821039545476538e+02  1.000000000000000000e+05  1.000000000000000000e+05  1.000000000000000000e+15
55 771 2.222684e-01 1.234604e+00  4.339821039545476538e+02  1.000000000000000000e+05  1.000000000000000000e+05  1.000000000000000000e+11
56 785 2.156779e-01 1.234722e+00  4.339821039545476538e+02  1.000000000000000000e+05  1.000000000000000000e+05  1.000000000000000000e+05
57 799 2.109334e-01 1.241582e+00  4.339821039545476538e+02  1.000000000000000000e+05  1.000000000000000000e+05  1.000000000000000000e+11
58 813 2.080426e-01 1.243047e+00  4.339821039545476538e+02  1.000000000000000000e+05  1.000000000000000000e+05  1.000000000000000000e+13
59 827 1.993182e-01 1.245266e+00  4.339821039545476538e+02  1.000000000000000000e+05  1.000000000000000000e+05  1.000000000000000000e+05
60 841 1.897465e-01 1.247669e+00  4.339821039545476538e+02  1.000000000000000000e+05  1.000000000000000000e+05  1.000000000000000000e+13
61 855 1.833822e-01 1.251206e+00  4.339821039545476538e+02  1.000000000000000000e+05  1.000000000000000000e+05  1.000000000000000000e+11
62 869 1.770929e-01 1.251939e+00  4.339821039545476538e+02  1.000000000000000000e+05  1.000000000000000000e+05  1.000000000000000000e+11
63 883 2.393281e-01 1.256044e+00  4.339821039545476538e+02  1.000000000000000000e+05  1.000000000000000000e+05  1.000000000000000000e+05
64 897 2.323654e-01 1.258338e+00  4.339821039545476538e+02  1.000000000000000000e+05  1.000000000000000000e+05  1.000000000000000000e+11
65 911 2.219778e-01 1.261209e+00  4.339821039545476538e+02  1.000000000000000000e+05  1.000000000000000000e+05  1.000000000000000000e+13
66 925 2.102259e-01 1.262795e+00  4.339821039545476538e+02  1.000000000000000000e+05  1.000000000000000000e+05  1.000000000000000000e+13
67 939 2.019856e-01 1.264751e+00  4.339821039545476538e+02  1.000000000000000000e+05  1.000000000000000000e+05  1.000000000000000000e+11
68 953 1.962385e-01 1.265706e+00  4.339821039545476538e+02  1.000000000000000000e+05  1.000000000000000000e+05  1.000000000000000000e+11
69 967 1.913255e-01 1.270145e+00  4.339821039545476538e+02  1.000000000000000000e+05  1.000000000000000000e+05  1.000000000000000000e+05
70 981 1.880100e-01 1.273133e+00  4.339821039545476538e+02  1.000000000000000000e+05  1.000000000000000000e+05  1.000000000000000000e+05
71 995 1.808897e-01 1.279122e+00  4.339821039545476538e+02  1.000000000000000000e+05  1.000000000000000000e+05  1.000000000000000000e+05
72 1009 1.753954e-01 1.281652e+00  4.339821039545476538e+02  1.000000000000000000e+05  1.000000000000000000e+05  1.000000000000000000e+05
73 1023 1.701479e-01 1.283208e+00  4.339821039545476538e+02  1.000000000000000000e+05  1.000000000000000000e+05  1.000000000000000000e+05
74 1037 1.637993e-01 1.282430e+00  4.339821039545476538e+02  1.000000000000000000e+05  1.000000000000000000e+05  1.000000000000000000e+05
75 1051 1.588686e-01 1.281867e+00  4.339821039545476538e+02  1.000000000000000000e+05  1.000000000000000000e+05  1.000000000000000000e+05
76 1065 1.532888e-01 1.286680e+00  4.339821039545476538e+02  1.000000000000000000e+05  1.000000000000000000e+05  1.000000000000000000e+05
77 1079 2.077646e-01 1.287270e+00  4.339821039545476538e+02  1.000000000000000000e+05  1.000000000000000000e+05  1.000000000000000000e+05
78 1093 2.016963e-01 1.288861e+00  4.339821039545476538e+02  1.000000000000000000e+05  1.000000000000000000e+05  1.000000000000000000e+18
79 1107 1.918159e-01 1.287109e+00  3.554991012722705364e+02  3.554991012722705364e+02  1.000000000000000000e+05  1.000000000000000000e+15
80 1121 1.865541e-01 1.286024e+00  3.554991012722705364e+02  7.417974500733315608e+02  1.000000000000000000e+05  1.000000000000000000e+15
81 1135 1.818312e-01 1.286494e+00  3.554991012722705364e+02  1.102812589782891109e+03  1.000000000000000000e+05  1.000000000000000000e+18
82 1149 1.752507e-01 1.287868e+00  3.554991012722705364e+02  1.000000000000000000e+05  1.000000000000000000e+05  1.000000000000000000e+11
83 1163 1.687438e-01 1.289638e+00  3.554991012722705364e+02  1.000000000000000000e+05  1.000000000000000000e+05  1.000000000000000000e+05
84 1177 1.620402e-01 1.294628e+00  3.554991012722705364e+02  1.000000000000000000e+05  1.000000000000000000e+05  1.000000000000000000e+05
85 1191 2.199620e-01 1.299337e+00  3.554991012722705364e+02  1.000000000000000000e+05  1.000000000000000000e+05  1.000000000000000000e+05
86 1205 2.125325e-01 1.303275e+00  3.554991012722705364e+02  1.000000000000000000e+05  1.000000000000000000e+05  1.000000000000000000e+05
87 1219 2.067318e-01 1.304112e+00  3.554991012722705364e+02  1.000000000000000000e+05  1.000000000000000000e+05  1.000000000000000000e+05
88 1233 1.991268e-01 1.306883e+00  3.554991012722705364e+02  1.000000000000000000e+05  1.000000000000000000e+05  1.000000000000000000e+11
89 1247 1.938435e-01 1.311499e+00  3.554991012722705364e+02  1.000000000000000000e+05  1.000000000000000000e+05  1.000000000000000000e+11
90 1261 1.862165e-01 1.311599e+00  3.554991012722705364e+02  1.000000000000000000e+05  1.000000000000000000e+05  1.000000000000000000e+11
91 1275 1.813667e-01 1.316489e+00  3.554991012722705364e+02  1.000000000000000000e+05  1.000000000000000000e+05  1.000000000000000000e+05
92 1289 1.749051e-01 1.317747e+00  3.554991012722705364e+02  1.000000000000000000e+05  1.000000000000000000e+05  1.000000000000000000e+05
93 1303 1.682971e-01 1.316563e+00  3.554991012722705364e+02  1.000000000000000000e+05  1.000000000000000000e+05  1.000000000000000000e+11
94 1317 1.604399e-01 1.317401e+00  3.554991012722705364e+02  1.000000000000000000e+05  1.000000000000000000e+05  1.000000000000000000e+05
95 1331 2.182256e-01 1.310700e+00  3.554991012722705364e+02  1.000000000000000000e+05  1.000000000000000000e+05  1.000000000000000000e+05
96 1345 2.141229e-01 1.310285e+00  3.554991012722705364e+02  1.000000000000000000e+05  1.000000000000000000e+05  1.000000000000000000e+05
97 1359 2.073260e-01 1.309939e+00  3.554991012722705364e+02  1.000000000000000000e+05  1.000000000000000000e+05  1.000000000000000000e+05
98 1373 2.000848e-01 1.307009e+00  3.554991012722705364e+02  1.000000000000000000e+05  1.000000000000000000e+05  1.000000000000000000e+18
99 1387 1.909989e-01 1.306707e+00  3.554991012722705364e+02  1.000000000000000000e+05  1.000000000000000000e+05  1.000000000000000000e+15
100 1401 1.824994e-01 1.310273e+00  3.554991012722705364e+02  1.000000000000000000e+05  1.000000000000000000e+05  1.000000000000000000e+11
101 1415 1.747493e-01 1.312901e+00  3.554991012722705364e+02  1.000000000000000000e+05  1.000000000000000000e+05  1.000000000000000000e+16
102 1429 1.698425e-01 1.313245e+00  3.554991012722705364e+02  1.000000000000000000e+05  1.000000000000000000e+05  1.000000000000000000e+15
103 1443 1.648748e-01 1.315459e+00  3.554991012722705364e+02  1.000000000000000000e+05  1.000000000000000000e+05  1.000000000000000000e+11
104 1457 1.632191e-01 1.320311e+00  3.554991012722705364e+02  1.000000000000000000e+05  1.000000000000000000e+05  1.000000000000000000e+11
105 1471 1.602018e-01 1.320688e+00  3.554991012722705364e+02  1.000000000000000000e+05  1.000000000000000000e+05  1.000000000000000000e+11
106 1485 1.596137e-01 1.323636e+00  3.554991012722705364e+02  1.000000000000000000e+05  1.000000000000000000e+05  1.000000000000000000e+05
107 1499 1.607633e-01 1.324445e+00  3.554991012722705364e+02  1.000000000000000000e+05  1.000000000000000000e+05  1.000000000000000000e+11
108 1513 1.601788e-01 1.327761e+00  3.554991012722705364e+02  1.000000000000000000e+05  1.000000000000000000e+05  1.000000000000000000e+11
109 1527 1.589176e-01 1.330381e+00  3.554991012722705364e+02  1.000000000000000000e+05  1.000000000000000000e+05  1.000000000000000000e+11
110 1541 1.561541e-01 1.332473e+00  3.554991012722705364e+02  1.000000000000000000e+05  1.000000000000000000e+05  1.000000000000000000e+05
111 1555 1.518479e-01 1.335022e+00  3.554991012722705364e+02  1.000000000000000000e+05  1.000000000000000000e+05  1.000000000000000000e+11
112 1569 2.033540e-01 1.337645e+00  3.554991012722705364e+02  1.000000000000000000e+05  1.000000000000000000e+05  1.000000000000000000e+05
113 1583 1.943654e-01 1.338255e+00  3.554991012722705364e+02  1.000000000000000000e+05  1.000000000000000000e+05  1.000000000000000000e+11
114 1597 1.848646e-01 1.340278e+00  3.554991012722705364e+02  1.000000000000000000e+05  1.000000000000000000e+05  1.000000000000000000e+11
115 1611 1.761014e-01 1.343334e+00  3.554991012722705364e+02  1.000000000000000000e+05  1.000000000000000000e+05  1.000000000000000000e+11
116 1625 1.679330e-01 1.344484e+00  3.554991012722705364e+02  1.000000000000000000e+05  1.000000000000000000e+05  1.000000000000000000e+11
117 1639 2.250077e-01 1.346409e+00  3.554991012722705364e+02  1.000000000000000000e+05  1.000000000000000000e+05  1.000000000000000000e+05
118 1653 2.205266e-01 1.346426e+00  3.554991012722705364e+02  1.000000000000000000e+05  1.000000000000000000e+05  1.000000000000000000e+11
119 1667 2.142373e-01 1.348803e+00  3.554991012722705364e+02  1.000000000000000000e+05  1.000000000000000000e+05  1.000000000000000000e+11
120 1681 2.077660e-01 1.343994e+00  3.554991012722705364e+02  1.000000000000000000e+05  1.000000000000000000e+05  1.000000000000000000e+15
121 1695 2.031739e-01 1.345922e+00  3.554991012722705364e+02  1.000000000000000000e+05  1.000000000000000000e+05  1.000000000000000000e+13
122 1709 1.964754e-01 1.345931e+00  3.554991012722705364e+02  1.000000000000000000e+05  1.000000000000000000e+05  1.000000000000000000e+05
123 1723 1.903141e-01 1.344056e+00  3.554991012722705364e+02  1.000000000000000000e+05  1.000000000000000000e+05  1.000000000000000000e+13
124 1737 1.834243e-01 1.343044e+00  3.554991012722705364e+02  1.000000000000000000e+05  1.000000000000000000e+05  1.000000000000000000e+16
125 1751 1.770105e-01 1.343233e+00  3.554991012722705364e+02  1.000000000000000000e+05  1.000000000000000000e+05  1.000000000000000000e+18
126 1765 1.693820e-01 1.341914e+00  3.554991012722705364e+02  1.000000000000000000e+05  1.000000000000000000e+05  1.000000000000000000e+13
127 1779 2.273465e-01 1.344587e+00  3.554991012722705364e+02  1.000000000000000000e+05  1.000000000000000000e+05  1.000000000000000000e+11
128 1793 2.208203e-01 1.347358e+00  3.554991012722705364e+02  1.000000000000000000e+05  1.000000000000000000e+05  1.000000000000000000e+13
129 1807 2.146724e-01 1.346842e+00  3.554991012722705364e+02  1.000000000000000000e+05  1.000000000000000000e+05  1.000000000000000000e+15
130 1821 2.062104e-01 1.345099e+00  3.554991012722705364e+02  3.911883468784955653e+02  1.000000000000000000e+05  1.000000000000000000e+13
131 1835 1.974476e-01 1.345996e+00  2.272673821276067656e+02  2.272673821276067656e+02  1.000000000000000000e+05  1.000000000000000000e+15
132 1849 1.885452e-01 1.347817e+00  2.272673821276067656e+02  1.000000000000000000e+05  1.000000000000000000e+05  1.000000000000000000e+13
133 1863 1.799675e-01 1.351985e+00  2.272673821276067656e+02  1.000000000000000000e+05  1.000000000000000000e+05  1.000000000000000000e+05
134 1877 2.440801e-01 1.350891e+00  2.272673821276067656e+02  1.000000000000000000e+05  1.000000000000000000e+05  1.000000000000000000e+05
135 1891 2.359621e-01 1.354118e+00  2.272673821276067656e+02  1.000000000000000000e+05  1.000000000000000000e+05  1.000000000000000000e+05
136 1905 2.308227e-01 1.359703e+00  2.272673821276067656e+02  1.000000000000000000e+05  1.000000000000000000e+05  1.000000000000000000e+13
137 1919 2.262493e-01 1.363514e+00  2.272673821276067656e+02  1.000000000000000000e+05  1.000000000000000000e+05  1.000000000000000000e+13
138 1933 2.194098e-01 1.364517e+00  2.272673821276067656e+02  1.000000000000000000e+05  1.000000000000000000e+05  1.000000000000000000e+13
139 1947 2.131774e-01 1.367139e+00  2.272673821276067656e+02  1.476779135227541019e+03  1.000000000000000000e+05  1.000000000000000000e+05
140 1961 2.090618e-01 1.373477e+00  2.272673821276067656e+02  1.000000000000000000e+05  1.000000000000000000e+05  1.000000000000000000e+05
141 1975 2.038107e-01 1.377639e+00  2.272673821276067656e+02  2.948297933186942714e+02  1.000000000000000000e+05  1.000000000000000000e+05
142 1989 1.992298e-01 1.384420e+00  2.272673821276067656e+02  1.000000000000000000e+05  1.000000000000000000e+05  1.000000000000000000e+13
143 2003 1.926304e-01 1.391832e+00  2.272673821276067656e+02  2.996087180058823947e+02  1.000000000000000000e+05  1.000000000000000000e+13
144 2017 1.870391e-01 1.396192e+00  2.272673821276067656e+02  1.000000000000000000e+05  1.000000000000000000e+05  1.000000000000000000e+13
145 2031 1.826645e-01 1.401271e+00  2.272673821276067656e+02  1.000000000000000000e+05  1.000000000000000000e+05  1.000000000000000000e+13
146 2045 1.763733e-01 1.402977e+00  2.272673821276067656e+02  1.000000000000000000e+05  1.000000000000000000e+05  1.000000000000000000e+05
147 2059 1.695155e-01 1.403353e+00  2.272673821276067656e+02  4.587265065759083313e+02  1.000000000000000000e+05  1.000000000000000000e+13
148 2073 1.666793e-01 1.405232e+00  2.272673821276067656e+02  1.000000000000000000e+05  1.000000000000000000e+05  1.000000000000000000e+13
149 2087 1.610076e-01 1.405979e+00  2.272673821276067656e+02  2.335160049616326432e+03  1.000000000000000000e+05  1.000000000000000000e+05
150 2101 1.569419e-01 1.407488e+00  2.272673821276067656e+02  1.000000000000000000e+05  1.000000000000000000e+05  1.000000000000000000e+05
151 2115 1.549054e-01 1.405795e+00  2.272673821276067656e+02  1.000000000000000000e+05  1.000000000000000000e+05  1.000000000000000000e+05
152 2129 1.505840e-01 1.408850e+00  2.272673821276067656e+02  1.000000000000000000e+05  1.000000000000000000e+05  1.000000000000000000e+05
153 2143 1.465383e-01 1.408392e+00  2.272673821276067656e+02  1.000000000000000000e+05  1.000000000000000000e+05  1.000000000000000000e+05
154 2157 1.415477e-01 1.405397e+00  2.272673821276067656e+02  1.000000000000000000e+05  1.000000000000000000e+05  1.000000000000000000e+05
155 2171 1.346509e-01 1.406321e+00  2.272673821276067656e+02  1.000000000000000000e+05  1.000000000000000000e+05  1.000000000000000000e+05
156 2185 1.298145e-01 1.406157e+00  2.272673821276067656e+02  1.000000000000000000e+05  1.000000000000000000e+05  1.000000000000000000e+05
157 2199 1.284392e-01 1.408826e+00  2.272673821276067656e+02  1.000000000000000000e+05  1.000000000000000000e+05  1.000000000000000000e+05
158 2213 1.277518e-01 1.421657e+00  2.272673821276067656e+02  1.000000000000000000e+05  1.000000000000000000e+05  1.000000000000000000e+05
159 2227 1.253478e-01 1.426545e+00  2.272673821276067656e+02  1.000000000000000000e+05  1.000000000000000000e+05  1.000000000000000000e+05
160 2241 1.700010e-01 1.429085e+00  2.272673821276067656e+02  1.000000000000000000e+05  1.000000000000000000e+05  1.000000000000000000e+05
161 2255 1.636802e-01 1.428489e+00  2.272673821276067656e+02  1.000000000000000000e+05  1.000000000000000000e+05  1.000000000000000000e+05
162 2269 1.595800e-01 1.436454e+00  2.272673821276067656e+02  1.000000000000000000e+05  1.000000000000000000e+05  1.000000000000000000e+05
163 2283 2.193298e-01 1.443216e+00  2.272673821276067656e+02  1.000000000000000000e+05  1.000000000000000000e+05  1.000000000000000000e+05
164 2297 2.174020e-01 1.450847e+00  2.272673821276067656e+02  1.000000000000000000e+05  1.000000000000000000e+05  1.000000000000000000e+05
165 2311 2.093137e-01 1.455217e+00  2.272673821276067656e+02  1.000000000000000000e+05  1.000000000000000000e+05  1.000000000000000000e+05
166 2325 2.029271e-01 1.450670e+00  2.272673821276067656e+02  1.000000000000000000e+05  1.000000000000000000e+05  1.000000000000000000e+18
167 2339 1.939238e-01 1.455429e+00  2.272673821276067656e+02  2.879051977696696554e+02  1.000000000000000000e+05  1.000000000000000000e+05
168 2353 1.890349e-01 1.456592e+00  2.272673821276067656e+02  1.000000000000000000e+05  1.000000000000000000e+05  1.000000000000000000e+05
169 2367 1.803911e-01 1.458562e+00  2.272673821276067656e+02  1.000000000000000000e+05  1.000000000000000000e+05  1.000000000000000000e+05
170 2381 1.752468e-01 1.461690e+00  2.272673821276067656e+02  1.000000000000000000e+05  1.000000000000000000e+05  1.000000000000000000e+05
171 2395 1.707813e-01 1.467397e+00  2.272673821276067656e+02  1.000000000000000000e+05  1.000000000000000000e+05  1.000000000000000000e+05
172 2409 1.660430e-01 1.480320e+00  2.272673821276067656e+02  1.000000000000000000e+05  1.000000000000000000e+05  1.000000000000000000e+05
173 2423 1.598170e-01 1.491183e+00  2.272673821276067656e+02  1.000000000000000000e+05  1.000000000000000000e+05  1.000000000000000000e+05
174 2437 2.156783e-01 1.493968e+00  2.272673821276067656e+02  1.000000000000000000e+05  1.000000000000000000e+05  1.000000000000000000e+05
175 2451 2.076392e-01 1.495016e+00  2.272673821276067656e+02  1.000000000000000000e+05  1.000000000000000000e+05  1.000000000000000000e+11
176 2465 2.020202e-01 1.505172e+00  2.272673821276067656e+02  1.000000000000000000e+05  1.000000000000000000e+05  1.000000000000000000e+15
177 2479 1.954273e-01 1.514186e+00  2.272673821276067656e+02  1.000000000000000000e+05  1.000000000000000000e+05  1.000000000000000000e+05
178 2493 1.926500e-01 1.517434e+00  2.272673821276067656e+02  1.000000000000000000e+05  1.000000000000000000e+05  1.000000000000000000e+11
179 2507 1.886545e-01 1.520948e+00  2.272673821276067656e+02  1.000000000000000000e+05  1.000000000000000000e+05  1.000000000000000000e+05
180 2521 1.831057e-01 1.523487e+00  2.272673821276067656e+02  1.000000000000000000e+05  1.000000000000000000e+05  1.000000000000000000e+05
181 2535 1.782416e-01 1.524337e+00  2.272673821276067656e+02  1.000000000000000000e+05  1.000000000000000000e+05  1.000000000000000000e+05
182 2549 1.726322e-01 1.520824e+00  2.272673821276067656e+02  1.000000000000000000e+05  1.000000000000000000e+05  1.000000000000000000e+05
183 2563 1.655916e-01 1.519995e+00  2.272673821276067656e+02  1.000000000000000000e+05  1.000000000000000000e+05  1.000000000000000000e+05
184 2577 1.605943e-01 1.520349e+00  2.272673821276067656e+02  1.000000000000000000e+05  1.000000000000000000e+05  1.000000000000000000e+05
185 2591 1.573619e-01 1.517980e+00  2.272673821276067656e+02  1.000000000000000000e+05  1.000000000000000000e+05  1.000000000000000000e+05
186 2605 1.544873e-01 1.517629e+00  2.272673821276067656e+02  1.000000000000000000e+05  1.000000000000000000e+05  1.000000000000000000e+05
187 2619 1.518914e-01 1.517841e+00  2.272673821276067656e+02  1.000000000000000000e+05  1.000000000000000000e+05  1.000000000000000000e+05
188 2633 1.499636e-01 1.513068e+00  2.272673821276067656e+02  1.000000000000000000e+05  1.000000000000000000e+05  1.000000000000000000e+05
189 2647 1.503708e-01 1.515347e+00  2.272673821276067656e+02  1.000000000000000000e+05  1.000000000000000000e+05  1.000000000000000000e+05
190 2661 1.471229e-01 1.517885e+00  2.272673821276067656e+02  1.000000000000000000e+05  1.000000000000000000e+05  1.000000000000000000e+15
191 2675 1.422702e-01 1.520444e+00  2.272673821276067656e+02  1.000000000000000000e+05  1.000000000000000000e+05  1.000000000000000000e+17
192 2689 1.369468e-01 1.521440e+00  2.272673821276067656e+02  1.000000000000000000e+05  1.000000000000000000e+05  1.000000000000000000e+05
193 2703 1.319165e-01 1.523551e+00  2.272673821276067656e+02  1.000000000000000000e+05  1.000000000000000000e+05  1.000000000000000000e+05
194 2717 1.768284e-01 1.522303e+00  2.272673821276067656e+02  1.000000000000000000e+05  1.000000000000000000e+05  1.000000000000000000e+05
195 2731 1.704797e-01 1.521758e+00  2.272673821276067656e+02  1.000000000000000000e+05  1.000000000000000000e+05  1.000000000000000000e+11
196 2745 1.637702e-01 1.520676e+00  2.272673821276067656e+02  1.000000000000000000e+05  1.000000000000000000e+05  1.000000000000000000e+11
197 2759 1.555803e-01 1.527636e+00  2.272673821276067656e+02  1.000000000000000000e+05  1.000000000000000000e+05  1.000000000000000000e+13
198 2773 2.110939e-01 1.529605e+00  2.272673821276067656e+02  1.000000000000000000e+05  1.000000000000000000e+05  1.000000000000000000e+13
199 2787 2.068667e-01 1.530174e+00  2.272673821276067656e+02  1.000000000000000000e+05  1.000000000000000000e+05  1.000000000000000000e+13
200 2801 2.020709e-01 1.531543e+00  2.272673821276067656e+02  1.000000000000000000e+05  1.000000000000000000e+05  1.000000000000000000e+13
201 2815 1.971282e-01 1.533508e+00  2.272673821276067656e+02  1.000000000000000000e+05  1.000000000000000000e+05  1.000000000000000000e+13
202 2829 1.971738e-01 1.534098e+00  2.272673821276067656e+02  1.000000000000000000e+05  1.000000000000000000e+05  1.000000000000000000e+13
203 2843 1.969031e-01 1.533413e+00  2.272673821276067656e+02  1.000000000000000000e+05  1.000000000000000000e+05  1.000000000000000000e+05
204 2857 1.950082e-01 1.534180e+00  2.272673821276067656e+02  1.000000000000000000e+05  1.000000000000000000e+05  1.000000000000000000e+05
205 2871 1.957350e-01 1.532054e+00  2.272673821276067656e+02  1.000000000000000000e+05  1.000000000000000000e+05  1.000000000000000000e+13
206 2885 1.895708e-01 1.535091e+00  2.272673821276067656e+02  1.000000000000000000e+05  1.000000000000000000e+05  1.000000000000000000e+05
207 2899 1.844287e-01 1.535302e+00  2.272673821276067656e+02  1.000000000000000000e+05  1.000000000000000000e+05  1.000000000000000000e+11
208 2913 1.801678e-01 1.535309e+00  2.272673821276067656e+02  1.000000000000000000e+05  1.000000000000000000e+05  1.000000000000000000e+11
209 2927 1.780257e-01 1.536146e+00  2.272673821276067656e+02  1.000000000000000000e+05  1.000000000000000000e+05  1.000000000000000000e+05
210 2941 1.743213e-01 1.533511e+00  2.272673821276067656e+02  1.000000000000000000e+05  1.000000000000000000e+05  1.000000000000000000e+11
211 2955 1.702227e-01 1.541077e+00  2.272673821276067656e+02  1.000000000000000000e+05  1.000000000000000000e+05  1.000000000000000000e+05
212 2969 1.658271e-01 1.541661e+00  2.272673821276067656e+02  1.000000000000000000e+05  1.000000000000000000e+05  1.000000000000000000e+05
213 2983 1.610146e-01 1.541336e+00  2.272673821276067656e+02  1.000000000000000000e+05  1.000000000000000000e+05  1.000000000000000000e+13
214 2997 1.572668e-01 1.539826e+00  2.272673821276067656e+02  2.894237756323586268e+02  1.000000000000000000e+05  1.000000000000000000e+11
215 3011 2.138361e-01 1.543340e+00  2.272673821276067656e+02  1.000000000000000000e+05  1.000000000000000000e+05  1.000000000000000000e+18
216 3025 2.104697e-01 1.543602e+00  2.272673821276067656e+02  1.000000000000000000e+05  1.000000000000000000e+05  1.000000000000000000e+05
217 3039 2.052233e-01 1.539028e+00  2.272673821276067656e+02  1.000000000000000000e+05  1.000000000000000000e+05  1.000000000000000000e+18
218 3053 1.970401e-01 1.540914e+00  2.272673821276067656e+02  1.000000000000000000e+05  1.000000000000000000e+05  1.000000000000000000e+11
219 3067 1.869542e-01 1.540211e+00  2.272673821276067656e+02  1.000000000000000000e+05  1.000000000000000000e+05  1.000000000000000000e+13
220 3081 1.802929e-01 1.540380e+00  2.272673821276067656e+02  1.000000000000000000e+05  1.000000000000000000e+05  1.000000000000000000e+05
221 3095 1.728275e-01 1.542340e+00  2.272673821276067656e+02  1.000000000000000000e+05  1.000000000000000000e+05  1.000000000000000000e+05
222 3109 2.322124e-01 1.550210e+00  2.272673821276067656e+02  1.000000000000000000e+05  1.000000000000000000e+05  1.000000000000000000e+05
223 3123 2.265329e-01 1.550344e+00  2.272673821276067656e+02  1.000000000000000000e+05  1.000000000000000000e+05  1.000000000000000000e+11
224 3137 2.183621e-01 1.551635e+00  2.272673821276067656e+02  4.077472300447062139e+02  1.000000000000000000e+05  1.000000000000000000e+11
225 3151 2.115864e-01 1.553393e+00  2.272673821276067656e+02  1.000000000000000000e+05  1.000000000000000000e+05  1.000000000000000000e+05
226 3165 2.069482e-01 1.552092e+00  2.272673821276067656e+02  3.494644581862115160e+02  1.000000000000000000e+05  1.000000000000000000e+18
227 3179 2.011084e-01 1.555990e+00  2.272673821276067656e+02  1.000000000000000000e+05  1.000000000000000000e+05  1.000000000000000000e+11
228 3193 1.959628e-01 1.550384e+00  2.272673821276067656e+02  1.000000000000000000e+05  1.000000000000000000e+05  1.000000000000000000e+05
229 3207 1.890510e-01 1.549507e+00  2.272673821276067656e+02  1.000000000000000000e+05  1.000000000000000000e+05  1.000000000000000000e+05
230 3221 1.823527e-01 1.551464e+00  2.272673821276067656e+02  1.771418949078592050e+03  1.000000000000000000e+05  1.000000000000000000e+05
231 3235 1.759864e-01 1.548138e+00  2.272673821276067656e+02  1.000000000000000000e+05  1.000000000000000000e+05  1.000000000000000000e+05
232 3249 1.697806e-01 1.550005e+00  2.272673821276067656e+02  1.000000000000000000e+05  1.000000000000000000e+05  1.000000000000000000e+05
233 3263 2.299835e-01 1.552270e+00  2.272673821276067656e+02  1.000000000000000000e+05  1.000000000000000000e+05  1.000000000000000000e+05
234 3277 2.268802e-01 1.560220e+00  2.272673821276067656e+02  1.000000000000000000e+05  1.000000000000000000e+05  1.000000000000000000e+11
235 3291 2.222932e-01 1.564381e+00  2.272673821276067656e+02  1.000000000000000000e+05  1.000000000000000000e+05  1.000000000000000000e+11
236 3305 2.172260e-01 1.571865e+00  2.272673821276067656e+02  1.000000000000000000e+05  1.000000000000000000e+05  1.000000000000000000e+18
237 3319 2.091418e-01 1.573795e+00  2.272673821276067656e+02  8.126065144223542802e+02  1.000000000000000000e+05  1.000000000000000000e+11
238 3333 2.029862e-01 1.573612e+00  2.272673821276067656e+02  1.000000000000000000e+05  1.000000000000000000e+05  1.000000000000000000e+05
239 3347 1.957023e-01 1.577962e+00  2.272673821276067656e+02  1.000000000000000000e+05  1.000000000000000000e+05  1.000000000000000000e+05
240 3361 1.908464e-01 1.580572e+00  2.272673821276067656e+02  1.000000000000000000e+05  1.000000000000000000e+05  1.000000000000000000e+05
241 3375 1.854024e-01 1.585211e+00  2.272673821276067656e+02  1.000000000000000000e+05  1.000000000000000000e+05  1.000000000000000000e+05
242 3389 1.819639e-01 1.585214e+00  2.272673821276067656e+02  1.000000000000000000e+05  1.000000000000000000e+05  1.000000000000000000e+05
243 3403 1.787896e-01 1.586968e+00  2.272673821276067656e+02  1.000000000000000000e+05  1.000000000000000000e+05  1.000000000000000000e+05
244 3417 1.735109e-01 1.585249e+00  2.272673821276067656e+02  1.000000000000000000e+05  1.000000000000000000e+05  1.000000000000000000e+05
245 3431 1.678880e-01 1.590135e+00  2.272673821276067656e+02  1.000000000000000000e+05  1.000000000000000000e+05  1.000000000000000000e+05
246 3445 1.636512e-01 1.593088e+00  2.272673821276067656e+02  1.000000000000000000e+05  1.000000000000000000e+05  1.000000000000000000e+05
247 3459 2.235608e-01 1.586108e+00  2.272673821276067656e+02  1.000000000000000000e+05  1.000000000000000000e+05  1.000000000000000000e+05
248 3473 2.158261e-01 1.583816e+00  2.272673821276067656e+02  1.000000000000000000e+05  1.000000000000000000e+05  1.000000000000000000e+05
249 3487 2.099073e-01 1.585806e+00  2.272673821276067656e+02  1.000000000000000000e+05  1.000000000000000000e+05  1.000000000000000000e+05
250 3501 2.062332e-01 1.586951e+00  2.272673821276067656e+02  1.000000000000000000e+05  1.000000000000000000e+05  1.000000000000000000e+05
251 3515 2.043784e-01 1.584648e+00  2.272673821276067656e+02  1.000000000000000000e+05  1.000000000000000000e+05  1.000000000000000000e+15
252 3529 2.027902e-01 1.584447e+00  2.272673821276067656e+02  1.000000000000000000e+05  1.000000000000000000e+05  1.000000000000000000e+13
253 3543 1.979384e-01 1.586997e+00  2.272673821276067656e+02  1.000000000000000000e+05  1.000000000000000000e+05  1.000000000000000000e+11
254 3557 1.949280e-01 1.590242e+00  2.272673821276067656e+02  1.000000000000000000e+05  1.000000000000000000e+05  1.000000000000000000e+18
255 3571 1.900867e-01 1.589497e+00  2.272673821276067656e+02  1.000000000000000000e+05  1.000000000000000000e+05  1.000000000000000000e+05
256 3585 1.855333e-01 1.585239e+00  2.272673821276067656e+02  1.000000000000000000e+05  1.000000000000000000e+05  1.000000000000000000e+05
257 3599 1.800443e-01 1.591219e+00  2.272673821276067656e+02  1.000000000000000000e+05  1.000000000000000000e+05  1.000000000000000000e+11
258 3613 1.777446e-01 1.594121e+00  2.272673821276067656e+02  3.029152926026624186e+02  1.000000000000000000e+05  1.000000000000000000e+11
259 3627 2.432783e-01 1.596252e+00  2.272673821276067656e+02  2.408636708538605262e+02  1.000000000000000000e+05  1.000000000000000000e+11
260 3641 2.363807e-01 1.597554e+00  2.272673821276067656e+02  1.000000000000000000e+05  1.000000000000000000e+05  1.000000000000000000e+11
261 3655 2.315736e-01 1.596477e+00  2.272673821276067656e+02  1.000000000000000000e+05  1.000000000000000000e+05  1.000000000000000000e+05
262 3669 2.264445e-01 1.596240e+00  2.272673821276067656e+02  1.000000000000000000e+05  1.000000000000000000e+05  1.000000000000000000e+13
263 3683 2.214608e-01 1.595603e+00  2.272673821276067656e+02  1.000000000000000000e+05  1.000000000000000000e+05  1.000000000000000000e+11
264 3697 2.144954e-01 1.595221e+00  2.272673821276067656e+02  1.000000000000000000e+05  1.000000000000000000e+05  1.000000000000000000e+05
265 3711 2.084584e-01 1.591012e+00  2.272673821276067656e+02  1.000000000000000000e+05  1.000000000000000000e+05  1.000000000000000000e+11
266 3725 2.005669e-01 1.592152e+00  2.272673821276067656e+02  1.000000000000000000e+05  1.000000000000000000e+05  1.000000000000000000e+15
267 3739 1.924492e-01 1.594916e+00  2.272673821276067656e+02  1.000000000000000000e+05  1.000000000000000000e+05  1.000000000000000000e+13
268 3753 2.621212e-01 1.599878e+00  2.272673821276067656e+02  1.000000000000000000e+05  1.000000000000000000e+05  1.000000000000000000e+13
269 3767 2.585517e-01 1.603957e+00  2.272673821276067656e+02  7.426505369229065536e+02  1.000000000000000000e+05  1.000000000000000000e+13
270 3781 2.498544e-01 1.604998e+00  2.272673821276067656e+02  1.000000000000000000e+05  1.000000000000000000e+05  1.000000000000000000e+11
271 3795 2.437508e-01 1.605279e+00  2.272673821276067656e+02  2.705512190193545052e+02  1.000000000000000000e+05  1.000000000000000000e+11
272 3809 2.356926e-01 1.605394e+00  2.272673821276067656e+02  1.000000000000000000e+05  1.000000000000000000e+05  1.000000000000000000e+13
273 3823 2.256091e-01 1.606560e+00  2.272673821276067656e+02  1.000000000000000000e+05  1.000000000000000000e+05  1.000000000000000000e+11
274 3837 2.170144e-01 1.606798e+00  2.272673821276067656e+02  1.000000000000000000e+05  1.000000000000000000e+05  1.000000000000000000e+05
275 3851 2.048579e-01 1.606219e+00  2.272673821276067656e+02  1.000000000000000000e+05  1.000000000000000000e+05  1.000000000000000000e+11
276 3865 1.938199e-01 1.604498e+00  2.272673821276067656e+02  1.000000000000000000e+05  1.000000000000000000e+05  1.000000000000000000e+05
277 3879 1.855016e-01 1.601805e+00  2.272673821276067656e+02  1.000000000000000000e+05  1.000000000000000000e+05  1.000000000000000000e+18
278 3893 1.792136e-01 1.600331e+00  2.272673821276067656e+02  1.000000000000000000e+05  1.000000000000000000e+05  1.000000000000000000e+05
279 3907 2.469472e-01 1.602689e+00  2.272673821276067656e+02  1.000000000000000000e+05  1.000000000000000000e+05  1.000000000000000000e+11
280 3921 2.432259e-01 1.602007e+00  2.272673821276067656e+02  1.000000000000000000e+05  1.000000000000000000e+05  1.000000000000000000e+11
281 3935 2.427490e-01 1.600203e+00  2.272673821276067656e+02  1.000000000000000000e+05  1.000000000000000000e+05  1.000000000000000000e+05
282 3949 2.404006e-01 1.597726e+00  2.272673821276067656e+02  1.000000000000000000e+05  1.000000000000000000e+05  1.000000000000000000e+05
283 3963 2.369965e-01 1.591858e+00  2.272673821276067656e+02  1.000000000000000000e+05  1.000000000000000000e+05  1.000000000000000000e+05
284 3977 2.316392e-01 1.596206e+00  2.272673821276067656e+02  1.000000000000000000e+05  1.000000000000000000e+05  1.000000000000000000e+16
285 3991 2.237754e-01 1.597287e+00  2.272673821276067656e+02  1.000000000000000000e+05  1.000000000000000000e+05  1.000000000000000000e+05
286 4005 2.173576e-01 1.598057e+00  2.272673821276067656e+02  1.000000000000000000e+05  1.000000000000000000e+05  1.000000000000000000e+11
287 4019 2.130613e-01 1.597821e+00  2.272673821276067656e+02  1.000000000000000000e+05  1.000000000000000000e+05  1.000000000000000000e+05
288 4033 2.055938e-01 1.600333e+00  2.272673821276067656e+02  1.000000000000000000e+05  1.000000000000000000e+05  1.000000000000000000e+05
289 4047 1.984640e-01 1.596208e+00  2.272673821276067656e+02  1.000000000000000000e+05  1.000000000000000000e+05  1.000000000000000000e+11
290 4061 1.890286e-01 1.595804e+00  2.272673821276067656e+02  1.000000000000000000e+05  1.000000000000000000e+05  1.000000000000000000e+16
291 4075 1.836453e-01 1.596356e+00  2.272673821276067656e+02  1.000000000000000000e+05  1.000000000000000000e+05  1.000000000000000000e+05
292 4089 1.798727e-01 1.596014e+00  2.272673821276067656e+02  1.000000000000000000e+05  1.000000000000000000e+05  1.000000000000000000e+05
293 4103 1.735570e-01 1.594932e+00  2.272673821276067656e+02  1.000000000000000000e+05  1.000000000000000000e+05  1.000000000000000000e+05
294 4117 1.684559e-01 1.597814e+00  2.272673821276067656e+02  1.000000000000000000e+05  1.000000000000000000e+05  1.000000000000000000e+05
295 4131 1.608366e-01 1.592542e+00  2.272673821276067656e+02  1.000000000000000000e+05  1.000000000000000000e+05  1.000000000000000000e+05
296 4145 1.547184e-01 1.592786e+00  2.272673821276067656e+02  1.000000000000000000e+05  1.000000000000000000e+05  1.000000000000000000e+05
297 4159 1.491918e-01 1.593930e+00  2.272673821276067656e+02  1.000000000000000000e+05  1.000000000000000000e+05  1.000000000000000000e+05
298 4173 1.430643e-01 1.595812e+00  2.272673821276067656e+02  1.000000000000000000e+05  1.000000000000000000e+05  1.000000000000000000e+05
299 4187 1.937068e-01 1.596052e+00  2.272673821276067656e+02  1.000000000000000000e+05  1.000000000000000000e+05  1.000000000000000000e+05
300 4201 1.917786e-01 1.600194e+00  2.272673821276067656e+02  1.000000000000000000e+05  1.000000000000000000e+05  1.000000000000000000e+05
301 4215 1.895125e-01 1.602759e+00  2.272673821276067656e+02  1.000000000000000000e+05  1.000000000000000000e+05  1.000000000000000000e+05
302 4229 1.850688e-01 1.600021e+00  2.272673821276067656e+02  1.000000000000000000e+05  1.000000000000000000e+05  1.000000000000000000e+13
303 4243 1.797275e-01 1.601474e+00  2.272673821276067656e+02  1.000000000000000000e+05  1.000000000000000000e+05  1.000000000000000000e+05
304 4257 1.753557e-01 1.607055e+00  2.272673821276067656e+02  1.000000000000000000e+05  1.000000000000000000e+05  1.000000000000000000e+13
305 4271 1.708961e-01 1.606601e+00  2.272673821276067656e+02  1.000000000000000000e+05  1.000000000000000000e+05  1.000000000000000000e+13
306 4285 1.687527e-01 1.609415e+00  2.272673821276067656e+02  1.000000000000000000e+05  1.000000000000000000e+05  1.000000000000000000e+05
307 4299 2.307606e-01 1.610431e+00  2.272673821276067656e+02  1.000000000000000000e+05  1.000000000000000000e+05  1.000000000000000000e+16
308 4313 2.241317e-01 1.611107e+00  2.272673821276067656e+02  1.000000000000000000e+05  1.000000000000000000e+05  1.000000000000000000e+18
309 4327 2.188777e-01 1.611356e+00  2.272673821276067656e+02  1.000000000000000000e+05  1.000000000000000000e+05  1.000000000000000000e+05
310 4341 2.099229e-01 1.613946e+00  2.272673821276067656e+02  1.000000000000000000e+05  1.000000000000000000e+05  1.000000000000000000e+05
311 4355 2.032352e-01 1.613361e+00  2.272673821276067656e+02  1.000000000000000000e+05  1.000000000000000000e+05  1.000000000000000000e+15
312 4369 2.740581e-01 1.615762e+00  2.272673821276067656e+02  1.000000000000000000e+05  1.000000000000000000e+05  1.000000000000000000e+05
313 4383 2.660547e-01 1.613368e+00  2.272673821276067656e+02  1.000000000000000000e+05  1.000000000000000000e+05  1.000000000000000000e+18
314 4397 2.591961e-01 1.615338e+00  2.272673821276067656e+02  1.000000000000000000e+05  1.000000000000000000e+05  1.000000000000000000e+18
315 4411 2.525271e-01 1.614655e+00  2.272673821276067656e+02  1.000000000000000000e+05  1.000000000000000000e+05  1.000000000000000000e+18
316 4425 2.432207e-01 1.615489e+00  2.272673821276067656e+02  1.000000000000000000e+05  1.000000000000000000e+05  1.000000000000000000e+18
317 4439 2.337948e-01 1.621513e+00  2.272673821276067656e+02  1.000000000000000000e+05  1.000000000000000000e+05  1.000000000000000000e+18
318 4453 2.259403e-01 1.622507e+00  2.272673821276067656e+02  1.765310405498464888e+03  1.000000000000000000e+05  1.000000000000000000e+18
319 4467 2.142543e-01 1.624557e+00  2.272673821276067656e+02  4.676788065093246587e+03  1.000000000000000000e+05  1.000000000000000000e+05
320 4481 2.047107e-01 1.622046e+00  2.272673821276067656e+02  1.000000000000000000e+05  1.000000000000000000e+05  1.000000000000000000e+05
321 4495 1.942206e-01 1.621041e+00  2.272673821276067656e+02  1.000000000000000000e+05  1.000000000000000000e+05  1.000000000000000000e+13
322 4509 1.821337e-01 1.616186e+00  2.272673821276067656e+02  1.000000000000000000e+05  1.000000000000000000e+05  1.000000000000000000e+11
323 4523 1.760005e-01 1.615636e+00  2.272673821276067656e+02  1.000000000000000000e+05  1.000000000000000000e+05  1.000000000000000000e+18
324 4537 1.724233e-01 1.616226e+00  2.272673821276067656e+02  1.000000000000000000e+05  1.000000000000000000e+05  1.000000000000000000e+05
325 4551 2.392128e-01 1.615645e+00  2.272673821276067656e+02  1.000000000000000000e+05  1.000000000000000000e+05  1.000000000000000000e+11
326 4565 2.326863e-01 1.615749e+00  2.272673821276067656e+02  1.000000000000000000e+05  5.000005000000000000e+10  1.000000000000000000e+18
327 4579 2.233945e-01 1.616625e+00  2.272673821276067656e+02  1.000000000000000000e+05  1.000000000000000000e+05  1.000000000000000000e+18
328 4593 2.167947e-01 1.618359e+00  2.272673821276067656e+02  1.000000000000000000e+05  1.000000000000000000e+05  1.000000000000000000e+11
329 4607 2.147364e-01 1.614499e+00  2.272673821276067656e+02  1.000000000000000000e+05  1.000000000000000000e+05  1.000000000000000000e+18
330 4621 2.104548e-01 1.613255e+00  2.272673821276067656e+02  1.000000000000000000e+05  1.000000000000000000e+05  1.000000000000000000e+18
331 4635 2.051735e-01 1.612713e+00  2.272673821276067656e+02  5.298091809211322470e+03  1.000000000000000000e+05  1.000000000000000000e+11
332 4649 1.975326e-01 1.612027e+00  2.272673821276067656e+02  1.000000000000000000e+05  1.000000000000000000e+05  1.000000000000000000e+11
333 4663 1.922428e-01 1.615024e+00  2.272673821276067656e+02  7.033392699199809613e+03  1.000000000000000000e+05  1.000000000000000000e+11
334 4677 1.858199e-01 1.608682e+00  2.272673821276067656e+02  1.086092164384106582e+03  1.000000000000000000e+05  1.000000000000000000e+11
335 4691 1.784372e-01 1.611247e+00  2.272673821276067656e+02  6.798718566259309227e+03  1.000000000000000000e+05  1.000000000000000000e+11
336 4705 2.381061e-01 1.611834e+00  2.272673821276067656e+02  1.000000000000000000e+05  1.000000000000000000e+05  1.000000000000000000e+05
337 4719 2.323237e-01 1.615854e+00  2.272673821276067656e+02  1.000000000000000000e+05  1.000000000000000000e+05  1.000000000000000000e+11
338 4733 2.268729e-01 1.618209e+00  2.272673821276067656e+02  1.000000000000000000e+05  1.000000000000000000e+05  1.000000000000000000e+05
339 4747 2.192142e-01 1.618354e+00  2.272673821276067656e+02  1.000000000000000000e+05  1.000000000000000000e+05  1.000000000000000000e+05
340 4761 2.155437e-01 1.623687e+00  2.272673821276067656e+02  1.000000000000000000e+05  1.000000000000000000e+05  1.000000000000000000e+18
341 4775 2.127991e-01 1.623391e+00  2.272673821276067656e+02  1.000000000000000000e+05  1.000000000000000000e+05  1.000000000000000000e+11
342 4789 2.966575e-01 1.624279e+00  2.272673821276067656e+02  1.000000000000000000e+05  1.000000000000000000e+05  1.000000000000000000e+05
343 4803 2.941029e-01 1.622932e+00  2.272673821276067656e+02  2.630353411200605024e+03  1.000000000000000000e+05  1.000000000000000000e+11
344 4817 2.858572e-01 1.625315e+00  2.272673821276067656e+02  1.000000000000000000e+05  1.000000000000000000e+05  1.000000000000000000e+11
345 4831 2.776692e-01 1.628473e+00  2.272673821276067656e+02  1.000000000000000000e+05  1.000000000000000000e+05  1.000000000000000000e+13
346 4845 2.696760e-01 1.629353e+00  2.272673821276067656e+02  1.000000000000000000e+05  1.000000000000000000e+05  1.000000000000000000e+15
347 4859 2.634003e-01 1.632161e+00  2.272673821276067656e+02  1.000000000000000000e+05  1.000000000000000000e+05  1.000000000000000000e+11
348 4873 2.575114e-01 1.636345e+00  2.272673821276067656e+02  1.000000000000000000e+05  1.000000000000000000e+05  1.000000000000000000e+11
349 4887 2.502325e-01 1.635984e+00  2.272673821276067656e+02  1.000000000000000000e+05  1.000000000000000000e+05  1.000000000000000000e+16
350 4901 2.398235e-01 1.633860e+00  2.272673821276067656e+02  1.000000000000000000e+05  1.000000000000000000e+05  1.000000000000000000e+18
351 4915 2.267907e-01 1.634122e+00  2.272673821276067656e+02  1.000000000000000000e+05  1.000000000000000000e+05  1.000000000000000000e+11
352 4929 2.169998e-01 1.633409e+00  2.272673821276067656e+02  1.000000000000000000e+05  1.000000000000000000e+05  1.000000000000000000e+11
353 4943 2.118366e-01 1.634165e+00  2.272673821276067656e+02  1.000000000000000000e+05  1.000000000000000000e+05  1.000000000000000000e+15
354 4957 2.045255e-01 1.633457e+00  2.272673821276067656e+02  1.000000000000000000e+05  1.000000000000000000e+05  1.000000000000000000e+13
355 4971 2.030690e-01 1.631452e+00  2.272673821276067656e+02  1.000000000000000000e+05  1.000000000000000000e+05  1.000000000000000000e+11
356 4985 1.985159e-01 1.633072e+00  2.272673821276067656e+02  1.000000000000000000e+05  1.000000000000000000e+05  1.000000000000000000e+11
357 4999 1.905535e-01 1.634657e+00  2.272673821276067656e+02  1.000000000000000000e+05  1.000000000000000000e+05  1.000000000000000000e+11
358 5013 1.837013e-01 1.635035e+00  2.272673821276067656e+02  1.000000000000000000e+05  1.000000000000000000e+05  1.000000000000000000e+05
359 5027 2.494850e-01 1.636480e+00  2.272673821276067656e+02  1.000000000000000000e+05  1.000000000000000000e+05  1.000000000000000000e+05
360 5041 2.408145e-01 1.638843e+00  2.272673821276067656e+02  1.000000000000000000e+05  1.000000000000000000e+05  1.000000000000000000e+13
361 5055 2.325914e-01 1.641563e+00  2.272673821276067656e+02  1.000000000000000000e+05  1.000000000000000000e+05  1.000000000000000000e+18
362 5069 2.275173e-01 1.643553e+00  2.272673821276067656e+02  1.000000000000000000e+05  1.000000000000000000e+05  1.000000000000000000e+05
363 5083 2.218111e-01 1.637896e+00  2.272673821276067656e+02  1.000000000000000000e+05  1.000000000000000000e+05  1.000000000000000000e+13
364 5097 2.146517e-01 1.647546e+00  2.272673821276067656e+02  1.000000000000000000e+05  1.000000000000000000e+05  1.000000000000000000e+05
365 5111 2.087805e-01 1.649625e+00  2.272673821276067656e+02  1.000000000000000000e+05  1.000000000000000000e+05  1.000000000000000000e+05
366 5125 2.015159e-01 1.648103e+00  2.272673821276067656e+02  1.000000000000000000e+05  1.000000000000000000e+05  1.000000000000000000e+05
367 5139 1.989035e-01 1.650327e+00  2.272673821276067656e+02  1.000000000000000000e+05  1.000000000000000000e+05  1.000000000000000000e+13
368 5153 1.961732e-01 1.651604e+00  2.272673821276067656e+02  1.000000000000000000e+05  1.000000000000000000e+05  1.000000000000000000e+05
369 5167 2.645309e-01 1.651966e+00  2.272673821276067656e+02  1.000000000000000000e+05  1.000000000000000000e+05  1.000000000000000000e+05
370 5181 2.583678e-01 1.651007e+00  2.272673821276067656e+02  1.000000000000000000e+05  1.000000000000000000e+05  1.000000000000000000e+05
371 5195 2.536134e-01 1.652531e+00  2.272673821276067656e+02  1.000000000000000000e+05  1.000000000000000000e+05  1.000000000000000000e+18
372 5209 2.464373e-01 1.654400e+00  2.272673821276067656e+02  1.000000000000000000e+05  1.000000000000000000e+05  1.000000000000000000e+13
373 5223 2.400802e-01 1.650912e+00  2.272673821276067656e+02  1.000000000000000000e+05  1.000000000000000000e+05  1.000000000000000000e+13
374 5237 2.362550e-01 1.651123e+00  2.272673821276067656e+02  1.000000000000000000e+05  1.000000000000000000e+05  1.000000000000000000e+13
375 5251 2.295934e-01 1.652324e+00  2.272673821276067656e+02  1.000000000000000000e+05  1.000000000000000000e+05  1.000000000000000000e+13
376 5265 2.257722e-01 1.655869e+00  2.272673821276067656e+02  1.000000000000000000e+05  1.000000000000000000e+05  1.000000000000000000e+13
377 5279 2.186013e-01 1.659909e+00  2.272673821276067656e+02  1.000000000000000000e+05  1.000000000000000000e+05  1.000000000000000000e+13
378 5293 2.082778e-01 1.662502e+00  2.272673821276067656e+02  1.000000000000000000e+05  1.000000000000000000e+05  1.000000000000000000e+05
379 5307 2.003935e-01 1.663129e+00  2.272673821276067656e+02  1.000000000000000000e+05  1.000000000000000000e+05  1.000000000000000000e+13
380 5321 1.914764e-01 1.665418e+00  2.272673821276067656e+02  1.000000000000000000e+05  1.000000000000000000e+05  1.000000000000000000e+15
381 5335 2.583168e-01 1.666412e+00  2.272673821276067656e+02  1.000000000000000000e+05  1.000000000000000000e+05  1.000000000000000000e+05
382 5349 2.529405e-01 1.669167e+00  2.272673821276067656e+02  1.000000000000000000e+05  1.000000000000000000e+05  1.000000000000000000e+18
383 5363 2.448630e-01 1.667359e+00  2.272673821276067656e+02  1.000000000000000000e+05  1.000000000000000000e+05  1.000000000000000000e+15
384 5377 2.369263e-01 1.668614e+00  2.272673821276067656e+02  1.000000000000000000e+05  1.000000000000000000e+05  1.000000000000000000e+11
385 5391 2.315888e-01 1.664838e+00  2.272673821276067656e+02  1.000000000000000000e+05  1.000000000000000000e+05  1.000000000000000000e+05
386 5405 2.263480e-01 1.662223e+00  2.272673821276067656e+02  1.000000000000000000e+05  1.000000000000000000e+05  1.000000000000000000e+05
387 5419 2.214161e-01 1.662809e+00  2.272673821276067656e+02  1.000000000000000000e+05  1.000000000000000000e+05  1.000000000000000000e+05
388 5433 2.159119e-01 1.662897e+00  2.272673821276067656e+02  1.000000000000000000e+05  1.000000000000000000e+05  1.000000000000000000e+15
389 5447 2.107883e-01 1.661458e+00  2.272673821276067656e+02  1.000000000000000000e+05  1.000000000000000000e+05  1.000000000000000000e+05
390 5461 2.895204e-01 1.659268e+00  2.272673821276067656e+02  1.000000000000000000e+05  1.000000000000000000e+05  1.000000000000000000e+05
391 5475 2.860423e-01 1.658899e+00  2.272673821276067656e+02  1.000000000000000000e+05  1.000000000000000000e+05  1.000000000000000000e+05
392 5489 2.784551e-01 1.659815e+00  2.272673821276067656e+02  1.000000000000000000e+05  1.000000000000000000e+05  1.000000000000000000e+15
393 5503 2.674445e-01 1.661214e+00  2.272673821276067656e+02  1.000000000000000000e+05  1.000000000000000000e+05  1.000000000000000000e+11
394 5517 2.596212e-01 1.662678e+00  2.272673821276067656e+02  1.000000000000000000e+05  1.000000000000000000e+05  1.000000000000000000e+05
395 5531 2.529196e-01 1.661630e+00  2.272673821276067656e+02  1.000000000000000000e+05  1.000000000000000000e+05  1.000000000000000000e+05
396 5545 2.475171e-01 1.661349e+00  2.272673821276067656e+02  1.000000000000000000e+05  1.000000000000000000e+05  1.000000000000000000e+15
397 5559 2.433491e-01 1.660148e+00  2.272673821276067656e+02  1.000000000000000000e+05  1.000000000000000000e+05  1.000000000000000000e+15
398 5573 2.369087e-01 1.663693e+00  2.272673821276067656e+02  1.000000000000000000e+05  1.000000000000000000e+05  1.000000000000000000e+05
399 5587 2.295388e-01 1.665355e+00  2.272673821276067656e+02  1.000000000000000000e+05  1.000000000000000000e+05  1.000000000000000000e+05
400 5601 2.227202e-01 1.664072e+00  2.272673821276067656e+02  1.371237566386355638e+03  1.000000000000000000e+05  1.000000000000000000e+05
401 5615 2.155687e-01 1.666803e+00  2.272673821276067656e+02  1.171666440902564318e+03  1.000000000000000000e+05  1.000000000000000000e+18
402 5629 2.106927e-01 1.669041e+00  2.272673821276067656e+02  1.000000000000000000e+05  1.000000000000000000e+05  1.000000000000000000e+05
403 5643 2.121466e-01 1.663230e+00  2.272673821276067656e+02  1.000000000000000000e+05  1.000000000000000000e+05  1.000000000000000000e+15
404 5657 2.125594e-01 1.664170e+00  2.272673821276067656e+02  1.000000000000000000e+05  1.000000000000000000e+05  1.000000000000000000e+05
405 5671 2.103153e-01 1.666070e+00  2.272673821276067656e+02  1.000000000000000000e+05  1.000000000000000000e+05  1.000000000000000000e+05
406 5685 2.060383e-01 1.670233e+00  2.272673821276067656e+02  1.000000000000000000e+05  1.000000000000000000e+05  1.000000000000000000e+15
407 5699 2.020564e-01 1.669383e+00  2.272673821276067656e+02  1.000000000000000000e+05  1.000000000000000000e+05  1.000000000000000000e+05
408 5713 1.972688e-01 1.670502e+00  2.272673821276067656e+02  1.000000000000000000e+05  1.000000000000000000e+05  1.000000000000000000e+05
409 5727 1.936996e-01 1.669773e+00  2.272673821276067656e+02  1.000000000000000000e+05  1.000000000000000000e+05  1.000000000000000000e+05
410 5741 1.862004e-01 1.667301e+00  2.272673821276067656e+02  1.000000000000000000e+05  1.000000000000000000e+05  1.000000000000000000e+05
411 5755 1.770595e-01 1.664969e+00  2.272673821276067656e+02  1.000000000000000000e+05  1.000000000000000000e+05  1.000000000000000000e+15
412 5769 2.376545e-01 1.665862e+00  2.272673821276067656e+02  1.000000000000000000e+05  1.000000000000000000e+05  1.000000000000000000e+11
413 5783 2.316110e-01 1.666829e+00  2.272673821276067656e+02  1.000000000000000000e+05  1.000000000000000000e+05  1.000000000000000000e+13
414 5797 2.226619e-01 1.664246e+00  2.272673821276067656e+02  1.000000000000000000e+05  1.000000000000000000e+05  1.000000000000000000e+11
415 5811 2.162883e-01 1.665559e+00  2.272673821276067656e+02  1.000000000000000000e+05  1.000000000000000000e+05  1.000000000000000000e+05
416 5825 2.095845e-01 1.668697e+00  2.272673821276067656e+02  1.000000000000000000e+05  1.000000000000000000e+05  1.000000000000000000e+05
417 5839 2.081264e-01 1.677086e+00  2.272673821276067656e+02  1.000000000000000000e+05  1.000000000000000000e+05  1.000000000000000000e+05
418 5853 2.028726e-01 1.676598e+00  2.272673821276067656e+02  1.000000000000000000e+05  1.000000000000000000e+05  1.000000000000000000e+11
419 5867 1.969356e-01 1.679235e+00  2.272673821276067656e+02  1.000000000000000000e+05  1.000000000000000000e+05  1.000000000000000000e+05
420 5881 1.874990e-01 1.681769e+00  2.272673821276067656e+02  1.000000000000000000e+05  1.000000000000000000e+05  1.000000000000000000e+05
421 5895 1.765487e-01 1.680455e+00  2.272673821276067656e+02  1.000000000000000000e+05  1.000000000000000000e+05  1.000000000000000000e+18
422 5909 2.347797e-01 1.680814e+00  2.272673821276067656e+02  1.000000000000000000e+05  1.000000000000000000e+05  1.000000000000000000e+05
423 5923 2.252876e-01 1.681666e+00  2.272673821276067656e+02  1.000000000000000000e+05  1.000000000000000000e+05  1.000000000000000000e+05
424 5937 2.169410e-01 1.681110e+00  2.272673821276067656e+02  1.000000000000000000e+05  1.000000000000000000e+05  1.000000000000000000e+05
425 5951 2.953639e-01 1.685215e+00  2.272673821276067656e+02  1.000000000000000000e+05  1.000000000000000000e+05  1.000000000000000000e+05
426 5965 2.836305e-01 1.687592e+00  2.272673821276067656e+02  1.000000000000000000e+05  1.000000000000000000e+05  1.000000000000000000e+05
427 5979 2.752308e-01 1.688602e+00  2.272673821276067656e+02  1.000000000000000000e+05  1.000000000000000000e+05  1.000000000000000000e+05
428 5993 2.640144e-01 1.688218e+00  2.272673821276067656e+02  1.000000000000000000e+05  1.000000000000000000e+05  1.000000000000000000e+05
429 6007 2.559679e-01 1.689194e+00  2.272673821276067656e+02  1.000000000000000000e+05  1.000000000000000000e+05  1.000000000000000000e+13
430 6021 2.457480e-01 1.688208e+00  2.272673821276067656e+02  1.000000000000000000e+05  1.000000000000000000e+05  1.000000000000000000e+13
431 6035 2.345319e-01 1.693071e+00  2.272673821276067656e+02  1.000000000000000000e+05  1.000000000000000000e+05  1.000000000000000000e+11
432 6049 2.222547e-01 1.695022e+00  2.272673821276067656e+02  1.000000000000000000e+05  1.000000000000000000e+05  1.000000000000000000e+13
433 6063 2.127367e-01 1.695377e+00  2.272673821276067656e+02  1.000000000000000000e+05  1.000000000000000000e+05  1.000000000000000000e+11
434 6077 2.039546e-01 1.693567e+00  2.272673821276067656e+02  1.000000000000000000e+05  1.000000000000000000e+05  1.000000000000000000e+05
435 6091 1.971879e-01 1.694309e+00  2.272673821276067656e+02  1.000000000000000000e+05  1.000000000000000000e+05  1.000000000000000000e+11
436 6105 1.918734e-01 1.692218e+00  2.272673821276067656e+02  1.000000000000000000e+05  1.000000000000000000e+05  1.000000000000000000e+11
437 6119 1.914712e-01 1.696560e+00  2.272673821276067656e+02  1.000000000000000000e+05  1.000000000000000000e+05  1.000000000000000000e+13
438 6133 1.900432e-01 1.696013e+00  2.272673821276067656e+02  1.000000000000000000e+05  1.000000000000000000e+05  1.000000000000000000e+05
439 6147 1.872449e-01 1.698184e+00  2.272673821276067656e+02  1.000000000000000000e+05  1.000000000000000000e+05  1.000000000000000000e+05
440 6161 1.828305e-01 1.700326e+00  2.272673821276067656e+02  1.000000000000000000e+05  1.000000000000000000e+05  1.000000000000000000e+05
441 6175 1.781075e-01 1.700567e+00  2.272673821276067656e+02  1.000000000000000000e+05  1.000000000000000000e+05  1.000000000000000000e+05
442 6189 2.413385e-01 1.700455e+00  2.272673821276067656e+02  1.000000000000000000e+05  1.000000000000000000e+05  1.000000000000000000e+11
443 6203 2.356131e-01 1.700024e+00  2.272673821276067656e+02  1.000000000000000000e+05  1.000000000000000000e+05  1.000000000000000000e+05
444 6217 2.296710e-01 1.704640e+00  2.272673821276067656e+02  1.000000000000000000e+05  1.000000000000000000e+05  1.000000000000000000e+13
445 6231 2.212262e-01 1.708578e+00  2.272673821276067656e+02  1.000000000000000000e+05  1.000000000000000000e+05  1.000000000000000000e+13
446 6245 2.163501e-01 1.711680e+00  2.272673821276067656e+02  1.000000000000000000e+05  1.000000000000000000e+05  1.000000000000000000e+11
447 6259 2.089959e-01 1.711901e+00  2.272673821276067656e+02  1.000000000000000000e+05  1.000000000000000000e+05  1.000000000000000000e+05
448 6273 2.039541e-01 1.710060e+00  2.272673821276067656e+02  1.000000000000000000e+05  1.000000000000000000e+05  1.000000000000000000e+05
449 6287 1.983106e-01 1.712488e+00  2.272673821276067656e+02  1.000000000000000000e+05  1.000000000000000000e+05  1.000000000000000000e+13
450 6301 1.913881e-01 1.712243e+00  2.272673821276067656e+02  1.000000000000000000e+05  1.000000000000000000e+05  1.000000000000000000e+13
451 6315 1.874851e-01 1.714907e+00  2.272673821276067656e+02  1.000000000000000000e+05  1.000000000000000000e+05  1.000000000000000000e+15
452 6329 1.842241e-01 1.719696e+00  2.272673821276067656e+02  1.000000000000000000e+05  1.000000000000000000e+05  1.000000000000000000e+11
453 6343 1.851344e-01 1.722196e+00  2.272673821276067656e+02  2.324706794088702964e+02  1.000000000000000000e+05  1.000000000000000000e+05
454 6357 1.840914e-01 1.720211e+00  2.272673821276067656e+02  2.363618612915672657e+02  1.000000000000000000e+05  1.000000000000000000e+13
455 6371 1.839935e-01 1.730366e+00  2.272673821276067656e+02  1.000000000000000000e+05  5.000005000000000000e+10  1.000000000000000000e+18
456 6385 1.856172e-01 1.734697e+00  2.272673821276067656e+02  1.000000000000000000e+05  1.000000000000000000e+05  1.000000000000000000e+15
457 6399 2.590092e-01 1.740995e+00  2.272673821276067656e+02  1.000000000000000000e+05  1.000000000000000000e+05  1.000000000000000000e+13
458 6413 2.528619e-01 1.745123e+00  2.272673821276067656e+02  1.000000000000000000e+05  1.000000000000000000e+05  1.000000000000000000e+13
459 6427 2.451969e-01 1.739996e+00  2.272673821276067656e+02  1.000000000000000000e+05  1.000000000000000000e+05  1.000000000000000000e+13
460 6441 2.369169e-01 1.740109e+00  2.272673821276067656e+02  1.000000000000000000e+05  1.000000000000000000e+05  1.000000000000000000e+05
461 6455 2.292201e-01 1.746130e+00  2.272673821276067656e+02  1.000000000000000000e+05  1.000000000000000000e+05  1.000000000000000000e+13
462 6469 2.197014e-01 1.746136e+00  2.272673821276067656e+02  1.000000000000000000e+05  1.000000000000000000e+05  1.000000000000000000e+05
463 6483 3.082707e-01 1.750321e+00  2.272673821276067656e+02  1.000000000000000000e+05  1.000000000000000000e+05  1.000000000000000000e+13
464 6497 3.040660e-01 1.748768e+00  2.272673821276067656e+02  1.000000000000000000e+05  1.000000000000000000e+05  1.000000000000000000e+11
465 6511 2.994874e-01 1.745966e+00  2.272673821276067656e+02  1.000000000000000000e+05  1.000000000000000000e+05  1.000000000000000000e+18
466 6525 2.900425e-01 1.744810e+00  2.272673821276067656e+02  1.000000000000000000e+05  1.000000000000000000e+05  1.000000000000000000e+15
467 6539 2.773108e-01 1.741139e+00  2.272673821276067656e+02  1.000000000000000000e+05  1.000000000000000000e+05  1.000000000000000000e+13
468 6553 2.665084e-01 1.745472e+00  2.272673821276067656e+02  1.000000000000000000e+05  1.000000000000000000e+05  1.000000000000000000e+05
469 6567 2.552273e-01 1.747338e+00  2.272673821276067656e+02  1.000000000000000000e+05  1.000000000000000000e+05  1.000000000000000000e+11
470 6581 2.470464e-01 1.747359e+00  2.272673821276067656e+02  1.000000000000000000e+05  1.000000000000000000e+05  1.000000000000000000e+15
471 6595 2.359850e-01 1.748725e+00  2.272673821276067656e+02  1.000000000000000000e+05  1.000000000000000000e+05  1.000000000000000000e+11
472 6609 2.287842e-01 1.749828e+00  2.272673821276067656e+02  1.000000000000000000e+05  1.000000000000000000e+05  1.000000000000000000e+11
473 6623 2.194808e-01 1.756513e+00  2.272673821276067656e+02  1.000000000000000000e+05  1.000000000000000000e+05  1.000000000000000000e+05
474 6637 2.090914e-01 1.759170e+00  2.272673821276067656e+02  1.000000000000000000e+05  1.000000000000000000e+05  1.000000000000000000e+13
475 6651 2.004783e-01 1.758363e+00  2.272673821276067656e+02  1.000000000000000000e+05  1.000000000000000000e+05  1.000000000000000000e+13
476 6665 1.934231e-01 1.757538e+00  2.272673821276067656e+02  1.000000000000000000e+05  1.000000000000000000e+05  1.000000000000000000e+13
477 6679 1.874126e-01 1.756169e+00  2.272673821276067656e+02  1.000000000000000000e+05  1.000000000000000000e+05  1.000000000000000000e+05
478 6693 2.517195e-01 1.758350e+00  2.272673821276067656e+02  1.000000000000000000e+05  1.000000000000000000e+05  1.000000000000000000e+05
479 6707 2.436412e-01 1.757535e+00  2.272673821276067656e+02  1.000000000000000000e+05  1.000000000000000000e+05  1.000000000000000000e+11
480 6721 2.365791e-01 1.755715e+00  2.272673821276067656e+02  1.000000000000000000e+05  1.000000000000000000e+05  1.000000000000000000e+13
481 6735 2.295935e-01 1.754168e+00  2.272673821276067656e+02  1.000000000000000000e+05  1.000000000000000000e+05  1.000000000000000000e+15
482 6749 2.235286e-01 1.747986e+00  2.272673821276067656e+02  1.000000000000000000e+05  1.000000000000000000e+05  1.000000000000000000e+13
483 6763 2.191001e-01 1.749799e+00  2.272673821276067656e+02  1.000000000000000000e+05  1.000000000000000000e+05  1.000000000000000000e+11
484 6777 2.150368e-01 1.749818e+00  2.272673821276067656e+02  1.000000000000000000e+05  1.000000000000000000e+05  1.000000000000000000e+11
485 6791 2.949129e-01 1.754915e+00  2.272673821276067656e+02  1.000000000000000000e+05  1.000000000000000000e+05  1.000000000000000000e+05
486 6805 2.907805e-01 1.756983e+00  2.272673821276067656e+02  1.000000000000000000e+05  1.000000000000000000e+05  1.000000000000000000e+13
487 6819 2.875600e-01 1.755856e+00  2.272673821276067656e+02  1.000000000000000000e+05  1.000000000000000000e+05  1.000000000000000000e+05
488 6833 2.849683e-01 1.757441e+00  2.272673821276067656e+02  4.566180438229554284e+02  1.000000000000000000e+05  1.000000000000000000e+13
489 6847 2.783730e-01 1.756109e+00  2.272673821276067656e+02  1.000000000000000000e+05  1.000000000000000000e+05  1.000000000000000000e+13
490 6861 2.724259e-01 1.757419e+00  2.272673821276067656e+02  1.000000000000000000e+05  1.000000000000000000e+05  1.000000000000000000e+05
491 6875 2.643741e-01 1.757276e+00  2.272673821276067656e+02  1.000000000000000000e+05  1.000000000000000000e+05  1.000000000000000000e+05
492 6889 2.538884e-01 1.758163e+00  2.272673821276067656e+02  1.000000000000000000e+05  1.000000000000000000e+05  1.000000000000000000e+05
493 6903 2.451769e-01 1.759820e+00  2.272673821276067656e+02  1.000000000000000000e+05  1.000000000000000000e+05  1.000000000000000000e+05
494 6917 2.353511e-01 1.760270e+00  2.272673821276067656e+02  1.000000000000000000e+05  1.000000000000000000e+05  1.000000000000000000e+13
495 6931 2.263757e-01 1.761302e+00  2.272673821276067656e+02  4.325412245981318620e+02  1.000000000000000000e+05  1.000000000000000000e+13
496 6945 2.170832e-01 1.761028e+00  2.272673821276067656e+02  1.000000000000000000e+05  1.000000000000000000e+05  1.000000000000000000e+05
497 6959 2.963686e-01 1.759122e+00  2.272673821276067656e+02  1.000000000000000000e+05  1.000000000000000000e+05  1.000000000000000000e+13
498 6973 2.894587e-01 1.760857e+00  2.272673821276067656e+02  2.560953715167701148e+02  1.000000000000000000e+05  1.000000000000000000e+13
499 6987 2.837543e-01 1.763326e+00  2.272673821276067656e+02  1.000000000000000000e+05  1.000000000000000000e+05  1.000000000000000000e+05
500 7001 2.764355e-01 1.768083e+00  2.272673821276067656e+02  1.000000000000000000e+05  1.000000000000000000e+05  1.000000000000000000e+13
501 7015 2.664638e-01 1.772711e+00  2.272673821276067656e+02  1.000000000000000000e+05  1.000000000000000000e+05  1.000000000000000000e+05
502 7029 2.566665e-01 1.776557e+00  2.272673821276067656e+02  1.000000000000000000e+05  1.000000000000000000e+05  1.000000000000000000e+13
503 7043 2.443809e-01 1.775956e+00  2.272673821276067656e+02  1.000000000000000000e+05  1.000000000000000000e+05  1.000000000000000000e+13
504 7057 2.326931e-01 1.773704e+00  2.272673821276067656e+02  1.000000000000000000e+05  1.000000000000000000e+05  1.000000000000000000e+13
505 7071 2.259952e-01 1.784953e+00  2.272673821276067656e+02  1.000000000000000000e+05  1.000000000000000000e+05  1.000000000000000000e+13
506 7085 2.234138e-01 1.782078e+00  2.272673821276067656e+02  1.000000000000000000e+05  1.000000000000000000e+05  1.000000000000000000e+05
507 7099 2.186918e-01 1.784015e+00  2.272673821276067656e+02  1.000000000000000000e+05  1.000000000000000000e+05  1.000000000000000000e+05
508 7113 2.961612e-01 1.785917e+00  2.272673821276067656e+02  1.000000000000000000e+05  1.000000000000000000e+05  1.000000000000000000e+05
509 7127 2.909726e-01 1.787848e+00  2.272673821276067656e+02  1.000000000000000000e+05  1.000000000000000000e+05  1.000000000000000000e+05
510 7141 2.828906e-01 1.791790e+00  2.272673821276067656e+02  1.000000000000000000e+05  1.000000000000000000e+05  1.000000000000000000e+05
511 7155 2.760947e-01 1.796651e+00  2.272673821276067656e+02  1.000000000000000000e+05  1.000000000000000000e+05  1.000000000000000000e+13
512 7169 2.670230e-01 1.797173e+00  2.272673821276067656e+02  1.000000000000000000e+05  1.000000000000000000e+05  1.000000000000000000e+05
513 7183 2.569803e-01 1.795758e+00  2.272673821276067656e+02  1.000000000000000000e+05  1.000000000000000000e+05  1.000000000000000000e+13
514 7197 2.490725e-01 1.797527e+00  2.272673821276067656e+02  1.000000000000000000e+05  1.000000000000000000e+05  1.000000000000000000e+13
515 7211 2.435344e-01 1.801144e+00  2.272673821276067656e+02  1.000000000000000000e+05  1.000000000000000000e+05  1.000000000000000000e+11
516 7225 2.363032e-01 1.802221e+00  2.272673821276067656e+02  1.000000000000000000e+05  1.000000000000000000e+05  1.000000000000000000e+13
517 7239 2.334981e-01 1.801279e+00  2.272673821276067656e+02  1.000000000000000000e+05  1.000000000000000000e+05  1.000000000000000000e+13
518 7253 2.298995e-01 1.805478e+00  2.272673821276067656e+02  1.000000000000000000e+05  1.000000000000000000e+05  1.000000000000000000e+05
519 7267 2.250012e-01 1.811316e+00  2.272673821276067656e+02  1.000000000000000000e+05  1.000000000000000000e+05  1.000000000000000000e+05
520 7281 2.154127e-01 1.818761e+00  2.272673821276067656e+02  1.000000000000000000e+05  1.000000000000000000e+05  1.000000000000000000e+05
521 7295 2.048200e-01 1.818671e+00  2.272673821276067656e+02  1.000000000000000000e+05  1.000000000000000000e+05  1.000000000000000000e+05
522 7309 2.744426e-01 1.812691e+00  2.272673821276067656e+02  1.000000000000000000e+05  1.000000000000000000e+05  1.000000000000000000e+05
523 7323 2.621233e-01 1.814314e+00  2.272673821276067656e+02  1.000000000000000000e+05  1.000000000000000000e+05  1.000000000000000000e+05
524 7337 2.493694e-01 1.814287e+00  2.272673821276067656e+02  1.000000000000000000e+05  1.000000000000000000e+05  1.000000000000000000e+05
525 7351 2.356602e-01 1.816125e+00  2.272673821276067656e+02  1.000000000000000000e+05  1.000000000000000000e+05  1.000000000000000000e+05
526 7365 3.154683e-01 1.816071e+00  2.272673821276067656e+02  1.000000000000000000e+05  1.000000000000000000e+05  1.000000000000000000e+11
527 7379 3.069201e-01 1.816409e+00  2.272673821276067656e+02  1.000000000000000000e+05  1.000000000000000000e+05  1.000000000000000000e+11
528 7393 2.939268e-01 1.816949e+00  2.272673821276067656e+02  1.000000000000000000e+05  1.000000000000000000e+05  1.000000000000000000e+11
529 7407 2.821177e-01 1.819430e+00  2.272673821276067656e+02  1.000000000000000000e+05  1.000000000000000000e+05  1.000000000000000000e+11
530 7421 2.749842e-01 1.823114e+00  2.272673821276067656e+02  1.000000000000000000e+05  1.000000000000000000e+05  1.000000000000000000e+11
531 7435 2.626928e-01 1.824521e+00  2.272673821276067656e+02  1.000000000000000000e+05  1.000000000000000000e+05  1.000000000000000000e+05
532 7449 2.539473e-01 1.824843e+00  2.272673821276067656e+02  1.000000000000000000e+05  1.000000000000000000e+05  1.000000000000000000e+05
533 7463 2.474952e-01 1.827180e+00  2.272673821276067656e+02  1.000000000000000000e+05  1.000000000000000000e+05  1.000000000000000000e+05
534 7477 2.411268e-01 1.825510e+00  2.272673821276067656e+02  1.000000000000000000e+05  1.000000000000000000e+05  1.000000000000000000e+05
535 7491 2.338677e-01 1.830593e+00  2.272673821276067656e+02  1.000000000000000000e+05  1.000000000000000000e+05  1.000000000000000000e+11
536 7505 2.262042e-01 1.836581e+00  2.272673821276067656e+02  1.000000000000000000e+05  1.000000000000000000e+05  1.000000000000000000e+11
537 7519 3.041244e-01 1.833672e+00  2.272673821276067656e+02  1.000000000000000000e+05  1.000000000000000000e+05  1.000000000000000000e+11
538 7533 2.948889e-01 1.837677e+00  2.272673821276067656e+02  1.000000000000000000e+05  1.000000000000000000e+05  1.000000000000000000e+11
539 7547 2.862461e-01 1.835517e+00  2.272673821276067656e+02  1.000000000000000000e+05  1.000000000000000000e+05  1.000000000000000000e+11
540 7561 2.787764e-01 1.835371e+00  2.272673821276067656e+02  1.000000000000000000e+05  1.000000000000000000e+05  1.000000000000000000e+11
541 7575 2.665356e-01 1.837354e+00  2.272673821276067656e+02  1.000000000000000000e+05  1.000000000000000000e+05  1.000000000000000000e+05
542 7589 2.538942e-01 1.841648e+00  2.272673821276067656e+02  1.000000000000000000e+05  1.000000000000000000e+05  1.000000000000000000e+15
543 7603 2.439077e-01 1.843688e+00  2.272673821276067656e+02  1.000000000000000000e+05  1.000000000000000000e+05  1.000000000000000000e+11
544 7617 2.347498e-01 1.842614e+00  2.272673821276067656e+02  1.000000000000000000e+05  1.000000000000000000e+05  1.000000000000000000e+11
545 7631 2.242346e-01 1.844891e+00  2.272673821276067656e+02  1.000000000000000000e+05  1.000000000000000000e+05  1.000000000000000000e+13
546 7645 2.146946e-01 1.848546e+00  2.272673821276067656e+02  1.000000000000000000e+05  1.000000000000000000e+05  1.000000000000000000e+05
547 7659 2.884321e-01 1.845038e+00  2.272673821276067656e+02  1.000000000000000000e+05  1.000000000000000000e+05  1.000000000000000000e+13
548 7673 2.808620e-01 1.844841e+00  2.272673821276067656e+02  1.000000000000000000e+05  1.000000000000000000e+05  1.000000000000000000e+13
549 7687 2.738736e-01 1.841422e+00  2.272673821276067656e+02  1.000000000000000000e+05  1.000000000000000000e+05  1.000000000000000000e+05
550 7701 2.639145e-01 1.840316e+00  2.272673821276067656e+02  1.000000000000000000e+05  1.000000000000000000e+05  1.000000000000000000e+05
551 7715 2.559019e-01 1.839408e+00  2.272673821276067656e+02  1.000000000000000000e+05  1.000000000000000000e+05  1.000000000000000000e+05
552 7729 3.425027e-01 1.842724e+00  2.272673821276067656e+02  1.000000000000000000e+05  1.000000000000000000e+05  1.000000000000000000e+05
553 7743 3.248077e-01 1.839543e+00  2.272673821276067656e+02  1.000000000000000000e+05  1.000000000000000000e+05  1.000000000000000000e+05
554 7757 3.071347e-01 1.839861e+00  2.272673821276067656e+02  1.000000000000000000e+05  1.000000000000000000e+05  1.000000000000000000e+05
555 7771 2.937235e-01 1.841060e+00  2.272673821276067656e+02  1.000000000000000000e+05  1.000000000000000000e+05  1.000000000000000000e+05
556 7785 2.814574e-01 1.840438e+00  2.272673821276067656e+02  1.000000000000000000e+05  1.000000000000000000e+05  1.000000000000000000e+05
557 7799 2.670275e-01 1.841320e+00  2.272673821276067656e+02  1.000000000000000000e+05  1.000000000000000000e+05  1.000000000000000000e+05
558 7813 2.494740e-01 1.843332e+00  2.272673821276067656e+02  1.000000000000000000e+05  1.000000000000000000e+05  1.000000000000000000e+05
559 7827 2.354125e-01 1.843890e+00  2.272673821276067656e+02  1.000000000000000000e+05  1.000000000000000000e+05  1.000000000000000000e+11
560 7841 2.235359e-01 1.847279e+00  2.272673821276067656e+02  1.000000000000000000e+05  1.000000000000000000e+05  1.000000000000000000e+05
561 7855 2.155091e-01 1.849380e+00  2.272673821276067656e+02  1.000000000000000000e+05  1.000000000000000000e+05  1.000000000000000000e+05
562 7869 2.095103e-01 1.851650e+00  2.272673821276067656e+02  1.000000000000000000e+05  1.000000000000000000e+05  1.000000000000000000e+11
563 7883 2.028921e-01 1.851825e+00  2.272673821276067656e+02  1.000000000000000000e+05  1.000000000000000000e+05  1.000000000000000000e+05
564 7897 1.963073e-01 1.850712e+00  2.272673821276067656e+02  1.000000000000000000e+05  1.000000000000000000e+05  1.000000000000000000e+05
565 7911 1.890311e-01 1.846679e+00  2.272673821276067656e+02  1.000000000000000000e+05  1.000000000000000000e+05  1.000000000000000000e+05
566 7925 1.817313e-01 1.841809e+00  2.272673821276067656e+02  1.000000000000000000e+05  1.000000000000000000e+05  1.000000000000000000e+05
567 7939 1.734669e-01 1.845722e+00  2.272673821276067656e+02  1.000000000000000000e+05  1.000000000000000000e+05  1.000000000000000000e+05
568 7953 2.315459e-01 1.850238e+00  2.272673821276067656e+02  1.000000000000000000e+05  1.000000000000000000e+05  1.000000000000000000e+05
569 7967 2.185393e-01 1.850324e+00  2.272673821276067656e+02  1.000000000000000000e+05  1.000000000000000000e+05  1.000000000000000000e+05
570 7981 2.100347e-01 1.848769e+00  2.272673821276067656e+02  1.000000000000000000e+05  1.000000000000000000e+05  1.000000000000000000e+05
571 7995 2.016149e-01 1.847843e+00  2.272673821276067656e+02  1.000000000000000000e+05  1.000000000000000000e+05  1.000000000000000000e+05
572 8009 1.927411e-01 1.847623e+00  2.272673821276067656e+02  1.000000000000000000e+05  1.000000000000000000e+05  1.000000000000000000e+05
573 8023 1.824669e-01 1.846515e+00  2.272673821276067656e+02  1.000000000000000000e+05  1.000000000000000000e+05  1.000000000000000000e+05
574 8037 2.427535e-01 1.845824e+00  2.272673821276067656e+02  1.000000000000000000e+05  1.000000000000000000e+05  1.000000000000000000e+05
575 8051 2.357498e-01 1.846337e+00  2.272673821276067656e+02  1.000000000000000000e+05  1.000000000000000000e+05  1.000000000000000000e+05
576 8065 2.290847e-01 1.849037e+00  2.272673821276067656e+02  1.000000000000000000e+05  1.000000000000000000e+05  1.000000000000000000e+05
577 8079 2.273799e-01 1.845828e+00  2.272673821276067656e+02  1.000000000000000000e+05  1.000000000000000000e+05  1.000000000000000000e+05
578 8093 2.262130e-01 1.841122e+00  2.272673821276067656e+02  1.000000000000000000e+05  1.000000000000000000e+05  1.000000000000000000e+05
579 8107 2.224628e-01 1.841172e+00  2.272673821276067656e+02  1.000000000000000000e+05  1.000000000000000000e+05  1.000000000000000000e+05
580 8121 3.046572e-01 1.843805e+00  2.272673821276067656e+02  1.000000000000000000e+05  1.000000000000000000e+05  1.000000000000000000e+05
581 8135 4.191834e-01 1.845306e+00  2.272673821276067656e+02  1.000000000000000000e+05  1.000000000000000000e+05  1.000000000000000000e+05
