%  columns="iteration, evaluation, void, void, void, xmean" (startseed=207940, 2023/08/18 7:7:16.40)
0 1 0 0 0 7.500000e-01 5.000000e-01 5.000000e-01 2.500000e-01 7.500000e-01 5.000000e-01 5.000000e-01 5.000000e-01 5.000000e-01 2.500000e-01 2.500000e-01 2.500000e-01 2.500000e-01 2.500000e-01 5.000000e-01 2.500000e-01 7.500000e-01 7.500000e-01 5.000000e-01 5.000000e-01 5.000000e-01 7.500000e-01 5.000000e-01 2.500000e-01 7.500000e-01 5.000000e-01 2.500000e-01 5.000000e-01 2.500000e-01 2.500000e-01 7.500000e-01 7.500000e-01 5.000000e-01 2.500000e-01 
1 15 0 0 0 8.932251e-01 7.445048e-01 5.905517e-01 2.996822e-01 8.630831e-01 6.835660e-01 6.138641e-01 2.377101e-01 3.566435e-01 -1.142864e-01 4.893558e-01 3.097195e-01 2.154555e-01 3.269030e-01 4.806684e-01 2.370423e-01 8.482580e-01 7.742257e-01 4.106435e-01 3.197416e-01 3.589737e-02 8.672903e-01 4.066070e-01 2.922075e-01 7.023179e-01 5.724040e-01 4.364499e-01 3.707184e-01 4.648864e-01 3.882683e-01 7.848642e-01 6.309662e-01 4.104802e-01 1.900367e-01 
2 29 0 0 0 7.398449e-01 4.275065e-01 4.784701e-01 4.809063e-01 9.287005e-01 7.802264e-01 5.231292e-01 2.382421e-01 3.535364e-01 -4.688850e-02 6.950472e-01 3.572912e-01 2.082542e-01 4.526661e-01 5.454484e-01 1.905378e-01 7.645124e-01 8.413755e-01 4.799299e-01 2.872668e-01 1.902779e-01 7.979446e-01 2.061144e-01 4.048677e-01 6.835661e-01 3.807792e-01 4.086058e-01 4.566559e-01 3.238854e-01 4.891836e-01 5.818976e-01 6.401430e-01 3.630867e-01 1.729475e-01 
3 43 0 0 0 7.376994e-01 2.311149e-01 4.360867e-01 7.250984e-01 7.958908e-01 8.730682e-01 3.986331e-01 1.219116e-01 4.439726e-01 1.230683e-01 5.849323e-01 4.226695e-01 1.396759e-01 6.078215e-01 5.805973e-01 1.167310e-01 6.268923e-01 9.117780e-01 5.369420e-01 4.148668e-01 3.537178e-01 5.187189e-01 2.498546e-01 4.607633e-01 5.622612e-01 5.237015e-01 5.501022e-01 6.645098e-01 4.027064e-01 4.924950e-01 6.829585e-01 6.449143e-01 7.045198e-01 1.767141e-01 
4 57 0 0 0 8.329281e-01 1.409541e-01 3.909597e-01 6.650091e-01 1.014977e+00 9.966799e-01 3.423580e-01 1.244447e-01 2.626948e-01 3.561171e-01 3.915659e-01 6.199393e-01 5.458909e-02 5.371866e-01 6.469325e-01 6.777509e-02 6.792817e-01 9.102398e-01 5.222601e-01 3.262293e-01 2.316727e-01 4.333056e-01 3.496313e-01 3.858919e-01 6.428588e-01 6.623972e-01 6.034817e-01 8.253648e-01 2.712475e-01 5.558710e-01 8.224463e-01 7.617369e-01 6.991578e-01 2.353752e-01 
5 71 0 0 0 9.617962e-01 9.572477e-02 4.340203e-01 3.944760e-01 9.392320e-01 9.230086e-01 2.615692e-01 1.053666e-01 4.128881e-01 4.147178e-01 3.719745e-01 5.321897e-01 -1.100257e-02 4.094018e-01 5.734571e-01 2.812396e-02 7.597211e-01 8.790347e-01 6.853334e-01 1.994557e-01 3.877577e-02 4.839870e-01 4.955182e-01 4.744351e-01 7.688505e-01 8.585646e-01 4.979327e-01 7.815653e-01 2.775291e-01 5.069489e-01 8.180933e-01 8.132164e-01 4.108737e-01 1.328817e-01 
6 85 0 0 0 9.189174e-01 2.014359e-01 3.444116e-01 2.073840e-01 9.660340e-01 8.079908e-01 1.455443e-01 2.034045e-01 4.128921e-01 5.225099e-01 5.065682e-01 4.984616e-01 8.913237e-02 3.771283e-01 5.803560e-01 3.889184e-02 5.975778e-01 6.720325e-01 6.630589e-01 1.661249e-01 1.444979e-01 4.858816e-01 5.563833e-01 4.642876e-01 7.672426e-01 6.135230e-01 3.521256e-01 7.270726e-01 2.591354e-01 4.128352e-01 1.062867e+00 7.869779e-01 4.821427e-01 1.335480e-01 
7 99 0 0 0 9.527623e-01 1.435454e-01 4.728765e-01 1.597847e-01 8.425809e-01 6.598630e-01 2.082300e-01 2.253450e-01 5.298393e-01 4.694720e-01 7.741159e-01 3.275647e-01 2.419807e-01 3.840519e-01 7.130759e-01 1.146243e-01 7.236597e-01 5.311653e-01 6.778805e-01 1.824245e-01 3.160954e-01 3.894076e-01 6.955042e-01 3.654375e-01 7.392383e-01 6.303401e-01 4.929928e-01 5.306192e-01 1.982615e-01 6.352144e-01 9.227001e-01 5.728314e-01 4.953027e-01 8.586617e-02 
8 113 0 0 0 1.006198e+00 2.868839e-01 2.736483e-01 3.637046e-01 6.171050e-01 6.426289e-01 2.809269e-01 2.959005e-01 4.635943e-01 3.280809e-01 8.134113e-01 3.654663e-01 2.851155e-01 5.295722e-01 6.602700e-01 1.299146e-01 7.080880e-01 3.737634e-01 7.579344e-01 2.837802e-01 2.265315e-01 2.896474e-01 5.324268e-01 3.219679e-01 6.811506e-01 8.111569e-01 5.874882e-01 5.662940e-01 2.702088e-01 4.354901e-01 8.116795e-01 5.759832e-01 5.171070e-01 1.282465e-01 
9 127 0 0 0 9.585650e-01 1.186077e-01 3.716528e-01 4.323597e-01 6.514366e-01 8.061574e-01 3.261770e-01 3.995628e-01 6.135668e-01 8.551832e-02 8.152217e-01 2.450242e-01 3.381603e-01 5.312468e-01 4.618607e-01 6.284924e-02 5.155438e-01 4.234993e-01 6.760338e-01 3.158024e-01 2.166532e-01 4.089534e-01 4.990312e-01 2.742441e-01 7.721734e-01 7.887836e-01 6.970094e-01 7.274557e-01 3.447889e-01 6.128717e-01 9.219745e-01 7.487110e-01 7.270132e-01 3.291980e-01 
10 141 0 0 0 9.131920e-01 8.847583e-02 3.528370e-01 3.631793e-01 6.960926e-01 8.963340e-01 2.505772e-01 2.254611e-01 4.733363e-01 2.330304e-01 7.441783e-01 3.365348e-01 3.777089e-01 5.556250e-01 4.193818e-01 -2.408297e-02 4.310644e-01 4.614566e-01 6.153264e-01 3.612717e-01 2.694550e-01 3.077647e-01 2.958101e-01 2.990529e-01 6.862216e-01 6.994920e-01 5.642139e-01 6.343149e-01 3.873052e-01 4.714004e-01 9.279135e-01 5.725311e-01 7.261763e-01 3.141631e-01 
11 155 0 0 0 9.245602e-01 1.632748e-01 4.011153e-01 3.259728e-01 5.248083e-01 8.421806e-01 3.164916e-01 2.339761e-01 4.300652e-01 2.535820e-01 6.912209e-01 2.216637e-01 3.148126e-01 6.790159e-01 6.088866e-01 1.027133e-01 2.275524e-01 4.260597e-01 6.598268e-01 3.055768e-01 2.306458e-01 3.943424e-01 2.339631e-01 1.942691e-01 8.878934e-01 6.875316e-01 5.725809e-01 7.094241e-01 4.220790e-01 4.095269e-01 8.214419e-01 5.549366e-01 6.900639e-01 2.163373e-01 
12 169 0 0 0 7.586667e-01 1.979973e-01 4.829617e-01 2.085187e-01 6.447052e-01 8.716790e-01 3.078494e-01 1.165224e-01 4.092649e-01 3.669612e-01 7.331285e-01 1.460053e-01 3.246450e-01 6.124480e-01 4.141519e-01 3.511215e-02 4.317882e-01 4.419173e-01 6.974486e-01 3.004814e-01 1.374471e-01 4.723996e-01 1.409391e-01 6.847483e-02 9.642177e-01 4.806454e-01 5.661874e-01 6.694407e-01 2.402697e-01 4.710916e-01 7.718963e-01 5.394421e-01 8.985846e-01 2.242369e-01 
13 183 0 0 0 6.100640e-01 1.371455e-01 4.956535e-01 2.798534e-01 5.584178e-01 8.717251e-01 3.487424e-01 1.689654e-01 5.293932e-01 3.133842e-01 6.386746e-01 1.219145e-01 3.318270e-01 4.215594e-01 3.968734e-01 1.361313e-01 4.101376e-01 4.266876e-01 5.636485e-01 2.750123e-01 2.309631e-01 5.472035e-01 7.075321e-02 1.115763e-01 9.533631e-01 4.798720e-01 6.857686e-01 5.913160e-01 2.397100e-01 4.678099e-01 8.781787e-01 5.281658e-01 8.349965e-01 2.382196e-01 
14 197 0 0 0 7.454637e-01 2.251294e-02 5.958144e-01 3.603908e-01 5.515604e-01 8.891333e-01 3.890115e-01 1.076094e-01 4.246079e-01 2.661007e-01 4.340870e-01 1.314450e-01 3.067410e-01 3.427074e-01 5.442539e-01 1.241670e-01 5.486769e-01 4.377756e-01 4.864007e-01 3.642749e-01 1.899103e-01 6.587987e-01 7.732870e-02 1.122469e-01 1.015102e+00 3.787027e-01 6.260439e-01 6.059789e-01 2.317347e-01 4.820517e-01 8.520328e-01 3.982177e-01 8.167028e-01 2.122256e-01 
15 211 0 0 0 7.455526e-01 3.293671e-02 5.523480e-01 3.955716e-01 5.120537e-01 9.041266e-01 3.835313e-01 3.634231e-02 4.008161e-01 3.776147e-01 2.216972e-01 6.412258e-02 3.544009e-01 2.432153e-01 6.867279e-01 1.281441e-01 6.708095e-01 3.704015e-01 3.772640e-01 5.107627e-01 2.983227e-01 6.881972e-01 1.566778e-01 6.090081e-02 9.547530e-01 1.759348e-01 6.491138e-01 6.237012e-01 3.093837e-01 3.164998e-01 8.338664e-01 2.711695e-01 8.590040e-01 1.224942e-01 
16 225 0 0 0 6.169867e-01 5.937349e-02 5.381748e-01 5.066561e-01 4.819580e-01 8.483388e-01 4.039626e-01 1.012690e-01 4.652468e-01 2.903467e-01 2.364027e-01 9.949455e-02 4.114742e-01 2.796628e-01 7.750654e-01 1.375671e-01 6.244490e-01 3.087984e-01 5.429315e-01 3.356166e-01 2.362259e-01 6.651906e-01 1.923047e-01 6.546554e-03 9.238374e-01 1.239591e-01 5.161051e-01 6.574234e-01 2.982731e-01 2.630215e-01 8.551982e-01 2.967166e-01 7.682019e-01 1.494635e-01 
17 239 0 0 0 6.506126e-01 2.785449e-01 6.859589e-01 4.651008e-01 4.660294e-01 9.368679e-01 4.305339e-01 7.409128e-02 3.934170e-01 2.370573e-01 1.896977e-01 1.282797e-01 4.487985e-01 2.413100e-01 9.003935e-01 1.462389e-01 6.753788e-01 2.930323e-01 6.347856e-01 3.217343e-01 3.091784e-01 6.508950e-01 2.254443e-01 1.208258e-01 8.482157e-01 9.294390e-02 5.146550e-01 6.254013e-01 3.518994e-01 3.833133e-01 8.630406e-01 3.378073e-01 7.747235e-01 1.403034e-01 
18 253 0 0 0 6.570702e-01 2.839032e-01 5.376975e-01 4.535166e-01 4.616285e-01 8.036314e-01 3.742753e-01 2.215316e-01 4.731502e-01 3.774605e-01 1.621514e-01 8.488274e-02 4.774267e-01 1.769152e-01 8.111519e-01 2.432836e-01 6.050559e-01 1.487464e-01 5.267845e-01 3.080485e-01 3.606468e-01 6.602500e-01 1.824044e-01 1.657478e-01 8.620342e-01 1.068926e-01 6.223285e-01 6.790535e-01 4.653685e-01 3.872826e-01 8.037651e-01 4.675424e-01 6.700374e-01 1.546800e-01 
19 267 0 0 0 6.321166e-01 3.602229e-01 4.570346e-01 3.860191e-01 5.045888e-01 6.890218e-01 1.783047e-01 1.397350e-01 5.986668e-01 4.892807e-01 2.170352e-01 9.784435e-02 4.054732e-01 2.883651e-01 8.721881e-01 2.541664e-01 6.148806e-01 8.118566e-02 3.826322e-01 4.171861e-01 3.078923e-01 5.919346e-01 2.374655e-01 2.052418e-01 7.603913e-01 1.598355e-01 6.592893e-01 7.058900e-01 3.404303e-01 4.409672e-01 8.576509e-01 2.943948e-01 7.602746e-01 2.491471e-01 
20 281 0 0 0 5.310544e-01 3.061492e-01 5.088150e-01 4.709376e-01 5.153703e-01 6.395867e-01 2.323780e-01 1.151316e-01 5.482776e-01 4.843502e-01 2.112613e-01 1.171155e-01 4.757316e-01 1.995001e-01 9.067607e-01 3.125215e-01 6.476964e-01 -3.575348e-03 2.842966e-01 4.876342e-01 3.630516e-01 6.681132e-01 2.532270e-01 3.005738e-01 7.717027e-01 1.850902e-01 5.958320e-01 7.045094e-01 2.367295e-01 4.184407e-01 8.621014e-01 3.804090e-01 8.500526e-01 2.473790e-01 
21 295 0 0 0 5.238483e-01 4.444343e-01 5.831495e-01 3.824636e-01 5.157420e-01 5.831549e-01 1.894534e-01 7.409296e-02 5.529408e-01 5.327464e-01 3.762658e-01 1.672408e-01 4.017681e-01 1.226479e-01 7.907380e-01 3.706471e-01 6.357523e-01 5.871213e-02 2.744946e-01 3.702490e-01 3.892684e-01 7.361329e-01 2.878845e-01 4.228702e-01 8.396809e-01 1.505727e-01 6.368147e-01 6.403571e-01 1.795617e-01 4.544279e-01 8.032902e-01 4.407040e-01 8.905100e-01 2.979097e-01 
22 309 0 0 0 6.164014e-01 3.383181e-01 5.076033e-01 3.603958e-01 5.240704e-01 5.880813e-01 2.114601e-01 1.224048e-01 4.996914e-01 5.069755e-01 3.860182e-01 2.286331e-01 2.659054e-01 1.304020e-01 9.157798e-01 3.329606e-01 5.340785e-01 7.603454e-02 1.117082e-01 3.788170e-01 2.818516e-01 7.388908e-01 3.185360e-01 5.201774e-01 7.134204e-01 2.767737e-01 7.758658e-01 6.269793e-01 3.266806e-01 5.413163e-01 7.353195e-01 3.793062e-01 8.260350e-01 2.719061e-01 
23 323 0 0 0 6.067903e-01 3.361955e-01 5.841474e-01 3.040339e-01 4.880055e-01 5.587265e-01 7.005194e-02 1.085518e-01 4.774470e-01 6.017233e-01 4.275973e-01 6.922287e-02 2.507245e-01 1.195003e-01 8.565084e-01 3.087825e-01 5.155353e-01 9.125706e-02 1.298892e-01 4.138716e-01 2.599951e-01 6.341787e-01 3.742396e-01 3.892459e-01 6.389085e-01 3.099042e-01 8.371102e-01 6.251393e-01 3.969597e-01 4.915058e-01 8.057959e-01 3.778132e-01 7.171421e-01 3.560639e-01 
24 337 0 0 0 5.821025e-01 3.353779e-01 5.605463e-01 2.779165e-01 4.063092e-01 5.163228e-01 6.396488e-02 1.278100e-01 4.767948e-01 5.750475e-01 3.343887e-01 1.364071e-01 2.518468e-01 1.316745e-01 7.924578e-01 3.734558e-01 4.412982e-01 1.004566e-01 1.274906e-01 4.312472e-01 1.626689e-01 5.623439e-01 3.774451e-01 5.155355e-01 5.345616e-01 4.152863e-01 8.220480e-01 6.267216e-01 3.574077e-01 5.679258e-01 8.975827e-01 4.621206e-01 7.775621e-01 2.880541e-01 
25 351 0 0 0 6.763896e-01 2.901360e-01 6.107681e-01 3.423719e-01 2.960514e-01 5.392012e-01 1.682418e-01 2.218568e-01 3.679498e-01 6.478256e-01 2.596631e-01 1.708880e-01 2.667192e-01 1.385116e-02 8.155045e-01 4.323739e-01 5.299902e-01 2.974731e-02 1.932061e-01 5.159744e-01 1.381769e-01 5.322098e-01 2.907687e-01 5.343849e-01 6.154283e-01 4.192684e-01 8.300035e-01 6.123777e-01 3.574096e-01 6.647577e-01 8.831665e-01 5.317101e-01 7.191989e-01 3.076624e-01 
26 365 0 0 0 5.330841e-01 2.634697e-01 6.838999e-01 3.566672e-01 3.206364e-01 5.716484e-01 2.527868e-01 3.148796e-01 3.517977e-01 5.266877e-01 2.328421e-01 9.416982e-02 3.241533e-01 4.371184e-02 8.207932e-01 2.447421e-01 4.644758e-01 5.391157e-02 1.201347e-01 5.688212e-01 1.910266e-01 6.874387e-01 1.266841e-01 5.319152e-01 5.290587e-01 3.889792e-01 8.754647e-01 6.073276e-01 3.615379e-01 7.207175e-01 8.690085e-01 4.008596e-01 7.209512e-01 3.541060e-01 
27 379 0 0 0 4.764307e-01 2.766272e-01 6.848633e-01 3.642552e-01 3.113557e-01 6.564527e-01 8.669675e-02 4.246750e-01 3.583228e-01 5.503314e-01 3.119198e-01 1.201718e-01 4.533713e-01 4.293739e-02 8.564475e-01 2.530516e-01 5.290622e-01 1.771757e-01 9.796403e-02 6.032363e-01 2.681802e-01 7.286770e-01 9.530913e-02 4.855930e-01 5.759989e-01 2.707277e-01 9.376532e-01 5.691289e-01 3.902888e-01 6.703445e-01 8.464268e-01 3.927810e-01 5.853880e-01 3.997841e-01 
28 393 0 0 0 5.686755e-01 3.129844e-01 6.794203e-01 4.006685e-01 2.630944e-01 6.781769e-01 1.376581e-01 4.353409e-01 3.494690e-01 6.092230e-01 3.651392e-01 7.860916e-02 3.459288e-01 1.284289e-01 8.653256e-01 2.562177e-01 4.479203e-01 3.042546e-01 2.374591e-01 5.827448e-01 2.864855e-01 7.728258e-01 3.320518e-02 4.526786e-01 5.900789e-01 2.590468e-01 9.218469e-01 5.281897e-01 3.928674e-01 6.480987e-01 8.995035e-01 4.268276e-01 5.460168e-01 3.082152e-01 
29 407 0 0 0 4.674325e-01 3.453941e-01 7.051677e-01 4.078214e-01 3.159381e-01 7.163045e-01 1.655306e-01 3.698436e-01 3.691870e-01 6.441632e-01 3.449258e-01 8.683142e-02 3.371721e-01 1.171529e-01 9.291180e-01 2.704232e-01 5.044151e-01 2.900166e-01 2.061328e-01 5.699216e-01 2.769766e-01 8.076380e-01 1.374194e-01 4.886095e-01 5.540811e-01 3.506919e-01 9.319668e-01 5.003736e-01 4.191689e-01 6.784130e-01 9.723771e-01 3.880289e-01 5.993510e-01 3.777320e-01 
30 421 0 0 0 4.637155e-01 4.665308e-01 6.172090e-01 3.509518e-01 2.563652e-01 6.374716e-01 2.091170e-01 3.305291e-01 3.790237e-01 5.573746e-01 2.714328e-01 7.705913e-02 3.337536e-01 1.787987e-01 9.426354e-01 2.340953e-01 5.718834e-01 3.051689e-01 1.583959e-01 6.050321e-01 3.179730e-01 7.354333e-01 2.903872e-01 4.924725e-01 5.608114e-01 3.718187e-01 8.816388e-01 5.554527e-01 4.258297e-01 6.434503e-01 9.483381e-01 5.389012e-01 5.174308e-01 2.568505e-01 
31 435 0 0 0 4.224335e-01 4.092128e-01 6.880112e-01 4.067665e-01 2.959681e-01 6.035223e-01 2.514267e-01 2.342129e-01 4.132171e-01 5.470535e-01 2.148423e-01 1.741372e-01 3.156338e-01 1.627278e-01 8.671545e-01 2.934422e-01 5.912356e-01 2.877268e-01 1.687079e-01 4.915529e-01 2.806338e-01 7.886365e-01 2.574538e-01 4.737849e-01 6.231714e-01 3.860846e-01 8.399755e-01 5.552210e-01 4.186839e-01 6.904842e-01 8.424696e-01 5.641118e-01 5.516406e-01 2.895759e-01 
32 449 0 0 0 3.944727e-01 4.118030e-01 6.996375e-01 3.133395e-01 2.331764e-01 5.878256e-01 3.052309e-01 2.265787e-01 4.803638e-01 5.647180e-01 2.244493e-01 1.032949e-01 4.165771e-01 1.522944e-01 8.385839e-01 3.131668e-01 5.560635e-01 2.476052e-01 3.272389e-01 5.839018e-01 3.211279e-01 6.741623e-01 2.096476e-01 5.122530e-01 6.221281e-01 2.836311e-01 8.014897e-01 5.499288e-01 4.942150e-01 6.853375e-01 8.451609e-01 5.929887e-01 5.959998e-01 2.859403e-01 
33 463 0 0 0 3.419936e-01 4.614727e-01 6.359221e-01 2.712994e-01 2.662766e-01 5.952740e-01 3.849278e-01 1.845593e-01 4.571372e-01 5.726942e-01 3.441699e-01 1.513056e-01 3.650201e-01 2.960520e-01 8.881990e-01 3.436396e-01 5.562466e-01 2.469202e-01 4.029748e-01 4.756413e-01 1.161694e-01 7.278069e-01 1.829959e-01 4.718645e-01 6.303429e-01 1.776265e-01 7.230750e-01 6.023209e-01 5.653724e-01 6.302427e-01 8.035553e-01 5.883053e-01 7.350461e-01 3.352822e-01 
34 477 0 0 0 3.549048e-01 5.708304e-01 8.030831e-01 2.991388e-01 2.409812e-01 6.407680e-01 3.281555e-01 1.997810e-01 4.518017e-01 5.651286e-01 1.646551e-01 2.377050e-01 3.958818e-01 2.111517e-01 7.731755e-01 3.465192e-01 5.162076e-01 2.170636e-01 3.770618e-01 5.389761e-01 1.996259e-01 6.344312e-01 1.215708e-01 5.709765e-01 6.539930e-01 1.320911e-01 7.966776e-01 5.202720e-01 6.737487e-01 6.893587e-01 7.987620e-01 5.681164e-01 7.765205e-01 2.468398e-01 
35 491 0 0 0 3.844387e-01 6.057370e-01 7.295674e-01 3.814384e-01 1.959743e-01 6.749776e-01 2.062204e-01 2.559619e-01 3.605164e-01 4.621364e-01 1.796060e-01 3.980065e-01 4.818297e-01 1.404535e-01 5.584564e-01 3.567393e-01 4.697251e-01 1.850135e-01 5.491102e-01 4.929928e-01 1.139956e-01 4.660942e-01 1.588755e-01 5.161140e-01 6.308166e-01 1.094092e-02 7.099826e-01 6.639745e-01 7.259559e-01 7.434429e-01 9.310997e-01 6.324868e-01 7.616314e-01 2.330889e-01 
36 505 0 0 0 4.426348e-01 6.925986e-01 7.784306e-01 4.149999e-01 3.258467e-01 5.782889e-01 1.998641e-01 2.711529e-01 3.562472e-01 3.467656e-01 1.458114e-01 3.458583e-01 6.067669e-01 1.137437e-01 5.265130e-01 5.937140e-01 3.883580e-01 1.227317e-01 5.655596e-01 4.574231e-01 8.346897e-02 4.237760e-01 2.512609e-02 6.904032e-01 5.952238e-01 8.721751e-02 6.404730e-01 7.731108e-01 6.400971e-01 7.037970e-01 7.952927e-01 5.901713e-01 8.028065e-01 3.319166e-01 
37 519 0 0 0 4.527278e-01 7.386184e-01 7.555914e-01 4.202096e-01 2.694200e-01 5.624967e-01 9.133932e-02 2.643556e-01 2.813984e-01 3.248264e-01 2.714995e-01 3.989588e-01 4.921118e-01 1.909258e-01 5.483685e-01 5.317943e-01 4.679685e-01 1.396539e-01 4.804101e-01 4.692495e-01 1.416002e-01 3.069943e-01 1.330414e-01 7.219596e-01 5.644895e-01 1.667168e-01 5.864814e-01 7.898682e-01 5.956740e-01 7.204093e-01 8.096482e-01 5.640789e-01 8.223954e-01 2.654332e-01 
38 533 0 0 0 4.923633e-01 7.710149e-01 6.876594e-01 3.218063e-01 3.800991e-01 6.888312e-01 1.537564e-01 3.500089e-01 2.127769e-01 2.255888e-01 2.905126e-01 4.315298e-01 5.282694e-01 1.745791e-01 5.666780e-01 6.096070e-01 5.632779e-01 2.002568e-01 6.498685e-01 3.894735e-01 1.165215e-01 3.782952e-01 1.634306e-01 4.665739e-01 4.759494e-01 2.034639e-01 6.230045e-01 9.102995e-01 4.843167e-01 6.215248e-01 9.180879e-01 6.807516e-01 7.099440e-01 2.647345e-01 
39 547 0 0 0 4.545199e-01 8.001036e-01 6.350851e-01 4.421332e-01 3.665637e-01 7.678856e-01 1.361144e-01 4.397271e-01 2.043295e-01 2.103947e-01 2.043474e-01 3.602955e-01 5.240865e-01 1.271242e-01 5.815050e-01 7.364963e-01 5.304320e-01 1.313775e-01 5.282057e-01 3.513511e-01 2.044991e-01 4.688082e-01 1.218216e-01 3.511480e-01 4.911068e-01 2.066744e-01 5.771984e-01 8.133749e-01 6.263514e-01 6.729224e-01 9.471689e-01 6.977913e-01 6.792267e-01 4.414266e-01 
40 561 0 0 0 5.733511e-01 7.134026e-01 4.810240e-01 3.285236e-01 5.805853e-01 8.061540e-01 1.210479e-01 3.932793e-01 3.239259e-01 7.514720e-02 3.449149e-01 2.815882e-01 4.881033e-01 1.898671e-01 5.948841e-01 7.717987e-01 4.644439e-01 2.679234e-01 5.646585e-01 3.409480e-01 1.572666e-01 3.777141e-01 2.138660e-01 3.502394e-01 5.337323e-01 3.119166e-01 5.637818e-01 7.985496e-01 6.772796e-01 8.098046e-01 7.503299e-01 6.427380e-01 6.957584e-01 4.275750e-01 
41 575 0 0 0 5.960230e-01 8.823287e-01 4.386454e-01 4.095126e-01 4.358012e-01 7.608511e-01 2.154510e-01 4.049642e-01 4.928909e-01 1.920282e-01 4.875360e-01 2.892240e-01 5.819082e-01 2.229806e-01 5.492351e-01 5.882025e-01 3.766556e-01 2.747780e-01 5.739560e-01 3.989729e-01 3.118999e-01 3.203318e-01 1.718162e-01 3.853810e-01 6.315126e-01 2.584823e-01 6.876564e-01 8.064072e-01 7.299966e-01 7.375663e-01 5.975395e-01 6.559305e-01 6.973023e-01 3.029901e-01 
42 589 0 0 0 5.492339e-01 8.772442e-01 4.452996e-01 4.663445e-01 4.181530e-01 7.862198e-01 1.665561e-01 5.268815e-01 4.599856e-01 2.336068e-01 3.947325e-01 2.897636e-01 4.624518e-01 2.570904e-01 4.185559e-01 6.290663e-01 4.142940e-01 2.120441e-01 5.103280e-01 3.626828e-01 2.686344e-01 3.063869e-01 1.851356e-01 4.496136e-01 4.957607e-01 2.358017e-01 7.687480e-01 8.031796e-01 8.571043e-01 5.975092e-01 5.799353e-01 4.726335e-01 9.048545e-01 4.094582e-01 
43 603 0 0 0 5.131676e-01 8.682931e-01 4.456313e-01 5.029041e-01 2.967353e-01 8.016607e-01 2.089728e-01 5.005873e-01 4.497228e-01 2.488939e-01 3.556001e-01 2.202339e-01 3.423455e-01 2.383891e-01 4.679955e-01 5.881130e-01 5.041606e-01 2.368452e-01 3.530866e-01 4.184911e-01 2.831097e-01 1.882490e-01 1.746061e-01 4.855928e-01 5.544001e-01 2.949974e-01 7.872216e-01 7.905399e-01 7.892415e-01 8.029389e-01 6.806231e-01 5.044897e-01 8.999459e-01 4.008762e-01 
44 617 0 0 0 5.627099e-01 8.467434e-01 5.456442e-01 5.070582e-01 3.382703e-01 7.771159e-01 2.095606e-01 4.939367e-01 4.451106e-01 1.881372e-01 2.928789e-01 2.711974e-01 2.216868e-01 2.937116e-01 5.976047e-01 7.284970e-01 4.894579e-01 1.419251e-01 2.892097e-01 4.144930e-01 2.759353e-01 1.408930e-01 3.066699e-01 4.846692e-01 6.278603e-01 4.039306e-01 8.534513e-01 8.504809e-01 7.661350e-01 7.234324e-01 6.784003e-01 5.568178e-01 8.831467e-01 3.188564e-01 
45 631 0 0 0 6.155157e-01 8.192686e-01 5.956789e-01 6.611236e-01 3.702281e-01 7.607907e-01 2.073951e-01 5.271315e-01 5.147660e-01 1.238769e-01 3.797108e-01 2.947293e-01 3.180673e-01 1.844781e-01 6.538302e-01 7.366690e-01 5.105569e-01 2.061460e-01 2.483720e-01 3.731097e-01 2.992351e-01 1.801961e-01 3.758098e-01 4.717214e-01 7.188057e-01 4.119623e-01 8.641008e-01 8.018615e-01 7.979223e-01 7.583745e-01 6.950660e-01 6.326967e-01 8.964782e-01 2.973799e-01 
46 645 0 0 0 6.955804e-01 8.530622e-01 6.051382e-01 5.236730e-01 3.444946e-01 8.078848e-01 2.688656e-01 4.805901e-01 5.722009e-01 2.664510e-01 5.125586e-01 2.638233e-01 3.110222e-01 2.281096e-01 6.163416e-01 8.083342e-01 5.052980e-01 1.831827e-01 2.862187e-01 2.943397e-01 3.509135e-01 2.330444e-01 4.188860e-01 4.819983e-01 7.909785e-01 5.135276e-01 9.578698e-01 8.254321e-01 8.169434e-01 7.746237e-01 7.207881e-01 7.453847e-01 8.283754e-01 2.624703e-01 
47 659 0 0 0 7.326576e-01 7.793365e-01 4.845279e-01 4.465826e-01 2.837478e-01 6.415576e-01 2.795630e-01 4.226710e-01 5.095523e-01 3.565107e-01 5.199485e-01 2.324069e-01 3.192618e-01 2.534911e-01 6.496357e-01 7.326088e-01 6.029448e-01 1.891710e-01 3.532839e-01 1.951860e-01 3.295632e-01 3.116667e-01 4.226265e-01 3.957276e-01 6.495638e-01 5.909741e-01 8.213642e-01 8.769352e-01 8.362590e-01 7.687942e-01 6.314873e-01 6.822210e-01 7.854985e-01 2.308574e-01 
48 673 0 0 0 6.768794e-01 7.915068e-01 4.867310e-01 4.526062e-01 1.824563e-01 5.056901e-01 2.507930e-01 4.075382e-01 6.047836e-01 3.634846e-01 4.359041e-01 2.568958e-01 3.456586e-01 1.936589e-01 6.460737e-01 7.164895e-01 6.263445e-01 2.631830e-01 3.181355e-01 2.265673e-01 3.231805e-01 3.383762e-01 4.743497e-01 5.030783e-01 4.992560e-01 5.486401e-01 8.018681e-01 8.622742e-01 8.440909e-01 7.566539e-01 5.546842e-01 6.505863e-01 7.495485e-01 2.090003e-01 
49 687 0 0 0 6.560992e-01 8.017096e-01 4.117966e-01 4.128527e-01 2.213646e-01 4.317358e-01 1.859939e-01 2.348838e-01 6.503922e-01 3.909776e-01 4.515556e-01 2.389359e-01 3.007642e-01 2.154976e-01 6.637589e-01 8.426506e-01 6.239594e-01 2.466948e-01 3.389913e-01 2.334870e-01 2.730587e-01 3.455822e-01 4.900499e-01 4.406705e-01 5.964535e-01 4.622385e-01 8.103189e-01 9.224134e-01 7.791830e-01 7.642532e-01 5.624502e-01 6.592002e-01 7.126762e-01 1.667130e-01 
50 701 0 0 0 6.267851e-01 8.500991e-01 4.584025e-01 4.634372e-01 1.683152e-01 4.310472e-01 3.095528e-01 1.645362e-01 6.691123e-01 3.666638e-01 4.684589e-01 2.804589e-01 1.977093e-01 2.602262e-01 6.788870e-01 8.370239e-01 6.478434e-01 2.654547e-01 3.006856e-01 2.193064e-01 2.170210e-01 3.945671e-01 4.464384e-01 4.113199e-01 5.093436e-01 6.007128e-01 7.407188e-01 8.544083e-01 7.193091e-01 7.763451e-01 5.686711e-01 6.879015e-01 6.657683e-01 1.153819e-01 
51 715 0 0 0 5.830875e-01 8.463114e-01 5.040405e-01 4.876467e-01 2.218859e-01 4.779486e-01 3.707918e-01 2.271371e-01 7.282306e-01 3.722141e-01 4.377924e-01 1.969709e-01 1.972889e-01 2.718360e-01 6.962019e-01 8.872013e-01 6.521969e-01 3.272061e-01 2.717763e-01 2.668367e-01 1.803203e-01 4.840016e-01 4.334108e-01 4.300577e-01 4.939236e-01 5.122887e-01 7.700723e-01 8.615365e-01 7.204805e-01 8.173377e-01 5.682857e-01 6.641721e-01 6.617826e-01 1.192043e-01 
52 729 0 0 0 5.895905e-01 8.157522e-01 3.762668e-01 4.765336e-01 2.787837e-01 5.765211e-01 4.082498e-01 2.613743e-01 7.092640e-01 2.951190e-01 4.823984e-01 1.445358e-01 2.319660e-01 1.577450e-01 6.011537e-01 8.256752e-01 6.005515e-01 3.779842e-01 2.798862e-01 3.055589e-01 1.638915e-01 5.832133e-01 4.862795e-01 2.923244e-01 6.968597e-01 6.722220e-01 7.152346e-01 9.530608e-01 7.665923e-01 8.062770e-01 6.256710e-01 6.362175e-01 7.063323e-01 1.155797e-01 
53 743 0 0 0 4.515633e-01 8.993768e-01 5.091371e-01 3.508124e-01 3.076774e-01 7.214019e-01 4.622245e-01 2.888810e-01 7.633370e-01 3.002603e-01 4.856959e-01 1.951279e-01 2.509834e-01 1.591228e-01 4.557495e-01 6.640405e-01 5.144591e-01 2.222624e-01 1.487375e-01 2.253449e-01 2.196952e-01 5.199179e-01 4.844169e-01 4.416686e-01 7.548598e-01 5.754135e-01 6.766706e-01 8.165095e-01 8.048693e-01 6.628247e-01 6.482069e-01 7.397313e-01 7.847410e-01 2.086314e-01 
54 757 0 0 0 4.848334e-01 9.240562e-01 4.223616e-01 3.822815e-01 3.786975e-01 8.676963e-01 5.812426e-01 2.442434e-01 7.462592e-01 4.689318e-01 5.335133e-01 1.615317e-01 1.874337e-01 2.020712e-01 6.338865e-01 6.744835e-01 5.159132e-01 1.738664e-01 2.565047e-01 1.628530e-01 1.864198e-01 5.151595e-01 5.738595e-01 4.078362e-01 7.411678e-01 6.416701e-01 6.878067e-01 8.354657e-01 7.802238e-01 7.467728e-01 7.830457e-01 8.348269e-01 8.005401e-01 2.203830e-01 
55 771 0 0 0 5.653271e-01 8.092171e-01 5.509052e-01 3.301473e-01 3.205935e-01 7.461564e-01 5.850358e-01 3.816984e-01 8.018622e-01 4.665107e-01 5.477078e-01 1.499416e-01 2.814881e-01 1.948771e-01 6.956354e-01 6.724968e-01 5.132747e-01 2.403968e-01 1.836370e-01 3.136928e-01 1.188508e-01 4.976003e-01 5.460042e-01 5.623226e-01 7.502620e-01 8.491288e-01 7.318199e-01 8.454391e-01 8.611544e-01 7.141196e-01 7.347651e-01 8.039512e-01 8.562339e-01 3.052644e-01 
56 785 0 0 0 6.105083e-01 8.661288e-01 5.354271e-01 3.268110e-01 3.315098e-01 8.326820e-01 6.220981e-01 5.218951e-01 7.555946e-01 3.972093e-01 5.254204e-01 1.754802e-01 2.607598e-01 1.512649e-01 7.399317e-01 7.002262e-01 6.656841e-01 3.598478e-01 3.080611e-01 3.466552e-01 1.281716e-01 7.092594e-01 6.172855e-01 5.210116e-01 7.281488e-01 8.265482e-01 7.879877e-01 8.831803e-01 7.945326e-01 7.982752e-01 6.851263e-01 8.058505e-01 8.464454e-01 2.489128e-01 
57 799 0 0 0 6.121543e-01 8.245606e-01 6.267340e-01 2.075282e-01 3.875067e-01 9.221186e-01 6.815994e-01 5.759195e-01 7.660474e-01 3.621934e-01 6.635268e-01 2.101748e-01 3.048240e-01 7.305664e-02 6.610459e-01 8.145844e-01 6.223631e-01 4.874733e-01 3.903418e-01 3.439736e-01 1.195894e-01 7.142340e-01 5.115769e-01 6.340459e-01 6.734212e-01 9.184208e-01 8.411679e-01 8.771548e-01 8.365614e-01 7.929194e-01 6.564310e-01 7.216094e-01 9.242364e-01 2.141137e-01 
58 813 0 0 0 4.930333e-01 7.466018e-01 6.938127e-01 1.985111e-01 4.090180e-01 9.199833e-01 6.564417e-01 4.384668e-01 7.102763e-01 5.214213e-01 6.476437e-01 2.448303e-01 3.207170e-01 1.474898e-02 7.875571e-01 7.353230e-01 6.071018e-01 4.164434e-01 3.696447e-01 2.289685e-01 2.064201e-01 7.744885e-01 5.078888e-01 6.134017e-01 7.003656e-01 8.585578e-01 8.222481e-01 7.782874e-01 8.396776e-01 6.797403e-01 6.568653e-01 6.418587e-01 8.416592e-01 2.799137e-01 
59 827 0 0 0 4.544257e-01 7.737580e-01 8.106956e-01 2.931855e-01 4.258621e-01 9.881581e-01 6.486464e-01 4.643569e-01 7.674481e-01 5.291923e-01 6.174828e-01 1.815339e-01 2.661540e-01 1.203713e-01 8.086855e-01 7.752402e-01 5.235716e-01 2.787664e-01 4.088228e-01 8.097152e-02 1.694489e-01 7.612604e-01 4.953956e-01 6.352723e-01 7.192653e-01 9.462606e-01 7.561620e-01 7.533427e-01 8.084857e-01 8.130831e-01 7.407725e-01 6.898711e-01 8.827929e-01 1.115745e-01 
60 841 0 0 0 5.055429e-01 7.753886e-01 8.413731e-01 2.910618e-01 3.418968e-01 9.458790e-01 6.147655e-01 5.147024e-01 7.433689e-01 5.679023e-01 6.711628e-01 1.228869e-01 3.970228e-01 1.056379e-01 7.867592e-01 7.117535e-01 4.727358e-01 2.358544e-01 4.683054e-01 3.882967e-02 1.298416e-01 7.475420e-01 5.035318e-01 6.001546e-01 6.986270e-01 9.456875e-01 6.986467e-01 7.514233e-01 6.835795e-01 7.234845e-01 7.399525e-01 6.882963e-01 8.938030e-01 8.350057e-02 
61 855 0 0 0 4.756330e-01 7.154235e-01 9.117014e-01 2.661590e-01 3.557375e-01 8.960504e-01 6.941885e-01 5.653935e-01 7.461516e-01 6.500877e-01 6.753653e-01 1.353591e-01 4.559941e-01 2.109919e-01 8.422560e-01 8.644611e-01 4.624122e-01 3.382534e-01 5.565095e-01 1.965163e-01 2.255536e-01 7.259585e-01 3.980880e-01 6.340502e-01 7.070804e-01 9.480522e-01 7.978088e-01 7.690485e-01 7.400765e-01 6.894097e-01 6.416420e-01 8.185696e-01 9.024625e-01 1.683363e-02 
62 869 0 0 0 4.422288e-01 7.538766e-01 8.185348e-01 3.039873e-01 3.288583e-01 9.736341e-01 7.313055e-01 6.146283e-01 6.844238e-01 6.119800e-01 7.174509e-01 8.532730e-02 4.067316e-01 1.381023e-01 8.410755e-01 9.162669e-01 4.215593e-01 2.973394e-01 6.210289e-01 2.208290e-01 1.929845e-01 6.764033e-01 3.606932e-01 6.989359e-01 7.203389e-01 9.833425e-01 7.825482e-01 7.243222e-01 8.397387e-01 7.928457e-01 5.625202e-01 8.235516e-01 7.851506e-01 8.660292e-02 
63 883 0 0 0 3.697525e-01 7.065062e-01 7.632339e-01 3.338707e-01 2.420144e-01 9.071343e-01 7.030680e-01 6.552212e-01 7.758458e-01 5.498361e-01 8.285878e-01 1.446214e-01 3.299325e-01 1.497518e-01 8.541259e-01 8.776098e-01 3.882319e-01 3.344029e-01 6.236323e-01 1.190479e-01 2.612604e-01 5.989176e-01 3.560555e-01 5.162919e-01 7.317309e-01 9.535533e-01 6.516341e-01 7.312664e-01 8.744982e-01 8.265748e-01 5.508919e-01 8.378145e-01 7.908776e-01 3.795535e-02 
64 897 0 0 0 2.690563e-01 7.196627e-01 8.520474e-01 2.971267e-01 2.352441e-01 8.691841e-01 6.098172e-01 6.837697e-01 7.222657e-01 6.322680e-01 8.807369e-01 2.627324e-01 4.063242e-01 1.164626e-01 8.100805e-01 8.427183e-01 2.932910e-01 2.342478e-01 5.393780e-01 2.025782e-01 3.517203e-01 5.431976e-01 3.639668e-01 5.737143e-01 6.912549e-01 8.866439e-01 6.679003e-01 6.812401e-01 9.034246e-01 8.620025e-01 5.910303e-01 7.470670e-01 8.412323e-01 1.069188e-01 
65 911 0 0 0 1.970945e-01 7.271030e-01 7.340458e-01 3.630475e-01 1.877311e-01 8.267591e-01 6.811170e-01 7.356462e-01 6.494219e-01 7.273047e-01 7.980525e-01 1.760710e-01 4.498756e-01 1.579409e-01 7.993066e-01 8.985456e-01 3.024865e-01 2.558925e-01 4.833956e-01 1.901160e-01 4.276550e-01 5.136864e-01 2.469437e-01 6.445764e-01 6.857465e-01 9.031170e-01 6.893135e-01 6.209272e-01 9.327599e-01 8.992406e-01 6.858727e-01 7.469251e-01 8.111155e-01 8.689474e-02 
66 925 0 0 0 1.728156e-01 7.008991e-01 8.383783e-01 4.775906e-01 8.813553e-02 8.068903e-01 7.215295e-01 6.524261e-01 5.994223e-01 6.913628e-01 7.575452e-01 1.653026e-01 4.351917e-01 2.637937e-01 8.736011e-01 8.156669e-01 3.631569e-01 3.381425e-01 5.228662e-01 2.904429e-01 4.763702e-01 5.587910e-01 2.139888e-01 6.516600e-01 7.002258e-01 8.852432e-01 6.613035e-01 6.794470e-01 8.501632e-01 8.477981e-01 7.585125e-01 7.471038e-01 8.321836e-01 1.176798e-01 
67 939 0 0 0 1.717318e-01 7.071784e-01 7.802654e-01 4.804283e-01 1.359012e-01 8.152066e-01 7.424266e-01 6.493304e-01 6.544751e-01 8.352940e-01 8.090896e-01 1.778560e-01 3.721767e-01 2.923067e-01 8.704892e-01 8.092618e-01 2.809019e-01 2.984736e-01 4.255511e-01 2.127858e-01 5.754154e-01 6.149873e-01 1.979205e-01 6.885480e-01 5.943121e-01 8.681804e-01 6.749858e-01 6.494692e-01 8.366529e-01 8.722098e-01 7.679379e-01 8.706075e-01 8.228058e-01 8.574322e-02 
68 953 0 0 0 1.760611e-01 7.371986e-01 7.728419e-01 5.277371e-01 1.851103e-01 9.030457e-01 6.085359e-01 6.759750e-01 6.032172e-01 7.526240e-01 7.279826e-01 1.700586e-01 3.214929e-01 3.262130e-01 8.423214e-01 7.730819e-01 3.552793e-01 2.327408e-01 3.191127e-01 2.420915e-01 5.762241e-01 6.076450e-01 1.448668e-01 7.702162e-01 5.796324e-01 8.148523e-01 6.871464e-01 5.171669e-01 8.523818e-01 9.070645e-01 7.250170e-01 8.472788e-01 7.879664e-01 1.453584e-01 
69 967 0 0 0 2.097731e-01 7.556487e-01 7.074331e-01 4.660765e-01 1.171157e-01 8.389500e-01 6.098834e-01 7.088246e-01 5.915837e-01 7.406891e-01 7.335081e-01 1.774866e-01 3.570688e-01 3.399703e-01 8.692536e-01 6.628237e-01 3.748205e-01 2.641337e-01 3.563792e-01 2.483312e-01 6.030870e-01 5.800337e-01 1.805483e-01 7.894592e-01 5.745874e-01 7.674024e-01 7.194140e-01 5.324509e-01 8.412691e-01 8.910120e-01 7.779461e-01 8.601913e-01 7.819814e-01 9.192192e-02 
70 981 0 0 0 1.937589e-01 6.845842e-01 7.330902e-01 4.682767e-01 1.277491e-01 8.468181e-01 6.967681e-01 7.735296e-01 6.687606e-01 6.397378e-01 6.505211e-01 2.092593e-01 4.032292e-01 2.811893e-01 8.552952e-01 7.098841e-01 2.721357e-01 2.593602e-01 3.491659e-01 1.972838e-01 6.588916e-01 6.093176e-01 2.059572e-01 7.027205e-01 5.437880e-01 8.971102e-01 7.094853e-01 5.809321e-01 8.572815e-01 9.182884e-01 7.693806e-01 8.412074e-01 7.195087e-01 1.034958e-01 
71 995 0 0 0 3.924316e-01 7.475212e-01 8.237347e-01 4.246874e-01 1.780116e-01 7.952915e-01 5.825607e-01 7.814325e-01 6.369655e-01 6.314570e-01 6.502736e-01 1.981090e-01 4.714506e-01 2.367507e-01 8.728364e-01 7.873672e-01 3.064841e-01 2.803699e-01 3.146584e-01 1.600651e-01 6.304066e-01 5.318895e-01 2.539214e-01 7.128374e-01 5.173162e-01 8.064884e-01 6.580474e-01 5.699049e-01 7.850133e-01 8.973467e-01 7.447846e-01 8.276369e-01 7.774934e-01 1.163824e-01 
72 1009 0 0 0 4.456229e-01 7.895658e-01 8.308357e-01 3.466083e-01 2.189651e-01 8.038387e-01 6.192423e-01 7.252716e-01 6.026721e-01 6.316564e-01 6.020414e-01 2.859780e-01 5.795725e-01 2.086168e-01 7.980340e-01 7.661581e-01 3.097614e-01 2.973974e-01 3.021361e-01 1.962464e-01 5.619928e-01 5.330573e-01 2.180600e-01 6.493350e-01 5.582585e-01 8.353260e-01 6.368436e-01 5.709569e-01 7.891676e-01 8.993518e-01 7.609640e-01 8.499587e-01 7.514060e-01 1.688054e-01 
73 1023 0 0 0 4.104299e-01 7.257948e-01 8.390033e-01 3.584869e-01 2.819599e-01 9.031306e-01 6.186621e-01 6.805572e-01 5.979850e-01 6.141665e-01 5.531232e-01 3.292372e-01 6.184962e-01 2.055905e-01 8.435326e-01 7.986419e-01 3.311922e-01 2.533212e-01 2.840486e-01 1.991455e-01 4.735799e-01 5.484657e-01 2.316070e-01 6.003236e-01 5.517228e-01 8.130291e-01 6.475392e-01 5.882983e-01 9.082058e-01 8.337578e-01 6.961799e-01 7.681673e-01 7.101604e-01 1.796716e-01 
74 1037 0 0 0 5.092711e-01 8.110918e-01 8.009416e-01 4.089084e-01 3.020974e-01 8.349130e-01 6.283765e-01 5.719356e-01 5.055282e-01 5.070306e-01 4.669753e-01 2.880132e-01 5.742539e-01 1.712395e-01 7.466068e-01 8.046482e-01 3.480558e-01 2.146615e-01 3.763890e-01 2.175625e-01 5.328481e-01 6.014591e-01 2.376355e-01 6.201990e-01 6.608911e-01 6.851532e-01 6.132586e-01 5.428656e-01 9.278959e-01 8.327597e-01 6.736699e-01 8.413504e-01 6.232086e-01 1.322514e-01 
75 1051 0 0 0 4.942193e-01 7.918149e-01 7.414680e-01 3.291617e-01 2.808912e-01 7.169904e-01 5.991287e-01 4.771425e-01 3.716900e-01 5.020684e-01 6.056667e-01 3.078463e-01 6.913333e-01 1.719778e-01 6.771924e-01 8.538036e-01 4.392959e-01 2.265944e-01 3.383965e-01 2.374801e-01 6.730759e-01 5.805757e-01 2.517354e-01 5.958893e-01 5.869938e-01 7.055896e-01 5.550923e-01 5.101543e-01 8.666645e-01 8.336373e-01 6.077752e-01 8.406929e-01 5.694649e-01 1.698629e-01 
76 1065 0 0 0 5.102255e-01 7.608032e-01 7.776266e-01 2.961242e-01 2.876258e-01 8.051048e-01 6.390922e-01 5.288505e-01 4.427176e-01 4.665911e-01 5.552943e-01 2.684958e-01 7.618293e-01 2.132926e-01 7.857094e-01 8.108385e-01 4.205985e-01 2.624389e-01 3.358737e-01 3.716974e-01 7.328137e-01 5.754910e-01 2.014724e-01 6.867470e-01 5.381337e-01 6.062896e-01 4.917136e-01 4.407784e-01 8.400837e-01 7.604971e-01 6.885715e-01 7.322352e-01 6.011972e-01 1.162596e-01 
77 1079 0 0 0 6.288158e-01 8.270745e-01 6.541910e-01 2.135856e-01 3.341929e-01 8.124077e-01 5.852389e-01 3.856900e-01 2.715669e-01 6.052952e-01 3.094186e-01 4.013515e-01 7.392067e-01 2.728799e-01 7.360357e-01 6.957736e-01 3.332457e-01 1.917705e-01 4.545595e-01 4.839884e-01 6.701778e-01 6.283535e-01 3.208097e-01 6.496521e-01 6.432613e-01 6.528388e-01 4.453839e-01 3.998521e-01 7.892123e-01 5.262446e-01 7.654833e-01 6.432420e-01 5.570140e-01 2.128274e-01 
78 1093 0 0 0 6.959904e-01 7.624333e-01 6.372798e-01 2.346186e-01 3.250315e-01 8.757658e-01 4.705507e-01 4.364123e-01 4.752763e-01 5.914441e-01 4.438706e-01 3.589409e-01 7.331255e-01 2.480987e-01 6.299428e-01 7.077835e-01 3.144077e-01 5.615704e-02 5.651964e-01 3.983006e-01 5.927556e-01 7.082938e-01 3.165547e-01 6.585109e-01 6.714465e-01 6.672177e-01 6.047445e-01 3.966968e-01 7.558386e-01 4.691830e-01 7.322825e-01 5.712100e-01 6.486615e-01 2.955784e-01 
79 1107 0 0 0 6.982488e-01 8.313547e-01 7.329526e-01 2.268952e-01 2.606662e-01 7.997781e-01 3.947066e-01 4.431110e-01 3.033147e-01 4.612082e-01 2.559782e-01 2.562213e-01 7.263863e-01 3.742112e-01 7.131452e-01 4.973840e-01 4.020883e-01 1.093276e-01 6.531693e-01 3.999540e-01 6.689836e-01 6.327545e-01 3.601789e-01 6.323867e-01 7.004236e-01 7.204988e-01 5.959668e-01 5.304062e-01 8.152680e-01 4.629795e-01 6.517110e-01 5.622525e-01 7.095234e-01 2.850974e-01 
80 1121 0 0 0 5.589178e-01 7.668185e-01 6.796924e-01 3.133468e-01 2.353158e-01 7.740222e-01 5.463035e-01 4.180926e-01 4.433742e-01 4.340478e-01 1.814621e-01 2.459076e-01 5.155630e-01 3.452596e-01 7.986737e-01 4.415692e-01 4.070613e-01 1.943142e-01 7.308567e-01 2.779923e-01 8.258125e-01 6.501238e-01 4.948278e-01 6.564808e-01 6.607997e-01 6.732367e-01 6.206523e-01 5.488564e-01 8.038224e-01 4.799405e-01 4.575083e-01 6.063258e-01 7.219519e-01 2.604168e-01 
81 1135 0 0 0 6.158828e-01 7.548036e-01 6.539383e-01 5.363154e-01 2.169129e-01 8.892224e-01 7.021583e-01 3.052493e-01 4.903836e-01 5.165500e-01 6.337423e-02 2.926378e-01 4.611253e-01 2.603711e-01 8.672286e-01 5.020141e-01 5.199706e-01 2.398644e-01 7.600067e-01 2.805626e-01 7.776592e-01 6.234944e-01 5.314989e-01 5.547279e-01 7.106438e-01 7.927812e-01 7.213785e-01 4.276636e-01 8.370405e-01 4.820469e-01 4.250555e-01 5.460352e-01 6.491310e-01 1.738574e-01 
82 1149 0 0 0 4.909997e-01 6.500050e-01 7.218450e-01 5.478782e-01 2.307148e-01 8.475356e-01 8.544577e-01 2.389083e-01 4.291429e-01 5.369316e-01 2.007078e-01 2.460818e-01 4.656256e-01 2.122365e-01 9.278606e-01 5.266351e-01 6.306729e-01 3.325661e-01 7.467612e-01 3.506331e-01 7.843659e-01 7.162352e-01 5.414696e-01 6.278578e-01 6.805622e-01 8.499299e-01 6.065538e-01 4.833106e-01 8.193077e-01 5.827228e-01 4.750181e-01 5.156164e-01 5.749276e-01 2.226819e-01 
83 1163 0 0 0 6.128535e-01 7.051110e-01 7.759299e-01 5.261811e-01 3.432077e-01 8.182670e-01 8.113292e-01 2.404804e-01 4.167629e-01 5.288714e-01 2.711187e-01 2.539339e-01 4.932864e-01 2.098975e-01 8.729106e-01 5.268735e-01 6.022095e-01 2.322884e-01 6.560696e-01 4.225398e-01 6.988299e-01 7.133229e-01 6.073016e-01 7.873700e-01 5.106928e-01 8.753701e-01 6.887892e-01 4.153828e-01 6.030215e-01 5.244410e-01 5.919305e-01 4.487883e-01 5.509525e-01 2.569643e-01 
84 1177 0 0 0 4.825816e-01 7.625111e-01 7.771962e-01 5.168247e-01 3.182045e-01 8.799516e-01 8.284048e-01 1.881646e-01 3.470460e-01 4.448769e-01 2.861382e-01 3.665065e-01 6.966683e-01 1.351421e-01 7.598872e-01 6.626923e-01 5.741444e-01 2.315840e-01 6.678179e-01 3.984038e-01 6.814348e-01 6.861525e-01 4.209303e-01 7.822792e-01 4.399817e-01 8.641738e-01 6.511877e-01 4.676009e-01 6.649596e-01 4.566290e-01 5.172257e-01 4.047856e-01 5.459880e-01 2.291343e-01 
85 1191 0 0 0 5.977501e-01 6.974143e-01 6.967892e-01 5.643718e-01 4.060352e-01 9.151406e-01 7.630558e-01 2.935054e-01 3.023954e-01 4.737743e-01 1.381064e-01 4.108513e-01 6.133538e-01 1.639182e-01 7.146583e-01 6.478196e-01 5.808862e-01 2.973758e-01 5.902437e-01 4.136101e-01 6.472391e-01 7.745558e-01 4.121414e-01 8.348311e-01 5.336621e-01 8.971956e-01 6.734667e-01 4.968539e-01 6.296643e-01 3.790406e-01 4.867622e-01 3.417883e-01 6.598832e-01 2.635734e-01 
86 1205 0 0 0 6.489662e-01 7.148434e-01 6.236252e-01 4.267923e-01 4.411077e-01 9.173180e-01 6.712492e-01 2.300105e-01 2.142497e-01 4.823154e-01 2.009664e-01 4.692053e-01 6.268858e-01 2.405262e-01 7.036035e-01 6.483921e-01 6.149054e-01 2.985017e-01 6.321132e-01 4.041445e-01 5.723774e-01 7.160113e-01 3.709011e-01 7.809722e-01 5.923310e-01 8.534088e-01 6.124249e-01 3.490229e-01 5.947886e-01 3.222781e-01 4.887397e-01 3.704506e-01 6.252904e-01 2.182582e-01 
87 1219 0 0 0 6.157064e-01 6.643359e-01 6.559914e-01 4.868060e-01 5.040390e-01 9.592119e-01 7.138873e-01 1.610011e-01 2.901748e-01 5.275058e-01 2.229018e-01 4.618614e-01 5.665353e-01 1.608198e-01 6.755696e-01 6.353165e-01 6.995615e-01 1.853332e-01 6.329276e-01 4.894615e-01 4.592778e-01 5.930446e-01 4.078718e-01 7.326201e-01 5.645386e-01 8.835856e-01 7.468773e-01 3.941624e-01 6.774853e-01 2.982472e-01 4.635475e-01 4.719094e-01 5.790377e-01 1.373417e-01 
88 1233 0 0 0 6.766120e-01 7.462936e-01 7.385840e-01 4.254716e-01 6.520073e-01 8.657046e-01 7.808180e-01 1.417728e-01 2.836278e-01 6.552889e-01 2.310283e-01 4.760864e-01 5.658955e-01 1.926119e-01 6.423411e-01 6.454945e-01 7.475026e-01 2.818609e-01 7.240930e-01 4.154648e-01 4.190783e-01 7.026635e-01 3.985276e-01 6.641798e-01 5.431241e-01 7.867348e-01 7.155693e-01 3.579026e-01 6.178830e-01 2.324002e-01 4.659278e-01 3.765549e-01 4.982395e-01 1.527174e-01 
89 1247 0 0 0 6.253997e-01 7.081916e-01 7.125081e-01 3.710092e-01 6.741732e-01 8.477223e-01 7.543601e-01 3.025971e-01 3.606295e-01 6.761269e-01 3.588709e-01 4.930973e-01 5.298740e-01 2.491397e-01 4.856719e-01 7.016260e-01 8.361944e-01 2.368905e-01 6.976558e-01 3.923842e-01 2.989039e-01 6.579460e-01 3.465841e-01 6.761369e-01 4.874011e-01 7.092659e-01 6.694790e-01 2.915204e-01 6.088109e-01 1.924485e-01 6.297348e-01 4.049488e-01 5.549974e-01 1.590199e-01 
90 1261 0 0 0 5.613183e-01 8.238080e-01 7.326358e-01 3.667863e-01 6.378598e-01 7.305854e-01 7.383352e-01 3.194334e-01 3.467303e-01 6.332752e-01 2.782606e-01 3.569612e-01 5.069291e-01 3.039878e-01 3.534434e-01 7.451677e-01 8.116341e-01 1.353160e-01 6.140975e-01 4.225358e-01 4.760714e-01 5.927088e-01 3.344250e-01 7.102194e-01 4.699179e-01 7.169378e-01 5.543802e-01 2.504235e-01 5.931166e-01 1.111903e-01 4.566258e-01 3.952070e-01 4.647188e-01 9.674486e-02 
91 1275 0 0 0 7.140488e-01 7.678164e-01 7.894943e-01 3.137044e-01 6.592208e-01 7.156787e-01 6.110943e-01 2.265223e-01 4.928866e-01 4.841947e-01 3.485176e-01 4.235428e-01 6.329244e-01 2.035540e-01 2.833076e-01 6.448007e-01 7.147662e-01 5.534121e-02 6.190317e-01 4.100793e-01 4.682650e-01 2.335525e-01 2.886305e-01 7.223010e-01 5.727254e-01 6.159305e-01 4.059781e-01 2.042366e-01 6.551095e-01 1.612755e-01 5.483307e-01 4.245360e-01 4.490261e-01 1.452389e-01 
92 1289 0 0 0 7.751103e-01 7.365846e-01 6.998954e-01 2.450987e-01 6.277170e-01 6.826098e-01 6.992239e-01 1.647369e-01 4.929741e-01 3.992622e-01 3.263997e-01 4.254607e-01 8.502619e-01 3.635994e-01 3.328356e-01 5.915725e-01 7.475790e-01 1.262137e-01 4.386138e-01 4.608395e-01 4.507338e-01 2.789530e-01 4.303853e-01 7.506018e-01 5.593687e-01 6.187165e-01 4.336549e-01 2.873281e-01 7.248102e-01 1.008276e-01 4.201068e-01 3.909848e-01 3.892977e-01 2.208828e-01 
93 1303 0 0 0 8.483922e-01 5.442774e-01 6.318463e-01 1.893627e-01 6.594538e-01 6.252216e-01 5.954569e-01 1.779242e-01 4.937036e-01 3.456816e-01 2.334741e-01 3.250420e-01 7.496639e-01 4.618877e-01 3.781136e-01 5.872393e-01 7.359578e-01 9.166434e-02 5.278650e-01 5.060343e-01 3.475530e-01 3.570426e-01 3.586437e-01 6.379269e-01 5.314994e-01 4.973273e-01 4.468488e-01 4.212688e-01 5.775530e-01 1.105695e-01 5.703821e-01 3.386293e-01 3.816413e-01 3.306150e-01 
94 1317 0 0 0 8.445161e-01 3.867766e-01 8.277111e-01 1.801409e-01 6.200719e-01 6.328596e-01 4.928356e-01 1.098049e-01 4.633607e-01 3.435625e-01 1.093222e-01 4.058321e-01 6.989931e-01 3.913744e-01 2.928678e-01 5.089493e-01 8.678650e-01 8.442712e-02 4.598191e-01 6.804143e-01 2.765641e-01 4.267977e-01 3.257987e-01 6.994020e-01 5.444234e-01 6.014150e-01 4.106687e-01 4.977801e-01 6.172466e-01 2.170593e-01 5.475788e-01 3.229183e-01 3.576016e-01 2.617680e-01 
95 1331 0 0 0 7.153038e-01 3.789890e-01 7.536266e-01 1.839769e-01 6.079247e-01 6.221813e-01 5.288592e-01 1.720614e-01 4.782054e-01 4.484658e-01 6.613352e-02 4.250538e-01 7.919925e-01 4.417337e-01 2.603762e-01 5.533336e-01 6.282019e-01 2.155742e-01 4.345439e-01 6.543461e-01 2.608254e-01 3.028756e-01 3.155116e-01 6.801021e-01 4.889568e-01 6.680039e-01 3.994504e-01 5.125513e-01 6.110897e-01 2.050278e-01 5.270835e-01 3.156201e-01 3.479617e-01 3.667499e-01 
96 1345 0 0 0 7.237761e-01 3.355005e-01 7.859170e-01 3.476768e-01 5.569190e-01 8.169758e-01 5.635588e-01 2.196182e-01 3.945838e-01 5.496945e-01 1.437456e-01 4.239019e-01 7.616857e-01 4.266033e-01 3.661944e-01 5.704480e-01 7.206086e-01 3.258198e-01 5.314805e-01 5.801986e-01 2.553920e-01 3.822883e-01 1.989448e-01 6.950658e-01 4.644197e-01 7.347701e-01 4.619035e-01 4.972872e-01 6.455927e-01 2.608206e-01 5.594955e-01 1.270738e-01 2.557731e-01 3.956154e-01 
97 1359 0 0 0 7.798970e-01 4.391819e-01 7.750493e-01 3.216668e-01 4.760795e-01 7.820125e-01 6.106219e-01 2.684998e-01 3.582223e-01 7.496713e-01 1.610194e-01 3.546608e-01 8.849215e-01 4.984296e-01 2.909802e-01 4.604547e-01 7.724499e-01 2.998718e-01 6.311364e-01 4.711755e-01 3.099471e-01 4.463594e-01 1.909545e-01 7.719733e-01 4.061171e-01 6.795395e-01 4.123921e-01 4.948700e-01 6.986694e-01 4.131666e-01 5.986611e-01 1.602450e-01 1.817056e-01 3.735475e-01 
98 1373 0 0 0 8.285783e-01 5.071967e-01 6.425594e-01 2.124028e-01 3.836370e-01 6.929351e-01 5.434925e-01 2.035593e-01 3.981315e-01 7.203739e-01 2.060190e-01 3.840950e-01 9.507875e-01 5.283339e-01 2.141916e-01 5.124756e-01 7.019009e-01 1.200016e-01 7.545020e-01 4.489668e-01 2.929473e-01 4.833230e-01 1.861194e-01 6.984408e-01 4.325228e-01 6.552728e-01 4.476742e-01 4.706615e-01 7.254269e-01 3.811706e-01 6.811106e-01 1.537795e-01 1.470492e-01 3.638628e-01 
99 1387 0 0 0 8.648455e-01 5.023304e-01 5.184311e-01 1.957879e-01 5.356655e-01 7.228812e-01 5.567016e-01 2.114460e-01 4.015013e-01 7.423250e-01 2.551848e-01 2.967342e-01 8.959262e-01 6.805138e-01 3.476887e-01 5.752947e-01 7.178751e-01 1.564089e-01 6.874749e-01 5.226871e-01 4.412591e-01 4.756192e-01 2.133283e-01 6.385215e-01 4.972218e-01 6.700738e-01 5.519063e-01 5.671081e-01 6.591097e-01 3.634645e-01 6.908565e-01 9.131665e-02 2.083808e-01 4.870271e-01 
100 1401 0 0 0 8.073407e-01 5.261548e-01 5.720053e-01 2.727199e-01 5.218640e-01 6.711753e-01 5.812409e-01 2.930376e-01 4.642079e-01 7.167629e-01 2.241583e-01 3.208925e-01 9.273670e-01 7.092560e-01 3.916736e-01 5.339616e-01 7.955252e-01 1.472238e-01 6.037818e-01 4.779653e-01 4.157684e-01 5.369885e-01 1.518983e-01 6.345070e-01 4.605369e-01 5.571660e-01 5.904844e-01 6.669158e-01 6.049665e-01 3.680051e-01 6.544451e-01 1.367399e-02 2.175120e-01 6.053890e-01 
101 1415 0 0 0 8.330238e-01 5.293488e-01 5.407669e-01 1.505055e-01 4.259047e-01 7.020599e-01 5.957608e-01 1.881485e-01 4.755872e-01 8.048166e-01 3.173024e-01 3.789413e-01 9.286087e-01 7.983641e-01 4.621163e-01 5.946638e-01 8.298066e-01 2.742956e-02 6.183701e-01 5.981434e-01 3.616561e-01 5.424248e-01 1.625929e-01 6.003590e-01 3.439668e-01 5.608435e-01 6.901485e-01 7.563017e-01 6.678270e-01 3.335621e-01 6.648061e-01 -2.543739e-02 3.184544e-01 5.938346e-01 
102 1429 0 0 0 7.599242e-01 5.131558e-01 4.930687e-01 1.921795e-01 3.895881e-01 7.360257e-01 6.276464e-01 2.306052e-01 5.040194e-01 8.060162e-01 3.873786e-01 3.968938e-01 8.938703e-01 7.486184e-01 6.028315e-01 5.578930e-01 7.740468e-01 1.156470e-01 6.495983e-01 4.964512e-01 2.658958e-01 4.787931e-01 1.779528e-01 6.391599e-01 3.672458e-01 6.340655e-01 7.516815e-01 7.740355e-01 6.722975e-01 3.226804e-01 6.653051e-01 -1.624759e-02 2.643250e-01 5.147461e-01 
103 1443 0 0 0 7.493112e-01 6.183525e-01 5.381458e-01 2.374366e-01 2.953439e-01 6.737359e-01 6.951424e-01 2.312532e-01 4.426029e-01 9.086262e-01 3.402408e-01 3.325335e-01 9.073338e-01 7.011628e-01 6.262317e-01 5.430687e-01 7.615699e-01 1.762401e-01 7.665685e-01 4.729430e-01 3.603179e-01 5.125611e-01 1.519006e-01 5.927291e-01 5.098443e-01 6.416333e-01 7.277479e-01 8.997113e-01 7.311481e-01 2.384928e-01 7.274879e-01 1.015058e-01 3.527547e-01 4.550388e-01 
104 1457 0 0 0 8.166744e-01 6.643855e-01 5.332457e-01 2.347863e-01 4.141600e-01 6.699865e-01 6.158932e-01 1.967367e-01 4.771385e-01 8.967576e-01 3.308682e-01 2.536482e-01 8.292288e-01 7.880203e-01 6.103198e-01 5.194487e-01 7.220288e-01 2.806385e-01 7.062228e-01 6.234036e-01 3.982099e-01 4.639037e-01 2.347598e-01 5.082440e-01 4.544414e-01 6.587412e-01 6.796264e-01 8.255187e-01 6.975547e-01 1.854395e-01 6.535731e-01 1.976780e-01 2.149387e-01 4.949937e-01 
105 1471 0 0 0 7.580300e-01 6.047609e-01 5.438661e-01 2.410397e-01 2.976463e-01 7.107664e-01 4.948875e-01 1.706244e-01 4.592724e-01 7.868328e-01 4.290589e-01 2.492267e-01 6.920517e-01 7.817384e-01 5.878487e-01 4.622845e-01 8.027535e-01 2.281804e-01 8.006215e-01 6.519659e-01 4.849065e-01 4.968250e-01 2.057079e-01 4.502328e-01 4.482478e-01 7.274334e-01 6.085398e-01 8.056617e-01 7.602899e-01 2.341526e-01 7.066459e-01 2.284056e-01 2.276780e-01 5.710246e-01 
106 1485 0 0 0 9.421568e-01 6.786482e-01 5.779514e-01 2.820119e-01 3.529006e-01 7.099486e-01 5.411381e-01 1.764996e-01 3.732095e-01 7.625476e-01 2.467862e-01 3.025752e-01 5.528363e-01 6.790408e-01 5.217186e-01 4.415391e-01 7.651714e-01 2.101938e-01 8.767213e-01 6.412550e-01 3.766330e-01 7.206911e-01 3.300100e-01 3.937757e-01 5.304533e-01 4.978278e-01 6.882364e-01 7.872872e-01 7.338104e-01 2.680216e-01 6.816680e-01 2.101356e-01 2.680343e-01 5.555972e-01 
107 1499 0 0 0 9.045222e-01 6.553368e-01 5.360227e-01 2.872047e-01 2.800653e-01 7.273712e-01 6.104542e-01 1.185272e-01 4.479387e-01 5.377119e-01 1.250448e-01 3.455063e-01 5.206723e-01 7.499674e-01 5.665052e-01 3.807068e-01 8.108324e-01 1.972633e-01 8.578936e-01 6.850339e-01 2.848507e-01 7.738374e-01 2.878131e-01 4.548051e-01 4.852925e-01 4.416396e-01 6.154896e-01 6.502276e-01 8.138318e-01 2.020066e-01 6.956096e-01 1.995581e-01 2.109637e-01 6.321172e-01 
108 1513 0 0 0 7.850709e-01 6.708813e-01 5.683185e-01 3.447091e-01 2.660534e-01 7.125537e-01 6.266577e-01 1.063716e-01 4.029487e-01 4.590487e-01 2.030910e-01 3.368585e-01 5.403434e-01 7.057438e-01 5.749672e-01 2.965571e-01 8.877647e-01 2.771626e-01 6.743723e-01 7.657389e-01 2.846010e-01 8.627076e-01 2.423811e-01 5.399648e-01 4.072925e-01 4.561603e-01 5.458326e-01 5.470923e-01 8.591667e-01 3.578622e-01 7.584510e-01 1.456730e-01 2.120492e-01 6.605780e-01 
109 1527 0 0 0 8.366199e-01 7.881427e-01 6.908086e-01 2.358240e-01 3.657442e-01 7.310750e-01 5.560090e-01 2.181204e-01 3.734405e-01 4.309067e-01 3.781136e-01 4.095789e-01 5.982971e-01 7.385233e-01 4.731940e-01 2.373556e-01 7.617691e-01 2.362714e-01 6.970284e-01 7.544021e-01 2.824346e-01 9.488359e-01 3.994593e-01 4.202321e-01 4.705946e-01 4.943897e-01 4.357186e-01 4.291358e-01 7.337234e-01 4.175694e-01 7.875299e-01 1.906383e-01 1.991545e-01 6.598716e-01 
110 1541 0 0 0 8.513641e-01 7.360686e-01 5.651533e-01 1.721238e-01 3.040090e-01 7.168650e-01 4.516218e-01 1.657705e-01 3.899379e-01 3.908914e-01 4.106058e-01 5.266819e-01 4.587643e-01 6.606448e-01 3.949312e-01 2.989705e-01 7.945033e-01 2.380992e-01 6.740464e-01 7.746385e-01 1.994537e-01 8.022660e-01 2.637132e-01 4.282109e-01 5.543887e-01 4.407355e-01 3.092124e-01 3.522227e-01 6.582482e-01 4.266288e-01 7.006473e-01 2.125078e-01 1.283904e-01 7.789682e-01 
111 1555 0 0 0 8.159788e-01 7.288507e-01 5.423371e-01 3.196462e-01 2.632604e-01 7.912915e-01 5.772149e-01 2.695209e-01 4.254025e-01 3.214582e-01 3.916546e-01 6.380670e-01 4.625647e-01 6.674968e-01 4.675949e-01 2.133897e-01 7.679026e-01 2.898982e-01 7.140997e-01 7.048224e-01 3.852704e-01 7.319188e-01 3.487746e-01 3.586946e-01 5.879904e-01 5.321299e-01 3.200924e-01 3.581154e-01 6.656087e-01 5.274875e-01 6.698032e-01 3.780531e-01 2.671946e-01 6.716653e-01 
112 1569 0 0 0 7.480525e-01 8.004807e-01 7.096287e-01 3.741524e-01 2.322758e-01 7.595425e-01 4.779850e-01 2.647780e-01 4.507197e-01 4.100466e-01 4.138308e-01 5.564833e-01 4.507971e-01 5.588012e-01 5.371600e-01 2.225673e-01 6.551356e-01 2.453674e-01 6.166674e-01 8.155165e-01 3.308199e-01 7.916839e-01 1.973037e-01 4.406190e-01 5.211229e-01 5.416216e-01 2.946060e-01 2.930487e-01 8.416206e-01 4.063414e-01 6.801479e-01 3.656173e-01 2.354135e-01 7.344362e-01 
113 1583 0 0 0 7.335382e-01 8.011966e-01 7.306569e-01 4.233748e-01 2.637622e-01 7.446987e-01 5.337313e-01 1.885572e-01 4.148430e-01 3.043996e-01 4.444013e-01 6.453617e-01 3.712420e-01 5.763494e-01 5.088582e-01 3.020539e-01 7.654869e-01 1.630786e-01 5.852276e-01 8.545318e-01 4.826962e-01 7.060394e-01 2.026837e-01 5.386414e-01 6.112517e-01 6.234827e-01 3.408216e-01 3.279762e-01 7.782799e-01 4.082475e-01 5.189081e-01 4.452264e-01 3.457145e-01 7.215649e-01 
114 1597 0 0 0 7.107949e-01 7.324795e-01 7.166258e-01 3.581312e-01 2.775471e-01 6.887336e-01 4.486962e-01 1.912047e-01 3.721671e-01 3.015109e-01 3.944377e-01 5.535179e-01 3.752200e-01 5.554851e-01 3.548119e-01 2.636439e-01 7.662992e-01 1.589578e-01 5.884773e-01 8.076802e-01 6.110161e-01 5.473425e-01 2.796397e-01 6.850041e-01 5.822425e-01 6.534369e-01 3.584045e-01 4.249594e-01 6.857972e-01 4.944345e-01 4.659002e-01 5.159946e-01 3.949672e-01 6.831949e-01 
115 1611 0 0 0 6.614954e-01 6.808289e-01 6.993828e-01 4.152221e-01 3.792671e-01 6.808484e-01 5.547370e-01 1.474125e-01 2.236095e-01 3.010032e-01 2.700409e-01 3.088645e-01 3.549811e-01 3.550164e-01 4.142549e-01 3.863632e-01 6.958372e-01 3.226427e-01 5.105829e-01 8.323134e-01 6.682913e-01 6.291160e-01 4.219139e-01 7.418957e-01 6.289207e-01 4.674584e-01 3.088920e-01 5.589035e-01 7.245351e-01 7.428393e-01 6.390100e-01 5.800300e-01 4.952357e-01 7.321474e-01 
116 1625 0 0 0 6.523074e-01 6.058493e-01 6.274054e-01 4.008288e-01 3.152147e-01 7.988817e-01 6.548294e-01 2.030630e-01 2.462540e-01 4.482960e-01 3.321498e-01 3.530417e-01 2.974166e-01 3.902032e-01 5.378739e-01 2.299724e-01 6.736135e-01 2.190643e-01 6.646224e-01 7.979397e-01 7.470304e-01 5.603376e-01 5.456737e-01 6.690814e-01 5.762845e-01 3.748280e-01 4.432659e-01 5.252781e-01 6.094457e-01 7.403410e-01 6.796176e-01 5.980533e-01 4.120205e-01 6.914425e-01 
117 1639 0 0 0 5.086541e-01 5.217144e-01 5.903193e-01 5.411249e-01 2.810447e-01 7.813054e-01 6.463073e-01 2.375611e-01 1.587310e-01 4.219764e-01 3.049391e-01 4.346438e-01 2.916373e-01 4.525468e-01 5.380938e-01 3.500015e-01 6.518261e-01 3.154885e-01 6.272081e-01 7.720624e-01 7.599722e-01 3.916762e-01 4.461501e-01 6.446717e-01 4.555977e-01 3.175437e-01 6.418143e-01 5.623724e-01 4.305023e-01 6.331645e-01 6.555191e-01 7.020384e-01 5.456756e-01 6.151019e-01 
118 1653 0 0 0 6.855577e-01 4.099967e-01 6.443275e-01 5.661881e-01 3.244386e-01 7.923555e-01 5.945436e-01 3.247310e-01 6.147851e-02 4.007584e-01 1.336205e-01 2.830203e-01 3.991130e-01 3.572644e-01 5.292557e-01 3.393815e-01 6.758690e-01 3.249281e-01 5.865017e-01 5.866946e-01 7.441706e-01 5.145052e-01 4.861239e-01 5.429998e-01 3.394159e-01 4.761203e-01 5.853084e-01 5.385688e-01 4.132690e-01 5.369937e-01 7.369197e-01 7.105319e-01 3.672172e-01 6.319578e-01 
119 1667 0 0 0 6.553192e-01 3.691206e-01 5.416989e-01 5.019771e-01 3.065471e-01 7.657146e-01 7.294454e-01 3.668945e-01 2.401978e-01 4.437355e-01 1.468669e-01 2.990596e-01 3.527011e-01 3.083442e-01 6.451667e-01 3.665040e-01 6.554389e-01 3.644753e-01 7.194949e-01 5.831625e-01 7.725148e-01 5.302653e-01 5.749008e-01 3.262027e-01 3.904081e-01 4.652685e-01 5.651841e-01 5.260884e-01 3.117855e-01 5.482891e-01 4.802560e-01 7.759593e-01 3.132916e-01 7.229439e-01 
120 1681 0 0 0 6.203286e-01 4.155724e-01 4.320946e-01 5.237302e-01 2.905865e-01 7.607137e-01 6.104644e-01 3.663421e-01 2.531530e-01 4.556810e-01 2.148640e-01 2.960608e-01 2.935841e-01 2.767574e-01 6.009187e-01 4.045299e-01 6.345652e-01 4.579544e-01 6.484318e-01 5.700769e-01 8.088824e-01 3.582095e-01 5.069759e-01 2.791833e-01 2.560377e-01 3.946918e-01 6.061643e-01 4.445431e-01 2.636162e-01 5.539025e-01 4.208536e-01 6.609255e-01 4.260563e-01 6.744789e-01 
121 1695 0 0 0 5.749131e-01 3.653311e-01 4.583164e-01 4.908468e-01 2.931742e-01 8.402277e-01 6.004606e-01 2.634278e-01 3.004396e-01 4.498853e-01 6.784183e-02 2.691485e-01 2.608944e-01 4.104773e-01 6.314266e-01 4.031177e-01 5.936418e-01 3.295019e-01 4.986412e-01 6.056577e-01 8.682528e-01 2.759116e-01 5.146183e-01 1.616106e-01 2.229411e-01 3.380020e-01 5.766778e-01 4.653925e-01 2.596843e-01 5.969211e-01 4.516460e-01 6.823467e-01 4.223752e-01 7.007109e-01 
122 1709 0 0 0 3.911994e-01 4.005747e-01 6.072045e-01 3.282051e-01 4.258845e-01 8.970783e-01 7.361968e-01 2.551951e-01 6.012291e-01 3.838814e-01 1.188828e-01 1.917704e-01 2.541236e-01 3.996972e-01 6.566975e-01 4.309848e-01 7.128745e-01 1.924930e-01 5.133023e-01 6.021974e-01 7.839933e-01 1.970058e-01 3.578104e-01 2.910664e-01 2.754921e-01 3.094186e-01 5.013154e-01 1.727012e-01 4.350987e-01 5.063592e-01 6.180841e-01 8.150174e-01 3.734394e-01 7.097816e-01 
123 1723 0 0 0 5.155362e-01 2.390677e-01 5.279718e-01 1.490829e-01 4.538790e-01 8.945108e-01 8.835499e-01 2.044179e-01 4.186954e-01 3.236488e-01 2.141049e-01 2.684612e-01 2.700969e-01 3.744210e-01 5.733581e-01 3.438217e-01 6.500236e-01 1.371132e-01 5.766473e-01 5.759870e-01 7.164933e-01 2.715301e-01 2.899826e-01 2.282722e-01 3.732397e-01 4.512842e-01 6.134027e-01 2.169406e-01 4.331265e-01 5.054886e-01 7.560184e-01 7.154920e-01 4.367879e-01 5.825915e-01 
124 1737 0 0 0 5.829619e-01 2.516486e-01 4.948855e-01 1.105059e-01 3.838967e-01 9.492837e-01 7.971551e-01 3.524513e-01 5.329598e-01 2.899673e-01 2.656223e-01 4.387335e-01 1.101076e-01 3.225982e-01 6.142475e-01 4.109243e-01 7.287805e-01 2.432796e-01 6.437112e-01 7.695222e-01 4.891804e-01 1.863461e-01 3.004682e-01 2.487165e-01 4.840340e-01 6.664427e-01 5.825268e-01 2.714376e-01 5.074757e-01 2.749626e-01 6.328567e-01 8.336526e-01 4.172509e-01 5.492176e-01 
125 1751 0 0 0 4.886116e-01 2.682620e-01 2.658639e-01 2.558080e-01 2.056951e-01 7.649749e-01 8.557080e-01 4.734841e-01 5.859360e-01 2.635667e-01 2.987882e-01 3.293378e-01 7.174919e-02 3.624788e-01 5.678780e-01 3.932878e-01 7.852139e-01 2.062276e-01 7.100776e-01 6.225905e-01 4.675688e-01 2.404729e-01 3.976842e-01 3.164845e-01 3.681042e-01 4.439315e-01 8.246080e-01 1.591060e-01 4.754516e-01 3.988381e-01 7.031296e-01 9.106290e-01 4.007508e-01 5.238305e-01 
126 1765 0 0 0 5.728247e-01 2.933749e-01 1.732490e-01 1.266458e-01 1.521380e-01 8.198083e-01 7.640408e-01 3.762689e-01 6.057642e-01 3.254764e-01 3.612413e-01 3.587828e-01 2.052889e-01 4.404255e-01 5.449203e-01 2.933911e-01 8.105768e-01 3.038979e-01 7.821662e-01 5.446853e-01 4.729702e-01 1.859666e-01 2.291783e-01 2.704498e-01 2.607193e-01 4.536813e-01 7.095827e-01 3.650753e-02 4.543529e-01 4.560620e-01 6.590664e-01 9.085400e-01 1.576856e-01 3.836439e-01 
127 1779 0 0 0 6.799717e-01 2.989810e-01 1.544686e-01 2.076170e-01 3.474094e-02 8.332666e-01 5.684791e-01 4.543045e-01 6.330145e-01 4.360753e-01 2.287699e-01 3.266300e-01 3.818246e-01 5.499394e-01 5.272503e-01 4.015711e-01 8.805983e-01 4.091252e-01 8.475784e-01 4.828589e-01 5.283245e-01 8.757570e-02 1.946932e-01 1.757057e-01 2.243652e-01 4.598313e-01 6.341892e-01 7.893276e-02 4.529412e-01 4.627389e-01 7.783680e-01 6.587684e-01 2.568877e-01 4.843846e-01 
128 1793 0 0 0 6.538610e-01 3.104796e-01 1.964028e-01 3.403372e-01 1.222442e-01 8.155899e-01 5.230511e-01 5.195198e-01 6.960033e-01 5.442889e-01 7.836747e-02 2.433727e-01 2.366216e-01 5.126505e-01 6.406976e-01 4.662110e-01 8.275153e-01 2.468760e-01 7.564752e-01 3.525646e-01 4.730261e-01 6.048236e-02 1.884556e-01 1.236333e-01 1.727101e-01 3.929155e-01 6.606288e-01 1.774094e-01 5.332405e-01 5.096375e-01 8.738760e-01 6.052715e-01 3.643443e-01 6.253818e-01 
129 1807 0 0 0 6.799901e-01 3.350205e-01 1.861704e-01 3.045666e-01 1.646352e-01 8.051187e-01 5.429963e-01 5.510744e-01 7.819225e-01 5.100658e-01 1.600978e-01 2.923067e-01 1.768045e-01 4.389612e-01 5.677906e-01 2.043160e-01 7.124450e-01 3.302866e-01 8.359812e-01 1.877706e-01 6.224979e-01 4.903741e-02 4.415933e-01 1.528635e-01 1.930412e-01 2.451082e-01 5.767896e-01 1.014706e-01 4.388316e-01 4.492628e-01 8.372209e-01 6.887471e-01 3.527467e-01 6.985568e-01 
130 1821 0 0 0 7.345400e-01 4.109578e-01 1.859112e-01 3.427828e-01 2.041805e-01 6.615298e-01 5.749030e-01 4.893749e-01 7.708772e-01 4.752412e-01 3.970277e-01 3.065131e-01 1.757692e-01 5.179284e-01 5.319738e-01 1.598881e-01 7.294463e-01 3.696348e-01 7.933543e-01 9.843503e-02 7.149048e-01 1.739563e-01 4.110491e-01 2.195135e-01 2.889231e-01 3.368331e-01 5.814822e-01 1.246045e-01 4.274310e-01 4.695366e-01 8.995517e-01 7.824244e-01 3.926669e-01 5.605251e-01 
131 1835 0 0 0 7.598279e-01 3.058401e-01 2.759397e-01 3.196911e-01 1.947885e-01 6.329433e-01 4.684251e-01 3.766161e-01 7.147860e-01 5.516315e-01 4.944579e-01 2.095082e-01 1.544987e-01 5.178486e-01 4.512503e-01 1.356110e-01 7.014883e-01 2.940691e-01 8.251990e-01 1.078846e-01 8.262798e-01 1.917698e-01 3.095612e-01 1.842925e-01 2.631933e-01 2.026646e-01 6.603559e-01 1.090137e-01 3.891615e-01 4.252188e-01 9.481850e-01 7.878254e-01 2.495994e-01 6.653759e-01 
132 1849 0 0 0 6.067629e-01 3.559322e-01 2.945052e-01 1.923186e-01 1.514498e-01 5.600946e-01 5.327091e-01 3.536580e-01 6.018314e-01 5.233250e-01 4.574550e-01 8.009082e-02 3.193813e-01 5.824460e-01 4.974141e-01 1.066333e-01 7.172569e-01 2.091275e-01 7.178934e-01 1.593724e-01 7.249131e-01 1.541388e-01 4.082140e-01 2.756394e-01 1.601856e-01 2.192010e-01 5.404434e-01 1.186532e-01 3.912549e-01 3.523844e-01 9.056463e-01 7.155650e-01 1.297888e-01 7.068588e-01 
133 1863 0 0 0 4.963642e-01 3.361920e-01 2.125747e-01 3.160683e-01 7.666505e-02 6.321213e-01 5.744368e-01 4.736001e-01 5.829052e-01 4.318940e-01 6.051236e-01 6.907412e-02 4.083618e-01 5.804507e-01 4.199776e-01 6.962215e-02 6.329020e-01 1.707172e-01 6.885257e-01 1.829513e-01 7.402741e-01 6.127137e-02 3.008679e-01 3.264562e-01 2.294484e-01 2.362268e-01 5.868038e-01 1.761900e-01 5.052902e-01 4.116395e-01 8.953354e-01 5.781677e-01 9.815032e-02 6.854167e-01 
134 1877 0 0 0 4.554755e-01 2.194569e-01 2.689903e-01 3.580975e-01 1.827956e-01 5.701813e-01 5.786495e-01 3.786747e-01 6.279718e-01 5.462141e-01 5.069902e-01 1.497782e-01 3.254081e-01 6.568720e-01 4.358810e-01 1.092202e-01 7.011541e-01 1.626307e-01 5.530272e-01 1.828889e-01 6.522322e-01 9.056470e-02 2.686300e-01 3.857318e-01 1.662402e-01 2.922283e-01 5.773516e-01 2.062188e-01 4.397737e-01 3.867258e-01 9.424348e-01 4.631810e-01 7.168241e-02 6.472998e-01 
135 1891 0 0 0 4.571729e-01 2.727714e-01 2.138312e-01 3.187165e-01 2.609715e-01 6.070123e-01 5.456825e-01 2.731194e-01 7.370852e-01 5.862954e-01 4.686879e-01 3.145319e-01 2.655087e-01 7.268367e-01 3.212712e-01 1.645677e-01 6.343961e-01 1.495707e-01 5.624293e-01 1.828186e-01 6.766836e-01 1.195795e-01 3.593679e-01 4.475877e-01 9.256944e-02 4.491493e-01 5.818454e-01 2.711596e-01 4.342133e-01 4.503531e-01 8.340950e-01 4.602550e-01 1.553852e-01 5.762737e-01 
136 1905 0 0 0 4.911220e-01 3.884342e-01 2.300886e-01 4.231870e-01 1.906610e-01 4.987226e-01 4.820582e-01 2.179882e-01 6.258773e-01 5.451880e-01 4.078358e-01 3.698894e-01 2.132845e-01 8.857506e-01 3.770202e-01 1.811532e-01 5.819746e-01 1.154550e-01 5.502009e-01 1.607662e-01 5.264794e-01 1.749253e-01 3.209794e-01 3.905600e-01 7.310466e-02 3.395917e-01 5.980774e-01 4.010880e-01 4.646285e-01 4.274765e-01 8.712782e-01 4.801806e-01 2.823915e-01 6.095492e-01 
137 1919 0 0 0 4.599931e-01 4.073447e-01 2.706740e-01 4.355158e-01 1.351541e-01 4.513748e-01 5.165799e-01 1.710988e-01 5.988819e-01 5.527924e-01 4.278928e-01 3.825979e-01 3.593890e-01 7.469188e-01 5.019916e-01 2.532620e-01 6.386821e-01 1.230509e-01 5.477109e-01 1.129266e-01 5.507022e-01 1.595632e-01 2.768871e-01 5.770740e-01 8.318251e-02 4.572184e-01 6.217915e-01 4.037742e-01 5.179940e-01 3.943643e-01 8.799218e-01 5.754579e-01 2.427033e-01 6.540672e-01 
138 1933 0 0 0 4.239388e-01 4.159805e-01 1.999562e-01 4.982311e-01 2.034868e-01 4.378722e-01 6.379760e-01 1.955441e-01 5.096121e-01 5.044791e-01 3.744080e-01 4.771650e-01 3.528863e-01 7.208256e-01 4.589182e-01 2.774523e-01 6.880047e-01 1.090067e-01 5.778738e-01 1.046544e-01 5.424352e-01 1.361358e-01 2.750857e-01 5.100866e-01 6.932192e-02 3.474222e-01 5.994155e-01 2.278746e-01 4.843850e-01 3.842658e-01 9.127386e-01 5.753011e-01 2.874978e-01 5.902733e-01 
139 1947 0 0 0 5.279584e-01 4.812681e-01 3.166542e-01 4.714385e-01 2.626544e-01 4.352010e-01 6.659511e-01 1.006903e-01 4.557083e-01 4.371070e-01 3.484055e-01 5.028739e-01 3.839779e-01 6.141123e-01 5.039594e-01 3.677496e-01 7.602889e-01 1.384795e-01 6.102935e-01 3.875495e-01 2.765908e-01 1.366279e-01 1.006110e-01 5.992992e-01 1.598581e-01 5.835390e-01 6.965719e-01 3.263961e-01 4.385169e-01 3.923425e-01 9.052023e-01 3.827127e-01 3.587584e-01 6.424385e-01 
140 1961 0 0 0 5.009732e-01 4.775722e-01 3.790866e-01 4.053668e-01 2.325834e-01 5.193501e-01 6.407864e-01 1.295712e-01 5.352588e-01 4.459015e-01 3.447106e-01 4.843908e-01 2.499736e-01 5.643964e-01 4.769773e-01 2.378691e-01 6.688489e-01 2.456921e-01 5.211078e-01 2.852844e-01 4.271476e-01 1.184819e-01 1.470741e-01 6.287720e-01 2.085591e-01 5.068949e-01 7.051481e-01 3.710070e-01 4.538573e-01 5.281191e-01 9.027226e-01 4.489796e-01 3.851064e-01 7.543914e-01 
141 1975 0 0 0 5.169579e-01 6.184321e-01 3.054977e-01 4.611997e-01 2.205087e-01 5.142063e-01 7.515818e-01 1.901497e-01 4.609500e-01 3.254237e-01 5.204769e-01 5.041208e-01 2.485185e-01 4.584220e-01 4.076484e-01 3.527212e-01 5.851991e-01 3.284185e-01 3.637590e-01 2.389602e-01 5.030534e-01 2.006326e-01 3.095362e-01 4.847970e-01 2.352217e-01 3.874898e-01 7.645302e-01 3.215524e-01 3.344646e-01 4.355575e-01 7.743649e-01 4.100704e-01 3.146225e-01 6.840879e-01 
142 1989 0 0 0 4.600850e-01 6.344856e-01 3.957280e-01 5.251071e-01 2.714232e-01 5.022707e-01 6.760922e-01 1.215011e-01 4.206828e-01 3.124676e-01 4.038623e-01 5.631290e-01 2.849800e-01 5.182257e-01 4.220541e-01 3.017927e-01 4.572191e-01 3.358436e-01 3.104615e-01 2.888663e-01 4.361025e-01 3.601035e-01 3.885883e-01 3.944652e-01 2.309934e-01 4.159667e-01 8.146561e-01 3.206241e-01 3.991109e-01 4.265112e-01 7.301303e-01 5.427810e-01 3.333513e-01 6.288974e-01 
143 2003 0 0 0 4.995912e-01 7.431053e-01 3.372747e-01 4.770003e-01 1.492453e-01 5.976694e-01 5.749201e-01 2.198928e-01 3.868029e-01 2.132897e-01 1.886801e-01 5.043554e-01 2.759716e-01 5.333497e-01 3.083885e-01 3.972696e-01 5.601729e-01 3.400273e-01 2.845306e-01 5.342034e-01 4.238247e-01 4.862010e-01 3.057224e-01 2.637561e-01 2.685547e-01 5.554668e-01 7.993930e-01 2.219523e-01 2.931519e-01 3.969964e-01 7.342343e-01 4.904110e-01 3.659461e-01 4.133785e-01 
144 2017 0 0 0 4.333687e-01 6.699237e-01 3.550529e-01 5.807784e-01 1.759886e-01 5.904644e-01 6.119632e-01 1.319579e-01 4.142943e-01 3.420519e-01 1.742712e-01 3.300289e-01 1.495179e-01 3.828132e-01 3.095911e-01 3.537594e-01 5.157491e-01 3.004243e-01 2.271905e-01 6.649146e-01 2.982538e-01 5.751042e-01 1.568326e-01 3.710763e-01 2.561590e-01 6.774929e-01 8.615031e-01 2.286016e-01 1.704370e-01 3.360523e-01 5.994544e-01 6.625310e-01 5.363579e-01 3.839930e-01 
145 2031 0 0 0 3.260966e-01 7.551910e-01 5.591158e-01 4.815849e-01 1.258386e-01 5.657720e-01 5.347025e-01 2.177437e-01 5.701852e-01 3.909456e-01 1.815907e-01 2.327252e-01 1.092240e-01 2.908993e-01 3.799638e-01 4.165222e-01 5.517744e-01 2.569702e-01 3.376264e-01 5.879132e-01 2.567809e-01 6.175645e-01 1.386138e-01 3.194638e-01 3.038128e-01 7.133233e-01 7.944511e-01 4.097313e-01 2.586613e-01 4.536919e-01 4.753662e-01 7.364790e-01 5.298723e-01 3.851609e-01 
146 2045 0 0 0 4.809550e-01 6.482345e-01 6.143053e-01 5.144940e-01 1.805016e-01 6.707788e-01 5.866766e-01 1.026617e-01 5.220906e-01 3.731017e-01 2.605195e-01 2.537478e-01 7.931973e-02 2.590106e-01 4.508736e-01 4.766343e-01 6.733502e-01 2.450777e-01 3.353624e-01 7.024941e-01 3.245310e-01 6.740076e-01 1.939462e-01 2.674882e-01 3.831204e-01 6.888114e-01 8.141349e-01 5.018645e-01 2.246876e-01 6.727473e-01 4.204447e-01 5.509912e-01 2.566627e-01 2.566095e-01 
147 2059 0 0 0 5.147144e-01 6.234211e-01 5.452586e-01 5.567949e-01 1.979924e-01 6.706385e-01 8.232184e-01 9.601694e-02 6.045361e-01 2.692310e-01 1.850518e-01 2.963767e-01 1.180497e-01 3.261838e-01 5.422987e-01 4.786598e-01 8.505517e-01 2.974171e-01 3.764344e-01 6.107004e-01 3.334180e-01 6.356440e-01 1.476781e-01 2.370575e-01 2.174548e-01 7.668791e-01 8.617473e-01 4.312450e-01 3.064374e-01 5.911411e-01 3.960044e-01 6.072768e-01 1.798936e-01 1.023021e-01 
148 2073 0 0 0 5.010667e-01 6.022418e-01 6.586344e-01 4.641235e-01 9.848471e-02 6.250615e-01 9.036812e-01 8.207936e-02 4.611747e-01 1.642346e-01 1.834183e-01 3.068036e-01 5.985168e-02 2.218370e-01 5.419551e-01 6.627389e-01 8.395182e-01 2.527280e-01 5.298073e-01 6.233492e-01 2.378315e-01 7.515599e-01 1.912560e-01 2.810627e-01 2.149876e-01 7.515246e-01 8.585223e-01 4.449471e-01 3.097788e-01 5.807499e-01 2.632010e-01 6.608510e-01 2.975060e-01 1.752934e-01 
149 2087 0 0 0 6.345716e-01 5.535180e-01 5.773109e-01 5.308214e-01 6.419696e-02 7.283765e-01 8.493900e-01 9.082259e-02 3.138086e-01 2.506703e-01 2.067845e-01 3.379404e-01 3.603685e-02 2.549223e-01 6.614937e-01 6.202393e-01 8.019151e-01 1.317705e-01 4.873680e-01 5.636544e-01 1.857673e-01 7.089727e-01 1.891313e-01 3.297692e-01 2.314508e-01 6.649009e-01 8.874284e-01 3.105749e-01 2.902183e-01 6.276794e-01 4.502852e-01 7.302906e-01 3.262653e-01 2.394993e-01 
150 2101 0 0 0 5.708474e-01 4.650549e-01 4.841763e-01 5.186340e-01 1.259702e-01 7.330164e-01 8.775942e-01 1.713260e-01 4.452831e-01 2.808006e-01 7.644286e-02 4.407277e-01 2.548119e-01 4.147314e-01 6.046082e-01 6.343658e-01 7.711550e-01 2.156172e-01 5.081134e-01 5.870630e-01 8.894436e-02 7.367893e-01 1.097624e-01 2.388128e-01 3.335738e-01 8.312230e-01 9.149398e-01 2.020380e-01 4.095037e-01 7.065538e-01 4.632170e-01 6.876047e-01 2.729142e-01 1.900712e-01 
151 2115 0 0 0 5.162710e-01 3.731391e-01 5.007588e-01 5.530077e-01 2.523828e-01 8.049734e-01 7.928327e-01 1.983322e-01 5.399938e-01 3.480888e-01 1.538501e-01 4.399961e-01 3.638519e-01 3.291574e-01 5.984041e-01 5.620832e-01 6.971822e-01 2.095323e-01 5.310161e-01 4.926066e-01 2.480318e-02 6.134400e-01 2.903259e-01 3.206239e-01 3.656917e-01 8.996125e-01 7.711221e-01 3.389368e-01 3.847070e-01 7.988975e-01 5.628723e-01 8.088281e-01 4.260979e-01 2.258268e-01 
152 2129 0 0 0 5.689035e-01 3.836154e-01 4.619445e-01 4.974186e-01 2.695154e-01 7.830576e-01 6.295336e-01 1.586881e-01 4.418192e-01 3.504440e-01 1.366501e-01 2.737712e-01 3.439568e-01 3.708257e-01 6.210340e-01 5.323790e-01 6.084405e-01 2.476793e-01 4.985428e-01 4.849034e-01 9.758093e-02 7.007102e-01 3.053662e-01 3.437943e-01 3.168959e-01 7.717972e-01 6.676531e-01 2.996587e-01 3.865562e-01 7.873492e-01 6.884238e-01 7.885290e-01 4.282149e-01 4.139575e-01 
153 2143 0 0 0 6.121888e-01 3.653987e-01 5.453012e-01 6.557521e-01 1.389954e-01 8.055795e-01 4.626016e-01 1.412495e-01 4.558752e-01 4.028022e-01 2.363766e-01 2.451419e-01 3.588398e-01 4.415306e-01 6.647350e-01 3.915456e-01 6.860888e-01 2.872676e-01 4.464800e-01 6.034987e-01 2.454065e-01 7.096692e-01 2.003705e-01 2.243447e-01 3.315885e-01 7.193242e-01 6.261538e-01 3.482847e-01 3.232883e-01 8.286191e-01 7.132441e-01 7.549761e-01 3.940569e-01 3.750666e-01 
154 2157 0 0 0 6.487572e-01 2.863579e-01 6.355093e-01 7.259668e-01 1.909079e-01 7.254392e-01 3.954744e-01 1.743573e-01 4.577413e-01 4.763019e-01 2.543168e-01 2.168245e-01 3.951322e-01 4.828746e-01 6.827749e-01 4.627110e-01 6.847423e-01 3.524038e-01 3.835746e-01 5.723032e-01 1.676642e-01 6.969069e-01 2.835119e-01 1.321118e-01 4.258042e-01 6.205654e-01 6.734467e-01 5.326051e-01 2.923494e-01 8.239536e-01 7.950346e-01 6.493305e-01 3.350656e-01 3.197992e-01 
155 2171 0 0 0 5.842578e-01 4.169746e-01 6.284957e-01 6.784327e-01 1.429109e-01 7.900938e-01 4.640601e-01 1.779420e-01 5.133270e-01 5.193355e-01 2.735375e-01 2.860771e-01 4.641984e-01 5.597227e-01 6.823975e-01 3.831470e-01 6.407704e-01 4.603465e-01 3.095296e-01 5.818749e-01 2.234614e-01 6.783498e-01 2.831269e-01 2.131032e-01 3.992179e-01 5.578647e-01 6.105506e-01 4.387099e-01 3.652765e-01 7.952433e-01 8.081680e-01 5.164855e-01 2.758715e-01 4.755401e-01 
